[name]
unknown

[dist]
# distance from previous block
# <min> <max>
0	24

[block]
# block no. 0 follows, 2894 sequences, length 6
# corresponding to MSA columns:
# 177-180,184,186
name=unknown_A
#
# <colnr> <probs for GDERKNQSTAVLIFYWHMCP>
#	G	D	E	R	K	N	Q	S	T	A	V	L	I	F	Y	W	H	M	C	P
0	0.01182	0.05557	0.01930	0.01252	0.05991	0.02232	0.01533	0.04299	0.07055	0.04922	0.02222	0.10954	0.02016	0.00027	0.02831	4.9e-05	0.01035	0.41124	0.00010	0.03825
1	0.02573	0.03953	0.02291	0.03101	0.40135	0.05401	0.02223	0.06474	0.07896	0.04771	0.01358	0.06115	0.02605	0.02411	0.03447	4.4e-05	0.00945	0.00962	7.9e-05	0.03325
2	0.01063	0.01268	0.01224	0.04260	0.08501	0.02241	0.02642	0.05395	0.03709	0.26689	0.07855	0.07827	0.12651	0.01731	0.02501	4.3e-05	0.00011	0.04480	0.00011	0.05938
3	0.05092	0.03806	0.10443	0.01500	0.20779	0.05466	0.04924	0.13914	0.06188	0.08925	0.03733	0.01882	0.06150	0.01062	0.01139	3.9e-05	0.02109	0.00956	8.7e-05	0.01919
4	0.03170	0.19262	0.46664	0.01370	0.10088	0.05045	0.02765	0.03101	0.01721	0.01660	0.01356	0.00028	0.00019	0.00012	0.00011	3.5e-05	0.00016	0.02039	6.1e-05	0.01663
5	0.00018	0.02254	0.01035	0.00019	0.03695	0.01036	0.00999	0.01031	0.01248	0.02561	0.05740	0.52791	0.14670	0.04584	0.02184	0.01016	0.01214	0.01667	0.02227	0.00011

[dist]
# distance from previous block
# <min> <max>
7	13

[block]
# block no. 1 follows, 2894 sequences, length 11
# corresponding to MSA columns:
# 204-210,212-215
name=unknown_B
#
# <colnr> <probs for GDERKNQSTAVLIFYWHMCP>
#	G	D	E	R	K	N	Q	S	T	A	V	L	I	F	Y	W	H	M	C	P
0	0.00016	0.00011	0.00015	0.01115	0.00949	0.00011	0.01058	0.00018	0.00024	0.01134	0.01228	0.76115	0.09620	0.02367	0.00016	4.9e-05	7.5e-05	0.04522	0.01757	0.00010
1	0.01514	0.06541	0.08730	0.06156	0.11598	0.14667	0.09912	0.03103	0.05016	0.07443	0.08271	0.07694	0.04051	0.00630	0.01652	4.1e-05	0.01618	0.01375	8.3e-05	0.00015
2	0.02999	0.12209	0.27811	0.01504	0.13066	0.03802	0.07501	0.02674	0.04979	0.14780	0.02199	0.01086	0.01206	0.00631	0.00851	3.8e-05	0.01468	0.00558	7.7e-05	0.00665
3	0.00589	0.01419	0.23536	0.10884	0.25193	0.02752	0.09354	0.00675	0.03292	0.04524	0.00866	0.08288	0.01886	0.01442	0.00633	4.1e-05	0.02505	0.02137	7e-05	0.00016
4	0.00855	0.00582	0.05501	0.01247	0.01013	0.00799	0.00634	0.00615	0.00592	0.01594	0.07300	0.57465	0.17251	0.00626	0.00593	4.6e-05	0.01377	0.01930	0.00011	0.00011
5	0.03708	0.08620	0.12879	0.04098	0.15423	0.07476	0.03904	0.03460	0.02517	0.09365	0.06428	0.13383	0.04493	0.00949	0.00607	4e-05	0.01578	0.01083	8.5e-05	0.00015
6	0.03727	0.13154	0.32654	0.00914	0.06249	0.09211	0.05152	0.07154	0.01429	0.11407	0.02059	0.02556	0.01321	0.00014	0.00583	3.7e-05	0.00585	0.00612	0.01199	0.00017
7	0.00801	0.00020	0.06783	0.01812	0.06029	0.00679	0.03623	0.04549	0.02936	0.11846	0.02133	0.46433	0.01097	0.03622	0.03996	0.00614	0.01168	0.01098	0.00749	0.00013
8	0.00815	0.00604	0.04693	0.14039	0.46381	0.01622	0.07090	0.01574	0.02438	0.01544	0.01910	0.14042	0.00030	0.00728	0.01018	4.1e-05	0.00768	0.00678	7.1e-05	0.00016
9	0.01394	0.03316	0.19791	0.12284	0.31456	0.01865	0.05230	0.03118	0.02593	0.10224	0.02102	0.03820	0.00744	0.00013	0.00012	3.8e-05	0.00836	0.01171	7.4e-05	0.00017
10	0.00761	0.03117	0.58502	0.01489	0.05765	0.06811	0.05327	0.01908	0.02655	0.08116	0.01277	0.01646	0.01065	0.00013	0.00808	3.9e-05	0.00702	0.00010	6.6e-05	0.00017

[dist]
# distance from previous block
# <min> <max>
0	2

[block]
# block no. 2 follows, 2894 sequences, length 9
# corresponding to MSA columns:
# 218-226
name=unknown_C
#
# <colnr> <probs for GDERKNQSTAVLIFYWHMCP>
#	G	D	E	R	K	N	Q	S	T	A	V	L	I	F	Y	W	H	M	C	P
0	0.00785	0.00016	0.01933	0.01144	0.00027	0.00016	0.14903	0.01143	0.00773	0.01590	0.00945	0.50487	0.03187	0.02167	0.17138	0.01151	0.01732	0.00844	9.2e-05	0.00011
1	0.00988	0.02618	0.01810	0.04755	0.00926	0.07322	0.02670	0.01952	0.02259	0.05042	0.03098	0.05891	0.02748	0.50867	0.00928	0.01112	0.01222	0.03136	0.00645	0.00011
2	0.02433	0.11416	0.09951	0.05531	0.12465	0.27127	0.12687	0.05032	0.05564	0.02308	0.00842	0.00881	0.00837	0.00673	0.00735	3.7e-05	0.00792	0.00700	6.9e-05	0.00016
3	0.00019	0.01865	0.00019	0.00973	0.03681	0.01634	0.01207	0.02443	0.01161	0.02700	0.01790	0.62326	0.04357	0.02765	0.01561	5.1e-05	0.01095	0.10376	0.00011	0.00011
4	0.00025	0.00024	0.01494	0.58432	0.21166	0.03411	0.02052	0.01110	0.01471	0.01259	0.04410	0.01320	0.01554	0.00013	0.00012	3.9e-05	0.01162	0.00012	0.01053	0.00015
5	0.00019	0.00013	0.00017	0.01202	0.00019	0.01364	0.01351	0.01070	0.00023	0.01577	0.02666	0.16328	0.09911	0.40540	0.01286	7.7e-05	0.01167	0.20558	0.00873	9.6e-05
6	0.01406	0.03319	0.03149	0.02078	0.15353	0.10891	0.43283	0.04056	0.02006	0.08965	0.00026	0.00960	0.00020	0.01753	0.01775	4.2e-05	0.00920	0.00012	7.2e-05	0.00017
7	0.00736	0.00815	0.01556	0.03882	0.16589	0.05953	0.05881	0.02471	0.01226	0.09122	0.00783	0.11024	0.00885	0.00790	0.02844	0.00691	0.32653	0.02076	7.5e-05	0.00015
8	0.06138	0.00687	0.01031	0.02670	0.11327	0.02785	0.04047	0.10931	0.02751	0.43579	0.05750	0.01614	0.02441	0.00813	0.01298	4e-05	0.01290	0.00818	0.00011	0.00018

[dist]
# distance from previous block
# <min> <max>
2	5

[block]
# block no. 3 follows, 2894 sequences, length 26
# corresponding to MSA columns:
# 235-237,240,242-249,253-266
name=unknown_D
#
# <colnr> <probs for GDERKNQSTAVLIFYWHMCP>
#	G	D	E	R	K	N	Q	S	T	A	V	L	I	F	Y	W	H	M	C	P
0	0.01293	0.00597	0.02342	0.05621	0.02939	0.00869	0.62676	0.05007	0.00903	0.00714	0.01483	0.00777	0.00469	0.00484	0.00015	0.02191	0.02314	0.00013	6.6e-05	0.09287
1	0.00301	0.00012	0.00599	0.00018	0.00784	0.00449	0.00746	0.01463	0.01480	0.00836	0.05391	0.76140	0.05311	0.01530	0.00266	4.8e-05	0.00410	0.01177	0.01086	0.01995
2	0.03812	0.13528	0.40767	0.00734	0.05622	0.04377	0.07630	0.08438	0.06455	0.03101	0.01267	0.00028	0.00435	0.00650	0.00011	3.6e-05	0.00295	9.7e-05	6.9e-05	0.02829
3	0.01304	0.03695	0.01820	0.02289	0.18227	0.50997	0.11613	0.03352	0.00775	0.01914	0.00021	0.00025	0.00017	0.00012	0.00012	3.4e-05	0.03893	9.4e-05	6.4e-05	0.00016
4	0.00029	0.00025	0.00027	0.00313	0.01325	0.05619	0.00771	0.06262	0.35516	0.00456	0.02245	0.01190	0.00597	0.01434	0.00324	3.3e-05	0.03703	0.00497	9.3e-05	0.39651
5	0.04075	0.01211	0.00699	0.03720	0.02327	0.03451	0.00691	0.16495	0.02361	0.18617	0.01431	0.03946	0.04368	0.01996	0.00021	4.4e-05	0.28391	0.05869	0.00313	0.00016
6	0.00569	0.01593	0.15409	0.33456	0.08332	0.00623	0.19004	0.00932	0.01819	0.00932	0.03058	0.10873	0.01111	0.00309	0.00604	4.1e-05	0.00399	0.00950	6.8e-05	0.00015
7	0.00444	0.00013	0.00016	0.00646	0.04793	0.00012	0.00012	0.00363	0.01332	0.00759	0.08306	0.30690	0.33103	0.12551	0.00847	5.4e-05	8e-05	0.05032	0.00602	0.00466
8	0.04293	0.00386	0.00393	0.35647	0.38993	0.01335	0.01913	0.05858	0.02382	0.01381	0.00584	0.00480	0.03098	0.00013	0.00012	0.00231	0.01048	0.00321	0.00330	0.01301
9	0.01787	0.02052	0.18309	0.05350	0.12085	0.05725	0.13133	0.04284	0.07316	0.09854	0.03671	0.04368	0.03299	0.01284	0.00250	4e-05	0.06204	0.00765	0.00245	0.00016
10	0.00286	0.00290	0.00334	0.00405	0.01682	0.01218	0.00790	0.02818	0.10290	0.11076	0.46540	0.11589	0.08327	0.00479	0.00014	4e-05	0.01240	0.02593	0.00012	0.00013
11	0.00632	0.00024	0.00039	0.70438	0.24221	0.00674	0.00816	0.00771	0.00025	0.00033	0.00021	0.00031	0.00017	0.00012	0.00013	3.9e-05	0.02200	0.00011	5.5e-05	0.00015
12	0.00521	0.00024	0.00039	0.59055	0.27561	0.01423	0.01715	0.00427	0.00628	0.00532	0.00415	0.00459	0.00957	0.00013	0.00014	3.9e-05	0.06182	0.00011	5.7e-05	0.00015
13	0.01136	0.42513	0.10495	0.04374	0.06031	0.12201	0.02585	0.05771	0.07123	0.01761	0.00358	0.02131	0.00343	0.00277	0.00952	0.00295	0.00246	0.01387	6.7e-05	0.00016
14	0.00448	0.00012	0.00013	0.00472	0.00017	0.00011	9.9e-05	0.00018	0.00472	0.01188	0.07558	0.11112	0.77019	0.00031	0.00481	4.2e-05	6.4e-05	0.01105	0.00011	0.00010
15	0.01549	0.00021	0.00028	0.00021	0.00030	0.00018	0.00018	0.01987	0.00034	0.93904	0.00046	0.00040	0.00029	0.00016	0.02196	4e-05	0.00011	0.00012	0.00014	0.00020
16	0.00024	0.00024	0.02223	0.76174	0.05400	0.00027	0.10718	0.00683	0.00496	0.00510	0.01089	0.00470	0.00018	0.00012	0.00390	4e-05	0.00585	0.00598	0.00540	0.00014
17	0.00017	0.00012	0.00015	0.00015	0.00018	0.00011	0.00011	0.00838	0.01155	0.02796	0.27895	0.22998	0.36487	0.00740	0.00015	4.3e-05	6.7e-05	0.06292	0.00663	0.00011
18	0.00027	0.00026	0.01878	0.03293	0.46334	0.09627	0.03648	0.00615	0.00027	0.02279	0.00034	0.19965	0.00492	0.00456	0.07974	5.2e-05	0.00529	0.02263	0.00512	0.00015
19	0.00428	0.00026	0.00027	0.00024	0.00031	0.00398	0.00353	0.03484	0.88917	0.00496	0.00047	0.00671	0.00340	0.00629	0.00791	4.2e-05	0.01757	0.01132	0.00426	0.00019
20	0.00020	0.00650	0.10292	0.01437	0.00332	0.00014	0.00382	0.00026	0.01612	0.07961	0.32362	0.12889	0.25434	0.03357	0.01201	4.5e-05	8.5e-05	0.01996	0.00011	0.00012
21	0.00019	0.00016	0.05032	0.00894	0.01690	0.00292	0.07475	0.01091	0.00279	0.03686	0.01480	0.55033	0.12915	0.00375	0.00638	0.00284	9.3e-05	0.08476	0.00304	0.00012
22	0.05530	0.00350	0.00331	0.31926	0.03848	0.20327	0.02834	0.06933	0.18263	0.04906	0.01139	0.00032	0.00022	0.00013	0.00012	0.00278	0.02648	0.00011	0.00303	0.00294
23	0.00907	0.01644	0.51810	0.01681	0.06011	0.03775	0.18237	0.05750	0.00438	0.06337	0.00783	0.00482	0.00420	0.00012	0.00012	0.00519	0.00726	0.00431	6.5e-05	0.00017
24	0.00447	0.00260	0.01258	0.36509	0.38067	0.02321	0.04998	0.02935	0.01962	0.01094	0.00674	0.03008	0.01349	0.00518	0.00877	4e-05	0.01127	0.02064	0.00255	0.00271
25	0.03065	0.01178	0.28636	0.05956	0.11640	0.03295	0.11486	0.04664	0.02948	0.18636	0.02345	0.01019	0.01918	0.00287	0.01521	4e-05	0.00256	0.00542	0.00330	0.00272

[dist]
# distance from previous block
# <min> <max>
0	234

# created by:
# /home/cegg/simao/soft/augustus-3.2.1/scripts/msa2prfl.pl ./align_prep/POG091H02J2.fa
