[name]
unknown

[dist]
# distance from previous block
# <min> <max>
0	76

[block]
# block no. 0 follows, 3095 sequences, length 24
# corresponding to MSA columns:
# 119-142
name=unknown_A
#
# <colnr> <probs for GDERKNQSTAVLIFYWHMCP>
#	G	D	E	R	K	N	Q	S	T	A	V	L	I	F	Y	W	H	M	C	P
0	0.00870	0.00450	0.05427	0.01468	0.06825	0.01416	0.02546	0.06121	0.00483	0.06671	0.02051	0.02039	0.03630	0.00024	0.00014	4.5e-05	0.00011	0.59450	9.7e-05	0.00489
1	0.00736	0.03179	0.05388	0.02395	0.13394	0.03574	0.12314	0.06087	0.03276	0.32870	0.07326	0.01008	0.01587	0.02199	0.00013	3.6e-05	0.00482	0.01151	9.5e-05	0.03008
2	0.09264	0.01340	0.05664	0.02044	0.22143	0.21457	0.08393	0.11810	0.05187	0.03457	0.00390	0.00606	0.00019	0.00947	0.00942	3.5e-05	0.00612	0.02152	7.1e-05	0.03563
3	0.01105	0.03564	0.18130	0.00540	0.05283	0.03888	0.57707	0.02090	0.01276	0.00036	0.00024	0.00501	0.02211	0.00011	0.00946	3.7e-05	0.00380	0.00514	5.8e-05	0.01786
4	0.00026	0.00507	0.01890	0.16217	0.55329	0.06585	0.01154	0.01160	0.01929	0.00035	0.06562	0.00341	0.05812	0.00314	0.00331	3.5e-05	0.00302	0.00386	0.01101	0.00015
5	0.00015	0.00012	0.00013	0.00013	0.01215	0.00010	9.7e-05	0.00018	0.00025	0.02787	0.01528	0.06389	0.78796	0.03573	0.00015	4.1e-05	6.4e-05	0.05552	0.00010	9.8e-05
6	0.00022	0.00020	0.00034	0.81948	0.04808	0.00024	0.04098	0.00029	0.00023	0.02536	0.00021	0.00031	0.00016	0.00015	0.04572	4.3e-05	0.00015	0.00010	0.01759	0.00013
7	0.00014	0.00011	0.00012	0.00012	0.00015	9.6e-05	8.9e-05	0.00017	0.00026	0.00031	0.07267	0.02436	0.87540	0.00028	0.00013	3.8e-05	5.8e-05	0.02529	0.00011	9.5e-05
8	0.00023	0.00021	0.01835	0.58711	0.21017	0.00024	0.00458	0.01001	0.03947	0.00032	0.00026	0.00034	0.03546	0.01300	0.02519	4e-05	0.00014	0.00011	0.05465	0.00014
9	0.00015	0.00010	0.00014	0.00016	0.00017	9.9e-05	0.00011	0.02772	0.00022	0.00030	0.01153	0.90753	0.00988	0.02543	0.00015	4.7e-05	6.8e-05	0.01601	0.00010	9.4e-05
10	0.00027	0.00027	0.03168	0.09084	0.80079	0.01270	0.02704	0.00034	0.00527	0.00035	0.00021	0.00029	0.00018	0.01758	0.00012	3.5e-05	0.00561	0.00010	0.00616	0.00017
11	0.09650	0.00022	0.00027	0.00021	0.00029	0.00022	0.00017	0.23471	0.04862	0.61703	0.00037	0.00034	0.00024	0.00013	0.00011	3.5e-05	0.00010	0.00011	0.00012	0.00018
12	0.00016	0.00012	0.00016	0.00016	0.00017	0.00013	0.00011	0.00018	0.00017	0.00024	0.00033	0.01100	0.00034	0.44684	0.52793	0.00015	0.01154	0.00014	6.4e-05	8.6e-05
13	0.00029	0.86305	0.11414	0.00021	0.00031	0.00042	0.00022	0.01976	0.00023	0.00028	0.00016	0.00019	0.00014	9.8e-05	7.7e-05	2.5e-05	0.00013	6.3e-05	4.9e-05	0.00015
14	0.00025	0.00023	0.00031	0.02671	0.01394	0.03977	0.02148	0.05733	0.00552	0.00577	0.03765	0.00032	0.01074	0.03957	0.07510	5.7e-05	0.63206	0.00011	0.03296	0.00012
15	0.03297	0.00479	0.11465	0.37438	0.20456	0.01466	0.04559	0.03354	0.02906	0.03846	0.00784	0.02911	0.01504	0.00248	0.01433	0.00447	0.02192	0.00305	0.00892	0.00014
16	0.00473	0.00012	0.00016	0.00017	0.02776	0.00012	0.01697	0.00716	0.03405	0.03557	0.13454	0.46740	0.20905	0.00029	0.00014	4.2e-05	7e-05	0.06144	0.00011	0.00011
17	0.00014	0.00010	0.00013	0.00014	0.00016	9.4e-05	9.9e-05	0.00016	0.00024	0.00031	0.13650	0.57078	0.29011	0.00031	0.00014	4.2e-05	6.1e-05	0.00028	0.00011	9.4e-05
18	0.00029	0.90327	0.05796	0.00022	0.03572	0.00043	0.00021	0.00034	0.00023	0.00027	0.00016	0.00019	0.00014	9.7e-05	7.5e-05	2.5e-05	0.00012	6.3e-05	4.8e-05	0.00015
19	0.00499	0.02789	0.03572	0.08088	0.09909	0.02720	0.38965	0.07224	0.05757	0.09410	0.01512	0.03353	0.00554	0.00584	0.00290	0.00283	0.00549	0.00372	7.4e-05	0.03563
20	0.00041	0.00028	0.00031	0.00024	0.00032	0.00031	0.00020	0.75643	0.05834	0.10611	0.01606	0.00031	0.01221	0.00016	0.02770	0.01285	0.00012	0.00011	0.00734	0.00018
21	0.00576	0.00018	0.00023	0.00019	0.00026	0.00018	0.00015	0.05365	0.15795	0.51591	0.20011	0.00049	0.01733	0.00016	0.00012	3.5e-05	8.5e-05	0.01145	0.03560	0.00017
22	0.04222	0.03655	0.12433	0.14143	0.24649	0.00470	0.10453	0.02639	0.01560	0.17427	0.02879	0.02406	0.00466	0.00616	0.00918	3.7e-05	0.00293	0.00501	0.00251	0.00016
23	0.00028	0.04378	0.30808	0.03985	0.44934	0.01616	0.04366	0.03504	0.00026	0.05105	0.00022	0.01138	0.00017	0.00011	0.00011	3.4e-05	0.00014	9.7e-05	5.9e-05	0.00017

[dist]
# distance from previous block
# <min> <max>
0	4

[block]
# block no. 1 follows, 3095 sequences, length 10
# corresponding to MSA columns:
# 147-156
name=unknown_B
#
# <colnr> <probs for GDERKNQSTAVLIFYWHMCP>
#	G	D	E	R	K	N	Q	S	T	A	V	L	I	F	Y	W	H	M	C	P
0	0.00014	0.00011	0.00012	0.00012	0.00015	9.6e-05	8.6e-05	0.00016	0.00025	0.00031	0.05784	0.03462	0.84579	0.05952	0.00016	4.2e-05	6e-05	0.00023	0.00010	9.3e-05
1	0.00017	0.00013	0.00017	0.00017	0.05937	0.00012	0.00012	0.00022	0.02412	0.02225	0.64503	0.06738	0.16278	0.01730	0.00014	3.8e-05	6.2e-05	0.00021	0.00011	0.00011
2	0.01870	0.28402	0.36500	0.03767	0.08119	0.02449	0.05797	0.02723	0.00025	0.01457	0.00026	0.01512	0.05699	0.00012	0.00010	3.2e-05	0.00826	0.00780	5.7e-05	0.00015
3	0.00030	0.00023	0.02964	0.00024	0.05947	0.01802	0.00760	0.03633	0.49083	0.16649	0.04958	0.07529	0.02761	0.00018	0.00880	0.01434	0.00737	0.00740	0.00011	0.00016
4	0.01150	0.00016	0.00020	0.00017	0.00023	0.00014	0.00013	0.01351	0.01612	0.48492	0.34876	0.01371	0.01916	0.05942	0.00015	3.9e-05	7.9e-05	0.00015	0.03130	0.00015
5	0.00695	0.03154	0.02684	0.03212	0.51928	0.03370	0.09558	0.06350	0.08214	0.02559	0.00947	0.03949	0.01300	0.00013	0.00012	0.00631	0.00763	0.00638	6.9e-05	0.00016
6	0.02962	0.01486	0.01981	0.42914	0.23670	0.02414	0.01837	0.04736	0.02873	0.03332	0.00660	0.01758	0.01217	0.00013	0.00013	3.7e-05	0.06762	0.00700	6.2e-05	0.00663
7	0.00031	0.00027	0.05710	0.00023	0.00030	0.02470	0.00019	0.15943	0.58225	0.07902	0.02523	0.00040	0.02635	0.00016	0.01274	3.9e-05	0.03089	0.00012	0.00011	0.00017
8	0.63053	0.04456	0.01253	0.01182	0.10430	0.04941	0.01267	0.07202	0.00024	0.05047	0.00019	0.00021	0.00014	0.00011	8.5e-05	3.4e-05	0.01041	7.3e-05	7.2e-05	0.00014
9	0.02061	0.02626	0.00026	0.00020	0.00028	0.00018	0.00016	0.08844	0.01564	0.74698	0.02836	0.00043	0.07138	0.00015	0.00011	3.5e-05	9.4e-05	0.00012	0.00013	0.00018

[dist]
# distance from previous block
# <min> <max>
0	1

[block]
# block no. 2 follows, 3095 sequences, length 56
# corresponding to MSA columns:
# 158-202,206-216
name=unknown_C
#
# <colnr> <probs for GDERKNQSTAVLIFYWHMCP>
#	G	D	E	R	K	N	Q	S	T	A	V	L	I	F	Y	W	H	M	C	P
0	0.01398	0.02679	0.08352	0.11106	0.16687	0.01788	0.21209	0.07025	0.09917	0.01722	0.06365	0.01766	0.08066	0.00268	0.00012	3.6e-05	0.00539	0.01075	7.5e-05	0.00015
1	0.00016	0.00012	0.00015	0.00014	0.00017	0.00011	0.00010	0.00021	0.00356	0.02714	0.74415	0.02775	0.17147	0.00992	0.00890	3.8e-05	5.8e-05	0.00021	0.00012	0.00552
2	0.00032	0.00024	0.00377	0.17343	0.11669	0.04242	0.00229	0.29093	0.00414	0.13591	0.10987	0.00648	0.02556	0.01736	0.00013	3.6e-05	0.02170	0.01619	0.03240	0.00015
3	0.98326	0.00022	0.00017	0.00015	0.00022	0.00025	0.00012	0.01390	0.00020	0.00051	0.00016	0.00018	0.00012	0.00010	7e-05	3.5e-05	8.7e-05	6.1e-05	7e-05	0.00012
4	0.00024	0.00020	0.00023	0.00017	0.00027	0.00015	0.00013	0.00029	0.00023	0.01465	0.00020	0.00023	0.00017	8.4e-05	8.3e-05	1.7e-05	8.3e-05	6.7e-05	6.7e-05	0.98245
5	0.00014	0.00011	0.00013	0.00013	0.00016	9.9e-05	9.5e-05	0.00018	0.00027	0.00035	0.33274	0.03273	0.61152	0.00027	0.00013	3.7e-05	5.7e-05	0.02065	0.00011	9.8e-05
6	0.00024	0.00020	0.00023	0.01506	0.00027	0.00015	0.00013	0.01261	0.00024	0.02511	0.00021	0.00623	0.00018	0.02224	9.6e-05	2e-05	8.5e-05	7.3e-05	0.01367	0.90296
7	0.00014	9.9e-05	0.00013	0.00016	0.00016	9.2e-05	0.00010	0.00016	0.00021	0.00029	0.00061	0.93762	0.00628	0.02957	0.00016	4.7e-05	6.7e-05	0.02391	0.00010	9.1e-05
8	0.00023	0.00020	0.00023	0.02492	0.00028	0.00015	0.00014	0.00028	0.00023	0.00036	0.00020	0.00023	0.00017	8.4e-05	8.4e-05	1.7e-05	8.5e-05	6.7e-05	6.6e-05	0.97197
9	0.00028	0.00024	0.00026	0.06592	0.00032	0.02638	0.00019	0.00777	0.86550	0.00475	0.00631	0.00042	0.00597	0.00015	0.00011	3.8e-05	9.6e-05	0.01500	0.00011	0.00017
10	0.00025	0.02111	0.25347	0.32037	0.30995	0.01475	0.01187	0.03287	0.00397	0.00034	0.00347	0.00253	0.00179	0.00011	0.00011	3.5e-05	0.01971	0.00309	5.4e-05	0.00015
11	0.00022	0.00020	0.00030	0.21635	0.34920	0.02868	0.00188	0.01035	0.02289	0.00419	0.03818	0.00483	0.30363	0.00303	0.00012	3.6e-05	0.00222	0.00845	0.00510	0.00013
12	0.00028	0.00754	0.38341	0.10772	0.10764	0.11131	0.06706	0.10267	0.05639	0.02165	0.00023	0.00027	0.00017	0.00012	0.00012	3.5e-05	0.02690	0.00626	6.3e-05	0.00016
13	0.00020	0.00017	0.00026	0.25372	0.23125	0.00018	0.00021	0.00190	0.00955	0.00035	0.22412	0.08316	0.16600	0.00187	0.01441	0.00348	0.00375	0.00178	0.00351	0.00012
14	0.00016	0.00011	0.00015	0.00015	0.00016	0.00012	0.00207	0.00018	0.00577	0.00026	0.06907	0.00591	0.05259	0.43330	0.39802	0.02479	0.00235	0.00205	0.00271	8.5e-05
15	0.00028	0.06478	0.00026	0.00021	0.00027	0.02859	0.00016	0.04117	0.68335	0.01186	0.02280	0.00041	0.02245	0.00015	0.00011	0.00404	9e-05	0.00012	0.11873	0.00016
16	0.00015	0.00011	0.00014	0.00013	0.00016	0.00010	9.8e-05	0.00019	0.00029	0.00040	0.66651	0.01700	0.25208	0.06194	0.00016	4.1e-05	5.7e-05	0.00021	0.00011	0.00010
17	0.00019	0.00018	0.00018	0.00699	0.00021	0.15901	0.03096	0.00021	0.00569	0.00029	0.01474	0.57563	0.19453	0.00029	0.00013	4.1e-05	9e-05	0.00432	0.00624	0.00010
18	0.00453	0.00020	0.00032	0.76594	0.06845	0.00024	0.00217	0.01459	0.04340	0.00512	0.02506	0.00037	0.06657	0.00013	0.00011	3.7e-05	0.00014	0.00011	0.00239	0.00013
19	0.05240	0.00029	0.00032	0.00024	0.00033	0.00031	0.00020	0.78843	0.00048	0.15544	0.00029	0.00028	0.00020	0.00013	0.00011	3.4e-05	0.00012	0.00010	0.00011	0.00019
20	0.00553	0.00019	0.00022	0.00017	0.00025	0.00015	0.00013	0.00612	0.07736	0.00380	0.14540	0.00034	0.00031	0.00011	9.3e-05	2.1e-05	7.9e-05	9.1e-05	7.9e-05	0.75954
21	0.00024	0.00024	0.00032	0.00028	0.00028	0.02397	0.00023	0.00027	0.00476	0.00027	0.00017	0.00439	0.00017	0.07047	0.00326	5.3e-05	0.88702	0.00343	5.1e-05	0.00012
22	0.01409	0.00016	0.00206	0.00539	0.28001	0.00016	0.00017	0.00582	0.00442	0.00902	0.55022	0.00240	0.12178	0.00020	0.00012	3.5e-05	7.8e-05	0.00366	0.00010	0.00013
23	0.00030	0.34674	0.01382	0.00022	0.00028	0.32837	0.00019	0.00325	0.00024	0.00027	0.00020	0.00027	0.00019	0.02682	0.25114	6.8e-05	0.02737	8.3e-05	5.5e-05	0.00013
24	0.00028	0.01207	0.00566	0.00959	0.94902	0.00421	0.00034	0.00693	0.00456	0.00037	0.00022	0.00028	0.00578	0.00010	0.00011	3.3e-05	0.00013	0.00010	5.6e-05	0.00018
25	0.00029	0.51025	0.00530	0.00213	0.32434	0.01173	0.01772	0.00395	0.05161	0.02437	0.00020	0.00024	0.00017	0.00012	0.01938	3.1e-05	0.00013	0.00517	5.7e-05	0.02282
26	0.00919	0.00029	0.00032	0.00025	0.00033	0.00031	0.00020	0.80880	0.00049	0.16475	0.00030	0.00029	0.00767	0.00014	0.00011	3.4e-05	0.00610	0.00010	0.00012	0.00019
27	0.01298	0.00020	0.00034	0.89322	0.00073	0.00025	0.04037	0.00029	0.00023	0.00331	0.00022	0.00033	0.00017	0.00330	0.00012	3.8e-05	0.00696	0.03678	5.3e-05	0.00012
28	0.00024	0.21819	0.76742	0.00029	0.00044	0.00030	0.01095	0.00035	0.00023	0.00033	0.00019	0.00022	0.00014	0.00010	9.9e-05	3.3e-05	0.00016	7.8e-05	4.8e-05	0.00016
29	0.00027	0.00029	0.00564	0.00044	0.00054	0.00029	0.82443	0.00035	0.00582	0.01688	0.00022	0.00030	0.00017	0.00011	0.00017	3.9e-05	0.14372	0.00013	5.7e-05	0.00015
30	0.00016	0.00011	0.00013	0.00013	0.00014	0.00011	8e-05	0.00017	0.00017	0.00023	0.00036	0.04406	0.00040	0.80167	0.13928	0.00535	0.00013	0.00718	6.8e-05	7.4e-05
31	0.00426	0.00301	0.94820	0.00032	0.00601	0.00026	0.01524	0.01121	0.00024	0.00416	0.00290	0.00024	0.00015	0.00011	0.00011	3.5e-05	0.00016	0.00316	4.9e-05	0.00017
32	0.00018	0.00015	0.00021	0.06848	0.02690	0.00200	0.07511	0.00678	0.04504	0.00033	0.02393	0.07228	0.38089	0.01493	0.00014	4.3e-05	9.2e-05	0.28232	9.6e-05	0.00011
33	0.00991	0.00020	0.00033	0.88033	0.01489	0.01189	0.00347	0.02856	0.00366	0.00645	0.00022	0.02296	0.00529	0.00415	0.00011	3.7e-05	0.00014	0.00011	0.00716	0.00013
34	0.00027	0.00274	0.03754	0.00482	0.00579	0.00467	0.00018	0.04548	0.77678	0.00247	0.06129	0.00046	0.05099	0.00016	0.00012	3.7e-05	0.00237	0.00355	0.00011	0.00017
35	0.00024	0.00024	0.00033	0.00028	0.00029	0.00033	0.00024	0.02500	0.00018	0.00028	0.00016	0.00026	0.00016	0.01683	0.05387	5.7e-05	0.90099	0.00010	5.1e-05	0.00012
36	0.02505	0.00026	0.00043	0.09863	0.77059	0.01240	0.04364	0.00915	0.00175	0.00488	0.00283	0.01654	0.00918	0.00011	0.00011	3.4e-05	0.00169	0.00011	0.00246	0.00017
37	0.00021	0.00020	0.00033	0.98090	0.00076	0.00025	0.00031	0.00029	0.00022	0.00029	0.00020	0.00030	0.00015	0.00011	0.00011	3.7e-05	0.00015	0.0001	0.01496	0.00012
38	0.00014	0.00010	0.00013	0.00015	0.00016	9.4e-05	0.00011	0.00016	0.00022	0.00030	0.04553	0.83346	0.06136	0.01822	0.00015	4.6e-05	6.6e-05	0.03940	0.00010	9.2e-05
39	0.00014	0.00011	0.00012	0.00013	0.00016	9.7e-05	9.7e-05	0.00017	0.00025	0.00031	0.07896	0.17266	0.67130	0.00029	0.00014	4e-05	6.1e-05	0.07475	0.00011	9.5e-05
40	0.00028	0.78546	0.06248	0.00020	0.00029	0.00481	0.00881	0.02244	0.00024	0.00029	0.05250	0.00027	0.04774	0.00012	0.01364	2.8e-05	0.00012	8e-05	5.6e-05	0.00014
41	0.00013	0.00011	0.00012	0.00012	0.00015	9.5e-05	8.7e-05	0.00016	0.00025	0.00031	0.04790	0.07780	0.84038	0.03170	0.00015	4.1e-05	5.9e-05	0.00024	0.00010	9.4e-05
42	0.00223	0.00569	0.00409	0.00161	0.02413	0.01300	0.00399	0.00402	0.01768	0.01781	0.35113	0.20510	0.19290	0.01060	0.06815	4.9e-05	0.03079	0.01911	0.00565	0.02227
43	0.03476	0.27648	0.18556	0.02413	0.05964	0.20873	0.07715	0.07515	0.00949	0.03567	0.00157	0.00270	0.00016	0.00011	0.0001	3.1e-05	0.00693	0.00144	6.1e-05	0.00015
44	0.00026	0.00020	0.00024	0.00018	0.00503	0.00017	0.00167	0.07029	0.02467	0.07109	0.01921	0.03965	0.00711	0.00364	0.00293	0.00787	0.00512	8.8e-05	7.8e-05	0.74052
45	0.02258	0.00709	0.00027	0.00378	0.01548	0.10153	0.00019	0.12664	0.68184	0.00252	0.00038	0.00036	0.00029	0.00014	0.00011	3.6e-05	0.00011	0.00011	0.01370	0.02283
46	0.01246	0.14083	0.06390	0.00379	0.01370	0.03032	0.13156	0.12197	0.00470	0.11463	0.00167	0.00599	0.00165	0.00010	9.9e-05	2.7e-05	0.00266	8.8e-05	7.5e-05	0.34978
47	0.01077	0.02513	0.07642	0.02805	0.58531	0.01012	0.18214	0.00977	0.01394	0.05693	0.00023	0.00028	0.00018	0.00010	0.00011	3.4e-05	0.00014	0.00010	6.1e-05	0.00017
48	0.00668	0.00022	0.00024	0.00022	0.00028	0.00026	0.00017	0.00055	0.84377	0.04019	0.01336	0.02801	0.02721	0.01100	0.00012	3.9e-05	8.7e-05	0.02486	0.00257	0.00017
49	0.00016	0.00012	0.00015	0.00249	0.00630	0.00011	0.00011	0.00021	0.01921	0.00421	0.62872	0.02210	0.25902	0.00025	0.00013	3.7e-05	5.9e-05	0.05640	0.00012	0.00010
50	0.00232	0.71248	0.11800	0.00412	0.00033	0.03954	0.05922	0.02039	0.01146	0.00832	0.02280	0.00022	0.00017	0.00010	8.4e-05	2.7e-05	0.00013	7.3e-05	5.3e-05	0.00015
51	0.00184	0.02287	0.02608	0.00022	0.01837	0.00621	0.00181	0.18367	0.00382	0.65284	0.00462	0.01227	0.01359	0.00015	0.00625	3.6e-05	0.00010	0.04494	0.00012	0.00018
52	0.00014	9.8e-05	0.00013	0.00016	0.00016	9.2e-05	0.00010	0.00016	0.00022	0.00029	0.02324	0.96303	0.00640	0.00035	0.00014	4.5e-05	6.5e-05	0.00499	0.00010	9.1e-05
53	0.03713	0.00017	0.00351	0.01299	0.08238	0.01568	0.04117	0.02445	0.05637	0.00476	0.00319	0.01010	0.00611	0.00026	0.00014	4.7e-05	0.00011	0.70123	9.6e-05	0.00012
54	0.01716	0.03365	0.01194	0.27708	0.51379	0.03652	0.00598	0.05280	0.01151	0.01225	0.00282	0.00028	0.00017	0.00011	0.00011	3.4e-05	0.01372	0.00507	0.00483	0.00016
55	0.00015	0.00011	0.00014	0.00016	0.00017	0.00010	0.00011	0.02490	0.00899	0.00031	0.03826	0.78759	0.08570	0.01001	0.00015	4.5e-05	6.8e-05	0.04285	0.00010	9.5e-05

[dist]
# distance from previous block
# <min> <max>
1	5

[block]
# block no. 3 follows, 3095 sequences, length 10
# corresponding to MSA columns:
# 223-232
name=unknown_D
#
# <colnr> <probs for GDERKNQSTAVLIFYWHMCP>
#	G	D	E	R	K	N	Q	S	T	A	V	L	I	F	Y	W	H	M	C	P
0	0.00014	0.00010	0.00013	0.00015	0.00017	9.6e-05	0.00011	0.00017	0.00023	0.00030	0.03285	0.76062	0.11640	0.00033	0.00014	4.4e-05	6.6e-05	0.06270	0.00010	0.02515
1	0.00029	0.00021	0.00026	0.00019	0.00029	0.00017	0.03836	0.06037	0.00027	0.18365	0.00025	0.00026	0.00019	9.7e-05	9.2e-05	2.2e-05	9.2e-05	7.9e-05	8.2e-05	0.71478
2	0.01177	0.01177	0.00027	0.00021	0.01358	0.00020	0.01243	0.13994	0.03376	0.64694	0.05149	0.00037	0.00029	0.00014	0.00011	3.3e-05	9.8e-05	0.00011	0.00012	0.07637
3	0.73771	0.05114	0.04007	0.00017	0.00025	0.00026	0.00015	0.09844	0.00024	0.07044	0.00019	0.00021	0.00014	0.00011	7.8e-05	3.4e-05	9.6e-05	6.9e-05	7.6e-05	0.00014
4	0.00016	0.00011	0.00015	0.00014	0.00017	0.00010	0.00010	0.00020	0.00031	0.00043	0.85860	0.07766	0.06097	0.00024	0.00013	3.6e-05	5.4e-05	0.00021	0.00012	0.00010
5	0.01441	0.55344	0.13435	0.00023	0.00956	0.13294	0.00022	0.02515	0.04844	0.01049	0.00020	0.00024	0.00017	0.01468	0.03251	3.4e-05	0.01048	0.01225	5.7e-05	0.00014
6	0.00015	0.00011	0.00014	0.00013	0.00016	0.00010	9.9e-05	0.00019	0.00028	0.02180	0.42759	0.07642	0.44721	0.00026	0.00013	3.8e-05	5.8e-05	0.02490	0.00011	0.00010
7	0.00026	0.08106	0.40605	0.07242	0.02743	0.05115	0.14495	0.05713	0.03853	0.00852	0.02958	0.03620	0.00021	0.00015	0.03733	4e-05	0.00868	0.00011	6.1e-05	0.00015
8	0.00014	0.00011	0.00012	0.00013	0.00016	9.8e-05	9.3e-05	0.00017	0.00025	0.00031	0.10492	0.10222	0.68758	0.05383	0.00016	4.3e-05	6.2e-05	0.04941	0.00010	9.4e-05
9	0.00030	0.03890	0.04804	0.03944	0.58289	0.01747	0.04983	0.15142	0.03010	0.01899	0.00023	0.00028	0.00018	0.00012	0.02130	3.7e-05	0.00014	0.00010	6.7e-05	0.00017

[dist]
# distance from previous block
# <min> <max>
0	10

# created by:
# /home/cegg/simao/soft/augustus-3.2.1/scripts/msa2prfl.pl ./align_prep/POG091H014M.fa
