[name]
unknown

[dist]
# distance from previous block
# <min> <max>
0	1052

[block]
# block no. 0 follows, 2228 sequences, length 25
# corresponding to MSA columns:
# 1312-1320,1329-1333,1338-1345,1352,1353,1356
name=unknown_A
#
# <colnr> <probs for GDERKNQSTAVLIFYWHMCP>
#	G	D	E	R	K	N	Q	S	T	A	V	L	I	F	Y	W	H	M	C	P
0	0.01702	0.00020	0.00026	0.00023	0.00464	0.00485	0.00018	0.03869	0.01930	0.20850	0.57161	0.01924	0.04101	0.00660	0.01821	5.4e-05	0.00834	0.02247	0.01844	0.00018
1	0.00418	0.00017	0.00022	0.00021	0.00025	0.00016	0.00016	0.01210	0.00852	0.10153	0.36893	0.29263	0.12224	0.00037	0.00404	0.00575	9.3e-05	0.07282	0.00547	0.00015
2	0.01991	0.00029	0.00034	0.00029	0.00039	0.00031	0.00023	0.02358	0.50062	0.36911	0.04723	0.00625	0.01542	0.00021	0.00016	5e-05	0.00012	0.00017	0.01508	0.00024
3	0.00020	0.00016	0.00017	0.00018	0.00022	0.00014	0.00013	0.01220	0.00957	0.00043	0.04333	0.29901	0.57485	0.03205	0.00021	5.9e-05	8.7e-05	0.02673	0.00014	0.00013
4	0.99564	0.00030	0.00023	0.00020	0.00030	0.00035	0.00017	0.00046	0.00026	0.00070	0.00022	0.00025	0.00017	0.00014	9.6e-05	4.8e-05	0.00012	8.4e-05	9.6e-05	0.00017
5	0.00046	0.00430	0.00038	0.00348	0.04411	0.50808	0.00887	0.04914	0.06990	0.02850	0.06949	0.00348	0.00845	0.14445	0.02253	6.4e-05	0.00980	0.02037	0.00395	0.00018
6	0.00023	0.00015	0.00017	0.00017	0.00017	0.00015	9.9e-05	0.00023	0.00023	0.00030	0.00049	0.01280	0.00057	0.94040	0.02481	0.01031	0.00016	0.00837	9.5e-05	9.6e-05
7	0.00041	0.99464	0.00081	0.00027	0.00040	0.00061	0.00027	0.00046	0.00032	0.00037	0.00022	0.00025	0.00020	0.00013	0.0001	3.3e-05	0.00017	8.3e-05	6.6e-05	0.00020
8	0.99564	0.00030	0.00023	0.00020	0.00030	0.00035	0.00017	0.00046	0.00026	0.00070	0.00022	0.00025	0.00017	0.00014	9.6e-05	4.8e-05	0.00012	8.4e-05	9.6e-05	0.00017
9	0.00022	0.00016	0.00020	0.00020	0.00023	0.00015	0.00015	0.00028	0.00040	0.00056	0.71514	0.09374	0.08628	0.03807	0.00021	5.6e-05	0.00803	0.05562	0.00016	0.00014
10	0.00034	0.00034	0.00048	0.00041	0.00041	0.00048	0.00034	0.00037	0.00024	0.00037	0.00020	0.00034	0.00020	0.00027	0.00051	6.8e-05	0.99426	0.00014	6.8e-05	0.00017
11	0.00297	0.00023	0.00681	0.34968	0.07691	0.00722	0.02052	0.00698	0.01210	0.01839	0.02105	0.36276	0.07195	0.00715	0.00363	5.7e-05	0.00989	0.01021	0.00880	0.00271
12	0.95967	0.00030	0.00023	0.00021	0.00030	0.00034	0.00017	0.00047	0.00027	0.03660	0.00023	0.00026	0.00018	0.00015	9.8e-05	4.8e-05	0.00012	8.7e-05	0.0001	0.00017
13	0.00034	0.00034	0.00048	0.00041	0.00041	0.00048	0.00034	0.00037	0.00024	0.00037	0.00020	0.00034	0.00020	0.00027	0.00051	6.8e-05	0.99426	0.00014	6.8e-05	0.00017
14	0.00465	0.02147	0.00448	0.17098	0.03185	0.00488	0.62989	0.00730	0.00560	0.05108	0.01535	0.01892	0.00402	0.00016	0.00289	5.2e-05	0.00994	0.01302	0.00327	0.00020
15	0.01231	0.00356	0.06699	0.06128	0.16629	0.01021	0.08394	0.04566	0.03336	0.39076	0.01922	0.02292	0.00491	0.02159	0.01863	0.00254	0.02108	0.00590	0.00862	0.00023
16	0.00021	0.00015	0.00019	0.00020	0.00023	0.00014	0.00015	0.00026	0.00872	0.00738	0.41059	0.36602	0.17356	0.00039	0.00019	5.5e-05	8.3e-05	0.03117	0.00016	0.00014
17	0.00020	0.00015	0.00017	0.00018	0.00022	0.00013	0.00013	0.00023	0.00033	0.00970	0.06711	0.35309	0.50350	0.05101	0.00022	6.1e-05	8.7e-05	0.01320	0.00014	0.00013
18	0.10028	0.10132	0.11708	0.12835	0.10680	0.05647	0.12752	0.07156	0.01734	0.12629	0.00388	0.00908	0.00272	0.00696	0.00291	4.9e-05	0.01303	0.00315	0.00501	0.00021
19	0.03078	0.00891	0.06525	0.27621	0.08797	0.01400	0.12946	0.02323	0.09511	0.07904	0.01175	0.02388	0.01558	0.00303	0.00452	5.1e-05	0.06378	0.00762	0.00248	0.05736
20	0.03171	0.00021	0.00026	0.00024	0.00030	0.00655	0.00018	0.00784	0.05753	0.33667	0.16289	0.31027	0.05731	0.00032	0.00017	5.3e-05	0.00011	0.01262	0.01460	0.00019
21	0.00343	0.01488	0.00756	0.14689	0.16450	0.03122	0.03662	0.01382	0.02682	0.03329	0.26094	0.12813	0.07652	0.00848	0.00018	0.00269	0.00664	0.01415	0.02305	0.00018
22	0.01205	0.09993	0.29885	0.05686	0.11780	0.03250	0.10011	0.02992	0.03777	0.15996	0.00750	0.01015	0.00713	0.00365	0.00302	4.8e-05	0.01016	0.00297	0.00290	0.00672
23	0.00957	0.02667	0.12421	0.14006	0.09925	0.00813	0.04518	0.02693	0.02897	0.06985	0.05420	0.10726	0.14242	0.00668	0.02225	0.01321	0.03232	0.02081	0.00612	0.01592
24	0.10667	0.01044	0.00864	0.00390	0.00878	0.00620	0.00446	0.06193	0.01075	0.75270	0.00054	0.00485	0.00035	0.00404	0.00015	4.8e-05	0.00407	0.00015	0.00696	0.00437

[dist]
# distance from previous block
# <min> <max>
1	75

[block]
# block no. 1 follows, 2228 sequences, length 15
# corresponding to MSA columns:
# 1441-1447,1449-1453,1458-1460
name=unknown_B
#
# <colnr> <probs for GDERKNQSTAVLIFYWHMCP>
#	G	D	E	R	K	N	Q	S	T	A	V	L	I	F	Y	W	H	M	C	P
0	0.00769	0.00030	0.00035	0.00624	0.01904	0.00533	0.00023	0.36275	0.07438	0.17644	0.09204	0.13295	0.00053	0.02302	0.00018	5.1e-05	0.00512	0.01467	0.01518	0.06349
1	0.03881	0.00509	0.00027	0.00493	0.00623	0.00455	0.00534	0.02847	0.07697	0.25940	0.31963	0.07740	0.04904	0.00749	0.00603	5.3e-05	0.00011	0.05993	0.05008	0.00019
2	0.01012	0.00017	0.00023	0.00021	0.00026	0.00016	0.00016	0.00035	0.00886	0.14370	0.64683	0.12831	0.03320	0.00032	0.00018	5.1e-05	8.6e-05	0.01732	0.00931	0.00016
3	0.00023	0.00016	0.00021	0.00022	0.00025	0.00015	0.00017	0.00028	0.00872	0.02265	0.20948	0.20543	0.13612	0.10313	0.02921	7.5e-05	0.00012	0.27547	0.00778	0.00014
4	0.00670	0.00030	0.00032	0.00029	0.00037	0.00034	0.00023	0.06962	0.70814	0.00791	0.02714	0.07025	0.06840	0.00650	0.00017	5.3e-05	0.00012	0.01709	0.00965	0.00639
5	0.00023	0.00015	0.00017	0.00017	0.00018	0.00015	0.00010	0.00023	0.00023	0.00031	0.00049	0.01860	0.00056	0.90363	0.04614	0.01392	0.00016	0.00022	0.01426	9.7e-05
6	0.00990	0.29570	0.32249	0.01722	0.02622	0.04796	0.00616	0.03572	0.04858	0.01793	0.00645	0.01410	0.00494	0.02753	0.01613	0.02228	0.05145	0.00012	0.00607	0.02305
7	0.00456	0.00659	0.01063	0.03595	0.02370	0.05179	0.03436	0.00655	0.02107	0.00636	0.02244	0.00460	0.01916	0.00014	0.00014	3.1e-05	0.03185	0.00643	0.01319	0.70045
8	0.00035	0.00812	0.00052	0.02602	0.00047	0.03448	0.14545	0.01510	0.00900	0.01228	0.00028	0.04470	0.00529	0.00613	0.01049	6.5e-05	0.66538	0.00506	7.8e-05	0.01073
9	0.00033	0.00028	0.00032	0.00023	0.00037	0.00021	0.00019	0.00041	0.02912	0.02006	0.01714	0.00035	0.00026	0.00012	0.00012	2.5e-05	0.00011	9.9e-05	9.7e-05	0.93017
10	0.02523	0.00673	0.02687	0.35660	0.05724	0.00444	0.03928	0.10955	0.01318	0.06152	0.03459	0.15426	0.02332	0.00577	0.00852	0.00915	0.00518	0.05465	0.00011	0.00382
11	0.00460	0.00966	0.32245	0.04912	0.09926	0.02734	0.07606	0.05663	0.03450	0.05477	0.07901	0.03609	0.06120	0.01366	0.00583	0.00420	0.01597	0.04556	0.00389	0.00020
12	0.00023	0.00016	0.00021	0.00681	0.00024	0.00016	0.00015	0.00618	0.00794	0.00766	0.54688	0.07153	0.07095	0.16243	0.08747	0.00565	0.00679	0.01299	0.00546	0.00014
13	0.00022	0.00016	0.00020	0.00021	0.00022	0.00857	0.00014	0.00025	0.00830	0.00037	0.06566	0.30496	0.06926	0.41491	0.04390	0.00011	0.05156	0.03076	0.00012	0.00012
14	0.10276	0.02099	0.02396	0.16287	0.06411	0.08393	0.12930	0.05382	0.05159	0.14237	0.01622	0.03081	0.00571	0.02306	0.01125	5.4e-05	0.03397	0.01370	0.01740	0.01211

[dist]
# distance from previous block
# <min> <max>
5	43

[block]
# block no. 2 follows, 2228 sequences, length 14
# corresponding to MSA columns:
# 1526-1532,1534-1538,1540,1543
name=unknown_C
#
# <colnr> <probs for GDERKNQSTAVLIFYWHMCP>
#	G	D	E	R	K	N	Q	S	T	A	V	L	I	F	Y	W	H	M	C	P
0	0.00020	0.00015	0.00018	0.00021	0.00023	0.00014	0.00014	0.00025	0.04062	0.00042	0.02535	0.66526	0.25060	0.00045	0.00019	6e-05	8.9e-05	0.01520	0.00015	0.00013
1	0.03608	0.01398	0.00866	0.00518	0.00488	0.04684	0.01228	0.10967	0.44736	0.10762	0.01394	0.02761	0.01530	0.01122	0.00509	5.5e-05	0.00620	0.11346	0.01434	0.00022
2	0.03828	0.05156	0.03436	0.10951	0.00542	0.03729	0.00715	0.16450	0.25289	0.01124	0.00624	0.07768	0.00542	0.00021	0.00540	0.00462	0.00459	0.01476	0.00627	0.16260
3	0.00665	0.03098	0.03124	0.02014	0.00820	0.02430	0.03269	0.01194	0.04737	0.06179	0.04330	0.40202	0.03996	0.05931	0.01745	0.00679	0.02789	0.02361	0.00561	0.09875
4	0.02648	0.10954	0.17758	0.30194	0.04106	0.01409	0.04431	0.04349	0.03778	0.09195	0.01007	0.01073	0.00556	0.00016	0.00016	4.7e-05	0.03319	0.00013	0.00570	0.04601
5	0.00687	0.21318	0.31891	0.09501	0.06703	0.00546	0.12183	0.02117	0.01222	0.03984	0.02415	0.02856	0.00871	0.00492	0.00650	4.9e-05	0.01189	0.01341	8.3e-05	0.00021
6	0.00036	0.00034	0.00057	0.22561	0.66999	0.00035	0.02478	0.01174	0.01109	0.00048	0.00035	0.00046	0.04056	0.00016	0.00016	4.8e-05	0.00019	0.01247	8e-05	0.00022
7	0.00550	0.00931	0.12531	0.02376	0.01688	0.00796	0.03580	0.00901	0.02559	0.20850	0.08437	0.23970	0.10621	0.03813	0.01788	0.00698	0.00447	0.02802	0.00646	0.00018
8	0.00976	0.05686	0.32350	0.14972	0.07580	0.02720	0.06708	0.02313	0.01705	0.07082	0.02036	0.07546	0.01270	0.00715	0.01849	0.00379	0.02378	0.00637	0.00685	0.00412
9	0.01838	0.00512	0.00924	0.03402	0.03715	0.00464	0.05175	0.01653	0.00884	0.08776	0.02983	0.37431	0.17492	0.01961	0.06221	0.01928	0.01398	0.02241	0.00988	0.00016
10	0.00023	0.00016	0.00021	0.02039	0.00027	0.00015	0.02031	0.00026	0.00032	0.03717	0.03195	0.53824	0.12085	0.08827	0.00904	7.1e-05	0.00011	0.12352	0.00834	0.00013
11	0.03032	0.02118	0.28591	0.13550	0.06872	0.01399	0.03662	0.07807	0.02524	0.22907	0.00512	0.01786	0.00793	0.00924	0.00862	5.2e-05	0.00926	0.00518	0.01190	0.00022
12	0.05155	0.06474	0.20614	0.04989	0.09835	0.05850	0.11727	0.07457	0.02385	0.12706	0.04623	0.02038	0.01248	0.00465	0.00016	0.00438	0.01360	0.00493	0.00530	0.01598
13	0.00437	0.00490	0.02029	0.00582	0.01320	0.01319	0.07088	0.02867	0.07257	0.09374	0.01150	0.44917	0.03077	0.04295	0.02569	0.00815	0.02454	0.04619	0.03324	0.00016

[dist]
# distance from previous block
# <min> <max>
3	4

[block]
# block no. 3 follows, 2228 sequences, length 21
# corresponding to MSA columns:
# 1550,1553-1558,1565,1567-1574,1579-1583
name=unknown_D
#
# <colnr> <probs for GDERKNQSTAVLIFYWHMCP>
#	G	D	E	R	K	N	Q	S	T	A	V	L	I	F	Y	W	H	M	C	P
0	0.05189	0.00921	0.02341	0.12529	0.01644	0.02577	0.03587	0.01290	0.01935	0.14617	0.07480	0.04495	0.06450	0.03950	0.20468	0.00754	0.06584	0.02018	0.00837	0.00334
1	0.00675	0.00017	0.00021	0.00021	0.00025	0.00016	0.00016	0.00879	0.03854	0.04687	0.35732	0.32429	0.05662	0.04125	0.01028	0.00400	0.00867	0.04631	0.04901	0.00015
2	0.01008	0.00302	0.00419	0.00964	0.00025	0.00441	0.00457	0.00653	0.00458	0.04450	0.18176	0.29218	0.15812	0.07243	0.13150	0.01657	0.00721	0.01604	0.03228	0.00014
3	0.00336	0.00478	0.06345	0.00619	0.00301	0.01463	0.00801	0.00814	0.00779	0.02147	0.40813	0.09021	0.12159	0.03496	0.00434	0.00296	0.00468	0.04382	0.14834	0.00015
4	0.00026	0.00485	0.02374	0.00496	0.00887	0.00744	0.06783	0.00438	0.01588	0.05771	0.23234	0.26658	0.14959	0.02934	0.02192	6.2e-05	0.01495	0.07078	0.01838	0.00015
5	0.01273	0.07276	0.07068	0.14995	0.08334	0.06013	0.02321	0.04069	0.03967	0.02988	0.00507	0.00391	0.00024	0.00016	0.00340	4.2e-05	0.09412	0.00012	0.00333	0.30657
6	0.00023	0.00015	0.00018	0.00018	0.00018	0.00016	0.00010	0.00024	0.01202	0.00031	0.00941	0.00945	0.00057	0.89624	0.06118	0.00015	0.00017	0.00890	9.6e-05	0.0001
7	0.01659	0.33819	0.00703	0.00675	0.00042	0.20890	0.00027	0.05063	0.34939	0.00051	0.00554	0.00039	0.00031	0.00018	0.00507	4.4e-05	0.00469	0.00012	0.00478	0.00021
8	0.01513	0.01641	0.11623	0.14702	0.12490	0.01430	0.07032	0.07116	0.04071	0.13387	0.01565	0.06735	0.01182	0.00877	0.00585	0.00588	0.03877	0.00956	0.00314	0.08315
9	0.01828	0.08788	0.29276	0.10518	0.06146	0.02232	0.03787	0.06866	0.04274	0.16065	0.00739	0.00715	0.00483	0.00576	0.02031	0.00260	0.04050	0.00306	0.00289	0.00771
10	0.00022	0.00016	0.00019	0.01441	0.00022	0.00016	0.00613	0.00025	0.02153	0.00037	0.03896	0.25908	0.04213	0.52385	0.01313	0.00011	0.00013	0.07367	0.00519	0.00012
11	0.01179	0.00029	0.00574	0.06188	0.00044	0.00028	0.01005	0.19411	0.01370	0.58054	0.00555	0.02878	0.00483	0.00400	0.01492	5.3e-05	0.00015	0.05438	0.00828	0.00024
12	0.08004	0.02956	0.07052	0.08541	0.10504	0.07567	0.10315	0.15167	0.02572	0.22312	0.00538	0.00803	0.00028	0.00018	0.00513	0.00366	0.01674	0.00608	0.00439	0.00022
13	0.00523	0.00815	0.00873	0.02587	0.02853	0.01322	0.07307	0.00398	0.05763	0.00717	0.04690	0.43023	0.07704	0.01522	0.01251	0.01883	0.01227	0.14796	0.00730	0.00015
14	0.01213	0.03385	0.06043	0.01036	0.01726	0.01969	0.00872	0.45806	0.21983	0.03921	0.00309	0.01608	0.00441	0.00302	0.00499	4.8e-05	0.00678	0.00840	0.00379	0.06985
15	0.01312	0.01620	0.00355	0.00338	0.00038	0.00023	0.00427	0.02195	0.00360	0.50177	0.00939	0.00045	0.00356	0.00685	0.02228	0.00414	0.00783	0.00013	0.00347	0.37345
16	0.00956	0.08939	0.35877	0.10317	0.03967	0.00980	0.18383	0.02733	0.02237	0.06114	0.01197	0.01576	0.01146	0.00717	0.00673	0.00308	0.02102	0.00811	0.00297	0.00670
17	0.01760	0.23239	0.29324	0.03384	0.02433	0.01332	0.07681	0.04099	0.05343	0.11489	0.01574	0.00624	0.00435	0.02304	0.00832	0.00610	0.01532	0.01135	9.5e-05	0.00861
18	0.00023	0.00015	0.00018	0.00018	0.00018	0.00015	0.00010	0.00023	0.00023	0.00030	0.00048	0.00098	0.00055	0.90580	0.07030	0.01940	0.00017	0.00022	9.3e-05	9.7e-05
19	0.00024	0.00017	0.00524	0.00020	0.00024	0.00015	0.00015	0.00630	0.00969	0.06407	0.46579	0.06568	0.29929	0.02449	0.00020	5.4e-05	8.7e-05	0.05087	0.00693	0.00015
20	0.03848	0.15365	0.22825	0.13014	0.08267	0.02537	0.08205	0.05495	0.05638	0.02244	0.02355	0.01019	0.00763	0.00311	0.00498	4.9e-05	0.06650	0.00014	0.00592	0.00356

[dist]
# distance from previous block
# <min> <max>
4	6

[block]
# block no. 4 follows, 2228 sequences, length 13
# corresponding to MSA columns:
# 1603-1615
name=unknown_E
#
# <colnr> <probs for GDERKNQSTAVLIFYWHMCP>
#	G	D	E	R	K	N	Q	S	T	A	V	L	I	F	Y	W	H	M	C	P
0	0.00021	0.00015	0.00019	0.00022	0.00023	0.01313	0.00583	0.00595	0.00736	0.01086	0.01376	0.73086	0.04042	0.10636	0.01721	0.00708	0.00011	0.02252	0.00869	0.00887
1	0.29132	0.02461	0.01582	0.06831	0.06578	0.17429	0.07285	0.01667	0.00033	0.04910	0.00027	0.00034	0.00022	0.00559	0.00626	5e-05	0.14167	0.00553	0.01343	0.04756
2	0.00797	0.00021	0.00027	0.00024	0.00031	0.00019	0.00019	0.01127	0.04716	0.35324	0.30310	0.07778	0.06948	0.00969	0.00739	5.2e-05	0.00011	0.05038	0.01904	0.04193
3	0.00864	0.01438	0.03510	0.28902	0.25764	0.00847	0.07689	0.09004	0.02297	0.10725	0.03695	0.00568	0.00772	0.00018	0.00630	5e-05	0.01379	0.00481	0.01393	0.00021
4	0.08609	0.00969	0.12326	0.02608	0.04370	0.01233	0.03108	0.03067	0.05759	0.08718	0.06001	0.02542	0.01229	0.05650	0.07030	0.02791	0.21215	0.00693	0.02064	0.00018
5	0.00024	0.00016	0.00020	0.00020	0.00024	0.00015	0.00015	0.01035	0.00038	0.05567	0.39288	0.30012	0.19380	0.01230	0.00019	5.5e-05	8.6e-05	0.02184	0.01086	0.00014
6	0.00641	0.00019	0.01400	0.00022	0.00026	0.00018	0.00017	0.06081	0.01607	0.04678	0.52333	0.05743	0.13660	0.01564	0.01780	0.05238	0.01284	0.02447	0.01427	0.00015
7	0.00979	0.00020	0.02056	0.00021	0.00027	0.00018	0.00017	0.02065	0.07526	0.09145	0.43324	0.05678	0.25193	0.00742	0.00018	5.1e-05	9.2e-05	0.01211	0.01928	0.00016
8	0.95619	0.00032	0.03961	0.00021	0.00031	0.00035	0.00018	0.00046	0.00027	0.00069	0.00022	0.00026	0.00017	0.00014	9.8e-05	4.8e-05	0.00012	8.5e-05	9.5e-05	0.00017
9	0.00966	0.19346	0.15584	0.01295	0.01418	0.00711	0.03000	0.02134	0.00625	0.03239	0.00657	0.00591	0.00433	0.19930	0.17594	0.00695	0.03681	0.00430	0.00540	0.07132
10	0.01169	0.72297	0.02042	0.00030	0.00042	0.20604	0.01155	0.00050	0.00034	0.01203	0.00023	0.00026	0.00020	0.00014	0.00012	3.6e-05	0.01238	9e-05	7.1e-05	0.00020
11	0.00026	0.00019	0.00023	0.00022	0.00024	0.02248	0.00585	0.00626	0.01166	0.03211	0.01822	0.00709	0.00778	0.60378	0.16699	0.01025	0.09343	0.00672	0.00609	0.00012
12	0.00798	0.00029	0.00041	0.42892	0.02133	0.01058	0.01833	0.05099	0.17769	0.06268	0.00908	0.00853	0.00031	0.01431	0.00764	5.4e-05	0.09812	0.00015	0.08240	0.00019

[dist]
# distance from previous block
# <min> <max>
0	1

[block]
# block no. 5 follows, 2228 sequences, length 7
# corresponding to MSA columns:
# 1617,1618,1624,1625,1628,1629,1631
name=unknown_F
#
# <colnr> <probs for GDERKNQSTAVLIFYWHMCP>
#	G	D	E	R	K	N	Q	S	T	A	V	L	I	F	Y	W	H	M	C	P
0	0.00022	0.00015	0.00019	0.00020	0.00020	0.00016	0.00013	0.00024	0.00024	0.00033	0.00050	0.04194	0.00056	0.66523	0.24383	0.00017	0.00021	0.04528	9.6e-05	0.00011
1	0.89203	0.00030	0.00025	0.00022	0.00031	0.00035	0.00018	0.04812	0.00030	0.05644	0.00025	0.00027	0.00018	0.00015	0.00010	4.8e-05	0.00012	9.1e-05	0.00010	0.00018
2	0.00040	0.01171	0.00953	0.14703	0.26534	0.01204	0.01484	0.06825	0.00946	0.13543	0.00999	0.00930	0.01777	0.01099	0.05020	0.00917	0.10591	0.00015	0.02920	0.08329
3	0.15692	0.12302	0.01797	0.12577	0.16079	0.14790	0.03224	0.02563	0.00765	0.04662	0.00863	0.02018	0.00779	0.02101	0.01060	0.00727	0.02958	0.02763	0.00880	0.01401
4	0.10380	0.05096	0.02692	0.46757	0.05856	0.05306	0.01668	0.01101	0.01540	0.11030	0.03036	0.01458	0.00028	0.00018	0.00976	5.1e-05	0.01026	0.00014	9.3e-05	0.02002
5	0.02272	0.01017	0.13555	0.03534	0.09270	0.01325	0.09843	0.09735	0.05990	0.14000	0.10213	0.04481	0.09165	0.00024	0.01996	5.4e-05	0.00908	0.01680	0.00966	0.00021
6	0.63731	0.02174	0.04736	0.02091	0.00037	0.03038	0.00021	0.02136	0.00032	0.21831	0.00031	0.00032	0.00022	0.00016	0.00012	4.8e-05	0.00014	0.00010	0.00012	0.00020

[dist]
# distance from previous block
# <min> <max>
8	17

[block]
# block no. 6 follows, 2228 sequences, length 7
# corresponding to MSA columns:
# 1661,1662,1665-1667,1676,1677
name=unknown_G
#
# <colnr> <probs for GDERKNQSTAVLIFYWHMCP>
#	G	D	E	R	K	N	Q	S	T	A	V	L	I	F	Y	W	H	M	C	P
0	0.58549	0.05280	0.02934	0.07386	0.03709	0.03921	0.02506	0.02075	0.01232	0.02734	0.01776	0.01101	0.00969	0.00017	0.00853	5e-05	0.01924	0.01127	0.01076	0.00827
1	0.01231	0.00016	0.00019	0.01220	0.00022	0.00017	0.00013	0.00027	0.01229	0.02141	0.03443	0.05202	0.10800	0.56681	0.08511	0.00013	0.01214	0.05269	0.02920	0.00012
2	0.06017	0.11804	0.27155	0.02165	0.05404	0.03455	0.04181	0.07432	0.11535	0.06036	0.02702	0.00044	0.01729	0.01777	0.01107	0.00859	0.01678	0.00810	0.00828	0.03282
3	0.01314	0.00020	0.00025	0.00023	0.00028	0.00019	0.02705	0.02263	0.08598	0.06237	0.54677	0.08465	0.07159	0.01255	0.01625	5.5e-05	0.01420	0.00026	0.02929	0.01207
4	0.01576	0.05741	0.22584	0.04719	0.02770	0.01663	0.02868	0.03025	0.18707	0.02326	0.09499	0.01926	0.08834	0.02297	0.02409	5.8e-05	0.06708	0.01246	0.01076	0.00020
5	0.01874	0.04070	0.05994	0.03702	0.04158	0.03240	0.04026	0.07566	0.09118	0.06835	0.23768	0.03644	0.14951	0.00971	0.00809	5.2e-05	0.01385	0.01681	0.00971	0.01231
6	0.01037	0.00790	0.01629	0.00926	0.00924	0.02644	0.01925	0.02129	0.09843	0.06430	0.37657	0.07260	0.13607	0.00881	0.01343	5.5e-05	0.01110	0.07170	0.01897	0.00791

[dist]
# distance from previous block
# <min> <max>
6	52

[block]
# block no. 7 follows, 2228 sequences, length 11
# corresponding to MSA columns:
# 1783-1790,1792-1794
name=unknown_H
#
# <colnr> <probs for GDERKNQSTAVLIFYWHMCP>
#	G	D	E	R	K	N	Q	S	T	A	V	L	I	F	Y	W	H	M	C	P
0	0.00751	0.01423	0.00995	0.26152	0.28801	0.02489	0.01199	0.01538	0.07254	0.05291	0.12281	0.00935	0.02015	0.00541	0.00510	4.9e-05	0.01079	0.00784	0.00566	0.05392
1	0.00024	0.00018	0.00021	0.00020	0.00024	0.00016	0.00859	0.04752	0.00994	0.01455	0.33071	0.02141	0.40535	0.06536	0.02217	0.04756	0.00772	0.00738	0.01039	0.00014
2	0.12552	0.00041	0.00042	0.00033	0.00045	0.01576	0.00027	0.77879	0.01604	0.02937	0.00037	0.00037	0.00026	0.00018	0.00015	4.6e-05	0.00016	0.00013	0.03073	0.00025
3	0.00057	0.00042	0.00045	0.00035	0.00047	0.00046	0.00029	0.85229	0.09876	0.04372	0.00041	0.00040	0.00029	0.00019	0.00016	4.7e-05	0.00016	0.00014	0.00016	0.00026
4	0.01231	0.01212	0.00038	0.04372	0.01631	0.00039	0.00026	0.22168	0.63422	0.01277	0.00055	0.04373	0.00043	0.00021	0.00016	5.1e-05	0.00014	0.00017	0.00015	0.00024
5	0.01463	0.00911	0.06517	0.21300	0.05998	0.03651	0.03296	0.03697	0.02499	0.14837	0.02625	0.11585	0.05300	0.03597	0.06537	0.02840	0.01522	0.01302	0.00505	0.00018
6	0.00021	0.00017	0.00019	0.04339	0.00026	0.00015	0.00014	0.00027	0.02795	0.01866	0.22947	0.04009	0.63776	0.00036	0.00018	5.2e-05	8.6e-05	0.00031	0.00015	0.00014
7	0.00030	0.00028	0.00046	0.88146	0.03343	0.00034	0.00042	0.00042	0.05631	0.00041	0.00031	0.02465	0.00024	0.00017	0.00016	5.2e-05	0.00020	0.00015	7.6e-05	0.00018
8	0.03541	0.05991	0.17948	0.06782	0.10838	0.03618	0.16994	0.08589	0.02499	0.09246	0.00617	0.01132	0.05061	0.00600	0.01928	0.01119	0.02263	0.00643	0.00570	0.00021
9	0.00563	0.02478	0.02289	0.01326	0.01420	0.00822	0.00893	0.02319	0.01617	0.32509	0.02050	0.33387	0.00616	0.02400	0.05143	6.6e-05	0.00932	0.04188	0.05023	0.00019
10	0.00020	0.00014	0.00018	0.00021	0.00023	0.00013	0.00014	0.00024	0.00033	0.01570	0.13464	0.65986	0.14921	0.01587	0.00020	6.1e-05	8.9e-05	0.02227	0.00015	0.00013

[dist]
# distance from previous block
# <min> <max>
1	2

[block]
# block no. 8 follows, 2228 sequences, length 27
# corresponding to MSA columns:
# 1797,1799-1801,1803,1823-1830,1832,1839-1848,1853-1855
name=unknown_I
#
# <colnr> <probs for GDERKNQSTAVLIFYWHMCP>
#	G	D	E	R	K	N	Q	S	T	A	V	L	I	F	Y	W	H	M	C	P
0	0.01248	0.12674	0.25001	0.03042	0.05231	0.06666	0.09629	0.05952	0.03171	0.19876	0.01806	0.01734	0.00648	0.00018	0.00464	4.8e-05	0.01696	0.00800	0.00317	0.00022
1	0.85189	0.05803	0.00028	0.00425	0.00898	0.02023	0.00018	0.01279	0.00028	0.02368	0.00024	0.00027	0.00380	0.00015	0.00010	4.7e-05	0.00534	8.9e-05	0.00514	0.00425
2	0.00625	0.42960	0.11643	0.08333	0.04776	0.16334	0.07385	0.00822	0.00445	0.02581	0.00256	0.00601	0.00348	0.00015	0.00350	0.00230	0.01676	0.00248	0.00354	0.00020
3	0.00023	0.00016	0.00021	0.00021	0.00024	0.00015	0.00432	0.00449	0.00883	0.01333	0.34745	0.24102	0.13774	0.08456	0.00024	6.3e-05	9.6e-05	0.11298	0.01046	0.03321
4	0.03256	0.10389	0.26522	0.06724	0.05785	0.01087	0.04116	0.06652	0.03448	0.19153	0.03666	0.01359	0.00659	0.00267	0.01146	0.01660	0.01625	0.00697	0.00011	0.01778
5	0.04521	0.06551	0.17182	0.06648	0.07490	0.02211	0.08808	0.03229	0.06845	0.08272	0.01894	0.17949	0.01333	0.00247	0.01076	0.00239	0.02603	0.01991	0.00654	0.00255
6	0.00570	0.00025	0.00033	0.00026	0.00037	0.00022	0.00021	0.00675	0.00701	0.81154	0.12328	0.01096	0.02128	0.00022	0.00016	4.8e-05	0.00012	0.00512	0.00593	0.00024
7	0.01873	0.00711	0.12865	0.08484	0.06811	0.22776	0.02366	0.02644	0.06115	0.26638	0.00931	0.00458	0.00374	0.00896	0.01362	5e-05	0.01156	0.00518	0.00429	0.02587
8	0.03930	0.06535	0.17263	0.16693	0.07379	0.03412	0.09230	0.05408	0.04601	0.09418	0.01622	0.03046	0.00724	0.00335	0.00671	0.01080	0.04837	0.01176	0.00949	0.01692
9	0.00547	0.00254	0.00823	0.00305	0.00026	0.00995	0.00675	0.00599	0.00032	0.05708	0.02650	0.45767	0.05436	0.05197	0.09348	0.01290	0.00587	0.14220	0.05527	0.00014
10	0.00020	0.00014	0.00019	0.00022	0.00023	0.00013	0.00015	0.00676	0.00695	0.00040	0.00085	0.92748	0.00874	0.00719	0.00020	6.4e-05	9.3e-05	0.03974	0.00014	0.00013
11	0.88661	0.02517	0.00026	0.00451	0.01226	0.01690	0.00433	0.01459	0.02301	0.00579	0.00024	0.00027	0.00527	0.00015	0.00010	4.8e-05	0.00013	9e-05	9.8e-05	0.00017
12	0.00631	0.00644	0.00958	0.51319	0.01821	0.00485	0.02480	0.02185	0.00708	0.01306	0.00374	0.00349	0.00255	0.00458	0.18957	0.00869	0.15600	0.00015	0.00569	0.00017
13	0.01254	0.04795	0.02191	0.03906	0.01624	0.06686	0.00862	0.03079	0.02400	0.04394	0.01955	0.02281	0.01766	0.03085	0.03615	0.02613	0.05305	0.00371	0.00693	0.47125
14	0.00024	0.00018	0.00026	0.00025	0.00027	0.00021	0.00688	0.00028	0.00025	0.00453	0.01644	0.01228	0.00506	0.19596	0.59161	0.04210	0.10225	0.00018	8.6e-05	0.02069
15	0.01570	0.01150	0.05425	0.17452	0.02254	0.00555	0.05486	0.21067	0.15277	0.09510	0.03602	0.02227	0.01127	0.06202	0.01349	0.00409	0.01925	0.01745	0.01138	0.00529
16	0.00021	0.00017	0.00019	0.00020	0.00024	0.00578	0.00015	0.00512	0.03898	0.00571	0.23298	0.24425	0.36626	0.03073	0.01297	0.00377	9.4e-05	0.05192	0.00015	0.00014
17	0.02727	0.03755	0.15735	0.11877	0.04947	0.01708	0.01703	0.24446	0.13122	0.03930	0.01978	0.03523	0.02290	0.00497	0.00862	0.00307	0.02790	0.00743	0.02636	0.00422
18	0.90932	0.00619	0.00571	0.00855	0.00032	0.00035	0.00649	0.02777	0.00539	0.02844	0.00024	0.00027	0.00018	0.00015	0.00010	4.8e-05	0.00012	8.9e-05	0.00010	0.00017
19	0.00032	0.01358	0.12064	0.23904	0.11477	0.01084	0.01252	0.01549	0.18093	0.00812	0.11201	0.01083	0.07173	0.00769	0.00309	0.00233	0.02780	0.00752	0.01470	0.02607
20	0.00022	0.00016	0.00020	0.00019	0.00023	0.00015	0.00014	0.00029	0.00043	0.00060	0.90198	0.00119	0.09299	0.00032	0.00018	4.9e-05	7.4e-05	0.00029	0.00017	0.00015
21	0.01669	0.00339	0.03259	0.02448	0.00918	0.00330	0.03859	0.02585	0.01723	0.03460	0.49492	0.02122	0.24129	0.00467	0.00018	5.1e-05	0.00628	0.02260	0.00273	0.00016
22	0.04837	0.01496	0.03284	0.08041	0.06392	0.01875	0.05938	0.01923	0.01539	0.02094	0.01265	0.00821	0.00480	0.00272	0.03099	0.00269	0.54415	0.00732	8e-05	0.01220
23	0.95298	0.00812	0.00024	0.00021	0.00755	0.00035	0.00017	0.01358	0.00027	0.00770	0.00022	0.00026	0.00017	0.00015	9.8e-05	4.8e-05	0.00012	8.6e-05	0.00750	0.00017
24	0.00317	0.24640	0.14327	0.08962	0.11587	0.03834	0.10813	0.01015	0.00269	0.07286	0.00426	0.02273	0.00029	0.05135	0.03720	0.00758	0.02508	0.01786	0.00295	0.00020
25	0.09501	0.00488	0.05365	0.08611	0.41089	0.01008	0.22275	0.00536	0.00035	0.07680	0.00376	0.00040	0.00025	0.00015	0.00016	4.9e-05	0.02510	0.00393	8.7e-05	0.00022
26	0.00026	0.00024	0.01119	0.46648	0.01631	0.03559	0.01924	0.00033	0.00398	0.00041	0.03883	0.31347	0.08160	0.00029	0.00427	5.6e-05	0.00016	0.00702	0.00010	0.00016

[dist]
# distance from previous block
# <min> <max>
3	4

[block]
# block no. 9 follows, 2228 sequences, length 9
# corresponding to MSA columns:
# 1863,1864,1878,1879,1903-1907
name=unknown_J
#
# <colnr> <probs for GDERKNQSTAVLIFYWHMCP>
#	G	D	E	R	K	N	Q	S	T	A	V	L	I	F	Y	W	H	M	C	P
0	0.00020	0.00015	0.00018	0.02626	0.00025	0.00014	0.00015	0.00023	0.00032	0.00041	0.01961	0.55281	0.31131	0.02029	0.00021	0.02129	9.4e-05	0.04583	0.00014	0.00013
1	0.80918	0.04931	0.01259	0.00024	0.01058	0.03200	0.01499	0.01101	0.00028	0.01151	0.00025	0.02634	0.00020	0.00016	0.00011	4.8e-05	0.01054	9.9e-05	0.01041	0.00017
2	0.00025	0.00017	0.00020	0.00019	0.00021	0.00017	0.00012	0.01140	0.03773	0.02588	0.02388	0.03155	0.03341	0.68184	0.11863	0.01157	0.00017	0.01057	0.01195	0.00012
3	0.00034	0.00028	0.00034	0.02190	0.01895	0.00022	0.00020	0.01928	0.00033	0.03594	0.00029	0.00033	0.00024	0.00012	0.00013	2.6e-05	0.02002	9.8e-05	9.5e-05	0.88086
4	0.00039	0.00033	0.00035	0.00032	0.00040	0.00039	0.00025	0.00082	0.99330	0.00065	0.00063	0.00058	0.00047	0.00021	0.00016	5.3e-05	0.00012	0.00018	0.00016	0.00025
5	0.00061	0.00025	0.00033	0.00026	0.00037	0.00022	0.00021	0.01507	0.01474	0.79433	0.04741	0.03354	0.06093	0.00022	0.00016	4.9e-05	0.00012	0.01652	0.01440	0.00024
6	0.00058	0.00074	0.00044	0.00040	0.00048	0.99392	0.00030	0.00062	0.00044	0.00038	0.00024	0.00028	0.00020	0.00016	0.00014	4e-05	0.00028	0.0001	8e-05	0.00018
7	0.00021	0.00016	0.00020	0.00021	0.00024	0.00015	0.02500	0.00026	0.01453	0.00046	0.19442	0.38518	0.27910	0.01656	0.00020	5.8e-05	9.3e-05	0.06867	0.01416	0.00014
8	0.05920	0.08482	0.05364	0.11882	0.07473	0.01857	0.11136	0.04067	0.01580	0.13641	0.06738	0.01952	0.02055	0.00838	0.02051	0.00664	0.05455	0.01672	0.00676	0.06495

[dist]
# distance from previous block
# <min> <max>
5	8

[block]
# block no. 10 follows, 2228 sequences, length 10
# corresponding to MSA columns:
# 1922,1931,1933,1934,1952-1957
name=unknown_K
#
# <colnr> <probs for GDERKNQSTAVLIFYWHMCP>
#	G	D	E	R	K	N	Q	S	T	A	V	L	I	F	Y	W	H	M	C	P
0	0.01300	0.00026	0.00031	0.00023	0.00035	0.00021	0.00018	0.00042	0.01281	0.09609	0.01180	0.04833	0.01211	0.00015	0.00013	3e-05	0.00011	0.01134	0.02604	0.76611
1	0.03356	0.00711	0.00943	0.06655	0.17435	0.00608	0.03256	0.02243	0.00776	0.17792	0.08907	0.20405	0.06576	0.01437	0.00576	5.3e-05	0.00848	0.01977	0.01442	0.04050
2	0.01014	0.15054	0.04756	0.06576	0.07098	0.13634	0.06761	0.09406	0.04294	0.05845	0.03507	0.01805	0.04786	0.02196	0.03090	0.00537	0.06690	0.00736	0.00653	0.01560
3	0.92805	0.00032	0.03409	0.00021	0.00032	0.00034	0.00018	0.00047	0.00027	0.03429	0.00023	0.00026	0.00018	0.00015	0.0001	4.8e-05	0.00012	8.8e-05	9.8e-05	0.00017
4	0.01710	0.00017	0.00020	0.00019	0.00024	0.00015	0.00015	0.01695	0.00042	0.02380	0.70853	0.01795	0.21291	0.00033	0.00018	5e-05	7.8e-05	0.00028	0.00016	0.00015
5	0.00022	0.00016	0.00023	0.00023	0.00026	0.00019	0.00018	0.00027	0.00025	0.00036	0.00043	0.00067	0.00042	0.15694	0.80470	0.00023	0.00036	0.00017	0.03359	0.00013
6	0.03546	0.00024	0.00031	0.00818	0.00730	0.00748	0.00765	0.01143	0.01257	0.58482	0.20674	0.03448	0.04098	0.00810	0.01322	5.2e-05	0.00012	0.00743	0.01321	0.00022
7	0.12718	0.00021	0.00024	0.00022	0.00028	0.01408	0.00017	0.02679	0.07992	0.07891	0.62333	0.00091	0.02236	0.00027	0.00016	4.9e-05	9.3e-05	0.00023	0.02443	0.00017
8	0.00640	0.03686	0.11238	0.23913	0.13149	0.02200	0.05671	0.07209	0.03868	0.01262	0.02053	0.02731	0.02204	0.02168	0.01814	0.13805	0.01140	0.01222	8.9e-05	0.00018
9	0.01605	0.00019	0.00023	0.00022	0.00026	0.00018	0.00016	0.02378	0.06323	0.11841	0.46927	0.11316	0.06508	0.07153	0.00938	6e-05	9.9e-05	0.02104	0.02752	0.00016

[dist]
# distance from previous block
# <min> <max>
3	67

[block]
# block no. 11 follows, 2228 sequences, length 13
# corresponding to MSA columns:
# 2050-2062
name=unknown_L
#
# <colnr> <probs for GDERKNQSTAVLIFYWHMCP>
#	G	D	E	R	K	N	Q	S	T	A	V	L	I	F	Y	W	H	M	C	P
0	0.05218	0.11557	0.02733	0.04534	0.05157	0.04714	0.05325	0.01183	0.00838	0.07317	0.01217	0.02039	0.00924	0.06074	0.03788	0.01154	0.01899	0.02101	0.00646	0.31581
1	0.60078	0.00030	0.00028	0.00024	0.00034	0.00032	0.00019	0.08183	0.01375	0.26490	0.01211	0.01147	0.00027	0.00017	0.00012	4.8e-05	0.00013	0.00012	0.01245	0.00020
2	0.00035	0.01009	0.00026	0.00024	0.00030	0.00018	0.00020	0.01086	0.01168	0.24868	0.40758	0.01542	0.03481	0.00031	0.00018	5.4e-05	0.00011	0.24788	0.01062	0.00018
3	0.07588	0.00023	0.00028	0.00025	0.00033	0.00022	0.00020	0.01714	0.10874	0.39022	0.06847	0.08519	0.12733	0.00027	0.00016	5.2e-05	0.00012	0.08854	0.03617	0.00020
4	0.01173	0.01415	0.00045	0.00037	0.00046	0.48559	0.00029	0.39580	0.00054	0.00062	0.00030	0.00033	0.00023	0.00021	0.03171	5e-05	0.04529	0.00012	0.01155	0.00021
5	0.00021	0.00016	0.00019	0.00918	0.00023	0.00014	0.00014	0.00026	0.00037	0.00867	0.31339	0.08862	0.47035	0.06016	0.01562	6.1e-05	0.00838	0.01390	0.00985	0.00014
6	0.99564	0.00030	0.00023	0.00020	0.00030	0.00035	0.00017	0.00046	0.00026	0.00070	0.00022	0.00025	0.00017	0.00014	9.6e-05	4.8e-05	0.00012	8.4e-05	9.6e-05	0.00017
7	0.00452	0.00915	0.00538	0.07433	0.03959	0.05258	0.01161	0.03256	0.31520	0.00551	0.11868	0.03914	0.04097	0.02277	0.09665	0.00669	0.05489	0.02088	0.02831	0.02058
8	0.00041	0.00044	0.00047	0.47699	0.10118	0.33330	0.00815	0.01687	0.01085	0.01703	0.00774	0.00749	0.00023	0.00016	0.00015	4.7e-05	0.00742	0.00013	0.01075	0.00019
9	0.00032	0.02502	0.01468	0.00023	0.00037	0.01006	0.00019	0.01054	0.00033	0.00051	0.04166	0.01157	0.01158	0.00013	0.00012	2.6e-05	0.00012	0.00011	9.6e-05	0.87236
10	0.00040	0.00033	0.00037	0.00032	0.00041	0.00038	0.02416	0.02723	0.85625	0.04085	0.01285	0.00059	0.00048	0.00021	0.00016	5.3e-05	0.01458	0.01997	0.00016	0.00024
11	0.00023	0.00016	0.00019	0.00019	0.00021	0.00015	0.00012	0.00027	0.02534	0.01351	0.26036	0.04167	0.09991	0.51539	0.02319	0.00011	0.00013	0.01863	0.00012	0.00012
12	0.25053	0.13131	0.09264	0.01072	0.06394	0.13379	0.03447	0.09231	0.02622	0.05928	0.01707	0.00587	0.00534	0.00432	0.01603	4.9e-05	0.03330	0.00431	0.00844	0.01008

[dist]
# distance from previous block
# <min> <max>
4	42

[block]
# block no. 12 follows, 2228 sequences, length 7
# corresponding to MSA columns:
# 2114-2117,2124,2125,2131
name=unknown_M
#
# <colnr> <probs for GDERKNQSTAVLIFYWHMCP>
#	G	D	E	R	K	N	Q	S	T	A	V	L	I	F	Y	W	H	M	C	P
0	0.00891	0.00032	0.00842	0.11919	0.01291	0.04120	0.11625	0.12499	0.25024	0.01210	0.05506	0.12020	0.03354	0.01009	0.01466	0.02585	0.02839	0.00937	0.00812	0.00020
1	0.00022	0.00016	0.00020	0.00020	0.00024	0.00015	0.01359	0.00027	0.01581	0.01689	0.25708	0.31693	0.28046	0.01906	0.01351	5.9e-05	9.3e-05	0.02404	0.02366	0.01739
2	0.00032	0.07194	0.92267	0.00043	0.00065	0.00038	0.00055	0.00049	0.00033	0.00048	0.00027	0.00032	0.00020	0.00015	0.00014	4.8e-05	0.00022	0.00011	6.6e-05	0.00023
3	0.01483	0.00023	0.00027	0.00024	0.00031	0.01585	0.00019	0.05359	0.13308	0.16831	0.50122	0.01834	0.04118	0.00027	0.00017	4.9e-05	0.00010	0.01489	0.00016	0.03672
4	0.00034	0.00034	0.00037	0.00033	0.00036	0.15128	0.00026	0.01847	0.01829	0.00038	0.00031	0.00047	0.00029	0.10337	0.22288	0.01920	0.43880	0.00015	0.02395	0.00016
5	0.01699	0.00016	0.00019	0.00019	0.00023	0.00014	0.00014	0.00027	0.00034	0.04474	0.19054	0.32610	0.28300	0.08269	0.01677	6.6e-05	9.7e-05	0.01753	0.01969	0.00014
6	0.00022	0.00017	0.01223	0.01219	0.00024	0.00016	0.01216	0.00025	0.01225	0.00037	0.01665	0.38222	0.08028	0.38581	0.02596	9.9e-05	0.01216	0.01754	0.00012	0.02893

[dist]
# distance from previous block
# <min> <max>
7	23

[block]
# block no. 13 follows, 2228 sequences, length 15
# corresponding to MSA columns:
# 2207,2210-2223
name=unknown_N
#
# <colnr> <probs for GDERKNQSTAVLIFYWHMCP>
#	G	D	E	R	K	N	Q	S	T	A	V	L	I	F	Y	W	H	M	C	P
0	0.79192	0.10224	0.01314	0.00960	0.00034	0.02582	0.01245	0.01127	0.00957	0.00775	0.00023	0.00026	0.00018	0.00015	0.00011	4.7e-05	0.01457	8.9e-05	9.3e-05	0.00018
1	0.00412	0.00746	0.21455	0.11044	0.15718	0.00726	0.24674	0.02819	0.02683	0.03627	0.01324	0.06059	0.00416	0.00446	0.01315	0.01105	0.03576	0.00943	0.00891	0.00021
2	0.00923	0.04473	0.11532	0.11701	0.04598	0.03821	0.05870	0.03453	0.09505	0.02656	0.03562	0.05512	0.02756	0.03692	0.04405	0.00778	0.14226	0.01544	0.00951	0.04041
3	0.00772	0.00016	0.00020	0.00020	0.00024	0.00015	0.00015	0.00710	0.00741	0.03201	0.25259	0.27457	0.28197	0.00038	0.00019	5.5e-05	8.9e-05	0.09207	0.03538	0.00736
4	0.00706	0.06554	0.14027	0.18260	0.09531	0.01495	0.04613	0.07810	0.16161	0.09954	0.02747	0.00914	0.01353	0.00957	0.00520	0.00574	0.01281	0.00643	0.01879	0.00022
5	0.00022	0.00016	0.00021	0.00020	0.00024	0.00015	0.00711	0.00029	0.01082	0.01014	0.74236	0.06900	0.11957	0.01178	0.00885	5.3e-05	8.2e-05	0.01048	0.00814	0.00015
6	0.00804	0.09925	0.25568	0.06139	0.03135	0.01353	0.03794	0.10709	0.08205	0.07551	0.07232	0.01168	0.02915	0.02358	0.03652	0.00402	0.02814	0.00883	0.01372	0.00021
7	0.00023	0.00015	0.00018	0.00019	0.00019	0.00015	0.00012	0.00023	0.00025	0.00709	0.01388	0.20625	0.04025	0.58899	0.00842	0.09314	0.00013	0.01343	0.01145	0.01530
8	0.00988	0.00697	0.03069	0.07346	0.03105	0.01200	0.01517	0.00831	0.02917	0.02169	0.22778	0.21351	0.11044	0.05158	0.04961	0.00529	0.06194	0.01597	0.02535	0.00015
9	0.06567	0.07450	0.11566	0.05311	0.14744	0.02230	0.09105	0.03714	0.02501	0.11745	0.00877	0.01362	0.00436	0.00951	0.01949	5.6e-05	0.16993	0.01120	0.00825	0.00549
10	0.00674	0.00027	0.01473	0.25467	0.24169	0.00757	0.00776	0.00500	0.00029	0.00495	0.00036	0.01202	0.00034	0.22728	0.14678	0.00872	0.04700	0.00876	8.1e-05	0.00499
11	0.00020	0.00015	0.00019	0.00662	0.00671	0.00014	0.00811	0.00024	0.02111	0.00042	0.04658	0.54585	0.32285	0.00661	0.00020	5.9e-05	0.00640	0.01292	0.01451	0.00013
12	0.00030	0.00028	0.00047	0.93790	0.00103	0.00035	0.00043	0.00040	0.00031	0.00040	0.00027	0.00041	0.00021	0.00016	0.00018	5.3e-05	0.05650	0.00014	6.9e-05	0.00017
13	0.21529	0.27390	0.09177	0.00867	0.02521	0.07616	0.00868	0.06474	0.00603	0.02649	0.00496	0.00030	0.00022	0.00015	0.00478	0.00485	0.01344	0.00010	8.9e-05	0.17416
14	0.00032	0.03275	0.72687	0.00043	0.00062	0.01586	0.08251	0.00731	0.02816	0.00049	0.00896	0.00046	0.01815	0.00017	0.00015	5e-05	0.00022	0.06779	7.8e-05	0.00865

[dist]
# distance from previous block
# <min> <max>
0	1

[block]
# block no. 14 follows, 2228 sequences, length 25
# corresponding to MSA columns:
# 2225-2244,2249-2253
name=unknown_O
#
# <colnr> <probs for GDERKNQSTAVLIFYWHMCP>
#	G	D	E	R	K	N	Q	S	T	A	V	L	I	F	Y	W	H	M	C	P
0	0.00277	0.00034	0.11741	0.12237	0.13927	0.00278	0.18715	0.00352	0.00779	0.05267	0.11110	0.07002	0.11485	0.00294	0.00336	0.00457	0.02027	0.03272	0.00391	0.00019
1	0.00039	0.00667	0.00474	0.15128	0.65226	0.02486	0.00879	0.01089	0.03698	0.05498	0.00761	0.00534	0.00027	0.00016	0.00373	4.8e-05	0.00870	0.00290	0.00906	0.01033
2	0.00023	0.00015	0.00018	0.00018	0.00018	0.00015	0.00010	0.00023	0.00023	0.00031	0.00049	0.01436	0.00056	0.88913	0.07932	0.00016	0.00017	0.01368	9.5e-05	9.9e-05
3	0.02497	0.32070	0.10601	0.01262	0.01407	0.10566	0.01601	0.11875	0.02176	0.13573	0.01344	0.00316	0.00454	0.00016	0.00013	4e-05	0.00903	0.00012	0.00293	0.09018
4	0.23707	0.07256	0.00598	0.00548	0.00595	0.05821	0.00445	0.55551	0.03877	0.00810	0.00033	0.00034	0.00024	0.00017	0.00014	4.6e-05	0.00617	0.00012	0.00013	0.00023
5	0.00024	0.00017	0.00476	0.00832	0.00863	0.00016	0.00490	0.00935	0.00891	0.06361	0.19741	0.40754	0.16728	0.05776	0.00022	6e-05	0.00324	0.01504	0.00015	0.04225
6	0.01535	0.39755	0.40407	0.00756	0.01565	0.01821	0.03147	0.01385	0.01443	0.03863	0.00287	0.00471	0.00419	0.00298	0.00013	4.3e-05	0.00756	0.00392	7.6e-05	0.01674
7	0.02178	0.08807	0.27537	0.00592	0.01485	0.00747	0.05153	0.02834	0.04177	0.38140	0.00697	0.01487	0.00562	0.00017	0.00015	4.7e-05	0.00597	0.00343	0.00013	0.04613
8	0.00019	0.00014	0.00018	0.00022	0.00023	0.00013	0.00015	0.00022	0.00030	0.00040	0.00086	0.94961	0.01260	0.01168	0.00020	6.4e-05	9.2e-05	0.02248	0.00014	0.00013
9	0.00578	0.00028	0.01465	0.04252	0.34508	0.00027	0.03537	0.02711	0.06244	0.03301	0.14345	0.05935	0.20064	0.00025	0.00017	5e-05	0.00468	0.02152	0.00319	0.00019
10	0.00572	0.07464	0.19666	0.05130	0.06904	0.05732	0.07482	0.03133	0.07115	0.27567	0.03585	0.01459	0.01374	0.00276	0.00321	4.9e-05	0.01311	0.00579	0.00304	0.00022
11	0.03215	0.00040	0.03953	0.02826	0.00941	0.00673	0.71731	0.00449	0.00821	0.11589	0.00950	0.00044	0.00027	0.00015	0.00018	0.00636	0.00807	0.00832	0.00414	0.00021
12	0.00020	0.00016	0.00018	0.00020	0.00024	0.00014	0.00015	0.00024	0.00034	0.00043	0.02159	0.26623	0.51003	0.00042	0.00019	5.9e-05	9.4e-05	0.19883	0.00014	0.00013
13	0.06131	0.10006	0.09391	0.06971	0.15290	0.05556	0.09275	0.03029	0.02550	0.19263	0.01057	0.01417	0.00820	0.01141	0.01346	0.00418	0.05186	0.00663	0.00469	0.00021
14	0.00576	0.07202	0.07340	0.17450	0.19682	0.06680	0.12088	0.01630	0.01917	0.10877	0.01123	0.05614	0.01707	0.00245	0.00411	0.00231	0.02937	0.00270	0.02000	0.00021
15	0.00042	0.95781	0.00080	0.00027	0.00040	0.03742	0.00027	0.00047	0.00032	0.00037	0.00022	0.00025	0.00020	0.00013	0.00010	3.3e-05	0.00017	8.4e-05	6.7e-05	0.00020
16	0.00326	0.00335	0.11752	0.04163	0.11438	0.00316	0.02212	0.01963	0.02939	0.11277	0.29902	0.02554	0.08914	0.00922	0.00552	5.1e-05	0.00013	0.02129	0.08270	0.00019
17	0.01401	0.07570	0.25854	0.04691	0.08482	0.04128	0.08783	0.02754	0.02601	0.15147	0.06169	0.06005	0.04024	0.00020	0.00016	0.00365	0.00829	0.00758	0.00383	0.00021
18	0.00519	0.05301	0.13111	0.12286	0.08125	0.05134	0.10672	0.02684	0.09392	0.14726	0.02762	0.03719	0.01831	0.03080	0.03080	5.9e-05	0.01346	0.01732	0.00475	0.00021
19	0.00846	0.00026	0.00033	0.00027	0.00036	0.00025	0.00021	0.05012	0.15059	0.57870	0.08755	0.03366	0.04547	0.00486	0.00017	0.00564	0.00012	0.00466	0.02808	0.00023
20	0.00300	0.00499	0.04505	0.53124	0.18118	0.01301	0.02506	0.01076	0.00424	0.03221	0.01314	0.06106	0.03475	0.00639	0.01421	0.00445	0.00736	0.00478	0.00295	0.00019
21	0.01220	0.07633	0.21199	0.08874	0.06308	0.05954	0.09435	0.04650	0.04286	0.18707	0.02632	0.01514	0.00973	0.00531	0.01084	0.00231	0.02626	0.01275	0.00575	0.00293
22	0.00326	0.01019	0.00846	0.00965	0.02309	0.01316	0.01748	0.00898	0.00796	0.02387	0.07508	0.17051	0.22493	0.13885	0.16774	0.06283	0.01400	0.01021	0.00963	0.00014
23	0.00355	0.00253	0.00998	0.03144	0.01403	0.01293	0.00458	0.00728	0.04364	0.00629	0.02396	0.43269	0.04369	0.28879	0.02894	0.01507	0.01755	0.00486	0.00590	0.00230
24	0.10510	0.05243	0.07340	0.06327	0.08142	0.05797	0.06240	0.08648	0.03625	0.24532	0.02783	0.01998	0.01907	0.01379	0.00958	0.00229	0.02038	0.00673	0.00762	0.00868

[dist]
# distance from previous block
# <min> <max>
0	55

# created by:
# /home/cegg/simao/soft/augustus-3.2.1/scripts/msa2prfl.pl ./align_prep/POG091H01NZ.fa
