[name]
unknown

[dist]
# distance from previous block
# <min> <max>
0	338

[block]
# block no. 0 follows, 3452 sequences, length 33
# corresponding to MSA columns:
# 362-394
name=unknown_A
#
# <colnr> <probs for GDERKNQSTAVLIFYWHMCP>
#	G	D	E	R	K	N	Q	S	T	A	V	L	I	F	Y	W	H	M	C	P
0	0.00406	0.00448	0.00378	0.05021	0.03318	0.00811	0.25642	0.03158	0.04592	0.01357	0.03810	0.08707	0.05699	0.00212	0.00012	3.5e-05	0.00347	0.24647	7.5e-05	0.11426
1	0.00726	0.08734	0.14161	0.02634	0.29079	0.08661	0.05803	0.18225	0.01079	0.06339	0.00755	0.00835	0.01171	0.00010	9.8e-05	3e-05	0.00807	8.8e-05	0.00230	0.00727
2	0.00199	0.00211	0.00258	0.14340	0.10462	0.25620	0.03505	0.00825	0.00674	0.00368	0.00748	0.07844	0.00734	0.06950	0.05970	4.6e-05	0.20252	0.00524	0.00251	0.00263
3	0.00013	0.00011	0.00012	0.00013	0.03570	9.6e-05	8.9e-05	0.00017	0.03417	0.00028	0.03358	0.01579	0.86662	0.00778	0.00012	3.4e-05	5.5e-05	0.00484	9.2e-05	9e-05
4	0.00019	0.00018	0.00030	0.96368	0.02284	0.00022	0.00028	0.00026	0.00020	0.00026	0.00019	0.00027	0.01051	0.00010	0.00010	3.3e-05	0.00013	9.1e-05	4.5e-05	0.00011
5	0.00037	0.00047	0.00028	0.00026	0.00031	0.97317	0.00019	0.01164	0.01194	0.00025	0.00016	0.00018	0.00013	0.00010	9.1e-05	2.6e-05	0.00018	6.6e-05	5.3e-05	0.00012
6	0.00014	9.8e-05	0.00011	0.00011	0.00011	9.7e-05	6.2e-05	0.00015	0.00015	0.00020	0.00036	0.00068	0.06253	0.93425	0.00049	9.3e-05	9.5e-05	0.00015	6.3e-05	6.2e-05
7	0.00880	0.00021	0.00023	0.00018	0.00024	0.00023	0.00015	0.61728	0.00038	0.04301	0.00028	0.00029	0.00020	0.00012	9e-05	2.8e-05	8.8e-05	9.2e-05	0.32796	0.00014
8	0.00012	0.00010	0.00010	0.00010	0.00014	8.8e-05	7.8e-05	0.00015	0.02014	0.00028	0.01348	0.00095	0.96341	0.00025	0.00012	3.4e-05	5.1e-05	0.00021	9.4e-05	8.6e-05
9	0.00012	0.00010	0.00011	0.00011	0.00014	8.8e-05	7.9e-05	0.00015	0.01145	0.00029	0.10108	0.00094	0.88451	0.00025	0.00012	3.4e-05	5.1e-05	0.00021	9.5e-05	8.7e-05
10	0.00045	0.00017	0.00023	0.00018	0.00026	0.00015	0.00015	0.00049	0.00029	0.99591	0.00040	0.00034	0.00025	0.00012	0.00010	3.1e-05	8.6e-05	0.00010	0.00012	0.00017
11	0.00022	0.00022	0.00031	0.00026	0.00026	0.00031	0.00022	0.00024	0.00015	0.00024	0.00013	0.00022	0.00013	0.00018	0.00033	4.4e-05	0.99628	8.8e-05	4.4e-05	0.00011
12	0.00012	0.00010	0.00010	0.00010	0.00014	8.6e-05	7.8e-05	0.00015	0.00023	0.00028	0.08721	0.00095	0.90960	0.00025	0.00012	3.4e-05	5.1e-05	0.00021	9.5e-05	8.6e-05
13	0.00027	0.97535	0.00052	0.00017	0.00026	0.02156	0.00017	0.00030	0.00021	0.00024	0.00014	0.00016	0.00013	8.6e-05	6.5e-05	2.2e-05	0.00011	5.4e-05	4.3e-05	0.00013
14	0.00022	0.00022	0.00031	0.00026	0.00026	0.00031	0.00022	0.00024	0.00015	0.00024	0.00013	0.00022	0.00013	0.00018	0.00033	4.4e-05	0.99628	8.8e-05	4.4e-05	0.00011
15	0.99718	0.00019	0.00015	0.00013	0.00019	0.00023	0.00011	0.00030	0.00017	0.00045	0.00014	0.00016	0.00011	9.3e-05	6.2e-05	3.1e-05	7.8e-05	5.4e-05	6.2e-05	0.00011
16	0.00025	0.00024	0.00041	0.00062	0.99584	0.00024	0.00031	0.00031	0.00023	0.00033	0.00019	0.00025	0.00016	9e-05	9.9e-05	3e-05	0.00012	9e-05	5e-05	0.00016
17	0.00037	0.00028	0.00030	0.00023	0.00031	0.00031	0.00019	0.91375	0.08225	0.00062	0.00026	0.00025	0.00018	0.00012	0.00010	3e-05	0.00011	9.2e-05	0.00010	0.00017
18	0.00025	0.00022	0.00023	0.00020	0.00026	0.00025	0.00016	0.00053	0.99566	0.00042	0.00041	0.00037	0.00031	0.00014	0.00010	3.4e-05	8e-05	0.00011	0.00010	0.00016
19	0.00012	8.9e-05	0.00012	0.00014	0.00014	8.2e-05	9.2e-05	0.00014	0.00020	0.00026	0.01946	0.90321	0.05503	0.02024	0.00014	4.1e-05	5.8e-05	0.00028	9.3e-05	8.2e-05
20	0.00042	0.00019	0.00024	0.00018	0.00026	0.00017	0.00015	0.14896	0.01326	0.78810	0.03895	0.00035	0.00027	0.00013	0.00010	3.1e-05	8.8e-05	0.00787	0.00012	0.00017
21	0.00027	0.99653	0.00053	0.00017	0.00026	0.00040	0.00017	0.00030	0.00020	0.00024	0.00014	0.00016	0.00013	8.6e-05	6.4e-05	2.1e-05	0.00011	5.4e-05	4.3e-05	0.00013
22	0.00568	0.00018	0.00030	0.93394	0.00636	0.00022	0.01796	0.00026	0.00020	0.00550	0.00018	0.00027	0.00014	0.00010	0.0001	3.3e-05	0.00013	9e-05	0.02825	0.00011
23	0.00013	9.6e-05	0.00011	0.00013	0.00014	8.7e-05	9e-05	0.00015	0.00020	0.00026	0.00706	0.48075	0.33248	0.10201	0.00016	4.5e-05	6.2e-05	0.07586	9e-05	8.1e-05
24	0.00012	9.4e-05	0.00011	0.00012	0.00014	8.4e-05	8.7e-05	0.00014	0.00021	0.00026	0.00076	0.53251	0.44153	0.00029	0.00012	3.8e-05	5.6e-05	0.02314	9.3e-05	8.3e-05
25	0.00674	0.02249	0.46284	0.01468	0.00301	0.00271	0.42656	0.01932	0.00023	0.01333	0.00292	0.01046	0.00015	0.00416	0.00011	3.3e-05	0.00997	9.6e-05	4.9e-05	0.00014
26	0.00257	0.00957	0.05220	0.03664	0.13016	0.01263	0.02802	0.02403	0.04294	0.05560	0.04053	0.20611	0.11809	0.05676	0.06140	0.00759	0.03802	0.07477	0.00227	0.00011
27	0.02754	0.00018	0.00019	0.00017	0.00022	0.00021	0.00014	0.04454	0.62070	0.03708	0.00488	0.00800	0.00029	0.00013	9.3e-05	3.1e-05	7.2e-05	0.00011	0.25529	0.00014
28	0.56018	0.05428	0.03083	0.01573	0.10698	0.10371	0.03909	0.01492	0.00020	0.00692	0.00016	0.00770	0.00342	0.00231	0.00226	3.1e-05	0.04872	0.00239	5.8e-05	0.00012
29	0.23558	0.00018	0.00019	0.00017	0.00319	0.00801	0.00375	0.04030	0.29547	0.18616	0.10526	0.04367	0.06590	0.00357	9.8e-05	3.3e-05	7.7e-05	0.00816	9.6e-05	0.00013
30	0.00379	0.00010	0.00013	0.00013	0.00015	0.00539	9.4e-05	0.00336	0.01971	0.00032	0.40562	0.37148	0.16581	0.00699	0.00342	3.6e-05	5.5e-05	0.01323	0.0001	9e-05
31	0.02158	0.14186	0.12966	0.00595	0.01733	0.02132	0.05486	0.30028	0.16515	0.09395	0.00765	0.00254	0.00019	0.00541	0.00758	3.1e-05	0.00011	0.00203	0.00384	0.01868
32	0.00966	0.21208	0.24506	0.01800	0.10168	0.03784	0.08444	0.08507	0.02629	0.07962	0.01928	0.03335	0.00899	0.00011	9.6e-05	2.9e-05	0.01257	0.00416	6.2e-05	0.02161

[dist]
# distance from previous block
# <min> <max>
1	6

[block]
# block no. 1 follows, 3452 sequences, length 27
# corresponding to MSA columns:
# 404-430
name=unknown_B
#
# <colnr> <probs for GDERKNQSTAVLIFYWHMCP>
#	G	D	E	R	K	N	Q	S	T	A	V	L	I	F	Y	W	H	M	C	P
0	0.02148	0.18269	0.26634	0.00022	0.00984	0.08359	0.01417	0.08308	0.01135	0.30555	0.00347	0.00025	0.00017	0.00011	9.4e-05	2.9e-05	0.01001	8e-05	7.5e-05	0.00740
1	0.00024	0.00027	0.00058	0.03362	0.00053	0.00025	0.96230	0.00032	0.00024	0.00032	0.00020	0.00027	0.00015	8.5e-05	0.00012	3.4e-05	0.00017	0.00012	5.1e-05	0.00013
2	0.00014	0.00010	0.00013	0.00014	0.00374	0.00010	0.00010	0.00361	0.01395	0.00541	0.34223	0.17881	0.14499	0.10964	0.08346	5.3e-05	0.00527	0.10467	0.00336	8.8e-05
3	0.00013	9.1e-05	0.00012	0.00014	0.00015	8.6e-05	9.7e-05	0.00015	0.01427	0.00026	0.00055	0.93631	0.00066	0.00031	0.00013	4.1e-05	6e-05	0.04628	9.3e-05	8.3e-05
4	0.00027	0.99653	0.00053	0.00017	0.00026	0.00040	0.00017	0.00030	0.00020	0.00024	0.00014	0.00016	0.00013	8.6e-05	6.4e-05	2.1e-05	0.00011	5.4e-05	4.3e-05	0.00013
5	0.00422	0.10382	0.00330	0.09922	0.01956	0.18898	0.01349	0.44339	0.09821	0.01316	0.00023	0.00323	0.00017	0.00011	9.6e-05	2.9e-05	0.00309	0.00547	7.8e-05	0.00015
6	0.00016	0.00012	0.00016	0.00018	0.00020	0.01896	0.00016	0.00021	0.00023	0.00030	0.00053	0.09431	0.00058	0.00028	0.00014	4.5e-05	9.1e-05	0.88317	9.2e-05	9.2e-05
7	0.00026	0.69461	0.20041	0.00020	0.00612	0.00034	0.01407	0.01147	0.00021	0.01837	0.00016	0.00018	0.00013	9.2e-05	0.00577	2.5e-05	0.00012	6.1e-05	4.6e-05	0.04736
8	0.00012	9.4e-05	0.00011	0.00012	0.00014	8.3e-05	8.7e-05	0.00014	0.00021	0.00027	0.04780	0.57102	0.37886	0.00029	0.00012	3.8e-05	5.5e-05	0.00025	9.4e-05	8.3e-05
9	0.00020	0.00052	0.99595	0.00029	0.00043	0.00023	0.00037	0.00032	0.00021	0.00032	0.00018	0.00021	0.00013	9.5e-05	9.5e-05	3.2e-05	0.00015	7.4e-05	4.2e-05	0.00015
10	0.00020	0.00019	0.00033	0.81476	0.13470	0.00023	0.04764	0.00027	0.00021	0.00027	0.00018	0.00027	0.00014	9.8e-05	0.00010	3.3e-05	0.00013	9.1e-05	4.6e-05	0.00012
11	0.00021	0.02608	0.91837	0.00030	0.02764	0.00024	0.02517	0.00032	0.00021	0.00032	0.00018	0.00021	0.00013	9.5e-05	9.5e-05	3.2e-05	0.00015	7.5e-05	4.3e-05	0.00015
12	0.00019	0.00018	0.00031	0.92693	0.04274	0.00023	0.00028	0.00026	0.00020	0.00026	0.00018	0.00027	0.00013	0.00010	0.00011	3.4e-05	0.02736	8.9e-05	4.5e-05	0.00011
13	0.99718	0.00019	0.00015	0.00013	0.00019	0.00023	0.00011	0.00030	0.00017	0.00045	0.00014	0.00016	0.00011	9.3e-05	6.2e-05	3.1e-05	7.8e-05	5.4e-05	6.2e-05	0.00011
14	0.00012	0.00010	0.00010	0.00010	0.00014	8.5e-05	7.7e-05	0.00015	0.00023	0.00027	0.02085	0.00096	0.97597	0.00025	0.00012	3.4e-05	5.1e-05	0.00021	9.4e-05	8.5e-05
15	0.00025	0.00022	0.00023	0.00021	0.00026	0.00025	0.00016	0.01914	0.97705	0.00042	0.00041	0.00037	0.00030	0.00014	0.00010	3.4e-05	8e-05	0.00011	0.00010	0.00016
16	0.00012	0.00010	0.00010	0.00010	0.00014	8.5e-05	7.7e-05	0.00015	0.00023	0.00028	0.06145	0.00095	0.93537	0.00025	0.00012	3.4e-05	5.1e-05	0.00021	9.4e-05	8.5e-05
17	0.00025	0.00024	0.00041	0.02385	0.97261	0.00024	0.00031	0.00031	0.00023	0.00033	0.00019	0.00025	0.00016	9e-05	0.0001	3e-05	0.00012	9e-05	5e-05	0.00016
18	0.00035	0.01136	0.00743	0.00018	0.00025	0.00017	0.00015	0.23031	0.00031	0.51324	0.00039	0.20700	0.00032	0.00017	0.00011	3.3e-05	8.7e-05	0.02787	0.00011	0.00015
19	0.00027	0.00030	0.00047	0.02557	0.02631	0.18851	0.56924	0.03316	0.00851	0.01661	0.00909	0.00025	0.00016	0.00010	0.00014	3.3e-05	0.12100	0.00010	5.4e-05	0.00013
20	0.00038	0.00022	0.00025	0.00020	0.00027	0.04619	0.00016	0.21239	0.18288	0.48611	0.00615	0.00031	0.00024	0.00012	9.9e-05	3e-05	9.3e-05	9.7e-05	0.00714	0.05668
21	0.00018	0.00011	0.00014	0.00013	0.00016	0.00010	0.00010	0.00503	0.00637	0.12032	0.75173	0.00661	0.09826	0.00020	0.00012	3.2e-05	5.3e-05	0.00512	0.00513	0.00010
22	0.00024	0.00023	0.06289	0.45606	0.02101	0.00390	0.15478	0.06329	0.15211	0.06204	0.00024	0.00029	0.00018	0.00011	0.00010	3.3e-05	0.00372	0.00929	0.00934	0.00013
23	0.00014	9.9e-05	0.00013	0.00014	0.00016	9.4e-05	0.00011	0.00557	0.01549	0.00028	0.09287	0.59759	0.08628	0.01551	0.00013	4.1e-05	6.4e-05	0.18512	9.4e-05	8.7e-05
24	0.00387	0.11296	0.08327	0.02026	0.11887	0.16313	0.02055	0.02810	0.04538	0.01722	0.04915	0.01304	0.04257	0.03678	0.03241	3.5e-05	0.04286	0.02484	6.2e-05	0.14465
25	0.00015	0.00011	0.00016	0.00016	0.00017	0.00012	0.00012	0.00017	0.00016	0.00023	0.00028	0.00659	0.01898	0.01694	0.83251	0.09758	0.01928	0.00615	5.4e-05	8.5e-05
26	0.00394	0.01978	0.08690	0.06972	0.32311	0.03272	0.03935	0.00882	0.22431	0.02442	0.05370	0.01934	0.01624	0.00394	0.00011	3.2e-05	0.05171	0.00559	0.00406	0.01220

[dist]
# distance from previous block
# <min> <max>
0	15

[block]
# block no. 2 follows, 3452 sequences, length 75
# corresponding to MSA columns:
# 446-516,520-523
name=unknown_C
#
# <colnr> <probs for GDERKNQSTAVLIFYWHMCP>
#	G	D	E	R	K	N	Q	S	T	A	V	L	I	F	Y	W	H	M	C	P
0	0.00923	0.11843	0.22964	0.01689	0.05616	0.02435	0.04528	0.01331	0.29947	0.01515	0.07928	0.01162	0.03875	0.00747	0.00229	3.2e-05	0.01208	0.00335	0.00158	0.01564
1	0.00015	0.00011	0.00016	0.00181	0.00018	0.00013	0.00013	0.00018	0.00441	0.00338	0.00269	0.00383	0.01619	0.02656	0.91776	0.00015	0.02038	0.00166	5.5e-05	9e-05
2	0.00019	0.00200	0.09368	0.01267	0.02298	0.03019	0.17710	0.01340	0.07028	0.02794	0.17981	0.04283	0.27536	0.00330	0.01946	3.6e-05	0.02043	0.00310	0.00514	0.00011
3	0.00013	9.1e-05	0.00012	0.00014	0.00014	8.6e-05	9e-05	0.00014	0.00019	0.00025	0.00335	0.75505	0.03258	0.16657	0.00313	5.1e-05	6.6e-05	0.03768	8.8e-05	7.9e-05
4	0.01039	0.00398	0.00029	0.00026	0.00031	0.80857	0.01999	0.00037	0.00026	0.00025	0.00015	0.00019	0.00013	0.00011	0.00013	2.9e-05	0.15435	6.9e-05	5.1e-05	0.00012
5	0.00013	9.2e-05	0.00012	0.00014	0.00015	8.7e-05	9.4e-05	0.00015	0.00019	0.00025	0.00370	0.71995	0.02906	0.15095	0.00019	5e-05	6.7e-05	0.09446	8.8e-05	8e-05
6	0.00012	0.00010	0.00011	0.00011	0.00014	0.00392	8.3e-05	0.00015	0.00023	0.00358	0.03934	0.01475	0.88381	0.00025	0.00012	3.5e-05	5.4e-05	0.05292	9.4e-05	8.6e-05
7	0.00027	0.99653	0.00053	0.00017	0.00026	0.00040	0.00017	0.00030	0.00020	0.00024	0.00014	0.00016	0.00013	8.6e-05	6.4e-05	2.1e-05	0.00011	5.4e-05	4.3e-05	0.00013
8	0.00025	0.00022	0.00023	0.00020	0.00026	0.00025	0.00016	0.00053	0.98885	0.00042	0.00041	0.00037	0.00031	0.00014	0.00010	3.4e-05	7.9e-05	0.00011	0.00692	0.00016
9	0.00021	0.00018	0.00021	0.00015	0.00024	0.00013	0.00012	0.00025	0.00021	0.00033	0.00018	0.00021	0.00015	7.4e-05	7.4e-05	1.5e-05	7.4e-05	6e-05	6e-05	0.99708
10	0.99718	0.00019	0.00015	0.00013	0.00019	0.00023	0.00011	0.00030	0.00017	0.00045	0.00014	0.00016	0.00011	9.3e-05	6.2e-05	3.1e-05	7.8e-05	5.4e-05	6.2e-05	0.00011
11	0.00022	0.00022	0.00031	0.00026	0.00026	0.00031	0.00022	0.00024	0.00015	0.00024	0.00013	0.00022	0.00013	0.00018	0.00033	4.4e-05	0.99628	8.8e-05	4.4e-05	0.00011
12	0.00015	0.00011	0.00014	0.00013	0.00015	9.8e-05	9.6e-05	0.00885	0.00584	0.01011	0.96799	0.00074	0.00482	0.00020	0.00012	3.2e-05	4.9e-05	0.00018	0.00011	9.7e-05
13	0.00027	0.98644	0.00052	0.00017	0.00026	0.01048	0.00017	0.00030	0.00021	0.00024	0.00014	0.00016	0.00013	8.6e-05	6.5e-05	2.2e-05	0.00011	5.4e-05	4.3e-05	0.00013
14	0.00015	9.7e-05	0.00011	0.00011	0.00011	9.7e-05	6.1e-05	0.00015	0.00015	0.00019	0.00032	0.00066	0.00037	0.99647	0.00051	9.7e-05	9.7e-05	0.00015	6.1e-05	6.1e-05
15	0.01959	0.00026	0.00027	0.00888	0.00029	0.06797	0.01217	0.46969	0.28722	0.11105	0.00030	0.00029	0.00542	0.00013	0.00010	3.1e-05	0.00934	0.00427	0.00257	0.00016
16	0.00015	0.00011	0.00016	0.00016	0.00018	0.00013	0.00013	0.00018	0.00016	0.00512	0.00027	0.00039	0.00025	0.00731	0.97404	0.00016	0.01085	0.00011	5.4e-05	9e-05
17	0.00020	0.00052	0.99595	0.00029	0.00043	0.00023	0.00037	0.00032	0.00021	0.00032	0.00018	0.00021	0.00013	9.5e-05	9.5e-05	3.2e-05	0.00015	7.4e-05	4.2e-05	0.00015
18	0.00014	0.00010	0.00013	0.00013	0.00015	9.5e-05	9.5e-05	0.00019	0.00028	0.00040	0.99579	0.00075	0.00095	0.00021	0.00012	3.2e-05	4.7e-05	0.00018	0.00011	9.5e-05
19	0.00979	0.00576	0.00195	0.00664	0.00031	0.01019	0.00019	0.95371	0.00046	0.00316	0.00024	0.00024	0.00017	0.00429	0.00010	3e-05	0.00241	9e-05	9.9e-05	0.00017
20	0.00019	0.00018	0.00030	0.98639	0.01053	0.00022	0.00028	0.00026	0.00020	0.00026	0.00018	0.00027	0.00013	0.00010	0.00010	3.3e-05	0.00013	8.9e-05	4.5e-05	0.00011
21	0.00039	0.00027	0.00029	0.00022	0.00030	0.00029	0.00018	0.85167	0.00808	0.13227	0.00026	0.00026	0.00018	0.00012	0.00010	3e-05	0.00011	9.2e-05	0.00471	0.00017
22	0.00012	9e-05	0.00012	0.00014	0.00015	8.3e-05	9.3e-05	0.00014	0.00020	0.00026	0.00061	0.84902	0.11876	0.00031	0.00013	4e-05	5.8e-05	0.02951	9.3e-05	8.2e-05
23	0.00323	0.01207	0.03931	0.01711	0.02307	0.00275	0.02673	0.10879	0.00359	0.71054	0.00415	0.00171	0.00023	0.00178	0.02022	3.4e-05	0.00272	0.00704	0.01478	0.00016
24	0.00514	0.00018	0.00024	0.00018	0.00026	0.00016	0.00015	0.06972	0.00030	0.90879	0.00038	0.00033	0.00024	0.00012	0.00010	3.1e-05	8.7e-05	0.00010	0.01333	0.00017
25	0.00676	9.8e-05	0.0001	9.8e-05	0.00012	9.9e-05	7.4e-05	0.01569	0.00383	0.00451	0.04147	0.00039	0.00028	0.00012	7.3e-05	2.4e-05	4.8e-05	9.7e-05	0.92601	9.6e-05
26	0.00020	0.03255	0.95907	0.00028	0.00043	0.00024	0.00523	0.00032	0.00021	0.00032	0.00018	0.00021	0.00013	9.5e-05	9.5e-05	3.2e-05	0.00015	7.4e-05	4.2e-05	0.00015
27	0.97920	0.00019	0.00015	0.00013	0.00020	0.00023	0.00011	0.00625	0.00017	0.01245	0.00014	0.00017	0.00011	9.4e-05	6.3e-05	3.1e-05	7.8e-05	5.5e-05	6.3e-05	0.00011
28	0.00669	0.00018	0.00023	0.00018	0.00026	0.00016	0.00015	0.09658	0.01085	0.82828	0.04474	0.00035	0.00027	0.00013	0.00010	3.1e-05	8.6e-05	0.00010	0.01045	0.00017
29	0.00012	9.3e-05	0.00012	0.00013	0.00014	8.4e-05	9e-05	0.00015	0.00021	0.00028	0.13354	0.63907	0.21459	0.00437	0.00013	3.8e-05	5.5e-05	0.00349	0.00322	8.4e-05
30	0.00012	8.8e-05	0.00012	0.00014	0.00015	8.3e-05	9.4e-05	0.00310	0.00019	0.00026	0.00479	0.97104	0.00901	0.00031	0.00013	4.1e-05	5.9e-05	0.01010	9.3e-05	8.2e-05
31	0.00013	9.9e-05	0.00013	0.00013	0.00015	9.1e-05	9.2e-05	0.00017	0.00026	0.00035	0.64244	0.22785	0.12726	0.00024	0.00012	3.4e-05	5e-05	0.00021	0.00010	9.1e-05
32	0.00014	0.00010	0.00013	0.00012	0.00015	9.4e-05	9.4e-05	0.00019	0.00028	0.00863	0.91009	0.00076	0.07841	0.00021	0.00012	3.2e-05	4.8e-05	0.00018	0.00011	9.5e-05
33	0.00027	0.99653	0.00053	0.00017	0.00026	0.00040	0.00017	0.00030	0.00020	0.00024	0.00014	0.00016	0.00013	8.6e-05	6.4e-05	2.1e-05	0.00011	5.4e-05	4.3e-05	0.00013
34	0.00315	0.00018	0.00023	0.00018	0.00026	0.00016	0.00015	0.07543	0.00269	0.88360	0.00939	0.00034	0.00025	0.00012	0.00010	3.1e-05	8.6e-05	0.00010	0.02338	0.00017
35	0.07066	0.00022	0.00024	0.00020	0.00027	0.00023	0.00016	0.32027	0.26461	0.31411	0.01118	0.00032	0.00024	0.01670	0.00011	3.3e-05	9.1e-05	9.9e-05	0.00011	0.00016
36	0.00024	0.00027	0.00059	0.00043	0.02954	0.00025	0.96647	0.00032	0.00024	0.00032	0.00020	0.00027	0.00015	8.5e-05	0.00012	3.4e-05	0.00017	0.00012	5.1e-05	0.00014
37	0.95462	0.00020	0.00015	0.00014	0.00020	0.00023	0.00011	0.04279	0.00018	0.00046	0.00014	0.00017	0.00011	9.4e-05	6.4e-05	3.1e-05	7.9e-05	5.6e-05	6.4e-05	0.00011
38	0.00014	0.00010	0.00012	0.00012	0.00015	9.2e-05	8.9e-05	0.00018	0.00356	0.00575	0.62820	0.00392	0.35679	0.00022	0.00012	3.2e-05	4.9e-05	0.00019	0.00010	9.2e-05
39	0.00021	0.00047	0.79717	0.00031	0.00045	0.00024	0.19910	0.00032	0.00022	0.00032	0.00018	0.00022	0.00013	9.3e-05	0.00010	3.2e-05	0.00015	8.3e-05	4.4e-05	0.00015
40	0.00045	0.00017	0.00024	0.00018	0.00026	0.00015	0.00015	0.03021	0.00029	0.96619	0.00039	0.00034	0.00025	0.00012	0.00010	3.1e-05	8.6e-05	0.00010	0.00012	0.00017
41	0.00024	0.00027	0.01335	0.00042	0.00052	0.00025	0.98273	0.00032	0.00024	0.00032	0.00020	0.00027	0.00015	8.5e-05	0.00012	3.4e-05	0.00017	0.00012	5.1e-05	0.00014
42	0.00026	0.00022	0.00023	0.00021	0.00026	0.00025	0.00016	0.05868	0.93750	0.00043	0.00040	0.00037	0.00030	0.00014	0.00010	3.4e-05	8.1e-05	0.00011	0.00010	0.00016
43	0.00013	9.3e-05	0.00012	0.00013	0.00015	8.5e-05	9.2e-05	0.00015	0.00022	0.00029	0.20497	0.60656	0.16610	0.00362	0.00013	3.8e-05	5.6e-05	0.01689	9.7e-05	8.5e-05
44	0.01032	0.00019	0.00024	0.00019	0.00026	0.00017	0.00015	0.14856	0.01309	0.81895	0.00323	0.00033	0.00024	0.00012	0.00010	3.1e-05	0.00343	9.9e-05	0.00012	0.00017
45	0.00037	0.00047	0.00029	0.00026	0.01306	0.95636	0.00020	0.00040	0.00466	0.00025	0.00469	0.00019	0.00013	0.00011	9.5e-05	2.6e-05	0.01822	6.6e-05	5.2e-05	0.00012
46	0.00685	0.00011	0.00013	0.00013	0.00016	0.00011	9.6e-05	0.00229	0.06151	0.05460	0.34327	0.25953	0.01017	0.04845	0.01045	3.7e-05	6e-05	0.01397	0.18798	9.8e-05
47	0.00245	0.00012	0.00883	0.00632	0.00019	0.00526	0.00430	0.01470	0.00257	0.00561	0.00027	0.00305	0.00025	0.02550	0.87731	0.00527	0.02754	0.01030	5.5e-05	9.2e-05
48	0.00017	0.00014	0.00019	0.00019	0.02305	0.00014	0.08383	0.00710	0.16913	0.01470	0.00307	0.53875	0.04561	0.00025	0.00012	3.9e-05	0.01150	0.09922	0.00270	0.00010
49	0.00045	0.00017	0.00023	0.00018	0.00026	0.00015	0.00015	0.00946	0.00386	0.97784	0.00593	0.00034	0.00025	0.00012	0.00010	3.1e-05	8.6e-05	0.00010	0.00012	0.00017
50	0.00013	0.00010	0.00485	0.00014	0.00485	9.3e-05	0.00010	0.00858	0.00022	0.00326	0.03682	0.43452	0.30655	0.01910	0.00243	4e-05	6.4e-05	0.17797	9.3e-05	8.6e-05
51	0.01275	0.35853	0.54198	0.00026	0.04475	0.02278	0.00349	0.00330	0.00021	0.00925	0.00017	0.00020	0.00013	9.2e-05	8.5e-05	2.8e-05	0.00175	6.8e-05	4.4e-05	0.00014
52	0.00598	0.01351	0.00445	0.02883	0.03013	0.35556	0.11391	0.01052	0.00220	0.07497	0.00269	0.06096	0.00335	0.00015	0.01107	3.5e-05	0.19237	0.08674	0.00247	0.00012
53	0.13820	0.50755	0.01554	0.00252	0.02409	0.27959	0.00573	0.00871	0.00022	0.00028	0.00015	0.00017	0.00013	9.4e-05	7.8e-05	2.5e-05	0.01671	5.9e-05	4.9e-05	0.00012
54	0.00014	0.00011	0.00014	0.00015	0.00016	0.00227	0.00011	0.00016	0.00019	0.00026	0.04264	0.81609	0.01053	0.00029	0.00015	4.1e-05	0.11860	0.00555	0.00234	8.6e-05
55	0.00022	0.02887	0.68111	0.00381	0.03958	0.00023	0.00547	0.01405	0.10614	0.02863	0.04523	0.00656	0.01352	0.00476	0.00119	3.2e-05	0.01550	0.00489	5.7e-05	0.00015
56	0.00012	0.00010	0.00011	0.00011	0.00014	8.7e-05	8.2e-05	0.00015	0.00024	0.00030	0.20520	0.05886	0.72590	0.00025	0.00012	3.4e-05	5.1e-05	0.00796	9.7e-05	8.7e-05
57	0.00013	0.00010	0.00012	0.00012	0.00014	8.9e-05	8.7e-05	0.00233	0.00339	0.00408	0.25908	0.18320	0.50414	0.01513	0.00013	3.6e-05	5.4e-05	0.02746	9.7e-05	8.7e-05
58	0.01027	0.00018	0.00021	0.00015	0.00024	0.00014	0.00012	0.00362	0.01775	0.01318	0.02442	0.00659	0.00656	8.2e-05	7.7e-05	1.6e-05	7.4e-05	6.6e-05	6.3e-05	0.91621
59	0.00015	0.00010	0.00013	0.00013	0.00015	9.6e-05	9.4e-05	0.00019	0.00283	0.02965	0.83574	0.00593	0.11164	0.00021	0.00012	3.2e-05	4.9e-05	0.00018	0.01248	9.6e-05
60	0.00012	9.4e-05	0.00011	0.00013	0.00014	8.4e-05	8.8e-05	0.00014	0.00021	0.00027	0.03156	0.55894	0.38514	0.00530	0.00013	3.8e-05	5.6e-05	0.01493	9.4e-05	0.00243
61	0.00509	0.00047	0.00028	0.00026	0.00031	0.97408	0.00019	0.01766	0.00029	0.00025	0.00016	0.00018	0.00013	0.00010	9.1e-05	2.6e-05	0.00018	6.5e-05	5.3e-05	0.00012
62	0.00025	0.00024	0.00041	0.00062	0.99584	0.00024	0.00031	0.00031	0.00023	0.00033	0.00019	0.00025	0.00016	9e-05	9.9e-05	3e-05	0.00012	9e-05	5e-05	0.00016
63	0.00013	0.00010	0.00011	0.00258	0.00014	8.8e-05	8.2e-05	0.00213	0.00023	0.00432	0.09427	0.00456	0.84049	0.00025	0.00012	3.4e-05	5.2e-05	0.03518	0.01505	8.7e-05
64	0.00027	0.98977	0.00052	0.00017	0.00026	0.00040	0.00017	0.00030	0.00020	0.00699	0.00014	0.00016	0.00013	8.6e-05	6.5e-05	2.2e-05	0.00011	5.4e-05	4.4e-05	0.00013
65	0.00013	8.9e-05	0.00012	0.00014	0.00015	8.4e-05	9.6e-05	0.00015	0.00020	0.00892	0.00538	0.94152	0.00428	0.00031	0.00013	4.1e-05	6e-05	0.03804	9.4e-05	8.3e-05
66	0.00116	0.01008	0.00270	0.00015	0.00289	0.00924	0.00399	0.01014	0.00119	0.02842	0.01035	0.01865	0.00257	8.8e-05	0.00475	0.00440	0.00099	0.00107	6.3e-05	0.88714
67	0.06224	0.01505	0.00493	0.00022	0.00030	0.11767	0.07752	0.28602	0.03500	0.37033	0.01004	0.00028	0.00020	0.00012	0.00010	3.1e-05	0.01961	9.2e-05	9.5e-05	0.00015
68	0.00366	0.00018	0.00024	0.00018	0.00026	0.00016	0.00439	0.08249	0.00993	0.88027	0.01047	0.00034	0.00025	0.00013	0.00654	3.2e-05	8.9e-05	0.00010	0.00012	0.00017
69	0.00670	0.42933	0.21794	0.09064	0.00035	0.12101	0.05893	0.00647	0.00212	0.00153	0.00019	0.00024	0.01229	0.00010	8.8e-05	2.8e-05	0.01240	0.03946	4.8e-05	0.00013
70	0.00020	0.00016	0.00142	0.00014	0.00022	0.00013	0.00011	0.01369	0.00808	0.01174	0.10678	0.01374	0.09950	0.00258	0.00653	2.1e-05	0.00530	9.3e-05	0.01259	0.71697
71	0.00329	0.26748	0.56877	0.00025	0.01321	0.01371	0.01627	0.00351	0.00308	0.02309	0.00254	0.03289	0.00227	0.00010	0.00238	2.9e-05	0.00013	0.00448	0.00149	0.04103
72	0.02771	0.02371	0.17547	0.41822	0.19339	0.02282	0.03044	0.00820	0.00765	0.02518	0.01089	0.01297	0.00017	0.00807	0.00677	0.00440	0.01259	0.01117	5.1e-05	0.00013
73	0.00017	0.00012	0.00015	0.00396	0.00017	0.00012	0.00137	0.00178	0.07685	0.06722	0.64235	0.00190	0.07202	0.01478	0.07151	4.2e-05	0.02306	0.00665	0.01568	0.00010
74	0.00314	0.00021	0.03450	0.09988	0.34518	0.00019	0.02030	0.05525	0.02253	0.26259	0.00454	0.02665	0.07664	0.00013	0.00333	3.2e-05	0.00010	0.03232	0.01233	0.00015

[dist]
# distance from previous block
# <min> <max>
5	7

[block]
# block no. 3 follows, 3452 sequences, length 12
# corresponding to MSA columns:
# 532-536,538-544
name=unknown_D
#
# <colnr> <probs for GDERKNQSTAVLIFYWHMCP>
#	G	D	E	R	K	N	Q	S	T	A	V	L	I	F	Y	W	H	M	C	P
0	0.00013	0.00010	0.00011	0.00012	0.00014	8.9e-05	8.5e-05	0.00016	0.01893	0.00028	0.12437	0.23848	0.56023	0.04147	0.00014	3.8e-05	5.5e-05	0.01489	9.4e-05	8.6e-05
1	0.88261	0.01237	0.01227	0.00015	0.01035	0.02358	0.00938	0.00911	0.00940	0.02062	0.00015	0.00017	0.00012	9.5e-05	6.6e-05	3.1e-05	8.3e-05	5.8e-05	0.00927	0.00011
2	0.01780	0.00010	0.00918	0.00012	0.00014	9.4e-05	8.7e-05	0.00812	0.00858	0.00757	0.04247	0.29185	0.37529	0.01936	0.01288	0.00762	5.8e-05	0.00020	0.19839	8.8e-05
3	0.00761	0.55967	0.12635	0.02423	0.08005	0.03189	0.00829	0.02716	0.00709	0.00643	0.00017	0.00771	0.00014	0.00581	8.4e-05	2.5e-05	0.01716	0.00577	4.9e-05	0.08431
4	0.01638	0.00825	0.04648	0.04984	0.04008	0.00017	0.00936	0.05159	0.06918	0.38546	0.02307	0.00761	0.01209	0.01519	0.00607	0.00496	0.01384	0.00979	0.07294	0.15763
5	0.02482	0.15372	0.24411	0.00586	0.02349	0.01717	0.04053	0.27236	0.10206	0.02686	0.01356	0.01157	0.01302	0.01326	0.00010	3.1e-05	0.01635	0.02090	7.1e-05	0.00015
6	0.03103	0.47593	0.27162	0.00822	0.01968	0.06645	0.01342	0.03988	0.00983	0.00897	0.00696	0.01135	0.00822	0.00508	8.6e-05	2.7e-05	0.01056	0.00741	0.00512	0.00013
7	0.00031	0.00014	0.00019	0.00856	0.00021	0.00013	0.00012	0.01648	0.01679	0.51714	0.18634	0.01214	0.19210	0.00017	0.00011	3.2e-05	0.00932	0.00014	0.03002	0.00957
8	0.00016	0.00645	0.00015	0.00014	0.00017	0.02626	0.01069	0.01035	0.02163	0.02215	0.28183	0.23064	0.24389	0.00731	0.00598	3.4e-05	0.00595	0.02143	0.02977	0.07504
9	0.00579	0.00645	0.07704	0.21190	0.06365	0.00618	0.03627	0.02997	0.01752	0.04367	0.00474	0.25650	0.00497	0.01671	0.00670	0.00444	0.05811	0.03545	0.04928	0.06466
10	0.00022	0.00012	0.00015	0.00013	0.00017	0.00011	0.00010	0.00027	0.03121	0.23562	0.36183	0.00062	0.17796	0.00018	0.00011	3.1e-05	5.9e-05	0.01423	0.17676	0.00011
11	0.00038	0.00028	0.00030	0.00023	0.00031	0.00031	0.00019	0.99551	0.00047	0.00063	0.00024	0.00024	0.00017	0.00012	0.00010	3e-05	0.00011	9e-05	0.00010	0.00017

[dist]
# distance from previous block
# <min> <max>
0	12

[block]
# block no. 4 follows, 3452 sequences, length 20
# corresponding to MSA columns:
# 557-576
name=unknown_E
#
# <colnr> <probs for GDERKNQSTAVLIFYWHMCP>
#	G	D	E	R	K	N	Q	S	T	A	V	L	I	F	Y	W	H	M	C	P
0	0.23044	0.00018	0.00021	0.00017	0.00024	0.00017	0.00014	0.01786	0.01822	0.73083	0.00033	0.00030	0.00022	0.00012	9.2e-05	3.1e-05	8.4e-05	9e-05	0.00011	0.00016
1	0.00025	0.00024	0.00040	0.03001	0.96646	0.00024	0.00031	0.00031	0.00023	0.00033	0.00019	0.00025	0.00016	9e-05	0.0001	3e-05	0.00012	9e-05	5e-05	0.00016
2	0.00027	0.00579	0.05180	0.00465	0.00708	0.04140	0.01240	0.08649	0.63762	0.08158	0.01532	0.02463	0.00498	0.00385	0.00010	3.4e-05	9.1e-05	0.02165	9.7e-05	0.00015
3	0.93214	0.00969	0.00016	0.00858	0.01331	0.01491	0.00650	0.00030	0.00018	0.00693	0.00014	0.00017	0.00011	9.4e-05	6.6e-05	3.1e-05	0.00646	5.6e-05	6.2e-05	0.00011
4	0.00016	0.01438	0.14825	0.01314	0.00866	0.00013	0.04970	0.00021	0.03351	0.02719	0.08882	0.28520	0.21017	0.02408	0.01729	4e-05	8.6e-05	0.07878	8.3e-05	0.00010
5	0.82539	0.00023	0.00017	0.00015	0.00021	0.13404	0.00012	0.00031	0.00019	0.00882	0.00015	0.00017	0.00012	0.00010	0.00856	3.2e-05	0.01165	5.7e-05	0.00941	0.00011
6	0.00014	0.00010	0.00012	0.00012	0.00015	9.3e-05	8.8e-05	0.00018	0.01555	0.00764	0.48995	0.01729	0.44479	0.00023	0.00012	3.3e-05	5e-05	0.00944	0.01384	9.2e-05
7	0.01206	0.21023	0.29289	0.02199	0.12238	0.03095	0.05123	0.02476	0.03064	0.03336	0.01212	0.00525	0.00822	0.00298	0.01053	2.9e-05	0.02065	0.00380	0.00287	0.10305
8	0.01829	0.31256	0.41215	0.01066	0.03214	0.01793	0.04234	0.01283	0.00465	0.06042	0.02108	0.01015	0.00833	0.00384	0.01187	3e-05	0.01307	0.00415	5.3e-05	0.00346
9	0.00014	0.00010	0.00012	0.00013	0.00015	9.2e-05	9.2e-05	0.00651	0.01385	0.01123	0.32532	0.37188	0.24987	0.00026	0.00012	3.6e-05	5.4e-05	0.01344	0.00653	9e-05
10	0.00012	8.9e-05	0.00012	0.00014	0.00015	8.3e-05	9.3e-05	0.00014	0.00019	0.00026	0.00872	0.88817	0.03268	0.03597	0.01147	4.4e-05	6.2e-05	0.01409	0.00733	8.1e-05
11	0.00414	0.18175	0.68321	0.00658	0.01482	0.01927	0.03120	0.00941	0.01128	0.02339	0.00419	0.00021	0.00014	9.6e-05	9.2e-05	3e-05	0.00570	7.4e-05	4.7e-05	0.00436
12	0.00689	0.01900	0.09400	0.12674	0.09220	0.01206	0.10648	0.04040	0.06589	0.37763	0.00673	0.01555	0.00348	0.00012	0.00868	3.3e-05	0.00929	0.00537	0.00931	0.00015
13	0.00013	0.00010	0.00011	0.00011	0.00014	8.7e-05	8.4e-05	0.00016	0.00023	0.01110	0.17181	0.16227	0.63417	0.00025	0.00012	3.5e-05	5.2e-05	0.01029	0.00866	8.7e-05
14	0.00014	0.00011	0.01079	0.00012	0.00015	9.9e-05	9.6e-05	0.00679	0.01775	0.00843	0.70982	0.00930	0.22027	0.00021	0.00012	3.2e-05	5.1e-05	0.00018	0.01543	9.5e-05
15	0.00951	0.06494	0.21002	0.12855	0.14849	0.05391	0.05647	0.02271	0.10745	0.10148	0.01641	0.00752	0.00520	0.00419	0.01093	3.3e-05	0.04098	0.00677	0.00431	0.00014
16	0.00368	0.07646	0.02632	0.24355	0.19558	0.04454	0.09795	0.00687	0.07618	0.03083	0.02957	0.07373	0.00687	0.01393	0.03430	3.8e-05	0.02422	0.01135	0.00390	0.00013
17	0.00013	0.00010	0.00012	0.00012	0.00014	9e-05	8.5e-05	0.00016	0.00948	0.00877	0.29414	0.09625	0.53753	0.04365	0.00014	3.7e-05	5.4e-05	0.00882	9.7e-05	8.8e-05
18	0.00021	0.00018	0.00493	0.00431	0.00647	0.00557	0.00567	0.01330	0.01213	0.00472	0.00735	0.00415	0.00462	8.2e-05	8.4e-05	1.7e-05	0.02732	6.5e-05	6.1e-05	0.89873
19	0.00562	0.00019	0.00708	0.00403	0.00629	0.02072	0.00760	0.04827	0.00421	0.45133	0.00616	0.00028	0.00020	0.00393	0.00623	2.6e-05	0.03250	8.4e-05	0.01037	0.38488

[dist]
# distance from previous block
# <min> <max>
4	16

[block]
# block no. 5 follows, 3452 sequences, length 41
# corresponding to MSA columns:
# 597-628,634-642
name=unknown_F
#
# <colnr> <probs for GDERKNQSTAVLIFYWHMCP>
#	G	D	E	R	K	N	Q	S	T	A	V	L	I	F	Y	W	H	M	C	P
0	0.01534	0.30234	0.22630	0.00182	0.06270	0.18471	0.01826	0.04903	0.05714	0.04500	0.00352	0.00289	0.00168	0.00011	0.01724	3e-05	0.00544	0.00246	0.00384	0.00014
1	0.08004	0.04859	0.05142	0.00663	0.10269	0.05069	0.02403	0.01984	0.01191	0.57075	0.00368	0.01692	0.00217	0.00230	9.8e-05	3.1e-05	0.00401	0.00184	9.6e-05	0.00225
2	0.00719	0.01103	0.01194	0.00564	0.03452	0.00365	0.00743	0.01735	0.00906	0.02071	0.00334	0.00317	0.01109	0.00190	0.00169	1.8e-05	0.00233	0.00178	6.2e-05	0.84608
3	0.00403	0.00010	0.00013	0.00015	0.00016	9.9e-05	0.00010	0.00367	0.05871	0.08188	0.01095	0.80629	0.00324	0.01046	0.00013	4e-05	6.3e-05	0.00343	0.00313	0.01324
4	0.00023	0.00024	0.01163	0.22529	0.39141	0.00024	0.33283	0.00698	0.00335	0.01103	0.00296	0.00928	0.00016	9.4e-05	0.00011	3.2e-05	0.00014	0.00010	0.00376	0.00014
5	0.01336	0.00017	0.00023	0.00018	0.00025	0.00015	0.00015	0.01483	0.00428	0.93214	0.00960	0.00035	0.00025	0.00013	0.00010	3.1e-05	8.5e-05	0.00628	0.01728	0.00017
6	0.00013	9.3e-05	0.00012	0.00439	0.00016	8.8e-05	0.00010	0.00529	0.00020	0.00448	0.00811	0.82485	0.01807	0.00031	0.00013	4.1e-05	6.3e-05	0.13319	9.3e-05	8.4e-05
7	0.00012	0.00010	0.00011	0.00011	0.00014	8.6e-05	8.1e-05	0.00015	0.00023	0.00028	0.09872	0.11638	0.77538	0.00026	0.00012	3.5e-05	5.2e-05	0.00747	9.5e-05	8.6e-05
8	0.00014	0.00010	0.00012	0.00011	0.00012	9.8e-05	7.3e-05	0.00015	0.00018	0.00024	0.12218	0.01455	0.17880	0.61777	0.05485	8e-05	0.00644	0.00384	7.3e-05	7.2e-05
9	0.00027	0.98396	0.00052	0.00017	0.00026	0.01297	0.00017	0.00030	0.00021	0.00024	0.00014	0.00016	0.00013	8.6e-05	6.5e-05	2.2e-05	0.00011	5.4e-05	4.3e-05	0.00013
10	0.00038	0.00027	0.00029	0.00023	0.00030	0.00030	0.00019	0.91923	0.01005	0.04648	0.00025	0.00025	0.00018	0.00012	0.0001	3e-05	0.00011	9.1e-05	0.02098	0.00017
11	0.00017	0.00012	0.00952	0.00617	0.03177	0.00839	0.01359	0.00532	0.00497	0.00577	0.19886	0.05759	0.04362	0.03334	0.12812	0.37367	0.07382	0.00504	6.6e-05	7.8e-05
12	0.00015	0.00010	0.00014	0.00014	0.00015	0.00012	0.00010	0.00017	0.00016	0.00022	0.00029	0.00049	0.00029	0.38046	0.60252	0.00710	0.00714	0.00012	5.6e-05	7.9e-05
13	0.00028	0.87545	0.00050	0.00018	0.00557	0.10196	0.00017	0.00932	0.00022	0.00539	0.00014	0.00017	0.00013	8.8e-05	6.8e-05	2.2e-05	0.00011	5.6e-05	4.5e-05	0.00013
14	0.00032	0.03268	0.01431	0.00022	0.03042	0.20027	0.02416	0.24144	0.09156	0.11682	0.01186	0.00257	0.01915	0.00226	9.5e-05	2.7e-05	0.00216	0.00203	0.00181	0.20585
15	0.00014	0.00011	0.00016	0.00016	0.00017	0.00012	0.00012	0.00018	0.00016	0.00023	0.00027	0.00042	0.00026	0.10328	0.88516	0.00015	0.00865	0.00011	5.4e-05	8.7e-05
16	0.00018	0.00016	0.00027	0.45644	0.13049	0.00018	0.04905	0.00469	0.00337	0.00663	0.04840	0.27593	0.00311	0.00623	0.00011	3.6e-05	0.00011	0.01443	6.4e-05	0.00011
17	0.99718	0.00019	0.00015	0.00013	0.00019	0.00023	0.00011	0.00030	0.00017	0.00045	0.00014	0.00016	0.00011	9.3e-05	6.2e-05	3.1e-05	7.8e-05	5.4e-05	6.2e-05	0.00011
18	0.00403	0.00011	0.00014	0.00013	0.00016	0.00010	9.9e-05	0.00426	0.02233	0.08221	0.77747	0.00679	0.10136	0.00020	0.00012	3.2e-05	5.2e-05	0.00018	0.00011	0.00010
19	0.00014	0.00012	0.03280	0.00013	0.00016	9.8e-05	0.00394	0.00018	0.01207	0.00034	0.51370	0.04282	0.36548	0.00023	0.00012	3.3e-05	5.5e-05	0.02740	0.00010	9.3e-05
20	0.00333	0.00016	0.00382	0.00016	0.00021	0.00367	0.00013	0.15407	0.13381	0.18542	0.22728	0.05401	0.10728	0.00383	0.00011	3.3e-05	7.3e-05	0.05576	0.05361	0.01323
21	0.00016	0.00320	0.00017	0.00017	0.02174	0.01666	0.01957	0.05091	0.01424	0.00373	0.00040	0.39798	0.03025	0.07007	0.32172	8.2e-05	0.04239	0.00637	7.4e-05	9.4e-05
22	0.00634	0.00010	0.00013	0.00012	0.00015	9.7e-05	8.9e-05	0.00019	0.01199	0.02658	0.55084	0.04321	0.19640	0.11116	0.00582	4e-05	5.7e-05	0.00847	0.03814	9.1e-05
23	0.00020	0.00018	0.00030	0.91240	0.05820	0.00463	0.00028	0.00482	0.00020	0.00512	0.00018	0.00027	0.00014	0.00010	0.0001	3.3e-05	0.00013	8.9e-05	0.01252	0.00011
24	0.00471	0.00010	0.00012	0.00012	0.00015	0.00433	9.2e-05	0.00017	0.00026	0.00035	0.57563	0.05087	0.32215	0.00023	0.00012	3.3e-05	5.2e-05	0.04032	0.00010	9.1e-05
25	0.00017	0.00205	0.02203	0.02028	0.18192	0.00263	0.00957	0.00021	0.01036	0.00614	0.24547	0.02467	0.10750	0.18448	0.01982	0.00171	0.01259	0.14575	0.00254	0.00010
26	0.00429	0.46418	0.18181	0.00023	0.00264	0.23829	0.03924	0.03514	0.00567	0.00614	0.00321	0.00019	0.00014	9.6e-05	8.5e-05	2.6e-05	0.01837	6.6e-05	4.8e-05	0.00013
27	0.99718	0.00019	0.00015	0.00013	0.00019	0.00023	0.00011	0.00030	0.00017	0.00045	0.00014	0.00016	0.00011	9.3e-05	6.2e-05	3.1e-05	7.8e-05	5.4e-05	6.2e-05	0.00011
28	0.00524	0.00504	0.08895	0.09649	0.07787	0.02170	0.04507	0.13951	0.23491	0.02305	0.15784	0.00438	0.03521	0.00371	0.01468	3.5e-05	0.00935	0.02296	0.01386	0.00014
29	0.00013	9.7e-05	0.00012	0.00012	0.00015	8.7e-05	8.9e-05	0.00016	0.00023	0.00527	0.22879	0.36304	0.35772	0.01345	0.00013	3.7e-05	5.5e-05	0.03015	9.7e-05	8.6e-05
30	0.00496	0.00564	0.01647	0.24076	0.52573	0.04185	0.01146	0.05216	0.03908	0.01474	0.00649	0.00261	0.00238	0.00297	0.00575	3.2e-05	0.01640	0.00153	0.00616	0.00284
31	0.00532	0.00667	0.01038	0.02012	0.46643	0.00430	0.01512	0.02910	0.05053	0.08268	0.08609	0.01522	0.00785	0.00011	0.00165	2.8e-05	0.00371	9.8e-05	0.00323	0.19136
32	0.71157	0.00716	0.01693	0.09427	0.08847	0.04925	0.01008	0.00550	0.00559	0.00356	0.00015	0.00019	0.00012	9.5e-05	7.3e-05	3.1e-05	0.00408	6.3e-05	0.00270	0.00012
33	0.00253	0.54537	0.10900	0.00603	0.00294	0.00630	0.16639	0.01416	0.04494	0.01133	0.00387	0.00483	0.00287	0.00011	0.00184	2.8e-05	0.00012	0.07295	5.3e-05	0.00436
34	0.00260	0.01068	0.07914	0.19291	0.47532	0.02276	0.05621	0.00681	0.06784	0.00586	0.02161	0.00942	0.00907	0.00202	0.00235	3.2e-05	0.01156	0.01259	5.5e-05	0.01116
35	0.00013	0.00010	0.00011	0.00011	0.00014	0.00303	8.5e-05	0.00293	0.00277	0.00421	0.20858	0.05998	0.65854	0.02423	0.00013	3.6e-05	5.4e-05	0.03122	0.00353	8.7e-05
36	0.00021	0.00423	0.01635	0.25228	0.35056	0.00209	0.06760	0.00727	0.03761	0.00928	0.01495	0.13241	0.02822	0.00382	0.01535	3.6e-05	0.02991	0.02124	0.00646	0.00013
37	0.00015	0.00011	0.00014	0.00015	0.00016	0.00011	0.00011	0.00821	0.01896	0.01379	0.12387	0.15342	0.06430	0.25455	0.00023	5.5e-05	8e-05	0.35845	0.00308	8.6e-05
38	0.00205	0.00012	0.00017	0.00251	0.03944	0.01048	0.00016	0.00260	0.00023	0.00687	0.03931	0.02180	0.02338	0.05280	0.00592	0.01251	0.00949	0.76640	0.00368	9.4e-05
39	0.08293	0.00025	0.00509	0.02629	0.00777	0.08001	0.06242	0.40657	0.00455	0.27493	0.00570	0.00027	0.00611	0.01267	0.00549	3.2e-05	0.01857	9.2e-05	9.3e-05	0.00015
40	0.02421	0.01202	0.00209	0.00311	0.00779	0.12726	0.00502	0.12413	0.62621	0.02917	0.01058	0.00734	0.01541	0.00013	0.00010	3.2e-05	0.00323	0.00192	9.3e-05	0.00015

[dist]
# distance from previous block
# <min> <max>
1	5

[block]
# block no. 6 follows, 3452 sequences, length 14
# corresponding to MSA columns:
# 648-661
name=unknown_G
#
# <colnr> <probs for GDERKNQSTAVLIFYWHMCP>
#	G	D	E	R	K	N	Q	S	T	A	V	L	I	F	Y	W	H	M	C	P
0	0.02080	0.01361	0.03022	0.04626	0.34589	0.02151	0.07372	0.04371	0.05047	0.26099	0.02233	0.01317	0.01370	0.00642	0.00011	3.2e-05	0.00737	0.02406	0.00547	0.00015
1	0.00023	0.05588	0.25120	0.01727	0.09562	0.02647	0.05349	0.07588	0.15386	0.04149	0.13702	0.02121	0.03033	0.00506	0.00448	3.2e-05	0.01084	0.00836	7.4e-05	0.01120
2	0.00902	0.00475	0.00816	0.00706	0.00020	0.00898	0.01176	0.00616	0.01413	0.01972	0.00617	0.01207	0.00534	0.22565	0.37386	0.01686	0.25847	0.00588	0.00566	9.2e-05
3	0.05700	0.09423	0.37993	0.01631	0.03786	0.03906	0.07601	0.01384	0.05205	0.00587	0.01766	0.08260	0.04384	0.01592	0.01089	3.4e-05	0.01859	0.00584	0.00511	0.02736
4	0.00018	0.00012	0.00015	0.00013	0.00017	0.00011	0.00010	0.01322	0.01286	0.12409	0.64341	0.05272	0.09134	0.00020	0.00011	3.2e-05	5.5e-05	0.00856	0.03448	0.01797
5	0.00744	0.25791	0.16530	0.00019	0.00835	0.02978	0.02052	0.01439	0.14302	0.01116	0.07685	0.17091	0.07487	0.00016	0.00820	3.2e-05	0.00530	0.00542	7.2e-05	0.00012
6	0.05024	0.05572	0.56120	0.08962	0.05498	0.01621	0.05633	0.04728	0.01301	0.00972	0.00562	0.00530	0.00472	0.00010	0.00469	3.2e-05	0.01787	0.00717	5e-05	0.00014
7	0.00015	0.00011	0.00013	0.00013	0.00015	9.8e-05	9.6e-05	0.00919	0.02903	0.02429	0.48734	0.25795	0.15324	0.00024	0.00012	3.4e-05	5.4e-05	0.01738	0.02018	9.4e-05
8	0.89021	0.00823	0.00015	0.00014	0.00020	0.00022	0.00011	0.00836	0.00018	0.01584	0.00016	0.00880	0.00013	0.01459	0.02785	3.6e-05	0.00848	0.01614	6.4e-05	0.00011
9	0.00016	0.00012	0.00015	0.00817	0.00845	0.00012	0.01566	0.00579	0.05091	0.02980	0.40255	0.01961	0.20516	0.03417	0.16760	5.7e-05	0.01741	0.01330	0.02073	9.8e-05
10	0.00017	0.00013	0.00016	0.02622	0.03323	0.03436	0.00602	0.02962	0.02409	0.00528	0.01989	0.12088	0.04272	0.50799	0.01456	6.7e-05	0.00743	0.04479	0.00551	0.07689
11	0.06263	0.00470	0.00568	0.11033	0.09352	0.07531	0.01490	0.16326	0.30481	0.03895	0.01692	0.02603	0.00892	0.00447	0.00461	3.4e-05	0.04523	0.01444	0.00512	0.00014
12	0.00666	0.00017	0.00020	0.00016	0.01111	0.01252	0.00012	0.01090	0.00661	0.04881	0.00766	0.06043	0.02850	0.00988	8.7e-05	2e-05	7.6e-05	0.02315	6.7e-05	0.77286
13	0.08907	0.05857	0.08330	0.03317	0.34652	0.05440	0.04967	0.01445	0.03939	0.04368	0.01350	0.07295	0.02030	0.01903	0.01111	0.00501	0.03729	0.00398	0.00446	0.00013

[dist]
# distance from previous block
# <min> <max>
5	8

[block]
# block no. 7 follows, 3452 sequences, length 15
# corresponding to MSA columns:
# 671,673-686
name=unknown_H
#
# <colnr> <probs for GDERKNQSTAVLIFYWHMCP>
#	G	D	E	R	K	N	Q	S	T	A	V	L	I	F	Y	W	H	M	C	P
0	0.05804	0.01791	0.37729	0.01649	0.03922	0.00725	0.03131	0.13175	0.03557	0.06061	0.07895	0.01361	0.03388	0.03535	0.02432	0.00352	0.00899	0.00992	0.01049	0.00554
1	0.00012	9e-05	0.00012	0.00014	0.00015	8.4e-05	9.3e-05	0.00014	0.00020	0.00026	0.05365	0.84498	0.05642	0.02454	0.00014	4.1e-05	5.9e-05	0.01859	9.3e-05	8.2e-05
2	0.21942	0.02291	0.09095	0.05689	0.08052	0.07174	0.02418	0.15416	0.07204	0.03680	0.00972	0.00874	0.01098	0.00520	0.05229	0.00345	0.04484	0.02056	0.00620	0.00842
3	0.00654	0.00017	0.01608	0.00016	0.00022	0.00015	0.00013	0.03496	0.12059	0.41589	0.09950	0.00038	0.00672	0.00014	0.01176	3e-05	7.7e-05	0.00666	0.15802	0.12182
4	0.95219	0.00020	0.02251	0.00014	0.00020	0.00022	0.00011	0.00029	0.00017	0.00045	0.02270	0.00018	0.00013	9.6e-05	6.4e-05	3.1e-05	7.9e-05	5.8e-05	6.3e-05	0.00011
5	0.00654	0.21078	0.62505	0.00598	0.00038	0.02322	0.04106	0.03332	0.00022	0.01772	0.00019	0.00623	0.00014	0.00010	0.00573	3.1e-05	0.00679	0.01631	4.8e-05	0.00014
6	0.00015	0.00011	0.00014	0.00013	0.00015	9.8e-05	9.6e-05	0.00966	0.00932	0.01650	0.83430	0.01087	0.09216	0.01124	0.00012	3.3e-05	5.1e-05	0.01467	0.00011	9.6e-05
7	0.96188	0.00019	0.00015	0.00013	0.00020	0.00022	0.00011	0.00030	0.00018	0.03570	0.00015	0.00017	0.00011	9.4e-05	6.4e-05	3.1e-05	7.8e-05	5.6e-05	6.4e-05	0.00011
8	0.00015	0.00010	0.00014	0.00014	0.00015	0.00011	0.00010	0.00017	0.00740	0.00772	0.02044	0.00763	0.04791	0.24539	0.45807	0.15219	0.00017	0.04069	0.01124	7.7e-05
9	0.00013	9.8e-05	0.00012	0.00012	0.00014	8.8e-05	8.8e-05	0.00016	0.00023	0.00030	0.28232	0.30457	0.31072	0.06084	0.00015	3.9e-05	5.6e-05	0.02231	0.01744	8.6e-05
10	0.00712	0.00015	0.00564	0.00015	0.00019	0.01759	0.00462	0.05221	0.16242	0.12791	0.18595	0.00690	0.36650	0.00474	0.00471	3.4e-05	0.00466	0.01400	0.03438	0.00012
