[name]
unknown

[dist]
# distance from previous block
# <min> <max>
0	615

[block]
# block no. 0 follows, 2346 sequences, length 9
# corresponding to MSA columns:
# 807,808,814-819,826
name=unknown_A
#
# <colnr> <probs for GDERKNQSTAVLIFYWHMCP>
#	G	D	E	R	K	N	Q	S	T	A	V	L	I	F	Y	W	H	M	C	P
0	0.04529	0.01843	0.01728	0.00762	0.01205	0.01090	0.00870	0.01370	0.03751	0.01845	0.38655	0.05036	0.29522	0.03392	0.01362	5.4e-05	0.00645	0.00761	0.00820	0.00810
1	0.05341	0.03090	0.05060	0.06020	0.06375	0.04849	0.02759	0.12803	0.25641	0.14860	0.01556	0.01744	0.00960	0.00778	0.00865	0.00569	0.02316	0.00653	0.03174	0.00587
2	0.43076	0.07035	0.03608	0.03595	0.02414	0.05027	0.04992	0.06287	0.02661	0.08756	0.00731	0.01484	0.00663	0.01051	0.02060	5e-05	0.03655	0.00818	0.00680	0.01402
3	0.00022	0.00015	0.00019	0.00019	0.00022	0.00014	0.00014	0.01123	0.01287	0.04975	0.18352	0.34659	0.27587	0.04214	0.00021	0.01957	8.8e-05	0.02949	0.01618	0.01125
4	0.03162	0.01345	0.07238	0.05032	0.02333	0.01735	0.03218	0.12661	0.28897	0.12484	0.05916	0.00705	0.02155	0.00981	0.00797	0.00898	0.05301	0.00016	0.05107	0.00021
5	0.01311	0.03122	0.01468	0.01523	0.00659	0.02329	0.02456	0.07498	0.07895	0.10442	0.03862	0.23754	0.08445	0.05846	0.08564	0.00639	0.03318	0.04908	0.01229	0.00733
6	0.01471	0.69562	0.00066	0.06989	0.00931	0.09137	0.01064	0.03946	0.00941	0.01569	0.00959	0.00028	0.00021	0.00015	0.01071	3.8e-05	0.01280	9.3e-05	0.00918	0.00019
7	0.01840	0.01434	0.00042	0.00032	0.00044	0.02451	0.00027	0.73642	0.07419	0.09723	0.01499	0.00039	0.00029	0.00018	0.00015	4.5e-05	0.01689	0.00014	0.00015	0.00024
8	0.02367	0.04432	0.00850	0.63767	0.04199	0.01692	0.10191	0.02196	0.00950	0.03281	0.00030	0.00938	0.00843	0.00016	0.00763	0.00793	0.01947	0.00720	7.6e-05	0.00018

[dist]
# distance from previous block
# <min> <max>
3	15

[block]
# block no. 1 follows, 2346 sequences, length 10
# corresponding to MSA columns:
# 862-867,870,875,876,880
name=unknown_B
#
# <colnr> <probs for GDERKNQSTAVLIFYWHMCP>
#	G	D	E	R	K	N	Q	S	T	A	V	L	I	F	Y	W	H	M	C	P
0	0.68697	0.03338	0.02801	0.02183	0.02599	0.11018	0.02274	0.01553	0.00029	0.01554	0.00023	0.00887	0.00018	0.00014	0.00011	4.5e-05	0.01926	9.3e-05	8.8e-05	0.01051
1	0.03223	0.46338	0.02323	0.00540	0.00698	0.02130	0.03150	0.11385	0.05857	0.06082	0.01039	0.00798	0.00697	0.03632	0.04615	0.01170	0.02446	0.01173	0.02008	0.00696
2	0.01800	0.00016	0.00020	0.00020	0.00024	0.00015	0.00015	0.00030	0.02179	0.09737	0.24254	0.37413	0.18763	0.00036	0.00017	5.2e-05	8.6e-05	0.03116	0.01330	0.01204
3	0.00022	0.00015	0.00017	0.00017	0.00017	0.00015	0.00010	0.00022	0.00022	0.00029	0.00046	0.02133	0.00052	0.88566	0.04927	0.02037	0.02013	0.00021	8.9e-05	9.3e-05
4	0.01795	0.00016	0.00020	0.00019	0.00023	0.00015	0.00014	0.00032	0.01432	0.11517	0.38277	0.05685	0.21318	0.09818	0.01095	5.9e-05	9.1e-05	0.01664	0.07232	0.00014
5	0.04216	0.00022	0.00029	0.00023	0.00032	0.00020	0.00019	0.01353	0.00039	0.67451	0.06886	0.05072	0.01447	0.01544	0.00015	4.7e-05	0.00011	0.00017	0.11775	0.00022
6	0.00023	0.00018	0.00022	0.02204	0.00899	0.01375	0.00693	0.02091	0.01215	0.02110	0.13136	0.28836	0.20373	0.03692	0.05481	0.02247	0.01969	0.06223	0.01748	0.05644
7	0.04200	0.03495	0.05558	0.06957	0.20942	0.02963	0.05803	0.02893	0.02680	0.07354	0.05862	0.00650	0.01575	0.00574	0.00564	4.1e-05	0.01018	0.00558	0.00716	0.25633
8	0.75207	0.02540	0.01341	0.00951	0.01081	0.01048	0.00019	0.11607	0.01052	0.00067	0.02689	0.01342	0.00022	0.00015	0.00010	4.5e-05	0.00012	9.8e-05	9.9e-05	0.00973
9	0.03661	0.03145	0.03466	0.01747	0.03304	0.03544	0.04168	0.06651	0.15324	0.16657	0.07261	0.05368	0.05338	0.04557	0.05768	6.4e-05	0.07950	0.01480	0.00585	0.00019

[dist]
# distance from previous block
# <min> <max>
4	12

[block]
# block no. 2 follows, 2346 sequences, length 6
# corresponding to MSA columns:
# 907-912
name=unknown_C
#
# <colnr> <probs for GDERKNQSTAVLIFYWHMCP>
#	G	D	E	R	K	N	Q	S	T	A	V	L	I	F	Y	W	H	M	C	P
0	0.03142	0.26314	0.12628	0.06623	0.08322	0.03594	0.09184	0.06393	0.04752	0.05782	0.01307	0.02193	0.01111	0.01035	0.00997	4.6e-05	0.02885	0.01095	0.00969	0.01670
1	0.00025	0.01562	0.00023	0.01225	0.01944	0.00019	0.00015	0.01237	0.00025	0.04461	0.01902	0.01666	0.01270	0.51842	0.24386	0.01223	0.04421	0.01351	0.01392	0.00012
2	0.01426	0.00020	0.01616	0.00020	0.00027	0.00017	0.00016	0.03323	0.01548	0.24154	0.11576	0.06303	0.39648	0.00032	0.01441	0.03572	0.00010	0.02043	0.03192	0.00016
3	0.05138	0.15716	0.08949	0.04320	0.03258	0.03074	0.11176	0.05416	0.01912	0.14441	0.01835	0.01453	0.01203	0.01029	0.01019	0.00887	0.03722	0.02195	9.9e-05	0.13248
4	0.02286	0.16169	0.18884	0.01335	0.06553	0.04999	0.19750	0.05860	0.03151	0.10226	0.01215	0.02035	0.01104	0.01066	0.01418	4.8e-05	0.01051	0.01405	9.2e-05	0.01480
5	0.02120	0.01790	0.00032	0.00025	0.00034	0.00022	0.00020	0.03308	0.02843	0.68596	0.09436	0.03824	0.04330	0.00021	0.00015	4.6e-05	0.00012	0.01822	0.01724	0.00022

[dist]
# distance from previous block
# <min> <max>
3	6

[block]
# block no. 3 follows, 2346 sequences, length 6
# corresponding to MSA columns:
# 919,920,922,923,925,926
name=unknown_D
#
# <colnr> <probs for GDERKNQSTAVLIFYWHMCP>
#	G	D	E	R	K	N	Q	S	T	A	V	L	I	F	Y	W	H	M	C	P
0	0.02598	0.00024	0.02220	0.01400	0.01206	0.00021	0.00020	0.01288	0.02186	0.57081	0.12718	0.04969	0.03310	0.04227	0.01364	0.01052	0.00012	0.01308	0.01861	0.01136
1	0.00023	0.00016	0.00019	0.00018	0.00023	0.00015	0.00014	0.01996	0.00037	0.06034	0.41588	0.08895	0.28702	0.06324	0.01875	5.8e-05	9e-05	0.01933	0.02460	0.00014
2	0.00023	0.00015	0.00019	0.00019	0.00023	0.00014	0.00014	0.02629	0.00035	0.04656	0.30314	0.32139	0.17399	0.04234	0.02866	0.01675	9.5e-05	0.02109	0.01793	0.00013
3	0.03359	0.02629	0.00028	0.00973	0.00993	0.00978	0.01003	0.05261	0.13249	0.13647	0.23291	0.03587	0.09895	0.02063	0.05150	0.04293	0.01724	0.01102	0.06757	0.00017
4	0.02951	0.17812	0.39400	0.01928	0.01243	0.02411	0.09280	0.08952	0.03196	0.03423	0.00030	0.01178	0.00023	0.00015	0.00014	4.4e-05	0.02760	0.01177	0.02203	0.01998
5	0.04314	0.05875	0.11825	0.09692	0.10629	0.02571	0.05715	0.06028	0.06372	0.09103	0.02644	0.01535	0.02490	0.01087	0.01009	0.00848	0.03377	0.00873	0.01804	0.12208

[dist]
# distance from previous block
# <min> <max>
13	83

[block]
# block no. 4 follows, 2346 sequences, length 9
# corresponding to MSA columns:
# 1054,1058-1064,1070
name=unknown_E
#
# <colnr> <probs for GDERKNQSTAVLIFYWHMCP>
#	G	D	E	R	K	N	Q	S	T	A	V	L	I	F	Y	W	H	M	C	P
0	0.00839	0.00018	0.01489	0.00024	0.00775	0.00017	0.01890	0.00961	0.01624	0.11090	0.05419	0.46093	0.03237	0.03740	0.02172	6.4e-05	0.01307	0.17460	0.01824	0.00015
1	0.37463	0.01503	0.01280	0.01859	0.00862	0.00031	0.00943	0.15956	0.00794	0.31517	0.01342	0.00853	0.00783	0.01040	0.00013	4.6e-05	0.00013	0.01392	0.00728	0.01622
2	0.01753	0.04891	0.14223	0.05644	0.07933	0.01940	0.06568	0.05315	0.03533	0.09760	0.05671	0.11536	0.06799	0.02367	0.02511	0.00707	0.02273	0.02076	0.00902	0.03598
3	0.01129	0.00016	0.00020	0.00020	0.00024	0.00015	0.00015	0.01440	0.01980	0.10250	0.08863	0.31349	0.24219	0.05305	0.00022	0.04147	9.5e-05	0.07136	0.04028	0.00014
4	0.02627	0.00026	0.00034	0.00027	0.00037	0.00025	0.03993	0.13895	0.03540	0.58258	0.08590	0.03333	0.02923	0.00020	0.00015	4.6e-05	0.00013	0.00017	0.02599	0.00023
5	0.05754	0.06576	0.00762	0.02992	0.08222	0.04828	0.04262	0.12030	0.03880	0.34681	0.01538	0.00717	0.00839	0.00018	0.00741	0.00751	0.04148	0.00014	0.01646	0.05602
6	0.01758	0.01028	0.03773	0.16470	0.04772	0.08112	0.07423	0.01748	0.04047	0.18461	0.03398	0.06496	0.02320	0.04126	0.05901	0.01468	0.05429	0.01692	0.00917	0.00662
7	0.00023	0.00016	0.00954	0.02063	0.00023	0.00016	0.00014	0.01442	0.01624	0.01872	0.07275	0.12743	0.05221	0.43357	0.12213	0.08270	0.01011	0.00961	0.00890	0.00011
8	0.00024	0.00018	0.00773	0.00023	0.00025	0.00974	0.00793	0.00895	0.00829	0.03344	0.01523	0.09599	0.01223	0.20250	0.49051	0.02284	0.04734	0.01850	0.01774	0.00013

[dist]
# distance from previous block
# <min> <max>
4	19

[block]
# block no. 5 follows, 2346 sequences, length 22
# corresponding to MSA columns:
# 1130-1138,1148-1154,1165-1170
name=unknown_F
#
# <colnr> <probs for GDERKNQSTAVLIFYWHMCP>
#	G	D	E	R	K	N	Q	S	T	A	V	L	I	F	Y	W	H	M	C	P
0	0.00594	0.00952	0.04550	0.00752	0.00846	0.00663	0.01439	0.00788	0.00620	0.04206	0.03800	0.59589	0.04357	0.01498	0.00461	5.9e-05	0.00379	0.12462	0.00013	0.02024
1	0.01601	0.03442	0.04658	0.10256	0.18070	0.05530	0.04732	0.02546	0.17963	0.07498	0.04937	0.05274	0.02997	0.01863	0.00292	0.01093	0.03494	0.00918	0.01605	0.01231
2	0.00860	0.00017	0.00021	0.00348	0.00632	0.00017	0.01303	0.01147	0.08704	0.02428	0.25272	0.32544	0.14773	0.00451	0.00350	5.4e-05	9.3e-05	0.09056	0.01724	0.00338
3	0.00023	0.00016	0.00019	0.00019	0.00023	0.00015	0.00014	0.00446	0.04072	0.04909	0.36166	0.08175	0.37085	0.02879	0.01552	0.02273	0.00965	0.00829	0.00506	0.00014
4	0.66185	0.00028	0.00026	0.00022	0.00032	0.00030	0.00018	0.00984	0.01120	0.30450	0.00967	0.00033	0.00024	0.00015	0.00011	4.6e-05	0.00012	0.00010	0.00012	0.00019
5	0.00021	0.00015	0.00019	0.00018	0.00022	0.00014	0.00014	0.00028	0.02016	0.00743	0.71513	0.01102	0.22931	0.00753	0.00018	4.8e-05	7.3e-05	0.00732	0.00016	0.00014
6	0.00037	0.00032	0.00033	0.00030	0.00038	0.00036	0.00023	0.01313	0.95810	0.01221	0.00060	0.00056	0.00045	0.00020	0.00015	5e-05	0.00012	0.01174	0.00015	0.00023
7	0.97052	0.00028	0.00022	0.00020	0.00029	0.00033	0.00016	0.00044	0.00026	0.02596	0.00021	0.00025	0.00016	0.00014	9.3e-05	4.6e-05	0.00011	8.2e-05	9.4e-05	0.00016
8	0.00038	0.00032	0.00034	0.00030	0.00039	0.00037	0.00024	0.04995	0.94445	0.00063	0.00059	0.00054	0.00044	0.00020	0.00015	5e-05	0.00012	0.00017	0.00015	0.00023
9	0.00053	0.04066	0.02001	0.00041	0.08186	0.72034	0.00870	0.10010	0.00043	0.02527	0.00025	0.00029	0.00020	0.00015	0.00013	3.9e-05	0.00024	0.00010	8.5e-05	0.00019
10	0.99586	0.00029	0.00022	0.00019	0.00029	0.00033	0.00016	0.00043	0.00025	0.00066	0.00021	0.00024	0.00016	0.00014	9.1e-05	4.6e-05	0.00011	8e-05	9.1e-05	0.00016
11	0.00036	0.00035	0.00060	0.00091	0.99390	0.00035	0.00045	0.00045	0.00034	0.00048	0.00028	0.00036	0.00023	0.00013	0.00015	4.4e-05	0.00018	0.00013	7.3e-05	0.00023
12	0.00039	0.00033	0.00035	0.00030	0.00039	0.00038	0.00024	0.11911	0.87527	0.00065	0.00057	0.00053	0.00043	0.00020	0.00015	4.9e-05	0.00012	0.00016	0.00015	0.00024
13	0.00045	0.00036	0.00038	0.00032	0.00042	0.00041	0.00025	0.42603	0.56825	0.00075	0.00049	0.00047	0.00036	0.00019	0.00015	4.8e-05	0.00014	0.00015	0.00015	0.00024
14	0.00029	0.00024	0.00026	0.00023	0.00030	0.00546	0.00018	0.03207	0.44125	0.00774	0.25958	0.01872	0.17027	0.00026	0.00016	4.8e-05	9.6e-05	0.00544	0.05722	0.00018
15	0.00638	0.00030	0.00035	0.00028	0.00038	0.00968	0.00023	0.23950	0.30194	0.33057	0.07845	0.00053	0.00789	0.00020	0.00015	4.6e-05	0.00013	0.00016	0.02261	0.00023
16	0.00950	0.02064	0.01921	0.03564	0.00310	0.03391	0.15067	0.09895	0.10079	0.03007	0.01484	0.00805	0.00350	0.05288	0.22454	0.04581	0.13752	0.00454	0.00566	0.00017
17	0.00442	0.00014	0.00019	0.00020	0.00022	0.00014	0.00594	0.00431	0.00027	0.00500	0.01128	0.45966	0.07392	0.17658	0.03722	0.11606	0.00012	0.10012	0.00410	0.00011
18	0.00022	0.00016	0.00019	0.00020	0.00023	0.00454	0.00014	0.00482	0.09699	0.02190	0.15544	0.37140	0.27838	0.01289	0.00752	5.6e-05	8.9e-05	0.02759	0.01710	0.00014
19	0.01156	0.06535	0.16656	0.15948	0.05253	0.01804	0.01147	0.03069	0.01647	0.26825	0.00377	0.00412	0.00028	0.02462	0.07245	0.01009	0.07389	0.00721	0.00296	0.00020
20	0.03381	0.02527	0.06513	0.03623	0.02374	0.03697	0.36347	0.09399	0.02541	0.12976	0.00594	0.02269	0.00318	0.01371	0.01846	5.4e-05	0.09472	0.00421	0.00305	0.00020
21	0.06201	0.00018	0.00021	0.00020	0.00025	0.00016	0.00015	0.00881	0.01452	0.18957	0.04127	0.29622	0.27280	0.01809	0.00654	0.04160	9.9e-05	0.04061	0.00656	0.00015

[dist]
# distance from previous block
# <min> <max>
3	32

[block]
# block no. 6 follows, 2346 sequences, length 9
# corresponding to MSA columns:
# 1234,1237-1244
name=unknown_G
#
# <colnr> <probs for GDERKNQSTAVLIFYWHMCP>
#	G	D	E	R	K	N	Q	S	T	A	V	L	I	F	Y	W	H	M	C	P
0	0.55714	0.00027	0.01051	0.00023	0.00972	0.00028	0.00018	0.02692	0.01734	0.26393	0.02207	0.00993	0.01573	0.03398	0.00014	4.9e-05	0.00012	0.01969	0.01160	0.00018
1	0.00789	0.00020	0.00026	0.02697	0.00789	0.03432	0.05227	0.05659	0.03529	0.01552	0.14419	0.43009	0.05258	0.03836	0.04576	6.6e-05	0.00013	0.04133	0.01016	0.00014
2	0.00021	0.00016	0.00018	0.00018	0.00022	0.00014	0.00014	0.01944	0.01494	0.02170	0.07400	0.16948	0.55473	0.03140	0.01155	5.7e-05	9e-05	0.08529	0.01596	0.00013
3	0.77935	0.00031	0.00026	0.00022	0.00032	0.00035	0.00018	0.17270	0.04408	0.00071	0.00025	0.00027	0.00019	0.00015	0.00010	4.6e-05	0.00012	9.3e-05	0.00010	0.00018
4	0.03202	0.00033	0.00033	0.00030	0.00038	0.02270	0.00023	0.02826	0.87845	0.00062	0.00056	0.00052	0.00042	0.00019	0.00015	4.8e-05	0.00012	0.00016	0.00014	0.03407
5	0.01795	0.00021	0.01198	0.00022	0.00027	0.05416	0.00017	0.01057	0.10914	0.06122	0.25695	0.21657	0.20511	0.01018	0.00017	5.1e-05	0.0001	0.03488	0.00995	0.00015
6	0.43677	0.01494	0.14025	0.02525	0.02290	0.02970	0.03388	0.05141	0.00818	0.01705	0.02381	0.02067	0.00758	0.02969	0.04366	0.00600	0.04539	0.00777	0.03494	0.00017
7	0.00735	0.00028	0.00028	0.02418	0.00705	0.16662	0.01321	0.02056	0.10759	0.06021	0.14719	0.07220	0.14078	0.06094	0.10123	0.01088	0.01409	0.02705	0.01815	0.00016
8	0.16236	0.02107	0.04562	0.21778	0.12066	0.01404	0.04305	0.03184	0.03403	0.00965	0.06260	0.02618	0.07485	0.02077	0.04395	0.00668	0.01909	0.03798	0.00764	0.00017

[dist]
# distance from previous block
# <min> <max>
9	50

[block]
# block no. 7 follows, 2346 sequences, length 15
# corresponding to MSA columns:
# 1325-1339
name=unknown_H
#
# <colnr> <probs for GDERKNQSTAVLIFYWHMCP>
#	G	D	E	R	K	N	Q	S	T	A	V	L	I	F	Y	W	H	M	C	P
0	0.00038	0.00033	0.00034	0.00030	0.00039	0.02463	0.00024	0.03137	0.93878	0.00062	0.00058	0.00054	0.00044	0.00020	0.00015	5e-05	0.00012	0.00016	0.00015	0.00023
1	0.00037	0.00032	0.00033	0.00030	0.00038	0.00036	0.00023	0.03035	0.94112	0.00062	0.00059	0.00054	0.00044	0.00020	0.00015	4.9e-05	0.00012	0.00017	0.02312	0.00023
2	0.03957	0.00766	0.00480	0.00023	0.00035	0.00831	0.02665	0.02007	0.00542	0.02627	0.00971	0.04302	0.00027	0.00466	0.00663	0.00456	0.00012	0.00923	0.00665	0.77582
3	0.01796	0.38261	0.33326	0.00032	0.00047	0.02496	0.02409	0.09039	0.00558	0.01593	0.00727	0.01493	0.00538	0.04297	0.00016	4.5e-05	0.02117	0.00011	7.7e-05	0.01231
4	0.03460	0.00027	0.00033	0.00026	0.00036	0.00026	0.00672	0.19311	0.02940	0.39440	0.07639	0.01736	0.03938	0.00746	0.00627	4.4e-05	0.00012	0.00567	0.00819	0.17940
5	0.00954	0.03037	0.00958	0.00716	0.01431	0.00829	0.00422	0.05415	0.04039	0.03975	0.23262	0.19691	0.19235	0.01855	0.03609	0.00591	0.00802	0.00468	0.00827	0.07887
6	0.01060	0.20234	0.22215	0.02681	0.02772	0.01028	0.06723	0.07382	0.15047	0.06291	0.03607	0.03181	0.01167	0.00821	0.01253	4.8e-05	0.01312	0.01307	0.00602	0.01311
7	0.00021	0.00015	0.00018	0.00020	0.00022	0.00931	0.00014	0.00025	0.02833	0.02095	0.11694	0.59172	0.13790	0.02991	0.00744	0.01137	9.1e-05	0.02764	0.01691	0.00013
8	0.00036	0.00487	0.00992	0.00047	0.00057	0.09244	0.50000	0.00997	0.02007	0.04274	0.01046	0.03329	0.01480	0.01744	0.01462	0.00493	0.19924	0.01210	0.00733	0.00438
9	0.03340	0.01034	0.07158	0.21233	0.18028	0.02806	0.07200	0.07648	0.01681	0.15293	0.00381	0.02235	0.00378	0.00899	0.04220	0.01001	0.03140	0.00482	0.00790	0.01051
10	0.00708	0.00701	0.01725	0.00869	0.03481	0.03331	0.04377	0.04173	0.10080	0.05110	0.04635	0.25677	0.14022	0.04661	0.05389	0.00572	0.01278	0.08329	0.00864	0.00016
11	0.00020	0.00014	0.00018	0.00020	0.00021	0.00013	0.00013	0.00023	0.00028	0.02147	0.01592	0.68907	0.05337	0.14714	0.01078	7.3e-05	9.9e-05	0.04456	0.01571	0.00012
12	0.02431	0.04828	0.01303	0.11788	0.09613	0.05253	0.01047	0.09860	0.00845	0.35874	0.00808	0.00461	0.00376	0.01450	0.05215	0.00353	0.06868	0.00517	0.00548	0.00563
13	0.03407	0.09194	0.19235	0.13475	0.09077	0.04936	0.15489	0.03071	0.03714	0.06341	0.01874	0.03861	0.00730	0.01014	0.00799	0.00363	0.01420	0.01076	0.00560	0.00367
14	0.01422	0.00018	0.00652	0.00024	0.00028	0.00017	0.00555	0.02335	0.01589	0.11393	0.02136	0.19525	0.02656	0.10690	0.02895	0.00559	0.00013	0.41606	0.01872	0.00015

[dist]
# distance from previous block
# <min> <max>
0	8

[block]
# block no. 8 follows, 2346 sequences, length 17
# corresponding to MSA columns:
# 1348-1351,1354-1357,1400-1408
name=unknown_I
#
# <colnr> <probs for GDERKNQSTAVLIFYWHMCP>
#	G	D	E	R	K	N	Q	S	T	A	V	L	I	F	Y	W	H	M	C	P
0	0.03077	0.25401	0.24616	0.06161	0.10780	0.03785	0.08747	0.02647	0.01425	0.08175	0.00909	0.01006	0.00469	0.00015	0.00477	4.4e-05	0.01026	0.00857	0.00402	0.00020
1	0.01529	0.04266	0.16926	0.08541	0.06817	0.05541	0.13669	0.03939	0.00918	0.26553	0.01299	0.01393	0.00929	0.00383	0.01698	5e-05	0.02986	0.00924	0.01664	0.00021
2	0.75131	0.02856	0.03714	0.01568	0.03449	0.05089	0.02099	0.01343	0.00028	0.01191	0.00022	0.00026	0.00017	0.00014	0.00011	4.5e-05	0.02143	8.9e-05	0.00677	0.00608
3	0.01420	0.00429	0.01010	0.00492	0.00734	0.01395	0.00874	0.01646	0.01712	0.22597	0.31621	0.03676	0.06305	0.01766	0.00358	4.7e-05	0.00550	0.01186	0.22208	0.00017
4	0.06721	0.14062	0.19533	0.08320	0.09816	0.01793	0.09604	0.05333	0.18180	0.01970	0.00870	0.00615	0.00381	0.00389	0.00472	4.6e-05	0.00656	0.00340	0.00370	0.00573
5	0.01236	0.02786	0.00687	0.00727	0.00352	0.01934	0.01272	0.05762	0.05910	0.20786	0.04504	0.04110	0.02516	0.07318	0.20275	0.00726	0.15132	0.00464	0.03173	0.00328
6	0.03673	0.00019	0.00024	0.00021	0.00027	0.00018	0.00017	0.00626	0.03433	0.29885	0.36605	0.05746	0.02266	0.01505	0.01125	5e-05	9.8e-05	0.03364	0.11613	0.00017
7	0.00619	0.00020	0.00026	0.00022	0.00028	0.00019	0.00017	0.03981	0.03727	0.35186	0.35557	0.01210	0.05769	0.11104	0.00023	5.7e-05	0.00010	0.00601	0.01381	0.00696
8	0.00023	0.00016	0.00022	0.00024	0.00027	0.00016	0.00020	0.00707	0.00748	0.01025	0.03990	0.16047	0.11638	0.01721	0.00797	6.6e-05	0.00012	0.62529	0.00618	0.00013
9	0.00030	0.00076	0.99405	0.00042	0.00064	0.00034	0.00054	0.00047	0.00031	0.00047	0.00026	0.00031	0.00019	0.00014	0.00014	4.7e-05	0.00022	0.00011	6.2e-05	0.00022
10	0.00034	0.00019	0.00024	0.00021	0.00027	0.00018	0.00017	0.03219	0.03334	0.24813	0.61895	0.01539	0.01842	0.00027	0.00016	4.6e-05	8.9e-05	0.00974	0.02151	0.00017
11	0.00055	0.00040	0.00043	0.00033	0.00045	0.00044	0.00027	0.91822	0.04581	0.01607	0.00037	0.00037	0.00027	0.01512	0.00016	4.6e-05	0.00016	0.00014	0.00015	0.00025
12	0.00057	0.00041	0.00044	0.00034	0.00045	0.00045	0.00028	0.94621	0.00068	0.04814	0.00036	0.00036	0.00026	0.00018	0.00015	4.4e-05	0.00016	0.00013	0.00015	0.00025
13	0.00707	0.00031	0.00045	0.00038	0.00040	0.00662	0.07149	0.01183	0.00025	0.01146	0.00815	0.00680	0.06203	0.00576	0.00042	6.2e-05	0.79274	0.01352	7.5e-05	0.00016
14	0.47766	0.00028	0.00029	0.00023	0.00034	0.00029	0.00019	0.06127	0.00036	0.45717	0.00039	0.00037	0.00026	0.00016	0.00012	4.6e-05	0.00012	0.00011	0.00014	0.00021
15	0.00019	0.00014	0.00018	0.00020	0.00022	0.00013	0.00695	0.00022	0.00697	0.01162	0.02542	0.79131	0.12480	0.01147	0.00875	6.1e-05	8.9e-05	0.01101	0.00014	0.00012
16	0.00493	0.21629	0.11959	0.00495	0.04749	0.00509	0.01751	0.10832	0.01876	0.18731	0.12998	0.02982	0.01196	0.00021	0.01281	4.7e-05	0.05222	0.02783	0.00469	0.00020

[dist]
# distance from previous block
# <min> <max>
1	3

[block]
# block no. 9 follows, 2346 sequences, length 17
# corresponding to MSA columns:
# 1414-1422,1438-1443,1445,1446
name=unknown_J
#
# <colnr> <probs for GDERKNQSTAVLIFYWHMCP>
#	G	D	E	R	K	N	Q	S	T	A	V	L	I	F	Y	W	H	M	C	P
0	0.35363	0.04799	0.03223	0.06589	0.05926	0.07509	0.03883	0.02731	0.00404	0.03876	0.00026	0.00623	0.00022	0.02284	0.04042	5.8e-05	0.17645	0.00486	0.00546	0.00017
1	0.00028	0.00026	0.00044	0.99446	0.00102	0.00033	0.00041	0.00038	0.00029	0.00038	0.00026	0.00039	0.00020	0.00015	0.00015	4.9e-05	0.00020	0.00013	6.6e-05	0.00016
2	0.00024	0.00017	0.00021	0.00020	0.00024	0.00790	0.00015	0.01791	0.06779	0.03630	0.46674	0.26428	0.09621	0.00034	0.00017	5.1e-05	8.5e-05	0.02496	0.00869	0.00738
3	0.05059	0.29810	0.10958	0.04080	0.03059	0.07388	0.04691	0.04038	0.02087	0.15788	0.00927	0.01401	0.01290	0.00549	0.02368	0.01930	0.03800	0.00385	0.00372	0.00020
4	0.65661	0.05490	0.02065	0.01510	0.00855	0.02191	0.01239	0.02268	0.00863	0.10244	0.00712	0.00032	0.00022	0.01013	0.01344	4.8e-05	0.01486	0.01106	0.00483	0.01413
5	0.00024	0.00530	0.00020	0.00020	0.00024	0.00017	0.00522	0.01484	0.09882	0.02255	0.27715	0.26625	0.11169	0.02609	0.00018	5.1e-05	8.6e-05	0.01224	0.14640	0.01210
6	0.01745	0.12880	0.07828	0.13227	0.07128	0.03406	0.05629	0.05184	0.04765	0.08875	0.05742	0.03107	0.00850	0.00925	0.00672	0.00397	0.08890	0.00563	0.00801	0.07387
7	0.00021	0.00015	0.00018	0.00018	0.00019	0.00015	0.00011	0.00023	0.01082	0.00034	0.08292	0.08129	0.07270	0.60347	0.10314	0.01518	0.00015	0.01082	0.01050	0.00727
8	0.00807	0.40698	0.07679	0.07777	0.05049	0.02657	0.01847	0.04903	0.03877	0.14612	0.01678	0.00753	0.01726	0.01639	0.00900	4.4e-05	0.01391	0.00747	0.00437	0.00817
9	0.09120	0.00397	0.00514	0.00410	0.00028	0.00020	0.00549	0.02255	0.06006	0.23118	0.35849	0.03476	0.11274	0.00701	0.03141	5.4e-05	0.00402	0.00565	0.02152	0.00017
10	0.30633	0.00026	0.00030	0.00025	0.00931	0.00026	0.00020	0.02232	0.01822	0.57863	0.03192	0.01253	0.00877	0.00018	0.00013	4.6e-05	0.00012	0.00986	0.00015	0.00022
11	0.11133	0.00018	0.00021	0.00020	0.00025	0.00017	0.00633	0.00787	0.00806	0.14495	0.40776	0.05188	0.23962	0.00029	0.00016	4.8e-05	8.8e-05	0.01096	0.00948	0.00016
12	0.00022	0.00014	0.00017	0.00017	0.00018	0.00014	0.00010	0.00023	0.00023	0.01076	0.01523	0.06217	0.00823	0.80276	0.03897	0.01930	0.00015	0.02666	0.01411	9.7e-05
13	0.00037	0.00031	0.00033	0.00030	0.00038	0.01012	0.00023	0.06428	0.81194	0.01237	0.01677	0.02681	0.00724	0.00022	0.00015	5e-05	0.00012	0.03974	0.00807	0.00022
14	0.00876	0.00067	0.00042	0.01130	0.00046	0.90814	0.01477	0.01824	0.00813	0.00038	0.00024	0.00028	0.00020	0.00016	0.00014	3.9e-05	0.01969	0.00774	7.8e-05	0.00017
15	0.00019	0.00013	0.00017	0.00019	0.00021	0.00012	0.00013	0.00021	0.00029	0.00039	0.06873	0.67422	0.12602	0.10656	0.00024	6.6e-05	9e-05	0.01183	0.01009	0.00012
16	0.08255	0.00036	0.03332	0.01431	0.00654	0.00714	0.01259	0.33101	0.48224	0.01239	0.00046	0.00044	0.00034	0.00020	0.01539	5e-05	0.00014	0.00014	0.00014	0.00023

[dist]
# distance from previous block
# <min> <max>
5	8

[block]
# block no. 10 follows, 2346 sequences, length 16
# corresponding to MSA columns:
# 1456-1461,1465,1469-1477
name=unknown_K
#
# <colnr> <probs for GDERKNQSTAVLIFYWHMCP>
#	G	D	E	R	K	N	Q	S	T	A	V	L	I	F	Y	W	H	M	C	P
0	0.00023	0.04913	0.08056	0.00023	0.00027	0.00021	0.00019	0.00028	0.00024	0.00034	0.00717	0.01630	0.00709	0.25278	0.56064	0.00657	0.01079	0.00676	8.1e-05	0.00013
1	0.00032	0.00031	0.00044	0.00038	0.00038	0.00044	0.00032	0.00035	0.00023	0.00035	0.00020	0.00034	0.00020	0.00030	0.05097	7.3e-05	0.94404	0.00013	6.5e-05	0.00016
2	0.39800	0.01133	0.04034	0.02097	0.20152	0.01373	0.02674	0.03147	0.02738	0.06827	0.00822	0.03468	0.00555	0.00016	0.00013	4.5e-05	0.02798	0.00444	0.00417	0.07487
3	0.03917	0.22617	0.00906	0.00030	0.00039	0.04791	0.00673	0.15073	0.48369	0.01622	0.00043	0.00042	0.00033	0.00018	0.00652	4.5e-05	0.00014	0.00013	0.01120	0.00022
4	0.00023	0.00017	0.01137	0.00448	0.00586	0.00016	0.00606	0.00560	0.00490	0.00609	0.06337	0.07816	0.04150	0.22423	0.00598	0.00548	0.00455	0.52442	0.00012	0.00723
5	0.01103	0.10772	0.60607	0.00620	0.01551	0.01025	0.05889	0.00794	0.00745	0.10487	0.00747	0.01445	0.00541	0.00016	0.00647	4.6e-05	0.00611	0.01003	8.1e-05	0.01383
6	0.01763	0.17422	0.19753	0.02985	0.01684	0.16354	0.06904	0.05606	0.02149	0.20049	0.00606	0.00036	0.00502	0.00016	0.00015	4.3e-05	0.03428	0.00012	0.00690	0.00021
7	0.00021	0.00016	0.00024	0.00024	0.00026	0.00018	0.00018	0.00026	0.00024	0.00034	0.00040	0.00058	0.00037	0.00111	0.99423	0.00024	0.00040	0.00016	7.9e-05	0.00013
8	0.06644	0.00023	0.04619	0.12318	0.06801	0.00021	0.00760	0.00736	0.00641	0.11384	0.01326	0.15525	0.03026	0.28117	0.02897	0.02001	0.00771	0.01498	0.00877	0.00015
9	0.00869	0.06677	0.13741	0.08394	0.05798	0.08476	0.08803	0.04385	0.01298	0.25784	0.00679	0.02920	0.00537	0.02621	0.02937	0.00516	0.03397	0.01686	0.00464	0.00020
10	0.00056	0.04277	0.01416	0.00026	0.00037	0.00025	0.00621	0.06212	0.04836	0.68836	0.05306	0.00052	0.01004	0.00021	0.02241	0.00771	0.00582	0.00015	0.03640	0.00023
11	0.00036	0.00035	0.00060	0.00091	0.99390	0.00035	0.00045	0.00045	0.00034	0.00048	0.00028	0.00036	0.00023	0.00013	0.00015	4.4e-05	0.00018	0.00013	7.3e-05	0.00023
12	0.04657	0.00028	0.02087	0.07147	0.16826	0.00642	0.02346	0.10119	0.01296	0.31927	0.00619	0.10068	0.00965	0.03082	0.00415	0.01895	0.00014	0.04966	0.00879	0.00020
13	0.03612	0.00594	0.02873	0.27324	0.18217	0.03535	0.06665	0.05822	0.01868	0.03728	0.00715	0.15660	0.01818	0.00509	0.00016	5e-05	0.00857	0.04175	0.01401	0.00606
14	0.00018	0.00013	0.00017	0.00020	0.00021	0.00012	0.00013	0.00021	0.00028	0.00037	0.01265	0.82457	0.03097	0.10112	0.01356	7e-05	9.6e-05	0.01470	0.00013	0.00012
15	0.00022	0.00015	0.00017	0.00017	0.00017	0.00015	9.7e-05	0.01164	0.00023	0.01207	0.01907	0.03075	0.01641	0.89580	0.00069	0.00013	0.00014	0.01175	9.5e-05	9.6e-05

[dist]
# distance from previous block
# <min> <max>
4	45

[block]
# block no. 11 follows, 2346 sequences, length 6
# corresponding to MSA columns:
# 1546,1547,1565-1568
name=unknown_L
#
# <colnr> <probs for GDERKNQSTAVLIFYWHMCP>
#	G	D	E	R	K	N	Q	S	T	A	V	L	I	F	Y	W	H	M	C	P
0	0.01130	0.01017	0.01155	0.07828	0.05238	0.04543	0.02365	0.03578	0.08936	0.09913	0.10027	0.03821	0.06490	0.11212	0.05424	0.01236	0.05266	0.01051	0.03243	0.06528
1	0.14182	0.00027	0.02040	0.02547	0.01940	0.01256	0.02668	0.05002	0.01248	0.48620	0.07945	0.02152	0.02545	0.01305	0.01224	0.00909	0.00967	0.01249	0.01241	0.00934
2	0.00024	0.00016	0.00020	0.00019	0.00023	0.00015	0.00014	0.02113	0.01707	0.05545	0.51298	0.09792	0.22407	0.00034	0.01711	0.01740	8.6e-05	0.01700	0.01800	0.00014
3	0.01462	0.00017	0.00019	0.00019	0.00023	0.00015	0.00014	0.01739	0.03914	0.05861	0.23607	0.14829	0.39736	0.02237	0.01887	5.5e-05	9.1e-05	0.01491	0.01662	0.01451
4	0.01179	0.04560	0.01194	0.00034	0.00041	0.72228	0.00026	0.01573	0.01373	0.01450	0.01923	0.00036	0.01283	0.02267	0.01112	0.01520	0.01115	0.01145	0.04866	0.01076
5	0.05707	0.00861	0.01092	0.02481	0.01534	0.01990	0.03366	0.03982	0.02814	0.22350	0.14127	0.10083	0.17880	0.01170	0.01878	0.00882	0.01511	0.02616	0.01087	0.02589

[dist]
# distance from previous block
# <min> <max>
2	9

[block]
# block no. 12 follows, 2346 sequences, length 6
# corresponding to MSA columns:
# 1594,1595,1599-1602
name=unknown_M
#
# <colnr> <probs for GDERKNQSTAVLIFYWHMCP>
#	G	D	E	R	K	N	Q	S	T	A	V	L	I	F	Y	W	H	M	C	P
0	0.02446	0.00997	0.03395	0.03234	0.01875	0.07038	0.03089	0.02916	0.02540	0.09851	0.07497	0.01547	0.02512	0.11980	0.13601	0.10878	0.08371	0.01674	0.01401	0.03159
1	0.40704	0.00028	0.00028	0.01039	0.01117	0.01020	0.01090	0.15881	0.02627	0.13326	0.04149	0.03762	0.01301	0.04366	0.02422	0.02461	0.01356	0.01043	0.02262	0.00018
2	0.02465	0.05819	0.13492	0.11785	0.07804	0.03902	0.06905	0.07614	0.02921	0.13247	0.03465	0.07771	0.01124	0.00962	0.01354	5e-05	0.02368	0.02746	0.01146	0.03105
3	0.01765	0.04482	0.13021	0.15152	0.07265	0.02791	0.09883	0.02987	0.04598	0.07882	0.06949	0.03558	0.02544	0.04209	0.05983	0.00849	0.01405	0.01531	0.00847	0.02301
4	0.00024	0.01519	0.01075	0.01334	0.01158	0.00017	0.01102	0.01058	0.01859	0.03114	0.10545	0.25193	0.09041	0.09574	0.03562	0.08609	0.01085	0.19012	0.01106	0.00013
5	0.02581	0.01019	0.02904	0.04052	0.03080	0.00991	0.02086	0.03347	0.02359	0.17683	0.07537	0.19470	0.13059	0.04866	0.04780	0.02117	0.01817	0.04058	0.01268	0.00926

[dist]
# distance from previous block
# <min> <max>
13	56

[block]
# block no. 13 follows, 2346 sequences, length 6
# corresponding to MSA columns:
# 1714-1716,1744,1745,1747
name=unknown_N
#
# <colnr> <probs for GDERKNQSTAVLIFYWHMCP>
#	G	D	E	R	K	N	Q	S	T	A	V	L	I	F	Y	W	H	M	C	P
0	0.01194	0.01070	0.02497	0.23050	0.11849	0.02092	0.05871	0.04382	0.06157	0.02827	0.04013	0.01465	0.01394	0.04793	0.10014	0.05756	0.05179	0.03597	0.01591	0.01209
1	0.06192	0.00022	0.01306	0.01270	0.00031	0.00020	0.00018	0.01361	0.03622	0.38261	0.12949	0.13307	0.08120	0.01882	0.02893	5.5e-05	0.00012	0.02507	0.04348	0.01873
2	0.03182	0.03726	0.08975	0.10019	0.12757	0.02182	0.06275	0.11884	0.11825	0.04461	0.05729	0.05797	0.02995	0.01670	0.00986	0.00880	0.02165	0.01553	0.01280	0.01660
3	0.08440	0.23280	0.09081	0.04484	0.02933	0.11862	0.04426	0.06021	0.01977	0.06768	0.02797	0.02173	0.06440	0.01277	0.01827	4.7e-05	0.02416	0.00959	0.01117	0.01719
4	0.00908	0.01686	0.01552	0.02821	0.01204	0.01019	0.03470	0.02065	0.03872	0.07287	0.19373	0.21258	0.21149	0.03137	0.02067	0.01640	0.01364	0.01391	0.01083	0.01654
5	0.02165	0.05131	0.16878	0.11107	0.08129	0.04440	0.08477	0.07848	0.08672	0.06355	0.05231	0.01662	0.02128	0.01270	0.00018	0.00938	0.05862	0.01152	0.01227	0.01312

[dist]
# distance from previous block
# <min> <max>
2	37

[block]
# block no. 14 follows, 2346 sequences, length 19
# corresponding to MSA columns:
# 1855-1857,1859,1861,1865-1878
name=unknown_O
#
# <colnr> <probs for GDERKNQSTAVLIFYWHMCP>
#	G	D	E	R	K	N	Q	S	T	A	V	L	I	F	Y	W	H	M	C	P
0	0.01067	0.10428	0.20206	0.06558	0.07194	0.02560	0.06443	0.06258	0.07951	0.05435	0.03942	0.01617	0.02541	0.01270	0.00310	0.00334	0.03016	0.01955	0.01196	0.09718
1	0.00401	0.00017	0.00353	0.00410	0.00600	0.00387	0.00499	0.02526	0.01243	0.05601	0.34524	0.16152	0.18364	0.11281	0.02025	0.00309	0.00447	0.01301	0.03545	0.00014
2	0.02568	0.05113	0.10581	0.17755	0.08097	0.04640	0.06390	0.09730	0.04966	0.03345	0.04904	0.01431	0.01974	0.03817	0.01460	0.03430	0.08029	0.00667	0.00389	0.00714
3	0.00400	0.00461	0.00026	0.00024	0.00029	0.00503	0.00018	0.19868	0.11221	0.03749	0.18031	0.24734	0.09595	0.04603	0.01538	0.00360	0.00723	0.02465	0.01208	0.00444
4	0.04449	0.04540	0.00713	0.10248	0.06791	0.10902	0.04780	0.05410	0.00971	0.04906	0.00457	0.00527	0.00025	0.00406	0.00329	3.8e-05	0.02832	0.03061	0.01164	0.37485
5	0.00022	0.00016	0.00020	0.01571	0.00025	0.00427	0.00506	0.04302	0.02605	0.00626	0.06528	0.64659	0.05359	0.03496	0.01311	6.3e-05	0.00400	0.07666	0.00442	0.00013
6	0.00513	0.00019	0.00677	0.00878	0.00558	0.00017	0.00437	0.00936	0.02707	0.05599	0.17716	0.19653	0.19066	0.04924	0.01202	5.2e-05	0.00651	0.02101	0.00428	0.21911
7	0.94730	0.00028	0.00022	0.00020	0.00029	0.00033	0.00016	0.00045	0.00026	0.04913	0.00022	0.00025	0.00017	0.00014	9.4e-05	4.6e-05	0.00011	8.3e-05	9.6e-05	0.00016
8	0.03949	0.06681	0.12723	0.17902	0.11242	0.02302	0.03911	0.04369	0.02865	0.11878	0.00752	0.07162	0.01589	0.01523	0.00835	0.00760	0.04364	0.01810	0.00408	0.02973
9	0.00022	0.00016	0.00019	0.00018	0.00019	0.00017	0.00012	0.00023	0.00023	0.00707	0.01883	0.00625	0.00758	0.76434	0.11718	0.00559	0.05952	0.00020	0.00585	0.00590
10	0.00965	0.01610	0.00047	0.01140	0.00049	0.71697	0.11973	0.07408	0.01528	0.00585	0.00026	0.00031	0.00021	0.00016	0.00930	4.3e-05	0.00840	0.01101	8.3e-05	0.00018
11	0.00877	0.00018	0.00965	0.00773	0.00027	0.00016	0.00540	0.00037	0.00727	0.21825	0.49388	0.10376	0.11767	0.00029	0.00017	4.8e-05	8.9e-05	0.00985	0.00503	0.01118
12	0.01127	0.03030	0.09528	0.02051	0.00859	0.00808	0.03607	0.21969	0.01684	0.13736	0.00953	0.01999	0.00558	0.00973	0.29946	0.00618	0.01385	0.04364	0.00786	0.00019
13	0.00055	0.02781	0.00043	0.00038	0.00045	0.96714	0.00028	0.00058	0.00041	0.00036	0.00023	0.00027	0.00019	0.00015	0.00013	3.8e-05	0.00026	9.5e-05	7.6e-05	0.00017
14	0.00550	0.00020	0.00025	0.00023	0.00029	0.00019	0.00566	0.04976	0.06576	0.29628	0.15538	0.27835	0.07214	0.01400	0.00550	0.00437	0.00010	0.02197	0.02390	0.00018
15	0.01066	0.00015	0.00020	0.00964	0.00025	0.00015	0.00477	0.01321	0.01450	0.08766	0.05936	0.69530	0.03137	0.00879	0.00019	5.8e-05	9.5e-05	0.05820	0.00532	0.00014
16	0.05302	0.00023	0.01379	0.00025	0.00033	0.00021	0.01778	0.02721	0.03537	0.51822	0.07583	0.16233	0.00732	0.01013	0.00016	4.9e-05	0.00011	0.01511	0.05628	0.00625
17	0.00907	0.00024	0.00031	0.00025	0.00034	0.00022	0.00020	0.06524	0.02419	0.67107	0.16454	0.01223	0.02025	0.00021	0.00015	4.6e-05	0.00012	0.00661	0.02450	0.00022
18	0.00603	0.00573	0.00022	0.00020	0.00025	0.00016	0.00405	0.00868	0.01833	0.18315	0.12543	0.19558	0.26178	0.06095	0.07155	0.01002	0.00012	0.03497	0.01265	0.00015

[dist]
# distance from previous block
# <min> <max>
10	21

[block]
# block no. 15 follows, 2346 sequences, length 6
# corresponding to MSA columns:
# 1917-1922
name=unknown_P
#
# <colnr> <probs for GDERKNQSTAVLIFYWHMCP>
#	G	D	E	R	K	N	Q	S	T	A	V	L	I	F	Y	W	H	M	C	P
0	0.00028	0.01360	0.00023	0.00021	0.00026	0.01280	0.01160	0.01433	0.02791	0.13750	0.16738	0.23194	0.24707	0.02055	0.01334	0.01083	0.02842	0.03474	0.01373	0.01328
1	0.01662	0.02695	0.02978	0.01887	0.05255	0.00919	0.02370	0.02124	0.01968	0.11776	0.13604	0.27489	0.12626	0.05092	0.00893	0.00861	0.01010	0.01926	0.01327	0.01538
2	0.02994	0.08977	0.11936	0.10265	0.09265	0.04326	0.05227	0.05072	0.05488	0.16044	0.02990	0.03213	0.01969	0.00909	0.01021	0.00900	0.02775	0.01300	0.02429	0.02899
3	0.14636	0.02147	0.03012	0.02531	0.04494	0.01589	0.03060	0.09650	0.05987	0.29380	0.07522	0.03715	0.02541	0.02032	0.01366	0.00895	0.03088	0.01146	0.01188	0.00020
4	0.03446	0.01654	0.01182	0.00021	0.00025	0.01687	0.00016	0.01648	0.01795	0.06710	0.11977	0.47029	0.10388	0.01719	0.00019	0.01136	0.01974	0.04470	0.03089	0.00014
5	0.06018	0.01457	0.14042	0.05451	0.06810	0.02819	0.03469	0.16049	0.02685	0.12970	0.01122	0.03656	0.01392	0.00018	0.00911	0.01137	0.01379	0.01030	0.01110	0.16476

[dist]
# distance from previous block
# <min> <max>
3	9

[block]
# block no. 16 follows, 2346 sequences, length 6
# corresponding to MSA columns:
# 1952-1957
name=unknown_Q
#
# <colnr> <probs for GDERKNQSTAVLIFYWHMCP>
#	G	D	E	R	K	N	Q	S	T	A	V	L	I	F	Y	W	H	M	C	P
0	0.01062	0.03052	0.11961	0.07615	0.10670	0.05073	0.01305	0.04997	0.02381	0.06861	0.02179	0.01808	0.01376	0.01186	0.02048	4.3e-05	0.02233	0.00013	0.02376	0.31801
1	0.91097	0.00028	0.00023	0.00020	0.00029	0.00032	0.00016	0.00046	0.00027	0.08539	0.00024	0.00026	0.00018	0.00014	9.6e-05	4.6e-05	0.00012	8.6e-05	9.9e-05	0.00017
2	0.00028	0.00026	0.00044	0.99446	0.00102	0.00033	0.00041	0.00038	0.00029	0.00038	0.00026	0.00039	0.00020	0.00015	0.00015	4.9e-05	0.00020	0.00013	6.6e-05	0.00016
3	0.00024	0.00017	0.00021	0.00023	0.00025	0.01740	0.00017	0.01558	0.01645	0.01875	0.02993	0.15030	0.03400	0.25724	0.01759	8.5e-05	0.00013	0.41966	0.02147	0.00013
4	0.00033	0.06169	0.56643	0.00044	0.01484	0.02433	0.21388	0.01482	0.02820	0.01442	0.01536	0.00037	0.00024	0.00015	0.00015	4.7e-05	0.01486	0.01431	0.01494	0.00021
5	0.01485	0.01231	0.01243	0.20476	0.03074	0.01163	0.02688	0.03194	0.04092	0.03360	0.09684	0.16156	0.06427	0.09808	0.03013	6.4e-05	0.01729	0.03400	0.02804	0.04966

[dist]
# distance from previous block
# <min> <max>
3	35

[block]
# block no. 17 follows, 2346 sequences, length 19
# corresponding to MSA columns:
# 1996-2013,2023
name=unknown_R
#
# <colnr> <probs for GDERKNQSTAVLIFYWHMCP>
#	G	D	E	R	K	N	Q	S	T	A	V	L	I	F	Y	W	H	M	C	P
0	0.00592	0.04549	0.02899	0.07400	0.02314	0.03042	0.02275	0.07906	0.20234	0.05562	0.04272	0.21415	0.02356	0.00988	0.03806	5.7e-05	0.01061	0.03200	0.01019	0.05106
1	0.01983	0.00017	0.00022	0.00020	0.00025	0.00016	0.00015	0.00599	0.01213	0.18176	0.53102	0.07573	0.11045	0.03008	0.00018	5e-05	8.6e-05	0.00971	0.02166	0.00016
2	0.00020	0.00015	0.00018	0.00018	0.00021	0.00014	0.00013	0.00025	0.00033	0.01480	0.32121	0.11656	0.29786	0.10787	0.08897	7.7e-05	0.00011	0.03183	0.01880	0.00013
3	0.00021	0.00016	0.00019	0.00810	0.00023	0.00699	0.00014	0.01438	0.00040	0.00769	0.71266	0.02540	0.21415	0.00031	0.00017	4.7e-05	7.5e-05	0.00027	0.00830	0.00014
4	0.00039	0.99491	0.00077	0.00025	0.00038	0.00058	0.00025	0.00044	0.00030	0.00035	0.00021	0.00024	0.00019	0.00013	9.5e-05	3.2e-05	0.00016	7.9e-05	6.3e-05	0.00019
5	0.00023	0.00017	0.00024	0.00023	0.00026	0.00019	0.00018	0.02959	0.00025	0.01894	0.00041	0.00062	0.00039	0.13186	0.81552	0.00022	0.00035	0.00016	8.4e-05	0.00013
6	0.03069	0.00025	0.00034	0.00026	0.00037	0.00023	0.00022	0.03299	0.00042	0.89482	0.00057	0.00052	0.00037	0.00019	0.00015	4.6e-05	0.00013	0.02627	0.01093	0.00024
7	0.00032	0.00032	0.00045	0.00038	0.00038	0.00044	0.00032	0.00035	0.00023	0.00035	0.00020	0.00033	0.00020	0.00028	0.02835	6.9e-05	0.96667	0.00013	6.5e-05	0.00016
8	0.00040	0.00037	0.00038	0.00039	0.12297	0.13136	0.00027	0.03217	0.70872	0.00058	0.00050	0.00048	0.00038	0.00018	0.00015	4.7e-05	0.00015	0.00015	0.00013	0.00023
9	0.02413	0.03256	0.02375	0.01548	0.00594	0.00024	0.00020	0.01701	0.06996	0.09102	0.00567	0.00034	0.00025	0.00013	0.00012	2.9e-05	0.00561	0.00010	0.00010	0.70737
10	0.04125	0.62844	0.10207	0.00404	0.01336	0.01174	0.01370	0.02963	0.00473	0.04993	0.03050	0.01917	0.01033	0.00016	0.00012	3.8e-05	0.00395	0.03097	8.1e-05	0.00579
11	0.15560	0.00029	0.00035	0.00027	0.00038	0.00029	0.00022	0.22936	0.00046	0.61056	0.00047	0.00043	0.00031	0.00017	0.00014	4.5e-05	0.00013	0.00013	0.00016	0.00024
12	0.00020	0.00015	0.00020	0.00022	0.00024	0.00014	0.02628	0.00025	0.03281	0.00757	0.08299	0.68162	0.05480	0.06699	0.00022	6.3e-05	9.5e-05	0.04491	0.00013	0.00013
13	0.00903	0.04810	0.46547	0.06998	0.06193	0.03089	0.03904	0.02005	0.02261	0.08861	0.02585	0.02220	0.01428	0.00940	0.01117	0.00405	0.01943	0.03762	8.7e-05	0.00020
14	0.00462	0.00044	0.01200	0.03776	0.22484	0.29781	0.09923	0.09131	0.04478	0.11140	0.01242	0.01706	0.00579	0.00379	0.00016	0.01201	0.01122	0.00978	0.00338	0.00020
15	0.00813	0.00019	0.00023	0.00021	0.00027	0.00017	0.00016	0.00958	0.05642	0.25216	0.36737	0.15549	0.11668	0.00030	0.00017	4.9e-05	9.2e-05	0.02191	0.01025	0.00017
16	0.00858	0.00014	0.00018	0.00020	0.00022	0.00013	0.00510	0.00022	0.00638	0.00619	0.02156	0.76685	0.08842	0.03344	0.03485	6.7e-05	9.9e-05	0.01441	0.01285	0.00012
17	0.01880	0.06900	0.11623	0.10778	0.16435	0.03419	0.07610	0.08474	0.09281	0.07117	0.01488	0.02953	0.01721	0.00017	0.00324	4.5e-05	0.01289	0.01703	0.00728	0.06256
18	0.00949	0.00512	0.01821	0.00028	0.00038	0.00737	0.00023	0.13821	0.33101	0.36969	0.00797	0.00920	0.02204	0.01168	0.01813	5.2e-05	0.00414	0.02074	0.00957	0.01648

[dist]
# distance from previous block
# <min> <max>
3	20

[block]
# block no. 18 follows, 2346 sequences, length 7
# corresponding to MSA columns:
# 2061-2067
name=unknown_S
#
# <colnr> <probs for GDERKNQSTAVLIFYWHMCP>
#	G	D	E	R	K	N	Q	S	T	A	V	L	I	F	Y	W	H	M	C	P
0	0.01421	0.02577	0.03190	0.44186	0.20802	0.05377	0.06287	0.01313	0.05850	0.01696	0.01043	0.00951	0.00025	0.00016	0.00986	4.9e-05	0.02228	0.00014	0.00952	0.01082
1	0.00020	0.00015	0.00019	0.00022	0.02643	0.00014	0.00015	0.00025	0.01931	0.01853	0.16466	0.56355	0.15343	0.01848	0.00019	5.7e-05	8.8e-05	0.03370	0.00014	0.00013
2	0.02905	0.00018	0.00020	0.01684	0.01004	0.00931	0.00015	0.02333	0.01960	0.02232	0.11541	0.04992	0.44930	0.02362	0.07425	0.11236	0.02454	0.00992	0.00954	0.00013
3	0.01372	0.00019	0.00022	0.00020	0.00025	0.01319	0.00015	0.02334	0.14927	0.08443	0.20928	0.12405	0.07584	0.02223	0.00016	4.8e-05	9.1e-05	0.01514	0.26804	0.00016
4	0.02098	0.00015	0.00019	0.00019	0.00022	0.00014	0.00014	0.00028	0.00038	0.02282	0.61995	0.14424	0.12128	0.00033	0.00017	4.9e-05	7.8e-05	0.04769	0.02057	0.00014
5	0.00022	0.00015	0.00018	0.00017	0.00019	0.00015	0.00011	0.00025	0.01632	0.01743	0.16347	0.06460	0.04961	0.60974	0.02309	0.00011	0.00013	0.02058	0.03338	0.00011
6	0.92056	0.00029	0.00023	0.00020	0.00030	0.00034	0.00017	0.07556	0.00028	0.00068	0.00022	0.00025	0.00017	0.00014	9.6e-05	4.6e-05	0.00012	8.4e-05	9.6e-05	0.00017

[dist]
# distance from previous block
# <min> <max>
2	3

[block]
# block no. 19 follows, 2346 sequences, length 13
# corresponding to MSA columns:
# 2072-2076,2079,2083-2089
name=unknown_T
#
# <colnr> <probs for GDERKNQSTAVLIFYWHMCP>
#	G	D	E	R	K	N	Q	S	T	A	V	L	I	F	Y	W	H	M	C	P
0	0.99586	0.00029	0.00022	0.00019	0.00029	0.00033	0.00016	0.00043	0.00025	0.00066	0.00021	0.00024	0.00016	0.00014	9.1e-05	4.6e-05	0.00011	8e-05	9.1e-05	0.00016
1	0.04422	0.49574	0.16516	0.01114	0.00663	0.21851	0.01129	0.00701	0.00999	0.00694	0.00023	0.00686	0.00020	0.00014	0.00012	3.7e-05	0.00732	9.4e-05	7e-05	0.00832
