[name]
unknown

[dist]
# distance from previous block
# <min> <max>
0	119

[block]
# block no. 0 follows, 2361 sequences, length 29
# corresponding to MSA columns:
# 339-367
name=unknown_A
#
# <colnr> <probs for GDERKNQSTAVLIFYWHMCP>
#	G	D	E	R	K	N	Q	S	T	A	V	L	I	F	Y	W	H	M	C	P
0	0.00749	0.00876	0.00354	0.00371	0.00037	0.01404	0.00365	0.31694	0.20434	0.13894	0.02655	0.05398	0.03646	0.01316	0.00289	4.9e-05	0.00013	0.10174	0.00759	0.05565
1	0.01050	0.02684	0.12095	0.02230	0.07073	0.00816	0.06574	0.05654	0.08646	0.18972	0.04904	0.05462	0.13645	0.02149	0.02662	5.5e-05	0.02695	0.01524	0.00012	0.01146
2	0.00017	0.00015	0.00015	0.00015	0.00020	0.00012	0.00011	0.00021	0.00034	0.00040	0.03065	0.00140	0.96471	0.00037	0.00017	4.9e-05	7.4e-05	0.00031	0.00014	0.00012
3	0.00031	0.04224	0.22046	0.02406	0.06418	0.00956	0.03318	0.04290	0.16046	0.03849	0.18349	0.03024	0.10714	0.00842	0.01141	5e-05	0.00442	0.01869	0.00012	0.00019
4	0.02326	0.38437	0.06419	0.03571	0.08555	0.06522	0.05569	0.08398	0.04100	0.06766	0.01024	0.00745	0.00025	0.01244	0.01305	0.01045	0.03051	0.00251	0.00629	0.00020
5	0.00019	0.00015	0.00017	0.00017	0.00021	0.00013	0.00013	0.00025	0.00764	0.00825	0.44241	0.02809	0.50512	0.00034	0.00017	4.8e-05	7.3e-05	0.00616	0.00015	0.00013
6	0.03423	0.00894	0.02793	0.05834	0.05295	0.02555	0.02539	0.00645	0.07069	0.02813	0.10376	0.02489	0.15416	0.04887	0.17537	0.00450	0.13885	0.00792	0.00290	0.00016
7	0.19808	0.00026	0.00032	0.00025	0.00036	0.00024	0.00021	0.02106	0.01101	0.76594	0.00050	0.00044	0.00032	0.00017	0.00014	4.5e-05	0.00012	0.00013	0.00016	0.00023
8	0.00498	0.00026	0.00042	0.87280	0.00092	0.00032	0.00038	0.01328	0.00427	0.01256	0.00028	0.02729	0.00022	0.00018	0.02276	0.00420	0.03449	0.00014	7e-05	0.00016
9	0.00030	0.00590	0.80918	0.01253	0.00065	0.00034	0.15082	0.00047	0.00543	0.00741	0.00027	0.00033	0.00020	0.00014	0.00014	4.7e-05	0.00022	0.00532	6.5e-05	0.00021
10	0.00019	0.00015	0.00017	0.00016	0.00021	0.00013	0.00012	0.00024	0.00036	0.01555	0.26382	0.02228	0.68251	0.00035	0.00017	4.9e-05	7.5e-05	0.01320	0.00014	0.00013
11	0.00018	0.00013	0.00017	0.00020	0.00021	0.00012	0.00014	0.00021	0.00029	0.00038	0.01423	0.82257	0.10576	0.02459	0.00020	6.1e-05	8.7e-05	0.03022	0.00014	0.00012
12	0.00039	0.99494	0.00077	0.00025	0.00038	0.00058	0.00025	0.00044	0.00030	0.00034	0.00020	0.00024	0.00019	0.00013	9.4e-05	3.1e-05	0.00016	7.8e-05	6.3e-05	0.00019
13	0.00056	0.00041	0.00044	0.00034	0.00045	0.00045	0.00028	0.99345	0.00069	0.00092	0.00035	0.00035	0.00025	0.00018	0.00015	4.4e-05	0.00016	0.00013	0.00015	0.00025
14	0.00028	0.00026	0.00044	0.99450	0.00101	0.00033	0.00041	0.00037	0.00029	0.00037	0.00026	0.00039	0.00020	0.00015	0.00015	4.9e-05	0.00020	0.00013	6.5e-05	0.00016
15	0.93542	0.00028	0.00022	0.00020	0.00029	0.00032	0.00016	0.01566	0.00026	0.02644	0.00022	0.00025	0.00017	0.00014	9.3e-05	4.5e-05	0.00011	8.3e-05	0.01947	0.00016
16	0.00052	0.00065	0.00041	0.03871	0.00852	0.87951	0.00715	0.00523	0.00978	0.00036	0.00024	0.00444	0.00021	0.03261	0.00016	4.2e-05	0.00710	0.00411	7.7e-05	0.00017
17	0.00030	0.00026	0.00030	0.00022	0.00035	0.00020	0.00017	0.00037	0.00030	0.00048	0.00026	0.00030	0.00022	0.00011	0.00011	2.2e-05	0.00011	8.7e-05	8.7e-05	0.99575
18	0.00037	0.00032	0.00033	0.00030	0.00038	0.00036	0.00023	0.01297	0.96900	0.01309	0.00059	0.00054	0.00044	0.00020	0.00015	5e-05	0.00012	0.00017	0.00015	0.00023
19	0.00021	0.00015	0.00019	0.00018	0.00022	0.00014	0.00014	0.00027	0.00753	0.00761	0.79818	0.08898	0.09502	0.00032	0.00017	4.8e-05	7.2e-05	0.00028	0.00016	0.00014
20	0.01250	0.00073	0.93675	0.00041	0.00062	0.00034	0.01822	0.00046	0.00031	0.01501	0.00027	0.00032	0.00019	0.00014	0.00014	0.00705	0.00021	0.00603	6.5e-05	0.00021
21	0.00034	0.00018	0.00024	0.00021	0.00026	0.00016	0.00016	0.00041	0.01867	0.27272	0.66746	0.00090	0.00105	0.00026	0.00016	4.6e-05	8.5e-05	0.00023	0.03629	0.00017
22	0.00562	0.35204	0.54623	0.01213	0.00053	0.00042	0.02506	0.00046	0.03501	0.00450	0.00623	0.01069	0.00021	0.00014	0.00012	4.1e-05	0.00019	0.00011	6.8e-05	0.00020
23	0.00021	0.00015	0.00020	0.00019	0.00022	0.00014	0.00014	0.00028	0.00041	0.01429	0.91109	0.02213	0.03216	0.00030	0.00017	4.7e-05	7.1e-05	0.00933	0.00833	0.00014
24	0.02509	0.00022	0.05657	0.04115	0.00704	0.00021	0.00842	0.00313	0.13953	0.02707	0.15750	0.12695	0.12177	0.07337	0.13311	0.01643	0.03297	0.01814	0.01117	0.00015
25	0.00022	0.00016	0.00020	0.00022	0.00025	0.00017	0.00015	0.00500	0.18258	0.00715	0.01626	0.77052	0.00599	0.00503	0.00531	5.9e-05	9.3e-05	0.00036	0.00014	0.00014
26	0.00708	0.13347	0.57537	0.00282	0.00558	0.01147	0.00567	0.05905	0.02707	0.12918	0.01406	0.00845	0.00836	0.00393	0.00014	4.5e-05	0.00019	0.00526	0.00260	0.00021
27	0.04734	0.49821	0.01230	0.00281	0.00353	0.09328	0.00338	0.24931	0.03230	0.01376	0.00316	0.00737	0.00023	0.00298	0.00286	3.8e-05	0.00016	0.00010	0.02668	0.00020
28	0.94068	0.00622	0.00904	0.00020	0.00364	0.00433	0.00793	0.00683	0.00026	0.00708	0.00021	0.00025	0.00017	0.00478	0.00416	4.6e-05	0.00012	8.3e-05	0.00381	0.00016

[dist]
# distance from previous block
# <min> <max>
0	4

[block]
# block no. 1 follows, 2361 sequences, length 23
# corresponding to MSA columns:
# 376-398
name=unknown_B
#
# <colnr> <probs for GDERKNQSTAVLIFYWHMCP>
#	G	D	E	R	K	N	Q	S	T	A	V	L	I	F	Y	W	H	M	C	P
0	0.00442	0.00020	0.02178	0.02240	0.01666	0.00440	0.01471	0.06708	0.02861	0.00496	0.18467	0.07168	0.11506	0.22894	0.01611	0.00555	0.02462	0.15213	0.01342	0.00260
1	0.87730	0.00029	0.00807	0.00021	0.00584	0.00032	0.00765	0.00990	0.01137	0.06706	0.00548	0.00027	0.00019	0.00544	0.00010	4.6e-05	0.00012	8.8e-05	9.8e-05	0.00017
2	0.00028	0.00026	0.00041	0.82687	0.01465	0.00031	0.00425	0.02617	0.01967	0.00040	0.02881	0.03147	0.01126	0.01621	0.00016	5e-05	0.00594	0.00461	0.00805	0.00016
3	0.09835	0.00026	0.00033	0.00025	0.00036	0.00023	0.00021	0.01945	0.01152	0.85736	0.00054	0.00048	0.00034	0.00945	0.00015	4.6e-05	0.00012	0.00014	0.00017	0.00024
4	0.02895	0.00450	0.00414	0.00658	0.00035	0.00022	0.03634	0.06086	0.01059	0.54581	0.00430	0.06046	0.12919	0.00801	0.00016	4.9e-05	0.00012	0.06969	0.02946	0.00021
5	0.00024	0.00016	0.00021	0.00019	0.00023	0.00015	0.00015	0.01466	0.01224	0.05422	0.91406	0.00105	0.00130	0.00029	0.00017	4.6e-05	7.4e-05	0.00026	0.00016	0.00015
6	0.00030	0.00026	0.00030	0.00022	0.00035	0.00020	0.00017	0.00037	0.00030	0.00048	0.00026	0.00030	0.00022	0.00011	0.00011	2.2e-05	0.00011	8.7e-05	8.7e-05	0.99575
7	0.00056	0.00041	0.00044	0.00034	0.00045	0.00045	0.00028	0.96993	0.00068	0.02445	0.00036	0.00036	0.00025	0.00018	0.00015	4.4e-05	0.00016	0.00013	0.00015	0.00025
8	0.99589	0.00028	0.00022	0.00019	0.00028	0.00033	0.00016	0.00043	0.00025	0.00066	0.00020	0.00024	0.00016	0.00014	9.1e-05	4.5e-05	0.00011	7.9e-05	9.1e-05	0.00016
9	0.00063	0.00025	0.00033	0.00026	0.00037	0.00022	0.00021	0.01612	0.00042	0.92714	0.05203	0.00053	0.00041	0.00019	0.00015	4.5e-05	0.00012	0.00015	0.00018	0.00024
10	0.00056	0.00041	0.00044	0.00034	0.00045	0.00045	0.00028	0.99345	0.00069	0.00092	0.00035	0.00035	0.00025	0.00018	0.00015	4.4e-05	0.00016	0.00013	0.00015	0.00025
11	0.00035	0.00030	0.00032	0.00913	0.01389	0.00035	0.00023	0.00073	0.90416	0.00060	0.01141	0.00060	0.05685	0.00021	0.00015	5e-05	0.00011	0.00017	0.00015	0.00022
12	0.96639	0.00028	0.00022	0.00019	0.00028	0.00033	0.00016	0.01523	0.00026	0.00066	0.00021	0.00024	0.00016	0.00014	9.2e-05	4.5e-05	0.00011	8.1e-05	0.01475	0.00016
13	0.00043	0.00538	0.25921	0.00485	0.02123	0.00031	0.04342	0.20058	0.08832	0.24430	0.04346	0.00479	0.04635	0.00019	0.00015	4.7e-05	0.00016	0.03646	0.00013	0.00022
14	0.00028	0.00025	0.00035	0.13828	0.06981	0.03118	0.00026	0.00032	0.00025	0.00035	0.00031	0.00841	0.00031	0.22043	0.17547	0.00874	0.34463	0.00015	7.4e-05	0.00014
15	0.00029	0.00076	0.99409	0.00042	0.00063	0.00034	0.00054	0.00046	0.00031	0.00046	0.00026	0.00031	0.00019	0.00014	0.00014	4.6e-05	0.00022	0.00011	6.2e-05	0.00022
16	0.00063	0.00025	0.00033	0.00026	0.00037	0.00022	0.00021	0.01346	0.01147	0.91875	0.05203	0.00053	0.00042	0.00019	0.00015	4.5e-05	0.00012	0.00015	0.00018	0.00024
17	0.00022	0.00016	0.00021	0.00020	0.00023	0.00587	0.00015	0.00388	0.00476	0.00816	0.56589	0.20995	0.07940	0.00595	0.01449	0.00375	0.06717	0.01450	0.01492	0.00014
18	0.00030	0.05226	0.94264	0.00041	0.00062	0.00035	0.00053	0.00046	0.00031	0.00046	0.00026	0.00031	0.00019	0.00014	0.00014	4.6e-05	0.00021	0.00011	6.2e-05	0.00022
19	0.00020	0.00016	0.00022	0.04596	0.08185	0.00015	0.00581	0.00583	0.00029	0.00039	0.00648	0.83176	0.00735	0.00041	0.00018	5.8e-05	9.9e-05	0.01253	0.00013	0.00013
20	0.00028	0.00026	0.00044	0.99450	0.00101	0.00033	0.00041	0.00037	0.00029	0.00037	0.00026	0.00039	0.00020	0.00015	0.00015	4.9e-05	0.00020	0.00013	6.5e-05	0.00016
21	0.00039	0.97302	0.02267	0.00025	0.00038	0.00057	0.00026	0.00044	0.00030	0.00035	0.00021	0.00024	0.00019	0.00013	9.5e-05	3.2e-05	0.00016	7.9e-05	6.3e-05	0.00019
22	0.71942	0.01788	0.01584	0.02584	0.02837	0.11301	0.01284	0.00912	0.00930	0.00702	0.00023	0.00743	0.00018	0.00014	0.00011	4.5e-05	0.01892	9.1e-05	0.01405	0.00017

[dist]
# distance from previous block
# <min> <max>
2	15

[block]
# block no. 2 follows, 2361 sequences, length 23
# corresponding to MSA columns:
# 414-431,435,437-440
name=unknown_C
#
# <colnr> <probs for GDERKNQSTAVLIFYWHMCP>
#	G	D	E	R	K	N	Q	S	T	A	V	L	I	F	Y	W	H	M	C	P
0	0.00029	0.00842	0.00754	0.84524	0.02672	0.00715	0.00643	0.00519	0.00473	0.02658	0.02706	0.00520	0.00515	0.00534	0.01121	5.1e-05	0.00731	0.00014	7.3e-05	0.00017
1	0.00021	0.00016	0.00023	0.00023	0.00025	0.00018	0.00017	0.00026	0.00023	0.00033	0.00039	0.00061	0.00038	0.10495	0.85206	0.02692	0.01207	0.00016	7.9e-05	0.00012
2	0.23965	0.00814	0.00477	0.01182	0.01212	0.04422	0.03068	0.01718	0.00030	0.01382	0.01460	0.41228	0.00354	0.02486	0.00310	5.7e-05	0.03891	0.11542	0.00437	0.00014
3	0.97367	0.00028	0.00022	0.00019	0.00029	0.00033	0.00016	0.00044	0.00025	0.02284	0.00021	0.00024	0.00016	0.00014	9.2e-05	4.5e-05	0.00011	8.1e-05	9.3e-05	0.00016
4	0.00036	0.00034	0.00057	0.01281	0.90269	0.00891	0.01344	0.00044	0.00762	0.00703	0.00030	0.04426	0.00027	0.00015	0.00015	4.4e-05	0.00017	0.00014	7.7e-05	0.00023
5	0.94302	0.00029	0.00023	0.01122	0.00030	0.00033	0.00017	0.03074	0.00027	0.01209	0.00021	0.00025	0.00016	0.00014	9.4e-05	4.5e-05	0.00012	8.2e-05	9.3e-05	0.00016
6	0.00022	0.00016	0.00020	0.00019	0.00023	0.00015	0.00014	0.00031	0.05570	0.00059	0.92263	0.00106	0.00131	0.00029	0.00017	4.6e-05	7.2e-05	0.00026	0.01613	0.00014
7	0.01963	0.01940	0.10971	0.04167	0.02592	0.00593	0.12381	0.03328	0.05992	0.00946	0.00739	0.51629	0.00674	0.00359	0.00302	5.5e-05	0.00287	0.01104	0.00011	0.00016
8	0.02359	0.02311	0.01875	0.06999	0.60046	0.07637	0.07844	0.01234	0.05825	0.00941	0.00030	0.00037	0.00423	0.00014	0.00015	4.5e-05	0.01631	0.00372	0.00381	0.00021
9	0.00065	0.00025	0.00034	0.00026	0.00037	0.00021	0.00021	0.00070	0.00042	0.96935	0.02526	0.00051	0.00039	0.00018	0.00015	4.5e-05	0.00012	0.00015	0.00018	0.00025
10	0.00021	0.00015	0.00019	0.00018	0.00022	0.00014	0.00014	0.00028	0.00041	0.01270	0.89432	0.01565	0.04401	0.00030	0.00017	4.6e-05	7e-05	0.00026	0.03041	0.00014
11	0.02810	0.20471	0.31798	0.02261	0.03589	0.09485	0.05372	0.01772	0.00969	0.17798	0.00341	0.01135	0.00024	0.00015	0.00324	4.3e-05	0.01309	0.00491	9e-05	0.00021
12	0.01101	0.00053	0.00040	0.00035	0.00706	0.60286	0.00569	0.02225	0.00436	0.17805	0.00924	0.00414	0.00661	0.01446	0.00536	4.6e-05	0.12719	0.00012	9.7e-05	0.00018
13	0.00021	0.00015	0.00019	0.00018	0.00022	0.00014	0.00014	0.00028	0.00040	0.02352	0.80410	0.01517	0.15414	0.00031	0.00017	4.7e-05	7.1e-05	0.00027	0.00016	0.00014
14	0.01345	0.00683	0.05512	0.01292	0.02989	0.74104	0.01478	0.00625	0.01291	0.00873	0.00584	0.03094	0.03598	0.00017	0.00014	4.1e-05	0.01449	0.00348	0.00682	0.00017
15	0.16671	0.15405	0.20670	0.00852	0.03156	0.13889	0.00530	0.04019	0.20060	0.00866	0.01448	0.00527	0.00436	0.00016	0.00013	4.4e-05	0.01064	0.00345	9.3e-05	0.00020
16	0.00028	0.03915	0.34492	0.02435	0.08313	0.00425	0.02715	0.01151	0.05514	0.02263	0.15021	0.01809	0.18400	0.00022	0.00566	4.8e-05	0.01129	0.00337	0.00292	0.01169
17	0.00018	0.00015	0.00015	0.00015	0.00020	0.00012	0.00011	0.00021	0.00033	0.00040	0.01929	0.08559	0.87065	0.01203	0.00018	5.1e-05	7.6e-05	0.00031	0.00968	0.00012
18	0.06695	0.00968	0.00888	0.08274	0.01459	0.03001	0.01763	0.07703	0.01082	0.54855	0.00937	0.02762	0.00412	0.06254	0.00743	5.3e-05	0.01177	0.00015	0.00987	0.00021
19	0.00543	0.17531	0.31800	0.00655	0.03823	0.01298	0.03823	0.01504	0.00904	0.03101	0.00372	0.01194	0.00320	0.00014	0.00342	3.6e-05	0.00329	0.00011	7.9e-05	0.32425
20	0.00795	0.00505	0.31172	0.01382	0.02836	0.00707	0.01110	0.01873	0.04524	0.44998	0.03281	0.02820	0.01616	0.00282	0.00015	4.7e-05	0.01172	0.00320	0.00563	0.00022
21	0.00019	0.00014	0.00017	0.00019	0.00021	0.00012	0.00013	0.00022	0.00032	0.01108	0.14133	0.54027	0.29268	0.00041	0.00018	5.5e-05	8.1e-05	0.01197	0.00014	0.00012
22	0.03428	0.00639	0.07081	0.02918	0.04027	0.00391	0.02530	0.02845	0.02348	0.03497	0.20880	0.12633	0.27494	0.00382	0.00323	5e-05	0.00845	0.04253	0.03465	0.00015

[dist]
# distance from previous block
# <min> <max>
2	4

[block]
# block no. 3 follows, 2361 sequences, length 54
# corresponding to MSA columns:
# 446,447,450-493,500-506,508
name=unknown_D
#
# <colnr> <probs for GDERKNQSTAVLIFYWHMCP>
#	G	D	E	R	K	N	Q	S	T	A	V	L	I	F	Y	W	H	M	C	P
0	0.00562	0.56458	0.12190	0.00249	0.00329	0.09716	0.00537	0.13042	0.00516	0.01207	0.00567	0.00355	0.00021	0.00142	0.00265	3.7e-05	0.00225	0.00332	0.01045	0.02238
1	0.01424	0.00022	0.00029	0.00023	0.00032	0.00020	0.00019	0.03254	0.00510	0.59056	0.26693	0.00068	0.04291	0.00022	0.00015	4.5e-05	0.00011	0.00018	0.00953	0.03533
2	0.01430	0.07087	0.09964	0.07049	0.00626	0.02096	0.01725	0.11670	0.16417	0.04943	0.01198	0.17814	0.00998	0.12316	0.02115	0.00230	0.00275	0.00899	0.01131	0.00018
3	0.00385	0.56842	0.25610	0.00533	0.00380	0.09102	0.01848	0.01353	0.00032	0.03005	0.00024	0.00027	0.00019	0.00013	0.00012	3.7e-05	0.00576	9.3e-05	0.00206	0.00020
4	0.00033	0.00037	0.00080	0.00058	0.00072	0.00035	0.89910	0.00306	0.00661	0.00331	0.00536	0.03570	0.03958	0.00015	0.00017	5e-05	0.00023	0.00326	8e-05	0.00019
5	0.01316	0.00028	0.04247	0.22322	0.03743	0.05016	0.03867	0.03885	0.05212	0.14651	0.16624	0.03355	0.06115	0.00026	0.05564	0.00323	0.00016	0.01913	0.00234	0.01542
6	0.14327	0.04372	0.06335	0.02658	0.02519	0.01065	0.02734	0.04248	0.03875	0.30238	0.02064	0.14577	0.01795	0.05109	0.02710	5.7e-05	0.00827	0.00388	0.00133	0.00019
7	0.00018	0.00015	0.00016	0.00017	0.00021	0.00013	0.00012	0.00382	0.00314	0.00486	0.18937	0.15824	0.63478	0.00037	0.00017	5e-05	7.6e-05	0.00032	0.00356	0.00013
8	0.00039	0.99494	0.00077	0.00025	0.00038	0.00058	0.00025	0.00044	0.00030	0.00034	0.00020	0.00024	0.00019	0.00013	9.4e-05	3.1e-05	0.00016	7.8e-05	6.3e-05	0.00019
9	0.01958	0.01810	0.05885	0.20747	0.15404	0.06916	0.26141	0.01455	0.01702	0.08642	0.00187	0.02392	0.00026	0.00309	0.01912	5.1e-05	0.02965	0.01337	0.00189	0.00019
10	0.00040	0.00192	0.00691	0.03971	0.09033	0.00024	0.00969	0.00587	0.18869	0.33097	0.04447	0.11135	0.11869	0.00428	0.00562	5e-05	0.00147	0.03346	0.00569	0.00020
11	0.00022	0.00016	0.00022	0.00025	0.00028	0.00015	0.00021	0.00028	0.00032	0.00557	0.00557	0.30010	0.00088	0.00042	0.00020	6.5e-05	0.00012	0.68474	0.00014	0.00013
12	0.00019	0.00016	0.00195	0.02239	0.00358	0.00865	0.00439	0.00471	0.00271	0.00216	0.01921	0.22323	0.65531	0.02073	0.00019	5.3e-05	8.5e-05	0.01191	0.01829	0.00013
13	0.00805	0.27526	0.36996	0.01149	0.03876	0.01962	0.03683	0.01464	0.01300	0.19921	0.00251	0.00034	0.00023	0.00015	0.00293	4.3e-05	0.00657	0.00011	9e-05	0.00021
14	0.00023	0.00015	0.00203	0.01992	0.00431	0.00014	0.01190	0.00026	0.01272	0.07990	0.01244	0.80531	0.03068	0.00523	0.00018	5.8e-05	9.3e-05	0.00844	0.00589	0.00013
15	0.01015	0.98519	0.00076	0.00025	0.00038	0.00058	0.00025	0.00044	0.00030	0.00035	0.00020	0.00024	0.00019	0.00013	9.4e-05	3.1e-05	0.00016	7.8e-05	6.3e-05	0.00019
16	0.93934	0.01206	0.00023	0.00020	0.00029	0.01892	0.00350	0.00720	0.00026	0.01665	0.00021	0.00024	0.00016	0.00014	9.3e-05	4.5e-05	0.00012	8.1e-05	9.2e-05	0.00016
17	0.00038	0.01422	0.00034	0.00030	0.00039	0.00037	0.00024	0.06796	0.90687	0.00634	0.00057	0.00053	0.00043	0.00020	0.00015	4.9e-05	0.00012	0.00016	0.00015	0.00023
18	0.00499	0.13972	0.23145	0.00716	0.09424	0.01106	0.00424	0.02853	0.00679	0.05920	0.00028	0.00333	0.00022	0.00386	0.00013	3.5e-05	0.00949	0.00010	8.4e-05	0.39510
19	0.00608	0.12393	0.00306	0.00035	0.00258	0.73950	0.00027	0.00719	0.07540	0.00869	0.00026	0.00031	0.00022	0.02869	0.00283	4.2e-05	0.00023	0.00010	8.1e-05	0.00018
20	0.00036	0.00035	0.00059	0.00090	0.99394	0.00035	0.00045	0.00045	0.00033	0.00048	0.00028	0.00036	0.00023	0.00013	0.00015	4.4e-05	0.00017	0.00013	7.3e-05	0.00023
21	0.30974	0.00963	0.05551	0.00858	0.02990	0.00512	0.00228	0.44768	0.01724	0.10834	0.00033	0.00034	0.00023	0.00016	0.00013	4.5e-05	0.00015	0.00207	0.00232	0.00022
22	0.00639	0.00385	0.02570	0.33777	0.38742	0.15779	0.00579	0.02751	0.00852	0.01001	0.00350	0.00358	0.00022	0.00015	0.00223	4.5e-05	0.01912	0.00013	7.4e-05	0.00020
23	0.00018	0.00013	0.00017	0.00020	0.00021	0.00012	0.00014	0.00021	0.00317	0.00038	0.00519	0.92092	0.02245	0.02328	0.00706	6.2e-05	8.9e-05	0.01289	0.00303	0.00012
24	0.99589	0.00028	0.00022	0.00019	0.00028	0.00033	0.00016	0.00043	0.00025	0.00066	0.00020	0.00024	0.00016	0.00014	9.1e-05	4.5e-05	0.00011	7.9e-05	9.1e-05	0.00016
25	0.01043	0.00025	0.00034	0.00026	0.00037	0.00022	0.00022	0.00553	0.00549	0.97439	0.00057	0.00050	0.00036	0.00018	0.00015	4.5e-05	0.00012	0.00015	0.00018	0.00025
26	0.00055	0.00070	0.00042	0.00038	0.00045	0.99426	0.00028	0.00059	0.00042	0.00036	0.00023	0.00026	0.00019	0.00015	0.00013	3.8e-05	0.00026	9.4e-05	7.6e-05	0.00017
27	0.00788	0.00025	0.00034	0.00026	0.00038	0.00022	0.00022	0.02487	0.00742	0.95566	0.00057	0.00049	0.00036	0.00018	0.00015	4.5e-05	0.00013	0.00015	0.00018	0.00025
28	0.00019	0.00016	0.00017	0.00017	0.00022	0.00014	0.00013	0.00025	0.06350	0.00041	0.01193	0.08847	0.77743	0.00037	0.00017	5.1e-05	8.1e-05	0.05588	0.00014	0.00013
29	0.00018	0.00013	0.00017	0.00020	0.00021	0.00012	0.00014	0.00021	0.00028	0.00037	0.00081	0.98476	0.00097	0.00046	0.00019	6e-05	8.6e-05	0.01040	0.00014	0.00012
30	0.64939	0.00028	0.00026	0.00022	0.00032	0.00030	0.00018	0.02343	0.00537	0.31854	0.00033	0.00033	0.00023	0.00015	0.00011	4.5e-05	0.00012	0.00010	0.00012	0.00019
31	0.00023	0.00016	0.00020	0.00019	0.00023	0.00015	0.00014	0.00030	0.02564	0.03146	0.91273	0.00429	0.01845	0.00029	0.00017	4.6e-05	7.2e-05	0.00026	0.00485	0.00014
32	0.00056	0.00041	0.00044	0.00034	0.00045	0.00045	0.00028	0.99345	0.00069	0.00092	0.00035	0.00035	0.00025	0.00018	0.00015	4.4e-05	0.00016	0.00013	0.00015	0.00025
33	0.00019	0.00014	0.00018	0.00021	0.00023	0.00013	0.00016	0.00023	0.00030	0.00039	0.00576	0.65324	0.11515	0.00044	0.00019	6e-05	9.5e-05	0.22265	0.00014	0.00012
34	0.00783	0.00025	0.00034	0.00026	0.00037	0.00022	0.00021	0.00633	0.00042	0.97473	0.00710	0.00050	0.00037	0.00018	0.00015	4.5e-05	0.00012	0.00015	0.00018	0.00025
35	0.00032	0.00020	0.00024	0.00022	0.00027	0.02489	0.00017	0.01584	0.11571	0.17951	0.54851	0.02917	0.01383	0.00297	0.00016	4.6e-05	9.2e-05	0.00022	0.06748	0.00017
36	0.00064	0.00025	0.00034	0.00026	0.00037	0.00022	0.00021	0.02539	0.00558	0.93572	0.01087	0.00050	0.00037	0.00018	0.00015	4.5e-05	0.00012	0.00015	0.01838	0.00025
37	0.00033	0.01495	0.00052	0.35761	0.43424	0.00883	0.02838	0.00367	0.00031	0.00535	0.00027	0.00505	0.00408	0.00016	0.00402	4.9e-05	0.13178	0.00013	7e-05	0.00019
38	0.00944	0.00025	0.00034	0.00026	0.00037	0.00022	0.00022	0.00551	0.01896	0.95773	0.00058	0.00468	0.00036	0.00018	0.00015	4.5e-05	0.00012	0.00015	0.00018	0.00025
39	0.02027	0.00026	0.00034	0.01225	0.01958	0.01249	0.00246	0.03907	0.00755	0.84824	0.01960	0.00257	0.00037	0.00505	0.00015	4.6e-05	0.00013	0.00740	0.00192	0.00024
40	0.01066	0.00026	0.00034	0.00026	0.00038	0.00023	0.00022	0.03778	0.00578	0.94162	0.00057	0.00049	0.00036	0.00018	0.00015	4.5e-05	0.00013	0.00015	0.00018	0.00025
41	0.00298	0.19468	0.24268	0.00771	0.06908	0.13356	0.04677	0.01854	0.03420	0.16583	0.01188	0.02884	0.02168	0.00555	0.00138	4.4e-05	0.00248	0.01182	9.6e-05	0.00020
42	0.01373	0.04446	0.22164	0.00971	0.00044	0.00320	0.01152	0.29322	0.01170	0.17931	0.00553	0.01378	0.00029	0.04240	0.09982	0.00143	0.03926	0.00014	0.00821	0.00021
43	0.00242	0.00023	0.01506	0.04777	0.03294	0.01691	0.03737	0.11147	0.02537	0.17792	0.03944	0.41396	0.00818	0.01004	0.01991	5.6e-05	0.02028	0.00527	0.01522	0.00017
44	0.46016	0.15368	0.08840	0.02606	0.09686	0.05531	0.02233	0.01937	0.00603	0.03784	0.00024	0.00029	0.00019	0.00150	0.00218	0.00197	0.01799	0.00401	0.00538	0.00018
45	0.00022	0.00018	0.00722	0.00295	0.04222	0.00017	0.09682	0.00361	0.02033	0.00264	0.07141	0.53268	0.13051	0.00038	0.00018	0.00182	0.00011	0.08630	0.00013	0.00014
46	0.00498	0.00840	0.02945	0.00531	0.01570	0.00201	0.00672	0.04569	0.00329	0.01131	0.00027	0.00031	0.00022	0.00203	0.00235	2.6e-05	0.00555	9.2e-05	8.9e-05	0.85621
47	0.00018	0.00013	0.00017	0.00020	0.00021	0.00012	0.00014	0.00021	0.00028	0.00299	0.01216	0.96366	0.00391	0.00469	0.00281	6e-05	8.6e-05	0.00433	0.00014	0.00352
48	0.00021	0.00016	0.00022	0.00022	0.00024	0.00018	0.00017	0.00025	0.00023	0.00033	0.00040	0.00064	0.00039	0.18226	0.75755	0.04310	0.01310	0.00017	8e-05	0.00012
49	0.00237	0.00588	0.02846	0.58248	0.06569	0.02502	0.16683	0.02819	0.01039	0.05059	0.00590	0.00296	0.00379	0.00015	0.00015	4.8e-05	0.01034	0.01050	7.8e-05	0.00018
50	0.00023	0.00264	0.00024	0.00024	0.00027	0.00229	0.00018	0.02330	0.01117	0.00492	0.01959	0.00332	0.00039	0.05666	0.84872	0.00021	0.02527	0.00016	8.3e-05	0.00013
51	0.00019	0.00014	0.00017	0.00019	0.00021	0.00012	0.00013	0.00022	0.00031	0.00583	0.14020	0.55044	0.23820	0.05198	0.00021	0.00369	8.4e-05	0.00743	0.00014	0.00012
52	0.85874	0.00029	0.00024	0.00363	0.00319	0.02854	0.00285	0.01729	0.00027	0.05944	0.00024	0.00027	0.00503	0.00014	0.00010	4.5e-05	0.00934	8.7e-05	0.01010	0.00017
53	0.82231	0.02954	0.00867	0.00549	0.01158	0.02873	0.02304	0.00635	0.01937	0.02239	0.00464	0.00026	0.00018	0.00014	0.00217	4.5e-05	0.00256	8.8e-05	9.2e-05	0.01235

[dist]
# distance from previous block
# <min> <max>
2	8

[block]
# block no. 4 follows, 2361 sequences, length 17
# corresponding to MSA columns:
# 535-549,551,552
name=unknown_E
#
# <colnr> <probs for GDERKNQSTAVLIFYWHMCP>
#	G	D	E	R	K	N	Q	S	T	A	V	L	I	F	Y	W	H	M	C	P
0	0.00464	0.00531	0.00362	0.09747	0.25287	0.12340	0.00849	0.02078	0.01791	0.00517	0.01663	0.03149	0.00351	0.01856	0.06993	0.00374	0.22548	0.07015	0.01556	0.00528
1	0.00028	0.00027	0.06698	0.02271	0.00898	0.01901	0.09984	0.03860	0.17812	0.02438	0.31096	0.11667	0.07702	0.00027	0.00517	0.00963	0.00494	0.00798	0.00420	0.00400
2	0.00019	0.00013	0.00018	0.00021	0.00022	0.00012	0.00015	0.00022	0.00029	0.00038	0.00082	0.85673	0.02168	0.00045	0.00019	6e-05	9.1e-05	0.11763	0.00014	0.00012
3	0.00030	0.00026	0.00030	0.00022	0.00035	0.00020	0.00017	0.00037	0.00030	0.00048	0.00026	0.00030	0.00022	0.00011	0.00011	2.2e-05	0.00011	8.7e-05	8.7e-05	0.99575
4	0.00024	0.00018	0.00022	0.00021	0.00025	0.00018	0.00016	0.00927	0.17304	0.01216	0.73903	0.02743	0.02598	0.00029	0.00017	4.7e-05	8e-05	0.01075	0.00016	0.00016
5	0.00030	0.00026	0.00030	0.00022	0.00035	0.00020	0.00017	0.00037	0.00030	0.00048	0.00026	0.00030	0.00022	0.00011	0.00011	2.2e-05	0.00011	8.7e-05	8.7e-05	0.99575
6	0.00023	0.00017	0.00024	0.00027	0.00030	0.00017	0.01389	0.00030	0.00033	0.00043	0.00076	0.08412	0.00083	0.01508	0.00021	6.7e-05	0.00013	0.86556	0.01678	0.00013
7	0.00024	0.00017	0.00023	0.00026	0.00030	0.00017	0.00023	0.00031	0.00034	0.02054	0.00078	0.03090	0.02701	0.01193	0.00020	6.7e-05	0.00013	0.89045	0.01561	0.00014
8	0.00055	0.00070	0.00042	0.00038	0.00045	0.99426	0.00028	0.00059	0.00042	0.00036	0.00023	0.00026	0.00019	0.00015	0.00013	3.8e-05	0.00026	9.4e-05	7.6e-05	0.00017
9	0.00018	0.00015	0.00016	0.00016	0.00020	0.00013	0.00012	0.00022	0.00035	0.00043	0.18177	0.02698	0.78794	0.00036	0.00017	4.9e-05	7.4e-05	0.00030	0.00014	0.00013
10	0.00018	0.00014	0.00016	0.00017	0.00021	0.00013	0.00012	0.00022	0.00033	0.00041	0.11957	0.29192	0.55459	0.01324	0.00019	5.4e-05	7.9e-05	0.01803	0.00014	0.00012
11	0.00055	0.00070	0.00042	0.00038	0.00045	0.99426	0.00028	0.00059	0.00042	0.00036	0.00023	0.00026	0.00019	0.00015	0.00013	3.8e-05	0.00026	9.4e-05	7.6e-05	0.00017
12	0.96268	0.00028	0.00022	0.00019	0.00029	0.00032	0.00016	0.00044	0.00026	0.03380	0.00022	0.00025	0.00017	0.00014	9.3e-05	4.5e-05	0.00011	8.2e-05	9.4e-05	0.00016
13	0.99589	0.00028	0.00022	0.00019	0.00028	0.00033	0.00016	0.00043	0.00025	0.00066	0.00020	0.00024	0.00016	0.00014	9.1e-05	4.5e-05	0.00011	7.9e-05	9.1e-05	0.00016
14	0.00052	0.00035	0.12000	0.01445	0.07666	0.00030	0.01621	0.24017	0.00559	0.43979	0.05689	0.00566	0.00756	0.00018	0.00015	4.5e-05	0.00015	0.00774	0.00737	0.00023
15	0.00032	0.00032	0.00045	0.00038	0.00038	0.00045	0.00032	0.00035	0.00022	0.00035	0.00019	0.00032	0.00019	0.00026	0.00048	6.4e-05	0.99458	0.00013	6.4e-05	0.00016
16	0.00063	0.00029	0.00036	0.00028	0.00039	0.00027	0.00023	0.21409	0.02018	0.76088	0.00053	0.00047	0.00034	0.00018	0.00015	4.5e-05	0.00013	0.00014	0.00017	0.00025

[dist]
# distance from previous block
# <min> <max>
1	2

[block]
# block no. 5 follows, 2361 sequences, length 41
# corresponding to MSA columns:
# 556,557,559-568,572-576,583-598,600-607
name=unknown_F
#
# <colnr> <probs for GDERKNQSTAVLIFYWHMCP>
#	G	D	E	R	K	N	Q	S	T	A	V	L	I	F	Y	W	H	M	C	P
0	0.00734	0.00059	0.00041	0.00036	0.00044	0.70357	0.00646	0.12869	0.03390	0.11644	0.00030	0.00031	0.00023	0.00016	0.00014	4e-05	0.00023	0.00011	0.0001	0.00019
1	0.06684	0.02003	0.00241	0.01376	0.03145	0.36361	0.00025	0.15457	0.05159	0.04275	0.00029	0.00384	0.00288	0.00015	0.00013	3.7e-05	0.00018	0.00011	0.00275	0.24236
2	0.00020	0.00015	0.00018	0.00018	0.00022	0.00014	0.00013	0.00648	0.01020	0.01043	0.50040	0.16992	0.29655	0.00035	0.00017	4.9e-05	7.5e-05	0.00390	0.00015	0.00013
3	0.00042	0.84695	0.00976	0.00026	0.00038	0.02188	0.00025	0.00613	0.00459	0.10787	0.00025	0.00027	0.00021	0.00013	0.00010	3.3e-05	0.00016	8.7e-05	7.7e-05	0.00020
4	0.00020	0.00015	0.00017	0.00017	0.00019	0.00014	0.00011	0.00310	0.01976	0.00859	0.08556	0.05956	0.39551	0.38290	0.00304	8.6e-05	0.00010	0.03145	0.00908	0.00012
5	0.00035	0.00040	0.00086	0.00062	0.00077	0.00037	0.99340	0.00047	0.00035	0.00047	0.00030	0.00040	0.00022	0.00012	0.00017	4.9e-05	0.00025	0.00017	7.4e-05	0.00020
6	0.00030	0.00075	0.98034	0.00042	0.00063	0.00034	0.00054	0.00047	0.00031	0.01421	0.00027	0.00031	0.00019	0.00014	0.00014	4.6e-05	0.00022	0.00011	6.4e-05	0.00022
7	0.00022	0.00015	0.00016	0.00016	0.00017	0.00015	9.4e-05	0.00806	0.00414	0.00030	0.00047	0.00752	0.00489	0.93623	0.02098	0.00014	0.00015	0.00355	0.01239	9.3e-05
8	0.00024	0.00017	0.00024	0.00027	0.00531	0.00017	0.00023	0.00030	0.00034	0.00044	0.00655	0.00746	0.00084	0.00817	0.00021	6.8e-05	0.00013	0.96860	0.00013	0.00013
9	0.00018	0.00015	0.00016	0.00016	0.00020	0.00013	0.00012	0.00022	0.00035	0.00661	0.15741	0.03207	0.80103	0.00036	0.00017	4.9e-05	7.4e-05	0.00030	0.00014	0.00013
10	0.00384	0.00019	0.01476	0.03420	0.00032	0.00018	0.02704	0.00339	0.00035	0.13584	0.12665	0.11863	0.07179	0.00813	0.00019	5.8e-05	0.00012	0.45181	0.00236	0.00015
11	0.00031	0.00026	0.00030	0.00022	0.00035	0.00020	0.00017	0.00037	0.00031	0.01280	0.00026	0.00031	0.00022	0.00011	0.00011	2.2e-05	0.00011	8.8e-05	8.8e-05	0.98340
12	0.00024	0.00017	0.00021	0.00256	0.00334	0.00223	0.00015	0.00386	0.02022	0.07661	0.62924	0.04333	0.16895	0.00910	0.00790	5e-05	0.02919	0.00026	0.00223	0.00015
13	0.87274	0.00030	0.00432	0.00381	0.02935	0.01286	0.00272	0.03941	0.00028	0.02286	0.00494	0.00026	0.00018	0.00014	9.8e-05	4.5e-05	0.00012	0.00275	0.00267	0.00017
14	0.00915	0.00024	0.00033	0.00546	0.00036	0.00493	0.01245	0.00536	0.00040	0.84562	0.01528	0.01680	0.00469	0.05988	0.00018	5.2e-05	0.00013	0.01118	0.00509	0.00240
15	0.03520	0.06924	0.15949	0.00861	0.11320	0.01798	0.01895	0.08362	0.06300	0.03937	0.00722	0.00216	0.00705	0.00014	0.00013	3.6e-05	0.00359	0.00011	0.01128	0.35960
16	0.00334	0.02809	0.00041	0.00930	0.00305	0.11364	0.00026	0.51390	0.30108	0.00073	0.00041	0.00040	0.00030	0.00018	0.00288	4.5e-05	0.00289	0.00014	0.01874	0.00023
17	0.00355	0.00015	0.01148	0.00017	0.00018	0.00014	0.00010	0.00023	0.00023	0.00817	0.04304	0.02783	0.05301	0.81069	0.02626	0.00260	0.00014	0.00590	0.00602	9.8e-05
18	0.01542	0.00269	0.00508	0.27516	0.23427	0.00348	0.00591	0.20927	0.03412	0.16865	0.00304	0.00581	0.00026	0.00211	0.00015	4.6e-05	0.02392	0.00219	0.00248	0.00594
19	0.00403	0.09742	0.79543	0.00498	0.00471	0.00257	0.01821	0.00589	0.01594	0.00346	0.00351	0.00031	0.00020	0.00015	0.00236	4.6e-05	0.04041	0.00011	6.5e-05	0.00021
20	0.10211	0.00026	0.00033	0.00026	0.00037	0.00024	0.00021	0.06229	0.00042	0.82040	0.00052	0.00046	0.00034	0.00018	0.00014	4.5e-05	0.00013	0.00014	0.01092	0.00024
21	0.00019	0.00014	0.00017	0.00020	0.00022	0.00013	0.00014	0.00022	0.00031	0.00464	0.13492	0.68187	0.12381	0.00406	0.01193	5.9e-05	8.7e-05	0.03666	0.00014	0.00012
22	0.00029	0.00028	0.01641	0.87892	0.00886	0.00033	0.06880	0.00521	0.00320	0.00864	0.00027	0.00040	0.00020	0.00015	0.00015	4.9e-05	0.00020	0.00401	0.00348	0.00017
23	0.00027	0.00017	0.00023	0.00610	0.00633	0.00207	0.00551	0.00697	0.00878	0.07048	0.01223	0.00322	0.04228	0.00215	0.07037	0.25603	0.00311	0.40780	0.09575	0.00013
24	0.82623	0.00028	0.00022	0.00020	0.00028	0.00535	0.00016	0.04128	0.00865	0.01136	0.00613	0.00029	0.00637	0.00014	9.6e-05	4.4e-05	0.00011	9.1e-05	0.09256	0.00016
25	0.00057	0.00028	0.00034	0.00027	0.00038	0.00027	0.00022	0.14898	0.14179	0.63125	0.05466	0.00053	0.00569	0.00019	0.00015	4.6e-05	0.00013	0.00395	0.01008	0.00024
26	0.00771	0.00477	0.95064	0.00042	0.00513	0.00034	0.00980	0.00047	0.00771	0.01131	0.00027	0.00031	0.00019	0.00014	0.00014	4.6e-05	0.00021	0.00011	6.4e-05	0.00022
27	0.00021	0.00016	0.00019	0.00018	0.00023	0.00015	0.00014	0.00030	0.08144	0.00560	0.58824	0.00114	0.31584	0.00031	0.00017	4.7e-05	7.5e-05	0.00027	0.00515	0.00014
28	0.00021	0.00015	0.00018	0.00018	0.00018	0.00015	0.00011	0.00022	0.00022	0.00030	0.00680	0.00819	0.00050	0.74721	0.23464	0.00016	0.00020	0.00020	8.7e-05	9.9e-05
29	0.00528	0.00032	0.00344	0.00038	0.00039	0.00284	0.02024	0.00491	0.00327	0.02837	0.00021	0.00033	0.00020	0.00281	0.00493	0.00258	0.91913	0.00013	6.9e-05	0.00016
30	0.00503	0.00035	0.00475	0.00249	0.00759	0.10370	0.01131	0.18274	0.23095	0.34111	0.02382	0.00241	0.00288	0.00019	0.00017	4.7e-05	0.06909	0.00693	0.00422	0.00022
31	0.00018	0.00013	0.00017	0.00020	0.00021	0.00012	0.00014	0.00020	0.00028	0.00037	0.00081	0.99475	0.00097	0.00046	0.00019	6e-05	8.5e-05	0.00042	0.00014	0.00012
32	0.02533	0.00034	0.00057	0.04281	0.83133	0.00035	0.02713	0.02342	0.00034	0.03944	0.00029	0.00037	0.00023	0.00014	0.00015	4.4e-05	0.00728	0.00013	7.9e-05	0.00023
33	0.06979	0.01417	0.00442	0.01831	0.45811	0.03226	0.00849	0.24675	0.01513	0.11871	0.00438	0.00227	0.00025	0.00015	0.00014	4.4e-05	0.00419	0.00209	0.00011	0.00023
34	0.01545	0.01084	0.04798	0.01394	0.00937	0.01749	0.01379	0.01393	0.01766	0.01996	0.47457	0.15118	0.18431	0.00031	0.00219	4.9e-05	0.00202	0.00468	0.00014	0.00015
35	0.00018	0.00013	0.00017	0.00020	0.00021	0.00012	0.00014	0.00021	0.00608	0.00038	0.01570	0.91573	0.03892	0.00045	0.00018	5.9e-05	8.5e-05	0.00512	0.01582	0.00012
36	0.01771	0.04894	0.01647	0.01331	0.54765	0.05172	0.02297	0.08474	0.00504	0.02829	0.00607	0.00689	0.00629	0.00016	0.00019	4.6e-05	0.13942	0.00193	0.00194	0.00021
37	0.09736	0.22884	0.15474	0.00430	0.18199	0.01945	0.01660	0.10734	0.00370	0.17019	0.00224	0.00249	0.00551	0.00015	0.00217	4.2e-05	0.00248	0.00012	9.8e-05	0.00021
38	0.00657	0.02823	0.03367	0.26163	0.38222	0.04695	0.05470	0.01622	0.00034	0.13651	0.00031	0.00266	0.00024	0.00015	0.00702	4.7e-05	0.01539	0.00684	8.7e-05	0.00021
39	0.91400	0.00586	0.00024	0.00325	0.02118	0.02946	0.00558	0.00744	0.00026	0.00348	0.00021	0.00024	0.00016	0.00014	9.7e-05	4.5e-05	0.00801	8.2e-05	9e-05	0.00016
40	0.00022	0.02127	0.00213	0.00025	0.02860	0.00457	0.00390	0.00199	0.00875	0.00324	0.00238	0.54534	0.01038	0.02549	0.15216	8.8e-05	0.10587	0.06933	0.01389	0.00013

[dist]
# distance from previous block
# <min> <max>
2	3

[block]
# block no. 6 follows, 2361 sequences, length 12
# corresponding to MSA columns:
# 611-621,623
name=unknown_G
#
# <colnr> <probs for GDERKNQSTAVLIFYWHMCP>
#	G	D	E	R	K	N	Q	S	T	A	V	L	I	F	Y	W	H	M	C	P
0	0.22866	0.02405	0.00034	0.00028	0.00037	0.22598	0.00022	0.07747	0.04250	0.37540	0.00039	0.01172	0.00027	0.00017	0.00013	4.3e-05	0.00016	0.00012	0.01150	0.00021
1	0.01702	0.00015	0.00019	0.00019	0.00022	0.00014	0.00014	0.00027	0.00039	0.00055	0.80213	0.11189	0.04873	0.00033	0.01697	5.1e-05	7.7e-05	0.00028	0.00015	0.00014
2	0.99589	0.00028	0.00022	0.00019	0.00028	0.00033	0.00016	0.00043	0.00025	0.00066	0.00020	0.00024	0.00016	0.00014	9.1e-05	4.5e-05	0.00011	7.9e-05	9.1e-05	0.00016
3	0.00041	0.90875	0.00074	0.00026	0.00038	0.08672	0.00025	0.00045	0.00031	0.00035	0.00021	0.00024	0.00019	0.00013	9.7e-05	3.2e-05	0.00017	8e-05	6.4e-05	0.00019
4	0.00029	0.00076	0.99409	0.00042	0.00063	0.00034	0.00054	0.00046	0.00031	0.00046	0.00026	0.00031	0.00019	0.00014	0.00014	4.6e-05	0.00022	0.00011	6.2e-05	0.00022
5	0.99589	0.00028	0.00022	0.00019	0.00028	0.00033	0.00016	0.00043	0.00025	0.00066	0.00020	0.00024	0.00016	0.00014	9.1e-05	4.5e-05	0.00011	7.9e-05	9.1e-05	0.00016
6	0.99589	0.00028	0.00022	0.00019	0.00028	0.00033	0.00016	0.00043	0.00025	0.00066	0.00020	0.00024	0.00016	0.00014	9.1e-05	4.5e-05	0.00011	7.9e-05	9.1e-05	0.00016
7	0.00021	0.00014	0.00017	0.00017	0.00018	0.00015	0.00011	0.00022	0.00022	0.00029	0.00045	0.00089	0.00050	0.82216	0.17340	0.00016	0.00019	0.00020	8.7e-05	9.6e-05
8	0.00064	0.00025	0.00034	0.00026	0.00037	0.00022	0.00022	0.03311	0.02165	0.91947	0.02150	0.00051	0.00038	0.00018	0.00015	4.5e-05	0.00012	0.00015	0.00018	0.00025
9	0.00031	0.00027	0.00031	0.00022	0.00035	0.00021	0.00018	0.04245	0.00032	0.00050	0.00026	0.00031	0.00022	0.00011	0.00011	2.3e-05	0.00011	8.9e-05	8.9e-05	0.95356
10	0.01644	0.12388	0.01802	0.04314	0.05091	0.49640	0.01571	0.12326	0.02180	0.06117	0.00749	0.00032	0.00023	0.00639	0.00014	4.1e-05	0.00783	0.00655	9.1e-05	0.00019
11	0.00021	0.00929	0.00021	0.00024	0.06195	0.01595	0.00015	0.00799	0.00858	0.00947	0.06692	0.60701	0.04537	0.15598	0.00027	6.9e-05	0.00010	0.00033	0.00977	0.00013

[dist]
# distance from previous block
# <min> <max>
3	14

[block]
# block no. 7 follows, 2361 sequences, length 17
# corresponding to MSA columns:
# 644,646-652,661-669
name=unknown_H
#
# <colnr> <probs for GDERKNQSTAVLIFYWHMCP>
#	G	D	E	R	K	N	Q	S	T	A	V	L	I	F	Y	W	H	M	C	P
0	0.01753	0.20881	0.46763	0.00036	0.01090	0.00549	0.05089	0.02029	0.00604	0.18573	0.00977	0.00035	0.00495	0.00015	0.00013	4.3e-05	0.00507	0.00557	9e-05	0.00021
1	0.05388	0.00025	0.00033	0.00025	0.00036	0.00022	0.00021	0.00984	0.02554	0.81468	0.01503	0.00048	0.00036	0.00018	0.00014	4.4e-05	0.00012	0.00014	0.02112	0.05680
2	0.01495	0.00014	0.00017	0.00019	0.00021	0.00013	0.00013	0.00022	0.00030	0.00040	0.07009	0.59734	0.24357	0.04333	0.00020	5.9e-05	8.5e-05	0.01579	0.01257	0.00012
3	0.01729	0.34325	0.33507	0.00867	0.03405	0.03032	0.10057	0.03107	0.03248	0.03511	0.00555	0.01144	0.00453	0.00014	0.00013	4.2e-05	0.00466	0.00534	7.6e-05	0.00020
4	0.00026	0.00019	0.00022	0.00022	0.00513	0.00506	0.00016	0.04394	0.15429	0.02703	0.13988	0.30955	0.04192	0.17187	0.05160	7.8e-05	0.01684	0.01621	0.01540	0.00015
5	0.00018	0.00015	0.00016	0.00016	0.00020	0.00013	0.00012	0.00022	0.00033	0.00041	0.06043	0.13058	0.76175	0.00038	0.00018	5.1e-05	7.7e-05	0.03224	0.01215	0.00012
6	0.01938	0.00503	0.01763	0.00024	0.02320	0.00466	0.01416	0.03442	0.02331	0.02708	0.16822	0.30577	0.16330	0.00035	0.00018	5.4e-05	0.00010	0.17670	0.01607	0.00014
7	0.00509	0.04275	0.47643	0.03665	0.15200	0.01837	0.11222	0.02636	0.02378	0.05660	0.00852	0.02299	0.00808	0.00015	0.00015	4.6e-05	0.00501	0.00452	8e-05	0.00021
8	0.02378	0.00027	0.00035	0.00027	0.00038	0.00024	0.00022	0.10660	0.00044	0.86501	0.00055	0.00048	0.00035	0.00018	0.00015	4.5e-05	0.00013	0.00014	0.00018	0.00025
9	0.01870	0.00015	0.00016	0.00016	0.00021	0.00014	0.00012	0.00024	0.01641	0.01134	0.15121	0.00130	0.77185	0.00035	0.00017	4.9e-05	7.6e-05	0.00926	0.01797	0.00013
10	0.04096	0.02949	0.54815	0.01436	0.15888	0.01820	0.04343	0.02182	0.03984	0.01534	0.02249	0.00447	0.03148	0.00016	0.00442	4.7e-05	0.00605	0.00013	7.8e-05	0.00021
11	0.01723	0.02934	0.04033	0.06234	0.40646	0.05658	0.05080	0.03164	0.03588	0.23815	0.00575	0.00781	0.00837	0.00016	0.00015	4.5e-05	0.00434	0.00428	0.00010	0.00022
12	0.00061	0.00025	0.00033	0.00026	0.00036	0.00022	0.00021	0.02342	0.05828	0.85099	0.01874	0.01044	0.00039	0.00019	0.00015	4.5e-05	0.00012	0.00015	0.03459	0.00024
13	0.94535	0.01235	0.01275	0.00020	0.00029	0.01430	0.00017	0.01235	0.00026	0.00065	0.00021	0.00024	0.00016	0.00014	9.3e-05	4.5e-05	0.00012	8.1e-05	9e-05	0.00016
14	0.00021	0.00016	0.00023	0.00897	0.00025	0.00018	0.00017	0.00026	0.00024	0.00034	0.00043	0.06247	0.00042	0.11166	0.78357	0.00021	0.01208	0.00888	0.00915	0.00013
15	0.00570	0.00579	0.15942	0.11085	0.44455	0.01197	0.02292	0.01838	0.11768	0.01508	0.05666	0.00858	0.01239	0.00016	0.00015	4.6e-05	0.00477	0.00459	8.9e-05	0.00021
16	0.00554	0.00024	0.00029	0.00022	0.00033	0.00019	0.00017	0.00667	0.00687	0.17411	0.01875	0.07373	0.01333	0.03494	0.00015	0.00946	0.00011	0.00691	0.00614	0.64185

[dist]
# distance from previous block
# <min> <max>
3	13

[block]
# block no. 8 follows, 2361 sequences, length 13
# corresponding to MSA columns:
# 685-697
name=unknown_I
#
# <colnr> <probs for GDERKNQSTAVLIFYWHMCP>
#	G	D	E	R	K	N	Q	S	T	A	V	L	I	F	Y	W	H	M	C	P
0	0.00020	0.00015	0.00018	0.00017	0.00021	0.00014	0.00013	0.00025	0.00904	0.01142	0.38943	0.02878	0.42958	0.08416	0.00932	5.8e-05	8.4e-05	0.02753	0.00905	0.00013
1	0.02662	0.00022	0.00029	0.01665	0.05459	0.00507	0.00679	0.06841	0.04301	0.21648	0.10291	0.06638	0.01046	0.14750	0.04881	0.01759	0.02233	0.12887	0.01687	0.00017
2	0.00018	0.00014	0.00016	0.00018	0.00021	0.00012	0.00013	0.00021	0.00030	0.00039	0.03109	0.49197	0.38732	0.04940	0.01235	6.1e-05	8.7e-05	0.01181	0.01377	0.00012
3	0.15295	0.00025	0.00031	0.00025	0.00035	0.00023	0.00020	0.00964	0.00907	0.76576	0.01461	0.00985	0.00981	0.00018	0.00014	4.6e-05	0.00012	0.01047	0.01552	0.00023
4	0.00021	0.00015	0.00019	0.00021	0.00024	0.00014	0.00016	0.00910	0.01156	0.01032	0.01506	0.57992	0.06340	0.05239	0.00022	6.4e-05	0.0001	0.23450	0.02195	0.00013
5	0.00039	0.99494	0.00077	0.00025	0.00038	0.00058	0.00025	0.00044	0.00030	0.00034	0.00020	0.00024	0.00019	0.00013	9.4e-05	3.1e-05	0.00016	7.8e-05	6.3e-05	0.00019
6	0.00033	0.00019	0.00023	0.00019	0.00026	0.00017	0.00015	0.01269	0.02599	0.17121	0.26569	0.01882	0.01745	0.00900	0.00014	3.9e-05	8.9e-05	0.00017	0.29770	0.17947
7	0.00066	0.00025	0.00034	0.00026	0.00037	0.00022	0.00022	0.00071	0.00042	0.99404	0.00058	0.00050	0.00036	0.00018	0.00015	4.5e-05	0.00012	0.00015	0.00018	0.00025
8	0.00058	0.00032	0.00038	0.00029	0.00041	0.00033	0.00024	0.46039	0.04688	0.44317	0.01421	0.00047	0.01754	0.00019	0.00015	4.5e-05	0.00014	0.01386	0.00016	0.00024
9	0.01619	0.00038	0.00040	0.00032	0.00043	0.02231	0.00026	0.66500	0.26316	0.02936	0.00042	0.00040	0.00030	0.00018	0.00015	4.5e-05	0.00015	0.00014	0.00015	0.00024
10	0.01733	0.00072	0.90335	0.00041	0.00062	0.00034	0.01345	0.01581	0.01444	0.03182	0.00028	0.00032	0.00020	0.00014	0.00014	4.6e-05	0.00021	0.00011	6.9e-05	0.00022
11	0.00021	0.00014	0.00017	0.00018	0.00018	0.00014	0.00011	0.00022	0.00024	0.00031	0.01459	0.18458	0.02077	0.66454	0.03161	0.03834	0.00014	0.04335	0.00010	9.8e-05
12	0.00023	0.00017	0.00023	0.00752	0.03137	0.00018	0.00017	0.00681	0.00024	0.01848	0.00914	0.03298	0.00716	0.24721	0.54429	0.04344	0.03359	0.00018	0.01648	0.00012

[dist]
# distance from previous block
# <min> <max>
11	27

[block]
# block no. 9 follows, 2361 sequences, length 18
# corresponding to MSA columns:
# 777-786,788-795
name=unknown_J
#
# <colnr> <probs for GDERKNQSTAVLIFYWHMCP>
#	G	D	E	R	K	N	Q	S	T	A	V	L	I	F	Y	W	H	M	C	P
