[name]
unknown

[dist]
# distance from previous block
# <min> <max>
0	50

[block]
# block no. 0 follows, 3297 sequences, length 23
# corresponding to MSA columns:
# 65-87
name=unknown_A
#
# <colnr> <probs for GDERKNQSTAVLIFYWHMCP>
#	G	D	E	R	K	N	Q	S	T	A	V	L	I	F	Y	W	H	M	C	P
0	0.13043	0.00282	0.00760	0.17104	0.40517	0.04086	0.05369	0.05364	0.02354	0.01635	0.00942	0.00784	0.00271	0.00973	0.00817	0.00526	0.00629	0.04524	6.1e-05	0.00014
1	0.01573	0.02472	0.00774	0.00436	0.01388	0.06549	0.00965	0.02948	0.11141	0.08390	0.19246	0.11662	0.21897	0.04073	0.04002	0.00255	0.00373	0.01835	9.5e-05	0.00011
2	0.08514	0.01551	0.07965	0.05357	0.24277	0.02557	0.01911	0.08188	0.04318	0.08293	0.01248	0.00390	0.00547	0.00302	0.00438	2.9e-05	0.00469	8.6e-05	6.9e-05	0.23656
3	0.04714	0.33933	0.48713	0.00025	0.00460	0.01512	0.01742	0.01132	0.01529	0.03868	0.00019	0.01371	0.00015	0.00010	9e-05	3e-05	0.00426	0.00501	5.2e-05	0.00015
4	0.00013	9.8e-05	0.00013	0.00015	0.00976	9.1e-05	9.9e-05	0.00016	0.00923	0.00028	0.06736	0.74474	0.13151	0.01653	0.00014	4.2e-05	6.1e-05	0.01932	9.8e-05	8.8e-05
5	0.00309	0.00019	0.00639	0.61333	0.19713	0.00326	0.00750	0.00452	0.01556	0.02838	0.02137	0.02071	0.02995	0.01071	0.00294	0.02664	0.00484	0.00330	5.6e-05	0.00013
6	0.04264	0.02129	0.01846	0.19242	0.25511	0.16261	0.07952	0.11927	0.02123	0.05399	0.00753	0.00026	0.00389	0.00011	0.00291	0.00437	0.00887	9.2e-05	0.00528	0.00014
7	0.00023	0.00021	0.00036	0.54566	0.43637	0.00024	0.00030	0.00029	0.00022	0.00030	0.00019	0.00027	0.00015	0.0001	0.00010	3.3e-05	0.00013	9.3e-05	4.9e-05	0.01468
8	0.00014	0.00010	0.00012	0.00013	0.00015	9.2e-05	9.2e-05	0.00707	0.00023	0.01723	0.08301	0.35114	0.48892	0.02614	0.00014	4e-05	5.9e-05	0.02501	9.9e-05	9e-05
9	0.03229	0.00011	0.00014	0.02446	0.00483	0.00010	0.00307	0.00703	0.00992	0.01422	0.05549	0.54607	0.09711	0.10589	0.02512	0.04496	7.6e-05	0.02458	0.00445	8.8e-05
10	0.00016	0.00011	0.00013	0.00013	0.00013	0.01794	7.8e-05	0.00505	0.01961	0.00451	0.02955	0.02074	0.10456	0.69557	0.06339	0.03277	0.00011	0.00532	7e-05	7.3e-05
11	0.00023	0.00019	0.00021	0.00020	0.00024	0.00022	0.00015	0.01184	0.72527	0.00878	0.11514	0.12092	0.00906	0.00018	0.00011	3.6e-05	7.7e-05	0.00689	0.00011	0.00015
12	0.00014	9.9e-05	0.00012	0.00014	0.00015	9.1e-05	9.3e-05	0.00016	0.00688	0.01533	0.08353	0.58416	0.20425	0.09491	0.00017	4.6e-05	6.3e-05	0.00949	9.6e-05	8.7e-05
13	0.32993	0.00015	0.00015	0.00413	0.00019	0.00365	0.00011	0.01341	0.00560	0.11005	0.02060	0.25538	0.05062	0.12639	0.00016	0.01081	8e-05	0.06309	0.00540	0.00011
14	0.01334	0.00013	0.00017	0.00016	0.00020	0.00012	0.00013	0.00620	0.00025	0.27377	0.04032	0.13881	0.19261	0.08388	0.00635	4.5e-05	8.1e-05	0.23657	0.00676	0.00011
15	0.00013	9.9e-05	0.00012	0.00014	0.00015	9.1e-05	9.6e-05	0.00016	0.01173	0.00686	0.06052	0.64067	0.20486	0.04233	0.00015	4.3e-05	6.2e-05	0.03160	9.8e-05	8.8e-05
16	0.02299	0.00012	0.00014	0.00014	0.00017	0.00011	0.00010	0.00521	0.00870	0.15601	0.19292	0.20793	0.27984	0.09620	0.00016	4.2e-05	6.6e-05	0.01753	0.01151	0.00010
17	0.00518	0.00011	0.00548	0.00013	0.00016	9.8e-05	9.8e-05	0.00019	0.00026	0.03272	0.50979	0.17628	0.24104	0.00640	0.00013	3.6e-05	5.5e-05	0.00690	0.01486	9.7e-05
18	0.00016	0.00011	0.00447	0.00015	0.00016	0.00012	0.00010	0.00431	0.00389	0.02169	0.04338	0.01210	0.03197	0.36831	0.47772	0.00012	0.00400	0.00389	0.02325	8.6e-05
19	0.00020	0.00019	0.00032	0.95440	0.01856	0.00023	0.01187	0.00027	0.00021	0.00027	0.00019	0.00028	0.00014	0.00010	0.00010	3.5e-05	0.00014	9.4e-05	0.01226	0.00012
20	0.00014	0.00010	0.00012	0.00013	0.00015	9.4e-05	9.1e-05	0.00017	0.00022	0.02672	0.11170	0.32043	0.36176	0.13136	0.00018	0.00705	6.5e-05	0.03932	9.6e-05	8.8e-05
21	0.89688	0.00019	0.00015	0.00014	0.00020	0.00022	0.00011	0.00595	0.00019	0.01356	0.00616	0.05612	0.00795	0.00011	7.1e-05	3.3e-05	8e-05	0.00603	0.00574	0.00011
22	0.00690	0.00022	0.00025	0.00021	0.00395	0.01337	0.00354	0.32771	0.23905	0.26162	0.04687	0.00039	0.05323	0.00651	0.00426	0.00317	0.00349	0.00856	0.01651	0.00016

[dist]
# distance from previous block
# <min> <max>
0	1

[block]
# block no. 1 follows, 3297 sequences, length 14
# corresponding to MSA columns:
# 89-102
name=unknown_B
#
# <colnr> <probs for GDERKNQSTAVLIFYWHMCP>
#	G	D	E	R	K	N	Q	S	T	A	V	L	I	F	Y	W	H	M	C	P
0	0.00439	0.00017	0.00680	0.01093	0.00529	0.02475	0.05735	0.02698	0.03371	0.04545	0.04558	0.01344	0.01243	0.23537	0.20485	0.00719	0.24750	0.01353	0.00418	0.00010
1	0.00014	0.00011	0.00012	0.00012	0.00015	9.4e-05	8.9e-05	0.00017	0.01419	0.01224	0.16728	0.11806	0.67178	0.00026	0.00013	3.6e-05	5.5e-05	0.01479	0.00010	9.2e-05
2	0.00023	0.00019	0.00022	0.01036	0.00026	0.00739	0.00619	0.01855	0.09202	0.01525	0.03809	0.00663	0.00693	9.7e-05	8.8e-05	2e-05	0.01136	0.00617	7e-05	0.77990
3	0.00890	0.00013	0.00016	0.00015	0.00018	0.00013	0.00011	0.05518	0.09057	0.07941	0.38644	0.19102	0.16509	0.00023	0.00012	3.6e-05	6.3e-05	0.01325	0.00871	0.00011
4	0.00022	0.00019	0.00022	0.00016	0.00025	0.00014	0.00013	0.01513	0.00023	0.01582	0.01455	0.00024	0.01459	8.4e-05	8e-05	1.7e-05	7.8e-05	6.8e-05	6.5e-05	0.93777
5	0.81424	0.00581	0.00570	0.00532	0.00021	0.02670	0.00012	0.01029	0.00019	0.00886	0.00534	0.00506	0.00582	0.04945	0.01518	0.00615	0.00547	0.02992	6.7e-05	0.00011
6	0.00015	0.00011	0.00013	0.00013	0.00016	0.00010	9.5e-05	0.00946	0.01738	0.01311	0.45779	0.03922	0.42728	0.01118	0.00013	3.6e-05	5.5e-05	0.02329	0.00011	9.7e-05
7	0.00033	0.44999	0.00943	0.00747	0.00841	0.38677	0.01499	0.05431	0.00725	0.02790	0.00018	0.00020	0.01081	0.00010	8.4e-05	2.6e-05	0.00014	6.8e-05	5.6e-05	0.02148
8	0.06209	0.00427	0.00428	0.07159	0.00981	0.01204	0.02506	0.06115	0.10347	0.15227	0.04079	0.03129	0.01891	0.03711	0.08518	0.00402	0.00538	0.01553	8.2e-05	0.25567
9	0.02868	0.16096	0.12199	0.01583	0.05748	0.08125	0.04359	0.07446	0.07588	0.18427	0.04979	0.01600	0.02224	0.00716	0.00471	3.2e-05	0.01535	0.00532	7.9e-05	0.03495
10	0.01523	0.00718	0.02800	0.05668	0.03433	0.08624	0.06298	0.05209	0.01636	0.27684	0.18865	0.04388	0.02466	0.01978	0.04209	0.00974	0.00514	0.02196	9.4e-05	0.00807
11	0.00761	0.00905	0.00910	0.00014	0.00638	0.0001	0.00010	0.00017	0.00022	0.00983	0.16001	0.44721	0.14973	0.12516	0.01311	0.01392	7e-05	0.04792	9.4e-05	8.8e-05
12	0.04322	0.03587	0.06554	0.04215	0.13011	0.09679	0.13936	0.09795	0.03562	0.24076	0.00698	0.03543	0.00633	0.00012	0.00011	3.3e-05	0.01428	0.00911	8.1e-05	0.00015
13	0.03803	0.08534	0.09484	0.01832	0.05885	0.10814	0.18734	0.09247	0.03814	0.18630	0.01026	0.01007	0.01264	0.02032	0.00832	3.4e-05	0.01133	0.00834	7.6e-05	0.01083

[dist]
# distance from previous block
# <min> <max>
4	16

[block]
# block no. 2 follows, 3297 sequences, length 12
# corresponding to MSA columns:
# 119-130
name=unknown_C
#
# <colnr> <probs for GDERKNQSTAVLIFYWHMCP>
#	G	D	E	R	K	N	Q	S	T	A	V	L	I	F	Y	W	H	M	C	P
0	0.01123	0.00709	0.00015	0.00014	0.00017	0.00011	0.00683	0.02216	0.00908	0.12632	0.09958	0.26036	0.23942	0.18025	0.00664	5e-05	7.4e-05	0.02357	9.6e-05	0.00666
1	0.03065	0.00011	0.00766	0.00014	0.00016	0.00011	9.9e-05	0.01180	0.01744	0.02908	0.05652	0.41066	0.07347	0.26551	0.04097	0.00746	8.5e-05	0.04790	8.7e-05	8.8e-05
2	0.42938	0.07555	0.08572	0.00879	0.00694	0.09578	0.03783	0.13484	0.05204	0.04166	0.00020	0.00022	0.00015	0.00011	0.00796	0.00986	0.00011	7.4e-05	7e-05	0.01272
3	0.00016	0.00013	0.00016	0.00018	0.03912	0.02514	0.01165	0.00680	0.01566	0.00028	0.05710	0.32231	0.05593	0.17908	0.04108	0.00967	0.00936	0.22600	8.7e-05	9.2e-05
4	0.01878	0.00011	0.00013	0.00014	0.00015	0.00010	9.7e-05	0.00018	0.00948	0.01644	0.15420	0.35356	0.07101	0.25199	0.05119	6.2e-05	8.4e-05	0.07212	9e-05	8.6e-05
5	0.02008	0.27846	0.01085	0.00024	0.00031	0.48466	0.01332	0.11955	0.01012	0.04261	0.01879	0.00021	0.00016	0.00011	8.9e-05	2.7e-05	0.00015	7.3e-05	6.3e-05	0.00014
6	0.00019	0.00013	0.00017	0.01005	0.00020	0.00013	0.00013	0.02776	0.10958	0.08270	0.12569	0.23460	0.08231	0.03695	0.00014	4.3e-05	7.8e-05	0.28893	0.00010	0.00011
7	0.00015	0.00010	0.00012	0.00012	0.00013	0.00010	7.6e-05	0.00016	0.00018	0.00024	0.08660	0.05191	0.05204	0.74078	0.01450	8.8e-05	9.5e-05	0.05247	7.3e-05	7.1e-05
8	0.07026	0.00026	0.00027	0.00022	0.00029	0.02570	0.00018	0.56148	0.19053	0.10693	0.03020	0.01268	0.00024	0.00013	0.00010	3.3e-05	0.00010	0.00010	0.00010	0.00017
9	0.91065	0.00020	0.00016	0.00014	0.00021	0.00023	0.00012	0.00033	0.00019	0.08676	0.00017	0.00019	0.00013	0.00010	6.9e-05	3.3e-05	8.2e-05	6.1e-05	7.1e-05	0.00012
10	0.77469	0.01068	0.00019	0.01293	0.01090	0.04871	0.00013	0.08609	0.02915	0.02548	0.00017	0.00019	0.00013	0.00010	7.3e-05	3.2e-05	9.1e-05	6.5e-05	7e-05	0.00012
11	0.08304	0.07160	0.00027	0.00020	0.00028	0.03865	0.01066	0.15409	0.01411	0.61412	0.00034	0.00031	0.00022	0.01151	0.00010	3.2e-05	9.9e-05	9.6e-05	0.00011	0.00017

[dist]
# distance from previous block
# <min> <max>
0	1

[block]
# block no. 3 follows, 3297 sequences, length 25
# corresponding to MSA columns:
# 132-156
name=unknown_D
#
# <colnr> <probs for GDERKNQSTAVLIFYWHMCP>
#	G	D	E	R	K	N	Q	S	T	A	V	L	I	F	Y	W	H	M	C	P
0	0.00014	0.00010	0.00013	0.00014	0.00015	0.00684	9.5e-05	0.00016	0.00458	0.00781	0.06289	0.62035	0.03115	0.20781	0.00504	0.00392	7.2e-05	0.04299	0.00553	8.4e-05
1	0.05332	0.01112	0.13827	0.04320	0.03539	0.02304	0.03958	0.42482	0.04854	0.04014	0.00402	0.10069	0.00024	0.00738	0.00815	3.5e-05	0.01273	0.00911	8.5e-05	0.00015
2	0.00026	0.00466	0.01318	0.48542	0.07230	0.20020	0.12658	0.01853	0.02774	0.01317	0.00330	0.00480	0.00016	0.00012	0.01283	3.5e-05	0.00932	0.00721	5.4e-05	0.00013
3	0.00947	0.00013	0.00310	0.00317	0.00019	0.00012	0.00012	0.00894	0.00317	0.24014	0.02992	0.16173	0.01886	0.27576	0.04469	0.00681	9.6e-05	0.17663	0.01685	0.00011
4	0.04462	0.00027	0.00029	0.00023	0.00031	0.00888	0.00019	0.71788	0.14368	0.08214	0.00029	0.00028	0.00020	0.00013	0.00010	3.2e-05	0.00011	9.7e-05	0.00011	0.00017
5	0.00013	0.00011	0.00012	0.00012	0.00015	9.2e-05	8.7e-05	0.00016	0.00695	0.00031	0.22498	0.08494	0.66709	0.00714	0.00013	3.6e-05	5.4e-05	0.00721	0.00010	9.1e-05
6	0.00870	0.00010	0.00012	0.00012	0.00012	0.00010	7e-05	0.00016	0.00016	0.01298	0.00719	0.06661	0.04278	0.84104	0.00047	9.2e-05	9.6e-05	0.01112	0.00790	6.9e-05
7	0.02143	0.00019	0.00025	0.00019	0.00027	0.00017	0.00016	0.10205	0.01186	0.81253	0.00943	0.00763	0.00027	0.00014	0.00011	3.3e-05	9.2e-05	0.03290	0.00012	0.00017
8	0.00014	9.8e-05	0.00013	0.00015	0.00016	9.3e-05	0.00011	0.00016	0.00821	0.00770	0.01233	0.79754	0.02935	0.00032	0.00014	4.3e-05	6.6e-05	0.14308	9.8e-05	8.9e-05
9	0.81171	0.00023	0.00018	0.00016	0.00023	0.07732	0.00013	0.08846	0.00846	0.01211	0.00016	0.00018	0.00012	0.00010	7.2e-05	3.2e-05	9.3e-05	6.2e-05	6.9e-05	0.00012
10	0.00013	0.00011	0.00012	0.00012	0.00014	9.3e-05	8.5e-05	0.00017	0.00025	0.00031	0.28119	0.02369	0.58579	0.09862	0.00017	4.2e-05	5.8e-05	0.00874	9.9e-05	8.9e-05
11	0.01521	0.00014	0.00018	0.00019	0.00022	0.00361	0.01604	0.07236	0.07638	0.00604	0.02386	0.14604	0.02860	0.00684	0.02683	4.8e-05	9.6e-05	0.57711	9.6e-05	0.00011
12	0.09866	0.00019	0.00021	0.00015	0.00024	0.00015	0.00012	0.00027	0.00021	0.00036	0.00018	0.00021	0.00015	8e-05	7.7e-05	1.7e-05	7.8e-05	6.2e-05	6.3e-05	0.89850
13	0.00015	0.00011	0.00017	0.00017	0.00018	0.00013	0.00013	0.00019	0.00018	0.00961	0.09858	0.00046	0.00034	0.02783	0.85225	0.00015	0.00910	0.00012	6.3e-05	9.5e-05
14	0.00013	0.00011	0.00011	0.00011	0.00014	9e-05	7.9e-05	0.00015	0.00023	0.00028	0.03200	0.00097	0.86632	0.09863	0.00016	4.2e-05	5.8e-05	0.00021	9.5e-05	8.7e-05
15	0.00033	0.00029	0.00029	0.00027	0.09860	0.14569	0.00020	0.36781	0.35633	0.00048	0.01638	0.00631	0.00024	0.00013	0.00010	3.3e-05	0.00011	0.00614	9.3e-05	0.00016
16	0.10406	0.00019	0.00024	0.00019	0.00027	0.00018	0.00016	0.11317	0.02446	0.73935	0.00811	0.00034	0.00025	0.00013	0.00010	3.3e-05	9.1e-05	0.00839	0.00012	0.00017
17	0.00037	0.00028	0.00758	0.09860	0.00038	0.00031	0.08402	0.77636	0.01137	0.01930	0.00025	0.00026	0.00018	0.00012	0.00011	3.2e-05	0.00012	9.7e-05	9.5e-05	0.00017
18	0.00013	0.00015	0.09843	0.00013	0.00017	0.00010	0.00011	0.00017	0.00024	0.00029	0.00098	0.00093	0.89730	0.00025	0.00012	3.5e-05	6.3e-05	0.00021	9.2e-05	9.5e-05
19	0.00014	0.00015	0.09844	0.00013	0.00018	0.00011	0.00012	0.00018	0.00025	0.00709	0.19867	0.01644	0.65154	0.01146	0.00013	3.6e-05	6.4e-05	0.01469	9.6e-05	9.8e-05
20	0.00015	0.00011	0.00014	0.00014	0.00017	0.00010	0.00011	0.00612	0.01406	0.00033	0.26312	0.08648	0.30111	0.04325	0.00015	4.2e-05	6.8e-05	0.28414	0.00010	9.4e-05
21	0.00560	0.00537	0.03182	0.00041	0.00051	0.00652	0.81998	0.11070	0.01218	0.00037	0.00022	0.00028	0.00016	9.5e-05	0.00012	3.5e-05	0.00531	0.00012	5.9e-05	0.00015
22	0.00014	0.00010	0.00014	0.09850	0.00021	0.00010	0.00012	0.00016	0.00021	0.00027	0.00990	0.82644	0.01700	0.00030	0.00013	4.2e-05	7e-05	0.04598	9.3e-05	8.9e-05
23	0.10643	0.00011	0.00014	0.00016	0.00017	0.00011	0.00011	0.01201	0.00021	0.04379	0.01275	0.63860	0.00633	0.01733	0.00506	4.3e-05	7.2e-05	0.15635	9.5e-05	9.5e-05
24	0.06808	0.00023	0.00324	0.02594	0.10139	0.00723	0.11854	0.11099	0.39864	0.08163	0.02809	0.01326	0.00028	0.00535	0.00011	3.5e-05	0.00010	0.02572	0.01098	0.00015

[dist]
# distance from previous block
# <min> <max>
1	3

[block]
# block no. 4 follows, 3297 sequences, length 10
# corresponding to MSA columns:
# 162-168,170,171,173
name=unknown_E
#
# <colnr> <probs for GDERKNQSTAVLIFYWHMCP>
#	G	D	E	R	K	N	Q	S	T	A	V	L	I	F	Y	W	H	M	C	P
0	0.01865	0.00013	0.00016	0.00015	0.00019	0.00013	0.00012	0.02310	0.07018	0.15122	0.44772	0.05322	0.16260	0.00021	0.00012	3.5e-05	6.5e-05	0.07177	0.00011	0.00012
1	0.00018	0.00740	0.00016	0.00015	0.00018	0.00963	0.00011	0.08746	0.02536	0.00761	0.20998	0.08837	0.27308	0.11574	0.06896	0.01242	0.06483	0.01010	0.01817	0.00010
2	0.01216	0.01655	0.03812	0.00020	0.05266	0.01822	0.01230	0.01704	0.01070	0.01361	0.00019	0.00022	0.00016	8.3e-05	8.2e-05	1.9e-05	8.8e-05	6.7e-05	6.3e-05	0.80746
3	0.01941	0.01381	0.01150	0.11760	0.12787	0.03478	0.05736	0.20089	0.05502	0.09380	0.01099	0.00750	0.00021	0.02946	0.09921	4.7e-05	0.02312	0.00679	7.6e-05	0.09057
4	0.00014	0.00011	0.01917	0.00014	0.00015	9.5e-05	9.6e-05	0.00016	0.00019	0.00026	0.02198	0.58845	0.05126	0.24703	0.01439	0.02581	7.7e-05	0.03033	8.7e-05	8.1e-05
5	0.05447	0.02081	0.33314	0.01709	0.15027	0.01999	0.10860	0.02593	0.02239	0.14345	0.05926	0.00031	0.01372	0.00012	0.00932	3.4e-05	0.00741	0.01346	6.9e-05	0.00015
6	0.00027	0.03664	0.36205	0.06689	0.18916	0.05898	0.09933	0.01223	0.01608	0.12066	0.00755	0.00752	0.00743	0.00011	0.00011	3.3e-05	0.00741	0.00733	6.1e-05	0.00015
7	0.00014	0.0001	0.00013	0.00015	0.00016	9.5e-05	0.00011	0.00016	0.01454	0.00027	0.04164	0.58598	0.07807	0.00032	0.01468	0.12785	7.2e-05	0.13533	9.1e-05	8.4e-05
8	0.03911	0.00747	0.00040	0.05041	0.44447	0.00801	0.18102	0.08876	0.00996	0.07027	0.01305	0.01252	0.00019	0.00012	0.01340	3.5e-05	0.05321	0.00737	6.5e-05	0.00015
9	0.00026	0.02181	0.02971	0.06037	0.76408	0.02761	0.03472	0.00033	0.00024	0.03659	0.00021	0.01147	0.00017	0.0001	0.00011	3.2e-05	0.01188	9.5e-05	5.5e-05	0.00016

[dist]
# distance from previous block
# <min> <max>
1	3

[block]
# block no. 5 follows, 3297 sequences, length 30
# corresponding to MSA columns:
# 177-206
name=unknown_F
#
# <colnr> <probs for GDERKNQSTAVLIFYWHMCP>
#	G	D	E	R	K	N	Q	S	T	A	V	L	I	F	Y	W	H	M	C	P
0	0.01704	0.05144	0.69748	0.04526	0.00650	0.00324	0.10289	0.00855	0.00305	0.03089	0.00428	0.00254	0.00269	0.01230	0.00011	3.4e-05	0.00015	0.00319	5e-05	0.00833
1	0.01947	0.07779	0.18633	0.00419	0.01939	0.01103	0.06635	0.21981	0.02627	0.19736	0.09716	0.01637	0.00987	0.00289	0.01134	3.4e-05	0.00490	0.02634	8.8e-05	0.00302
2	0.95865	0.00021	0.01615	0.00014	0.00021	0.01243	0.00012	0.01048	0.00018	0.00047	0.00015	0.00017	0.00012	9.8e-05	6.6e-05	3.2e-05	8.4e-05	5.8e-05	6.5e-05	0.00012
3	0.00021	0.00021	0.02360	0.69847	0.06046	0.00023	0.11168	0.00384	0.01757	0.00779	0.00472	0.00033	0.00017	0.00685	0.00376	3.7e-05	0.01487	0.04502	5.2e-05	0.00012
4	0.00349	0.01436	0.01256	0.33202	0.39501	0.03465	0.06630	0.02066	0.01845	0.05794	0.00508	0.01389	0.00720	0.00011	0.00349	0.00315	0.00284	0.00860	5.9e-05	0.00014
5	0.00025	0.00024	0.00041	0.06009	0.83401	0.00024	0.02962	0.00032	0.01779	0.00490	0.01761	0.00423	0.02166	0.00010	0.00011	3.2e-05	0.00426	0.00393	5.6e-05	0.00016
6	0.00014	0.00011	0.00440	0.00013	0.00605	9.9e-05	9.9e-05	0.00386	0.01886	0.00029	0.01984	0.25210	0.55434	0.01194	0.04806	4.5e-05	7.2e-05	0.07938	9.5e-05	9.1e-05
7	0.01898	0.01356	0.00030	0.00950	0.00449	0.35252	0.08939	0.10631	0.24267	0.08702	0.01231	0.00330	0.01058	0.00013	0.00010	3.2e-05	0.00013	0.04843	8.2e-05	0.00014
8	0.00293	0.00028	0.03960	0.04241	0.09938	0.04365	0.64457	0.02346	0.02099	0.01464	0.00483	0.00313	0.00018	0.01981	0.00274	0.01767	0.00699	0.01254	5.7e-05	0.00014
9	0.00016	0.00011	0.00015	0.00015	0.00017	0.00012	0.00011	0.00019	0.00623	0.04304	0.05103	0.04569	0.23337	0.01881	0.52825	0.05788	0.00436	0.01001	7.4e-05	9.3e-05
10	0.00574	0.00022	0.00024	0.00021	0.00027	0.00853	0.01835	0.04102	0.84988	0.00478	0.03307	0.00042	0.03650	0.00015	0.00011	3.5e-05	8.5e-05	0.00012	0.00011	0.00016
11	0.00020	0.00019	0.00031	0.87095	0.05681	0.00549	0.00028	0.00359	0.00372	0.00531	0.00020	0.00879	0.00594	0.00779	0.00011	3.6e-05	0.01895	0.00547	0.00572	0.00012
12	0.00016	0.00012	0.00017	0.00670	0.00019	0.00634	0.01050	0.00019	0.00018	0.01003	0.02664	0.01917	0.04109	0.01391	0.75209	0.09864	0.00023	0.01040	0.00317	9e-05
13	0.21568	0.00013	0.00015	0.00015	0.00018	0.00013	0.00011	0.01924	0.02143	0.08018	0.12080	0.43332	0.04620	0.04133	0.00013	4e-05	7e-05	0.01345	0.00718	0.00010
14	0.02149	0.00023	0.00024	0.00021	0.00028	0.00715	0.00017	0.07626	0.73683	0.15533	0.00040	0.00037	0.00030	0.00014	0.00011	3.5e-05	8.7e-05	0.00011	0.00011	0.00017
15	0.00014	0.00010	0.00013	0.00013	0.00015	9.4e-05	9.4e-05	0.00018	0.00025	0.01687	0.40579	0.21882	0.33031	0.01443	0.00520	3.8e-05	5.6e-05	0.00700	0.00010	9.4e-05
16	0.15140	0.00014	0.00016	0.00014	0.00019	0.00013	0.00011	0.00676	0.00025	0.19743	0.27229	0.12316	0.11509	0.08281	0.00014	3.9e-05	7e-05	0.00481	0.00378	0.04109
17	0.00014	9.9e-05	0.00012	0.00014	0.00015	9.1e-05	9.5e-05	0.00510	0.01296	0.00028	0.04682	0.64879	0.19982	0.02917	0.00016	0.04652	6.2e-05	0.00931	9.5e-05	8.6e-05
18	0.15853	0.00018	0.00022	0.00018	0.00025	0.00018	0.00014	0.07139	0.08442	0.55663	0.00036	0.04228	0.00026	0.00013	9.8e-05	3.2e-05	8.5e-05	0.00011	0.08437	0.00016
19	0.01225	0.00012	0.00015	0.00014	0.00017	0.00012	0.00010	0.01678	0.05179	0.11863	0.12091	0.30665	0.16239	0.17073	0.02086	5.1e-05	7.6e-05	0.01045	0.00755	0.00010
20	0.01511	0.00011	0.00013	0.00013	0.00015	0.0001	9.1e-05	0.00399	0.00444	0.03628	0.21785	0.22333	0.29162	0.18501	0.00020	4.9e-05	6.6e-05	0.02117	9.6e-05	9e-05
21	0.00487	0.00029	0.03251	0.00042	0.00052	0.02213	0.88256	0.00604	0.00637	0.01308	0.00022	0.01782	0.00017	9.9e-05	0.00434	3.6e-05	0.00017	0.00815	5.6e-05	0.00014
22	0.19152	0.00023	0.00025	0.00020	0.00028	0.00024	0.00016	0.37878	0.00967	0.41717	0.00030	0.00028	0.00020	0.00012	9.8e-05	3.2e-05	9.8e-05	9.2e-05	0.00011	0.00017
23	0.01011	0.00013	0.00016	0.00015	0.00018	0.00301	0.00011	0.03788	0.11113	0.01949	0.09643	0.10436	0.20770	0.16746	0.13151	0.02161	0.00010	0.01804	0.00434	0.06611
24	0.56903	0.00020	0.00019	0.00016	0.00022	0.00022	0.00013	0.09421	0.04896	0.15969	0.02993	0.01773	0.01533	0.04286	0.00010	3.6e-05	8.5e-05	0.01689	8.4e-05	0.00395
25	0.00015	0.00012	0.00016	0.00015	0.00018	0.00011	0.03772	0.00723	0.02279	0.01103	0.12277	0.09847	0.36312	0.03827	0.13066	0.00505	9.9e-05	0.16174	9.2e-05	9.6e-05
26	0.01270	0.00018	0.00021	0.00018	0.00024	0.00018	0.00014	0.17872	0.14407	0.28808	0.09557	0.12370	0.04924	0.00807	0.06191	0.00335	9.5e-05	0.00629	0.02694	0.00014
27	0.00653	0.00015	0.00018	0.01571	0.01393	0.01577	0.02153	0.02931	0.07333	0.16891	0.18610	0.13184	0.16472	0.09068	0.04883	0.00254	8.8e-05	0.02694	0.00281	0.00012
28	0.40718	0.00019	0.00019	0.00259	0.00248	0.05183	0.01504	0.05649	0.07326	0.07901	0.01083	0.12659	0.04333	0.03414	0.03202	0.04013	0.00271	0.02180	8e-05	0.00012
29	0.00376	0.00011	0.00014	0.00015	0.00016	0.00010	0.00449	0.00340	0.01509	0.11454	0.02346	0.52248	0.07891	0.18562	0.00385	0.01371	7.4e-05	0.02977	9.4e-05	9.4e-05

[dist]
# distance from previous block
# <min> <max>
11	42

[block]
# block no. 6 follows, 3297 sequences, length 52
# corresponding to MSA columns:
# 279-305,307-331
name=unknown_G
#
# <colnr> <probs for GDERKNQSTAVLIFYWHMCP>
#	G	D	E	R	K	N	Q	S	T	A	V	L	I	F	Y	W	H	M	C	P
0	0.00446	0.00012	0.00014	0.00014	0.00016	0.00011	9.9e-05	0.01120	0.02770	0.08794	0.18128	0.26074	0.22129	0.15750	0.00902	4.8e-05	7e-05	0.02269	0.00910	0.00620
1	0.00538	0.00017	0.02911	0.00705	0.00364	0.00249	0.02267	0.08457	0.20826	0.01786	0.24503	0.12895	0.11888	0.01392	0.01271	3.8e-05	8e-05	0.07461	0.00010	0.02449
2	0.02778	0.00016	0.00019	0.00331	0.00022	0.00222	0.00309	0.08385	0.16343	0.18087	0.11742	0.01641	0.26846	0.00258	0.00012	3.6e-05	7.6e-05	0.10985	0.01982	0.00013
3	0.07404	0.00014	0.00016	0.00015	0.00019	0.00013	0.00011	0.01889	0.06700	0.14717	0.47225	0.01293	0.15647	0.00020	0.00466	0.00197	6.5e-05	0.03899	0.00434	0.00012
4	0.00512	0.00012	0.00014	0.00014	0.00017	0.00011	0.00010	0.02217	0.05716	0.05044	0.19942	0.28034	0.30295	0.05346	0.00015	4e-05	6.3e-05	0.01735	0.00789	0.00268
5	0.00654	0.00019	0.00021	0.00018	0.00023	0.00020	0.00014	0.17171	0.34637	0.08830	0.13598	0.02979	0.17455	0.00752	0.00011	3.5e-05	7.8e-05	0.00504	0.03268	0.00014
6	0.00014	0.00010	0.00014	0.00016	0.00017	9.8e-05	0.01613	0.00017	0.00021	0.00421	0.02134	0.64456	0.02993	0.05027	0.00016	0.00490	7.3e-05	0.22705	9.5e-05	8.8e-05
7	0.00023	0.00018	0.00020	0.00018	0.00023	0.00020	0.00014	0.00619	0.59853	0.04275	0.24831	0.06457	0.02603	0.00018	0.00011	3.5e-05	7.3e-05	0.00568	0.00603	0.00014
8	0.12870	0.00019	0.00023	0.00019	0.00026	0.00019	0.00015	0.03631	0.23628	0.54929	0.02205	0.00035	0.00986	0.00013	0.00010	3.3e-05	8.6e-05	0.00011	0.01532	0.00016
9	0.95794	0.00020	0.00016	0.00014	0.00021	0.00023	0.00012	0.01296	0.00019	0.02688	0.00015	0.00018	0.00012	9.9e-05	6.7e-05	3.3e-05	8.2e-05	5.9e-05	6.7e-05	0.00012
10	0.00394	0.00452	0.00025	0.00021	0.00028	0.00026	0.00017	0.24365	0.61479	0.09758	0.00697	0.00037	0.01435	0.00014	0.00011	3.4e-05	9.1e-05	0.00465	0.00745	0.00017
11	0.05839	0.00014	0.00018	0.00017	0.00022	0.00014	0.00554	0.01919	0.04383	0.20588	0.10485	0.03527	0.05787	0.02412	0.00206	4.2e-05	8.5e-05	0.41640	0.02550	0.00012
12	0.00015	0.00010	0.00012	0.00013	0.00013	0.00010	8e-05	0.00672	0.00835	0.00896	0.07317	0.23739	0.06686	0.57578	0.00036	7.6e-05	8.5e-05	0.01890	0.00245	7.6e-05
13	0.00015	0.00011	0.00013	0.00014	0.00016	0.00010	0.00010	0.00648	0.03878	0.03309	0.23207	0.50149	0.13758	0.00027	0.00013	3.9e-05	6e-05	0.03095	0.01806	9.7e-05
14	0.00017	0.00013	0.00017	0.00019	0.00021	0.00319	0.00554	0.00024	0.08115	0.00295	0.06364	0.06254	0.05073	0.00027	0.00014	4.5e-05	8.9e-05	0.72841	9.9e-05	0.00010
15	0.00018	9.2e-05	0.00014	0.00014	0.00014	9.2e-05	9.1e-05	0.00014	0.00014	0.00018	0.00019	0.00032	0.00019	0.01116	0.00914	0.97741	9.3e-05	9.2e-05	4.6e-05	4.6e-05
16	0.00014	9.9e-05	0.00013	0.00015	0.00016	9.2e-05	0.00010	0.00016	0.00021	0.00936	0.03639	0.67875	0.12593	0.03022	0.00015	4.4e-05	6.5e-05	0.11767	9.7e-05	8.8e-05
17	0.91597	0.00021	0.00016	0.00014	0.00021	0.00024	0.00012	0.04302	0.00020	0.03873	0.00016	0.00018	0.00012	0.00010	6.8e-05	3.3e-05	8.3e-05	6e-05	6.9e-05	0.00012
18	0.00310	0.11934	0.84616	0.00029	0.00911	0.01016	0.00692	0.00033	0.00309	0.00032	0.00018	0.00022	0.00013	9.9e-05	9.6e-05	3.2e-05	0.00015	7.6e-05	4.5e-05	0.00015
19	0.00021	0.00022	0.01729	0.12566	0.04414	0.00207	0.52914	0.00282	0.00275	0.00274	0.02307	0.18662	0.01609	0.00015	0.00012	3.7e-05	0.00014	0.04653	6.5e-05	0.00013
20	0.00013	0.00011	0.00011	0.00011	0.00015	9.1e-05	8.3e-05	0.00016	0.00497	0.00345	0.05617	0.01099	0.90167	0.00381	0.00013	3.6e-05	5.4e-05	0.01759	9.9e-05	9e-05
21	0.00027	0.02341	0.00604	0.00022	0.00028	0.03939	0.00719	0.05372	0.86406	0.00360	0.00040	0.00037	0.00030	0.00014	0.00011	3.5e-05	9.1e-05	0.00011	0.00010	0.00016
22	0.00025	0.20904	0.51736	0.00410	0.01699	0.00368	0.06271	0.06114	0.00214	0.06375	0.03179	0.00878	0.01146	0.00011	9.7e-05	3.1e-05	0.00013	0.00623	5.8e-05	0.00015
23	0.00965	0.00260	0.00347	0.47513	0.36012	0.03532	0.00444	0.01007	0.00022	0.00030	0.00536	0.00028	0.00016	0.01551	0.03377	0.00297	0.03887	9.4e-05	0.00152	0.00013
24	0.98362	0.00021	0.00016	0.00014	0.00697	0.00688	0.00012	0.00031	0.00018	0.00047	0.00015	0.00017	0.00011	9.8e-05	6.6e-05	3.3e-05	8.2e-05	5.7e-05	6.5e-05	0.00011
25	0.00013	0.00011	0.00012	0.00012	0.00015	9.2e-05	8.7e-05	0.00016	0.00025	0.00031	0.24476	0.07991	0.62306	0.02855	0.01777	4e-05	5.9e-05	0.00414	0.00010	9.1e-05
26	0.98642	0.00020	0.00016	0.00014	0.00020	0.00024	0.00011	0.01092	0.00018	0.00047	0.00015	0.00017	0.00011	9.8e-05	6.6e-05	3.3e-05	8.2e-05	5.7e-05	6.6e-05	0.00011
27	0.00039	0.00562	0.00031	0.00028	0.00033	0.93561	0.03945	0.01628	0.00030	0.00027	0.00017	0.00019	0.00014	0.00011	9.6e-05	2.7e-05	0.00019	7e-05	5.5e-05	0.00012
28	0.99705	0.00020	0.00015	0.00014	0.00020	0.00024	0.00011	0.00031	0.00018	0.00047	0.00015	0.00017	0.00011	9.8e-05	6.5e-05	3.3e-05	8.1e-05	5.7e-05	6.5e-05	0.00011
29	0.00017	0.00012	0.00014	0.00014	0.00018	0.00879	0.00011	0.02465	0.03244	0.04758	0.16140	0.00975	0.52169	0.00025	0.00013	3.7e-05	6.7e-05	0.18849	0.00010	0.00377
30	0.00040	0.00029	0.00032	0.00024	0.00033	0.00033	0.00020	0.99530	0.00049	0.00066	0.00025	0.00025	0.00018	0.00013	0.00011	3.2e-05	0.00012	9.5e-05	0.00011	0.00018
31	0.00014	0.00010	0.00013	0.00014	0.00016	9.4e-05	0.00010	0.00016	0.00356	0.00029	0.06291	0.51011	0.24622	0.01319	0.00014	4.2e-05	6.5e-05	0.16226	9.8e-05	8.9e-05
32	0.00013	0.00010	0.00012	0.00012	0.00015	8.9e-05	8.9e-05	0.00015	0.00023	0.00029	0.06061	0.37622	0.54155	0.00686	0.00013	3.9e-05	5.7e-05	0.01289	9.9e-05	8.8e-05
33	0.00013	0.00011	0.00011	0.00011	0.00014	9e-05	8.4e-05	0.00015	0.00024	0.00029	0.00914	0.05783	0.90321	0.00027	0.00013	3.6e-05	5.5e-05	0.02770	9.8e-05	8.9e-05
34	0.00016	0.00011	0.00012	0.00013	0.00013	0.00011	7.9e-05	0.00244	0.02741	0.00492	0.01624	0.04672	0.00910	0.79781	0.00939	9.1e-05	9.9e-05	0.08208	0.00279	7.2e-05
35	0.02763	0.00017	0.00021	0.00017	0.00024	0.00016	0.00014	0.05730	0.09932	0.51202	0.11628	0.04265	0.10222	0.01845	0.00012	3.5e-05	8.1e-05	0.01819	0.00448	0.00015
36	0.70567	0.00026	0.00020	0.00018	0.00024	0.13754	0.01352	0.13448	0.00024	0.00663	0.00017	0.00019	0.00013	0.00010	7.6e-05	3.2e-05	0.00010	6.5e-05	6.9e-05	0.00012
37	0.00013	0.00011	0.00011	0.00011	0.00014	9e-05	8.1e-05	0.00015	0.00433	0.00029	0.02177	0.00792	0.95934	0.00027	0.00012	3.6e-05	5.4e-05	0.00477	9.8e-05	8.9e-05
38	0.00019	0.00012	0.00015	0.00014	0.00017	0.00011	0.00010	0.00714	0.00707	0.14003	0.48498	0.07870	0.24691	0.00022	0.00012	3.4e-05	5.8e-05	0.00968	0.02398	0.00011
39	0.01349	0.00289	0.00897	0.00020	0.00029	0.00021	0.00017	0.31647	0.02516	0.60911	0.01419	0.00033	0.00024	0.00013	0.00011	3.2e-05	0.00220	0.00341	0.00220	0.00018
40	0.25915	0.00788	0.04465	0.37914	0.00222	0.03301	0.04295	0.09200	0.05827	0.04194	0.01950	0.00027	0.00241	0.00340	0.00302	3.4e-05	0.00805	0.00191	6.6e-05	0.00013
41	0.01717	0.00010	0.00013	0.00014	0.00015	9.7e-05	9.4e-05	0.00017	0.00440	0.01679	0.05223	0.43486	0.20844	0.17498	0.01222	0.01987	7.2e-05	0.05792	9.1e-05	8.5e-05
42	0.00344	0.00018	0.00170	0.00016	0.00219	0.00014	0.00013	0.00994	0.00560	0.00181	0.00625	0.03179	0.01361	0.00321	0.00169	0.00294	0.00577	7.4e-05	6.5e-05	0.90932
43	0.07880	0.03383	0.05339	0.05628	0.04287	0.08330	0.07078	0.24794	0.06779	0.11144	0.01937	0.00419	0.00708	0.00462	0.00641	0.00583	0.02293	0.01002	8.1e-05	0.07305
44	0.10042	0.07504	0.05980	0.00180	0.01514	0.01991	0.04260	0.13015	0.05745	0.38507	0.01895	0.01973	0.02171	0.00433	0.00507	3.4e-05	0.00593	0.03660	9.7e-05	0.00015
45	0.06829	0.00011	0.00013	0.00013	0.00016	0.00011	9.6e-05	0.00316	0.00615	0.02939	0.11438	0.28465	0.31612	0.11272	0.00557	4.6e-05	6.8e-05	0.05496	0.00368	9.2e-05
46	0.18451	0.00156	0.00471	0.03307	0.05450	0.02922	0.02563	0.09571	0.03803	0.11259	0.06589	0.04346	0.10364	0.02728	0.05081	0.09043	0.01208	0.02669	8.2e-05	0.00012
47	0.10058	0.03083	0.06100	0.03251	0.03192	0.09336	0.27402	0.11547	0.10553	0.08720	0.00644	0.00769	0.00252	0.00168	0.00589	3.4e-05	0.02638	0.00805	0.00876	0.00015
48	0.00627	0.00017	0.07256	0.00017	0.00021	0.00353	0.00167	0.04509	0.21671	0.02077	0.06688	0.18774	0.28622	0.03701	0.01018	0.00633	7.9e-05	0.03820	9.6e-05	0.00012
49	0.05640	0.00013	0.00206	0.00706	0.04398	0.00331	0.00360	0.00809	0.00869	0.04436	0.06578	0.14571	0.14986	0.21212	0.19814	0.03219	0.00349	0.01333	0.00161	9.4e-05
50	0.04141	0.06487	0.25970	0.04375	0.05629	0.05451	0.14764	0.06841	0.09196	0.05318	0.04301	0.02346	0.01066	0.00431	0.01095	0.01639	0.00448	0.00481	6.8e-05	0.00014
51	0.05782	0.05643	0.04353	0.01702	0.03097	0.04195	0.14238	0.16998	0.06825	0.04765	0.00590	0.20731	0.00855	0.01587	0.04428	0.00543	0.00012	0.03404	8.1e-05	0.00244

[dist]
# distance from previous block
# <min> <max>
2	40

[block]
# block no. 7 follows, 3297 sequences, length 6
# corresponding to MSA columns:
# 379-381,383,384,386
name=unknown_H
#
# <colnr> <probs for GDERKNQSTAVLIFYWHMCP>
#	G	D	E	R	K	N	Q	S	T	A	V	L	I	F	Y	W	H	M	C	P
0	0.06434	0.01155	0.02150	0.01036	0.01011	0.01049	0.01061	0.01133	0.02088	0.05776	0.13036	0.26704	0.17996	0.11915	0.00017	0.02392	7.6e-05	0.02618	9e-05	0.02412
1	0.05831	0.00902	0.04426	0.01625	0.10066	0.02228	0.02958	0.04601	0.05917	0.08025	0.12284	0.11417	0.08834	0.09577	0.02123	0.01821	0.00943	0.05181	8.5e-05	0.01231
2	0.03820	0.00013	0.01383	0.00015	0.01331	0.00012	0.00011	0.01552	0.03321	0.08167	0.18331	0.17765	0.14584	0.22755	0.00022	0.01415	7.5e-05	0.02306	0.01925	0.01265
3	0.05561	0.00013	0.00015	0.00014	0.00018	0.00012	0.00011	0.02429	0.02319	0.12006	0.16564	0.26541	0.20157	0.06314	0.01532	0.01589	7.1e-05	0.01654	0.01521	0.01725
4	0.07350	0.00013	0.00015	0.00015	0.00018	0.00013	0.00011	0.05048	0.03059	0.11311	0.16547	0.22571	0.20628	0.06544	0.00015	0.01537	7e-05	0.03720	0.01568	0.00011
5	0.01608	0.00014	0.05245	0.00015	0.00018	0.00012	0.00012	0.03105	0.02051	0.02160	0.26562	0.21356	0.24132	0.07639	0.02431	4.5e-05	7.4e-05	0.03611	9.7e-05	0.0001

[dist]
# distance from previous block
# <min> <max>
0	3

[block]
# block no. 8 follows, 3297 sequences, length 11
# corresponding to MSA columns:
# 390-400
name=unknown_I
#
# <colnr> <probs for GDERKNQSTAVLIFYWHMCP>
#	G	D	E	R	K	N	Q	S	T	A	V	L	I	F	Y	W	H	M	C	P
0	0.05054	0.00012	0.00014	0.00014	0.00017	0.00795	0.00010	0.01145	0.01283	0.12509	0.19521	0.23299	0.23838	0.04972	0.00014	3.9e-05	6.6e-05	0.02820	0.03865	0.00807
1	0.04646	0.00013	0.00015	0.00014	0.00018	0.00012	0.00011	0.01472	0.01440	0.17553	0.30405	0.20751	0.16777	0.04290	0.00014	3.8e-05	6.5e-05	0.01451	0.01098	0.00011
2	0.03532	0.00012	0.00015	0.00014	0.00018	0.00012	0.00011	0.02047	0.02119	0.13014	0.19817	0.23835	0.21385	0.06908	0.00015	4.1e-05	6.8e-05	0.05914	0.01310	0.00011
3	0.07362	0.00013	0.00809	0.00015	0.00018	0.00013	0.00011	0.02645	0.01703	0.17700	0.19850	0.13832	0.16072	0.09051	0.01086	0.03456	7.6e-05	0.05475	0.00870	0.00011
4	0.01132	0.00011	0.00013	0.00014	0.00016	0.00010	9.7e-05	0.00854	0.01480	0.03715	0.19027	0.42926	0.14378	0.11168	0.02286	0.00775	7e-05	0.01294	0.00876	9.2e-05
5	0.06150	0.00014	0.00018	0.00016	0.00020	0.00013	0.00012	0.01983	0.01016	0.36431	0.16112	0.23490	0.07823	0.04168	0.00013	3.8e-05	7.4e-05	0.01334	0.01364	0.00013
6	0.00017	0.00012	0.00015	0.00014	0.00017	0.00012	0.00011	0.01129	0.09099	0.03099	0.40555	0.11888	0.23154	0.02047	0.00013	3.7e-05	6.2e-05	0.07585	0.01313	0.00010
7	0.00017	0.00013	0.00015	0.00014	0.00018	0.00013	0.00011	0.01214	0.19468	0.01411	0.21825	0.06924	0.42791	0.03559	0.00014	3.8e-05	6.3e-05	0.02664	0.00010	0.00011
8	0.07629	0.00014	0.00018	0.00016	0.01024	0.00014	0.00932	0.02088	0.03211	0.26539	0.16951	0.07286	0.08679	0.08517	0.07533	0.00955	9.3e-05	0.02914	0.03625	0.02045
9	0.19948	0.00014	0.00015	0.00014	0.00018	0.00014	0.00010	0.01702	0.01096	0.18052	0.05620	0.15288	0.03443	0.30560	0.00804	0.00899	8.5e-05	0.01076	0.01408	0.00010
10	0.00018	0.00013	0.00015	0.00014	0.00017	0.00012	0.00011	0.02978	0.07349	0.06760	0.48763	0.01280	0.28591	0.00022	0.00012	3.4e-05	5.9e-05	0.02198	0.01929	0.00011

[dist]
# distance from previous block
# <min> <max>
0	1

[block]
# block no. 9 follows, 3297 sequences, length 15
# corresponding to MSA columns:
# 402-416
name=unknown_J
#
# <colnr> <probs for GDERKNQSTAVLIFYWHMCP>
#	G	D	E	R	K	N	Q	S	T	A	V	L	I	F	Y	W	H	M	C	P
0	0.00017	0.02500	0.00016	0.00014	0.00017	0.00797	0.00011	0.00864	0.12956	0.01423	0.52714	0.01480	0.25323	0.00021	0.00012	3.4e-05	5.9e-05	0.00018	0.01797	0.00011
1	0.00480	0.00463	0.00934	0.00504	0.00015	0.00011	9.6e-05	0.00018	0.00688	0.04194	0.04083	0.08986	0.09059	0.42386	0.15755	0.09042	0.01190	0.01624	0.00548	8.1e-05
2	0.00015	0.00011	0.00966	0.00014	0.00016	0.00010	0.00010	0.01220	0.00963	0.01444	0.36054	0.17724	0.20756	0.09699	0.00017	4.4e-05	6.5e-05	0.10324	0.00734	9.4e-05
3	0.00023	0.00674	0.42194	0.00550	0.00042	0.03191	0.26747	0.03462	0.09613	0.00035	0.04609	0.01583	0.03160	0.00014	0.02699	3.8e-05	0.00605	0.00011	0.00770	0.00014
4	0.02301	0.05439	0.13997	0.19636	0.02038	0.04633	0.29083	0.02678	0.01990	0.01898	0.02198	0.11416	0.00598	0.00013	0.00011	3.5e-05	0.00014	0.02035	6.2e-05	0.00013
5	0.39149	0.00019	0.00021	0.00017	0.00024	0.00020	0.00014	0.08297	0.00026	0.47225	0.00029	0.00029	0.00020	0.02380	0.0001	3.4e-05	8.8e-05	0.01226	0.01465	0.00015
6	0.00023	0.02020	0.17682	0.00797	0.02917	0.02221	0.34337	0.03352	0.11727	0.01759	0.11449	0.02482	0.02026	0.01542	0.04101	4.1e-05	0.00597	0.00943	7.1e-05	0.00014
7	0.00020	0.01253	0.00031	0.88369	0.03455	0.00023	0.00028	0.00026	0.00021	0.00027	0.00021	0.01365	0.01897	0.00013	0.03406	3.9e-05	0.00014	9.9e-05	4.9e-05	0.00012
8	0.00023	0.00022	0.00974	0.57413	0.32947	0.03108	0.02422	0.00029	0.00022	0.00030	0.00020	0.00028	0.00882	0.00010	0.00011	3.4e-05	0.01181	9.4e-05	0.00853	0.00013
9	0.00013	0.00011	0.00012	0.00012	0.00015	9.1e-05	8.8e-05	0.00016	0.00025	0.00031	0.16390	0.09724	0.70620	0.00026	0.00013	3.6e-05	5.5e-05	0.03048	0.00010	9e-05
10	0.00022	0.00018	0.00546	0.00675	0.00958	0.00484	0.02908	0.00880	0.02818	0.03170	0.04200	0.08113	0.02556	0.00484	0.02376	2.6e-05	0.01108	0.00486	0.03039	0.65158
11	0.00014	0.00011	0.00013	0.00013	0.00015	9.8e-05	9.5e-05	0.00018	0.01535	0.00036	0.51681	0.06604	0.37207	0.00024	0.00013	3.5e-05	5.4e-05	0.02769	0.00011	9.5e-05
12	0.00025	0.00478	0.01198	0.01772	0.00863	0.08873	0.65372	0.02577	0.01859	0.00482	0.02413	0.03460	0.01705	0.00012	0.00611	3.6e-05	0.07786	0.00012	0.00484	0.00014
13	0.00018	0.00014	0.00019	0.00018	0.00021	0.01898	0.00760	0.08043	0.00829	0.00028	0.00029	0.00041	0.00816	0.01261	0.83639	0.00015	0.01582	0.00954	6.1e-05	0.00010
14	0.02839	0.00020	0.00025	0.00020	0.00027	0.00019	0.03042	0.11555	0.15529	0.49416	0.02884	0.00036	0.02894	0.00013	0.00010	3.1e-05	9e-05	0.00011	0.00011	0.11637

[dist]
# distance from previous block
# <min> <max>
7	21

[block]
# block no. 10 follows, 3297 sequences, length 23
# corresponding to MSA columns:
# 453-465,467-476
name=unknown_K
#
# <colnr> <probs for GDERKNQSTAVLIFYWHMCP>
#	G	D	E	R	K	N	Q	S	T	A	V	L	I	F	Y	W	H	M	C	P
0	0.00556	0.00590	0.05715	0.07775	0.02761	0.05484	0.03902	0.46622	0.08915	0.07900	0.01025	0.00463	0.01487	0.01007	0.00011	3.4e-05	0.01106	0.04380	9.1e-05	0.00288
1	0.00419	0.00794	0.00031	0.00025	0.01307	0.04327	0.09491	0.34697	0.41276	0.02529	0.00032	0.00032	0.00458	0.00013	0.00011	3.3e-05	0.00388	0.00390	9.6e-05	0.03769
2	0.00021	0.00019	0.00344	0.00022	0.00409	0.03274	0.00422	0.03283	0.00686	0.03773	0.00328	0.00034	0.00021	0.05538	0.38506	0.00887	0.41484	0.00331	0.00308	0.00310
3	0.00013	0.00010	0.00012	0.00013	0.00015	8.9e-05	9.1e-05	0.00015	0.00022	0.00028	0.01210	0.44483	0.49220	0.01163	0.00013	4e-05	5.9e-05	0.03736	9.7e-05	8.7e-05
4	0.00022	0.00019	0.00022	0.00016	0.00025	0.00014	0.00013	0.01530	0.00022	0.00034	0.00019	0.00023	0.00016	0.00011	0.03756	2.2e-05	8.6e-05	6.5e-05	6.3e-05	0.94436
5	0.00013	0.00010	0.00012	0.00014	0.00015	9.1e-05	9.5e-05	0.00016	0.00021	0.00028	0.03458	0.62814	0.18769	0.07379	0.00016	4.5e-05	6.4e-05	0.03635	9.4e-05	0.03761
6	0.01153	0.00026	0.00040	0.09906	0.78236	0.04673	0.00683	0.04350	0.00025	0.00035	0.00020	0.00026	0.00017	9.8e-05	0.00010	3.2e-05	0.00013	0.00752	5.4e-05	0.00016
7	0.00014	0.00011	0.00013	0.00014	0.00016	0.00010	0.00010	0.00019	0.03772	0.00035	0.48420	0.24653	0.19475	0.00025	0.00013	3.7e-05	5.6e-05	0.03469	0.00011	9.6e-05
8	0.00542	0.00482	0.00027	0.00025	0.00030	0.80724	0.00019	0.01623	0.02950	0.00567	0.01725	0.05074	0.04025	0.01709	0.00011	3e-05	0.00017	9.1e-05	0.00429	0.00012
9	0.06570	0.00019	0.00026	0.00022	0.00028	0.00324	0.11573	0.11025	0.15571	0.13474	0.02299	0.07815	0.01425	0.00407	0.01715	0.00362	0.00917	0.21119	9.4e-05	0.05301
10	0.08744	0.00022	0.00026	0.00020	0.00028	0.00021	0.00016	0.27921	0.03137	0.58681	0.00034	0.00031	0.00023	0.00013	0.00010	3.2e-05	9.6e-05	9.8e-05	0.00012	0.01240
11	0.81298	0.00022	0.00017	0.00015	0.00022	0.05588	0.00012	0.03255	0.01225	0.06496	0.01082	0.00020	0.00014	0.00010	7.2e-05	3.2e-05	8.8e-05	6.4e-05	0.00885	0.00012
12	0.00746	0.00011	0.00014	0.00013	0.00016	0.00010	0.00010	0.00785	0.00795	0.00042	0.92080	0.00079	0.02695	0.00022	0.00012	3.4e-05	5.2e-05	0.02639	0.00011	0.00010
13	0.00014	0.00011	0.00013	0.00013	0.00016	9.8e-05	0.00011	0.00017	0.00024	0.00030	0.03035	0.03690	0.65583	0.00027	0.00013	3.9e-05	6.5e-05	0.27465	9.8e-05	9.1e-05
14	0.01940	0.00019	0.00022	0.00016	0.00025	0.00015	0.00013	0.02607	0.00023	0.06461	0.00020	0.00023	0.00016	8.3e-05	8e-05	1.7e-05	8e-05	6.6e-05	6.8e-05	0.88760
15	0.00018	0.00013	0.00505	0.00013	0.00018	0.00011	0.00010	0.00737	0.01019	0.08190	0.23639	0.03232	0.45065	0.00021	0.00011	3.2e-05	6.1e-05	0.00660	9.9e-05	0.16819
16	0.00013	0.00011	0.00011	0.00011	0.00014	9.2e-05	8.2e-05	0.00016	0.01552	0.00029	0.01695	0.00100	0.96443	0.00026	0.00012	3.5e-05	5.4e-05	0.00022	9.8e-05	9e-05
17	0.00015	0.00010	0.00011	0.00011	0.00011	0.00010	6.4e-05	0.00015	0.00015	0.00020	0.00033	0.00069	0.00038	0.99630	0.00054	0.00010	0.00010	0.00015	6.4e-05	6.4e-05
18	0.02093	0.00019	0.00025	0.00019	0.00027	0.00017	0.00016	0.05228	0.00031	0.92351	0.00040	0.00035	0.00025	0.00013	0.00010	3.2e-05	9.1e-05	0.00010	0.00013	0.00018
19	0.02432	0.00026	0.00031	0.00025	0.00032	0.01954	0.11651	0.60252	0.01764	0.02998	0.02534	0.00797	0.04500	0.00015	0.00431	0.00751	0.00012	0.09770	9.6e-05	0.00016
20	0.01319	0.00025	0.00029	0.00022	0.00030	0.00027	0.00018	0.65332	0.01685	0.28823	0.01240	0.00030	0.00022	0.00013	0.00011	3.2e-05	0.00011	0.00648	0.00696	0.00018
21	0.00013	0.00010	0.00012	0.00013	0.00015	9.1e-05	8.9e-05	0.00016	0.00023	0.00030	0.18634	0.34672	0.35170	0.10031	0.00017	4.4e-05	6.1e-05	0.01298	9.8e-05	8.7e-05
22	0.00015	0.00011	0.00014	0.00015	0.00017	0.00010	0.00011	0.00510	0.02084	0.01704	0.03110	0.44326	0.20002	0.01868	0.00014	4.3e-05	7e-05	0.25625	0.00642	9.3e-05

[dist]
# distance from previous block
# <min> <max>
0	1

[block]
# block no. 11 follows, 3297 sequences, length 8
# corresponding to MSA columns:
# 478-485
name=unknown_L
#
# <colnr> <probs for GDERKNQSTAVLIFYWHMCP>
#	G	D	E	R	K	N	Q	S	T	A	V	L	I	F	Y	W	H	M	C	P
0	0.00864	0.01103	0.01310	0.00925	0.00023	0.00930	0.05820	0.10863	0.06179	0.08067	0.03656	0.27250	0.04616	0.09021	0.10669	5.8e-05	0.00011	0.08667	9e-05	0.00011
1	0.00018	0.00013	0.00015	0.00015	0.00017	0.00013	0.00010	0.07522	0.07468	0.04725	0.05158	0.27575	0.15712	0.28365	0.00024	5.6e-05	7.9e-05	0.03317	9.2e-05	9.8e-05
2	0.00021	0.00018	0.00021	0.00015	0.00024	0.00014	0.00012	0.02299	0.00022	0.00034	0.02152	0.02773	0.03381	0.02286	9.3e-05	2e-05	7.7e-05	8e-05	6.7e-05	0.86893
3	0.05624	0.00888	0.01910	0.02867	0.01653	0.02375	0.08405	0.08314	0.04532	0.19471	0.10294	0.07814	0.13263	0.01028	0.03318	0.00700	0.01269	0.03561	9.3e-05	0.02707
4	0.01092	0.00019	0.00023	0.00021	0.01116	0.00021	0.03892	0.11882	0.45016	0.05434	0.04033	0.16073	0.04274	0.02462	0.01216	4e-05	8.9e-05	0.03388	0.00010	0.00014
5	0.01283	0.00011	0.00013	0.00013	0.00016	0.00010	9.5e-05	0.02323	0.00024	0.03226	0.10322	0.26339	0.46685	0.04131	0.01607	0.01288	6.5e-05	0.02674	9.8e-05	9.3e-05
