[name]
unknown

[dist]
# distance from previous block
# <min> <max>
0	334

[block]
# block no. 0 follows, 2898 sequences, length 25
# corresponding to MSA columns:
# 432-456
name=unknown_A
#
# <colnr> <probs for GDERKNQSTAVLIFYWHMCP>
#	G	D	E	R	K	N	Q	S	T	A	V	L	I	F	Y	W	H	M	C	P
0	0.02008	0.03604	0.07946	0.14219	0.09804	0.08991	0.04744	0.06996	0.03756	0.09911	0.02663	0.01401	0.01439	0.01635	0.03326	0.00247	0.02873	0.08542	0.02474	0.03422
1	0.01067	0.03065	0.02834	0.24571	0.25156	0.01536	0.08126	0.07557	0.05088	0.03099	0.01820	0.03167	0.01457	0.00633	0.00568	3.8e-05	0.02182	0.00386	0.00433	0.07251
2	0.75986	0.00325	0.00453	0.01629	0.01272	0.01022	0.00546	0.02183	0.01145	0.03452	0.00314	0.00024	0.00292	0.01829	0.00482	3.8e-05	0.00470	0.00276	0.00287	0.08009
3	0.00965	0.00295	0.00263	0.13036	0.08381	0.10875	0.03802	0.02562	0.09845	0.02049	0.02904	0.30657	0.07011	0.02061	0.00811	4.4e-05	0.00422	0.01509	0.00438	0.02112
4	0.00016	0.00011	0.00015	0.00017	0.00372	0.00010	0.00012	0.00367	0.00416	0.00759	0.05170	0.76126	0.08513	0.00568	0.00680	4.8e-05	7.3e-05	0.05728	0.00637	0.00573
5	0.00397	0.00013	0.00015	0.00015	0.00018	0.00013	0.00011	0.00022	0.07554	0.00536	0.09585	0.15371	0.27480	0.25274	0.11391	0.00670	0.00011	0.00703	0.00912	0.00010
6	0.00017	0.00013	0.00015	0.00015	0.00018	0.00011	0.00011	0.00022	0.02144	0.01120	0.57930	0.01604	0.33579	0.00027	0.00014	3.9e-05	6.1e-05	0.02804	0.00634	0.00011
7	0.00015	0.00011	0.00014	0.00015	0.00017	0.00010	0.00011	0.00019	0.00027	0.00035	0.26360	0.41854	0.23694	0.05051	0.00901	4.9e-05	6.9e-05	0.01931	0.00011	0.00010
8	0.00043	0.00030	0.00033	0.00026	0.00034	0.00033	0.00021	0.72915	0.09718	0.09377	0.03285	0.00878	0.00902	0.00015	0.00012	3.6e-05	0.00012	0.00012	0.02633	0.00019
9	0.58073	0.00023	0.00023	0.00019	0.00027	0.00025	0.00015	0.10946	0.00029	0.30676	0.00027	0.00027	0.00019	0.00013	9.3e-05	3.7e-05	0.0001	8.7e-05	0.00010	0.00016
10	0.00026	0.00021	0.00024	0.00018	0.00028	0.00016	0.00014	0.00031	0.00026	0.06607	0.03433	0.00030	0.00023	0.02995	0.00011	2.3e-05	8.9e-05	8.2e-05	7.8e-05	0.86671
11	0.00045	0.00032	0.00035	0.00027	0.00036	0.00035	0.00022	0.86100	0.06764	0.05673	0.00031	0.00030	0.00022	0.00014	0.00012	3.6e-05	0.00013	0.00011	0.00012	0.01082
12	0.85790	0.00023	0.00019	0.00017	0.00024	0.00026	0.00014	0.03239	0.00023	0.09643	0.00020	0.00022	0.00015	0.00012	8e-05	3.7e-05	9.4e-05	7.2e-05	0.01072	0.00014
13	0.03507	0.00018	0.00023	0.00019	0.00025	0.00017	0.00015	0.04402	0.07501	0.42542	0.38454	0.00060	0.01719	0.00019	0.00013	3.7e-05	8.3e-05	0.00016	0.01623	0.00016
14	0.99664	0.00023	0.00018	0.00016	0.00023	0.00027	0.00013	0.00035	0.00020	0.00054	0.00017	0.00019	0.00013	0.00011	7.4e-05	3.7e-05	9.2e-05	6.5e-05	7.4e-05	0.00013
15	0.00030	0.00028	0.00049	0.00073	0.99505	0.00028	0.00037	0.00037	0.00027	0.00039	0.00022	0.00030	0.00019	0.00011	0.00012	3.6e-05	0.00014	0.00011	5.9e-05	0.00019
16	0.37208	0.04419	0.00442	0.00453	0.02007	0.00684	0.00019	0.36179	0.17504	0.00492	0.00027	0.00028	0.00020	0.00013	0.00010	3.7e-05	0.00454	9.4e-05	9.8e-05	0.00017
17	0.00034	0.01575	0.00030	0.00025	0.00033	0.00031	0.01677	0.23187	0.70757	0.01162	0.00043	0.00041	0.00032	0.01303	0.00013	4e-05	0.00011	0.00013	0.00012	0.00019
18	0.00016	0.00012	0.00015	0.00015	0.00018	0.00011	0.00011	0.00019	0.00028	0.00639	0.34321	0.43111	0.19026	0.00653	0.00015	4.4e-05	0.01294	0.00770	0.00012	0.00010
19	0.01421	0.00018	0.03173	0.13160	0.01016	0.00639	0.00017	0.05993	0.03814	0.06857	0.27061	0.09104	0.15756	0.00022	0.00462	4e-05	9e-05	0.02953	0.08509	0.00013
20	0.03116	0.03362	0.03468	0.16734	0.28832	0.08538	0.09418	0.07556	0.02226	0.12713	0.00333	0.00031	0.00020	0.00012	0.00012	3.7e-05	0.02607	0.00465	0.00535	0.00017
21	0.00823	0.00800	0.13146	0.16205	0.07488	0.01076	0.02353	0.01784	0.01999	0.32597	0.01404	0.03006	0.03393	0.00582	0.04034	0.00238	0.02610	0.04202	0.01192	0.01066
22	0.00016	0.00011	0.00015	0.00016	0.00018	0.00011	0.00011	0.00019	0.01021	0.01768	0.08317	0.68936	0.11904	0.01503	0.01546	0.00659	7.5e-05	0.04200	0.00011	0.00010
23	0.00019	0.00016	0.00966	0.20634	0.02076	0.00680	0.03992	0.00778	0.01657	0.02141	0.03938	0.39440	0.04870	0.10265	0.00657	5.3e-05	0.00011	0.06202	0.01640	0.00011
24	0.02976	0.11697	0.28952	0.05832	0.17866	0.02983	0.06715	0.06286	0.01502	0.13174	0.00401	0.00473	0.00019	0.00012	0.00011	3.6e-05	0.00545	0.00010	7.3e-05	0.00534

[dist]
# distance from previous block
# <min> <max>
3	39

[block]
# block no. 1 follows, 2898 sequences, length 15
# corresponding to MSA columns:
# 498,499,501-512,514
name=unknown_B
#
# <colnr> <probs for GDERKNQSTAVLIFYWHMCP>
#	G	D	E	R	K	N	Q	S	T	A	V	L	I	F	Y	W	H	M	C	P
0	0.00591	0.00013	0.00016	0.00017	0.00826	0.00013	0.00012	0.00881	0.06283	0.03339	0.09619	0.31594	0.18900	0.18151	0.03596	0.00597	0.00578	0.04410	0.00553	0.00011
1	0.03096	0.02049	0.07447	0.07969	0.07294	0.02122	0.12689	0.03989	0.03544	0.07093	0.05959	0.02935	0.01541	0.01871	0.05085	0.05668	0.12674	0.05204	0.01410	0.00362
2	0.00019	0.04474	0.01153	0.01415	0.02692	0.00457	0.01132	0.00437	0.00488	0.01269	0.17139	0.26222	0.02708	0.19408	0.16978	8.2e-05	0.01036	0.01844	9.2e-05	0.01113
3	0.00041	0.00030	0.00032	0.00025	0.00034	0.00991	0.00021	0.77433	0.02793	0.03579	0.07618	0.00880	0.05582	0.00017	0.00866	3.8e-05	0.00012	0.00013	0.00012	0.00019
4	0.00017	0.00013	0.00015	0.00885	0.00018	0.00012	0.00011	0.00022	0.02661	0.01022	0.53868	0.03153	0.36206	0.00027	0.00014	3.9e-05	6.1e-05	0.00904	0.01132	0.00011
5	0.00044	0.00033	0.00035	0.00027	0.00036	0.00036	0.00022	0.89394	0.10130	0.00073	0.00031	0.00030	0.00022	0.00015	0.00012	3.6e-05	0.00013	0.00011	0.00012	0.00020
6	0.00479	0.00019	0.00539	0.00022	0.00717	0.00463	0.00018	0.02549	0.05724	0.27796	0.10565	0.05333	0.00619	0.03358	0.07836	0.00636	0.19373	0.09752	0.04186	0.00015
7	0.00031	0.00027	0.00027	0.00025	0.00031	0.02648	0.00019	0.01838	0.93291	0.01851	0.00047	0.00044	0.00036	0.00016	0.00012	4e-05	9.9e-05	0.00013	0.00012	0.00019
8	0.00031	0.02663	0.00029	0.00024	0.00032	0.00031	0.00019	0.07733	0.89177	0.00051	0.00046	0.00043	0.00035	0.00016	0.00012	4e-05	9.8e-05	0.00013	0.00012	0.00019
9	0.00023	0.00021	0.00036	0.99551	0.00082	0.00027	0.00033	0.00031	0.00024	0.00031	0.00021	0.00032	0.00016	0.00012	0.00012	4e-05	0.00016	0.00011	5.3e-05	0.00013
10	0.03663	0.03072	0.05528	0.02113	0.15628	0.02181	0.10098	0.06408	0.02396	0.21150	0.00751	0.01640	0.00579	0.00446	0.00521	3.4e-05	0.00595	0.00433	8.8e-05	0.22786
11	0.00026	0.00022	0.00554	0.04813	0.12376	0.00019	0.06030	0.01179	0.00646	0.04140	0.00824	0.00788	0.02287	0.00013	0.00011	2.8e-05	0.00011	0.10219	0.00585	0.55453
12	0.00023	0.00022	0.00036	0.95789	0.03842	0.00027	0.00033	0.00031	0.00024	0.00031	0.00021	0.00032	0.00016	0.00012	0.00012	4e-05	0.00016	0.00011	5.3e-05	0.00013
13	0.05192	0.03099	0.20050	0.00776	0.03251	0.02477	0.01728	0.02687	0.01474	0.05933	0.02830	0.00988	0.01222	0.00503	0.00664	3e-05	0.01015	0.00419	7.5e-05	0.45682
14	0.75241	0.01874	0.02836	0.00571	0.02284	0.03159	0.01466	0.03196	0.05491	0.00900	0.00598	0.00023	0.00016	0.00012	0.00904	3.8e-05	0.01395	7.6e-05	7.7e-05	0.00014

[dist]
# distance from previous block
# <min> <max>
0	1

[block]
# block no. 2 follows, 2898 sequences, length 19
# corresponding to MSA columns:
# 516-534
name=unknown_C
#
# <colnr> <probs for GDERKNQSTAVLIFYWHMCP>
#	G	D	E	R	K	N	Q	S	T	A	V	L	I	F	Y	W	H	M	C	P
0	0.00024	0.03539	0.96043	0.00034	0.00051	0.00028	0.00043	0.00038	0.00025	0.00038	0.00021	0.00025	0.00015	0.00011	0.00011	3.7e-05	0.00018	8.8e-05	5.1e-05	0.00018
1	0.00022	0.00406	0.08216	0.06275	0.08596	0.01447	0.10406	0.01554	0.04178	0.02275	0.37624	0.02831	0.13386	0.00871	0.00014	3.9e-05	0.00584	0.00803	0.00496	0.00014
2	0.00520	0.48409	0.15520	0.00026	0.00586	0.13110	0.00931	0.01296	0.00025	0.00924	0.00018	0.00022	0.00016	0.00013	0.00644	3.4e-05	0.15862	7.8e-05	5.5e-05	0.02060
3	0.92332	0.00996	0.00497	0.00468	0.00542	0.00562	0.00501	0.01049	0.00583	0.01442	0.00018	0.00020	0.00014	0.00011	7.8e-05	3.7e-05	0.00475	6.8e-05	0.00459	0.00013
4	0.00349	0.00418	0.11591	0.12197	0.13132	0.00679	0.03963	0.00404	0.00858	0.00519	0.43876	0.01844	0.07890	0.00582	0.00352	0.00326	0.00464	0.00533	9.6e-05	0.00013
5	0.00032	0.35150	0.08008	0.00027	0.00034	0.13632	0.01622	0.03944	0.03138	0.00959	0.00019	0.00024	0.00017	0.00014	0.00019	3.7e-05	0.32607	8.7e-05	5.9e-05	0.00735
6	0.00017	0.00013	0.00019	0.00019	0.00021	0.00015	0.00015	0.00021	0.00019	0.00028	0.00032	0.00047	0.00030	0.00090	0.99532	0.00019	0.00032	0.00013	6.4e-05	0.00011
7	0.00022	0.00019	0.00024	0.01903	0.00411	0.03953	0.00724	0.00541	0.00382	0.00426	0.00641	0.01527	0.00768	0.31006	0.22829	0.02366	0.32043	0.00014	0.00391	0.00011
8	0.00017	0.00012	0.00013	0.00013	0.00013	0.00012	7.5e-05	0.00018	0.00017	0.00023	0.00037	0.00077	0.00043	0.96172	0.03468	0.00012	0.00012	0.00017	7.2e-05	7.4e-05
9	0.00019	0.00015	0.00391	0.06180	0.08169	0.00015	0.00376	0.00732	0.06468	0.00925	0.45693	0.11217	0.14176	0.00695	0.00742	0.00369	0.00643	0.02733	0.00428	0.00012
10	0.01623	0.19540	0.03444	0.00498	0.00737	0.04650	0.01404	0.36098	0.27447	0.01216	0.00431	0.00031	0.00400	0.00014	0.00011	3.5e-05	0.00454	0.00010	0.00413	0.01575
11	0.01164	0.05535	0.12299	0.22030	0.18298	0.02003	0.04353	0.00764	0.02633	0.03023	0.11226	0.01434	0.02316	0.00784	0.00306	3.9e-05	0.06208	0.01257	0.00320	0.04043
12	0.01070	0.18878	0.46121	0.02058	0.03533	0.01265	0.02254	0.03798	0.02142	0.11267	0.00450	0.00711	0.00471	0.00012	0.00011	3.5e-05	0.00737	9.3e-05	0.00351	0.04858
13	0.01627	0.07535	0.49484	0.07221	0.05214	0.01349	0.06358	0.02358	0.07348	0.05093	0.01364	0.00435	0.01409	0.00344	0.00347	3.8e-05	0.01418	0.00381	0.00694	0.00017
14	0.00017	0.00012	0.00013	0.00013	0.00013	0.00012	7.6e-05	0.00018	0.00018	0.00024	0.01472	0.00079	0.00045	0.95018	0.01504	0.00011	0.00012	0.01697	7.4e-05	7.4e-05
15	0.00585	0.07987	0.36082	0.06271	0.14909	0.01158	0.11351	0.00882	0.01355	0.02839	0.02389	0.07818	0.01899	0.00373	0.00321	3.9e-05	0.00839	0.02152	0.00772	0.00016
16	0.01745	0.05431	0.15813	0.14125	0.13729	0.03351	0.12862	0.05128	0.05028	0.16915	0.00865	0.01215	0.00628	0.00400	0.00348	3.8e-05	0.01613	0.00387	0.00395	0.00017
17	0.03802	0.00770	0.01802	0.08266	0.06887	0.00835	0.02578	0.00826	0.00398	0.03409	0.00683	0.28825	0.00792	0.00519	0.00404	0.00646	0.00555	0.37133	0.00858	0.00012
18	0.00504	0.00357	0.01229	0.06949	0.02600	0.00354	0.01168	0.00468	0.01440	0.02493	0.17770	0.05531	0.56141	0.00026	0.00014	4e-05	0.01226	0.00965	0.00751	0.00011

[dist]
# distance from previous block
# <min> <max>
2	4

[block]
# block no. 3 follows, 2898 sequences, length 10
# corresponding to MSA columns:
# 552-561
name=unknown_D
#
# <colnr> <probs for GDERKNQSTAVLIFYWHMCP>
#	G	D	E	R	K	N	Q	S	T	A	V	L	I	F	Y	W	H	M	C	P
0	0.46767	0.20124	0.05856	0.03029	0.02015	0.12690	0.02039	0.01353	0.00874	0.01498	0.00019	0.00022	0.00015	0.00012	9.5e-05	3.4e-05	0.02743	7.5e-05	0.00909	0.00014
1	0.09763	0.12951	0.31243	0.03270	0.06293	0.01119	0.08577	0.00996	0.01242	0.14416	0.00899	0.02294	0.00654	0.01895	0.01105	4e-05	0.00938	0.01557	0.00768	0.00016
2	0.00017	0.00011	0.00014	0.00015	0.00015	0.00011	9.4e-05	0.00018	0.00020	0.00027	0.01822	0.25790	0.01684	0.59229	0.01335	0.01499	0.00010	0.07175	0.01289	8.3e-05
3	0.00016	0.00011	0.00014	0.00016	0.00018	0.00010	0.00011	0.00019	0.00024	0.03316	0.04720	0.71597	0.10996	0.04954	0.01587	5.2e-05	7.6e-05	0.01387	0.01282	0.00010
4	0.00024	0.00062	0.99518	0.00034	0.00052	0.00028	0.00044	0.00038	0.00025	0.00038	0.00021	0.00025	0.00015	0.00011	0.00011	3.8e-05	0.00018	8.8e-05	5e-05	0.00018
5	0.00022	0.00897	0.00023	0.01079	0.00881	0.00019	0.01077	0.04616	0.02438	0.01135	0.00025	0.00039	0.00024	0.02498	0.29924	0.37999	0.15746	0.00011	0.01539	9.8e-05
6	0.00049	0.01270	0.01099	0.00022	0.01852	0.03247	0.00018	0.03850	0.02481	0.77880	0.04561	0.00043	0.00974	0.00870	0.00012	3.7e-05	0.00011	0.00878	0.00860	0.00019
7	0.00595	0.01665	0.44803	0.05251	0.10972	0.03310	0.08150	0.02199	0.03099	0.01199	0.02091	0.02073	0.01278	0.04177	0.02781	0.00631	0.02388	0.01175	0.01597	0.00566
8	0.00018	0.00014	0.00018	0.01147	0.00020	0.00014	0.01173	0.00022	0.00028	0.00040	0.54358	0.03532	0.04689	0.10727	0.19120	7.8e-05	0.03904	0.00020	0.01138	0.00011
9	0.00873	0.01068	0.00022	0.00020	0.00022	0.02393	0.00015	0.00931	0.00944	0.04597	0.13250	0.01748	0.01369	0.33586	0.07489	7.9e-05	0.27726	0.00015	0.03913	0.00011

[dist]
# distance from previous block
# <min> <max>
1	3

[block]
# block no. 4 follows, 2898 sequences, length 11
# corresponding to MSA columns:
# 574,576-578,580-586
name=unknown_E
#
# <colnr> <probs for GDERKNQSTAVLIFYWHMCP>
#	G	D	E	R	K	N	Q	S	T	A	V	L	I	F	Y	W	H	M	C	P
0	0.00040	0.04451	0.02026	0.02000	0.01754	0.66696	0.04344	0.00915	0.01022	0.04049	0.00021	0.00025	0.00017	0.00756	0.01280	3.7e-05	0.09840	8.7e-05	0.00739	0.00014
1	0.01042	0.00615	0.00022	0.10223	0.01060	0.00588	0.01107	0.03585	0.00596	0.00709	0.00033	0.06586	0.00602	0.13837	0.45619	0.06755	0.03031	0.00960	0.03019	0.00011
2	0.00019	0.00015	0.00022	0.00023	0.05689	0.00017	0.00017	0.04537	0.00021	0.00031	0.00031	0.00045	0.00029	0.00082	0.89345	0.00018	0.00030	0.00013	6.6e-05	0.00012
3	0.93719	0.00023	0.00018	0.00016	0.00024	0.00026	0.00013	0.00037	0.00021	0.05989	0.00018	0.00021	0.00014	0.00011	7.7e-05	3.7e-05	9.3e-05	6.8e-05	7.8e-05	0.00013
4	0.00030	0.00025	0.00028	0.00024	0.00031	0.00029	0.01856	0.04689	0.87905	0.00050	0.02113	0.00047	0.03086	0.00017	0.00012	4e-05	9.6e-05	0.00014	0.00012	0.00019
5	0.01126	0.00816	0.00883	0.01098	0.00031	0.00837	0.00017	0.27854	0.01004	0.06448	0.00030	0.08666	0.00788	0.00732	0.00011	2.9e-05	0.01122	0.00011	9.3e-05	0.48515
6	0.01200	0.00023	0.01639	0.34497	0.27683	0.00560	0.04791	0.00980	0.00811	0.07296	0.02136	0.10984	0.02315	0.00630	0.01178	0.00642	0.00890	0.01084	0.00647	0.00015
7	0.06504	0.06287	0.09206	0.04338	0.10489	0.01944	0.12388	0.14460	0.03400	0.15037	0.04633	0.02902	0.01454	0.02027	0.00513	3.9e-05	0.01251	0.00498	0.00680	0.01984
8	0.02482	0.02340	0.08450	0.01584	0.02075	0.01464	0.05479	0.05836	0.05148	0.08650	0.02308	0.01297	0.01198	0.05232	0.10191	0.08074	0.02636	0.01698	0.00468	0.23391
9	0.01661	0.00013	0.00015	0.00015	0.00018	0.00012	0.00011	0.00023	0.01844	0.02915	0.55537	0.07794	0.27660	0.00026	0.00014	3.9e-05	6.2e-05	0.01213	0.01208	0.00011
10	0.00649	0.06391	0.39581	0.10928	0.06942	0.06669	0.07467	0.02096	0.01243	0.01948	0.01368	0.05515	0.02360	0.01239	0.00999	4e-05	0.00721	0.01717	0.00504	0.01659

[dist]
# distance from previous block
# <min> <max>
0	1

[block]
# block no. 5 follows, 2898 sequences, length 23
# corresponding to MSA columns:
# 588-603,610-616
name=unknown_F
#
# <colnr> <probs for GDERKNQSTAVLIFYWHMCP>
#	G	D	E	R	K	N	Q	S	T	A	V	L	I	F	Y	W	H	M	C	P
0	0.00790	0.11548	0.28109	0.06780	0.12803	0.04784	0.12165	0.04574	0.02086	0.08799	0.00739	0.01427	0.01255	0.01140	0.00311	3.8e-05	0.01281	0.00675	7e-05	0.00724
1	0.01467	0.00375	0.02350	0.07950	0.05052	0.03334	0.08507	0.01814	0.11075	0.27262	0.03755	0.06687	0.06352	0.00560	0.00706	0.01461	0.03226	0.05380	0.02412	0.00276
2	0.00017	0.00387	0.00017	0.04298	0.00390	0.00954	0.00903	0.00565	0.01796	0.01427	0.02545	0.60687	0.11988	0.01063	0.00298	0.02085	0.01489	0.08601	0.00479	0.00011
3	0.02229	0.10850	0.13574	0.05423	0.10345	0.07934	0.05425	0.07932	0.01803	0.27733	0.00757	0.01036	0.01652	0.00697	0.00338	3.7e-05	0.01302	0.00386	0.00261	0.00319
4	0.00935	0.03012	0.16695	0.05190	0.12256	0.04350	0.14437	0.11699	0.04819	0.19160	0.00666	0.02958	0.00302	0.00767	0.00013	0.00255	0.01213	0.00757	0.00501	0.00017
5	0.87781	0.02539	0.00021	0.01125	0.01291	0.03162	0.00538	0.00732	0.00656	0.01029	0.00017	0.00020	0.00014	0.00011	8.1e-05	3.7e-05	0.01025	6.8e-05	7.4e-05	0.00013
6	0.01117	0.00739	0.03751	0.18504	0.26942	0.02545	0.07338	0.02142	0.02804	0.01168	0.06353	0.03405	0.09306	0.02696	0.02336	4.5e-05	0.05668	0.02621	0.00547	0.00015
7	0.01070	0.55074	0.00629	0.00349	0.00787	0.06447	0.00625	0.05318	0.01804	0.00544	0.03103	0.02596	0.06128	0.00574	0.00356	0.00965	0.03863	0.00331	0.00269	0.09165
8	0.00020	0.00014	0.00017	0.00016	0.00019	0.00012	0.00012	0.00949	0.02227	0.06561	0.66403	0.05272	0.09330	0.00795	0.00592	4e-05	6.7e-05	0.02733	0.01269	0.03749
9	0.00015	0.00011	0.00014	0.00015	0.00017	0.00010	0.00010	0.00018	0.00025	0.00032	0.11134	0.39614	0.32228	0.14255	0.00021	5.4e-05	7.3e-05	0.02549	0.00011	9.7e-05
10	0.00017	0.00011	0.00014	0.00016	0.00017	0.00011	0.00011	0.00019	0.01692	0.02555	0.02875	0.63951	0.04327	0.19942	0.00024	6.1e-05	8e-05	0.02474	0.02020	9.8e-05
11	0.00027	0.33364	0.55810	0.01939	0.01197	0.01334	0.00034	0.01070	0.00026	0.00561	0.03820	0.00026	0.00019	0.00012	0.00010	3.4e-05	0.00015	8.6e-05	0.00708	0.00017
12	0.00015	0.00012	0.00013	0.00013	0.01010	0.00011	9.8e-05	0.00019	0.00821	0.00912	0.08954	0.02492	0.85618	0.00029	0.00014	4e-05	6.2e-05	0.00025	0.00011	0.00010
13	0.00030	0.75632	0.20739	0.00024	0.00035	0.01458	0.00025	0.00037	0.01870	0.00031	0.00018	0.00021	0.00016	0.00011	8.6e-05	2.8e-05	0.00014	7.1e-05	5.2e-05	0.00016
14	0.00019	0.00013	0.00017	0.00333	0.00018	0.00012	0.00322	0.00433	0.05109	0.00937	0.38892	0.12413	0.05593	0.01661	0.01385	0.28691	0.00804	0.00786	0.01895	0.00669
15	0.00630	0.02522	0.06542	0.01004	0.01200	0.04018	0.74646	0.00038	0.00659	0.03216	0.01880	0.00659	0.00788	0.00337	0.00360	4e-05	0.00553	0.00306	6.5e-05	0.00630
16	0.99664	0.00023	0.00018	0.00016	0.00023	0.00027	0.00013	0.00035	0.00020	0.00054	0.00017	0.00019	0.00013	0.00011	7.4e-05	3.7e-05	9.2e-05	6.5e-05	7.4e-05	0.00013
17	0.03719	0.00021	0.00467	0.00554	0.00428	0.00463	0.00445	0.02482	0.03893	0.76615	0.03124	0.00042	0.00032	0.02349	0.00354	4e-05	0.03358	0.00900	0.00730	0.00019
18	0.00958	0.03073	0.05447	0.23572	0.08714	0.01177	0.16845	0.00818	0.02063	0.06552	0.01255	0.16972	0.01853	0.02914	0.00015	0.00329	0.01913	0.05193	0.00323	0.00014
19	0.00031	0.00442	0.01767	0.01746	0.07535	0.05771	0.58349	0.04786	0.04396	0.06465	0.01029	0.01889	0.03789	0.00380	0.00014	3.9e-05	0.01235	0.00347	7.5e-05	0.00016
20	0.00016	0.00012	0.00015	0.00015	0.00018	0.00011	0.00011	0.00021	0.01526	0.01834	0.44371	0.17404	0.32295	0.01181	0.00015	4.2e-05	6.3e-05	0.01222	0.00012	0.00011
21	0.00298	0.00605	0.00292	0.37248	0.38005	0.00493	0.03384	0.00750	0.00633	0.01923	0.01275	0.03621	0.02756	0.01224	0.01112	0.00314	0.01406	0.03962	0.00685	0.00015
22	0.01916	0.04053	0.20716	0.08979	0.23537	0.05949	0.13555	0.05364	0.01200	0.09699	0.00575	0.01202	0.00586	0.00330	0.00291	3.8e-05	0.00896	0.00249	0.00581	0.00319

[dist]
# distance from previous block
# <min> <max>
4	13

[block]
# block no. 6 follows, 2898 sequences, length 21
# corresponding to MSA columns:
# 640-660
name=unknown_G
#
# <colnr> <probs for GDERKNQSTAVLIFYWHMCP>
#	G	D	E	R	K	N	Q	S	T	A	V	L	I	F	Y	W	H	M	C	P
0	0.00020	0.00331	0.01387	0.06931	0.07676	0.01821	0.03540	0.00419	0.05096	0.01599	0.39844	0.13157	0.10745	0.01039	0.00485	4.1e-05	0.01244	0.00625	0.03736	0.00299
1	0.03168	0.00022	0.00678	0.02918	0.00505	0.00024	0.03355	0.29426	0.14743	0.02628	0.00351	0.15792	0.00341	0.16763	0.04225	0.01192	0.00362	0.01266	0.02225	0.00015
2	0.00016	0.00012	0.00014	0.00014	0.00017	0.00011	0.00010	0.00020	0.00726	0.00906	0.30552	0.05655	0.58347	0.01957	0.00015	4.1e-05	6.2e-05	0.00735	0.00974	0.00011
3	0.00018	0.00012	0.00013	0.00013	0.00014	0.00012	7.7e-05	0.00750	0.00018	0.00024	0.00039	0.00895	0.01156	0.93227	0.01948	0.00011	0.00012	0.01109	0.00714	7.5e-05
4	0.00015	0.00012	0.00013	0.00014	0.00017	0.00010	0.00010	0.00018	0.00027	0.00857	0.14588	0.26722	0.54096	0.02455	0.00016	4.4e-05	6.5e-05	0.01099	0.00011	0.00010
5	0.00025	0.00661	0.02971	0.02098	0.03138	0.00336	0.00655	0.04108	0.14608	0.13350	0.06572	0.39226	0.02059	0.01697	0.00805	0.00295	0.01531	0.05479	0.00371	0.00014
6	0.00026	0.00022	0.00025	0.00019	0.00029	0.00017	0.00015	0.00945	0.10251	0.03083	0.01158	0.00939	0.00022	0.00010	9.4e-05	2.1e-05	8.9e-05	8.3e-05	8e-05	0.83402
7	0.01950	0.00023	0.01967	0.00021	0.04149	0.00596	0.00016	0.01590	0.01398	0.01626	0.00516	0.00533	0.00019	9.5e-05	9.2e-05	2e-05	9.4e-05	7.7e-05	7.3e-05	0.85551
8	0.00840	0.09906	0.00728	0.00960	0.00490	0.08495	0.00022	0.69489	0.06336	0.01544	0.00476	0.00029	0.00021	0.00014	0.00011	3.5e-05	0.00014	0.00010	0.00591	0.00019
9	0.00504	0.00991	0.01812	0.05571	0.10044	0.00937	0.07364	0.00810	0.00470	0.04355	0.02403	0.27154	0.10556	0.05025	0.01210	0.07709	0.00370	0.11643	9.1e-05	0.01062
10	0.01816	0.16047	0.37876	0.01976	0.05289	0.01670	0.06217	0.05266	0.03058	0.12331	0.00827	0.00507	0.01507	0.01097	0.00639	3.8e-05	0.01784	0.00732	0.00759	0.00599
11	0.00027	0.07240	0.58289	0.00029	0.00833	0.01149	0.00964	0.01056	0.04200	0.09034	0.07467	0.00454	0.06755	0.00015	0.00012	0.01199	0.00865	0.00011	0.00385	0.00017
12	0.00015	0.00011	0.00014	0.00017	0.00017	0.0001	0.00011	0.00017	0.00689	0.00031	0.00669	0.93105	0.01416	0.00651	0.00989	0.01202	7.3e-05	0.01107	0.00011	9.7e-05
13	0.00365	0.02593	0.37874	0.16567	0.18576	0.00428	0.04211	0.02428	0.00685	0.03208	0.05388	0.00986	0.01994	0.00449	0.01665	4.1e-05	0.01671	0.00414	0.00479	0.00016
14	0.01182	0.06199	0.15510	0.26736	0.11499	0.07090	0.09551	0.06258	0.01479	0.05287	0.00463	0.01523	0.00543	0.00344	0.01841	0.00416	0.02340	0.00356	0.01366	0.00016
15	0.00023	0.00022	0.00037	0.94868	0.00081	0.00027	0.02599	0.00031	0.00024	0.00031	0.00021	0.00032	0.00016	0.00012	0.00013	4e-05	0.02131	0.00011	5.3e-05	0.00013
16	0.00015	0.00011	0.00014	0.00016	0.00017	9.9e-05	0.00011	0.00017	0.00024	0.00031	0.01280	0.80731	0.16025	0.00036	0.00015	4.7e-05	6.8e-05	0.01715	0.00011	9.8e-05
17	0.00883	0.00845	0.07654	0.30049	0.08323	0.05073	0.01664	0.03263	0.07831	0.00895	0.10707	0.04959	0.09283	0.00424	0.00737	0.00266	0.04228	0.02446	0.00454	0.00014
18	0.37451	0.01174	0.01848	0.05829	0.13143	0.09809	0.04797	0.04948	0.03477	0.05547	0.01481	0.05197	0.00441	0.00351	0.00417	3.9e-05	0.02827	0.00712	0.00531	0.00015
19	0.00023	0.00021	0.00036	0.99551	0.00082	0.00027	0.00033	0.00031	0.00024	0.00031	0.00021	0.00032	0.00016	0.00012	0.00012	4e-05	0.00016	0.00011	5.3e-05	0.00013
20	0.64752	0.03440	0.01276	0.01907	0.03921	0.06415	0.01531	0.01908	0.00984	0.08395	0.00552	0.00617	0.00017	0.00014	0.02578	4e-05	0.00701	8e-05	0.00632	0.00348

[dist]
# distance from previous block
# <min> <max>
1	5

[block]
# block no. 7 follows, 2898 sequences, length 19
# corresponding to MSA columns:
# 667,668,672,678-685,690-696,700
name=unknown_H
#
# <colnr> <probs for GDERKNQSTAVLIFYWHMCP>
#	G	D	E	R	K	N	Q	S	T	A	V	L	I	F	Y	W	H	M	C	P
0	0.00627	0.49539	0.43814	0.00027	0.01346	0.01007	0.00031	0.00607	0.00614	0.01099	0.00601	0.00603	0.00017	0.00011	9.6e-05	3.2e-05	0.00015	7.9e-05	5.4e-05	0.00016
1	0.01266	0.12239	0.04378	0.00954	0.02568	0.03886	0.02425	0.41073	0.19861	0.05909	0.00399	0.00602	0.00024	0.00014	0.00011	3.5e-05	0.00616	0.00011	0.01323	0.02438
2	0.01262	0.12036	0.32126	0.00877	0.06002	0.01720	0.03545	0.02075	0.00875	0.09405	0.03100	0.02296	0.02245	0.00301	0.00642	0.00313	0.00662	0.03190	0.00303	0.17027
3	0.01424	0.16209	0.51297	0.01233	0.02251	0.02274	0.03099	0.03014	0.03307	0.08671	0.00632	0.01889	0.01049	0.00976	0.00012	3.6e-05	0.00978	9.9e-05	6.7e-05	0.01665
4	0.00681	0.03893	0.08498	0.00647	0.03695	0.01438	0.06993	0.06780	0.09840	0.07291	0.39958	0.01773	0.07123	0.00435	0.00013	3.8e-05	0.00386	0.00526	0.00011	0.00015
5	0.00016	0.00013	0.00016	0.03052	0.01383	0.00012	0.03054	0.00020	0.00644	0.01797	0.09882	0.07561	0.69846	0.00903	0.00015	4.1e-05	7.2e-05	0.01753	0.00011	0.00011
6	0.01101	0.04904	0.27221	0.07900	0.08862	0.06033	0.11142	0.01696	0.02929	0.19561	0.01250	0.02492	0.00740	0.00358	0.00344	3.8e-05	0.01018	0.01859	0.00571	0.00017
7	0.04257	0.01556	0.08073	0.23756	0.23906	0.04164	0.06350	0.03728	0.03845	0.05213	0.01740	0.04814	0.01835	0.01381	0.00500	4e-05	0.03340	0.00827	0.00339	0.00372
8	0.00023	0.00021	0.00036	0.99551	0.00082	0.00027	0.00033	0.00031	0.00024	0.00031	0.00021	0.00032	0.00016	0.00012	0.00012	4e-05	0.00016	0.00011	5.3e-05	0.00013
9	0.00016	0.00012	0.00564	0.00018	0.00020	0.00012	0.00748	0.00638	0.00025	0.00032	0.02018	0.56381	0.07987	0.03920	0.00575	5.3e-05	0.00570	0.26437	0.00011	0.00010
10	0.02035	0.03802	0.14707	0.07568	0.13850	0.04290	0.08209	0.11281	0.02032	0.21689	0.00683	0.03864	0.01895	0.00719	0.00467	3.9e-05	0.01621	0.00946	0.00321	0.00017
11	0.02012	0.02464	0.10060	0.11933	0.13767	0.14937	0.09081	0.04336	0.07083	0.10501	0.03205	0.01055	0.01163	0.00014	0.00013	0.00503	0.03408	0.00666	0.03783	0.00016
12	0.01069	0.00021	0.00027	0.00021	0.00030	0.00019	0.00017	0.06098	0.00734	0.85031	0.02465	0.00745	0.00589	0.01323	0.00511	3.9e-05	0.00010	0.00754	0.00511	0.00020
13	0.03788	0.00824	0.06115	0.18384	0.16388	0.02874	0.04114	0.04182	0.02495	0.08468	0.11607	0.04362	0.03471	0.01699	0.04750	0.01101	0.00756	0.01162	0.00931	0.02526
14	0.04032	0.09617	0.23045	0.05949	0.11663	0.05684	0.03060	0.10065	0.03187	0.06250	0.05791	0.02267	0.02649	0.00711	0.01142	0.01531	0.01943	0.00773	7.8e-05	0.00634
15	0.00024	0.04915	0.91847	0.00033	0.00050	0.00029	0.01510	0.00037	0.00025	0.00037	0.00021	0.00025	0.00015	0.00012	0.00012	0.01358	0.00017	8.8e-05	5.1e-05	0.00017
16	0.00018	0.00013	0.00016	0.00017	0.00020	0.00012	0.01476	0.01445	0.00734	0.03267	0.05650	0.22776	0.38919	0.01225	0.01129	4.8e-05	8.2e-05	0.22395	0.00867	0.00011
17	0.02449	0.03625	0.16916	0.06421	0.09796	0.03328	0.08499	0.17466	0.02217	0.19957	0.00792	0.04503	0.00479	0.00358	0.00012	3.8e-05	0.00511	0.01365	0.00452	0.00848
18	0.02533	0.01042	0.05558	0.03030	0.02747	0.01613	0.08866	0.01106	0.00919	0.12405	0.00834	0.08173	0.01046	0.03032	0.05018	0.00944	0.29383	0.08702	0.03035	0.00014

[dist]
# distance from previous block
# <min> <max>
1	4

[block]
# block no. 8 follows, 2898 sequences, length 9
# corresponding to MSA columns:
# 708-716
name=unknown_I
#
# <colnr> <probs for GDERKNQSTAVLIFYWHMCP>
#	G	D	E	R	K	N	Q	S	T	A	V	L	I	F	Y	W	H	M	C	P
0	0.07011	0.13941	0.06897	0.05628	0.05568	0.11064	0.03286	0.11663	0.02777	0.05653	0.04015	0.01448	0.01095	0.01567	0.01113	0.00563	0.07039	0.01131	0.00721	0.07819
1	0.01542	0.06814	0.42484	0.03371	0.09650	0.05529	0.03615	0.02773	0.01454	0.03050	0.01927	0.03895	0.04385	0.00995	0.01194	0.01447	0.03438	0.01713	0.00710	0.00016
2	0.01893	0.00013	0.00017	0.00017	0.00018	0.00014	0.00012	0.02137	0.00020	0.02873	0.00035	0.00059	0.00035	0.40515	0.50051	0.00015	0.00022	0.00014	0.02232	9.8e-05
3	0.04226	0.68176	0.05266	0.02165	0.04686	0.02175	0.05518	0.01273	0.01557	0.01680	0.00019	0.00022	0.00016	0.00011	9.3e-05	2.9e-05	0.01707	7.6e-05	5.7e-05	0.01477
4	0.01201	0.01111	0.01958	0.00925	0.00922	0.00655	0.00797	0.00679	0.06202	0.01559	0.02359	0.01476	0.02016	0.04300	0.66677	0.00923	0.05469	0.00013	0.00747	0.00012
5	0.00782	0.00016	0.01082	0.02191	0.01930	0.00714	0.04826	0.00838	0.06198	0.06827	0.39453	0.12526	0.09263	0.03654	0.00737	0.01740	0.00888	0.00696	0.04997	0.00641
6	0.00016	0.00012	0.00014	0.00014	0.00017	0.00011	0.00011	0.00020	0.01933	0.00039	0.41435	0.11900	0.40512	0.02126	0.00015	4.2e-05	6.3e-05	0.01891	0.00012	0.00011
7	0.00018	0.00017	0.05381	0.00017	0.01019	0.00713	0.00754	0.00817	0.04129	0.00041	0.46403	0.03401	0.28004	0.01278	0.00734	0.00705	0.00806	0.01165	0.01445	0.03154
8	0.00043	0.00053	0.00033	0.00030	0.00036	0.89586	0.00022	0.02316	0.02253	0.00031	0.00023	0.03164	0.02333	0.00014	0.00011	3.2e-05	0.00020	9.1e-05	6.7e-05	0.00014

[dist]
# distance from previous block
# <min> <max>
4	6

[block]
# block no. 9 follows, 2898 sequences, length 13
# corresponding to MSA columns:
# 728-739,747
name=unknown_J
#
# <colnr> <probs for GDERKNQSTAVLIFYWHMCP>
#	G	D	E	R	K	N	Q	S	T	A	V	L	I	F	Y	W	H	M	C	P
0	0.01190	0.09590	0.12617	0.12780	0.09835	0.04419	0.08989	0.03384	0.12791	0.05186	0.04408	0.07343	0.02115	0.00465	0.00460	0.00395	0.02212	0.00758	0.00466	0.00598
1	0.00047	0.02009	0.00027	0.00021	0.00029	0.00020	0.00017	0.09818	0.05465	0.70829	0.04088	0.00042	0.00032	0.00015	0.00012	3.6e-05	0.0001	0.00012	0.07482	0.00019
2	0.00493	0.00489	0.02728	0.00860	0.04922	0.00015	0.00584	0.01538	0.03246	0.16677	0.21851	0.24901	0.03908	0.04923	0.06058	0.00664	0.00589	0.00489	0.05050	0.00013
3	0.02446	0.13819	0.22243	0.07551	0.06298	0.05771	0.06051	0.07315	0.02995	0.13385	0.01001	0.01760	0.01532	0.01194	0.00990	3.9e-05	0.03061	0.01918	0.00651	0.00016
4	0.01012	0.16369	0.28825	0.12639	0.08416	0.02076	0.08984	0.03089	0.01873	0.08008	0.00975	0.01280	0.02892	0.00477	0.00487	3.7e-05	0.01427	0.00696	0.00456	0.00016
5	0.00016	0.00012	0.00014	0.00016	0.00018	0.00011	0.00011	0.00019	0.01321	0.01759	0.13606	0.52313	0.22737	0.03583	0.00016	4.8e-05	7e-05	0.04516	0.00011	0.00010
6	0.00864	0.01547	0.13105	0.10264	0.21310	0.02140	0.07799	0.01691	0.01833	0.05062	0.07422	0.11278	0.03058	0.00532	0.01107	0.01668	0.05810	0.00801	0.02694	0.00015
7	0.02942	0.02444	0.04985	0.04045	0.05719	0.04175	0.03532	0.23012	0.07868	0.30918	0.00614	0.00774	0.00759	0.00015	0.00496	0.00454	0.03860	0.00974	0.02397	0.00018
8	0.00016	0.00013	0.00585	0.00549	0.00639	0.00011	0.00578	0.00598	0.00983	0.02268	0.10888	0.13510	0.65441	0.00790	0.01312	0.00558	0.00578	0.00661	0.00011	0.00011
9	0.00018	0.00013	0.00016	0.00689	0.00019	0.00012	0.00745	0.00683	0.01071	0.05061	0.17849	0.17724	0.37630	0.06084	0.03315	0.01089	8.2e-05	0.07952	0.00011	0.00011
10	0.04237	0.04288	0.10555	0.14971	0.10071	0.04127	0.05622	0.03784	0.09593	0.05493	0.05456	0.07452	0.04376	0.02765	0.00973	0.00553	0.03169	0.01425	0.01076	0.00015
11	0.04522	0.01236	0.02563	0.02298	0.02510	0.02268	0.01976	0.12262	0.05856	0.49636	0.04037	0.05095	0.00952	0.00591	0.00901	3.9e-05	0.01010	0.00608	0.00812	0.00865
12	0.01889	0.01792	0.45031	0.03827	0.02253	0.04167	0.06943	0.04164	0.04567	0.06998	0.02467	0.04915	0.01069	0.01280	0.01523	0.00427	0.02171	0.00995	0.00820	0.02702

[dist]
# distance from previous block
# <min> <max>
0	112

# created by:
# /home/cegg/simao/soft/augustus-3.2.1/scripts/msa2prfl.pl ./align_prep/POG091H01Q4.fa
