[name]
unknown

[dist]
# distance from previous block
# <min> <max>
0	187

[block]
# block no. 0 follows, 3035 sequences, length 19
# corresponding to MSA columns:
# 257-272,279,284,285
name=unknown_A
#
# <colnr> <probs for GDERKNQSTAVLIFYWHMCP>
#	G	D	E	R	K	N	Q	S	T	A	V	L	I	F	Y	W	H	M	C	P
0	0.00022	0.00014	0.00019	0.00021	0.00024	0.00014	0.00018	0.00028	0.01159	0.12225	0.02391	0.01954	0.01979	0.00029	0.00015	4.9e-05	0.00010	0.79212	0.00011	0.00851
1	0.00018	0.00012	0.00014	0.00014	0.00014	0.00012	8.2e-05	0.02860	0.00019	0.02590	0.00043	0.15096	0.03201	0.75999	0.00048	9.5e-05	0.00010	0.00019	7.9e-05	8e-05
2	0.04723	0.26807	0.44889	0.00029	0.02753	0.06028	0.03238	0.06965	0.01027	0.01940	0.00939	0.00024	0.00016	0.00564	0.00010	3.3e-05	0.00015	8.2e-05	5.9e-05	0.00016
3	0.10145	0.00977	0.00883	0.01668	0.02375	0.30494	0.02270	0.25734	0.12138	0.07262	0.00731	0.02765	0.01140	0.00369	0.00640	3.5e-05	0.00014	0.00369	8.9e-05	0.00016
4	0.00014	0.00010	0.00013	0.00016	0.00017	9.4e-05	0.00010	0.00016	0.00023	0.00030	0.03814	0.89401	0.06515	0.00035	0.00014	4.5e-05	6.5e-05	0.00031	0.00011	9.4e-05
5	0.03334	0.00028	0.00032	0.00703	0.00776	0.01147	0.05261	0.47715	0.34952	0.05256	0.00034	0.00033	0.00025	0.00014	0.00012	3.6e-05	0.00634	0.00011	0.00011	0.00018
6	0.05772	0.36832	0.28928	0.00967	0.04698	0.04204	0.10237	0.03773	0.01681	0.00817	0.00020	0.00605	0.00016	0.00484	0.00498	3.3e-05	0.00436	8.4e-05	5.6e-05	0.00016
7	0.04949	0.00024	0.00036	0.54687	0.24869	0.02218	0.00654	0.09189	0.01950	0.00661	0.00022	0.00653	0.00017	0.00012	0.00011	3.6e-05	0.00014	0.00010	6.1e-05	0.00015
8	0.00015	0.00010	0.00013	0.00015	0.00016	9.7e-05	0.00010	0.00016	0.00021	0.00028	0.01180	0.72624	0.05577	0.17937	0.00022	5.8e-05	7.5e-05	0.02474	0.0001	8.9e-05
9	0.05913	0.05483	0.06250	0.06459	0.06284	0.01929	0.25332	0.25446	0.09487	0.05101	0.00420	0.00405	0.00020	0.00012	0.00486	3.6e-05	0.00014	0.00567	0.00370	0.00017
10	0.14865	0.05973	0.04456	0.10903	0.09372	0.14027	0.07075	0.15508	0.01738	0.09023	0.00471	0.02041	0.00357	0.00595	0.00011	3.5e-05	0.00708	0.02851	7.8e-05	0.00015
11	0.00031	0.00018	0.00021	0.00018	0.00024	0.00018	0.00014	0.09083	0.16483	0.29936	0.20916	0.03488	0.15290	0.02865	0.00014	0.00695	8.3e-05	0.01050	0.00012	0.00015
12	0.00470	0.00012	0.00015	0.01202	0.01344	0.00012	0.00010	0.01053	0.00620	0.01290	0.15932	0.22155	0.07617	0.42053	0.00033	7.1e-05	8.8e-05	0.05502	0.00655	9.1e-05
13	0.02882	0.06711	0.02768	0.14149	0.37583	0.12503	0.05652	0.12269	0.01011	0.02031	0.00022	0.00027	0.00017	0.00011	0.00011	3.4e-05	0.01871	0.00455	6.5e-05	0.00016
14	0.04668	0.01720	0.01918	0.12232	0.36851	0.15509	0.02223	0.06607	0.08344	0.00887	0.01909	0.00552	0.02049	0.00793	0.00698	3.7e-05	0.02626	0.00389	6.9e-05	0.00016
15	0.00015	0.00011	0.00014	0.00015	0.00017	9.9e-05	0.00011	0.00018	0.00024	0.02874	0.05386	0.59062	0.23771	0.02719	0.00015	4.6e-05	6.8e-05	0.06007	0.00011	9.7e-05
16	0.03094	0.00023	0.00515	0.47931	0.14162	0.00751	0.01893	0.09731	0.12427	0.03280	0.03160	0.00034	0.01237	0.01156	0.00012	3.8e-05	0.00555	0.00011	7.3e-05	0.00015
17	0.66248	0.00794	0.00397	0.04405	0.04636	0.03020	0.00922	0.04897	0.03160	0.01231	0.00481	0.00027	0.00936	0.07328	0.00573	4.2e-05	0.00428	0.00492	7.3e-05	0.00013
18	0.00617	0.00432	0.05698	0.15512	0.37634	0.01689	0.18481	0.05367	0.01737	0.01719	0.04703	0.00498	0.01371	0.00388	0.00426	3.7e-05	0.03688	0.00011	6.5e-05	0.00016

[dist]
# distance from previous block
# <min> <max>
0	2

[block]
# block no. 1 follows, 3035 sequences, length 41
# corresponding to MSA columns:
# 288-290,302-315,318-329,336-344,347-349
name=unknown_B
#
# <colnr> <probs for GDERKNQSTAVLIFYWHMCP>
#	G	D	E	R	K	N	Q	S	T	A	V	L	I	F	Y	W	H	M	C	P
0	0.00016	0.13184	0.00019	0.00015	0.00018	0.00014	0.00011	0.00019	0.00024	0.00030	0.06436	0.57548	0.21020	0.00830	0.00014	4.2e-05	7.2e-05	0.00769	9.9e-05	0.00010
1	0.00325	0.15959	0.00288	0.00352	0.00565	0.03289	0.00456	0.27818	0.50471	0.00303	0.00035	0.00033	0.00026	0.00014	0.00011	3.5e-05	0.00011	0.00011	0.00010	0.00018
2	0.00499	0.08718	0.83934	0.00031	0.00495	0.00028	0.01154	0.00345	0.00405	0.00884	0.00335	0.00307	0.00416	0.00011	0.00011	3.5e-05	0.00292	8.5e-05	5.1e-05	0.02119
3	0.01004	0.12259	0.14122	0.00450	0.25348	0.01516	0.03220	0.08625	0.02364	0.21940	0.01946	0.00464	0.06232	0.00013	0.00011	3.4e-05	0.00275	0.00011	8.4e-05	0.00189
4	0.00322	0.42028	0.00366	0.00025	0.00033	0.37193	0.04102	0.01872	0.00724	0.11938	0.00400	0.00410	0.00289	0.00011	9.4e-05	2.9e-05	0.00015	0.00239	6.7e-05	0.00015
5	0.00015	0.00012	0.00014	0.00014	0.00017	0.00011	0.00010	0.00020	0.02521	0.00538	0.33589	0.17243	0.42849	0.00768	0.00014	4e-05	6e-05	0.02335	0.00011	0.00010
6	0.01102	0.22485	0.04935	0.04881	0.26086	0.09662	0.07671	0.06797	0.03365	0.10772	0.00239	0.01245	0.00224	0.00012	0.00011	3.3e-05	0.00014	0.00209	0.00271	0.00016
7	0.01706	0.21020	0.31893	0.06477	0.04809	0.05642	0.01722	0.02929	0.03459	0.14948	0.00933	0.02177	0.01345	0.00012	0.00011	3.4e-05	0.00418	0.00249	7.1e-05	0.00239
8	0.03752	0.00021	0.00025	0.00021	0.00028	0.00021	0.00017	0.04191	0.31460	0.45544	0.02740	0.00049	0.01808	0.01639	0.00013	3.9e-05	9.5e-05	0.08349	0.00012	0.00297
9	0.00018	0.00013	0.00016	0.00017	0.00020	0.00338	0.00013	0.00966	0.06198	0.04295	0.07609	0.52271	0.05436	0.00557	0.00014	4.5e-05	7.7e-05	0.20717	0.01479	0.00011
10	0.00675	0.08420	0.04230	0.64082	0.14227	0.01096	0.00277	0.01813	0.00679	0.01081	0.00832	0.01740	0.00501	0.00012	0.00011	3.6e-05	0.00292	0.00010	5.6e-05	0.00014
11	0.00640	0.08076	0.79207	0.00244	0.01650	0.00364	0.02294	0.00530	0.03594	0.00936	0.00762	0.00283	0.00200	0.00011	0.00011	3.6e-05	0.00229	0.00944	5.4e-05	0.00017
12	0.00015	0.00011	0.00014	0.00014	0.00016	0.00010	0.00010	0.00019	0.00524	0.00038	0.46696	0.13289	0.38681	0.00027	0.00014	3.8e-05	5.8e-05	0.00592	0.00012	0.00010
13	0.00023	0.00022	0.00674	0.76400	0.21212	0.00885	0.00561	0.00031	0.00024	0.00031	0.00021	0.00030	0.00016	0.00011	0.00011	3.7e-05	0.00015	0.00010	5.2e-05	0.00014
14	0.00020	0.00018	0.02855	0.17394	0.16413	0.00017	0.01409	0.01919	0.01930	0.00265	0.07126	0.27329	0.07583	0.00530	0.00334	4.2e-05	0.00010	0.14821	8.7e-05	0.00012
15	0.00049	0.00020	0.00027	0.00021	0.00029	0.00550	0.00017	0.04063	0.06198	0.87144	0.01312	0.00039	0.00447	0.00014	0.00012	3.5e-05	9.8e-05	0.00012	0.00014	0.00019
16	0.00014	0.00010	0.00013	0.00016	0.00017	9.4e-05	0.00011	0.00016	0.00022	0.00029	0.00062	0.95362	0.00075	0.02062	0.00015	4.8e-05	6.8e-05	0.02236	0.00011	9.3e-05
17	0.00014	0.00010	0.00013	0.00016	0.00017	9.5e-05	0.00011	0.00016	0.00581	0.00030	0.01335	0.90625	0.05877	0.00570	0.00015	4.6e-05	6.6e-05	0.00830	0.00011	9.4e-05
18	0.00541	0.14769	0.68009	0.01292	0.11948	0.00395	0.00375	0.02097	0.00025	0.00420	0.00020	0.00024	0.00015	0.00011	0.00010	3.4e-05	0.00016	8.4e-05	5.1e-05	0.00017
19	0.00050	0.00022	0.00027	0.00021	0.00030	0.06384	0.00017	0.05314	0.00034	0.87279	0.00673	0.00037	0.00027	0.00014	0.00011	3.5e-05	0.00011	0.00011	0.00013	0.00019
20	0.00031	0.99605	0.00060	0.00020	0.00029	0.00045	0.00020	0.00034	0.00023	0.00027	0.00016	0.00018	0.00015	9.8e-05	7.3e-05	2.4e-05	0.00012	6.1e-05	4.9e-05	0.00015
21	0.00017	0.00012	0.00015	0.00014	0.00017	0.00011	0.00011	0.00022	0.00032	0.01667	0.97901	0.00085	0.00106	0.00023	0.00013	3.6e-05	5.5e-05	0.00021	0.00013	0.00011
22	0.00334	0.02224	0.00434	0.00025	0.00032	0.36034	0.00020	0.09610	0.00486	0.36511	0.00029	0.00029	0.00020	0.00015	0.01082	3.6e-05	0.12216	9.5e-05	9.3e-05	0.00877
23	0.00016	0.00013	0.00017	0.00017	0.00018	0.00014	0.00012	0.00019	0.00020	0.00028	0.02817	0.45162	0.01885	0.16991	0.20538	8.6e-05	0.12385	0.00022	8.4e-05	9.5e-05
24	0.00731	0.06713	0.05364	0.03870	0.37590	0.01518	0.02685	0.03127	0.01808	0.01026	0.00670	0.00306	0.00018	0.00010	0.00010	2.8e-05	0.00898	0.00314	6.4e-05	0.33332
25	0.00018	0.00012	0.00016	0.00015	0.00018	0.00011	0.00011	0.00024	0.02141	0.03966	0.89303	0.00889	0.03488	0.00023	0.00013	3.6e-05	5.7e-05	0.00020	0.00013	0.00011
26	0.00024	0.00014	0.00018	0.00016	0.00020	0.00013	0.00012	0.00031	0.06698	0.19934	0.68947	0.00794	0.03390	0.00021	0.00013	3.6e-05	6.5e-05	0.00019	0.00013	0.00013
27	0.00346	0.01328	0.00043	0.31313	0.61540	0.00773	0.02860	0.00405	0.00399	0.00035	0.00255	0.00381	0.00018	0.00011	0.00011	3.5e-05	0.00014	0.00010	0.00238	0.00016
28	0.01854	0.33193	0.24435	0.02868	0.06091	0.03438	0.05731	0.08412	0.04212	0.06034	0.00417	0.00475	0.00701	0.00412	0.00410	3.3e-05	0.00987	8.9e-05	6.6e-05	0.00312
29	0.00016	0.00011	0.00013	0.00013	0.00013	0.00011	7.7e-05	0.00017	0.00458	0.00441	0.02320	0.16362	0.02370	0.77844	0.00049	9.6e-05	0.00010	0.00019	7.8e-05	7.6e-05
30	0.00017	0.00014	0.00015	0.00015	0.00019	0.00753	0.00011	0.00466	0.16157	0.00444	0.24373	0.14146	0.41062	0.00026	0.00013	3.9e-05	6.6e-05	0.01895	0.00551	0.00011
31	0.03112	0.12419	0.11411	0.01040	0.24717	0.11152	0.03012	0.05634	0.03477	0.22023	0.00392	0.00502	0.00020	0.00285	0.00305	3.4e-05	0.00463	9.7e-05	8e-05	0.00017
32	0.01145	0.04524	0.05723	0.26461	0.24629	0.06185	0.07392	0.04620	0.06712	0.05777	0.00336	0.02862	0.00585	0.00202	0.00012	3.6e-05	0.02311	0.00313	0.00191	0.00015
33	0.00017	0.00012	0.00015	0.00014	0.00017	0.00011	0.00011	0.00023	0.03079	0.02866	0.70395	0.01460	0.21145	0.00024	0.00013	3.7e-05	5.7e-05	0.00021	0.00856	0.00011
34	0.00569	0.00029	0.12131	0.23856	0.45156	0.00388	0.05645	0.05035	0.03675	0.00682	0.00340	0.00386	0.01336	0.00011	0.00012	0.00193	0.00284	0.00249	6.1e-05	0.00016
35	0.00312	0.05466	0.62858	0.00355	0.04565	0.02000	0.07007	0.05921	0.02032	0.02785	0.01321	0.01499	0.02056	0.00209	0.00199	3.6e-05	0.00238	9.8e-05	6.1e-05	0.01157
36	0.00812	0.03119	0.07410	0.37365	0.37001	0.01197	0.08952	0.01304	0.00213	0.00945	0.00022	0.00460	0.00488	0.00011	0.00011	3.6e-05	0.00266	0.00217	0.00188	0.00015
37	0.00326	0.00020	0.00025	0.00020	0.00028	0.00018	0.00016	0.04625	0.09704	0.74070	0.03669	0.01813	0.01910	0.00015	0.00012	3.6e-05	9.4e-05	0.00435	0.03263	0.00018
38	0.00289	0.00015	0.00414	0.02204	0.17647	0.00409	0.00565	0.01369	0.02776	0.00876	0.25144	0.31242	0.12316	0.00025	0.00596	4.1e-05	0.00447	0.03640	0.00010	0.00012
39	0.79770	0.01540	0.02151	0.00018	0.01678	0.00421	0.03362	0.02031	0.01886	0.02852	0.00020	0.03868	0.00340	0.00012	8.1e-05	3.6e-05	9.5e-05	8e-05	7.4e-05	0.00013
40	0.01151	0.00697	0.17647	0.02694	0.06238	0.05522	0.22507	0.06896	0.06171	0.17492	0.03714	0.01067	0.00695	0.00013	0.00013	3.7e-05	0.06124	0.01167	8.2e-05	0.00179

[dist]
# distance from previous block
# <min> <max>
2	17

[block]
# block no. 2 follows, 3035 sequences, length 17
# corresponding to MSA columns:
# 371-379,386,389-395
name=unknown_C
#
# <colnr> <probs for GDERKNQSTAVLIFYWHMCP>
#	G	D	E	R	K	N	Q	S	T	A	V	L	I	F	Y	W	H	M	C	P
0	0.14510	0.00021	0.00023	0.00017	0.00027	0.00017	0.00014	0.01533	0.00024	0.04873	0.00021	0.00024	0.00017	9.1e-05	8.4e-05	2.1e-05	8.6e-05	7e-05	7.2e-05	0.78838
1	0.52298	0.02601	0.01208	0.01008	0.07857	0.00612	0.05810	0.03758	0.02083	0.19637	0.00470	0.00027	0.00018	0.00732	9.8e-05	0.00423	0.00467	0.00957	8.5e-05	0.00015
2	0.00027	0.05473	0.06313	0.00045	0.04269	0.02026	0.77936	0.00036	0.00027	0.00999	0.00023	0.00031	0.00018	0.00010	0.00013	3.8e-05	0.01577	0.01151	5.8e-05	0.00015
3	0.00029	0.00027	0.06600	0.00441	0.00043	0.03454	0.44192	0.03232	0.04141	0.13608	0.03162	0.07382	0.01003	0.00552	0.00635	4.1e-05	0.02733	0.08182	8.3e-05	0.00570
4	0.00016	0.00011	0.00014	0.00014	0.00015	0.00011	9.5e-05	0.00019	0.00024	0.00032	0.33360	0.09825	0.10775	0.39213	0.01030	6.9e-05	8.3e-05	0.05598	9.8e-05	9e-05
5	0.00015	0.00012	0.00014	0.00014	0.00017	0.00011	0.00010	0.00020	0.02376	0.00969	0.38996	0.16288	0.37369	0.01154	0.00959	4.1e-05	6.3e-05	0.01744	0.00011	0.00010
6	0.06119	0.08615	0.02852	0.02982	0.66814	0.03234	0.01437	0.02609	0.00907	0.03137	0.00022	0.01184	0.00018	0.00011	0.00011	3.4e-05	0.00013	9.8e-05	6.2e-05	0.00017
7	0.00020	0.01630	0.00704	0.00014	0.00695	0.00012	0.00011	0.02161	0.01528	0.12241	0.12595	0.04030	0.61132	0.01042	0.00762	3.9e-05	6.9e-05	0.00021	0.01379	0.00011
8	0.00016	0.00012	0.00015	0.00014	0.00017	0.00011	0.00011	0.00021	0.01149	0.00042	0.72840	0.11993	0.09397	0.00936	0.00014	3.8e-05	5.8e-05	0.01671	0.01822	0.00011
9	0.00029	0.03173	0.04476	0.07580	0.10170	0.22290	0.13716	0.02006	0.00025	0.00031	0.00021	0.01329	0.00018	0.00514	0.10061	0.00674	0.23393	0.00474	5.7e-05	0.00014
10	0.00680	0.40576	0.26709	0.02559	0.10589	0.03007	0.03462	0.03327	0.03069	0.02641	0.01125	0.00426	0.00701	0.00011	0.0001	0.00420	0.00658	8.5e-05	5.8e-05	0.00016
11	0.01054	0.00051	0.70729	0.00791	0.03076	0.05213	0.01900	0.07045	0.02909	0.04817	0.00621	0.00026	0.00017	0.00012	0.00011	3.6e-05	0.00670	9e-05	0.01028	0.00017
12	0.00014	0.00010	0.00014	0.00016	0.00017	9.7e-05	0.00011	0.00017	0.01190	0.00030	0.01139	0.88690	0.03204	0.01276	0.00015	4.7e-05	6.8e-05	0.04316	0.00011	9.4e-05
13	0.00403	0.00023	0.11321	0.01157	0.00850	0.01268	0.00679	0.01419	0.33068	0.04586	0.21754	0.07020	0.13548	0.00020	0.00541	3.9e-05	0.00507	0.00581	0.01238	0.00014
14	0.03503	0.06422	0.25523	0.04813	0.10174	0.10299	0.03083	0.07945	0.04025	0.19192	0.00804	0.00780	0.00678	0.00731	0.00012	3.5e-05	0.01251	0.00381	0.00360	0.00016
15	0.00019	0.00013	0.00016	0.00016	0.00019	0.00012	0.00792	0.01257	0.05808	0.07719	0.10871	0.36591	0.26418	0.01444	0.00629	4.4e-05	7.4e-05	0.08342	0.00011	0.00011
16	0.00016	0.00011	0.00015	0.00018	0.00019	0.00011	0.00014	0.00019	0.00024	0.00031	0.00064	0.53206	0.04917	0.00034	0.00015	4.9e-05	8.2e-05	0.41552	0.00011	9.8e-05

[dist]
# distance from previous block
# <min> <max>
8	34

[block]
# block no. 3 follows, 3035 sequences, length 26
# corresponding to MSA columns:
# 437,438,441-464
name=unknown_D
#
# <colnr> <probs for GDERKNQSTAVLIFYWHMCP>
#	G	D	E	R	K	N	Q	S	T	A	V	L	I	F	Y	W	H	M	C	P
0	0.00023	0.00020	0.00025	0.00637	0.00702	0.00016	0.03237	0.00485	0.02359	0.00421	0.00627	0.02102	0.02540	0.01200	9.7e-05	2.1e-05	8.8e-05	0.00772	7.1e-05	0.84807
1	0.02756	0.00023	0.00301	0.00304	0.00028	0.01188	0.00298	0.09815	0.44793	0.24296	0.10773	0.01082	0.01497	0.00490	0.00331	3.8e-05	0.01470	0.00013	0.00521	0.00017
2	0.00735	0.00014	0.00017	0.00880	0.01302	0.01670	0.00012	0.01079	0.04062	0.02053	0.61908	0.00726	0.19584	0.00023	0.00368	3.6e-05	6.5e-05	0.00806	0.00586	0.04166
3	0.00015	0.00012	0.00013	0.00013	0.00016	0.00010	9.7e-05	0.00019	0.01373	0.02483	0.24486	0.04181	0.61346	0.03407	0.01677	4.3e-05	6.5e-05	0.00905	0.00011	0.00010
4	0.00016	0.00012	0.00016	0.00018	0.00020	0.00011	0.00015	0.00020	0.00024	0.00032	0.01023	0.45583	0.01197	0.00702	0.00699	5.1e-05	8.8e-05	0.50577	0.00011	9.9e-05
5	0.00017	0.00012	0.00016	0.00019	0.00021	0.00012	0.00015	0.00021	0.01078	0.00033	0.04468	0.28824	0.06096	0.02443	0.00016	5e-05	8.9e-05	0.56875	0.00011	0.00010
6	0.00031	0.00016	0.00020	0.00017	0.00022	0.00015	0.00014	0.04931	0.03450	0.35589	0.42840	0.02306	0.02587	0.01367	0.00465	3.7e-05	7.7e-05	0.00991	0.05313	0.00014
7	0.99679	0.00022	0.00017	0.00015	0.00022	0.00026	0.00012	0.00034	0.00019	0.00051	0.00016	0.00019	0.00012	0.00011	7.1e-05	3.5e-05	8.8e-05	6.2e-05	7.1e-05	0.00012
8	0.00014	0.00010	0.00014	0.00016	0.00017	9.6e-05	0.01090	0.00017	0.00022	0.01022	0.01396	0.96183	0.00075	0.00035	0.00015	4.6e-05	6.8e-05	0.00032	0.00011	9.5e-05
9	0.00027	0.00031	0.00066	0.00047	0.00058	0.02959	0.94925	0.00037	0.00027	0.00036	0.00023	0.00030	0.00017	9.9e-05	0.00014	3.8e-05	0.01653	0.00013	5.8e-05	0.00015
10	0.99679	0.00022	0.00017	0.00015	0.00022	0.00026	0.00012	0.00034	0.00019	0.00051	0.00016	0.00019	0.00012	0.00011	7.1e-05	3.5e-05	8.8e-05	6.2e-05	7.1e-05	0.00012
11	0.02149	0.00025	0.00030	0.00023	0.00032	0.00840	0.01007	0.42262	0.06313	0.43922	0.02631	0.00035	0.00026	0.00014	0.00011	3.5e-05	0.00011	0.00011	0.00636	0.00019
12	0.99679	0.00022	0.00017	0.00015	0.00022	0.00026	0.00012	0.00034	0.00019	0.00051	0.00016	0.00019	0.00012	0.00011	7.1e-05	3.5e-05	8.8e-05	6.2e-05	7.1e-05	0.00012
13	0.00028	0.00027	0.00046	0.00070	0.99527	0.00027	0.00035	0.00035	0.00026	0.00037	0.00021	0.00028	0.00018	0.00010	0.00011	3.4e-05	0.00014	0.00010	5.7e-05	0.00018
14	0.00029	0.00025	0.00026	0.00023	0.00030	0.00029	0.00018	0.02507	0.97060	0.00048	0.00046	0.00042	0.00034	0.00015	0.00012	3.9e-05	9.1e-05	0.00013	0.00012	0.00018
15	0.00029	0.00025	0.00026	0.00023	0.00030	0.00029	0.00018	0.02463	0.97104	0.00048	0.00046	0.00042	0.00034	0.00015	0.00012	3.9e-05	9.1e-05	0.00013	0.00012	0.00018
16	0.00030	0.00023	0.00026	0.00022	0.00028	0.01009	0.00718	0.23008	0.40537	0.06714	0.00640	0.09251	0.00035	0.12775	0.00019	4.8e-05	0.04076	0.01058	0.00011	0.00016
17	0.01290	0.00021	0.00025	0.00020	0.00027	0.00022	0.00016	0.19333	0.22164	0.32791	0.14542	0.00810	0.04427	0.00016	0.00012	3.6e-05	9.1e-05	0.00014	0.04441	0.00017
18	0.54889	0.00021	0.00020	0.00017	0.00024	0.00022	0.00014	0.01352	0.00025	0.35959	0.02868	0.00031	0.03349	0.00013	9.4e-05	3.6e-05	0.00787	9.2e-05	0.00572	0.00015
19	0.00028	0.00027	0.00046	0.00070	0.99527	0.00027	0.00035	0.00035	0.00026	0.00037	0.00021	0.00028	0.00018	0.00010	0.00011	3.4e-05	0.00014	0.00010	5.7e-05	0.00018
20	0.00014	0.00010	0.00013	0.00016	0.00017	9.4e-05	0.00011	0.00016	0.00022	0.00029	0.00067	0.88161	0.07596	0.01185	0.00015	4.7e-05	6.7e-05	0.02788	0.00011	9.3e-05
21	0.15811	0.00020	0.00025	0.00020	0.00028	0.00019	0.00016	0.04905	0.01041	0.76897	0.01076	0.00036	0.00026	0.00014	0.00011	3.5e-05	9.7e-05	0.00011	0.00013	0.00018
22	0.02426	0.00997	0.00033	0.14405	0.28156	0.21332	0.00645	0.02592	0.00693	0.05163	0.00564	0.15234	0.00027	0.00332	0.03915	0.00270	0.02650	0.00543	7.1e-05	0.00014
23	0.00019	0.00254	0.00022	0.12651	0.07065	0.00585	0.01297	0.00528	0.00422	0.00812	0.00850	0.13868	0.00907	0.13489	0.25784	0.11207	0.05818	0.04103	0.00307	0.00010
24	0.00015	0.00010	0.00014	0.00016	0.00017	9.8e-05	0.00536	0.00017	0.00022	0.00566	0.01635	0.79200	0.04334	0.06871	0.01966	5.3e-05	7.6e-05	0.03699	0.01051	9.3e-05
25	0.01453	0.00278	0.00779	0.20170	0.52539	0.00658	0.03373	0.02588	0.04977	0.02963	0.01345	0.03572	0.03207	0.00013	0.00276	3.7e-05	0.00567	0.01216	6.7e-05	0.00016

[dist]
# distance from previous block
# <min> <max>
3	15

[block]
# block no. 4 follows, 3035 sequences, length 21
# corresponding to MSA columns:
# 487-489,491,495-511
name=unknown_E
#
# <colnr> <probs for GDERKNQSTAVLIFYWHMCP>
#	G	D	E	R	K	N	Q	S	T	A	V	L	I	F	Y	W	H	M	C	P
0	0.00029	0.00447	0.00458	0.18974	0.54101	0.04310	0.01744	0.07136	0.08887	0.01511	0.00574	0.00030	0.00020	0.00429	0.00391	3.6e-05	0.00923	0.00010	6.7e-05	0.00017
1	0.00020	0.00016	0.00019	0.00016	0.00022	0.00013	0.00012	0.00633	0.01019	0.00932	0.48429	0.01137	0.03554	0.00017	0.00011	2.8e-05	6.9e-05	0.00629	0.00556	0.42956
2	0.01240	0.00011	0.00015	0.00504	0.00018	0.00011	0.00012	0.00470	0.00496	0.02793	0.01533	0.72807	0.01517	0.01510	0.01646	5e-05	7.8e-05	0.14954	0.00440	9.9e-05
3	0.00016	0.00011	0.00015	0.00017	0.00018	0.00011	0.00012	0.00020	0.03994	0.01021	0.19078	0.57523	0.02573	0.01232	0.00015	4.5e-05	7.1e-05	0.14411	0.00011	0.00010
4	0.00024	0.00014	0.00018	0.00016	0.00020	0.00013	0.00012	0.01104	0.02922	0.20319	0.64052	0.00075	0.08070	0.00021	0.00013	3.6e-05	6.5e-05	0.00018	0.03269	0.00013
5	0.04103	0.00025	0.00029	0.00022	0.00031	0.00024	0.00018	0.39285	0.00862	0.48059	0.00838	0.00033	0.00024	0.00014	0.00011	3.4e-05	0.00011	0.00011	0.00012	0.06584
6	0.04139	0.01248	0.00019	0.00016	0.00022	0.00015	0.00013	0.01766	0.05029	0.36406	0.05362	0.13278	0.00038	0.00017	0.00011	3.4e-05	7.6e-05	0.00014	0.32581	0.00014
7	0.00031	0.99605	0.00060	0.00020	0.00029	0.00045	0.00020	0.00034	0.00023	0.00027	0.00016	0.00018	0.00015	9.8e-05	7.3e-05	2.4e-05	0.00012	6.1e-05	4.9e-05	0.00015
8	0.00017	0.00013	0.00015	0.00698	0.00018	0.00012	0.00011	0.00023	0.09569	0.00766	0.44130	0.25619	0.17020	0.00592	0.00014	4e-05	6.3e-05	0.00601	0.00012	0.00861
9	0.00020	0.00019	0.00484	0.06736	0.04330	0.02029	0.19811	0.00413	0.01221	0.00481	0.01571	0.00041	0.00712	0.01787	0.57623	0.00012	0.02679	0.00012	6.2e-05	0.00012
10	0.00022	0.00020	0.00034	0.99571	0.00079	0.00025	0.00032	0.00029	0.00023	0.00029	0.00020	0.00030	0.00015	0.00011	0.00011	3.8e-05	0.00015	0.00010	5.1e-05	0.00013
11	0.00023	0.00019	0.00023	0.00017	0.00026	0.00015	0.00013	0.00028	0.00023	0.01812	0.00024	0.06170	0.00022	0.04088	0.00011	2.3e-05	8.5e-05	8.8e-05	7.1e-05	0.87660
12	0.03840	0.00023	0.00027	0.00021	0.00030	0.09346	0.00017	0.02326	0.00033	0.84152	0.00041	0.00036	0.00026	0.00014	0.00011	3.5e-05	0.00011	0.00011	0.00013	0.00019
13	0.00051	0.00019	0.00027	0.00020	0.00029	0.00017	0.00017	0.00056	0.00033	0.99535	0.00045	0.00039	0.00028	0.00014	0.00011	3.5e-05	9.7e-05	0.00011	0.00014	0.00019
14	0.01267	0.00014	0.00019	0.01912	0.01666	0.00013	0.07535	0.00021	0.00028	0.01738	0.30752	0.00092	0.48062	0.00025	0.00013	3.9e-05	7.4e-05	0.06811	0.00011	0.00011
15	0.00731	0.21906	0.31780	0.01300	0.20781	0.05709	0.05132	0.01408	0.06306	0.01440	0.00023	0.02196	0.00019	0.00012	0.00011	3.3e-05	0.00545	0.00675	6e-05	0.00016
16	0.00027	0.00031	0.00067	0.00048	0.00060	0.00029	0.99486	0.00037	0.00027	0.00037	0.00023	0.00031	0.00017	9.6e-05	0.00013	3.9e-05	0.00019	0.00013	5.8e-05	0.00015
17	0.00014	0.0001	0.00013	0.00016	0.00017	9.3e-05	0.00011	0.00016	0.00022	0.00029	0.00064	0.97142	0.02523	0.00036	0.00015	4.6e-05	6.6e-05	0.00032	0.00011	9.3e-05
18	0.00377	0.00033	0.22974	0.11829	0.23293	0.00577	0.23224	0.02604	0.01267	0.06189	0.01386	0.00347	0.01933	0.00327	0.00322	3.7e-05	0.01704	0.00360	0.01235	0.00016
19	0.01922	0.00019	0.00349	0.02139	0.02552	0.01448	0.07730	0.02237	0.30254	0.02010	0.32735	0.01517	0.12601	0.00340	0.00991	3.9e-05	0.00429	0.00698	0.00011	0.00014
20	0.00647	0.00011	0.00014	0.00016	0.00017	0.01212	0.00011	0.00018	0.00742	0.00034	0.27018	0.64628	0.03744	0.00031	0.00014	4.3e-05	0.00820	0.00997	0.00011	9.9e-05

[dist]
# distance from previous block
# <min> <max>
13	37

[block]
# block no. 5 follows, 3035 sequences, length 17
# corresponding to MSA columns:
# 555,556,559-565,568-575
name=unknown_F
#
# <colnr> <probs for GDERKNQSTAVLIFYWHMCP>
#	G	D	E	R	K	N	Q	S	T	A	V	L	I	F	Y	W	H	M	C	P
0	0.01045	0.36025	0.01016	0.01000	0.19753	0.13643	0.03260	0.12798	0.02891	0.02020	0.00022	0.01377	0.00485	0.00012	0.00010	3.1e-05	0.01480	0.00858	6.6e-05	0.02294
1	0.00027	0.00019	0.00023	0.00017	0.00026	0.00015	0.00014	0.02415	0.00918	0.13555	0.09254	0.01561	0.00901	0.00011	9.6e-05	2.2e-05	8.4e-05	9.4e-05	8.6e-05	0.71202
2	0.00974	0.00534	0.03558	0.01696	0.02034	0.00913	0.02125	0.00791	0.01784	0.03535	0.57718	0.09987	0.06448	0.01276	0.01070	3.9e-05	0.00418	0.01019	0.00465	0.03653
3	0.01523	0.25026	0.22018	0.03305	0.15652	0.02316	0.08041	0.03004	0.02498	0.10402	0.00727	0.02216	0.00764	0.00421	0.00746	0.00397	0.00911	9.8e-05	6.7e-05	0.00016
4	0.00016	0.00012	0.00013	0.00013	0.00017	0.00861	9.7e-05	0.00019	0.01632	0.02713	0.16204	0.03921	0.72766	0.00028	0.00013	3.9e-05	6.1e-05	0.01731	0.00011	0.00010
5	0.02352	0.00018	0.00023	0.00019	0.00025	0.00016	0.00015	0.01592	0.02174	0.65846	0.18539	0.01291	0.01198	0.01185	0.00777	3.7e-05	8.8e-05	0.00014	0.04888	0.00017
6	0.01575	0.01086	0.08146	0.24186	0.26179	0.06682	0.08799	0.03315	0.05747	0.05146	0.01638	0.03061	0.02261	0.00570	0.00012	3.7e-05	0.00695	0.00876	6.9e-05	0.00015
7	0.04049	0.08136	0.10466	0.19593	0.05733	0.11279	0.09378	0.01902	0.00980	0.20743	0.00401	0.02630	0.00400	0.00013	0.00556	3.6e-05	0.03271	0.00442	7.6e-05	0.00015
8	0.20465	0.00021	0.00025	0.00020	0.00028	0.00020	0.00016	0.07870	0.01046	0.67924	0.01249	0.00035	0.01204	0.00014	0.00011	3.5e-05	9.7e-05	0.00011	0.00012	0.00018
9	0.00016	0.00013	0.00976	0.03049	0.03893	0.00012	0.00722	0.00020	0.01211	0.00878	0.15419	0.37093	0.25302	0.01139	0.01061	0.01174	0.01667	0.06333	0.00010	0.00010
10	0.00807	0.14780	0.24962	0.04335	0.13998	0.03853	0.10217	0.03747	0.02812	0.15782	0.00782	0.00768	0.01609	0.00012	0.00011	3.4e-05	0.00998	0.00499	7.2e-05	0.00016
11	0.00026	0.01817	0.16894	0.04770	0.07332	0.00646	0.09996	0.02471	0.03261	0.10373	0.01381	0.01712	0.01400	0.05896	0.14284	0.04053	0.12842	0.00826	7e-05	0.00014
12	0.03524	0.00020	0.00026	0.00020	0.00029	0.00018	0.00017	0.02606	0.01075	0.90151	0.01215	0.00038	0.00029	0.00014	0.00011	3.5e-05	9.7e-05	0.00011	0.01165	0.00019
13	0.01237	0.01196	0.02747	0.23747	0.47858	0.01265	0.06533	0.01714	0.02096	0.04800	0.01584	0.00990	0.01743	0.00012	0.00433	3.6e-05	0.00495	0.00676	0.00350	0.00520
14	0.00745	0.06289	0.15695	0.11685	0.16392	0.04751	0.05524	0.06178	0.02970	0.08574	0.00942	0.14241	0.02690	0.00494	0.00409	3.8e-05	0.01338	0.01056	7.6e-05	0.00015
15	0.11289	0.02017	0.09562	0.02384	0.17020	0.18042	0.10733	0.04130	0.01886	0.04605	0.00498	0.03040	0.00948	0.00669	0.01413	3.9e-05	0.10841	0.00898	6.7e-05	0.00015
16	0.31734	0.00660	0.00526	0.02367	0.04879	0.04973	0.09112	0.00995	0.00427	0.05253	0.01456	0.09324	0.00554	0.11149	0.04570	5.3e-05	0.08975	0.02175	7.4e-05	0.00859

[dist]
# distance from previous block
# <min> <max>
0	1

[block]
# block no. 6 follows, 3035 sequences, length 31
# corresponding to MSA columns:
# 577-580,583-587,589-594,603-618
name=unknown_G
#
# <colnr> <probs for GDERKNQSTAVLIFYWHMCP>
#	G	D	E	R	K	N	Q	S	T	A	V	L	I	F	Y	W	H	M	C	P
0	0.00672	0.00729	0.00311	0.03426	0.04820	0.11810	0.01039	0.02069	0.00258	0.03671	0.02210	0.02721	0.04013	0.11234	0.33009	9.4e-05	0.12804	0.00708	0.04474	0.00012
1	0.00533	0.85427	0.01560	0.00363	0.00991	0.06514	0.00456	0.00744	0.02186	0.00360	0.00017	0.00019	0.00015	0.00010	8e-05	2.6e-05	0.00766	6.5e-05	5.2e-05	0.00015
2	0.00018	0.00013	0.00016	0.00016	0.00019	0.00318	0.00012	0.00025	0.07053	0.02968	0.59728	0.05522	0.08819	0.01558	0.11202	5.5e-05	0.00432	0.01453	0.00405	0.00418
3	0.00016	0.00011	0.00015	0.00015	0.00017	0.00011	0.00659	0.00020	0.00028	0.00739	0.58480	0.29080	0.06237	0.00475	0.02195	4.3e-05	6.6e-05	0.01968	0.00012	0.00010
4	0.00014	0.00011	0.00013	0.00013	0.00016	9.8e-05	9.7e-05	0.00017	0.00025	0.00031	0.04034	0.26435	0.60329	0.03457	0.00015	4.4e-05	6.4e-05	0.05540	0.00011	9.5e-05
5	0.00015	0.00011	0.00014	0.00014	0.00016	0.00010	0.00010	0.00018	0.00027	0.00035	0.36526	0.22642	0.32985	0.04419	0.02629	4.6e-05	6.7e-05	0.00596	0.00011	9.9e-05
6	0.00031	0.99605	0.00060	0.00020	0.00029	0.00045	0.00020	0.00034	0.00023	0.00027	0.00016	0.00018	0.00015	9.8e-05	7.3e-05	2.4e-05	0.00012	6.1e-05	4.9e-05	0.00015
7	0.00029	0.00025	0.00026	0.00023	0.00030	0.00028	0.00018	0.02583	0.95767	0.01265	0.00046	0.00042	0.00034	0.00015	0.00012	3.9e-05	9.1e-05	0.00013	0.00012	0.00018
8	0.00885	0.00020	0.00027	0.00020	0.00029	0.00017	0.00017	0.01294	0.00897	0.96600	0.00045	0.00039	0.00028	0.00014	0.00011	3.5e-05	9.7e-05	0.00011	0.00014	0.00019
9	0.99679	0.00022	0.00017	0.00015	0.00022	0.00026	0.00012	0.00034	0.00019	0.00051	0.00016	0.00019	0.00012	0.00011	7.1e-05	3.5e-05	8.8e-05	6.2e-05	7.1e-05	0.00012
10	0.00021	0.00020	0.00034	0.97074	0.00077	0.00025	0.00031	0.00029	0.00023	0.00029	0.00021	0.00031	0.00016	0.01406	0.00012	3.9e-05	0.00015	0.00010	0.01110	0.00013
11	0.00425	0.00012	0.00016	0.00017	0.00019	0.01964	0.01856	0.00020	0.06369	0.00031	0.00551	0.83598	0.01020	0.00033	0.00015	4.5e-05	0.01134	0.02895	0.00010	0.00010
12	0.11957	0.00026	0.02467	0.00029	0.00034	0.00889	0.15267	0.02226	0.03211	0.15258	0.00776	0.00028	0.00018	0.00016	0.00024	4.3e-05	0.47739	0.00010	7.2e-05	0.00014
13	0.00015	0.00012	0.00013	0.00013	0.00016	0.00010	9.7e-05	0.00019	0.01857	0.00689	0.30619	0.03910	0.62034	0.00027	0.00013	3.8e-05	5.8e-05	0.00710	0.00011	0.00010
14	0.00031	0.95359	0.00059	0.00020	0.00030	0.04290	0.00020	0.00035	0.00024	0.00027	0.00016	0.00018	0.00015	9.9e-05	7.5e-05	2.5e-05	0.00013	6.2e-05	4.9e-05	0.00015
15	0.01033	0.10579	0.62707	0.00420	0.04445	0.02314	0.06284	0.01508	0.01324	0.06267	0.01168	0.00523	0.00280	0.00011	0.00011	3.5e-05	0.00749	0.00350	5.9e-05	0.00016
16	0.01278	0.08806	0.33395	0.01118	0.03899	0.02106	0.05588	0.01047	0.05976	0.20118	0.05901	0.01562	0.00319	0.01078	0.00635	3.6e-05	0.00013	0.00220	0.00346	0.06593
17	0.00016	0.00011	0.00015	0.00018	0.00019	0.00011	0.00014	0.00019	0.00024	0.00031	0.00062	0.60429	0.00072	0.00034	0.00015	4.9e-05	8.2e-05	0.39177	0.00011	9.8e-05
18	0.00018	0.00013	0.00018	0.00021	0.00023	0.00013	0.00018	0.00023	0.00026	0.00034	0.00911	0.01143	0.02453	0.00031	0.00016	5.2e-05	0.00010	0.95201	0.00011	0.00010
19	0.05597	0.19675	0.11434	0.03757	0.04916	0.11468	0.15686	0.03723	0.03554	0.13465	0.02524	0.02183	0.00683	0.00012	0.00011	3.4e-05	0.00750	0.00537	7.4e-05	0.00015
20	0.00023	0.00055	0.86539	0.00035	0.00051	0.00027	0.13039	0.00036	0.00024	0.00036	0.00021	0.00025	0.00015	0.00011	0.00011	3.6e-05	0.00017	9.1e-05	4.9e-05	0.00017
21	0.00020	0.00012	0.00015	0.00015	0.00019	0.00011	0.00011	0.00023	0.00599	0.14962	0.05309	0.42262	0.32142	0.00029	0.00014	4.2e-05	6.9e-05	0.04524	0.00011	0.00011
22	0.00982	0.00534	0.08703	0.10103	0.28436	0.00517	0.07187	0.05599	0.01167	0.22110	0.06906	0.01314	0.04799	0.00242	0.00298	3.6e-05	0.00602	0.00254	0.00228	0.00016
23	0.01795	0.18571	0.17438	0.09432	0.02525	0.08469	0.10927	0.05055	0.01743	0.21280	0.00565	0.00809	0.00245	0.00012	0.00011	3.4e-05	0.00635	0.00247	0.00220	0.00016
24	0.00015	0.00011	0.00013	0.00014	0.00016	0.00010	9.9e-05	0.00018	0.00689	0.00035	0.26672	0.21213	0.49082	0.00029	0.00014	4e-05	6e-05	0.02128	0.00011	9.9e-05
25	0.00268	0.00532	0.01983	0.17718	0.46715	0.01064	0.02295	0.01212	0.00587	0.02955	0.01356	0.00029	0.00019	0.00480	0.00728	4e-05	0.21732	0.00010	0.00299	0.00016
26	0.02103	0.15916	0.17942	0.03702	0.13320	0.04964	0.04653	0.05987	0.03818	0.24388	0.00572	0.00415	0.00611	0.00013	0.00528	3.5e-05	0.00774	0.00268	8.2e-05	0.00017
27	0.01041	0.00645	0.02682	0.01651	0.02365	0.02190	0.01584	0.05684	0.03254	0.45172	0.12001	0.07814	0.09839	0.01896	0.00213	3.8e-05	0.00734	0.00380	0.00838	0.00016
28	0.00314	0.00015	0.00018	0.00017	0.00406	0.00330	0.00013	0.06874	0.06741	0.17046	0.34562	0.12978	0.18963	0.00393	0.00013	0.00299	7.2e-05	0.00300	0.00697	0.00013
29	0.00815	0.04069	0.04179	0.06206	0.21207	0.30693	0.10473	0.08476	0.02872	0.02636	0.00697	0.01214	0.00325	0.00254	0.00012	3.4e-05	0.04732	0.00267	0.00252	0.00618
30	0.00427	0.00020	0.00024	0.00017	0.00414	0.00394	0.00014	0.01002	0.00024	0.02024	0.01447	0.00495	0.00400	9.1e-05	8.7e-05	1.8e-05	8.5e-05	7.3e-05	7.1e-05	0.93254

[dist]
# distance from previous block
# <min> <max>
0	2

[block]
# block no. 7 follows, 3035 sequences, length 65
# corresponding to MSA columns:
# 621-631,643-652,659-666,678-713
name=unknown_H
#
# <colnr> <probs for GDERKNQSTAVLIFYWHMCP>
#	G	D	E	R	K	N	Q	S	T	A	V	L	I	F	Y	W	H	M	C	P
0	0.01113	0.26486	0.01229	0.02332	0.01086	0.09099	0.04163	0.05570	0.08470	0.04572	0.07708	0.00397	0.06105	0.00015	0.00370	3.6e-05	0.18061	0.00252	0.02761	0.00208
1	0.00024	0.01806	0.91229	0.00033	0.00049	0.01956	0.02909	0.00036	0.00276	0.00252	0.00021	0.00024	0.00015	0.00012	0.01062	3.7e-05	0.00263	8.6e-05	4.9e-05	0.00017
2	0.00020	0.00017	0.00019	0.04251	0.02823	0.00017	0.00182	0.00270	0.32328	0.00230	0.17008	0.00768	0.41327	0.00022	0.00013	3.8e-05	7.5e-05	0.00281	0.00401	0.00013
3	0.00014	0.00010	0.00013	0.00016	0.00016	9.6e-05	0.00010	0.00016	0.00022	0.00029	0.00606	0.81719	0.04696	0.09657	0.00343	5.3e-05	7.2e-05	0.02791	0.00010	9.1e-05
4	0.00015	0.00011	0.00014	0.00015	0.00015	0.00011	9.7e-05	0.00017	0.00020	0.00026	0.00049	0.45640	0.00057	0.40963	0.09730	8.6e-05	0.00011	0.03371	8.6e-05	8.4e-05
5	0.00017	0.00012	0.00016	0.00015	0.00018	0.00011	0.00011	0.00023	0.03734	0.00655	0.93389	0.00084	0.01927	0.00023	0.00013	3.6e-05	5.6e-05	0.00020	0.00013	0.00011
6	0.00025	0.00014	0.00018	0.00016	0.00020	0.00012	0.00012	0.00258	0.00449	0.25442	0.55660	0.04655	0.07964	0.00022	0.00013	3.7e-05	6.8e-05	0.04082	0.01314	0.00013
7	0.00031	0.94478	0.00058	0.00020	0.00030	0.05171	0.00020	0.00035	0.00024	0.00027	0.00016	0.00018	0.00015	9.9e-05	7.5e-05	2.5e-05	0.00013	6.2e-05	4.9e-05	0.00015
8	0.02337	0.00022	0.00028	0.00022	0.00030	0.00022	0.00018	0.26378	0.00038	0.66420	0.00748	0.03449	0.00028	0.00015	0.00011	3.5e-05	0.00010	0.00012	0.00391	0.00019
9	0.00020	0.00013	0.00018	0.00020	0.00023	0.00013	0.00017	0.00025	0.02403	0.05317	0.00060	0.16581	0.00409	0.00031	0.00015	5e-05	9.8e-05	0.74998	0.00011	0.00011
10	0.00418	0.00022	0.00025	0.00022	0.00028	0.00024	0.03587	0.07208	0.58239	0.03238	0.02426	0.02805	0.15936	0.00019	0.00012	3.9e-05	9.1e-05	0.05953	0.00011	0.00016
11	0.99679	0.00022	0.00017	0.00015	0.00022	0.00026	0.00012	0.00034	0.00019	0.00051	0.00016	0.00019	0.00012	0.00011	7.1e-05	3.5e-05	8.8e-05	6.2e-05	7.1e-05	0.00012
12	0.00027	0.00031	0.00067	0.00048	0.00059	0.00029	0.98089	0.00036	0.00027	0.00036	0.00023	0.00031	0.00018	9.8e-05	0.00014	3.9e-05	0.00855	0.00575	5.8e-05	0.00015
13	0.00030	0.79364	0.10530	0.00021	0.00032	0.02275	0.00493	0.02745	0.00936	0.01566	0.01675	0.00021	0.00017	0.00010	8.2e-05	2.7e-05	0.00248	6.9e-05	5.4e-05	0.00015
14	0.07254	0.00020	0.00025	0.00020	0.00028	0.00018	0.00016	0.03403	0.00349	0.82347	0.04001	0.00041	0.02397	0.00015	0.00011	3.5e-05	9.5e-05	0.00012	0.00013	0.00018
15	0.00021	0.00013	0.00017	0.00015	0.00019	0.00012	0.00012	0.00236	0.01945	0.14729	0.74476	0.02953	0.03409	0.00695	0.01393	3.9e-05	6.5e-05	0.00019	0.00013	0.00012
16	0.00268	0.04688	0.02524	0.05537	0.09038	0.58152	0.01650	0.03277	0.06470	0.03891	0.02209	0.00026	0.00449	0.00012	0.00011	3.2e-05	0.01624	0.00149	6.8e-05	0.00015
17	0.00024	0.00019	0.00021	0.00019	0.00024	0.00020	0.00015	0.07038	0.44111	0.01746	0.34661	0.05503	0.05451	0.00251	0.00013	3.8e-05	7.7e-05	0.01046	0.00012	0.00015
18	0.00050	0.00019	0.00026	0.00020	0.00029	0.00017	0.00017	0.01478	0.00525	0.94651	0.02639	0.00413	0.00030	0.00014	0.00012	3.5e-05	9.6e-05	0.00012	0.00014	0.00019
19	0.01214	0.02482	0.16415	0.08111	0.38882	0.04259	0.12247	0.05262	0.03653	0.04346	0.01045	0.00730	0.00543	0.00012	0.00401	3.6e-05	0.00128	0.00243	6.5e-05	0.00017
20	0.04476	0.00317	0.12043	0.00655	0.01154	0.03330	0.01291	0.21341	0.12934	0.38605	0.00935	0.00215	0.01710	0.00014	0.00011	3.6e-05	0.00697	0.00239	0.00011	0.00018
21	0.00017	0.00011	0.00012	0.00012	0.00012	0.00011	6.9e-05	0.00017	0.00017	0.00022	0.00036	0.00075	0.00042	0.99599	0.00058	0.00011	0.00011	0.00017	6.9e-05	6.9e-05
22	0.02869	0.22558	0.01536	0.04315	0.03650	0.43438	0.03410	0.03360	0.00435	0.03545	0.00019	0.01069	0.00016	0.00013	0.00257	3.2e-05	0.09261	0.00226	6.1e-05	0.00014
23	0.01428	0.24037	0.48634	0.02310	0.03256	0.06270	0.05745	0.02987	0.01101	0.03599	0.00162	0.00024	0.00016	0.00011	0.00010	3.3e-05	0.00378	8.4e-05	5.6e-05	0.00016
24	0.10533	0.01687	0.05210	0.20877	0.11758	0.02950	0.12635	0.02610	0.03779	0.20401	0.02085	0.01456	0.00750	0.00150	0.01876	3.9e-05	0.00203	0.01011	8.1e-05	0.00015
25	0.00015	0.00011	0.00014	0.00015	0.00017	9.9e-05	0.00011	0.00018	0.00887	0.00596	0.24963	0.58359	0.13977	0.00031	0.00014	4.3e-05	6.3e-05	0.00702	0.00341	9.8e-05
26	0.40152	0.21671	0.06878	0.00190	0.00812	0.04279	0.00460	0.04469	0.02295	0.02029	0.00143	0.00753	0.00016	0.00011	8.3e-05	3e-05	0.00255	7.2e-05	6.8e-05	0.15564
27	0.00015	0.00011	0.00013	0.00014	0.00016	0.00010	9.6e-05	0.00017	0.00024	0.00300	0.14919	0.37250	0.28898	0.15959	0.01412	5.5e-05	7.3e-05	0.00601	0.00509	9.3e-05
28	0.00423	0.18439	0.00326	0.00023	0.00031	0.03816	0.00019	0.15067	0.61631	0.00047	0.00037	0.00035	0.00028	0.00014	0.00011	3.5e-05	0.00011	0.00011	0.00010	0.00017
29	0.98015	0.00022	0.00017	0.00015	0.00022	0.00026	0.00012	0.00774	0.00020	0.00973	0.00016	0.00019	0.00013	0.00011	7.1e-05	3.5e-05	8.9e-05	6.3e-05	7.2e-05	0.00012
30	0.00016	0.00012	0.00015	0.00014	0.00017	0.00011	0.00011	0.00231	0.01448	0.01180	0.72666	0.04924	0.15224	0.03217	0.00285	4e-05	5.9e-05	0.00309	0.00399	0.00011
31	0.00016	0.00012	0.00014	0.00013	0.00017	0.00011	0.00010	0.00020	0.01302	0.01769	0.48076	0.00585	0.47348	0.00026	0.00013	3.7e-05	5.7e-05	0.00737	0.00012	0.00010
32	0.00014	0.00010	0.00014	0.00016	0.00017	9.6e-05	0.00011	0.00017	0.00023	0.00346	0.03543	0.86623	0.03823	0.00524	0.00015	4.6e-05	6.8e-05	0.04964	0.00011	9.4e-05
33	0.00032	0.00026	0.00028	0.00024	0.00031	0.00030	0.00019	0.22761	0.76277	0.00577	0.00042	0.00039	0.00031	0.00015	0.00012	3.8e-05	9.8e-05	0.00012	0.00012	0.00018
34	0.00027	0.00026	0.00043	0.12169	0.82307	0.00026	0.00034	0.00034	0.00026	0.00036	0.00023	0.00034	0.00020	0.00011	0.00012	3.5e-05	0.00014	0.05132	5.8e-05	0.00017
35	0.00018	0.00012	0.00016	0.00017	0.00019	0.00012	0.00012	0.00023	0.08127	0.03663	0.09223	0.44581	0.05801	0.11739	0.00997	5.4e-05	8.1e-05	0.15706	0.00011	0.00010
36	0.00030	0.98232	0.01432	0.00020	0.00030	0.00045	0.00020	0.00034	0.00023	0.00027	0.00016	0.00018	0.00015	9.8e-05	7.4e-05	2.5e-05	0.00012	6.1e-05	4.9e-05	0.00015
37	0.84869	0.00023	0.00019	0.00017	0.00024	0.00027	0.00014	0.12051	0.00024	0.02822	0.00018	0.00020	0.00014	0.00011	7.7e-05	3.5e-05	9.3e-05	6.8e-05	7.8e-05	0.00013
38	0.02083	0.95710	0.00058	0.00020	0.00029	0.00558	0.00019	0.00635	0.00753	0.00028	0.00016	0.00019	0.00015	9.9e-05	7.4e-05	2.5e-05	0.00012	6.2e-05	5e-05	0.00015
39	0.06928	0.00023	0.00027	0.00022	0.00029	0.00024	0.00017	0.15654	0.29324	0.45107	0.02696	0.00038	0.00030	0.00014	0.00011	3.6e-05	9.8e-05	0.00012	0.00012	0.00018
40	0.00022	0.00021	0.00036	0.88541	0.10577	0.00026	0.00032	0.00030	0.00023	0.00030	0.00020	0.00030	0.00016	0.00011	0.00012	3.8e-05	0.00541	0.00010	5.1e-05	0.00013
41	0.93289	0.00022	0.00017	0.00015	0.00022	0.00025	0.00013	0.00908	0.00020	0.04829	0.00018	0.00020	0.00013	0.00011	7.3e-05	3.5e-05	8.9e-05	6.5e-05	0.00738	0.00013
42	0.99679	0.00022	0.00017	0.00015	0.00022	0.00026	0.00012	0.00034	0.00019	0.00051	0.00016	0.00019	0.00012	0.00011	7.1e-05	3.5e-05	8.8e-05	6.2e-05	7.1e-05	0.00012
43	0.03159	0.00019	0.00025	0.00019	0.00027	0.00016	0.00016	0.00345	0.00032	0.82900	0.06257	0.00885	0.05641	0.00016	0.00012	3.6e-05	9.2e-05	0.00013	0.00237	0.00371
44	0.00049	0.00019	0.00026	0.00020	0.00028	0.00016	0.00016	0.00580	0.00033	0.92007	0.04504	0.00474	0.01310	0.00477	0.00012	3.6e-05	9.5e-05	0.00382	0.00014	0.00019
45	0.00014	0.00010	0.00013	0.00016	0.00017	9.3e-05	0.00011	0.00016	0.00022	0.00029	0.00576	0.93505	0.03796	0.01339	0.00015	4.7e-05	6.7e-05	0.00580	0.00011	9.3e-05
46	0.06497	0.00031	0.00033	0.00025	0.00034	0.00496	0.00021	0.89935	0.01093	0.01679	0.00027	0.00027	0.00019	0.00014	0.00011	3.4e-05	0.00012	0.00010	0.00011	0.00019
47	0.00015	0.00012	0.00014	0.00014	0.00017	0.00011	0.00011	0.00020	0.00523	0.00797	0.31292	0.05212	0.46707	0.00585	0.00014	4.1e-05	6.5e-05	0.14724	0.00011	0.00010
48	0.00027	0.00022	0.00036	0.55817	0.25147	0.00523	0.00300	0.01877	0.04212	0.09569	0.00158	0.01302	0.00181	0.00012	0.00162	3.7e-05	0.00014	0.00415	0.00207	0.00015
49	0.01893	0.00355	0.10374	0.01421	0.03823	0.02296	0.06423	0.14108	0.03974	0.27208	0.00030	0.00034	0.00023	0.00600	0.12835	0.00145	0.13499	0.00933	9e-05	0.00016
50	0.00018	0.00014	0.00020	0.00017	0.00021	0.00013	0.08684	0.01066	0.00971	0.03623	0.56032	0.04432	0.24016	0.00268	0.00014	3.8e-05	7.1e-05	0.00757	0.00011	0.00011
51	0.00025	0.00021	0.00023	0.00021	0.00027	0.00024	0.00016	0.00801	0.74287	0.00618	0.09406	0.10672	0.03717	0.00019	0.00012	3.9e-05	8.4e-05	0.00270	0.00012	0.00016
52	0.78503	0.02543	0.02502	0.00244	0.01885	0.07292	0.04154	0.00949	0.00782	0.00442	0.00017	0.00020	0.00013	0.00011	8e-05	3.5e-05	0.00464	6.8e-05	0.00147	0.00013
53	0.00026	0.00023	0.00370	0.04129	0.62841	0.00023	0.01782	0.02117	0.01886	0.03902	0.10887	0.04865	0.03302	0.00014	0.00012	3.5e-05	0.00012	0.00192	0.03596	0.00016
54	0.00024	0.00021	0.00024	0.00017	0.00028	0.00456	0.00790	0.02408	0.00415	0.00740	0.00021	0.00024	0.00017	8.7e-05	8.6e-05	1.8e-05	8.7e-05	7e-05	6.9e-05	0.94973
55	0.00014	0.00011	0.00012	0.00012	0.00016	9.7e-05	9.1e-05	0.00017	0.00026	0.00032	0.08781	0.12482	0.78480	0.00029	0.00014	3.9e-05	5.9e-05	0.00025	0.00011	9.7e-05
56	0.00026	0.00024	0.00040	0.09887	0.74038	0.00024	0.00031	0.00032	0.00025	0.00435	0.00217	0.07710	0.00609	0.00428	0.00220	3.7e-05	0.00013	0.05713	0.00505	0.00016
57	0.00479	0.00011	0.00013	0.00013	0.00013	0.00011	7.7e-05	0.00017	0.00017	0.01171	0.00038	0.05691	0.00313	0.86424	0.05091	0.00011	0.00012	0.00652	7.2e-05	7.4e-05
58	0.00022	0.00174	0.05144	0.00017	0.00022	0.00014	0.00442	0.01369	0.05493	0.16855	0.22003	0.14215	0.30416	0.00239	0.00013	3.9e-05	7.6e-05	0.03527	0.00011	0.00013
59	0.78515	0.00024	0.00020	0.00017	0.00025	0.00027	0.00014	0.16252	0.00793	0.03766	0.00019	0.00021	0.00014	0.00011	8e-05	3.5e-05	9.5e-05	7.1e-05	0.00440	0.00014
