[name]
unknown

[dist]
# distance from previous block
# <min> <max>
0	175

[block]
# block no. 0 follows, 2883 sequences, length 13
# corresponding to MSA columns:
# 254-264,266,267
name=unknown_A
#
# <colnr> <probs for GDERKNQSTAVLIFYWHMCP>
#	G	D	E	R	K	N	Q	S	T	A	V	L	I	F	Y	W	H	M	C	P
0	0.00019	0.00014	0.00019	0.00022	0.00025	0.00014	0.00019	0.00025	0.01576	0.00036	0.02380	0.02227	0.01611	0.00033	0.00016	5.4e-05	0.00011	0.91926	0.00011	0.00011
1	0.00015	0.00012	0.00014	0.00014	0.00017	0.00011	0.00010	0.00019	0.01324	0.00032	0.01594	0.01960	0.73240	0.06004	0.15673	6.9e-05	0.00011	0.00023	0.00010	0.00010
2	0.30366	0.04949	0.16667	0.03357	0.00552	0.02962	0.00715	0.10373	0.02355	0.19973	0.03901	0.00031	0.00544	0.00670	0.01390	3.9e-05	0.00636	9.8e-05	0.00530	0.00016
3	0.05461	0.00019	0.00026	0.15126	0.07384	0.00548	0.02321	0.07286	0.00715	0.01064	0.00537	0.01860	0.00693	0.09262	0.36136	0.03954	0.04261	0.01508	0.01828	0.00012
4	0.00015	0.00011	0.00014	0.00015	0.00017	0.00010	0.00011	0.00018	0.00025	0.00033	0.11089	0.56068	0.25658	0.03966	0.00017	4.8e-05	6.8e-05	0.01694	0.01317	0.0001
5	0.00028	0.01925	0.04054	0.23068	0.29259	0.03322	0.06084	0.07367	0.09512	0.02035	0.01879	0.00804	0.06051	0.00520	0.00827	4e-05	0.02242	0.00012	0.00992	0.00016
6	0.99663	0.00023	0.00018	0.00016	0.00023	0.00027	0.00013	0.00035	0.00020	0.00054	0.00017	0.00020	0.00013	0.00011	7.4e-05	3.7e-05	9.3e-05	6.5e-05	7.4e-05	0.00013
7	0.00555	0.01290	0.11163	0.07402	0.11868	0.04394	0.06345	0.01850	0.18027	0.00949	0.07625	0.05255	0.15240	0.00830	0.02676	4.4e-05	0.01629	0.00986	8.9e-05	0.01904
8	0.00017	0.00013	0.00016	0.01135	0.00732	0.00012	0.00673	0.00021	0.00706	0.01958	0.40131	0.30026	0.17973	0.01848	0.02243	4.7e-05	0.00863	0.00709	0.00012	0.00909
9	0.00655	0.06378	0.09893	0.01942	0.02025	0.00489	0.02504	0.04412	0.10384	0.14854	0.13130	0.12265	0.13840	0.01774	0.00546	0.00500	0.01345	0.02393	0.00657	0.00015
10	0.04597	0.06506	0.34110	0.01732	0.07660	0.00815	0.04225	0.07878	0.01529	0.11408	0.01768	0.01184	0.00557	0.02395	0.06807	0.00414	0.04322	0.01127	0.00447	0.00519
11	0.00022	0.00018	0.00725	0.02962	0.25042	0.00566	0.01193	0.01505	0.02356	0.04774	0.16055	0.13570	0.24520	0.00679	0.01356	4.2e-05	0.00884	0.01737	0.01364	0.00667
12	0.17482	0.04076	0.08116	0.02394	0.02532	0.07406	0.09682	0.09109	0.12024	0.07988	0.00709	0.03079	0.01489	0.02414	0.03080	0.03715	0.02343	0.01092	0.01254	0.00015

[dist]
# distance from previous block
# <min> <max>
9	19

[block]
# block no. 1 follows, 2883 sequences, length 10
# corresponding to MSA columns:
# 302-311
name=unknown_B
#
# <colnr> <probs for GDERKNQSTAVLIFYWHMCP>
#	G	D	E	R	K	N	Q	S	T	A	V	L	I	F	Y	W	H	M	C	P
0	0.77746	0.02944	0.00856	0.00018	0.00857	0.03252	0.02432	0.01442	0.00022	0.02148	0.02109	0.00024	0.00017	0.02477	0.00871	4e-05	0.01300	7.7e-05	7.6e-05	0.01464
1	0.00017	0.00013	0.00015	0.00015	0.01527	0.00011	0.00011	0.00021	0.01259	0.00040	0.49645	0.06655	0.30932	0.04953	0.00017	0.01139	6.5e-05	0.02017	0.01697	0.00011
2	0.84071	0.00024	0.03352	0.00017	0.00024	0.00026	0.00014	0.01148	0.02395	0.02001	0.02082	0.00025	0.01415	0.01142	8.7e-05	3.8e-05	9.5e-05	7.7e-05	0.02221	0.00013
3	0.00017	0.00013	0.00018	0.01034	0.00021	0.00014	0.00014	0.00021	0.00020	0.00028	0.01898	0.05626	0.01799	0.09733	0.73329	0.01161	0.01208	0.02976	0.01058	0.00010
4	0.04605	0.04272	0.32564	0.09494	0.07266	0.02201	0.07839	0.02623	0.00824	0.05440	0.03334	0.07600	0.05430	0.01102	0.01126	0.00579	0.01625	0.01375	0.00685	0.00015
5	0.01145	0.00013	0.00015	0.00015	0.00018	0.00012	0.00011	0.00022	0.01459	0.03826	0.43861	0.17521	0.25472	0.01929	0.00015	4.2e-05	6.5e-05	0.02335	0.02308	0.00011
6	0.01324	0.04774	0.02946	0.02441	0.03135	0.08961	0.16253	0.05298	0.04242	0.02753	0.01358	0.10096	0.03084	0.10035	0.09244	0.00994	0.11264	0.01176	0.00607	0.00014
7	0.01181	0.00015	0.00017	0.00016	0.00020	0.00014	0.00012	0.01832	0.07859	0.09312	0.27404	0.04001	0.25457	0.01310	0.00943	4.2e-05	7.5e-05	0.08040	0.12541	0.00013
8	0.03259	0.01020	0.00029	0.00023	0.00032	0.01243	0.00018	0.35483	0.14609	0.07588	0.00970	0.01316	0.00830	0.00807	0.00012	3.2e-05	0.00906	0.00011	0.00983	0.30859
9	0.04331	0.02271	0.01365	0.02253	0.00746	0.12354	0.04371	0.09217	0.03652	0.12069	0.01656	0.11322	0.01160	0.03098	0.00935	4.1e-05	0.00853	0.12649	0.00545	0.15147

[dist]
# distance from previous block
# <min> <max>
0	2

[block]
# block no. 2 follows, 2883 sequences, length 6
# corresponding to MSA columns:
# 314-317,319,320
name=unknown_C
#
# <colnr> <probs for GDERKNQSTAVLIFYWHMCP>
#	G	D	E	R	K	N	Q	S	T	A	V	L	I	F	Y	W	H	M	C	P
0	0.03738	0.02154	0.01649	0.22655	0.04013	0.07638	0.05930	0.15728	0.09066	0.11918	0.02945	0.01314	0.01029	0.01767	0.01286	4.1e-05	0.02408	0.00913	0.01008	0.02836
1	0.02161	0.02006	0.01449	0.00928	0.00880	0.00873	0.01032	0.05282	0.33591	0.02545	0.03180	0.06871	0.01423	0.17991	0.09834	0.01709	0.01659	0.01568	0.04148	0.00870
2	0.01281	0.01148	0.02457	0.03068	0.02232	0.01771	0.10590	0.10157	0.03448	0.07649	0.02304	0.20408	0.03601	0.11222	0.08185	0.01581	0.03770	0.02890	0.00940	0.01299
3	0.06696	0.05554	0.06579	0.06399	0.04855	0.02446	0.08318	0.13868	0.02593	0.15407	0.03020	0.04323	0.01442	0.02826	0.08416	0.00998	0.01298	0.01594	0.01662	0.01707
4	0.07221	0.07639	0.11641	0.06959	0.07095	0.06901	0.09818	0.11219	0.04836	0.06780	0.01251	0.05416	0.00871	0.01722	0.02145	0.00861	0.04474	0.01343	0.00928	0.00881
5	0.00926	0.01872	0.04953	0.01632	0.03371	0.01061	0.02089	0.02567	0.01679	0.01979	0.06154	0.49713	0.08240	0.02543	0.01427	0.01079	9.3e-05	0.05767	0.01696	0.01241

[dist]
# distance from previous block
# <min> <max>
1	14

[block]
# block no. 3 follows, 2883 sequences, length 9
# corresponding to MSA columns:
# 348-356
name=unknown_D
#
# <colnr> <probs for GDERKNQSTAVLIFYWHMCP>
#	G	D	E	R	K	N	Q	S	T	A	V	L	I	F	Y	W	H	M	C	P
0	0.01860	0.00737	0.01031	0.01021	0.00970	0.00751	0.01076	0.01336	0.06423	0.20092	0.39618	0.04764	0.13052	0.00961	0.00810	4e-05	8.1e-05	0.01135	0.04336	0.00014
1	0.00969	0.01033	0.04088	0.12538	0.18398	0.01225	0.10732	0.05046	0.15425	0.03514	0.06163	0.03774	0.06787	0.04097	0.00835	4.4e-05	0.02975	0.01509	0.00871	0.00016
2	0.00016	0.00011	0.00014	0.00016	0.00018	0.00010	0.00011	0.00019	0.00026	0.02133	0.18503	0.54394	0.18766	0.03888	0.00017	4.8e-05	6.9e-05	0.02124	0.00011	0.00010
3	0.00021	0.00671	0.00868	0.01431	0.01948	0.00845	0.03068	0.01806	0.00752	0.02253	0.01512	0.09956	0.02283	0.21946	0.31201	0.03271	0.13847	0.00911	0.00716	0.00696
4	0.00025	0.00020	0.00022	0.00020	0.00025	0.00022	0.00015	0.01646	0.55116	0.02238	0.11783	0.04154	0.23136	0.00021	0.00013	4e-05	8.2e-05	0.00018	0.01697	0.00016
5	0.00027	0.02415	0.10994	0.03000	0.01316	0.00916	0.05388	0.08214	0.03752	0.02726	0.01393	0.02113	0.00701	0.04525	0.13447	0.00771	0.37306	0.00012	0.00972	0.00014
6	0.00022	0.00020	0.03337	0.00026	0.00030	0.00020	0.17419	0.01543	0.12359	0.01632	0.00927	0.32422	0.00049	0.07612	0.03137	0.00814	0.06406	0.10487	0.00810	0.00928
7	0.00024	0.00739	0.00994	0.01604	0.00728	0.02502	0.08058	0.04109	0.01813	0.10320	0.29072	0.03561	0.18708	0.00954	0.06325	0.00649	0.08294	0.00864	0.00669	0.00013
8	0.00018	0.00014	0.00018	0.00017	0.00020	0.00957	0.03126	0.00848	0.01667	0.00973	0.64146	0.02942	0.15911	0.02051	0.01207	0.00815	0.00987	0.03456	0.00012	0.00816

[dist]
# distance from previous block
# <min> <max>
1	5

[block]
# block no. 4 follows, 2883 sequences, length 22
# corresponding to MSA columns:
# 366,368,370,372,375-390,392,393
name=unknown_E
#
# <colnr> <probs for GDERKNQSTAVLIFYWHMCP>
#	G	D	E	R	K	N	Q	S	T	A	V	L	I	F	Y	W	H	M	C	P
0	0.00690	0.08378	0.83952	0.00033	0.00050	0.02000	0.02893	0.00038	0.00784	0.01044	0.00022	0.00025	0.00016	0.00011	0.00011	3.7e-05	0.00017	8.9e-05	5.3e-05	0.00017
1	0.00703	0.80566	0.05589	0.02868	0.00479	0.05288	0.00470	0.00805	0.01922	0.00030	0.00711	0.00022	0.00017	0.00475	8.7e-05	2.8e-05	0.00014	7.1e-05	5.5e-05	0.00015
2	0.09479	0.06090	0.02045	0.00658	0.00032	0.02429	0.04027	0.21212	0.00746	0.40873	0.01968	0.03376	0.01814	0.02570	0.00013	3.9e-05	0.01009	0.01626	0.00012	0.00018
3	0.00022	0.00020	0.01173	0.00321	0.00030	0.00447	0.19271	0.00859	0.00442	0.01957	0.02888	0.14393	0.19127	0.03803	0.01896	0.01495	0.15533	0.14060	0.00378	0.01886
4	0.02582	0.01314	0.02463	0.08237	0.04965	0.00919	0.07219	0.09192	0.28887	0.04394	0.03057	0.20573	0.02031	0.01278	0.00554	0.00254	0.00932	0.00567	0.00310	0.00271
5	0.00015	0.00011	0.00014	0.00017	0.00018	0.00010	0.00011	0.00017	0.00023	0.00031	0.00933	0.94591	0.01339	0.01066	0.00016	4.9e-05	0.00886	0.00977	0.00011	9.8e-05
6	0.00017	0.00013	0.00017	0.00017	0.00019	0.00014	0.00013	0.00020	0.00019	0.00027	0.01177	0.00756	0.01054	0.31100	0.62885	0.00016	0.01021	0.00627	0.01177	9.7e-05
7	0.95183	0.00023	0.00018	0.00016	0.00023	0.00026	0.00013	0.00036	0.00021	0.02970	0.01574	0.00021	0.00015	0.00011	7.7e-05	3.7e-05	9.3e-05	6.9e-05	7.7e-05	0.00013
8	0.00017	0.00012	0.00013	0.00013	0.00013	0.00012	7.3e-05	0.00017	0.00017	0.00023	0.00038	0.00079	0.00044	0.99578	0.00061	0.00012	0.00012	0.00017	7.3e-05	7.3e-05
9	0.05525	0.01161	0.02648	0.02905	0.04710	0.04648	0.02528	0.07835	0.05103	0.21315	0.03004	0.18283	0.04261	0.03506	0.03240	0.00440	0.03003	0.01396	0.00445	0.04045
10	0.01616	0.18978	0.06755	0.02852	0.00994	0.06560	0.01545	0.23232	0.31506	0.01087	0.00372	0.00762	0.00336	0.00315	0.00705	3.7e-05	0.02038	0.00011	0.00316	0.00018
11	0.01220	0.06006	0.15878	0.12942	0.16590	0.00593	0.05469	0.03492	0.03400	0.14367	0.02364	0.08488	0.01075	0.00752	0.00824	0.00539	0.00502	0.01348	8.2e-05	0.04143
12	0.02809	0.21126	0.24748	0.03361	0.02830	0.02502	0.12946	0.05023	0.02214	0.11703	0.02733	0.02959	0.01141	0.00450	0.00578	3.7e-05	0.00753	0.00713	7.6e-05	0.01399
13	0.00505	0.11637	0.75010	0.00392	0.00579	0.00430	0.02151	0.02778	0.01239	0.03656	0.00023	0.00742	0.00017	0.00012	0.00407	3.7e-05	0.00386	9.1e-05	5.8e-05	0.00017
14	0.00024	0.00023	0.00784	0.56341	0.26554	0.00409	0.01859	0.00458	0.00025	0.00824	0.00558	0.08623	0.00544	0.00016	0.01750	4.2e-05	0.00732	0.00451	6.2e-05	0.00015
15	0.02672	0.20285	0.24333	0.05729	0.05026	0.03966	0.08125	0.07127	0.05564	0.09923	0.00664	0.01654	0.02468	0.00427	0.00639	3.7e-05	0.00935	0.00434	7.5e-05	0.00017
16	0.00020	0.00013	0.00016	0.00017	0.00019	0.00012	0.00013	0.00847	0.06355	0.05222	0.08192	0.44434	0.05747	0.04007	0.00021	0.13102	8.2e-05	0.10144	0.01799	0.00011
17	0.00018	0.00012	0.00014	0.00014	0.00014	0.00012	8.1e-05	0.00018	0.00018	0.00024	0.00037	0.00076	0.00042	0.92308	0.03435	0.01314	0.02606	0.00017	7.2e-05	7.5e-05
18	0.01678	0.03927	0.14699	0.34491	0.08729	0.03894	0.02780	0.01484	0.03363	0.03784	0.01410	0.14328	0.02123	0.00017	0.00013	4e-05	0.01007	0.01068	0.01187	0.00015
19	0.00395	0.01256	0.10261	0.04530	0.11234	0.01410	0.10515	0.03080	0.07056	0.02754	0.04595	0.32425	0.03436	0.00357	0.00552	4.4e-05	0.02137	0.03689	0.00300	0.00014
20	0.00015	0.00011	0.00014	0.00017	0.00018	0.00010	0.00011	0.00683	0.00024	0.00865	0.05989	0.87108	0.02180	0.00036	0.00015	4.8e-05	7e-05	0.02198	0.00782	0.00010
21	0.00020	0.00018	0.00026	0.01109	0.02923	0.01731	0.16136	0.01342	0.09708	0.00036	0.02667	0.23510	0.36387	0.00026	0.00014	4.3e-05	9.8e-05	0.03605	0.00716	0.00012

[dist]
# distance from previous block
# <min> <max>
0	1

[block]
# block no. 5 follows, 2883 sequences, length 15
# corresponding to MSA columns:
# 395-409
name=unknown_F
#
# <colnr> <probs for GDERKNQSTAVLIFYWHMCP>
#	G	D	E	R	K	N	Q	S	T	A	V	L	I	F	Y	W	H	M	C	P
0	0.13051	0.04641	0.00591	0.03962	0.16157	0.03264	0.02348	0.33549	0.17001	0.02108	0.00581	0.00780	0.00023	0.00014	0.00011	3.7e-05	0.00702	0.00723	0.00473	0.00018
1	0.00020	0.00013	0.00017	0.00016	0.00019	0.00012	0.00012	0.00026	0.04176	0.07029	0.69466	0.05554	0.13546	0.00025	0.00014	3.9e-05	6.3e-05	0.00022	0.00013	0.00012
2	0.00828	0.00791	0.00038	0.00847	0.01794	0.21800	0.10780	0.48987	0.05457	0.00891	0.00617	0.00029	0.00020	0.00013	0.00012	3.5e-05	0.01519	0.00010	9.5e-05	0.05553
3	0.89766	0.00024	0.00020	0.01051	0.02817	0.01964	0.00014	0.01261	0.01225	0.00894	0.00018	0.00021	0.00014	0.00011	8.1e-05	3.7e-05	0.00860	6.9e-05	7.5e-05	0.00013
4	0.00016	0.00012	0.00014	0.00014	0.00017	0.00011	0.00010	0.00020	0.00031	0.00041	0.53656	0.05491	0.38622	0.01973	0.00015	4.1e-05	6e-05	0.00024	0.00012	0.00011
5	0.96297	0.00023	0.00018	0.00016	0.00023	0.00027	0.00013	0.00036	0.00021	0.03414	0.00018	0.00020	0.00014	0.00011	7.6e-05	3.7e-05	9.3e-05	6.7e-05	7.7e-05	0.00013
6	0.07403	0.00023	0.03273	0.00615	0.00030	0.00018	0.00016	0.02401	0.02064	0.21849	0.00688	0.00031	0.00609	0.00603	0.00010	2.6e-05	9.6e-05	0.00695	0.00870	0.58791
7	0.00848	0.00028	0.00044	0.17470	0.58075	0.04998	0.06710	0.02086	0.01884	0.02191	0.01736	0.02488	0.00023	0.00012	0.00012	3.7e-05	0.00015	0.01353	6.6e-05	0.00017
8	0.03880	0.00019	0.00022	0.00021	0.01742	0.00987	0.00016	0.11769	0.18619	0.11313	0.10589	0.28509	0.04606	0.00024	0.00014	4.2e-05	0.00614	0.06613	0.00624	0.00015
9	0.08886	0.00021	0.00027	0.00021	0.00030	0.00019	0.00017	0.02863	0.01379	0.85179	0.00044	0.00039	0.00028	0.00015	0.00012	3.7e-05	0.00010	0.00012	0.01375	0.00020
10	0.00017	0.00013	0.00018	0.06121	0.00582	0.00579	0.03619	0.00641	0.00673	0.00692	0.01076	0.70204	0.06746	0.00568	0.00015	4.8e-05	8.5e-05	0.07613	0.00798	0.00011
11	0.09664	0.00616	0.00029	0.00906	0.03952	0.02141	0.01132	0.11178	0.04833	0.56969	0.02320	0.00634	0.00846	0.00015	0.00012	3.8e-05	0.00011	0.04214	0.00505	0.00019
12	0.00018	0.00013	0.00015	0.00016	0.01252	0.00012	0.00011	0.00807	0.01653	0.04751	0.14079	0.14834	0.52488	0.00732	0.00015	4.3e-05	7e-05	0.07377	0.01906	0.00011
13	0.00016	0.00012	0.01178	0.00018	0.00019	0.00011	0.01611	0.00019	0.00706	0.00773	0.01780	0.77759	0.05961	0.00858	0.00016	4.9e-05	7.6e-05	0.08325	0.00916	0.00010
14	0.05837	0.08314	0.00936	0.00817	0.00035	0.02405	0.00628	0.61118	0.01249	0.16077	0.00031	0.00031	0.01254	0.00015	0.00595	3.7e-05	0.00613	0.00011	0.00011	0.00019

[dist]
# distance from previous block
# <min> <max>
1	3

[block]
# block no. 6 follows, 2883 sequences, length 13
# corresponding to MSA columns:
# 416-419,421-428,437
name=unknown_G
#
# <colnr> <probs for GDERKNQSTAVLIFYWHMCP>
#	G	D	E	R	K	N	Q	S	T	A	V	L	I	F	Y	W	H	M	C	P
0	0.07006	0.15251	0.07758	0.03215	0.01498	0.03161	0.03470	0.31352	0.17051	0.03008	0.00699	0.00030	0.00022	0.00013	0.00011	3.5e-05	0.00770	0.00578	9.2e-05	0.05094
1	0.01635	0.00021	0.00800	0.01030	0.00529	0.03279	0.00534	0.03260	0.05945	0.17865	0.19994	0.02453	0.02308	0.00017	0.01080	3.3e-05	0.02600	0.01253	0.00632	0.34763
2	0.04926	0.21275	0.18872	0.01977	0.03761	0.07201	0.07791	0.08319	0.02572	0.10170	0.02106	0.01180	0.00547	0.00490	0.00586	0.00768	0.02837	0.00461	0.00551	0.03612
3	0.09940	0.12352	0.34243	0.03078	0.02367	0.02413	0.14585	0.03289	0.02994	0.06931	0.00668	0.01804	0.00511	0.00460	0.01460	4e-05	0.01139	0.01106	6.9e-05	0.00651
4	0.00016	0.00012	0.00015	0.00016	0.00018	0.00011	0.01457	0.00019	0.01085	0.01016	0.08719	0.57171	0.09665	0.19468	0.00024	6e-05	8e-05	0.01254	0.00011	9.8e-05
5	0.01947	0.00020	0.02318	0.14911	0.07542	0.00818	0.04059	0.03622	0.01422	0.18493	0.19925	0.03176	0.10189	0.00481	0.03898	0.00521	0.02934	0.01359	0.02348	0.00015
6	0.02491	0.03921	0.06008	0.18386	0.04415	0.08572	0.17373	0.06338	0.05645	0.06798	0.01747	0.06420	0.00845	0.01575	0.02353	0.00712	0.04227	0.01669	0.00491	0.00015
7	0.02523	0.00019	0.00025	0.00549	0.00028	0.00631	0.00016	0.02636	0.03004	0.65304	0.03208	0.02229	0.07002	0.00753	0.01529	0.00799	0.01446	0.01680	0.06601	0.00018
8	0.00016	0.00012	0.00014	0.00014	0.00017	0.00011	0.00010	0.00020	0.00029	0.02873	0.27738	0.07218	0.58292	0.01187	0.00015	4.1e-05	6.3e-05	0.01166	0.01347	0.00011
9	0.01739	0.02385	0.19140	0.02811	0.02348	0.02070	0.06964	0.07217	0.05921	0.23239	0.09021	0.06006	0.04114	0.00704	0.00974	4.1e-05	0.01675	0.03181	0.00472	0.00016
10	0.04111	0.05307	0.05400	0.05986	0.01643	0.13773	0.07204	0.16604	0.13126	0.09583	0.00593	0.07693	0.00684	0.00549	0.00772	4e-05	0.04129	0.01990	0.00832	0.00016
11	0.36184	0.06708	0.21997	0.02191	0.06443	0.06291	0.08483	0.06281	0.00027	0.03585	0.00021	0.00024	0.00016	0.00012	0.00010	3.6e-05	0.00894	8.6e-05	7e-05	0.00814
12	0.00033	0.66059	0.09705	0.00893	0.00780	0.14571	0.02439	0.01008	0.00681	0.01078	0.00019	0.00023	0.00653	0.00012	0.00661	3e-05	0.00720	0.00642	5.6e-05	0.00015

[dist]
# distance from previous block
# <min> <max>
0	3

[block]
# block no. 7 follows, 2883 sequences, length 30
# corresponding to MSA columns:
# 441-456,467-471,473-479,483,484
name=unknown_H
#
# <colnr> <probs for GDERKNQSTAVLIFYWHMCP>
#	G	D	E	R	K	N	Q	S	T	A	V	L	I	F	Y	W	H	M	C	P
0	0.00808	0.05978	0.07692	0.01643	0.06283	0.00329	0.00648	0.02642	0.06278	0.15716	0.21965	0.05486	0.16369	0.00380	0.00819	0.02521	0.01995	0.00381	0.00011	0.02058
1	0.05720	0.02241	0.03013	0.04641	0.31395	0.05837	0.02654	0.06456	0.11209	0.20750	0.02690	0.01440	0.00280	0.00261	0.00012	3.7e-05	0.00427	0.00306	9.2e-05	0.00655
2	0.01178	0.01493	0.03191	0.11475	0.02627	0.00322	0.01337	0.05417	0.10966	0.27741	0.02730	0.07311	0.02577	0.02981	0.07625	5.4e-05	0.01303	0.07952	0.00011	0.01756
3	0.00015	0.00011	0.00014	0.00016	0.00017	0.00010	0.00011	0.00018	0.00024	0.00621	0.06773	0.69682	0.16134	0.04112	0.00017	4.9e-05	7e-05	0.01953	0.00011	0.00548
4	0.00946	0.00026	0.05808	0.03092	0.06183	0.00523	0.10016	0.13095	0.27890	0.10880	0.10032	0.00484	0.04018	0.00484	0.00432	4e-05	0.00012	0.01618	0.04440	0.00017
5	0.01685	0.00295	0.00736	0.27601	0.37742	0.00861	0.07824	0.06486	0.05052	0.08095	0.00851	0.01722	0.00022	0.00013	0.00012	3.8e-05	0.00321	0.00321	0.00342	0.00017
6	0.01136	0.00015	0.00019	0.00017	0.00021	0.00014	0.00013	0.01641	0.03821	0.26295	0.28050	0.07002	0.21044	0.09478	0.00018	4.7e-05	8e-05	0.00712	0.00346	0.00344
7	0.00428	0.00700	0.00030	0.00463	0.12281	0.02158	0.02380	0.07222	0.01714	0.01116	0.01460	0.00028	0.00385	0.00010	0.00010	2.4e-05	0.00515	8.5e-05	7.5e-05	0.69079
8	0.88535	0.00024	0.00021	0.01017	0.09075	0.00027	0.00015	0.01099	0.00022	0.00053	0.00017	0.00021	0.00014	0.00011	7.9e-05	3.7e-05	9.9e-05	7e-05	7.3e-05	0.00014
9	0.00016	0.00012	0.00014	0.00014	0.00017	0.00011	0.00010	0.00020	0.00030	0.00040	0.47168	0.03041	0.48663	0.00028	0.00014	4e-05	6e-05	0.00869	0.00012	0.00011
10	0.94439	0.00023	0.00019	0.01667	0.03592	0.00027	0.00014	0.00035	0.00021	0.00053	0.00017	0.00020	0.00013	0.00011	7.7e-05	3.7e-05	9.6e-05	6.7e-05	7.3e-05	0.00013
11	0.04200	0.00026	0.00328	0.04694	0.57377	0.01101	0.01301	0.00935	0.01120	0.07226	0.02218	0.02902	0.00540	0.00012	0.00012	3.4e-05	0.00514	0.00315	7.3e-05	0.15170
12	0.00029	0.00028	0.00047	0.08746	0.88788	0.00028	0.00036	0.00036	0.00027	0.01117	0.00023	0.00031	0.00019	0.00011	0.00012	3.6e-05	0.00014	0.00978	6e-05	0.00018
13	0.05731	0.00023	0.00025	0.00387	0.02899	0.00439	0.00018	0.04591	0.61048	0.00572	0.08031	0.09824	0.02926	0.00019	0.00013	4.1e-05	9.3e-05	0.03412	0.00012	0.00017
14	0.01616	0.00021	0.00028	0.00022	0.00031	0.00019	0.00018	0.07806	0.00036	0.89272	0.00973	0.00040	0.00030	0.00015	0.00012	3.7e-05	0.00010	0.00012	0.00015	0.00020
15	0.03642	0.02691	0.41954	0.03867	0.04944	0.00596	0.30056	0.02830	0.00511	0.06012	0.00719	0.00688	0.00288	0.00012	0.00012	3.9e-05	0.00398	0.00752	6.5e-05	0.00017
16	0.00024	0.00023	0.00041	0.68517	0.15892	0.00027	0.10834	0.00032	0.00025	0.00033	0.00023	0.03137	0.00019	0.00013	0.00013	4e-05	0.01311	0.00012	5.7e-05	0.00014
17	0.00015	0.00012	0.00014	0.00015	0.00018	0.00011	0.00011	0.00019	0.00622	0.00707	0.08120	0.28756	0.50599	0.00032	0.00015	4.4e-05	6.9e-05	0.11000	0.00011	0.00010
18	0.00019	0.00013	0.00016	0.00015	0.00019	0.00012	0.00574	0.01197	0.01655	0.05361	0.31608	0.13811	0.31776	0.07652	0.00018	4.7e-05	0.00344	0.03926	0.01970	0.00011
19	0.00739	0.00014	0.00016	0.00407	0.00020	0.03191	0.00266	0.02046	0.04239	0.01544	0.18951	0.52854	0.07083	0.06229	0.00018	0.00444	0.00299	0.01620	0.00011	0.00011
20	0.00026	0.20816	0.73157	0.00032	0.00637	0.00488	0.01306	0.00884	0.00639	0.00472	0.00629	0.00025	0.00016	0.00011	0.00011	3.6e-05	0.00816	8.6e-05	5.3e-05	0.00017
21	0.00015	0.00011	0.00014	0.00017	0.00018	0.00010	0.00012	0.00018	0.00644	0.00032	0.05216	0.83679	0.01987	0.00696	0.01316	0.00513	7.5e-05	0.05772	0.00011	0.0001
22	0.01993	0.00636	0.01939	0.16321	0.63227	0.00431	0.03760	0.01653	0.01589	0.04477	0.00669	0.00033	0.01745	0.00012	0.00529	3.8e-05	0.00704	0.00011	0.00249	0.00018
23	0.25055	0.49910	0.04197	0.00023	0.00361	0.04783	0.05288	0.03345	0.03026	0.00865	0.00295	0.00023	0.00017	0.00275	0.01903	3.5e-05	0.00271	7.7e-05	6.4e-05	0.00346
24	0.00765	0.00028	0.00487	0.12162	0.72516	0.05339	0.00402	0.01430	0.00633	0.00562	0.01838	0.00304	0.00021	0.02541	0.00273	3.9e-05	0.00015	0.00374	6.3e-05	0.00300
25	0.00259	0.00397	0.00563	0.00016	0.00362	0.00012	0.00232	0.00247	0.01220	0.10973	0.16862	0.37679	0.14241	0.12106	0.00425	0.00569	8e-05	0.02613	0.00720	0.00497
26	0.15580	0.07200	0.02922	0.00853	0.19795	0.01577	0.02573	0.05453	0.02619	0.13154	0.06535	0.07537	0.02989	0.00457	0.00012	3.6e-05	0.00968	0.00650	8.9e-05	0.09114
27	0.08198	0.05746	0.07612	0.02425	0.19157	0.01647	0.04114	0.05391	0.03061	0.17664	0.06958	0.04104	0.04027	0.00577	0.00394	3.7e-05	0.00978	0.01021	9.1e-05	0.06914
28	0.02188	0.09525	0.04766	0.01416	0.01703	0.02258	0.00924	0.05098	0.04749	0.05018	0.10699	0.19993	0.04367	0.07595	0.02277	0.07127	0.00945	0.04060	0.00369	0.04923
29	0.11564	0.05743	0.13074	0.04977	0.01806	0.04729	0.03785	0.08141	0.05024	0.12443	0.05023	0.04150	0.02365	0.00754	0.03319	0.00807	0.04126	0.02976	0.00197	0.04997

[dist]
# distance from previous block
# <min> <max>
4	89

[block]
# block no. 8 follows, 2883 sequences, length 24
# corresponding to MSA columns:
# 575-583,585-599
name=unknown_I
#
# <colnr> <probs for GDERKNQSTAVLIFYWHMCP>
#	G	D	E	R	K	N	Q	S	T	A	V	L	I	F	Y	W	H	M	C	P
0	0.01706	0.02065	0.05211	0.13396	0.07260	0.02524	0.08394	0.06178	0.03737	0.07735	0.07894	0.19021	0.04083	0.04758	0.01140	0.01035	0.01623	0.01325	0.00278	0.00635
1	0.04914	0.16625	0.27667	0.02038	0.04853	0.06945	0.05617	0.08547	0.03691	0.13951	0.00671	0.00779	0.00651	0.00393	0.00011	0.00241	0.00841	0.00448	0.00281	0.00836
2	0.00906	0.30426	0.50547	0.00030	0.00342	0.00445	0.09303	0.01019	0.01177	0.00860	0.00764	0.01208	0.00967	0.00012	0.00011	3.4e-05	0.00389	9.3e-05	0.00312	0.01268
3	0.00627	0.00017	0.00023	0.00019	0.00026	0.00016	0.00015	0.02707	0.01011	0.55684	0.24416	0.08380	0.06413	0.00020	0.00013	3.8e-05	8.6e-05	0.00017	0.00566	0.00017
4	0.00658	0.00019	0.08775	0.04290	0.01097	0.00016	0.03960	0.01836	0.04273	0.03753	0.23640	0.23902	0.14072	0.01706	0.00688	4.5e-05	0.01746	0.05166	0.00386	0.00013
5	0.01137	0.03930	0.23540	0.00368	0.00597	0.06212	0.08851	0.21136	0.01488	0.16468	0.01059	0.07974	0.00885	0.00469	0.00013	3.9e-05	0.00422	0.05421	9.4e-05	0.00017
6	0.08770	0.00021	0.00027	0.00021	0.00030	0.00020	0.00017	0.03205	0.05529	0.79844	0.00923	0.00041	0.00821	0.00015	0.00012	3.8e-05	0.00010	0.00657	0.00014	0.00020
7	0.00015	0.00011	0.00014	0.00017	0.00018	9.9e-05	0.00011	0.00017	0.00023	0.00031	0.00999	0.92922	0.02764	0.00885	0.00016	4.9e-05	7.1e-05	0.02216	0.00011	9.8e-05
8	0.01330	0.00368	0.09631	0.01319	0.02436	0.00631	0.04304	0.02382	0.07369	0.03033	0.24740	0.22138	0.14231	0.00945	0.00014	4.2e-05	9.2e-05	0.04625	0.00475	0.00013
9	0.12342	0.00028	0.00688	0.00432	0.01123	0.11798	0.04231	0.17848	0.02705	0.39588	0.03854	0.00594	0.00397	0.00015	0.00348	3.8e-05	0.00340	0.03636	0.00011	0.00018
10	0.00015	0.00011	0.00014	0.00017	0.00018	0.0001	0.00011	0.00017	0.00023	0.00031	0.00912	0.92329	0.00944	0.00907	0.00016	5e-05	7.2e-05	0.04692	0.00011	9.8e-05
11	0.97421	0.00024	0.02256	0.00016	0.00024	0.00027	0.00014	0.00035	0.00021	0.00054	0.00017	0.00020	0.00013	0.00011	7.5e-05	3.7e-05	9.5e-05	6.6e-05	7.4e-05	0.00013
12	0.00017	0.00012	0.00017	0.00017	0.00019	0.00014	0.00012	0.00020	0.00019	0.00027	0.00679	0.03289	0.01344	0.26233	0.60765	0.06846	0.00024	0.00015	0.00621	9.4e-05
13	0.04442	0.04441	0.03573	0.04052	0.18333	0.05402	0.02105	0.27569	0.12656	0.09808	0.01034	0.00455	0.00332	0.00013	0.00012	3.6e-05	0.00474	0.00431	9.5e-05	0.04855
14	0.00896	0.05000	0.18629	0.13130	0.07321	0.02242	0.08511	0.05690	0.02411	0.11940	0.01252	0.01772	0.00610	0.00013	0.00971	3.5e-05	0.00449	0.00386	0.00268	0.18506
15	0.02961	0.03267	0.02035	0.10282	0.24552	0.02985	0.08452	0.07989	0.06390	0.19963	0.01812	0.02251	0.00610	0.00265	0.00463	3.8e-05	0.01651	0.00588	8.9e-05	0.03468
16	0.00682	0.08898	0.55406	0.00395	0.00691	0.00459	0.14083	0.02243	0.03813	0.02721	0.02118	0.01940	0.02755	0.00013	0.00012	3.7e-05	0.00433	0.00963	6.5e-05	0.02365
17	0.01003	0.00019	0.00024	0.00019	0.00027	0.00017	0.00016	0.06721	0.01851	0.57656	0.13307	0.05092	0.12710	0.00734	0.00013	3.9e-05	9.1e-05	0.00016	0.00744	0.00017
18	0.01587	0.07825	0.18160	0.05421	0.09497	0.05621	0.08994	0.12917	0.04435	0.12815	0.01444	0.04608	0.01046	0.00995	0.00567	0.00334	0.00980	0.02480	0.00257	0.00017
19	0.02706	0.02870	0.06147	0.14334	0.32097	0.01911	0.09467	0.04243	0.01791	0.09478	0.01697	0.04455	0.01297	0.00252	0.00378	0.00362	0.01847	0.00458	7.5e-05	0.04201
20	0.00037	0.00019	0.01735	0.00316	0.01895	0.00759	0.00738	0.02377	0.01703	0.49622	0.19322	0.03154	0.10376	0.00349	0.00312	0.02473	9.4e-05	0.04463	0.00322	0.00016
21	0.00488	0.00015	0.03086	0.01388	0.02709	0.00273	0.00649	0.00557	0.03667	0.04202	0.42465	0.21334	0.15040	0.00934	0.00295	0.00408	0.00267	0.01512	0.00699	0.00012
22	0.02759	0.09155	0.06168	0.08336	0.24762	0.05227	0.04091	0.09718	0.04025	0.15800	0.02024	0.01401	0.00420	0.00365	0.00012	3.6e-05	0.01828	0.00720	8.4e-05	0.03178
23	0.03637	0.02600	0.10220	0.05932	0.19504	0.03517	0.08078	0.06292	0.07327	0.21574	0.03106	0.01865	0.00693	0.03422	0.00503	4.1e-05	0.00672	0.00399	0.00276	0.00378

[dist]
# distance from previous block
# <min> <max>
5	60

[block]
# block no. 9 follows, 2883 sequences, length 12
# corresponding to MSA columns:
# 665,669,673-675,678-682,685,687
name=unknown_J
#
# <colnr> <probs for GDERKNQSTAVLIFYWHMCP>
#	G	D	E	R	K	N	Q	S	T	A	V	L	I	F	Y	W	H	M	C	P
0	0.00642	0.00860	0.03445	0.00493	0.00502	0.00575	0.00824	0.10799	0.15973	0.13967	0.25764	0.09818	0.04912	0.03734	0.00015	4.1e-05	0.00494	0.01438	0.01620	0.04120
1	0.06577	0.14354	0.42423	0.00030	0.01372	0.01918	0.07119	0.12116	0.01336	0.08240	0.00024	0.00027	0.00018	0.00012	0.00011	3.5e-05	0.00015	9.2e-05	7.2e-05	0.04390
2	0.03642	0.14994	0.25068	0.01375	0.03143	0.03059	0.11733	0.02726	0.08231	0.14224	0.03732	0.01649	0.00800	0.02590	0.00013	3.8e-05	0.00612	0.00809	0.00800	0.00798
3	0.05100	0.00014	0.00018	0.01692	0.00778	0.00650	0.01080	0.00648	0.00839	0.07853	0.08564	0.42304	0.12430	0.00035	0.08003	0.06505	0.00542	0.02377	0.00558	0.00011
4	0.00016	0.00012	0.00014	0.00014	0.00017	0.00011	0.00010	0.00019	0.01235	0.01235	0.11796	0.26004	0.52117	0.05435	0.00017	4.7e-05	6.8e-05	0.02015	0.00011	0.00010
5	0.00857	0.00025	0.00040	0.47518	0.39077	0.00027	0.01016	0.03773	0.01711	0.01044	0.00852	0.00722	0.00020	0.00013	0.01169	4e-05	0.00685	0.00750	6.2e-05	0.00692
6	0.01950	0.02688	0.14072	0.05829	0.06189	0.02238	0.10099	0.04965	0.01479	0.20996	0.01880	0.16440	0.01498	0.01633	0.03861	0.00541	0.01422	0.01716	0.00488	0.00016
7	0.08558	0.00021	0.00027	0.00021	0.00029	0.00020	0.00017	0.09260	0.02467	0.70955	0.03630	0.00042	0.02394	0.00015	0.00012	3.7e-05	0.00010	0.00012	0.02487	0.00019
8	0.00015	0.00011	0.00014	0.00017	0.00017	9.9e-05	0.00011	0.00017	0.00023	0.00031	0.00069	0.88909	0.05677	0.02591	0.00016	5e-05	7.1e-05	0.02539	0.00011	9.8e-05
9	0.02324	0.00562	0.00775	0.18975	0.41785	0.02154	0.12180	0.05420	0.03282	0.08503	0.00833	0.00683	0.00781	0.00553	0.00013	3.8e-05	0.00594	0.00557	7.3e-05	0.00017
10	0.03814	0.01032	0.09381	0.07998	0.04060	0.04054	0.03971	0.10487	0.04011	0.12309	0.01834	0.16768	0.02269	0.01941	0.03304	0.05647	0.02330	0.04116	9.2e-05	0.00666
11	0.00715	0.00596	0.00017	0.00887	0.01396	0.00615	0.00013	0.01670	0.01477	0.05811	0.02362	0.62935	0.06753	0.02597	0.00016	4.9e-05	0.00808	0.10651	0.00011	0.00662

[dist]
# distance from previous block
# <min> <max>
0	53

# created by:
# /home/cegg/simao/soft/augustus-3.2.1/scripts/msa2prfl.pl ./align_prep/POG091H02EF.fa
