[name]
unknown

[dist]
# distance from previous block
# <min> <max>
0	25

[block]
# block no. 0 follows, 3454 sequences, length 14
# corresponding to MSA columns:
# 25-36,39,40
name=unknown_A
#
# <colnr> <probs for GDERKNQSTAVLIFYWHMCP>
#	G	D	E	R	K	N	Q	S	T	A	V	L	I	F	Y	W	H	M	C	P
0	0.00016	0.00011	0.00016	0.00018	0.00021	0.00011	0.00016	0.00021	0.00023	0.00030	0.02451	0.02491	0.00059	0.00028	0.00014	4.6e-05	9.1e-05	0.94741	9.3e-05	9.2e-05
1	0.90967	0.00020	0.00016	0.00014	0.00020	0.00023	0.00012	0.08767	0.00020	0.00047	0.00015	0.00017	0.00011	9.6e-05	6.6e-05	3.1e-05	8.1e-05	5.8e-05	6.6e-05	0.00011
2	0.00024	0.00027	0.00055	0.01931	0.09710	0.02103	0.80650	0.01305	0.00024	0.00032	0.00020	0.00026	0.00015	9e-05	0.00012	3.4e-05	0.04023	0.00011	5.1e-05	0.00014
3	0.00024	0.00023	0.00038	0.00057	0.90843	0.00023	0.00029	0.00030	0.00023	0.00033	0.08760	0.00029	0.00023	0.0001	0.00010	3e-05	0.00011	9.8e-05	5.5e-05	0.00015
4	0.03043	0.00012	0.00014	0.00013	0.00016	0.00011	0.0001	0.03433	0.04331	0.02717	0.65467	0.00073	0.18892	0.00020	0.00011	3.2e-05	5.4e-05	0.00916	0.01000	0.00010
5	0.00030	0.01526	0.00029	0.00827	0.00838	0.47414	0.00943	0.03372	0.00023	0.00026	0.00016	0.00021	0.00014	0.00014	0.00981	3.5e-05	0.40621	7.7e-05	0.03282	0.00012
6	0.00022	0.00018	0.00021	0.00015	0.00024	0.00014	0.00012	0.00027	0.02401	0.02504	0.00019	0.00022	0.00016	7.7e-05	7.6e-05	1.6e-05	7.5e-05	6.2e-05	6.2e-05	0.94851
7	0.00019	0.00018	0.00608	0.02174	0.01619	0.09683	0.00530	0.00618	0.15181	0.00551	0.06082	0.00932	0.39313	0.01915	0.10948	4.9e-05	0.09771	0.00015	8e-05	0.00011
8	0.80731	0.00019	0.00016	0.00014	0.00020	0.00021	0.00012	0.04140	0.00020	0.10293	0.01180	0.01194	0.01250	0.00011	7.1e-05	3.1e-05	7.9e-05	0.01042	7.2e-05	0.00012
9	0.00016	0.00013	0.00015	0.00015	0.00016	0.05994	0.00010	0.00960	0.00019	0.00767	0.00774	0.26770	0.10834	0.36666	0.01837	6.3e-05	0.08755	0.06516	7.4e-05	8.1e-05
10	0.00019	0.00018	0.00030	0.99623	0.00069	0.00022	0.00028	0.00026	0.00020	0.00026	0.00018	0.00027	0.00013	0.00010	0.00010	3.3e-05	0.00013	8.9e-05	4.5e-05	0.00011
11	0.00013	9.5e-05	0.00012	0.00014	0.00015	9e-05	9.4e-05	0.00016	0.03166	0.00028	0.14845	0.72128	0.07003	0.01263	0.01416	4.1e-05	6e-05	0.00026	9.5e-05	8.6e-05
12	0.74554	0.00019	0.00017	0.00755	0.01390	0.00809	0.03230	0.02109	0.00020	0.04406	0.09997	0.00025	0.01261	0.00011	7.4e-05	3.1e-05	8e-05	7.5e-05	7e-05	0.01364
13	0.00015	0.00012	0.00013	0.01959	0.00017	0.00011	9.7e-05	0.00820	0.09168	0.01026	0.31678	0.01513	0.50110	0.00867	0.02734	3.7e-05	6.1e-05	0.00019	9.8e-05	9.7e-05

[dist]
# distance from previous block
# <min> <max>
12	17

[block]
# block no. 1 follows, 3454 sequences, length 18
# corresponding to MSA columns:
# 69-86
name=unknown_B
#
# <colnr> <probs for GDERKNQSTAVLIFYWHMCP>
#	G	D	E	R	K	N	Q	S	T	A	V	L	I	F	Y	W	H	M	C	P
0	0.01879	0.30466	0.18025	0.07770	0.04143	0.13965	0.06932	0.02015	0.08499	0.01694	0.00614	0.02412	0.00402	0.00011	9e-05	2.9e-05	0.00632	0.00512	5.5e-05	0.00013
1	0.00015	0.00011	0.00015	0.00014	0.00016	0.00012	0.00011	0.00018	0.01144	0.02527	0.01093	0.01575	0.01212	0.31319	0.60068	0.00013	0.00020	0.00903	6e-05	8.3e-05
2	0.18197	0.00731	0.00397	0.03844	0.04815	0.00018	0.00749	0.08799	0.01089	0.42439	0.03195	0.00585	0.00419	0.00012	0.00367	3e-05	0.00445	0.00385	0.00353	0.13158
3	0.03371	0.36014	0.14014	0.03417	0.12189	0.04985	0.02801	0.06125	0.04388	0.06794	0.00914	0.00766	0.02164	0.00010	8.7e-05	2.8e-05	0.00615	7.9e-05	5.9e-05	0.01407
4	0.00020	0.00400	0.00020	0.00937	0.05402	0.19786	0.02057	0.01598	0.03120	0.00727	0.01611	0.26724	0.00845	0.10481	0.18072	0.01002	0.01073	0.04926	0.01188	9.9e-05
5	0.00013	9.2e-05	0.00012	0.00013	0.00015	8.5e-05	9.3e-05	0.00015	0.00021	0.01104	0.12992	0.73161	0.08949	0.02425	0.00014	4e-05	5.8e-05	0.01212	9.5e-05	8.4e-05
6	0.03872	0.05943	0.02474	0.01074	0.08943	0.05122	0.05457	0.01172	0.00609	0.07297	0.11463	0.15103	0.03213	0.02244	0.01791	0.00353	0.23332	0.00519	7e-05	0.00011
7	0.02514	0.00958	0.76430	0.00029	0.02649	0.02410	0.05589	0.04256	0.01248	0.02182	0.00020	0.00023	0.00509	0.00010	0.00617	3.2e-05	0.00014	0.00518	4.9e-05	0.00015
8	0.00027	0.99653	0.00053	0.00017	0.00026	0.00040	0.00017	0.00030	0.00020	0.00024	0.00014	0.00016	0.00013	8.6e-05	6.4e-05	2.1e-05	0.00011	5.4e-05	4.3e-05	0.00013
9	0.00017	0.05817	0.01382	0.01463	0.01025	0.03062	0.03734	0.02907	0.00413	0.02095	0.14535	0.27919	0.13305	0.07296	0.07108	0.00849	0.05915	0.00812	0.00336	9.7e-05
10	0.00942	0.01862	0.06652	0.08784	0.55263	0.02817	0.06900	0.01458	0.00650	0.09324	0.00972	0.01822	0.01275	0.00010	0.00010	3.1e-05	0.00615	0.00619	5.9e-05	0.00015
11	0.00013	0.00010	0.00011	0.00011	0.00014	9e-05	8.5e-05	0.00016	0.01149	0.01635	0.21720	0.08313	0.65409	0.00025	0.00012	3.4e-05	5.2e-05	0.01615	9.8e-05	8.9e-05
12	0.00019	0.00018	0.00030	0.91918	0.03413	0.00022	0.00027	0.00026	0.00020	0.00026	0.00018	0.00027	0.00014	0.00012	0.02553	3.7e-05	0.01829	9e-05	4.5e-05	0.00011
13	0.01023	0.05246	0.20663	0.09417	0.37423	0.03959	0.08059	0.02184	0.03131	0.05995	0.00635	0.00930	0.00425	0.0001	9.9e-05	3.1e-05	0.00470	9e-05	0.00393	0.00015
14	0.00016	0.00423	0.02266	0.00458	0.00574	0.00378	0.00011	0.00396	0.00624	0.02660	0.01207	0.07328	0.00884	0.40370	0.34685	0.01386	0.02486	0.03474	0.00365	8.2e-05
15	0.00013	9.5e-05	0.00012	0.00013	0.00015	8.7e-05	9.2e-05	0.00015	0.00021	0.00964	0.10634	0.52529	0.25935	0.04674	0.00014	4.1e-05	5.9e-05	0.05105	9.4e-05	8.4e-05
16	0.00588	0.04264	0.10195	0.04835	0.32745	0.07445	0.07714	0.06544	0.08471	0.03286	0.00897	0.02109	0.00875	0.01174	0.00522	3.3e-05	0.03315	0.04998	6.3e-05	0.00014
17	0.01537	0.04979	0.08928	0.03042	0.57119	0.03712	0.02222	0.03519	0.05466	0.06440	0.01259	0.00026	0.00428	9.9e-05	9.9e-05	3e-05	0.00855	8.9e-05	0.00421	0.00015

[dist]
# distance from previous block
# <min> <max>
4	22

[block]
# block no. 2 follows, 3454 sequences, length 11
# corresponding to MSA columns:
# 126,129-138
name=unknown_C
#
# <colnr> <probs for GDERKNQSTAVLIFYWHMCP>
#	G	D	E	R	K	N	Q	S	T	A	V	L	I	F	Y	W	H	M	C	P
0	0.02314	0.00687	0.00752	0.00019	0.00026	0.00769	0.05267	0.03186	0.01099	0.74008	0.02080	0.00796	0.01093	0.01079	0.04249	3.7e-05	9.8e-05	0.00010	0.00011	0.02541
1	0.51888	0.02066	0.00783	0.00018	0.00024	0.02474	0.04505	0.20552	0.00892	0.10372	0.00021	0.01736	0.00016	0.00811	0.01802	3.4e-05	9.7e-05	0.02006	7.7e-05	0.00013
2	0.00015	0.00011	0.00013	0.00012	0.00015	9.9e-05	9.3e-05	0.01470	0.02559	0.05288	0.40053	0.08337	0.40708	0.00023	0.00012	3.3e-05	5.3e-05	0.00019	0.01428	9.6e-05
3	0.07732	0.01360	0.00027	0.00020	0.00028	0.01243	0.00017	0.61099	0.00039	0.20408	0.02393	0.00027	0.00020	0.00012	9.6e-05	3e-05	0.0001	9e-05	0.01172	0.04372
4	0.05778	0.08317	0.04473	0.27172	0.27647	0.05755	0.07298	0.02459	0.03484	0.02476	0.00020	0.01307	0.00605	0.00011	0.00614	3.2e-05	0.01395	0.00590	0.00582	0.00013
5	0.00014	0.00011	0.00012	0.00012	0.00015	9.5e-05	8.7e-05	0.00018	0.03106	0.01351	0.34397	0.02012	0.52340	0.05336	0.00014	3.7e-05	5.4e-05	0.01317	9.8e-05	9e-05
6	0.00789	0.05509	0.34826	0.04181	0.03868	0.01240	0.07191	0.01021	0.04409	0.00795	0.20171	0.05456	0.05952	0.00700	0.00966	3.4e-05	0.00813	0.00776	0.01321	0.00012
7	0.00013	0.00011	0.00011	0.00011	0.00014	9.2e-05	8.3e-05	0.00016	0.03278	0.00029	0.09025	0.02265	0.83404	0.00025	0.00012	3.4e-05	5.2e-05	0.01843	9.5e-05	8.8e-05
8	0.00679	0.02275	0.68112	0.09014	0.07274	0.00761	0.02511	0.01156	0.00636	0.01362	0.01239	0.00639	0.01578	0.00010	0.00010	3.2e-05	0.01574	8.3e-05	0.01143	0.00014
9	0.00019	0.00018	0.00031	0.94909	0.04780	0.00022	0.00028	0.00026	0.00020	0.00026	0.00018	0.00027	0.00014	0.0001	0.00010	3.3e-05	0.00013	8.9e-05	4.5e-05	0.00011
10	0.00028	0.02304	0.00024	0.01552	0.05511	0.06117	0.00675	0.04598	0.20816	0.20341	0.01507	0.02966	0.00655	0.03357	0.00691	3.3e-05	0.01804	0.07667	8.6e-05	0.19375

[dist]
# distance from previous block
# <min> <max>
3	9

[block]
# block no. 3 follows, 3454 sequences, length 20
# corresponding to MSA columns:
# 153-172
name=unknown_D
#
# <colnr> <probs for GDERKNQSTAVLIFYWHMCP>
#	G	D	E	R	K	N	Q	S	T	A	V	L	I	F	Y	W	H	M	C	P
0	0.00017	0.00011	0.00014	0.00013	0.00016	0.00010	9.7e-05	0.00937	0.01181	0.10263	0.43027	0.07102	0.29487	0.00540	0.00012	3.3e-05	5.6e-05	0.02329	0.04317	0.00706
1	0.00023	0.03030	0.06712	0.26073	0.13110	0.09962	0.00432	0.01442	0.23798	0.01180	0.03542	0.00794	0.03707	0.01517	0.00405	3.3e-05	0.01388	0.01204	0.01664	0.00013
2	0.00014	0.00010	0.00012	0.00012	0.00015	9.1e-05	9e-05	0.00017	0.00025	0.00936	0.53304	0.09325	0.32969	0.01543	0.00013	3.4e-05	5.1e-05	0.01759	0.00010	9e-05
3	0.01376	0.06188	0.03707	0.02382	0.03098	0.06561	0.00480	0.07818	0.31290	0.01600	0.05809	0.03901	0.08965	0.06478	0.07653	4.6e-05	0.01544	0.01126	8.1e-05	0.00013
4	0.00013	9.9e-05	0.00011	0.00012	0.00014	8.7e-05	8.5e-05	0.00015	0.00023	0.00030	0.21898	0.19358	0.57006	0.00026	0.00012	3.5e-05	5.2e-05	0.01529	9.7e-05	8.6e-05
5	0.00021	0.00349	0.01130	0.04690	0.03613	0.00940	0.02774	0.04094	0.01233	0.00836	0.02579	0.01302	0.00332	0.03791	0.15100	0.03067	0.51548	0.00463	0.02125	0.00011
6	0.00028	0.00021	0.00023	0.00020	0.00025	0.00023	0.00015	0.13057	0.65372	0.10248	0.08337	0.00039	0.00034	0.00014	0.00010	3.3e-05	8.1e-05	0.00011	0.02696	0.00015
7	0.04770	0.00018	0.00023	0.00018	0.00026	0.00017	0.00015	0.08704	0.00959	0.79862	0.01682	0.00033	0.00024	0.00012	9.8e-05	3e-05	8.6e-05	9.8e-05	0.00012	0.03795
8	0.00022	0.00021	0.00034	0.55343	0.35355	0.01138	0.02074	0.00029	0.04957	0.00029	0.00020	0.00027	0.00016	0.0001	0.00010	3.2e-05	0.00013	0.00882	5e-05	0.00013
9	0.00021	0.00017	0.00020	0.01116	0.00024	0.00013	0.00012	0.00831	0.00021	0.03062	0.00973	0.03080	0.02850	9e-05	7.9e-05	1.7e-05	7.4e-05	7.4e-05	6.4e-05	0.87919
10	0.86878	0.00020	0.00016	0.00014	0.00020	0.04323	0.00012	0.00032	0.00019	0.08567	0.00016	0.00018	0.00012	9.6e-05	6.7e-05	3.1e-05	8.3e-05	5.9e-05	6.7e-05	0.00011
11	0.00017	0.00012	0.00016	0.00910	0.07796	0.00011	0.00722	0.01622	0.01067	0.04995	0.32072	0.10227	0.27443	0.00969	0.00469	3.6e-05	6.7e-05	0.11621	9.6e-05	0.00010
12	0.00014	0.00010	0.00013	0.00013	0.00015	9.3e-05	9.2e-05	0.00018	0.00025	0.01978	0.58307	0.12338	0.20280	0.04103	0.00014	3.6e-05	5.3e-05	0.02826	0.00010	9.1e-05
13	0.00012	0.0001	0.00011	0.00011	0.00014	8.6e-05	8.1e-05	0.00015	0.00023	0.00029	0.13014	0.15480	0.71278	0.00026	0.00012	3.5e-05	5.2e-05	0.00022	9.6e-05	8.6e-05
14	0.93620	0.00020	0.00016	0.00014	0.00020	0.00023	0.00011	0.04329	0.00019	0.01836	0.00015	0.00017	0.00011	9.5e-05	6.5e-05	3.1e-05	7.9e-05	5.7e-05	6.5e-05	0.00011
15	0.00024	0.00025	0.07607	0.22847	0.49245	0.00023	0.09149	0.03870	0.02364	0.02831	0.00752	0.00026	0.00016	9.6e-05	0.00010	3.1e-05	0.00013	9.2e-05	5.4e-05	0.01171
16	0.29002	0.04343	0.06500	0.06848	0.35882	0.07276	0.03878	0.03444	0.00022	0.02691	0.00018	0.00022	0.00014	9.4e-05	8.7e-05	3e-05	0.00011	7.6e-05	5.6e-05	0.00014
17	0.94517	0.00020	0.00015	0.00014	0.00020	0.02856	0.00011	0.00030	0.00018	0.02407	0.00015	0.00017	0.00011	9.4e-05	6.4e-05	3.1e-05	8.1e-05	5.6e-05	6.3e-05	0.00011
18	0.00935	0.02866	0.19121	0.00027	0.09664	0.00477	0.09147	0.18899	0.03882	0.30959	0.02658	0.00442	0.00447	0.00011	0.00010	3.1e-05	0.00418	9.6e-05	8.5e-05	0.00016
19	0.12017	0.21057	0.33135	0.01082	0.02782	0.18048	0.01109	0.01093	0.06015	0.00967	0.01254	0.00451	0.00015	0.00011	0.00925	3e-05	0.00013	7.2e-05	5.3e-05	0.00013

[dist]
# distance from previous block
# <min> <max>
0	2

[block]
# block no. 4 follows, 3454 sequences, length 11
# corresponding to MSA columns:
# 175-180,195-199
name=unknown_E
#
# <colnr> <probs for GDERKNQSTAVLIFYWHMCP>
#	G	D	E	R	K	N	Q	S	T	A	V	L	I	F	Y	W	H	M	C	P
0	0.00016	0.00012	0.00015	0.02277	0.05821	0.00011	0.00011	0.01275	0.00025	0.05757	0.24690	0.02559	0.55272	0.00022	0.00012	3.3e-05	0.01027	0.01178	9.5e-05	9.9e-05
1	0.01113	0.20162	0.58927	0.00800	0.04540	0.03112	0.01572	0.00031	0.01209	0.02521	0.01899	0.02997	0.01053	0.00010	9.1e-05	3e-05	0.00013	8.2e-05	5e-05	0.00014
2	0.00919	0.02024	0.05719	0.07554	0.38936	0.05940	0.05564	0.02833	0.02478	0.14419	0.08531	0.02412	0.01347	0.00012	0.00010	3.1e-05	0.00631	0.00647	7e-05	0.00014
3	0.00014	0.00010	0.00013	0.00015	0.03615	9.5e-05	0.00010	0.00016	0.01014	0.02180	0.06620	0.65376	0.15850	0.01332	0.01153	4.1e-05	0.00936	0.01813	9.2e-05	8.9e-05
4	0.00990	0.00020	0.02188	0.52468	0.26535	0.01231	0.03558	0.00897	0.02714	0.00829	0.04132	0.03004	0.01370	0.00011	0.00010	3.2e-05	0.00012	0.00010	5.4e-05	0.00013
5	0.04151	0.02100	0.11568	0.05210	0.27079	0.05922	0.06631	0.04432	0.04240	0.13571	0.06774	0.05346	0.00719	0.00012	0.00010	3.1e-05	0.01559	0.00011	0.00648	0.00014
6	0.06724	0.12143	0.27580	0.01327	0.14285	0.02080	0.07475	0.03219	0.03865	0.09106	0.02318	0.01243	0.01823	0.01235	0.00863	0.00520	0.03646	0.00527	6.1e-05	0.00014
7	0.00013	9.5e-05	0.00012	0.00013	0.00015	8.8e-05	9.4e-05	0.00016	0.01330	0.01407	0.14094	0.66826	0.12720	0.00028	0.00012	3.8e-05	5.7e-05	0.01899	0.01568	8.6e-05
8	0.02087	0.01441	0.17269	0.02340	0.13472	0.06242	0.15648	0.09058	0.11208	0.14222	0.01490	0.00835	0.01050	0.00608	0.00802	3.3e-05	0.01435	0.00768	7.2e-05	0.00015
9	0.01274	0.05649	0.05644	0.05580	0.52747	0.03514	0.04778	0.03897	0.03815	0.05445	0.00853	0.00634	0.03431	0.00011	0.01141	3.2e-05	0.00837	9.4e-05	5.9e-05	0.00730
10	0.02993	0.00599	0.03967	0.03004	0.04907	0.00623	0.02204	0.00725	0.03276	0.01005	0.01735	0.37610	0.14833	0.04391	0.02814	4.4e-05	0.01149	0.14144	8.3e-05	9.7e-05

[dist]
# distance from previous block
# <min> <max>
5	19

[block]
# block no. 5 follows, 3454 sequences, length 10
# corresponding to MSA columns:
# 220-229
name=unknown_F
#
# <colnr> <probs for GDERKNQSTAVLIFYWHMCP>
#	G	D	E	R	K	N	Q	S	T	A	V	L	I	F	Y	W	H	M	C	P
0	0.01785	0.01650	0.02343	0.05006	0.04003	0.11945	0.18997	0.06032	0.05310	0.05444	0.02287	0.03816	0.05244	0.05803	0.01346	0.01255	0.14587	0.02463	6.6e-05	0.00677
1	0.00013	0.00010	0.00012	0.00012	0.00015	8.9e-05	8.9e-05	0.00016	0.00023	0.01695	0.24719	0.21900	0.45148	0.01979	0.00013	3.7e-05	5.5e-05	0.04400	9.7e-05	8.8e-05
2	0.00800	0.11568	0.03322	0.00732	0.07248	0.62195	0.03571	0.04927	0.00967	0.00748	0.00863	0.00732	0.00015	0.00683	0.00715	2.8e-05	0.00885	7.3e-05	5.4e-05	0.00013
3	0.00014	0.00011	0.00012	0.00011	0.00015	9.2e-05	8.6e-05	0.00018	0.01725	0.02487	0.32108	0.01824	0.59785	0.00023	0.00012	3.3e-05	5.1e-05	0.00020	0.01902	9.2e-05
4	0.00616	0.00990	0.12068	0.02560	0.09293	0.03932	0.08295	0.03084	0.01950	0.04860	0.24295	0.09825	0.11355	0.02215	0.03002	3.8e-05	0.00966	0.00672	8e-05	0.00012
5	0.00021	0.02515	0.88295	0.00028	0.00042	0.01506	0.01917	0.00032	0.01508	0.01537	0.00020	0.02500	0.00015	0.00010	9.6e-05	3.2e-05	0.00014	8.1e-05	4.6e-05	0.00015
6	0.00014	0.00011	0.02544	0.00012	0.00015	9.5e-05	9.6e-05	0.00018	0.00025	0.01727	0.47443	0.04047	0.42297	0.00023	0.00012	3.3e-05	5.3e-05	0.01765	0.00010	9.3e-05
7	0.01689	0.02895	0.02004	0.26277	0.50520	0.01938	0.02925	0.01737	0.01093	0.03793	0.00019	0.00025	0.00015	9.5e-05	0.00010	3e-05	0.01143	8.7e-05	5.3e-05	0.03890
8	0.00839	0.02716	0.03433	0.22689	0.30985	0.17094	0.05907	0.04683	0.03919	0.00633	0.02025	0.00644	0.00017	0.00917	0.00969	3.2e-05	0.01289	9e-05	0.00600	0.00628
9	0.00022	0.00017	0.00021	0.00016	0.00023	0.00014	0.01908	0.01249	0.02294	0.07985	0.06588	0.01768	0.01541	0.01869	0.00987	2.2e-05	7.8e-05	0.01001	7.1e-05	0.72679

[dist]
# distance from previous block
# <min> <max>
0	2

[block]
# block no. 6 follows, 3454 sequences, length 34
# corresponding to MSA columns:
# 232-263,265,266
name=unknown_G
#
# <colnr> <probs for GDERKNQSTAVLIFYWHMCP>
#	G	D	E	R	K	N	Q	S	T	A	V	L	I	F	Y	W	H	M	C	P
0	0.00816	0.31943	0.53754	0.00025	0.00037	0.06163	0.03588	0.00742	0.00447	0.02374	0.00017	0.00020	0.00013	9.4e-05	8.6e-05	2.8e-05	0.00014	6.9e-05	4.6e-05	0.00014
1	0.01792	0.00013	0.00017	0.01188	0.05944	0.00013	0.00948	0.02446	0.10443	0.13645	0.04472	0.48277	0.08491	0.00023	0.00012	3.7e-05	7.1e-05	0.01971	0.00284	0.00011
2	0.00027	0.67585	0.05206	0.00747	0.00712	0.11274	0.00579	0.05318	0.00864	0.00244	0.03912	0.00022	0.02403	0.00010	0.00309	2.5e-05	0.00471	6.9e-05	0.00296	0.00013
3	0.01537	0.00017	0.00023	0.00018	0.00026	0.00015	0.00015	0.02854	0.00631	0.94099	0.00039	0.00034	0.00024	0.00012	0.00010	3.1e-05	8.6e-05	0.0001	0.00012	0.00611
4	0.00987	0.00239	0.00724	0.05628	0.15334	0.02195	0.41396	0.02805	0.07503	0.03908	0.06677	0.01279	0.01120	0.01561	0.01883	3.6e-05	0.03542	0.01224	6.4e-05	0.01987
5	0.00013	9.1e-05	0.00012	0.00014	0.00015	8.4e-05	9.2e-05	0.00015	0.00543	0.01197	0.00988	0.85886	0.08877	0.00030	0.00013	4e-05	5.8e-05	0.00027	0.02328	8.4e-05
6	0.00016	0.00011	0.00014	0.00013	0.00016	9.8e-05	0.00382	0.00403	0.00582	0.05023	0.71853	0.04884	0.14570	0.00021	0.00012	3.3e-05	5.2e-05	0.01776	0.00397	9.7e-05
7	0.11705	0.00017	0.00022	0.00017	0.00025	0.00016	0.00014	0.01558	0.00028	0.85646	0.00036	0.00032	0.00023	0.00012	9.6e-05	3.1e-05	8.5e-05	9.5e-05	0.00801	0.00016
8	0.00207	0.11778	0.54323	0.01893	0.01362	0.03508	0.19644	0.02221	0.00695	0.01181	0.00350	0.00945	0.00238	9.9e-05	0.00243	3.1e-05	0.00269	0.00314	0.00805	0.00014
9	0.13137	0.02693	0.00442	0.02637	0.00868	0.33777	0.01529	0.32710	0.02268	0.03185	0.00021	0.00500	0.00016	0.00665	0.04050	0.00561	0.00014	0.00907	7.3e-05	0.00013
10	0.00012	0.00010	0.00011	0.00011	0.00014	8.7e-05	8.1e-05	0.00015	0.00024	0.00030	0.19401	0.01322	0.77593	0.00025	0.00012	3.4e-05	5.1e-05	0.01477	9.7e-05	8.7e-05
11	0.01675	0.00017	0.00023	0.00018	0.00025	0.00016	0.00015	0.01699	0.04667	0.90181	0.00757	0.00034	0.00025	0.00012	0.00010	3.1e-05	8.5e-05	0.00010	0.00785	0.00017
12	0.01933	0.01854	0.18286	0.15786	0.02486	0.00406	0.21915	0.11429	0.07791	0.04953	0.01227	0.07269	0.02132	0.00522	0.00011	3.4e-05	0.00488	0.01490	6.7e-05	0.00013
13	0.01487	0.02316	0.00056	0.01660	0.04493	0.00025	0.84994	0.01912	0.00024	0.02900	0.00021	0.00027	0.00015	8.7e-05	0.00011	3.3e-05	0.00016	0.00011	5.4e-05	0.00014
14	0.00012	9.1e-05	0.00011	0.00013	0.00014	8.3e-05	9e-05	0.00014	0.00020	0.00026	0.03072	0.73991	0.21830	0.00030	0.00013	3.9e-05	5.7e-05	0.00899	9.4e-05	8.3e-05
15	0.00385	0.00047	0.82489	0.00288	0.00370	0.00329	0.02391	0.04633	0.02806	0.03361	0.01768	0.00024	0.00474	0.00010	9.7e-05	3.2e-05	0.00014	0.00578	5.2e-05	0.00015
16	0.07995	0.00567	0.00734	0.33264	0.19872	0.18277	0.06826	0.03331	0.00024	0.06470	0.00019	0.00025	0.00015	0.00010	0.00010	3.1e-05	0.01930	0.00359	0.00257	0.00013
17	0.00019	0.00018	0.00030	0.93204	0.04422	0.00649	0.00028	0.00026	0.00020	0.00026	0.00018	0.00670	0.00014	0.00010	0.00010	3.3e-05	0.00013	0.00802	4.6e-05	0.00011
18	0.01628	0.00012	0.02083	0.00014	0.00805	0.00011	0.02495	0.00380	0.00528	0.06539	0.51907	0.00780	0.26407	0.01766	0.00012	3.4e-05	6e-05	0.04602	0.00010	0.0001
19	0.00760	0.00021	0.00025	0.00020	0.00573	0.00623	0.00636	0.35514	0.02755	0.40894	0.00502	0.00039	0.00521	0.01613	0.00011	3.3e-05	9.5e-05	0.10269	0.00011	0.05201
20	0.00015	0.00010	0.00012	0.00012	0.00013	0.00011	7.7e-05	0.00464	0.00450	0.00021	0.00980	0.00060	0.00034	0.76583	0.19794	0.00544	0.00964	0.00014	6e-05	6.8e-05
21	0.00019	0.00018	0.00031	0.92120	0.07569	0.00022	0.00028	0.00026	0.00020	0.00026	0.00018	0.00027	0.00014	0.0001	0.00010	3.3e-05	0.00013	8.9e-05	4.5e-05	0.00012
22	0.00019	0.00018	0.00030	0.87579	0.03900	0.00022	0.00027	0.00954	0.01692	0.00956	0.01267	0.00830	0.01761	0.00011	0.00010	3.3e-05	0.00403	0.00503	4.9e-05	0.00011
23	0.00040	0.00016	0.00022	0.00017	0.00024	0.00014	0.00014	0.00634	0.01883	0.82152	0.13809	0.00040	0.00660	0.00014	0.00010	3.1e-05	8e-05	0.00011	0.00612	0.00016
24	0.00017	0.00014	0.00323	0.00020	0.00953	0.00013	0.12345	0.00496	0.01001	0.00789	0.07999	0.02683	0.10287	0.00024	0.00013	4.2e-05	9.4e-05	0.62990	8.9e-05	9.9e-05
25	0.00024	0.00023	0.00039	0.18253	0.77107	0.00779	0.01036	0.00979	0.01605	0.00032	0.00019	0.00025	0.00016	9.3e-05	0.0001	3.1e-05	0.00012	9e-05	5e-05	0.00015
26	0.01623	0.00021	0.00039	0.22444	0.19402	0.00494	0.33232	0.02462	0.00427	0.01033	0.00583	0.02140	0.00971	0.02043	0.00362	3.6e-05	0.00270	0.12431	5.9e-05	0.00013
27	0.04022	0.00019	0.03341	0.00018	0.00316	0.00253	0.00513	0.06880	0.03169	0.70917	0.06400	0.00541	0.00879	0.00014	0.00940	3.2e-05	8.8e-05	0.00236	0.01514	0.00016
28	0.00312	0.00011	0.00305	0.00013	0.00017	0.00010	0.02360	0.00311	0.00959	0.02271	0.24768	0.07765	0.45008	0.00024	0.00012	3.6e-05	6.1e-05	0.14991	0.00844	9.3e-05
29	0.04532	0.00888	0.02350	0.08029	0.01497	0.01567	0.59188	0.04810	0.02409	0.08568	0.00264	0.00607	0.00018	0.02874	0.00247	3.5e-05	0.00210	0.01917	6.2e-05	0.00013
30	0.02879	0.03408	0.00030	0.34766	0.04421	0.21613	0.01691	0.17966	0.03208	0.06537	0.00320	0.01912	0.00527	0.00011	9.7e-05	3.1e-05	0.00013	0.00665	6.6e-05	0.00013
31	0.00039	0.00018	0.00023	0.00018	0.00026	0.00018	0.00015	0.06725	0.19290	0.68391	0.04313	0.00036	0.00028	0.00013	0.00010	3.2e-05	8.4e-05	0.00011	0.00997	0.00016
32	0.00017	0.00014	0.01917	0.01454	0.00288	0.00013	0.08354	0.00274	0.01224	0.00359	0.00455	0.11568	0.02486	0.01281	0.00014	4.4e-05	9.5e-05	0.70251	8.7e-05	9.7e-05
33	0.00021	0.01749	0.02376	0.62018	0.29235	0.00697	0.01025	0.01430	0.00528	0.00335	0.00018	0.00026	0.00014	9.8e-05	0.00010	3.2e-05	0.00477	8.9e-05	4.7e-05	0.00013

[dist]
# distance from previous block
# <min> <max>
2	9

[block]
# block no. 7 follows, 3454 sequences, length 45
# corresponding to MSA columns:
# 279-293,295-324
name=unknown_H
#
# <colnr> <probs for GDERKNQSTAVLIFYWHMCP>
#	G	D	E	R	K	N	Q	S	T	A	V	L	I	F	Y	W	H	M	C	P
0	0.00833	0.00016	0.00022	0.00017	0.00024	0.00014	0.00014	0.00628	0.00434	0.81793	0.12630	0.00332	0.01415	0.00014	0.00010	3.1e-05	7.9e-05	0.00011	0.01766	0.00016
1	0.00420	0.01639	0.18110	0.03738	0.51721	0.00181	0.11385	0.00029	0.00898	0.00249	0.02318	0.07747	0.00298	0.00207	0.00010	3.2e-05	0.00223	0.00803	5.4e-05	0.00014
2	0.99718	0.00019	0.00015	0.00013	0.00019	0.00023	0.00011	0.00030	0.00017	0.00045	0.00014	0.00016	0.00011	9.3e-05	6.2e-05	3.1e-05	7.8e-05	5.4e-05	6.2e-05	0.00011
3	0.00013	0.00010	0.00011	0.00011	0.00014	8.8e-05	8.1e-05	0.00016	0.00323	0.01489	0.14761	0.01104	0.80279	0.00874	0.00012	3.4e-05	5.2e-05	0.00360	0.00689	8.8e-05
4	0.00024	0.00023	0.00039	0.17636	0.81135	0.00024	0.00030	0.00030	0.00906	0.00032	0.00019	0.00025	0.00016	9.2e-05	0.0001	3.1e-05	0.00012	9e-05	4.9e-05	0.00015
5	0.00016	0.00012	0.00268	0.00013	0.00017	0.00012	0.0001	0.00302	0.15551	0.02017	0.39909	0.00905	0.39700	0.00021	0.00012	3.3e-05	5.5e-05	0.00681	0.00535	0.00010
6	0.00024	0.00025	0.06689	0.09403	0.05925	0.05728	0.33948	0.06893	0.02527	0.06091	0.01391	0.03090	0.03102	0.00014	0.00296	3.5e-05	0.00271	0.12718	0.01850	0.00013
7	0.00017	0.00011	0.00013	0.00012	0.00015	0.00011	9.3e-05	0.03735	0.02442	0.02507	0.45362	0.08810	0.10641	0.00019	0.00267	3.1e-05	5.3e-05	0.00324	0.25788	9.9e-05
8	0.06584	0.00026	0.00028	0.00023	0.02658	0.00365	0.00512	0.75092	0.00951	0.13049	0.00025	0.00025	0.00018	0.00012	9.8e-05	3e-05	0.00011	9e-05	0.00583	0.00017
9	0.99718	0.00019	0.00015	0.00013	0.00019	0.00023	0.00011	0.00030	0.00017	0.00045	0.00014	0.00016	0.00011	9.3e-05	6.2e-05	3.1e-05	7.8e-05	5.4e-05	6.2e-05	0.00011
10	0.00019	0.00018	0.00030	0.98470	0.01221	0.00022	0.00028	0.00026	0.00020	0.00026	0.00018	0.00027	0.00013	0.00010	0.00010	3.3e-05	0.00013	8.9e-05	4.5e-05	0.00011
11	0.00012	8.8e-05	0.00012	0.00014	0.00015	8.2e-05	9.3e-05	0.00014	0.00019	0.00026	0.01054	0.95757	0.02952	0.00031	0.00013	4e-05	5.8e-05	0.00028	9.3e-05	8.2e-05
12	0.58036	0.01331	0.00020	0.00018	0.00024	0.30573	0.00014	0.01930	0.00022	0.07928	0.00017	0.00018	0.00013	9.9e-05	7.5e-05	2.9e-05	0.00011	6.2e-05	6.4e-05	0.00012
13	0.98436	0.00020	0.00015	0.00013	0.00020	0.01303	0.00011	0.00030	0.00017	0.00045	0.00014	0.00016	0.00011	9.3e-05	6.3e-05	3.1e-05	7.9e-05	5.5e-05	6.2e-05	0.00011
14	0.00041	0.00359	0.00023	0.01233	0.00025	0.01173	0.00015	0.01750	0.00397	0.85103	0.05386	0.00363	0.03103	0.00013	0.00010	3.1e-05	0.00962	0.00011	0.00012	0.00016
15	0.00022	0.20930	0.77945	0.00026	0.00040	0.00027	0.00033	0.00032	0.00021	0.00813	0.00017	0.00020	0.00013	9.4e-05	8.9e-05	3e-05	0.00014	7e-05	4.3e-05	0.00014
16	0.00014	0.00011	0.00014	0.00014	0.00017	0.00010	0.01668	0.00017	0.00023	0.00028	0.00538	0.02458	0.53921	0.00026	0.00013	3.9e-05	7e-05	0.41199	9.2e-05	8.9e-05
17	0.01962	0.00019	0.00024	0.00019	0.01160	0.00017	0.00015	0.14292	0.00031	0.82295	0.00037	0.00032	0.00023	0.00012	0.00010	3.1e-05	8.9e-05	9.8e-05	0.00012	0.00017
18	0.01236	0.00018	0.00030	0.97635	0.00068	0.00022	0.00028	0.00026	0.00020	0.00026	0.00018	0.00027	0.00013	0.00010	0.00010	3.4e-05	0.00786	8.9e-05	4.5e-05	0.00011
19	0.00431	0.00842	0.00026	0.09417	0.03413	0.00864	0.00930	0.28616	0.36972	0.06958	0.04837	0.00306	0.01498	0.00014	0.00277	3.3e-05	9.6e-05	0.03453	0.00907	0.00227
20	0.00020	0.00433	0.95040	0.00028	0.00043	0.00023	0.00735	0.00032	0.00021	0.00735	0.01923	0.00022	0.00014	9.8e-05	9.8e-05	3.2e-05	0.00880	7.7e-05	4.4e-05	0.00015
21	0.10893	0.00141	0.02364	0.02760	0.01725	0.01320	0.04560	0.04465	0.03379	0.00499	0.01983	0.01478	0.00155	0.08330	0.00442	0.47175	0.03774	0.03842	0.00706	8e-05
22	0.00216	0.00205	0.02965	0.00017	0.00019	0.00222	0.00886	0.00315	0.03305	0.01822	0.02937	0.02413	0.01999	0.03970	0.74639	0.00013	0.02964	0.01077	6e-05	9.5e-05
23	0.00265	0.00460	0.00029	0.39051	0.14995	0.03216	0.00428	0.16060	0.02971	0.03970	0.00679	0.06703	0.02325	0.00013	0.00012	0.00224	0.05526	0.03054	6.6e-05	0.00013
24	0.00021	0.04423	0.81725	0.02613	0.01787	0.01702	0.02347	0.00964	0.00022	0.00769	0.01884	0.00977	0.00015	0.00010	9.7e-05	0.00264	0.00014	0.00435	4.6e-05	0.00014
25	0.97801	0.00019	0.00015	0.00839	0.01109	0.00023	0.00011	0.00030	0.00017	0.00045	0.00014	0.00016	0.00011	9.3e-05	6.3e-05	3.1e-05	7.9e-05	5.5e-05	6.2e-05	0.00011
26	0.00022	0.00021	0.03110	0.66643	0.04379	0.01851	0.00849	0.07763	0.13042	0.00031	0.00835	0.00438	0.00734	0.00011	0.00010	3.3e-05	0.00012	9.4e-05	0.00224	0.00013
27	0.00014	0.00011	0.00013	0.00013	0.00016	0.00010	9.8e-05	0.00416	0.04816	0.00037	0.69610	0.03740	0.16781	0.00361	0.00012	3.3e-05	5.2e-05	0.04111	0.00011	9.6e-05
28	0.00021	0.00018	0.00021	0.00962	0.02159	0.00014	0.00013	0.00870	0.00021	0.00033	0.00018	0.00021	0.00015	7.5e-05	7.5e-05	1.6e-05	7.6e-05	6.1e-05	6e-05	0.95778
29	0.00013	9.1e-05	0.00012	0.02109	0.00016	8.6e-05	9.8e-05	0.00729	0.00019	0.00026	0.00054	0.96081	0.00065	0.00031	0.00013	4.1e-05	6e-05	0.00776	9.2e-05	8.3e-05
30	0.00574	0.00023	0.00036	0.00029	0.00032	0.01163	0.19486	0.04347	0.00348	0.01235	0.00015	0.00023	0.00014	0.00015	0.00027	4.1e-05	0.72601	9.4e-05	4.9e-05	0.00012
31	0.00025	0.00022	0.00023	0.00021	0.01367	0.00025	0.00016	0.00851	0.97427	0.00042	0.00040	0.00037	0.00030	0.00014	0.00010	3.4e-05	8e-05	0.00011	0.00010	0.00016
32	0.00012	8.9e-05	0.00012	0.00014	0.00014	8.3e-05	9.1e-05	0.00014	0.00019	0.00025	0.00761	0.85682	0.05247	0.06970	0.00635	4.5e-05	6.2e-05	0.00540	9.1e-05	8.1e-05
33	0.00019	0.00446	0.00031	0.95076	0.02349	0.00023	0.00981	0.00516	0.00413	0.00026	0.00018	0.00027	0.00014	0.00010	0.00010	3.3e-05	0.00013	8.9e-05	4.5e-05	0.00011
34	0.00352	0.00018	0.00457	0.00019	0.00027	0.00372	0.03214	0.02520	0.00409	0.91476	0.00038	0.00034	0.00025	0.00012	0.00010	3.1e-05	8.9e-05	0.00976	0.00012	0.00017
35	0.00202	0.72917	0.01839	0.00620	0.04905	0.13204	0.00558	0.00252	0.00255	0.00389	0.00709	0.01057	0.01486	9.7e-05	0.00158	2.4e-05	0.00386	0.00531	4.7e-05	0.00514
36	0.00012	0.00010	0.00011	0.00010	0.00014	8.6e-05	7.9e-05	0.00015	0.00023	0.00029	0.10952	0.01243	0.87580	0.00025	0.00012	3.4e-05	5.1e-05	0.00021	9.5e-05	8.6e-05
37	0.01029	0.93165	0.02781	0.00018	0.00026	0.00538	0.00619	0.01206	0.00021	0.00501	0.00014	0.00017	0.00013	8.7e-05	6.6e-05	2.2e-05	0.00011	5.5e-05	4.4e-05	0.00013
38	0.00014	0.00011	0.00016	0.00016	0.00017	0.00012	0.00012	0.00398	0.00016	0.00023	0.00439	0.01128	0.00027	0.06534	0.90755	0.00015	0.00025	0.00526	5.5e-05	8.8e-05
39	0.52798	0.00283	0.00383	0.00016	0.00022	0.03265	0.00013	0.05048	0.00355	0.33997	0.00024	0.00024	0.00017	0.00011	0.00529	3.1e-05	0.00508	7.4e-05	0.02684	0.00013
40	0.00162	0.00176	0.01865	0.00954	0.01358	0.01012	0.04963	0.01253	0.26302	0.01808	0.05224	0.06415	0.01520	0.33109	0.03481	0.06272	0.02820	0.00224	0.00923	0.00160
41	0.00959	0.01131	0.03956	0.01894	0.03109	0.00337	0.00233	0.13061	0.04829	0.49018	0.08243	0.01041	0.00213	0.03503	0.05931	4.1e-05	0.00843	0.00697	0.00982	0.00015
42	0.01546	0.00241	0.68550	0.03110	0.00576	0.01476	0.00304	0.02535	0.09361	0.00787	0.03133	0.01543	0.02682	0.00624	0.00011	3.3e-05	0.02954	9e-05	0.00180	0.00378
43	0.01009	0.00018	0.00023	0.00018	0.00026	0.00015	0.00015	0.03981	0.00029	0.94695	0.00039	0.00034	0.00024	0.00012	0.00010	3.1e-05	8.6e-05	0.00010	0.00012	0.00017
44	0.00023	0.09904	0.04818	0.11254	0.16324	0.05146	0.02678	0.02773	0.00939	0.03008	0.00443	0.13681	0.00232	0.03372	0.00942	0.00760	0.19755	0.02299	5.9e-05	0.01643

[dist]
# distance from previous block
# <min> <max>
1	1

[block]
# block no. 8 follows, 3454 sequences, length 18
# corresponding to MSA columns:
# 328-345
name=unknown_I
#
# <colnr> <probs for GDERKNQSTAVLIFYWHMCP>
#	G	D	E	R	K	N	Q	S	T	A	V	L	I	F	Y	W	H	M	C	P
0	0.00025	0.00020	0.00718	0.00023	0.08348	0.00799	0.01795	0.01074	0.63432	0.08391	0.03716	0.01201	0.06054	0.00014	0.00010	3.3e-05	8.3e-05	0.01602	9.6e-05	0.02755
1	0.00015	0.00011	0.00016	0.00016	0.00018	0.00013	0.01440	0.00737	0.00017	0.01099	0.03924	0.01058	0.00030	0.13307	0.74631	0.00014	0.01154	0.02485	5.9e-05	8.8e-05
2	0.96937	0.00019	0.00015	0.00013	0.00019	0.00022	0.00011	0.00029	0.00017	0.00045	0.00015	0.00017	0.00011	9.4e-05	6.2e-05	3.1e-05	7.7e-05	5.5e-05	0.02787	0.00011
3	0.00019	0.01026	0.02239	0.14448	0.14096	0.01365	0.03242	0.01982	0.05380	0.03571	0.16171	0.03635	0.28988	0.00017	0.00012	3.3e-05	0.02405	0.00468	0.00922	0.00011
4	0.00013	9.9e-05	0.00011	0.00011	0.00014	8.8e-05	8.3e-05	0.00016	0.01258	0.00028	0.04407	0.23575	0.61772	0.00026	0.00012	3.5e-05	5.3e-05	0.01439	0.07374	8.6e-05
5	0.96937	0.00020	0.00015	0.00013	0.00020	0.00023	0.00011	0.02806	0.00018	0.00046	0.00014	0.00017	0.00011	9.4e-05	6.3e-05	3.1e-05	7.9e-05	5.5e-05	6.3e-05	0.00011
6	0.00014	0.00010	0.00013	0.00012	0.00015	9.4e-05	9.1e-05	0.00018	0.00822	0.00834	0.67734	0.03857	0.24353	0.00022	0.00012	3.3e-05	5e-05	0.00832	0.01415	9.3e-05
7	0.00025	0.00024	0.00041	0.01870	0.93312	0.00024	0.03100	0.00031	0.01416	0.00033	0.00019	0.00025	0.00016	9e-05	0.00010	3e-05	0.00012	9.1e-05	5e-05	0.00016
8	0.00015	0.00011	0.00014	0.00013	0.00015	0.00010	9.7e-05	0.00021	0.03524	0.01803	0.89590	0.00072	0.01360	0.00020	0.00012	3.1e-05	4.9e-05	0.00018	0.03476	9.8e-05
9	0.00017	9.2e-05	0.00013	0.00013	0.00014	9.3e-05	9.1e-05	0.00724	0.00794	0.00018	0.00019	0.01326	0.00019	0.00895	0.03481	0.91181	0.00718	0.00729	4.6e-05	4.8e-05
10	0.00013	0.00010	0.00011	0.00011	0.00014	9.2e-05	8.4e-05	0.00017	0.02358	0.00834	0.23075	0.03582	0.68361	0.00833	0.00012	3.4e-05	5.2e-05	0.00822	9.7e-05	8.9e-05
11	0.00018	0.00014	0.00016	0.00015	0.00017	0.08392	0.00011	0.02929	0.00018	0.00025	0.00028	0.00046	0.00028	0.25800	0.48597	0.00011	0.01063	0.02708	0.10255	8.8e-05
12	0.00024	0.01154	0.00435	0.17678	0.56565	0.04739	0.01548	0.01981	0.05173	0.00436	0.01828	0.04484	0.00666	0.00437	0.00011	3.2e-05	0.02403	0.00010	0.00410	0.00014
13	0.88540	0.01880	0.02408	0.01862	0.02343	0.00814	0.00013	0.00756	0.00018	0.00044	0.00014	0.00017	0.00011	9.3e-05	6.5e-05	3.1e-05	8.3e-05	5.7e-05	6.1e-05	0.01242
14	0.01956	0.26931	0.61593	0.00641	0.00867	0.02304	0.00462	0.00491	0.00461	0.00030	0.00460	0.00450	0.00636	0.00929	9.1e-05	2.9e-05	0.00013	0.00778	4.5e-05	0.00982
15	0.00826	0.01385	0.02617	0.00774	0.03209	0.03094	0.00568	0.02493	0.01248	0.02356	0.40091	0.01523	0.30659	0.02860	0.03281	3.9e-05	0.00615	0.02376	9.3e-05	0.0001
16	0.00461	0.00775	0.01859	0.01199	0.02452	0.01486	0.00507	0.03427	0.06635	0.04537	0.05733	0.45508	0.09071	0.05342	0.06998	4.9e-05	0.00332	0.02395	8.7e-05	0.01269
17	0.20412	0.05942	0.10484	0.01162	0.03872	0.10025	0.06710	0.05500	0.01990	0.04116	0.01147	0.00708	0.01375	0.00396	0.00427	2.7e-05	0.00654	0.00393	6.2e-05	0.24677

[dist]
# distance from previous block
# <min> <max>
0	187

# created by:
# /home/cegg/simao/soft/augustus-3.2.1/scripts/msa2prfl.pl ./align_prep/POG091H00OD.fa
