[name]
unknown

[dist]
# distance from previous block
# <min> <max>
0	84

[block]
# block no. 0 follows, 3273 sequences, length 9
# corresponding to MSA columns:
# 119-127
name=unknown_A
#
# <colnr> <probs for GDERKNQSTAVLIFYWHMCP>
#	G	D	E	R	K	N	Q	S	T	A	V	L	I	F	Y	W	H	M	C	P
0	0.01189	0.02722	0.04170	0.02451	0.02938	0.17070	0.06269	0.06896	0.02560	0.01783	0.02063	0.01235	0.02113	0.00927	0.00750	4e-05	0.03508	0.40063	0.00621	0.00668
1	0.00960	0.14360	0.08705	0.02772	0.13876	0.25358	0.08973	0.07238	0.01433	0.03245	0.00021	0.01622	0.01675	0.00011	0.00011	3e-05	0.03212	8.7e-05	6.1e-05	0.06509
2	0.00017	0.01237	0.00774	0.01658	0.06799	0.00013	0.04094	0.00838	0.03852	0.04594	0.05689	0.36718	0.27041	0.01133	0.03689	4.4e-05	0.00802	0.01027	9.2e-05	0.00011
3	0.00015	0.00013	0.00015	0.01163	0.01442	0.03769	0.04299	0.00018	0.01196	0.00029	0.05890	0.25596	0.52756	0.01344	0.00013	3.8e-05	7e-05	0.02411	9.4e-05	9.5e-05
4	0.00787	0.14830	0.12265	0.11514	0.20601	0.06598	0.16956	0.01610	0.01061	0.05040	0.02315	0.01140	0.03441	0.00011	0.00011	3.2e-05	0.00970	0.00827	6e-05	0.00014
5	0.06908	0.01758	0.15673	0.04741	0.11994	0.03283	0.11581	0.06588	0.04585	0.11669	0.02651	0.03837	0.03451	0.05642	0.01538	4e-05	0.01515	0.01926	7.4e-05	0.00648
6	0.01852	0.01150	0.01161	0.00015	0.01655	0.00011	0.00011	0.02160	0.01272	0.04527	0.20640	0.26557	0.28500	0.08570	0.00937	4.4e-05	6.9e-05	0.00953	9.8e-05	9.9e-05
7	0.01098	0.11488	0.44161	0.00891	0.00035	0.04243	0.03523	0.02605	0.10837	0.02227	0.05521	0.04566	0.07245	0.00014	0.00011	3.3e-05	0.01500	0.00011	6.6e-05	0.00014
8	0.00658	0.06591	0.13493	0.03767	0.16123	0.04947	0.11835	0.06084	0.01868	0.19190	0.01740	0.05691	0.00972	0.00657	0.01063	3.4e-05	0.00765	0.00969	7.6e-05	0.03575

[dist]
# distance from previous block
# <min> <max>
4	13

[block]
# block no. 1 follows, 3273 sequences, length 20
# corresponding to MSA columns:
# 141-160
name=unknown_B
#
# <colnr> <probs for GDERKNQSTAVLIFYWHMCP>
#	G	D	E	R	K	N	Q	S	T	A	V	L	I	F	Y	W	H	M	C	P
0	0.01536	0.46881	0.16533	0.02386	0.03240	0.08860	0.03792	0.04026	0.07068	0.02156	0.01123	0.00429	0.00697	0.00010	8.8e-05	2.8e-05	0.00383	7.7e-05	5.7e-05	0.00855
1	0.00016	0.00013	0.00798	0.00793	0.03777	0.00895	0.00495	0.00020	0.01293	0.03017	0.16131	0.19811	0.36508	0.05778	0.00891	0.00652	0.01766	0.03333	0.00370	0.03644
2	0.00390	0.01230	0.00917	0.00017	0.00485	0.00382	0.01675	0.00440	0.01867	0.01148	0.00589	0.01873	0.00375	0.00811	0.00375	1.9e-05	8.3e-05	0.00533	6.5e-05	0.86877
3	0.00799	0.16082	0.23116	0.01142	0.07677	0.07299	0.08848	0.08085	0.04673	0.10501	0.04730	0.00577	0.00766	0.01471	0.00419	3.3e-05	0.01958	9.5e-05	6.9e-05	0.01837
4	0.00016	0.00010	0.00012	0.00012	0.00012	0.00010	7.1e-05	0.00016	0.00017	0.01514	0.04626	0.02849	0.07437	0.81202	0.00802	9.1e-05	9.6e-05	0.00768	0.00664	7.1e-05
5	0.05606	0.00992	0.06307	0.29931	0.12635	0.12032	0.03790	0.06338	0.00711	0.11789	0.00446	0.00434	0.00954	0.00525	0.03199	0.00380	0.02837	0.00553	0.00528	0.00014
6	0.00486	0.00017	0.01368	0.00016	0.00023	0.00015	0.00838	0.05598	0.04009	0.15908	0.24996	0.00045	0.06435	0.00486	0.00010	2.7e-05	0.00505	0.00012	9.3e-05	0.39220
7	0.97176	0.00020	0.00016	0.00014	0.00021	0.00024	0.00012	0.00032	0.00018	0.02570	0.00015	0.00018	0.00012	9.9e-05	6.7e-05	3.3e-05	8.2e-05	5.9e-05	6.7e-05	0.00012
8	0.00028	0.94148	0.00982	0.00018	0.00027	0.00794	0.00018	0.01007	0.00022	0.00758	0.00015	0.00018	0.00014	0.00010	0.01272	2.5e-05	0.00012	5.9e-05	0.00833	0.00014
9	0.00027	0.00025	0.00434	0.00741	0.00423	0.06771	0.00489	0.02807	0.84326	0.00472	0.00914	0.00038	0.00031	0.00702	0.00892	3.7e-05	0.00474	0.00405	0.00010	0.00016
10	0.00014	0.00011	0.00013	0.00013	0.00016	9.7e-05	9.7e-05	0.00019	0.00028	0.00039	0.74242	0.12285	0.13214	0.00024	0.00013	3.5e-05	5.2e-05	0.00021	0.00011	9.7e-05
11	0.00764	0.03873	0.03843	0.33731	0.30516	0.02224	0.00829	0.01290	0.05252	0.00951	0.10442	0.00536	0.05080	0.00013	0.00011	3.3e-05	0.00012	0.00011	0.00606	0.00014
12	0.00015	0.00011	0.00014	0.00013	0.00016	9.9e-05	9.9e-05	0.00020	0.00029	0.00041	0.89201	0.04770	0.02836	0.01260	0.00013	3.5e-05	5.2e-05	0.00873	0.00851	9.9e-05
13	0.10429	0.03159	0.00621	0.00390	0.04360	0.06524	0.09830	0.05426	0.00393	0.03958	0.00019	0.00937	0.00017	0.01574	0.09025	0.01077	0.41502	0.00739	5.9e-05	0.00012
14	0.01320	0.00013	0.00016	0.00015	0.00018	0.03696	0.00529	0.00853	0.02240	0.05392	0.52825	0.04398	0.05592	0.04304	0.17431	0.00572	0.00010	0.00390	0.00375	0.00010
15	0.00024	0.00024	0.02731	0.34373	0.46127	0.04761	0.00723	0.00666	0.02577	0.00031	0.00450	0.01191	0.00897	0.00012	0.00012	0.04010	0.00957	0.00415	5.3e-05	0.00014
16	0.00014	0.00011	0.00012	0.00012	0.00015	9.4e-05	8.9e-05	0.00017	0.00026	0.00034	0.40576	0.01769	0.57408	0.00025	0.00013	3.5e-05	5.2e-05	0.00021	0.00011	9.4e-05
17	0.00021	0.00527	0.00493	0.04680	0.40141	0.00019	0.03712	0.01742	0.05336	0.00470	0.27095	0.03707	0.11446	0.00016	0.00012	3.4e-05	0.00545	0.00015	8.1e-05	0.00013
18	0.00021	0.02649	0.96980	0.00030	0.00045	0.00025	0.00039	0.00034	0.00022	0.00033	0.00019	0.00022	0.00013	0.00010	0.0001	3.3e-05	0.00016	7.8e-05	4.5e-05	0.00016
19	0.92257	0.00021	0.00760	0.00737	0.00742	0.01644	0.00012	0.02828	0.00019	0.00881	0.00015	0.00018	0.00012	0.0001	6.8e-05	3.3e-05	8.6e-05	6e-05	6.7e-05	0.00012

[dist]
# distance from previous block
# <min> <max>
1	5

[block]
# block no. 2 follows, 3273 sequences, length 16
# corresponding to MSA columns:
# 171,187-200,202
name=unknown_C
#
# <colnr> <probs for GDERKNQSTAVLIFYWHMCP>
#	G	D	E	R	K	N	Q	S	T	A	V	L	I	F	Y	W	H	M	C	P
0	0.00024	0.00829	0.00037	0.43222	0.45199	0.04267	0.00030	0.00031	0.03132	0.00869	0.00983	0.00028	0.00017	0.00010	0.00011	3.3e-05	0.01280	9.5e-05	5.3e-05	0.00014
1	0.00025	0.00491	0.53534	0.01440	0.07996	0.00025	0.02511	0.11721	0.16622	0.01375	0.00655	0.00492	0.00570	0.00776	0.00579	3.5e-05	0.00632	0.00531	6.6e-05	0.00016
2	0.00020	0.00019	0.00032	0.99602	0.00073	0.00024	0.00029	0.00027	0.00021	0.00027	0.00019	0.00028	0.00014	0.00011	0.00011	3.5e-05	0.00014	9.4e-05	4.7e-05	0.00012
3	0.00016	0.00013	0.01146	0.00014	0.00017	0.01375	0.00694	0.00690	0.10722	0.01035	0.27741	0.15639	0.40165	0.00669	0.00013	3.6e-05	6.2e-05	0.00021	0.00010	0.00010
4	0.00025	0.00029	0.00063	0.00045	0.00055	0.00027	0.99523	0.00034	0.00025	0.00034	0.00021	0.00029	0.00016	8.9e-05	0.00013	3.6e-05	0.00018	0.00013	5.4e-05	0.00014
5	0.00025	0.01334	0.01110	0.00582	0.00997	0.03106	0.01675	0.01487	0.01548	0.24767	0.26581	0.11352	0.09121	0.02851	0.05707	4.3e-05	0.00438	0.01830	0.00010	0.05475
6	0.00015	0.00011	0.00013	0.00013	0.00013	0.00011	8e-05	0.00016	0.00016	0.00022	0.00032	0.00063	0.00036	0.76147	0.23531	0.00012	0.00015	0.00014	6.2e-05	7.1e-05
7	0.00023	0.00825	0.68481	0.04771	0.07822	0.00751	0.10331	0.01085	0.02940	0.02119	0.00020	0.00024	0.00015	0.00010	0.00011	3.4e-05	0.00739	8.7e-05	5.1e-05	0.00015
8	0.96568	0.00021	0.00016	0.00014	0.00021	0.00024	0.00012	0.03160	0.00019	0.00048	0.00015	0.00017	0.00012	9.9e-05	6.7e-05	3.3e-05	8.3e-05	5.9e-05	6.7e-05	0.00012
9	0.00017	0.01975	0.00016	0.00504	0.00018	0.01316	0.00011	0.00515	0.09512	0.01643	0.63777	0.06250	0.09221	0.03177	0.00894	3.8e-05	0.00539	0.00590	0.00011	0.00011
10	0.00016	0.00011	0.00013	0.00013	0.00015	9.9e-05	9.5e-05	0.00020	0.00028	0.00041	0.78200	0.01647	0.03954	0.00021	0.00012	3.2e-05	5e-05	0.00018	0.15953	9.9e-05
11	0.00013	0.00011	0.00012	0.00012	0.01065	9.4e-05	8.8e-05	0.00016	0.01306	0.00029	0.03339	0.08118	0.84433	0.00027	0.00013	3.6e-05	5.6e-05	0.01561	9.9e-05	9.1e-05
12	0.07276	0.00689	0.01233	0.17032	0.15556	0.00812	0.04027	0.08510	0.00028	0.41740	0.00029	0.00031	0.00020	0.00666	0.00830	3.4e-05	0.00011	9.8e-05	0.01479	0.00016
13	0.00019	0.00653	0.00548	0.46387	0.16123	0.00419	0.00430	0.00702	0.01260	0.00499	0.02188	0.03039	0.22244	0.01169	0.00493	3.7e-05	0.00410	0.03006	0.00396	0.00012
14	0.00566	0.00672	0.00038	0.37337	0.15331	0.04271	0.18482	0.11850	0.01692	0.02950	0.01332	0.00029	0.00018	0.00472	0.01680	3.7e-05	0.02635	0.00010	0.00619	0.00014
15	0.59471	0.00732	0.01855	0.03592	0.01555	0.27455	0.00016	0.01932	0.00022	0.00832	0.00016	0.00019	0.00013	0.00010	8.5e-05	3.2e-05	0.02445	6.5e-05	6.2e-05	0.00012

[dist]
# distance from previous block
# <min> <max>
2	4

[block]
# block no. 3 follows, 3273 sequences, length 10
# corresponding to MSA columns:
# 207,209-217
name=unknown_D
#
# <colnr> <probs for GDERKNQSTAVLIFYWHMCP>
#	G	D	E	R	K	N	Q	S	T	A	V	L	I	F	Y	W	H	M	C	P
0	0.00591	0.02168	0.02511	0.00681	0.00020	0.04204	0.01451	0.03398	0.06408	0.04325	0.17372	0.21342	0.26148	0.04654	0.01088	4.1e-05	0.00983	0.01444	0.00592	0.00616
1	0.07129	0.04886	0.04300	0.21195	0.05397	0.17719	0.02875	0.19982	0.03835	0.04526	0.00022	0.00881	0.00017	0.00012	0.00011	3.3e-05	0.05710	0.00727	0.00757	0.00014
2	0.01760	0.00039	0.48246	0.06325	0.14338	0.00025	0.02791	0.15093	0.01361	0.07826	0.01063	0.00026	0.00017	0.00011	0.00010	3.3e-05	0.00014	8.9e-05	0.01028	0.00016
3	0.01281	0.00024	0.00025	0.05326	0.00030	0.04453	0.00018	0.10423	0.63599	0.08479	0.01182	0.00039	0.00030	0.00014	0.00011	3.5e-05	0.01146	0.03891	0.00010	0.00016
4	0.00015	0.00010	0.00012	0.00012	0.00013	0.00010	7.2e-05	0.00016	0.00017	0.00022	0.01940	0.01520	0.07294	0.80040	0.06045	9.8e-05	0.00011	0.01544	0.01454	7e-05
5	0.00026	0.00875	0.00024	0.00906	0.00995	0.00884	0.00016	0.05979	0.78751	0.00881	0.01317	0.01060	0.05107	0.00015	0.00011	3.5e-05	8.5e-05	0.01026	0.02098	0.00016
6	0.00016	0.00011	0.00014	0.00014	0.00016	0.00010	0.00010	0.00021	0.02101	0.02065	0.86176	0.03662	0.05800	0.00022	0.00012	3.4e-05	5.2e-05	0.00019	0.00012	0.00010
7	0.00020	0.00019	0.00031	0.92470	0.00069	0.00024	0.00029	0.00027	0.00021	0.00027	0.00019	0.00029	0.00015	0.00013	0.03486	4e-05	0.03673	9.5e-05	4.7e-05	0.00012
8	0.00025	0.00024	0.00041	0.18935	0.77288	0.00025	0.00032	0.00031	0.00023	0.00033	0.00020	0.00027	0.00016	0.0001	0.00011	3.3e-05	0.03426	9.4e-05	5.1e-05	0.00016
9	0.00015	0.00905	0.03085	0.00014	0.00018	0.02085	0.00911	0.01203	0.01637	0.00032	0.19402	0.03305	0.53870	0.01040	0.00866	3.8e-05	7e-05	0.11581	9.8e-05	9.8e-05

[dist]
# distance from previous block
# <min> <max>
1	3

[block]
# block no. 4 follows, 3273 sequences, length 42
# corresponding to MSA columns:
# 221-246,248-263
name=unknown_E
#
# <colnr> <probs for GDERKNQSTAVLIFYWHMCP>
#	G	D	E	R	K	N	Q	S	T	A	V	L	I	F	Y	W	H	M	C	P
0	0.07495	0.03249	0.01083	0.00021	0.00443	0.21849	0.02848	0.10261	0.00024	0.03559	0.00024	0.00241	0.00021	0.13771	0.26757	7.9e-05	0.08319	0.0001	6.4e-05	0.00012
1	0.83361	0.02098	0.00991	0.00443	0.00023	0.05465	0.01276	0.02807	0.02691	0.00743	0.00016	0.00019	0.00013	0.00010	7.1e-05	3.2e-05	9.2e-05	6.2e-05	6.7e-05	0.00012
2	0.00016	0.00021	0.22013	0.00017	0.00259	0.00211	0.00255	0.00305	0.02403	0.00273	0.52922	0.00316	0.18810	0.00428	0.00962	3.5e-05	7.9e-05	0.00242	0.00524	0.00011
3	0.96934	0.00021	0.00016	0.00014	0.00021	0.00024	0.00012	0.00668	0.00893	0.01301	0.00015	0.00018	0.00012	9.9e-05	6.7e-05	3.3e-05	8.2e-05	5.9e-05	6.7e-05	0.00012
4	0.00015	0.00011	0.00014	0.00014	0.00016	0.00010	0.00010	0.00636	0.00437	0.00042	0.89697	0.00719	0.05166	0.00022	0.00013	3.4e-05	5.2e-05	0.03148	0.00011	0.00010
5	0.00022	0.00054	0.95892	0.00030	0.00046	0.01948	0.01796	0.00034	0.00023	0.00033	0.00019	0.00022	0.00013	0.00010	0.00010	3.3e-05	0.00016	7.9e-05	4.5e-05	0.00016
6	0.00021	0.00019	0.00033	0.88079	0.08919	0.00023	0.01187	0.00027	0.00021	0.00028	0.00020	0.01542	0.00015	0.00011	0.00011	3.5e-05	0.00014	9.8e-05	4.8e-05	0.00012
7	0.00020	0.00320	0.00019	0.00755	0.02238	0.00376	0.00013	0.01930	0.39638	0.00848	0.27488	0.01180	0.24751	0.00020	0.00012	3.5e-05	6.9e-05	0.00360	0.00011	0.00013
8	0.00015	0.00010	0.00012	0.00012	0.00012	0.00010	6.7e-05	0.00015	0.00016	0.00021	0.00035	0.00756	0.01998	0.93254	0.01130	0.02247	0.00010	0.00427	6.5e-05	6.5e-05
9	0.00022	0.00020	0.00030	0.00022	0.00597	0.01175	0.20133	0.00238	0.00271	0.01527	0.00551	0.05738	0.00895	0.01058	9.9e-05	2.4e-05	0.00224	0.01514	6.5e-05	0.65964
10	0.00016	0.00300	0.00015	0.00015	0.00018	0.00012	0.00011	0.01210	0.14670	0.01139	0.22337	0.36271	0.13921	0.04606	0.02793	4.5e-05	7.1e-05	0.02633	0.00010	0.00010
11	0.00024	0.00369	0.02164	0.00025	0.00027	0.15768	0.00260	0.01452	0.00502	0.00433	0.00214	0.00623	0.00215	0.01121	0.18411	6.6e-05	0.57956	0.00237	0.00179	0.00011
12	0.00533	0.00538	0.00031	0.00024	0.00032	0.00394	0.01066	0.82915	0.06866	0.02947	0.00028	0.01575	0.00021	0.00013	0.00011	3.3e-05	0.00011	0.02310	0.00663	0.00017
13	0.00216	0.00626	0.03570	0.00673	0.00715	0.00255	0.00014	0.00269	0.01467	0.01322	0.00020	0.00202	0.00016	0.00274	0.00288	1.8e-05	0.00693	6.6e-05	6.3e-05	0.89363
14	0.00623	0.00021	0.00026	0.19689	0.05952	0.10858	0.05006	0.09668	0.04201	0.07272	0.06594	0.14666	0.08606	0.02542	0.00258	0.00212	0.00565	0.03221	8.2e-05	0.00012
15	0.00014	0.00011	0.00012	0.00012	0.00015	0.01523	9e-05	0.00017	0.00376	0.00032	0.23716	0.10660	0.61976	0.00669	0.00907	3.7e-05	5.8e-05	0.00022	0.00010	9.2e-05
16	0.00352	0.28483	0.33872	0.00025	0.01825	0.00863	0.05461	0.04893	0.00723	0.20800	0.00813	0.00642	0.00524	0.00011	0.00396	3.1e-05	0.00282	8.5e-05	6.8e-05	0.00015
17	0.02792	0.01417	0.03284	0.04217	0.45629	0.02545	0.02809	0.30527	0.00556	0.02058	0.00250	0.00026	0.00017	0.00193	0.00202	3.3e-05	0.03175	0.00278	7.1e-05	0.00016
18	0.00013	0.00011	0.00012	0.00012	0.00015	9.2e-05	8.6e-05	0.00016	0.00025	0.00031	0.19602	0.03593	0.73799	0.00945	0.00474	3.7e-05	5.5e-05	0.01406	0.00010	9.1e-05
19	0.00023	0.03829	0.69075	0.01018	0.06661	0.01568	0.01142	0.01942	0.07009	0.02733	0.02501	0.00528	0.00945	0.00424	0.00010	3.3e-05	0.00557	8.9e-05	5.6e-05	0.00015
20	0.00015	0.00011	0.00014	0.00544	0.00504	0.00010	0.00010	0.00490	0.00369	0.00040	0.80863	0.06617	0.09472	0.00023	0.00013	3.4e-05	5.3e-05	0.00976	0.00011	9.9e-05
21	0.00020	0.00494	0.02387	0.00272	0.21813	0.05891	0.00017	0.01096	0.04005	0.01496	0.37316	0.10702	0.12042	0.00220	0.01059	3.6e-05	0.00220	0.00771	9.1e-05	0.00167
22	0.00023	0.00021	0.00449	0.68918	0.14426	0.00291	0.02440	0.04718	0.05960	0.01075	0.00223	0.00029	0.00314	0.00255	0.00011	3.5e-05	0.00404	0.00422	5.6e-05	0.00013
23	0.00021	0.00020	0.02539	0.50970	0.14338	0.00586	0.03337	0.03972	0.00654	0.00418	0.04728	0.01694	0.01513	0.01465	0.06900	4.5e-05	0.05318	0.00200	0.00451	0.00872
24	0.92504	0.00022	0.00017	0.00015	0.00021	0.03370	0.00012	0.01754	0.00019	0.02167	0.00016	0.00018	0.00012	0.0001	6.8e-05	3.3e-05	8.6e-05	5.9e-05	6.7e-05	0.00012
25	0.00026	0.17887	0.00221	0.16235	0.46755	0.00419	0.00572	0.01820	0.00727	0.07215	0.03226	0.00890	0.03034	0.00251	0.00010	3.1e-05	0.00679	9.8e-05	6.1e-05	0.00015
26	0.00016	0.00011	0.00015	0.00014	0.00016	0.00011	0.00010	0.00867	0.01863	0.02675	0.93478	0.00077	0.00863	0.00021	0.00012	3.3e-05	5.2e-05	0.00019	0.00012	0.00010
27	0.00021	0.00019	0.00032	0.95691	0.00677	0.01495	0.00029	0.00404	0.00021	0.00444	0.00019	0.00028	0.00014	0.00011	0.00011	3.5e-05	0.00655	9.4e-05	0.00405	0.00012
28	0.00907	0.00020	0.00034	0.84533	0.06686	0.00024	0.06266	0.00028	0.00022	0.01353	0.00019	0.00028	0.00015	0.00010	0.00011	3.5e-05	0.00014	9.6e-05	4.9e-05	0.00012
29	0.01679	0.00020	0.00026	0.00020	0.01829	0.01140	0.00674	0.08120	0.00032	0.86286	0.00039	0.00034	0.00025	0.00013	0.00011	3.3e-05	9.5e-05	0.00010	0.00013	0.00018
30	0.00025	0.00024	0.00041	0.11501	0.85409	0.00656	0.00624	0.00032	0.00024	0.00034	0.00020	0.00027	0.00017	0.00011	0.01509	3.4e-05	0.00013	9.5e-05	5.2e-05	0.00016
31	0.00013	9.4e-05	0.00012	0.00014	0.00015	8.7e-05	9.7e-05	0.00015	0.00021	0.00027	0.00062	0.90152	0.08320	0.00032	0.00013	4.2e-05	6.1e-05	0.00633	9.8e-05	0.00622
32	0.00644	0.00013	0.00018	0.00343	0.00566	0.02725	0.00013	0.02037	0.00860	0.00026	0.00028	0.00043	0.00027	0.09387	0.80648	0.00015	0.02582	0.00011	5.9e-05	9.6e-05
33	0.00015	0.00011	0.00017	0.00017	0.00019	0.00013	0.00013	0.00019	0.00017	0.00024	0.00029	0.00043	0.00027	0.05635	0.93153	0.00017	0.00905	0.00012	5.7e-05	9.3e-05
34	0.00013	9.6e-05	0.00013	0.00015	0.00016	9e-05	0.00481	0.00015	0.00021	0.00027	0.01996	0.82664	0.04724	0.03740	0.00703	4.6e-05	6.7e-05	0.05523	9.7e-05	8.7e-05
35	0.00020	0.00019	0.00032	0.94404	0.02051	0.00023	0.00747	0.01073	0.00022	0.00028	0.00020	0.00029	0.01054	0.00011	0.00011	3.5e-05	0.00014	9.6e-05	0.00418	0.00012
36	0.17101	0.28593	0.18342	0.00262	0.03796	0.15665	0.01827	0.04993	0.01909	0.06295	0.00209	0.00021	0.00015	0.00011	0.00309	3e-05	0.00623	7.2e-05	6e-05	0.00014
37	0.00017	0.00014	0.00022	0.43277	0.03972	0.00016	0.00019	0.00022	0.01320	0.00411	0.02475	0.46908	0.00500	0.00022	0.00413	3.9e-05	0.0001	0.00020	0.00547	0.00010
38	0.00027	0.00023	0.02516	0.23990	0.07681	0.00203	0.04505	0.26565	0.16169	0.01283	0.11355	0.00300	0.02076	0.00298	0.00178	3.5e-05	0.02308	0.00335	0.00170	0.00015
39	0.94837	0.00703	0.01012	0.00014	0.00021	0.00024	0.00012	0.01544	0.00019	0.01717	0.00015	0.00018	0.00012	9.9e-05	6.7e-05	3.3e-05	8.4e-05	5.9e-05	6.7e-05	0.00012
40	0.00026	0.00025	0.00042	0.04890	0.94738	0.00025	0.00032	0.00032	0.00024	0.00034	0.00020	0.00026	0.00017	9.5e-05	0.00010	3.2e-05	0.00013	9.4e-05	5.2e-05	0.00017
41	0.01346	0.00580	0.02145	0.00840	0.14065	0.00973	0.00226	0.19043	0.00033	0.58045	0.00518	0.00397	0.01506	0.00221	0.00011	3.3e-05	0.00010	0.00010	0.00011	0.00017

[dist]
# distance from previous block
# <min> <max>
0	2

[block]
# block no. 5 follows, 3273 sequences, length 7
# corresponding to MSA columns:
# 266,267,270-274
name=unknown_F
#
# <colnr> <probs for GDERKNQSTAVLIFYWHMCP>
#	G	D	E	R	K	N	Q	S	T	A	V	L	I	F	Y	W	H	M	C	P
0	0.01431	0.00019	0.00026	0.03450	0.04324	0.00017	0.02745	0.03805	0.05921	0.69744	0.01598	0.01363	0.04178	0.00014	0.00011	3.4e-05	9.4e-05	0.01313	0.00012	0.00017
1	0.00021	0.00020	0.00030	0.54439	0.18553	0.02751	0.00025	0.03656	0.01654	0.00030	0.00028	0.08288	0.04447	0.02991	0.00012	3.7e-05	0.00012	0.01591	0.01435	0.00012
2	0.00016	0.00014	0.00018	0.04778	0.12320	0.00013	0.00013	0.02763	0.00025	0.00033	0.18821	0.06169	0.51298	0.00023	0.00013	3.5e-05	0.03640	0.00019	9.2e-05	0.00011
3	0.00025	0.02931	0.08013	0.05371	0.54250	0.00022	0.02079	0.01666	0.01635	0.04765	0.13383	0.00036	0.03003	0.01264	0.00011	3.3e-05	0.00011	0.00011	6.7e-05	0.01512
4	0.01134	0.02100	0.53298	0.04609	0.15309	0.01002	0.03835	0.01681	0.02014	0.02074	0.02288	0.04182	0.03590	0.00012	0.00011	3.3e-05	0.00985	0.00010	5.7e-05	0.01858
5	0.00024	0.03728	0.11479	0.28792	0.23942	0.02946	0.03403	0.03811	0.00024	0.04413	0.02054	0.04835	0.07335	0.00014	0.01032	3.5e-05	0.01102	0.01043	6.3e-05	0.00014
6	0.01441	0.04950	0.08802	0.26339	0.12565	0.01466	0.01359	0.01131	0.07157	0.06528	0.09197	0.07365	0.03044	0.05175	0.00013	3.8e-05	0.00927	0.01426	7.2e-05	0.01105

[dist]
# distance from previous block
# <min> <max>
0	106

# created by:
# /home/cegg/simao/soft/augustus-3.2.1/scripts/msa2prfl.pl ./align_prep/POG091H02BF.fa
