[name]
unknown

[dist]
# distance from previous block
# <min> <max>
2	46

[block]
# block no. 0 follows, 3140 sequences, length 32
# corresponding to MSA columns:
# 75-106
name=unknown_A
#
# <colnr> <probs for GDERKNQSTAVLIFYWHMCP>
#	G	D	E	R	K	N	Q	S	T	A	V	L	I	F	Y	W	H	M	C	P
0	0.00298	0.19471	0.42388	0.00034	0.15368	0.05084	0.05068	0.00355	0.02336	0.07232	0.01411	0.00578	0.00307	0.00011	0.00010	3.2e-05	0.00014	8.8e-05	5.9e-05	0.00016
1	0.00691	0.15068	0.27720	0.00862	0.14811	0.04431	0.19299	0.00902	0.00992	0.14510	0.00306	0.00027	0.00018	0.00011	0.00011	3.3e-05	0.00308	9.5e-05	6.5e-05	0.00016
2	0.00014	0.00011	0.00012	0.00013	0.00015	9.7e-05	9.1e-05	0.00414	0.00024	0.01360	0.08516	0.23791	0.52550	0.10482	0.00018	0.01527	6.5e-05	0.01208	0.00010	9.2e-05
3	0.00891	0.00013	0.01358	0.00015	0.01031	0.00011	0.00011	0.00023	0.01129	0.15438	0.12516	0.29969	0.35597	0.00358	0.00318	3.9e-05	6.8e-05	0.01288	0.00011	0.00011
4	0.00593	0.19594	0.53666	0.00028	0.01689	0.07216	0.02051	0.02991	0.02703	0.09338	0.00022	0.00024	0.00016	0.00011	9.9e-05	3.2e-05	0.00015	8.2e-05	6e-05	0.00016
5	0.00918	0.06702	0.13162	0.00026	0.00609	0.00237	0.17557	0.06483	0.02732	0.35922	0.01677	0.00566	0.02790	0.03333	0.03020	0.02840	0.00350	0.01052	9.2e-05	0.00016
6	0.00014	0.00010	0.00013	0.00013	0.00015	9.5e-05	9.4e-05	0.00016	0.00023	0.00030	0.14274	0.42367	0.32940	0.09491	0.00018	4.7e-05	6.4e-05	0.00724	0.00010	9.1e-05
7	0.06427	0.02421	0.10266	0.01140	0.30017	0.00400	0.00486	0.19279	0.00443	0.13719	0.15259	0.00036	0.00032	0.00013	0.00011	3.4e-05	0.00011	0.00011	8.7e-05	0.00016
8	0.12769	0.02158	0.32611	0.00029	0.05466	0.21188	0.02771	0.10476	0.03340	0.08664	0.00417	0.00025	0.00017	0.00011	0.00010	3.3e-05	0.00015	8.5e-05	6.9e-05	0.00015
9	0.00019	0.00013	0.00018	0.00020	0.03533	0.00012	0.01117	0.00542	0.00024	0.09407	0.00056	0.40111	0.01580	0.01361	0.00918	4.8e-05	8.9e-05	0.41235	0.00010	0.00011
10	0.00033	0.00027	0.00029	0.00026	0.05407	0.04113	0.00020	0.32312	0.55525	0.00052	0.00036	0.00034	0.00027	0.00014	0.00011	3.5e-05	0.00011	0.00011	0.00011	0.02300
11	0.00015	0.00011	0.00014	0.00014	0.00017	0.00010	0.00010	0.00020	0.01860	0.00823	0.66884	0.16897	0.12710	0.00025	0.00013	3.7e-05	5.6e-05	0.00645	0.00012	0.00010
12	0.00340	0.00014	0.00019	0.00023	0.11513	0.00013	0.01340	0.02294	0.03672	0.00681	0.04147	0.51270	0.09483	0.00028	0.00014	4.2e-05	8e-05	0.15119	9.8e-05	0.00011
13	0.00023	0.09488	0.82115	0.00031	0.00046	0.01828	0.06249	0.00035	0.00024	0.00034	0.00019	0.00023	0.00014	0.00010	0.00010	3.4e-05	0.00016	8.2e-05	4.7e-05	0.00016
14	0.00019	0.00011	0.00015	0.00015	0.00018	0.00010	0.00011	0.00022	0.00025	0.13036	0.25840	0.54360	0.05874	0.00028	0.00013	4e-05	6.5e-05	0.00669	0.00011	0.00011
15	0.00385	0.00030	0.00028	0.00025	0.05340	0.28637	0.02280	0.23079	0.00505	0.16177	0.15849	0.02474	0.02721	0.00015	0.00011	3.3e-05	0.00303	0.01772	0.00348	0.00015
16	0.00506	0.23981	0.66959	0.00029	0.00505	0.00602	0.04409	0.00621	0.00024	0.01880	0.00379	0.00023	0.00015	0.00010	9.8e-05	3.2e-05	0.00015	7.9e-05	5e-05	0.00016
17	0.00014	0.0001	0.00013	0.01536	0.00017	9.5e-05	0.00010	0.00016	0.00021	0.00558	0.00843	0.85619	0.00069	0.10480	0.00018	5.1e-05	7e-05	0.00736	9.8e-05	8.9e-05
18	0.00021	0.00014	0.00018	0.00378	0.03463	0.00013	0.00518	0.04847	0.02714	0.12022	0.52696	0.00631	0.22576	0.00022	0.00013	3.5e-05	6.6e-05	0.00019	0.00012	0.00012
19	0.00400	0.06561	0.06974	0.00930	0.58879	0.02010	0.01224	0.09990	0.09681	0.01661	0.00396	0.00331	0.00019	0.00011	0.00011	3.3e-05	0.00885	9.8e-05	6.7e-05	0.00017
20	0.00843	0.02327	0.10375	0.00596	0.03659	0.00017	0.01710	0.01514	0.01170	0.46905	0.03838	0.07303	0.12167	0.00429	0.00883	3.8e-05	9.9e-05	0.06225	0.00011	0.00015
21	0.00015	0.00011	0.00013	0.00015	0.00016	0.00010	0.00011	0.00018	0.00022	0.02011	0.00482	0.40158	0.19430	0.17463	0.01229	5.6e-05	7.9e-05	0.16739	0.02334	9.1e-05
22	0.00023	0.00051	0.78871	0.00038	0.18339	0.00026	0.00997	0.00035	0.00024	0.00035	0.00020	0.00024	0.00015	0.00010	0.00011	3.4e-05	0.00016	8.5e-05	0.01438	0.00016
23	0.00442	0.15485	0.71494	0.00032	0.06639	0.01545	0.00462	0.00841	0.01921	0.00685	0.00349	0.00023	0.00015	0.00010	0.00010	3.3e-05	0.00015	8.1e-05	5e-05	0.00016
24	0.00025	0.01074	0.37039	0.04071	0.45514	0.00318	0.00514	0.00035	0.05609	0.00956	0.02848	0.00325	0.00020	0.00011	0.00357	3.5e-05	0.01247	9.7e-05	5.7e-05	0.00016
25	0.00017	0.00011	0.00013	0.00013	0.00014	0.00011	8.4e-05	0.00017	0.00016	0.00022	0.00032	0.01120	0.00036	0.69460	0.14449	0.13347	0.01385	0.00015	6.3e-05	7e-05
26	0.82111	0.07801	0.02955	0.00017	0.01857	0.04107	0.00014	0.00489	0.00020	0.00046	0.00016	0.00018	0.00012	0.00010	7.2e-05	3.3e-05	9.6e-05	6.2e-05	0.00486	0.00012
27	0.00015	0.00011	0.00014	0.00013	0.00016	0.00010	0.00010	0.00020	0.00030	0.00041	0.79599	0.01197	0.18934	0.00024	0.00013	3.5e-05	5.3e-05	0.00021	0.00012	0.00010
28	0.00034	0.02382	0.16781	0.00026	0.02348	0.01606	0.00024	0.51495	0.23538	0.00055	0.01582	0.00030	0.00023	0.00013	0.00011	3.4e-05	0.00012	0.00010	9.7e-05	0.00018
29	0.00045	0.00540	0.00027	0.00021	0.02279	0.00018	0.00017	0.02743	0.00437	0.76885	0.00040	0.00636	0.00459	0.00014	0.00011	3.3e-05	9.8e-05	0.00011	0.00013	0.15792
30	0.00477	0.01596	0.00843	0.00020	0.00028	0.00921	0.00651	0.04505	0.04296	0.80931	0.02700	0.00040	0.01693	0.00014	0.00011	3.4e-05	9.6e-05	0.00908	0.00013	0.00339
31	0.00374	0.00650	0.00025	0.00019	0.00028	0.02045	0.00016	0.01603	0.01136	0.82532	0.02021	0.00038	0.01112	0.00918	0.00687	3.5e-05	9.6e-05	0.00361	0.00013	0.06410

[dist]
# distance from previous block
# <min> <max>
10	30

[block]
# block no. 1 follows, 3140 sequences, length 26
# corresponding to MSA columns:
# 145-149,160-168,171-182
name=unknown_B
#
# <colnr> <probs for GDERKNQSTAVLIFYWHMCP>
#	G	D	E	R	K	N	Q	S	T	A	V	L	I	F	Y	W	H	M	C	P
0	0.01529	0.03503	0.72009	0.00029	0.00985	0.00024	0.00399	0.00445	0.00682	0.17885	0.00550	0.00026	0.00377	0.00011	0.00010	3.4e-05	0.00014	8.7e-05	6.5e-05	0.01502
1	0.03166	0.01579	0.80002	0.00029	0.00794	0.00025	0.00036	0.00512	0.01164	0.11080	0.00900	0.00025	0.00016	0.00011	0.00010	3.5e-05	0.00015	8.5e-05	5.9e-05	0.00616
2	0.00027	0.00742	0.00049	0.00056	0.60382	0.00646	0.28476	0.01423	0.00026	0.01527	0.00022	0.00028	0.00017	9.7e-05	0.00011	3.3e-05	0.00014	0.00011	5.8e-05	0.06525
3	0.00970	0.12714	0.00030	0.00022	0.00463	0.02120	0.00378	0.12409	0.65384	0.03523	0.00038	0.01078	0.00433	0.00014	0.00372	3.5e-05	9.9e-05	0.00011	0.00010	0.00017
4	0.00025	0.02138	0.74865	0.00030	0.00982	0.01524	0.00369	0.12301	0.04914	0.00790	0.00377	0.00380	0.00885	0.00011	0.00011	3.5e-05	0.00361	8.8e-05	6e-05	0.00016
5	0.00016	0.00011	0.00013	0.00012	0.00013	0.00011	7.2e-05	0.00017	0.00017	0.01039	0.08166	0.00072	0.00045	0.88621	0.01889	0.00010	0.00011	0.00016	7.2e-05	7.2e-05
6	0.00031	0.66619	0.01645	0.00021	0.00545	0.12424	0.00492	0.02272	0.14668	0.00673	0.00508	0.00022	0.00018	0.00011	8.3e-05	2.7e-05	0.00012	7.3e-05	6e-05	0.00015
7	0.00016	0.00011	0.00015	0.00014	0.00017	0.00010	0.00010	0.00021	0.00031	0.01010	0.90721	0.04214	0.03823	0.00023	0.00013	3.5e-05	5.3e-05	0.00020	0.00012	0.00010
8	0.00016	0.00018	0.12408	0.00016	0.00700	0.00988	0.00386	0.00023	0.04359	0.00036	0.33329	0.01247	0.42137	0.00705	0.00013	3.7e-05	0.00900	0.02694	0.00010	0.00011
9	0.00014	9.7e-05	0.00013	0.00015	0.00016	9.1e-05	0.00010	0.00016	0.00021	0.00029	0.01040	0.94445	0.01496	0.00034	0.00014	4.5e-05	6.5e-05	0.02787	0.00010	9e-05
10	0.00030	0.01422	0.06599	0.00034	0.27097	0.00648	0.01092	0.03272	0.33381	0.15746	0.05912	0.02235	0.00513	0.00338	0.00011	3.6e-05	0.00011	0.01629	9.4e-05	0.00017
11	0.09088	0.13775	0.19021	0.00024	0.00604	0.04473	0.00023	0.31359	0.02567	0.18252	0.00696	0.00026	0.00019	0.00012	0.0001	3.2e-05	0.00012	8.9e-05	8.8e-05	0.00017
12	0.03731	0.02059	0.00023	0.00018	0.00024	0.00017	0.00014	0.05493	0.01319	0.52353	0.14098	0.00049	0.06204	0.09327	0.00016	4.1e-05	0.01205	0.00013	0.00828	0.03205
13	0.96219	0.00021	0.00017	0.00015	0.00022	0.00025	0.00012	0.01250	0.00989	0.00050	0.00016	0.00018	0.00012	0.00010	6.9e-05	3.4e-05	8.6e-05	6.1e-05	6.9e-05	0.01292
14	0.10380	0.27546	0.07987	0.00022	0.00754	0.02150	0.02675	0.09753	0.01200	0.33370	0.00028	0.00496	0.00397	0.00012	9.5e-05	3.1e-05	0.00011	0.00323	8.8e-05	0.02875
15	0.01333	0.00846	0.04806	0.00041	0.31841	0.30779	0.07651	0.12440	0.03523	0.06601	0.00023	0.00026	0.00018	0.00011	0.00011	3.2e-05	0.00015	9.3e-05	7e-05	0.00016
16	0.00027	0.00026	0.00045	0.00068	0.99543	0.00026	0.00034	0.00034	0.00025	0.00036	0.00021	0.00027	0.00017	9.8e-05	0.00011	3.3e-05	0.00013	9.8e-05	5.5e-05	0.00017
17	0.00014	0.00011	0.00013	0.00013	0.00016	9.8e-05	9.6e-05	0.00018	0.00027	0.00035	0.39589	0.13275	0.45207	0.00027	0.00013	3.7e-05	5.6e-05	0.01692	0.00011	9.7e-05
18	0.10833	0.03011	0.07022	0.00033	0.16921	0.17308	0.11700	0.05865	0.01407	0.24226	0.00026	0.00027	0.00019	0.00011	0.00011	3.3e-05	0.00372	9.4e-05	8e-05	0.01188
19	0.00017	0.00012	0.00015	0.00014	0.00017	0.00011	0.00011	0.00670	0.01101	0.03242	0.92605	0.00080	0.01471	0.00022	0.00013	3.5e-05	5.4e-05	0.00020	0.00661	0.00011
20	0.00013	0.00011	0.00012	0.00012	0.00015	9.5e-05	8.8e-05	0.00017	0.00026	0.00032	0.13414	0.01121	0.84234	0.00027	0.00013	3.7e-05	5.6e-05	0.01005	0.00011	9.5e-05
21	0.00027	0.00026	0.00044	0.01353	0.96947	0.00026	0.00034	0.00034	0.00025	0.00036	0.00022	0.00028	0.01328	0.00010	0.00011	3.3e-05	0.00013	0.00010	5.5e-05	0.00017
22	0.00030	0.00021	0.14984	0.00963	0.00026	0.00015	0.00018	0.00666	0.00686	0.38385	0.29042	0.10027	0.03876	0.00019	0.00012	3.6e-05	8.8e-05	0.01193	0.00011	0.00014
23	0.00665	0.00011	0.00015	0.00014	0.00017	0.00011	0.00010	0.00021	0.00681	0.00796	0.89804	0.02871	0.04997	0.00023	0.00013	3.5e-05	5.3e-05	0.00020	0.00012	0.00010
24	0.00022	0.00021	0.00036	0.77288	0.22363	0.00025	0.00031	0.00029	0.00023	0.00030	0.00020	0.00029	0.00015	0.00011	0.00011	3.6e-05	0.00014	9.8e-05	5e-05	0.00013
25	0.10025	0.09668	0.53769	0.00026	0.00039	0.01913	0.00542	0.03939	0.01488	0.17964	0.00516	0.00025	0.00017	0.00011	0.0001	3.3e-05	0.00014	8.4e-05	6.9e-05	0.00016

[dist]
# distance from previous block
# <min> <max>
3	4

[block]
# block no. 2 follows, 3140 sequences, length 11
# corresponding to MSA columns:
# 271-278,338-340
name=unknown_C
#
# <colnr> <probs for GDERKNQSTAVLIFYWHMCP>
#	G	D	E	R	K	N	Q	S	T	A	V	L	I	F	Y	W	H	M	C	P
0	0.00017	0.01255	0.01643	0.00019	0.03908	0.00995	0.03058	0.00942	0.00022	0.04463	0.01069	0.81466	0.00065	0.00031	0.00014	4.3e-05	7.6e-05	0.01000	9.9e-05	0.00010
1	0.86271	0.00023	0.04409	0.00016	0.00023	0.00025	0.00014	0.03796	0.02105	0.01613	0.00017	0.00019	0.00013	0.00010	7.3e-05	3.4e-05	9e-05	6.5e-05	7.1e-05	0.01612
2	0.00014	9.8e-05	0.00013	0.00016	0.00016	9.1e-05	0.00011	0.00016	0.00021	0.00028	0.00061	0.94962	0.00073	0.00034	0.00014	4.5e-05	6.6e-05	0.04672	0.00010	9e-05
3	0.02451	0.00023	0.00038	0.00055	0.73012	0.00023	0.00029	0.00032	0.02142	0.02317	0.01961	0.03807	0.01735	0.00014	0.00012	3.6e-05	0.00012	0.12311	6.8e-05	0.00016
4	0.00025	0.18819	0.74138	0.00029	0.00043	0.00029	0.02308	0.00035	0.00024	0.04424	0.00020	0.00023	0.00015	0.00010	9.9e-05	3.3e-05	0.00015	8e-05	5.1e-05	0.00016
5	0.00048	0.00019	0.00026	0.00020	0.00028	0.00017	0.00016	0.06485	0.00033	0.90059	0.00042	0.00037	0.00027	0.00014	0.00011	3.4e-05	9.4e-05	0.00011	0.03076	0.00019
6	0.00027	0.00026	0.00045	0.00068	0.99543	0.00026	0.00034	0.00034	0.00025	0.00036	0.00021	0.00027	0.00017	9.8e-05	0.00011	3.3e-05	0.00013	9.8e-05	5.5e-05	0.00017
7	0.06654	0.34751	0.20481	0.00026	0.09102	0.00030	0.00024	0.01326	0.02053	0.24176	0.00025	0.01267	0.00019	0.00011	9.3e-05	3.1e-05	0.00012	8.5e-05	7.4e-05	0.00016
8	0.00018	0.00012	0.00016	0.00018	0.03989	0.00011	0.00012	0.00021	0.03108	0.07144	0.04959	0.60454	0.08227	0.02701	0.00015	4.4e-05	7.3e-05	0.09262	0.00010	0.00010
9	0.00017	0.00012	0.00016	0.00014	0.00017	0.00012	0.00011	0.01705	0.03390	0.02875	0.88537	0.00079	0.01683	0.00022	0.00013	3.5e-05	5.6e-05	0.00019	0.01558	0.00011
10	0.00027	0.64301	0.35353	0.00023	0.00035	0.00037	0.00027	0.00034	0.00023	0.00029	0.00017	0.00020	0.00014	9.8e-05	8.3e-05	2.8e-05	0.00013	6.7e-05	4.7e-05	0.00015

[dist]
# distance from previous block
# <min> <max>
4	8

[block]
# block no. 3 follows, 3140 sequences, length 27
# corresponding to MSA columns:
# 350-352,354-372,421-425
name=unknown_D
#
# <colnr> <probs for GDERKNQSTAVLIFYWHMCP>
#	G	D	E	R	K	N	Q	S	T	A	V	L	I	F	Y	W	H	M	C	P
0	0.00014	0.00011	0.00013	0.00013	0.00016	9.7e-05	9.8e-05	0.00018	0.00027	0.00035	0.40471	0.23928	0.34079	0.00027	0.00013	3.8e-05	5.7e-05	0.01284	0.00011	9.7e-05
1	0.00025	0.00023	0.00039	0.00506	0.81011	0.00023	0.00583	0.00031	0.00025	0.00725	0.01760	0.12947	0.00706	0.01025	0.00012	3.5e-05	0.00012	0.00520	6.3e-05	0.00016
2	0.00023	0.00855	0.90375	0.00031	0.00726	0.00513	0.01177	0.02338	0.01496	0.01431	0.00401	0.00024	0.00015	0.00011	0.00011	3.5e-05	0.00016	8.4e-05	5.1e-05	0.00542
3	0.56669	0.01937	0.00627	0.00024	0.13012	0.09351	0.00950	0.01941	0.00023	0.14833	0.00021	0.00023	0.00015	0.00011	8.6e-05	3.3e-05	0.00521	7.5e-05	7.6e-05	0.00014
4	0.00021	0.00012	0.00016	0.00015	0.00018	0.00011	0.00011	0.00026	0.00607	0.16258	0.61682	0.07551	0.10842	0.00023	0.00013	3.6e-05	6.2e-05	0.02280	0.00593	0.00012
5	0.00896	0.05873	0.01467	0.00487	0.13702	0.08039	0.00022	0.47094	0.03812	0.11676	0.00378	0.00027	0.00020	0.00012	0.00011	3.1e-05	0.00012	9.5e-05	9.3e-05	0.06450
6	0.00027	0.00027	0.02919	0.00712	0.88420	0.00026	0.00530	0.00952	0.01549	0.02084	0.00512	0.00029	0.00927	0.00010	0.00011	3.3e-05	0.00013	0.00454	5.9e-05	0.00789
7	0.00525	0.24374	0.43304	0.00026	0.02086	0.01246	0.02609	0.01174	0.00607	0.21828	0.01725	0.00026	0.00019	0.00011	9.9e-05	3.2e-05	0.00013	8.6e-05	7e-05	0.00398
8	0.00026	0.27331	0.58810	0.00027	0.01079	0.00497	0.01339	0.00582	0.02464	0.06371	0.00984	0.00406	0.00017	0.00011	9.7e-05	3.2e-05	0.00014	8.1e-05	5.6e-05	0.00016
9	0.01863	0.00019	0.00025	0.00020	0.00028	0.00016	0.00016	0.01111	0.00032	0.95366	0.01357	0.00038	0.00028	0.00014	0.00011	3.4e-05	9.4e-05	0.00011	0.00013	0.00019
10	0.00025	0.12692	0.75708	0.00030	0.01040	0.04821	0.00905	0.00036	0.00024	0.04046	0.00020	0.00024	0.00015	0.00011	0.00010	3.3e-05	0.00016	0.00555	5.1e-05	0.00016
11	0.01438	0.10733	0.27762	0.04756	0.18580	0.02220	0.01944	0.03827	0.03388	0.24231	0.00429	0.00029	0.00592	0.00011	0.00010	3.3e-05	0.00013	9.4e-05	7.6e-05	0.00017
12	0.00022	0.00013	0.00016	0.00015	0.00019	0.01011	0.00011	0.00025	0.00512	0.19944	0.02261	0.32568	0.33641	0.01422	0.00013	3.9e-05	7.1e-05	0.03528	0.00397	0.04571
13	0.00028	0.00025	0.00856	0.04939	0.79690	0.00025	0.02019	0.00784	0.00026	0.05744	0.03025	0.01768	0.00617	0.00011	0.00011	3.4e-05	0.00013	0.00393	6.3e-05	0.00017
14	0.02458	0.01051	0.07300	0.00643	0.44725	0.01426	0.01003	0.02079	0.02088	0.31410	0.00367	0.04586	0.00787	0.00013	0.00011	3.4e-05	0.00012	0.00011	8.5e-05	0.00017
15	0.00029	0.03047	0.07146	0.00697	0.50214	0.00027	0.17870	0.09428	0.02363	0.05838	0.01711	0.01195	0.00362	0.00011	0.00011	3.4e-05	0.00014	0.00011	6.7e-05	0.00017
16	0.00014	9.8e-05	0.00013	0.00015	0.00016	9.1e-05	0.0001	0.00015	0.00021	0.00028	0.00732	0.82222	0.06730	0.04882	0.00017	0.04565	6.7e-05	0.00676	9.8e-05	8.7e-05
17	0.00470	0.01986	0.68701	0.00421	0.09059	0.00025	0.00743	0.00799	0.06759	0.03034	0.04726	0.00544	0.01861	0.00012	0.00011	3.5e-05	0.00014	0.00810	6e-05	0.00016
18	0.03539	0.06798	0.61004	0.04583	0.01463	0.00541	0.00355	0.01037	0.00741	0.18835	0.00470	0.00545	0.00017	0.00011	0.00010	3.4e-05	0.00014	8.8e-05	6.6e-05	0.00016
19	0.00421	0.00019	0.03630	0.00019	0.00027	0.00550	0.01251	0.02322	0.00999	0.68817	0.15187	0.05363	0.01312	0.00016	0.00012	3.5e-05	9e-05	0.00014	0.00013	0.00017
20	0.92749	0.00022	0.00017	0.00016	0.01365	0.01060	0.00013	0.00034	0.00020	0.04601	0.00017	0.00019	0.00013	0.00010	7.1e-05	3.4e-05	8.8e-05	6.3e-05	7.1e-05	0.00012
21	0.04903	0.00019	0.00025	0.00019	0.00028	0.00016	0.00016	0.00051	0.00030	0.88586	0.00042	0.00037	0.00838	0.00013	0.00011	3.3e-05	9.2e-05	0.00011	0.00765	0.04578
22	0.00681	0.00729	0.17892	0.00504	0.31605	0.00923	0.02853	0.13052	0.19618	0.02392	0.04747	0.00347	0.00025	0.00012	0.00011	3.4e-05	0.00012	0.00011	7.8e-05	0.04576
23	0.00732	0.00013	0.00016	0.00015	0.00018	0.00012	0.00011	0.05561	0.00032	0.06875	0.79115	0.00077	0.06303	0.00022	0.00013	3.5e-05	5.9e-05	0.00019	0.01146	0.00011
24	0.01005	0.03049	0.65532	0.00029	0.00549	0.00779	0.02419	0.07441	0.15486	0.00746	0.02844	0.00028	0.00020	0.00012	0.00011	3.5e-05	0.00014	9.3e-05	6.5e-05	0.00016
25	0.00016	0.00011	0.00014	0.00015	0.00017	0.00011	0.00010	0.04569	0.00026	0.01245	0.24554	0.45249	0.20639	0.02060	0.00619	4.2e-05	6.5e-05	0.00914	0.00011	9.9e-05
26	0.00028	0.02498	0.00831	0.00798	0.86831	0.00481	0.01163	0.04881	0.00027	0.01565	0.00781	0.00028	0.00018	0.00010	0.00011	3.3e-05	0.00013	9.9e-05	5.9e-05	0.00017

[dist]
# distance from previous block
# <min> <max>
0	65

# created by:
# /home/cegg/simao/soft/augustus-3.2.1/scripts/msa2prfl.pl ./align_prep/POG091H0232.fa
