[name]
unknown

[dist]
# distance from previous block
# <min> <max>
0	88

[block]
# block no. 0 follows, 2530 sequences, length 6
# corresponding to MSA columns:
# 130-135
name=unknown_A
#
# <colnr> <probs for GDERKNQSTAVLIFYWHMCP>
#	G	D	E	R	K	N	Q	S	T	A	V	L	I	F	Y	W	H	M	C	P
0	0.02543	0.00942	0.07905	0.01113	0.15980	0.03432	0.01526	0.01760	0.07013	0.04033	0.10938	0.02272	0.14398	0.02299	0.05259	5.3e-05	0.02504	0.04064	0.00992	0.11022
1	0.00029	0.00990	0.03634	0.03340	0.15158	0.05881	0.13982	0.01152	0.08870	0.01046	0.07820	0.01979	0.10358	0.05672	0.01934	0.01668	0.14391	0.01049	9e-05	0.01036
2	0.01079	0.03028	0.15762	0.06637	0.12290	0.01547	0.01742	0.06227	0.14624	0.02729	0.17254	0.01164	0.07414	0.03301	0.02968	5.1e-05	0.00014	0.01079	0.01119	0.00018
3	0.00030	0.00022	0.01839	0.05420	0.19852	0.00022	0.02020	0.04076	0.03384	0.10944	0.12321	0.02772	0.03839	0.22656	0.05517	0.01225	0.01733	0.01181	0.01131	0.00016
4	0.00038	0.01636	0.31386	0.03312	0.09218	0.01672	0.04962	0.23675	0.15836	0.01509	0.01999	0.01335	0.01914	0.00017	0.00015	4.8e-05	0.01425	0.00014	0.00011	0.00022
5	0.02975	0.00021	0.01315	0.01358	0.01483	0.00020	0.00018	0.00040	0.11694	0.19439	0.03585	0.04882	0.17528	0.18113	0.02172	7.2e-05	0.00012	0.13976	0.01346	0.00016

[dist]
# distance from previous block
# <min> <max>
1	6

[block]
# block no. 1 follows, 2530 sequences, length 12
# corresponding to MSA columns:
# 144-146,148,150-157
name=unknown_B
#
# <colnr> <probs for GDERKNQSTAVLIFYWHMCP>
#	G	D	E	R	K	N	Q	S	T	A	V	L	I	F	Y	W	H	M	C	P
0	0.00021	0.00014	0.00018	0.00018	0.00019	0.00014	0.00012	0.01033	0.00748	0.01362	0.09163	0.17236	0.04295	0.32377	0.15876	0.14703	0.01176	0.01035	0.00870	0.00010
1	0.52358	0.08612	0.00844	0.00735	0.00926	0.02477	0.00018	0.00838	0.00029	0.27062	0.00030	0.00864	0.00022	0.00016	0.02109	4.5e-05	0.01009	9.9e-05	0.02018	0.00017
2	0.58072	0.04024	0.01687	0.03977	0.05713	0.06725	0.10343	0.00914	0.03908	0.01648	0.00716	0.00706	0.00020	0.00014	0.00011	4.3e-05	0.00709	0.00010	8.6e-05	0.00790
3	0.00604	0.03259	0.02335	0.58568	0.06682	0.02007	0.05349	0.01454	0.00594	0.01305	0.00554	0.00569	0.00020	0.00016	0.00839	4.8e-05	0.14691	0.00591	0.00542	0.00016
4	0.00724	0.08145	0.11092	0.01532	0.11064	0.02546	0.04808	0.02484	0.36527	0.00876	0.03460	0.00740	0.01101	0.00016	0.00014	4.2e-05	0.01033	0.00850	0.00521	0.12463
5	0.00018	0.00013	0.00016	0.00017	0.00020	0.00012	0.00012	0.00021	0.00031	0.00040	0.26396	0.40632	0.22759	0.04728	0.01422	5.6e-05	8.1e-05	0.03824	0.00013	0.00012
6	0.01327	0.02126	0.03432	0.19948	0.14290	0.00030	0.02120	0.03498	0.32851	0.00800	0.10574	0.00768	0.05091	0.00019	0.00579	4.5e-05	0.00573	0.00569	0.01382	0.00018
7	0.01354	0.00013	0.00016	0.00017	0.00020	0.00012	0.00012	0.00022	0.00030	0.01339	0.27152	0.37606	0.15122	0.14889	0.00025	6.2e-05	8.4e-05	0.02332	0.00013	0.00011
8	0.00813	0.07260	0.71353	0.01210	0.03832	0.01385	0.02738	0.03983	0.04743	0.00835	0.01708	0.00031	0.00021	0.00014	0.00013	4.2e-05	0.00019	0.00011	6.8e-05	0.00020
9	0.00030	0.00025	0.00027	0.00024	0.00030	0.00692	0.00719	0.01763	0.60999	0.01425	0.11061	0.02708	0.11860	0.03910	0.00893	5.1e-05	0.00768	0.01092	0.01953	0.00018
10	0.89925	0.02151	0.01588	0.01237	0.00029	0.01360	0.02110	0.01389	0.00024	0.00060	0.00020	0.00023	0.00015	0.00013	8.9e-05	4.2e-05	0.00011	7.8e-05	8.4e-05	0.00015
11	0.00693	0.00905	0.12610	0.25150	0.30015	0.01230	0.10501	0.00694	0.01157	0.01508	0.02847	0.07183	0.00821	0.00017	0.00014	4.5e-05	0.00631	0.03386	0.00615	0.00018

[dist]
# distance from previous block
# <min> <max>
0	1

[block]
# block no. 2 follows, 2530 sequences, length 6
# corresponding to MSA columns:
# 159-164
name=unknown_C
#
# <colnr> <probs for GDERKNQSTAVLIFYWHMCP>
#	G	D	E	R	K	N	Q	S	T	A	V	L	I	F	Y	W	H	M	C	P
0	0.00019	0.00014	0.00018	0.00018	0.00021	0.00014	0.00013	0.00025	0.05200	0.00041	0.25229	0.22816	0.26991	0.03048	0.03521	0.03904	9.2e-05	0.09072	0.00013	0.00012
1	0.10698	0.00023	0.00028	0.00022	0.00031	0.00021	0.00018	0.04430	0.00037	0.69464	0.00048	0.00044	0.00032	0.00016	0.00013	4.1e-05	0.00011	0.00013	0.15026	0.00021
2	0.03477	0.00033	0.12274	0.25062	0.23164	0.01513	0.10790	0.00040	0.01425	0.03474	0.00032	0.02257	0.00027	0.00016	0.00014	4.4e-05	0.00017	0.08625	0.01732	0.06027
3	0.00028	0.00029	0.00059	0.03372	0.00056	0.00027	0.63280	0.00036	0.00030	0.00041	0.00042	0.19529	0.00041	0.03369	0.00018	5.3e-05	0.00019	0.09994	8.6e-05	0.00016
4	0.00057	0.00025	0.00033	0.00025	0.00035	0.00024	0.00021	0.14526	0.05399	0.75467	0.04203	0.00047	0.00037	0.00017	0.00014	4.2e-05	0.00012	0.00014	0.00016	0.00023
5	0.09241	0.12283	0.00042	0.00032	0.02035	0.44404	0.02090	0.12326	0.06741	0.06375	0.00027	0.00029	0.00021	0.00015	0.00013	3.8e-05	0.04286	0.00010	8.9e-05	0.00018

[dist]
# distance from previous block
# <min> <max>
0	1

[block]
# block no. 3 follows, 2530 sequences, length 6
# corresponding to MSA columns:
# 166-171
name=unknown_D
#
# <colnr> <probs for GDERKNQSTAVLIFYWHMCP>
#	G	D	E	R	K	N	Q	S	T	A	V	L	I	F	Y	W	H	M	C	P
0	0.03172	0.00029	0.02220	0.00027	0.00038	0.02313	0.02099	0.24129	0.02980	0.60393	0.00046	0.00042	0.00030	0.00016	0.00013	4.2e-05	0.00013	0.00013	0.02402	0.00022
1	0.00026	0.00016	0.00020	0.00019	0.00023	0.00015	0.00014	0.01974	0.05139	0.10771	0.61941	0.03036	0.03989	0.01917	0.00016	4.5e-05	7.8e-05	0.02772	0.08285	0.00014
2	0.00022	0.00017	0.00021	0.00022	0.02051	0.01852	0.01127	0.01154	0.05057	0.02615	0.14006	0.29103	0.10962	0.10480	0.01250	0.02340	0.01158	0.15616	0.01136	0.00013
3	0.01549	0.00017	0.00021	0.00019	0.00024	0.00016	0.00015	0.01547	0.02849	0.17674	0.40251	0.05111	0.17162	0.01613	0.03525	5.3e-05	9.4e-05	0.06570	0.02007	0.00015
4	0.01217	0.03084	0.04804	0.19039	0.08148	0.02002	0.05657	0.20801	0.12136	0.01235	0.00034	0.00040	0.01146	0.01155	0.14215	7e-05	0.04069	0.00013	0.01179	0.00018
5	0.00023	0.00017	0.00022	0.00022	0.00025	0.00018	0.00017	0.07244	0.02164	0.01473	0.03393	0.15829	0.05509	0.01749	0.41736	0.01466	0.01456	0.15489	0.02336	0.00013

[dist]
# distance from previous block
# <min> <max>
2	8

[block]
# block no. 4 follows, 2530 sequences, length 10
# corresponding to MSA columns:
# 181-190
name=unknown_E
#
# <colnr> <probs for GDERKNQSTAVLIFYWHMCP>
#	G	D	E	R	K	N	Q	S	T	A	V	L	I	F	Y	W	H	M	C	P
0	0.00034	0.00029	0.00030	0.00027	0.00034	0.02369	0.00021	0.07479	0.76621	0.01621	0.04763	0.04734	0.02135	0.00020	0.00014	4.6e-05	0.00011	0.00017	0.00014	0.00021
1	0.00031	0.00022	0.01114	0.02219	0.01555	0.00022	0.03503	0.11161	0.14561	0.11853	0.34440	0.01408	0.02050	0.00815	0.00016	4.7e-05	0.00011	0.13984	0.01212	0.00017
2	0.00020	0.00014	0.00018	0.00018	0.00021	0.00013	0.00013	0.00026	0.01758	0.02558	0.72042	0.15235	0.06331	0.00030	0.00016	4.6e-05	7e-05	0.01846	0.00015	0.00013
3	0.00019	0.00014	0.00018	0.00020	0.00021	0.01136	0.00014	0.02256	0.01669	0.00036	0.01309	0.76766	0.01249	0.07881	0.00022	6.1e-05	0.01435	0.06104	0.00012	0.00012
4	0.02595	0.00024	0.00027	0.00023	0.00030	0.01136	0.00018	0.22555	0.06525	0.25167	0.31681	0.01288	0.02200	0.00021	0.00014	4.2e-05	0.00010	0.00017	0.06644	0.00018
5	0.00042	0.00030	0.00031	0.00027	0.00035	0.08648	0.00021	0.03235	0.54867	0.24522	0.01651	0.00050	0.01339	0.03900	0.00016	4.7e-05	0.00012	0.00015	0.01536	0.00021
6	0.00040	0.00023	0.00028	0.00024	0.00031	0.00022	0.00019	0.01518	0.17707	0.31164	0.43816	0.00081	0.02227	0.00025	0.00017	5.1e-05	0.00011	0.01502	0.01720	0.00020
7	0.00030	0.00023	0.00025	0.00023	0.00028	0.04341	0.00017	0.03933	0.37776	0.04372	0.42879	0.00071	0.00077	0.00022	0.00015	4.3e-05	9.5e-05	0.00019	0.06317	0.00017
8	0.21625	0.00024	0.00028	0.01588	0.02008	0.01003	0.00702	0.05060	0.02174	0.45987	0.05667	0.00050	0.01017	0.02204	0.01039	0.00724	0.00681	0.04712	0.03688	0.00019
9	0.07746	0.01431	0.01555	0.02842	0.07293	0.02230	0.04657	0.43139	0.02407	0.23424	0.00905	0.00835	0.00027	0.00016	0.00013	4.2e-05	0.00014	0.01426	0.00013	0.00021

[dist]
# distance from previous block
# <min> <max>
3	6

[block]
# block no. 5 follows, 2530 sequences, length 105
# corresponding to MSA columns:
# 206,207,209-230,232-236,238-252,255-280,282-305,310-319,322
name=unknown_F
#
# <colnr> <probs for GDERKNQSTAVLIFYWHMCP>
#	G	D	E	R	K	N	Q	S	T	A	V	L	I	F	Y	W	H	M	C	P
0	0.66368	0.08918	0.01151	0.00972	0.00153	0.04709	0.03954	0.02162	0.03818	0.01254	0.00388	0.00026	0.00105	0.00104	0.00360	4.2e-05	0.04252	8.7e-05	8.4e-05	0.01285
1	0.05374	0.00023	0.00038	0.02589	0.02278	0.00252	0.30977	0.01128	0.01651	0.01284	0.09207	0.06347	0.25583	0.10871	0.01430	5.8e-05	0.00014	0.00922	0.00010	0.00014
2	0.05230	0.87408	0.00067	0.00024	0.01149	0.01903	0.00023	0.01716	0.00663	0.00219	0.00020	0.00023	0.00018	0.00012	9e-05	3e-05	0.00015	7.6e-05	0.00360	0.01131
3	0.00020	0.00013	0.00015	0.00015	0.00015	0.00013	8.4e-05	0.00020	0.00020	0.00027	0.00043	0.00089	0.00050	0.98582	0.01006	0.00013	0.00013	0.00020	8.3e-05	8.3e-05
4	0.00020	0.00013	0.00015	0.00015	0.00016	0.00013	8.9e-05	0.00020	0.00021	0.00028	0.00340	0.10551	0.00055	0.87741	0.00063	0.00012	0.00013	0.01038	8.8e-05	8.6e-05
5	0.00028	0.00024	0.00028	0.00020	0.00032	0.00018	0.00016	0.00034	0.00028	0.00045	0.00024	0.00028	0.00020	0.00010	0.00010	2e-05	0.00010	8.1e-05	8.1e-05	0.99603
6	0.00017	0.00012	0.00016	0.00019	0.00020	0.00011	0.00013	0.00019	0.00026	0.00035	0.00076	0.97996	0.00767	0.00043	0.00017	5.6e-05	8e-05	0.00876	0.00013	0.00011
7	0.00144	0.00708	0.00034	0.00368	0.00037	0.00994	0.04083	0.15336	0.70606	0.00680	0.00753	0.02908	0.01669	0.00019	0.00014	4.6e-05	0.00012	0.01596	0.00013	0.00021
8	0.00020	0.00014	0.00018	0.00694	0.00021	0.00013	0.00013	0.00026	0.00038	0.00053	0.87814	0.00101	0.06154	0.00028	0.00016	4.3e-05	6.6e-05	0.00024	0.04931	0.00013
9	0.00203	0.43131	0.10861	0.00030	0.00040	0.36321	0.00286	0.00324	0.00410	0.00034	0.00021	0.00181	0.00253	0.00325	0.00014	3.6e-05	0.07530	8.7e-05	6.4e-05	0.00017
10	0.00020	0.00014	0.00021	0.00021	0.00023	0.00016	0.00016	0.00024	0.00024	0.00035	0.15090	0.00335	0.00423	0.05780	0.77730	0.00359	0.00030	0.00017	8.6e-05	0.00012
11	0.00192	0.00343	0.54648	0.02153	0.00061	0.01144	0.32160	0.00656	0.02308	0.00122	0.00758	0.01479	0.03264	0.00355	0.00116	4.5e-05	0.00020	0.00191	6.8e-05	0.00019
12	0.00574	0.00071	0.98902	0.00039	0.00059	0.00032	0.00050	0.00043	0.00029	0.00043	0.00025	0.00029	0.00017	0.00013	0.00013	4.3e-05	0.00020	0.00010	5.8e-05	0.00020
13	0.00030	0.00028	0.00048	0.47420	0.50017	0.00031	0.00040	0.00038	0.00029	0.00040	0.00026	0.00038	0.00021	0.00013	0.00014	4.3e-05	0.00017	0.02120	6.6e-05	0.00018
14	0.00027	0.00020	0.00025	0.00217	0.00029	0.00192	0.03600	0.03342	0.22169	0.06994	0.00689	0.26977	0.00750	0.04663	0.03403	6.3e-05	0.00012	0.26858	0.00013	0.00015
15	0.00020	0.00015	0.00022	0.00022	0.00025	0.00017	0.00017	0.01736	0.00023	0.00033	0.00037	0.00054	0.00034	0.02224	0.95630	0.00021	0.00036	0.00015	7.5e-05	0.00012
16	0.00060	0.00026	0.00033	0.00025	0.00036	0.00023	0.00021	0.15107	0.00043	0.84397	0.00051	0.00044	0.00032	0.00017	0.00014	4.2e-05	0.00012	0.00014	0.00016	0.00023
17	0.02767	0.00187	0.00027	0.00022	0.00320	0.00018	0.00018	0.00916	0.00413	0.61837	0.31704	0.00065	0.01369	0.00021	0.00014	4.3e-05	9.9e-05	0.00252	0.00016	0.00020
18	0.99616	0.00026	0.00020	0.00018	0.00026	0.00031	0.00015	0.00040	0.00023	0.00061	0.00019	0.00022	0.00015	0.00013	8.5e-05	4.2e-05	0.00011	7.4e-05	8.5e-05	0.00015
19	0.00031	0.00029	0.00050	0.41272	0.57823	0.00032	0.00489	0.00039	0.00030	0.00041	0.00025	0.00035	0.00020	0.00013	0.00014	4.3e-05	0.00017	0.00012	6.5e-05	0.00019
20	0.00017	0.00014	0.00014	0.00014	0.00018	0.00012	0.00010	0.00020	0.00030	0.00036	0.02336	0.00759	0.86594	0.08455	0.00645	5.5e-05	7.7e-05	0.00989	0.00012	0.00011
21	0.00028	0.00024	0.00028	0.00020	0.00032	0.00018	0.00016	0.00034	0.00028	0.00045	0.00025	0.00592	0.00021	0.00010	0.00010	2e-05	0.00010	8.3e-05	8.1e-05	0.99038
22	0.98107	0.00026	0.00020	0.00253	0.00027	0.00031	0.00015	0.00417	0.00024	0.00728	0.00248	0.00023	0.00015	0.00013	8.6e-05	4.2e-05	0.00011	7.5e-05	8.6e-05	0.00015
23	0.73743	0.00030	0.00025	0.00021	0.00031	0.00813	0.00018	0.24214	0.00034	0.00932	0.00023	0.00025	0.00017	0.00014	9.8e-05	4.2e-05	0.00012	8.7e-05	9.8e-05	0.00017
24	0.00020	0.00013	0.00016	0.00016	0.00016	0.00014	9.5e-05	0.00020	0.00020	0.00027	0.00044	0.00316	0.01384	0.84544	0.12911	0.00578	0.00016	0.00019	8.2e-05	8.8e-05
25	0.02073	0.00017	0.00018	0.00018	0.01550	0.05516	0.00138	0.00150	0.00641	0.00032	0.00666	0.11952	0.17020	0.53399	0.00045	9.4e-05	0.00012	0.06413	9.8e-05	0.00320
26	0.00031	0.00030	0.00050	0.36025	0.63515	0.00032	0.00041	0.00039	0.00030	0.00041	0.00025	0.00035	0.00020	0.00013	0.00014	4.2e-05	0.00017	0.00012	6.5e-05	0.00019
27	0.00026	0.00024	0.00041	0.98320	0.00094	0.00030	0.00038	0.00504	0.00028	0.00035	0.00024	0.00347	0.00018	0.00014	0.00014	4.6e-05	0.00405	0.00012	6.1e-05	0.00015
28	0.00027	0.00071	0.99448	0.00039	0.00059	0.00032	0.00051	0.00043	0.00029	0.00043	0.00025	0.00029	0.00017	0.00013	0.00013	4.3e-05	0.00020	0.00010	5.8e-05	0.00020
29	0.85950	0.00027	0.00022	0.01598	0.00029	0.00344	0.00016	0.03204	0.00588	0.08087	0.00023	0.00025	0.00017	0.00013	9.2e-05	4.2e-05	0.00011	8.2e-05	9.3e-05	0.00016
30	0.01608	0.00026	0.00043	0.81608	0.15315	0.00031	0.00796	0.00036	0.00028	0.00346	0.00025	0.00036	0.00019	0.00013	0.00014	4.5e-05	0.00018	0.00012	6.3e-05	0.00016
31	0.00032	0.00024	0.00030	0.00021	0.00033	0.00019	0.01400	0.00847	0.00030	0.11316	0.00028	0.00031	0.00022	0.00011	0.00011	2.3e-05	0.00011	8.9e-05	9.1e-05	0.86114
32	0.05674	0.00035	0.00037	0.00385	0.00040	0.01474	0.00024	0.68361	0.11139	0.01211	0.00034	0.00034	0.00025	0.00016	0.00627	4.1e-05	0.00014	0.00012	0.00013	0.10842
33	0.00030	0.08309	0.72264	0.00036	0.00053	0.01334	0.00564	0.01560	0.14258	0.00240	0.00029	0.01213	0.00022	0.00014	0.00013	4.3e-05	0.00018	0.00011	7.2e-05	0.00020
34	0.08700	0.13192	0.07907	0.08916	0.32912	0.09176	0.00454	0.04587	0.00944	0.04074	0.00381	0.00518	0.00116	0.00390	0.00441	4.2e-05	0.05935	0.00091	7.5e-05	0.01254
35	0.00595	0.00044	0.43069	0.00031	0.00045	0.00026	0.00033	0.02126	0.00562	0.51477	0.01830	0.00040	0.00028	0.00015	0.00013	4.3e-05	0.00015	0.00012	0.00012	0.00022
36	0.00025	0.00022	0.00023	0.00021	0.00027	0.00023	0.00016	0.00047	0.49526	0.00049	0.09540	0.00089	0.40485	0.00026	0.00015	4.6e-05	8.8e-05	0.00022	0.00014	0.00017
37	0.00017	0.00012	0.00016	0.00019	0.00020	0.00011	0.00013	0.00019	0.00026	0.00035	0.00075	0.99510	0.00090	0.00043	0.00017	5.6e-05	7.9e-05	0.00039	0.00013	0.00011
38	0.00037	0.00027	0.00029	0.00026	0.00033	0.03992	0.00020	0.03750	0.48076	0.13615	0.09766	0.00831	0.17187	0.00803	0.00016	0.00232	0.01022	0.00019	0.00499	0.00020
39	0.03208	0.00964	0.00034	0.00026	0.00036	0.00031	0.00021	0.52266	0.00050	0.27014	0.00040	0.00039	0.00028	0.00016	0.00013	4e-05	0.00013	0.00013	0.16165	0.00021
40	0.00026	0.00024	0.00041	0.99486	0.00094	0.00030	0.00038	0.00035	0.00027	0.00035	0.00024	0.00036	0.00018	0.00014	0.00014	4.6e-05	0.00018	0.00012	6.1e-05	0.00015
41	0.00018	0.00013	0.00017	0.00019	0.00021	0.00012	0.00488	0.00310	0.00028	0.02346	0.07156	0.82909	0.04298	0.00274	0.00017	5.4e-05	8e-05	0.01611	0.00440	0.00012
42	0.00017	0.00014	0.00014	0.00014	0.00019	0.00012	0.00011	0.00021	0.02074	0.00038	0.02411	0.00889	0.93671	0.00034	0.00016	4.6e-05	7e-05	0.00708	0.00013	0.00012
43	0.00037	0.99527	0.00072	0.00023	0.00035	0.00054	0.00023	0.00041	0.00028	0.00032	0.00019	0.00022	0.00018	0.00012	8.8e-05	2.9e-05	0.00015	7.3e-05	5.9e-05	0.00018
44	0.00026	0.00024	0.00041	0.99486	0.00094	0.00030	0.00038	0.00035	0.00027	0.00035	0.00024	0.00036	0.00018	0.00014	0.00014	4.6e-05	0.00018	0.00012	6.1e-05	0.00015
45	0.00445	0.00025	0.00029	0.00021	0.00033	0.00019	0.00632	0.02223	0.01062	0.00046	0.00025	0.00029	0.00021	0.00010	0.00010	2.1e-05	0.00010	8.3e-05	8.3e-05	0.95342
46	0.00017	0.00013	0.00015	0.00016	0.00020	0.00012	0.00012	0.00020	0.00030	0.00037	0.03404	0.29463	0.57826	0.00037	0.00017	5e-05	7.7e-05	0.08388	0.00647	0.00012
47	0.00026	0.00024	0.00041	0.99486	0.00094	0.00030	0.00038	0.00035	0.00027	0.00035	0.00024	0.00036	0.00018	0.00014	0.00014	4.6e-05	0.00018	0.00012	6.1e-05	0.00015
48	0.00028	0.00024	0.00028	0.00020	0.00032	0.00018	0.00016	0.00034	0.00028	0.00045	0.00024	0.00028	0.00020	0.00010	0.00010	2e-05	0.00010	8.1e-05	8.1e-05	0.99603
49	0.00387	0.00015	0.00019	0.00637	0.00023	0.00015	0.00015	0.06877	0.03708	0.02484	0.00070	0.78621	0.00081	0.00039	0.00017	5.4e-05	9e-05	0.06781	0.00184	0.00013
50	0.00020	0.00013	0.00015	0.00015	0.00015	0.00013	8.3e-05	0.00020	0.00020	0.00027	0.00044	0.00090	0.01025	0.98543	0.00069	0.00013	0.00013	0.00020	8.3e-05	8.3e-05
51	0.00147	0.01236	0.00148	0.00252	0.02078	0.00210	0.00545	0.01040	0.01353	0.11809	0.12579	0.00203	0.01238	0.00014	0.00013	2.9e-05	0.03073	0.00012	0.00010	0.64037
52	0.01008	0.15039	0.33135	0.00197	0.32166	0.03241	0.01830	0.04032	0.00650	0.01083	0.00378	0.00031	0.00139	0.00014	0.01294	4.2e-05	0.02665	0.00011	0.00086	0.02998
53	0.69709	0.10956	0.00730	0.00627	0.00141	0.01687	0.00214	0.01316	0.02194	0.03262	0.00022	0.00111	0.00018	0.00181	0.00013	0.07800	0.00444	0.00093	0.00467	0.00015
54	0.00019	0.00013	0.00017	0.00018	0.00019	0.00014	0.00012	0.00165	0.00023	0.00031	0.00811	0.21092	0.02345	0.47969	0.21922	0.01250	0.00017	0.03590	0.00665	0.00010
55	0.00258	0.00023	0.00036	0.57419	0.11056	0.00145	0.00521	0.00120	0.01790	0.00037	0.04665	0.04619	0.00584	0.06415	0.07566	6.5e-05	0.00366	0.04151	0.00209	0.00015
56	0.00048	0.07331	0.00175	0.00256	0.00219	0.82859	0.00216	0.00871	0.00037	0.00034	0.00022	0.00026	0.00018	0.00015	0.00638	3.7e-05	0.04998	9e-05	0.02209	0.00016
57	0.00031	0.33208	0.65359	0.00034	0.00051	0.00039	0.00434	0.00043	0.00029	0.00379	0.00023	0.00027	0.00017	0.00013	0.00012	3.9e-05	0.00018	9.2e-05	5.9e-05	0.00266
58	0.00020	0.00015	0.00019	0.00018	0.00022	0.00015	0.00013	0.00029	0.09899	0.00051	0.69535	0.03101	0.16439	0.00029	0.00016	4.4e-05	7e-05	0.00378	0.00376	0.00013
59	0.00033	0.00036	0.00072	0.00052	0.00065	0.01856	0.81065	0.02119	0.03705	0.00801	0.00933	0.01975	0.00024	0.00251	0.00018	4.7e-05	0.06103	0.00016	0.00854	0.00018
60	0.00019	0.00014	0.00017	0.00017	0.00020	0.00236	0.00012	0.00455	0.00036	0.00299	0.66968	0.06745	0.24610	0.00030	0.00016	4.5e-05	6.8e-05	0.00027	0.00454	0.00013
61	0.00021	0.00627	0.01057	0.00019	0.00024	0.02478	0.01955	0.00358	0.08994	0.00261	0.48437	0.01637	0.30070	0.00199	0.00333	4.6e-05	8.3e-05	0.03351	0.00153	0.00014
62	0.00332	0.00475	0.04152	0.00024	0.00031	0.14643	0.00019	0.03401	0.01717	0.38559	0.15255	0.01487	0.07627	0.00020	0.00014	4.1e-05	0.00012	0.01162	0.11049	0.00018
63	0.00033	0.00181	0.00032	0.00029	0.00036	0.01422	0.05000	0.03636	0.71704	0.00232	0.00424	0.04350	0.03561	0.00427	0.01185	5e-05	0.03205	0.04505	0.00013	0.00020
64	0.00021	0.00663	0.00019	0.00018	0.00022	0.00015	0.00014	0.00030	0.07799	0.00600	0.85247	0.00098	0.03704	0.00027	0.00016	4.3e-05	6.9e-05	0.00024	0.01500	0.00174
65	0.00019	0.00014	0.00018	0.00021	0.00500	0.00013	0.00612	0.00023	0.00236	0.00040	0.17028	0.50390	0.03932	0.01169	0.00018	0.00226	9.1e-05	0.25707	0.00013	0.00012
66	0.00283	0.00037	0.00516	0.00032	0.00042	0.00040	0.03759	0.83181	0.01533	0.09370	0.00035	0.00035	0.00025	0.00016	0.00014	4.1e-05	0.00015	0.00013	0.01028	0.00023
67	0.00336	0.00018	0.00023	0.00099	0.00103	0.00948	0.00565	0.03517	0.02227	0.06901	0.40152	0.14292	0.05686	0.01169	0.08214	0.00120	0.08640	0.06666	0.00240	0.00085
68	0.00219	0.65157	0.06068	0.00028	0.00038	0.22230	0.00198	0.01951	0.00200	0.01457	0.00021	0.00024	0.00018	0.00013	0.00011	3.3e-05	0.02332	8.1e-05	6.4e-05	0.00017
69	0.03508	0.01011	0.10945	0.01114	0.07770	0.01298	0.15660	0.01554	0.01150	0.01032	0.00137	0.07252	0.00179	0.00015	0.00904	3.7e-05	0.01858	0.02193	8.2e-05	0.42408
70	0.01337	0.40398	0.24897	0.01772	0.04076	0.07733	0.10675	0.00559	0.02943	0.02156	0.01691	0.01113	0.00022	0.00013	0.00012	3.7e-05	0.00478	0.00096	6.9e-05	0.00018
71	0.00032	0.07334	0.03617	0.00178	0.00250	0.19252	0.00941	0.01474	0.05126	0.05259	0.22297	0.00211	0.10333	0.00021	0.00465	4.1e-05	0.04192	0.01843	0.17156	0.00015
72	0.00183	0.19451	0.03855	0.01278	0.00109	0.08482	0.02651	0.24346	0.02479	0.07219	0.00209	0.06751	0.01308	0.01053	0.01773	4e-05	0.00356	0.00576	0.00104	0.17812
73	0.01825	0.00023	0.00028	0.00021	0.00031	0.00019	0.00017	0.03624	0.02299	0.10080	0.04659	0.00038	0.00029	0.00026	0.15447	5.6e-05	0.00014	0.00011	9.5e-05	0.61792
74	0.00533	0.63656	0.23130	0.00429	0.00042	0.01606	0.01788	0.00480	0.00029	0.04178	0.00022	0.00025	0.00018	0.00012	0.00011	3.4e-05	0.00894	8.5e-05	6.5e-05	0.03129
75	0.02717	0.00015	0.00017	0.00017	0.00021	0.00013	0.00013	0.00354	0.01665	0.00528	0.29322	0.05682	0.46651	0.00888	0.00229	4.9e-05	7.9e-05	0.11831	0.00013	0.00012
76	0.00031	0.00018	0.00023	0.00021	0.00026	0.00017	0.00016	0.00428	0.06044	0.24723	0.25705	0.24221	0.04865	0.00574	0.00016	4.5e-05	0.02704	0.00400	0.01418	0.08745
77	0.04813	0.00024	0.00032	0.00025	0.00035	0.00022	0.00020	0.06839	0.01166	0.86280	0.00051	0.00045	0.00032	0.00017	0.00013	4.2e-05	0.00012	0.00013	0.00533	0.00023
78	0.00020	0.00015	0.00019	0.00021	0.00024	0.00014	0.00017	0.00025	0.00211	0.00346	0.07485	0.12411	0.24756	0.00037	0.00018	5.6e-05	0.00010	0.54540	0.00013	0.00012
79	0.00026	0.00026	0.00021	0.00021	0.00025	0.22467	0.00015	0.00032	0.07542	0.00038	0.06774	0.12856	0.42716	0.06662	0.00463	5.1e-05	0.00012	0.00147	0.00138	0.00013
80	0.69354	0.00025	0.00024	0.00020	0.00029	0.00027	0.00016	0.00048	0.00028	0.29902	0.00398	0.00030	0.00021	0.00014	0.00010	4.2e-05	0.00011	9.4e-05	0.00011	0.00017
81	0.00054	0.00026	0.00033	0.00026	0.00036	0.00026	0.00021	0.18573	0.12712	0.63433	0.04020	0.00047	0.00037	0.00017	0.00014	4.3e-05	0.00012	0.00014	0.00872	0.00023
82	0.00497	0.00038	0.00040	0.00031	0.00042	0.00041	0.00026	0.94295	0.00063	0.04121	0.00034	0.00034	0.00639	0.00017	0.00014	4.1e-05	0.00015	0.00012	0.00014	0.00023
83	0.00044	0.00019	0.00026	0.00022	0.00029	0.00017	0.00017	0.00394	0.00341	0.58579	0.05828	0.15451	0.10577	0.00515	0.00015	4.6e-05	0.00010	0.06094	0.01997	0.00019
84	0.00305	0.00025	0.00033	0.00025	0.00036	0.00024	0.00021	0.16307	0.00279	0.79908	0.01676	0.00045	0.00034	0.00017	0.00014	4.2e-05	0.00012	0.00014	0.01199	0.00023
85	0.00021	0.00016	0.00020	0.00021	0.00024	0.00017	0.00015	0.00362	0.22316	0.00661	0.05247	0.68508	0.01911	0.00036	0.00017	5.3e-05	8.6e-05	0.00770	0.00013	0.00014
86	0.01298	0.00175	0.00389	0.00261	0.00417	0.00195	0.11021	0.29736	0.14644	0.20866	0.01952	0.05673	0.01982	0.00019	0.00015	4.4e-05	0.01137	0.03609	0.06585	0.00020
87	0.00305	0.00013	0.00016	0.00017	0.00020	0.00012	0.00496	0.00250	0.00554	0.00224	0.09309	0.37980	0.47644	0.00138	0.01198	5.2e-05	7.9e-05	0.01577	0.00223	0.00012
88	0.01464	0.00036	0.00039	0.00030	0.00041	0.00039	0.00025	0.81623	0.00366	0.16144	0.00036	0.00035	0.00025	0.00016	0.00014	4.1e-05	0.00014	0.00012	0.00014	0.00023
89	0.53949	0.29243	0.01850	0.01192	0.01737	0.01529	0.02273	0.04098	0.00027	0.00217	0.00020	0.00024	0.00017	0.00013	9.5e-05	3.8e-05	0.00691	8.1e-05	0.00767	0.02332
90	0.00020	0.00014	0.00016	0.00016	0.00020	0.00013	0.00012	0.00024	0.01932	0.05428	0.12742	0.20994	0.56859	0.00439	0.00016	4.8e-05	7.5e-05	0.01055	0.00374	0.00012
91	0.00028	0.00024	0.00028	0.00020	0.00032	0.00018	0.00016	0.00034	0.00028	0.00045	0.00523	0.00029	0.00021	0.00010	0.00010	2e-05	0.00010	8.2e-05	8.1e-05	0.99103
92	0.00020	0.00013	0.00015	0.00015	0.00016	0.00013	8.9e-05	0.00020	0.00021	0.00028	0.02634	0.00481	0.00396	0.87948	0.02927	0.04573	0.00014	0.00424	0.00424	8.5e-05
93	0.00748	0.12031	0.06496	0.02201	0.03075	0.27968	0.03179	0.13751	0.03059	0.07757	0.00396	0.05038	0.00487	0.01386	0.03603	4.9e-05	0.00826	0.07800	0.00177	0.00018
94	0.90860	0.00439	0.03315	0.00207	0.00375	0.00031	0.00107	0.00354	0.01393	0.01000	0.00021	0.00025	0.00730	0.00155	0.00484	4.3e-05	0.00011	0.00172	0.00302	0.00015
95	0.00029	0.00024	0.00028	0.00020	0.00032	0.00018	0.00016	0.00332	0.00877	0.01283	0.00502	0.00031	0.01944	0.00011	0.00011	2.2e-05	0.00403	0.00195	8.4e-05	0.94233
96	0.00018	0.00014	0.00016	0.00016	0.00020	0.00013	0.00012	0.00023	0.02515	0.00297	0.21086	0.04633	0.61097	0.00225	0.00016	4.7e-05	7.4e-05	0.07285	0.02690	0.00012
97	0.53870	0.00025	0.00026	0.00021	0.00031	0.00027	0.00017	0.03394	0.00031	0.41674	0.00745	0.00033	0.00024	0.00015	0.00011	4.2e-05	0.00011	0.00010	0.00012	0.00019
98	0.43529	0.00025	0.00027	0.00022	0.00031	0.00214	0.00018	0.04410	0.03260	0.45085	0.00823	0.00037	0.00026	0.00015	0.00011	4.2e-05	0.00011	0.00843	0.01588	0.00019
99	0.00247	0.00020	0.00025	0.00021	0.00028	0.00018	0.00017	0.03510	0.07382	0.38222	0.46217	0.01737	0.00844	0.00023	0.00015	4.3e-05	9.1e-05	0.00019	0.01626	0.00018
100	0.00029	0.01227	0.02716	0.65006	0.04632	0.03548	0.10728	0.02287	0.02221	0.01018	0.01272	0.00512	0.03212	0.00300	0.00091	4.5e-05	0.00232	0.00465	0.00486	0.00016
101	0.00019	0.00014	0.00018	0.00017	0.00021	0.00013	0.00013	0.00025	0.00037	0.00052	0.83037	0.04902	0.07053	0.00030	0.00016	4.5e-05	6.8e-05	0.04694	0.00015	0.00013
102	0.78821	0.00868	0.00023	0.00019	0.00028	0.00029	0.00016	0.00935	0.00027	0.18740	0.00026	0.00027	0.00368	0.00014	9.5e-05	4.2e-05	0.00011	8.7e-05	0.00010	0.00016
103	0.00020	0.00015	0.00022	0.12941	0.00527	0.00432	0.00018	0.00024	0.00025	0.00033	0.00290	0.39008	0.00938	0.09261	0.31602	0.00519	0.01451	0.02554	0.00309	0.00012
104	0.00020	0.00181	0.00915	0.00631	0.03783	0.00580	0.00089	0.00595	0.01500	0.01745	0.30817	0.04553	0.49778	0.00031	0.00362	4.6e-05	0.01932	0.01023	0.01448	0.00013

[dist]
# distance from previous block
# <min> <max>
2	11

[block]
# block no. 6 follows, 2530 sequences, length 8
# corresponding to MSA columns:
# 334-341
name=unknown_G
#
# <colnr> <probs for GDERKNQSTAVLIFYWHMCP>
#	G	D	E	R	K	N	Q	S	T	A	V	L	I	F	Y	W	H	M	C	P
0	0.05585	0.02939	0.41426	0.01959	0.05295	0.01689	0.29414	0.01766	0.02024	0.02760	0.01176	0.00036	0.00892	0.01018	0.00015	4.5e-05	0.01023	0.00954	7.2e-05	0.00019
1	0.00020	0.00014	0.00019	0.00019	0.00020	0.00014	0.00013	0.00022	0.00022	0.00031	0.01927	0.06019	0.06442	0.25657	0.41043	0.15329	0.00022	0.00018	0.01696	0.01654
2	0.00020	0.00016	0.01159	0.01261	0.01859	0.00014	0.01417	0.00026	0.01445	0.01296	0.54154	0.05565	0.27105	0.03213	0.00018	4.8e-05	7.8e-05	0.01393	0.00014	0.00013
3	0.01598	0.00015	0.00018	0.00019	0.00022	0.01157	0.00013	0.00027	0.01356	0.10039	0.12600	0.49166	0.16850	0.01600	0.01180	5.3e-05	8.7e-05	0.01220	0.03094	0.00013
4	0.00045	0.00054	0.01433	0.00032	0.00038	0.75554	0.00024	0.01477	0.01470	0.00034	0.00027	0.01469	0.00025	0.13867	0.00021	5e-05	0.01512	0.01429	0.01471	0.00015
5	0.04293	0.00025	0.00028	0.00021	0.00032	0.00020	0.00016	0.00036	0.04612	0.00046	0.00026	0.00029	0.00021	0.00011	0.00010	2.2e-05	0.00010	8.4e-05	8.4e-05	0.90746
6	0.02316	0.07055	0.00949	0.07051	0.02462	0.07919	0.00869	0.11610	0.48365	0.01283	0.00926	0.01973	0.01115	0.00018	0.00014	4.4e-05	0.01469	0.02456	0.00834	0.01311
7	0.00725	0.00789	0.03705	0.02710	0.03230	0.02334	0.07252	0.03695	0.05425	0.10699	0.15997	0.11938	0.05953	0.02519	0.08325	0.02056	0.04095	0.01627	0.00838	0.06088

[dist]
# distance from previous block
# <min> <max>
3	10

[block]
# block no. 7 follows, 2530 sequences, length 10
# corresponding to MSA columns:
# 353,357-365
name=unknown_H
#
# <colnr> <probs for GDERKNQSTAVLIFYWHMCP>
#	G	D	E	R	K	N	Q	S	T	A	V	L	I	F	Y	W	H	M	C	P
0	0.04161	0.06182	0.13161	0.10724	0.21036	0.06638	0.07146	0.02662	0.05823	0.05741	0.07961	0.01380	0.02354	0.00017	0.00946	4.4e-05	0.02805	0.00634	0.00608	0.00018
1	0.07086	0.00035	0.00038	0.00030	0.00040	0.01491	0.02222	0.67767	0.05286	0.14349	0.00036	0.00035	0.00025	0.00016	0.00013	4.2e-05	0.00014	0.00012	0.01478	0.00022
2	0.00758	0.28388	0.05285	0.09203	0.08354	0.00804	0.06876	0.07352	0.11993	0.01613	0.10703	0.03854	0.02044	0.00642	0.00013	4.1e-05	0.00686	0.00623	0.00787	0.00018
3	0.00018	0.00013	0.00016	0.00019	0.00020	0.00012	0.00013	0.00021	0.00027	0.00035	0.02731	0.57257	0.09191	0.17338	0.00027	6.9e-05	9.4e-05	0.13224	0.00012	0.00011
4	0.00036	0.49398	0.12556	0.00905	0.01198	0.08471	0.02572	0.03207	0.00862	0.02994	0.00023	0.01006	0.00020	0.01078	0.03127	4.4e-05	0.12506	9.8e-05	6.8e-05	0.00018
5	0.00018	0.00013	0.00017	0.00020	0.00021	0.00012	0.00014	0.00021	0.00028	0.00037	0.05906	0.71141	0.04198	0.02048	0.00019	5.7e-05	8.7e-05	0.16449	0.00013	0.00011
6	0.00026	0.01138	0.01637	0.00022	0.00028	0.01117	0.01030	0.01747	0.32581	0.01727	0.53515	0.00081	0.03000	0.01314	0.00016	4.5e-05	9e-05	0.00978	0.00014	0.00016
7	0.00020	0.00014	0.00018	0.00017	0.00021	0.00013	0.00013	0.00026	0.00038	0.02061	0.86342	0.04697	0.04585	0.00029	0.00016	4.4e-05	6.8e-05	0.02049	0.00015	0.00013
8	0.01742	0.00023	0.00031	0.00024	0.00034	0.00021	0.00020	0.05883	0.01720	0.81401	0.02246	0.00047	0.00035	0.00017	0.00013	4.2e-05	0.00011	0.00014	0.06691	0.00022
9	0.79685	0.00027	0.00023	0.00020	0.00029	0.00031	0.00016	0.08701	0.02570	0.08756	0.00024	0.00026	0.00018	0.00014	9.5e-05	4.2e-05	0.00011	8.6e-05	9.8e-05	0.00016

[dist]
# distance from previous block
# <min> <max>
3	30

[block]
# block no. 8 follows, 2530 sequences, length 15
# corresponding to MSA columns:
# 403-405,410-415,450-455
name=unknown_I
#
# <colnr> <probs for GDERKNQSTAVLIFYWHMCP>
#	G	D	E	R	K	N	Q	S	T	A	V	L	I	F	Y	W	H	M	C	P
0	0.06136	0.00025	0.00033	0.04467	0.07193	0.01071	0.00022	0.01336	0.01085	0.73701	0.01317	0.00750	0.00032	0.00017	0.00014	4.3e-05	0.02747	0.00013	0.00015	0.00022
1	0.00018	0.00014	0.00016	0.00016	0.00019	0.00012	0.00012	0.00023	0.00035	0.00045	0.46646	0.02420	0.50613	0.00032	0.00016	4.5e-05	6.7e-05	0.00027	0.00014	0.00012
2	0.00025	0.00020	0.00022	0.00023	0.00026	0.09559	0.00018	0.00031	0.04549	0.04487	0.08698	0.27036	0.06249	0.01610	0.00018	5.5e-05	0.00011	0.36425	0.01174	0.00013
3	0.00022	0.00016	0.00022	0.00025	0.00029	0.00016	0.00022	0.00030	0.03549	0.00042	0.00072	0.00151	0.00077	0.00037	0.00019	6.2e-05	0.00013	0.95826	0.00013	0.00013
4	0.00019	0.00014	0.00017	0.00017	0.00020	0.00013	0.00012	0.00024	0.00037	0.00050	0.75200	0.02382	0.22085	0.00030	0.00016	4.4e-05	6.6e-05	0.00026	0.00014	0.00013
5	0.00027	0.00071	0.99448	0.00039	0.00059	0.00032	0.00051	0.00043	0.00029	0.00043	0.00025	0.00029	0.00017	0.00013	0.00013	4.3e-05	0.00020	0.00010	5.8e-05	0.00020
6	0.05666	0.00028	0.00034	0.00026	0.00036	0.00028	0.00021	0.32924	0.00046	0.58072	0.00045	0.01427	0.00030	0.00017	0.00013	4.2e-05	0.00013	0.00013	0.01532	0.00022
7	0.39315	0.00958	0.47870	0.00668	0.01249	0.00670	0.04646	0.01483	0.00690	0.01679	0.00024	0.00028	0.00017	0.00013	0.00011	4.3e-05	0.00016	0.00633	7.3e-05	0.00018
8	0.05996	0.00024	0.00031	0.00024	0.00034	0.00022	0.00020	0.04886	0.00039	0.85827	0.00052	0.00046	0.01432	0.00017	0.00013	4.2e-05	0.00012	0.00014	0.01485	0.00022
9	0.07764	0.12536	0.03230	0.01219	0.16412	0.18056	0.05848	0.04206	0.16393	0.01787	0.00429	0.00634	0.00404	0.00016	0.01803	4.2e-05	0.01904	0.00521	0.01341	0.05493
10	0.00808	0.04737	0.58146	0.00982	0.03976	0.02120	0.09393	0.01329	0.01343	0.01281	0.02527	0.04515	0.04328	0.00871	0.00014	4.4e-05	0.00018	0.00493	0.00520	0.02595
11	0.01473	0.01258	0.00833	0.00819	0.02879	0.13437	0.01959	0.00918	0.00558	0.02134	0.16682	0.42765	0.10119	0.00032	0.00541	4.9e-05	0.03537	0.00027	0.00012	0.00013
12	0.00685	0.02454	0.00834	0.00027	0.00609	0.01367	0.00751	0.33805	0.16989	0.12048	0.06909	0.00633	0.00035	0.00016	0.00013	3.8e-05	0.00012	0.00674	0.00012	0.22123
13	0.00605	0.04537	0.64380	0.00033	0.00914	0.04658	0.00600	0.00039	0.00029	0.01159	0.04101	0.02380	0.05210	0.00625	0.00018	0.10067	0.00609	0.00013	6.9e-05	0.00017
14	0.01953	0.30538	0.39496	0.01433	0.04595	0.03500	0.05983	0.02764	0.00948	0.05007	0.00026	0.00030	0.01223	0.00013	0.00012	3.9e-05	0.01713	0.00010	7e-05	0.00745

[dist]
# distance from previous block
# <min> <max>
5	18

[block]
# block no. 9 follows, 2530 sequences, length 9
# corresponding to MSA columns:
# 475-483
name=unknown_J
#
# <colnr> <probs for GDERKNQSTAVLIFYWHMCP>
#	G	D	E	R	K	N	Q	S	T	A	V	L	I	F	Y	W	H	M	C	P
0	0.00017	0.00013	0.00016	0.00017	0.00020	0.00012	0.00012	0.00022	0.00032	0.00042	0.29044	0.24876	0.40367	0.02261	0.00018	5e-05	7.4e-05	0.03193	0.00013	0.00012
1	0.00025	0.07782	0.19577	0.03295	0.04963	0.01181	0.00771	0.01205	0.02705	0.00864	0.10445	0.16979	0.02019	0.04164	0.07407	0.00815	0.00015	0.15765	9.9e-05	0.00015
2	0.00786	0.00019	0.00939	0.01443	0.09365	0.00018	0.00797	0.00919	0.01318	0.21366	0.00947	0.03002	0.00043	0.48971	0.07355	0.00010	0.00810	0.01115	0.00762	0.00014
3	0.54510	0.00025	0.00025	0.00021	0.00030	0.00027	0.00017	0.04120	0.00031	0.37855	0.00034	0.00033	0.00023	0.00015	0.00011	4.2e-05	0.00011	0.00010	0.03180	0.00018
4	0.00030	0.02419	0.00044	0.01312	0.17902	0.01283	0.04324	0.00034	0.00024	0.00035	0.00022	0.00035	0.00021	0.04360	0.07262	0.01337	0.59522	0.00013	6.4e-05	0.00016
5	0.01796	0.12005	0.41017	0.03216	0.07918	0.02803	0.06062	0.02325	0.01604	0.02285	0.01403	0.00032	0.00021	0.00013	0.00012	3.8e-05	0.00017	0.00898	7.2e-05	0.16560
6	0.03581	0.00741	0.17962	0.00031	0.01081	0.01121	0.15088	0.04108	0.01346	0.16260	0.07868	0.01278	0.02958	0.17360	0.01158	0.01224	0.05429	0.01381	9.9e-05	0.00017
7	0.01524	0.00023	0.00023	0.00021	0.00026	0.13246	0.05194	0.01778	0.00938	0.01910	0.08406	0.02437	0.41906	0.10006	0.01162	5.6e-05	0.00012	0.08621	0.02749	0.00013
8	0.01028	0.00948	0.01174	0.06826	0.33038	0.01562	0.41299	0.01346	0.01024	0.06452	0.00899	0.01095	0.00024	0.00013	0.00015	4.3e-05	0.00019	0.00917	0.02297	0.00019

[dist]
# distance from previous block
# <min> <max>
0	2

[block]
# block no. 10 follows, 2530 sequences, length 11
# corresponding to MSA columns:
# 486-496
name=unknown_K
#
# <colnr> <probs for GDERKNQSTAVLIFYWHMCP>
#	G	D	E	R	K	N	Q	S	T	A	V	L	I	F	Y	W	H	M	C	P
0	0.00022	0.00015	0.00019	0.00018	0.00022	0.00013	0.01128	0.00027	0.00977	0.09488	0.27111	0.32881	0.21057	0.03725	0.00018	5.1e-05	8.1e-05	0.01605	0.00927	0.00934
1	0.00020	0.00015	0.00016	0.00015	0.00019	0.01350	0.00012	0.00025	0.00033	0.02941	0.24532	0.03228	0.48665	0.00029	0.00015	4.3e-05	7.2e-05	0.01344	0.17715	0.00012
2	0.02054	0.17432	0.17962	0.04588	0.10359	0.08343	0.09003	0.01500	0.05895	0.17787	0.00714	0.01486	0.00791	0.00015	0.00636	4.1e-05	0.00683	0.00012	9e-05	0.00726
3	0.00921	0.00022	0.01348	0.00022	0.00750	0.06255	0.00762	0.01507	0.01018	0.40602	0.01429	0.09441	0.01108	0.31437	0.00032	0.00588	0.01011	0.01094	0.00636	0.00016
4	0.00024	0.00025	0.01144	0.00034	0.00042	0.00022	0.43525	0.00031	0.01086	0.00041	0.03368	0.01280	0.45710	0.01430	0.00017	4.7e-05	0.00014	0.01076	0.01111	0.00015
5	0.00596	0.05011	0.26711	0.03250	0.12660	0.16774	0.07512	0.02407	0.01469	0.05853	0.01632	0.02084	0.08197	0.00018	0.01298	4.5e-05	0.03199	0.00751	0.00553	0.00018
6	0.02706	0.10359	0.47807	0.02603	0.06211	0.03359	0.07432	0.05403	0.02199	0.07293	0.00826	0.00749	0.00666	0.00015	0.00696	4.3e-05	0.00706	0.00939	7.7e-05	0.00020
7	0.00019	0.00013	0.00016	0.00018	0.00020	0.00012	0.00012	0.00022	0.01331	0.01947	0.05546	0.44820	0.25184	0.11065	0.04153	0.01386	9.8e-05	0.04402	0.00012	0.00011
8	0.00699	0.00021	0.00029	0.04865	0.03094	0.00020	0.04061	0.02457	0.02322	0.37823	0.29628	0.01907	0.05609	0.00640	0.00596	0.00582	0.00607	0.04381	0.00646	0.00018
9	0.01288	0.05967	0.18017	0.05839	0.12995	0.02557	0.04682	0.04791	0.01693	0.37242	0.02038	0.00872	0.00682	0.00015	0.00014	4.2e-05	0.00645	0.00013	0.00626	0.00021
10	0.00685	0.05165	0.44683	0.02710	0.13439	0.00681	0.04797	0.01553	0.01760	0.11932	0.04545	0.01583	0.01846	0.00016	0.00671	4.4e-05	0.02814	0.01088	8.3e-05	0.00020

[dist]
# distance from previous block
# <min> <max>
12	19

[block]
# block no. 11 follows, 2530 sequences, length 10
# corresponding to MSA columns:
# 540-549
name=unknown_L
#
# <colnr> <probs for GDERKNQSTAVLIFYWHMCP>
#	G	D	E	R	K	N	Q	S	T	A	V	L	I	F	Y	W	H	M	C	P
0	0.00785	0.13554	0.25004	0.00736	0.02804	0.01675	0.06694	0.10578	0.08109	0.13799	0.02758	0.01053	0.01734	0.00584	0.00605	4.2e-05	0.00918	0.00994	9.7e-05	0.07603
1	0.01613	0.23631	0.25689	0.00722	0.02319	0.02556	0.04377	0.02867	0.07653	0.19402	0.03233	0.01076	0.01340	0.00765	0.00013	4.1e-05	0.00654	0.00669	9.5e-05	0.01407
2	0.00019	0.00015	0.01283	0.00020	0.00878	0.00013	0.01826	0.00772	0.00969	0.02004	0.15961	0.60191	0.08852	0.01836	0.01053	0.00733	0.00905	0.02646	0.00013	0.00012
3	0.00897	0.01706	0.16752	0.03438	0.10644	0.03809	0.07698	0.02393	0.02965	0.02693	0.06718	0.07751	0.07082	0.06723	0.13413	0.00632	0.01404	0.01700	9e-05	0.01574
4	0.03618	0.11199	0.17117	0.01267	0.08703	0.07765	0.06504	0.08161	0.05075	0.22710	0.01488	0.01361	0.00702	0.00703	0.01489	4.4e-05	0.01461	0.00012	0.00010	0.00651
5	0.00869	0.02324	0.15075	0.10276	0.18738	0.01092	0.03025	0.02212	0.01310	0.30609	0.01863	0.01807	0.01263	0.03875	0.03248	0.00551	0.00600	0.00557	0.00685	0.00019
6	0.00019	0.00014	0.00017	0.00017	0.00021	0.00013	0.00013	0.00025	0.01539	0.01820	0.48566	0.11250	0.27818	0.01984	0.00017	4.8e-05	7.5e-05	0.06826	0.00014	0.00013
7	0.00966	0.02079	0.14614	0.16092	0.18351	0.02843	0.03045	0.05821	0.06116	0.11345	0.03054	0.05578	0.03044	0.02005	0.01584	0.00697	0.00955	0.01247	0.00544	0.00018
8	0.05257	0.10878	0.26811	0.02367	0.09686	0.02959	0.03326	0.06655	0.02638	0.23515	0.01580	0.00739	0.00631	0.00679	0.00013	4.2e-05	0.00765	0.00645	9.8e-05	0.00840
9	0.01578	0.02031	0.05765	0.03865	0.06669	0.02371	0.04034	0.01809	0.01273	0.16739	0.04502	0.20605	0.08166	0.06806	0.05766	0.00735	0.01071	0.04120	0.01512	0.00583

[dist]
# distance from previous block
# <min> <max>
1	3

[block]
# block no. 12 follows, 2530 sequences, length 8
# corresponding to MSA columns:
# 557-560,565-567,570
name=unknown_M
#
# <colnr> <probs for GDERKNQSTAVLIFYWHMCP>
#	G	D	E	R	K	N	Q	S	T	A	V	L	I	F	Y	W	H	M	C	P
0	0.05312	0.20691	0.17888	0.00865	0.09633	0.02692	0.03169	0.08784	0.02955	0.19971	0.00907	0.00784	0.00946	0.00763	0.00763	4.1e-05	0.01204	0.00011	9.6e-05	0.02647
1	0.06057	0.14856	0.13957	0.14771	0.22903	0.01509	0.03599	0.02368	0.02713	0.05708	0.01034	0.01787	0.01303	0.00015	0.00013	4.1e-05	0.00846	0.02946	7.9e-05	0.03601
2	0.00019	0.00014	0.00019	0.00020	0.00023	0.00013	0.02842	0.00024	0.01730	0.02223	0.06278	0.47655	0.20798	0.03234	0.00019	5.6e-05	9.1e-05	0.15048	0.00013	0.00012
3	0.05957	0.03193	0.08755	0.11853	0.17432	0.04817	0.05184	0.10229	0.06641	0.12302	0.04387	0.01997	0.01379	0.00717	0.00889	0.00686	0.02206	0.00677	9.7e-05	0.00688
4	0.01715	0.09147	0.29459	0.02167	0.10115	0.03078	0.09445	0.03218	0.03820	0.16637	0.02405	0.01076	0.00785	0.00808	0.01329	4.5e-05	0.01366	0.00717	0.01792	0.00917
5	0.01579	0.00024	0.01285	0.00023	0.00033	0.02850	0.00019	0.02918	0.02753	0.69967	0.05148	0.03004	0.07984	0.00019	0.00014	4.3e-05	0.00011	0.00016	0.02326	0.00021
6	0.00021	0.00017	0.01397	0.00020	0.00024	0.01621	0.00949	0.02384	0.01442	0.01005	0.17517	0.19232	0.09897	0.07835	0.25649	0.01029	0.00017	0.08519	0.01413	0.00012
7	0.03139	0.05191	0.01021	0.11605	0.10159	0.01393	0.23887	0.06416	0.09884	0.05461	0.01359	0.05738	0.01811	0.04206	0.02410	0.00916	0.01829	0.02432	0.01126	0.00018

[dist]
# distance from previous block
# <min> <max>
2	9

[block]
# block no. 13 follows, 2530 sequences, length 13
# corresponding to MSA columns:
# 580-584,589-591,593-597
name=unknown_N
#
# <colnr> <probs for GDERKNQSTAVLIFYWHMCP>
#	G	D	E	R	K	N	Q	S	T	A	V	L	I	F	Y	W	H	M	C	P
0	0.07210	0.42991	0.21641	0.00606	0.00885	0.04692	0.04002	0.06270	0.02279	0.02207	0.03966	0.00616	0.01252	0.00014	0.00011	3.7e-05	0.00642	0.00010	7.6e-05	0.00695
1	0.00034	0.00032	0.00054	0.04327	0.92510	0.00032	0.00041	0.00042	0.00031	0.02726	0.00026	0.00034	0.00022	0.00012	0.00014	4.1e-05	0.00016	0.00012	7e-05	0.00021
2	0.01290	0.04571	0.01157	0.00556	0.07957	0.03600	0.40777	0.03000	0.03755	0.05115	0.02435	0.14061	0.01164	0.01120	0.00980	4.9e-05	0.03642	0.04068	9.1e-05	0.00737
3	0.01008	0.10174	0.37328	0.00551	0.02762	0.00774	0.04561	0.01679	0.03971	0.22856	0.06704	0.01380	0.02107	0.00477	0.00014	4.2e-05	0.00899	0.01290	9.9e-05	0.01452
4	0.00026	0.00024	0.00041	0.99486	0.00094	0.00030	0.00038	0.00035	0.00027	0.00035	0.00024	0.00036	0.00018	0.00014	0.00014	4.6e-05	0.00018	0.00012	6.1e-05	0.00015
5	0.00589	0.18771	0.20347	0.02397	0.02974	0.07445	0.07123	0.06979	0.05917	0.00808	0.01007	0.00922	0.03332	0.00483	0.17261	7.2e-05	0.01773	0.01120	0.00727	0.00017
6	0.02103	0.15774	0.23674	0.00764	0.05505	0.04959	0.04149	0.03402	0.06138	0.27431	0.01443	0.01993	0.01020	0.00871	0.00014	4.2e-05	0.00713	0.00012	0.00010	0.00020
