[name]
unknown

[dist]
# distance from previous block
# <min> <max>
0	67

[block]
# block no. 0 follows, 2322 sequences, length 7
# corresponding to MSA columns:
# 222,223,247,254,255,258,259
name=unknown_A
#
# <colnr> <probs for GDERKNQSTAVLIFYWHMCP>
#	G	D	E	R	K	N	Q	S	T	A	V	L	I	F	Y	W	H	M	C	P
0	0.00026	0.00020	0.00027	0.02024	0.01338	0.01343	0.03070	0.02121	0.04927	0.01150	0.03731	0.06836	0.01683	0.00037	0.00020	0.01164	0.00014	0.69093	0.01363	0.00015
1	0.01228	0.03193	0.08905	0.01261	0.20933	0.08247	0.15929	0.10593	0.04364	0.03783	0.08385	0.02139	0.02905	0.00022	0.04140	5.4e-05	0.00019	0.02008	0.00010	0.01931
2	0.00983	0.01004	0.01399	0.02285	0.08022	0.06308	0.01567	0.12062	0.08422	0.10424	0.26607	0.06096	0.08303	0.02020	0.03492	5.6e-05	0.00014	0.00021	0.00014	0.00953
3	0.00040	0.03919	0.16285	0.01721	0.15167	0.08988	0.02914	0.16085	0.22164	0.02436	0.04031	0.01205	0.02821	0.01046	0.00016	4.7e-05	0.01110	0.00015	0.00011	0.00022
4	0.00886	0.00863	0.10347	0.00948	0.02340	0.01476	0.04789	0.03802	0.06775	0.06178	0.30065	0.11259	0.09157	0.03204	0.00859	0.04516	0.00012	0.01647	0.00013	0.00863
5	0.01714	0.01350	0.44354	0.02043	0.14390	0.02471	0.01649	0.04551	0.12444	0.01055	0.03361	0.02924	0.03009	0.02699	0.00016	5e-05	0.00018	0.00920	9.1e-05	0.01018
6	0.00038	0.02921	0.02453	0.02536	0.27500	0.11108	0.04058	0.10736	0.11045	0.04303	0.03791	0.09136	0.03572	0.01623	0.00872	5e-05	0.01089	0.00883	0.00011	0.02318

[dist]
# distance from previous block
# <min> <max>
5	11

[block]
# block no. 1 follows, 2322 sequences, length 17
# corresponding to MSA columns:
# 281-289,293-295,297-300,302
name=unknown_B
#
# <colnr> <probs for GDERKNQSTAVLIFYWHMCP>
#	G	D	E	R	K	N	Q	S	T	A	V	L	I	F	Y	W	H	M	C	P
0	0.01383	0.00016	0.00563	0.00018	0.00022	0.00015	0.00013	0.00624	0.01169	0.06213	0.26014	0.09616	0.38395	0.12628	0.00706	6.3e-05	9.3e-05	0.01973	0.00601	0.00014
1	0.01333	0.02854	0.26869	0.01117	0.08652	0.01099	0.01242	0.10220	0.29818	0.02915	0.08933	0.01245	0.01873	0.00019	0.00015	4.8e-05	0.01231	0.00527	0.00012	0.00022
2	0.00022	0.00016	0.00020	0.00019	0.00638	0.00015	0.00014	0.01071	0.00859	0.02748	0.45718	0.10324	0.30490	0.02566	0.00019	5.1e-05	8.1e-05	0.00955	0.00015	0.04479
3	0.02475	0.11257	0.07214	0.00028	0.01585	0.00779	0.00519	0.14335	0.06613	0.06107	0.00539	0.00941	0.00026	0.00504	0.00013	3.4e-05	0.00014	0.00011	0.00010	0.47029
4	0.01916	0.00028	0.02228	0.01068	0.08543	0.01710	0.07401	0.07875	0.02145	0.39228	0.04879	0.03696	0.02572	0.07068	0.01194	0.01730	0.00427	0.01050	0.00014	0.05227
5	0.03596	0.17283	0.36061	0.00741	0.09901	0.03400	0.03838	0.05817	0.03353	0.13944	0.00670	0.00529	0.00024	0.00015	0.00014	4.4e-05	0.00018	0.00012	9.2e-05	0.00771
6	0.00425	0.24514	0.26379	0.04136	0.09909	0.03216	0.05515	0.03791	0.07169	0.04428	0.02272	0.01863	0.01648	0.00593	0.01595	4.7e-05	0.00931	0.01181	0.00410	0.00020
7	0.00562	0.00016	0.00019	0.00019	0.00022	0.00015	0.00014	0.02484	0.02120	0.02108	0.15615	0.28773	0.26697	0.13507	0.00650	0.01859	0.00497	0.03435	0.01576	0.00013
8	0.01956	0.11579	0.33982	0.01722	0.19707	0.07111	0.08868	0.04051	0.01726	0.05604	0.00909	0.00575	0.00489	0.00522	0.00015	4.5e-05	0.00657	0.00491	8.2e-05	0.00021
9	0.01461	0.05156	0.12204	0.00649	0.22718	0.03575	0.06667	0.07505	0.05460	0.19839	0.00930	0.00993	0.00596	0.00016	0.00014	4.3e-05	0.00649	0.00013	0.00011	0.11542
10	0.08809	0.02152	0.11345	0.09844	0.17314	0.02079	0.03245	0.06712	0.02389	0.26055	0.00993	0.00964	0.01087	0.01989	0.01864	5.2e-05	0.01622	0.00857	0.00654	0.00021
11	0.00022	0.00016	0.00450	0.01512	0.00840	0.00016	0.00926	0.01241	0.01149	0.02469	0.26602	0.28671	0.11013	0.06943	0.12736	8.3e-05	0.00831	0.03653	0.00888	0.00014
12	0.02170	0.37035	0.15251	0.01289	0.09722	0.11627	0.06845	0.02497	0.04667	0.03898	0.01489	0.00758	0.00488	0.00015	0.00013	4.1e-05	0.00643	0.01563	8.2e-05	0.00020
13	0.02704	0.02983	0.14075	0.06093	0.25185	0.02465	0.10521	0.07754	0.04672	0.17225	0.01190	0.01089	0.00588	0.01012	0.00443	4.8e-05	0.01234	0.00729	0.00010	0.00022
14	0.00543	0.00030	0.09366	0.19140	0.06716	0.00474	0.01060	0.03607	0.05299	0.33324	0.07426	0.03480	0.06924	0.00426	0.00980	0.00376	0.00407	0.00017	0.00384	0.00020
15	0.00025	0.00016	0.00793	0.02298	0.00026	0.00016	0.00016	0.00620	0.01154	0.08862	0.06913	0.37548	0.06321	0.14822	0.18445	0.00010	0.00016	0.00899	0.01186	0.00014
16	0.01165	0.04806	0.03138	0.07211	0.33748	0.10501	0.13470	0.04030	0.02199	0.10432	0.04845	0.01724	0.00875	0.00537	0.00382	4.7e-05	0.00489	0.00413	9.6e-05	0.00021

[dist]
# distance from previous block
# <min> <max>
1	1

[block]
# block no. 2 follows, 2322 sequences, length 14
# corresponding to MSA columns:
# 313-315,335-337,340-344,364,370,371
name=unknown_C
#
# <colnr> <probs for GDERKNQSTAVLIFYWHMCP>
#	G	D	E	R	K	N	Q	S	T	A	V	L	I	F	Y	W	H	M	C	P
0	0.00027	0.00021	0.01670	0.01164	0.01554	0.04384	0.01070	0.01436	0.04396	0.07771	0.23190	0.19205	0.23433	0.01919	0.06491	6.5e-05	0.00012	0.02221	0.00014	0.00015
1	0.04232	0.00030	0.00566	0.08089	0.15855	0.02174	0.06166	0.09792	0.01766	0.39802	0.07997	0.00754	0.00669	0.00019	0.00706	4.8e-05	0.00015	0.00827	0.00512	0.00022
2	0.05111	0.03327	0.03234	0.14226	0.44291	0.03251	0.08050	0.07094	0.01157	0.02308	0.01059	0.00038	0.00024	0.00014	0.00015	4.4e-05	0.00691	0.00774	8.4e-05	0.05322
3	0.00832	0.04065	0.03286	0.09308	0.18694	0.16620	0.18377	0.08381	0.15546	0.00680	0.00033	0.00039	0.00026	0.00016	0.00798	4.8e-05	0.02678	0.00586	9.3e-05	0.00021
4	0.00029	0.00018	0.00024	0.03417	0.00029	0.00017	0.01803	0.00882	0.02697	0.16042	0.39082	0.11365	0.15851	0.04080	0.01984	5.7e-05	0.00010	0.02634	0.00015	0.00016
5	0.00040	0.01847	0.04421	0.24624	0.22597	0.25602	0.05240	0.05133	0.05316	0.01771	0.00744	0.00036	0.00024	0.00015	0.00015	4.5e-05	0.00941	0.00013	0.00574	0.01042
6	0.00022	0.00016	0.00828	0.00019	0.00023	0.00014	0.00014	0.00927	0.00960	0.03264	0.27974	0.13681	0.40966	0.02927	0.00020	5.5e-05	8.7e-05	0.08305	0.00015	0.00014
7	0.00036	0.16644	0.00046	0.01131	0.12588	0.07567	0.03460	0.01613	0.00033	0.02000	0.00026	0.00031	0.00022	0.00012	0.00012	3e-05	0.01251	9.9e-05	8.3e-05	0.53505
8	0.99582	0.00029	0.00022	0.00020	0.00029	0.00033	0.00016	0.00044	0.00025	0.00067	0.00021	0.00024	0.00016	0.00014	9.2e-05	4.6e-05	0.00012	8.1e-05	9.2e-05	0.00016
9	0.00022	0.00014	0.00016	0.00016	0.00016	0.00014	9e-05	0.00022	0.00022	0.00029	0.00047	0.00097	0.00054	0.99476	0.00076	0.00014	0.00014	0.00022	9e-05	9e-05
10	0.00028	0.00026	0.00045	0.99441	0.00103	0.00033	0.00041	0.00038	0.00030	0.00038	0.00026	0.00040	0.00020	0.00015	0.00015	5e-05	0.00020	0.00013	6.6e-05	0.00017
11	0.00035	0.00032	0.00739	0.05467	0.54521	0.00030	0.01829	0.00855	0.00986	0.02612	0.01058	0.00907	0.02699	0.00014	0.00014	3.9e-05	0.00015	0.00013	8.5e-05	0.28162
12	0.99582	0.00029	0.00022	0.00020	0.00029	0.00033	0.00016	0.00044	0.00025	0.00067	0.00021	0.00024	0.00016	0.00014	9.2e-05	4.6e-05	0.00012	8.1e-05	9.2e-05	0.00016
13	0.00037	0.00035	0.00058	0.03538	0.82023	0.00036	0.01521	0.00045	0.00033	0.01540	0.00028	0.00037	0.00023	0.00015	0.00019	4.7e-05	0.10966	0.00013	7.4e-05	0.00023

[dist]
# distance from previous block
# <min> <max>
0	1

[block]
# block no. 3 follows, 2322 sequences, length 10
# corresponding to MSA columns:
# 373-375,377,378,385-389
name=unknown_D
#
# <colnr> <probs for GDERKNQSTAVLIFYWHMCP>
#	G	D	E	R	K	N	Q	S	T	A	V	L	I	F	Y	W	H	M	C	P
0	0.00032	0.00018	0.00023	0.00021	0.00026	0.00016	0.00016	0.00039	0.02144	0.23168	0.58832	0.04691	0.05612	0.01498	0.00018	5e-05	8.9e-05	0.03798	0.00016	0.00017
1	0.00034	0.00029	0.00032	0.00024	0.00037	0.02670	0.00019	0.07648	0.02632	0.00052	0.00028	0.00032	0.00023	0.00012	0.00012	2.5e-05	0.00012	9.4e-05	9.4e-05	0.86684
2	0.01365	0.00633	0.00036	0.33841	0.06422	0.03065	0.01411	0.01556	0.01740	0.10929	0.07911	0.11142	0.02684	0.01633	0.02195	5.6e-05	0.00841	0.09229	0.00011	0.03351
3	0.03272	0.03994	0.05437	0.09007	0.16446	0.07368	0.14569	0.13066	0.02942	0.10248	0.02534	0.00645	0.01121	0.00737	0.00016	4.6e-05	0.01917	0.00863	0.00010	0.05805
4	0.00022	0.00018	0.01018	0.00023	0.01245	0.00017	0.00922	0.00028	0.00992	0.02276	0.25822	0.20593	0.24975	0.01243	0.01427	5.8e-05	0.06699	0.12647	0.00014	0.00014
5	0.00021	0.00015	0.00018	0.00018	0.00021	0.00014	0.00013	0.00025	0.00033	0.02937	0.26163	0.23136	0.27312	0.18386	0.00029	6.9e-05	9.2e-05	0.01818	0.00014	0.00013
6	0.00733	0.13542	0.27490	0.09820	0.15857	0.10249	0.01511	0.00843	0.01229	0.05048	0.03406	0.06073	0.01632	0.00726	0.00015	4.6e-05	0.00018	0.01775	8.5e-05	0.00020
7	0.01244	0.00035	0.00062	0.13898	0.26870	0.01545	0.35068	0.03937	0.03656	0.07400	0.00885	0.01067	0.00028	0.00016	0.00016	4.9e-05	0.00866	0.03372	9.1e-05	0.00021
8	0.00030	0.00029	0.02044	0.41592	0.07018	0.04994	0.06456	0.01399	0.01225	0.01327	0.02383	0.01958	0.01076	0.02743	0.06174	6.7e-05	0.04739	0.14781	8.8e-05	0.00017
9	0.00022	0.00016	0.00022	0.00022	0.01057	0.00017	0.00016	0.00026	0.01007	0.01096	0.08219	0.07380	0.06361	0.26418	0.43353	0.00016	0.02748	0.01060	0.01130	0.00013

[dist]
# distance from previous block
# <min> <max>
40	57

[block]
# block no. 4 follows, 2322 sequences, length 13
# corresponding to MSA columns:
# 522,525-528,531-535,539-541
name=unknown_E
#
# <colnr> <probs for GDERKNQSTAVLIFYWHMCP>
#	G	D	E	R	K	N	Q	S	T	A	V	L	I	F	Y	W	H	M	C	P
0	0.00022	0.00015	0.00019	0.00020	0.00021	0.00014	0.00013	0.01668	0.00856	0.02771	0.08914	0.38388	0.09688	0.24241	0.04574	0.07237	0.00012	0.01503	0.00012	0.00012
1	0.00573	0.03921	0.21196	0.01172	0.09637	0.02990	0.01273	0.07452	0.16481	0.07206	0.14984	0.01459	0.07516	0.00601	0.00017	4.8e-05	0.03467	0.00017	0.00012	0.00020
2	0.00024	0.00016	0.00019	0.00019	0.00021	0.00015	0.00013	0.00740	0.00811	0.05324	0.09070	0.07339	0.10060	0.49222	0.13007	0.00732	0.00016	0.02785	0.00756	0.00012
3	0.00658	0.04153	0.13349	0.01273	0.20277	0.02366	0.01252	0.11721	0.28989	0.02995	0.07787	0.00844	0.02654	0.00508	0.00510	4.8e-05	0.00610	0.00016	0.00012	0.00022
4	0.01408	0.00020	0.00027	0.00023	0.00030	0.00018	0.00018	0.00049	0.00910	0.50057	0.14372	0.12761	0.09630	0.04874	0.01172	5.7e-05	0.00011	0.04577	0.00016	0.00019
5	0.00551	0.04095	0.25888	0.01638	0.05571	0.02673	0.02297	0.11573	0.24236	0.07755	0.05988	0.01026	0.03030	0.00021	0.02169	5.1e-05	0.00943	0.00509	0.00012	0.00022
6	0.00022	0.00016	0.00020	0.00019	0.00022	0.00015	0.01072	0.00028	0.02383	0.01633	0.44478	0.04896	0.09808	0.22179	0.11338	9.2e-05	0.00013	0.01129	0.00906	0.00013
7	0.03739	0.23111	0.42237	0.00635	0.00049	0.00038	0.01012	0.04257	0.08792	0.02991	0.05121	0.00038	0.00956	0.00016	0.00843	4.4e-05	0.00017	0.00012	0.00673	0.05459
8	0.00024	0.00018	0.00022	0.01190	0.01489	0.00714	0.00617	0.00995	0.06417	0.02499	0.60161	0.07534	0.11647	0.03105	0.00019	5.2e-05	0.00708	0.01358	0.00930	0.00549
9	0.00029	0.00587	0.03528	0.13971	0.20619	0.01052	0.01779	0.01330	0.01577	0.04646	0.06813	0.13016	0.03011	0.04814	0.13386	7.9e-05	0.00018	0.04923	0.00010	0.04883
10	0.00032	0.00027	0.00031	0.00022	0.00035	0.00020	0.00018	0.00040	0.02713	0.03491	0.00029	0.00032	0.00023	0.00012	0.00011	2.4e-05	0.00011	9.3e-05	9.3e-05	0.93431
11	0.00034	0.07069	0.55647	0.00746	0.03278	0.01776	0.03500	0.03127	0.08292	0.05216	0.03511	0.00694	0.01559	0.00016	0.00014	4.5e-05	0.00019	0.00013	8.7e-05	0.05475
12	0.00022	0.00016	0.00019	0.00018	0.00022	0.00014	0.00013	0.00027	0.00035	0.02931	0.43404	0.03577	0.29346	0.15472	0.01219	6.5e-05	9.1e-05	0.00027	0.00014	0.03810

[dist]
# distance from previous block
# <min> <max>
18	20

[block]
# block no. 5 follows, 2322 sequences, length 17
# corresponding to MSA columns:
# 614-623,625-630,632
name=unknown_F
#
# <colnr> <probs for GDERKNQSTAVLIFYWHMCP>
#	G	D	E	R	K	N	Q	S	T	A	V	L	I	F	Y	W	H	M	C	P
0	0.00818	0.52477	0.22769	0.00033	0.03899	0.00775	0.02013	0.01389	0.01327	0.04838	0.01396	0.00646	0.00573	0.00014	0.00012	3.7e-05	0.00017	0.00463	7.7e-05	0.06530
1	0.01345	0.10799	0.36889	0.00041	0.10483	0.01080	0.03614	0.08268	0.01439	0.21981	0.00570	0.01613	0.00436	0.00016	0.00014	4.5e-05	0.00018	0.00434	0.00487	0.00469
2	0.00539	0.42879	0.28317	0.01625	0.04313	0.01385	0.05823	0.02073	0.00826	0.06475	0.01108	0.01044	0.00749	0.00807	0.00518	4.2e-05	0.00018	0.01041	7.9e-05	0.00447
3	0.00021	0.00016	0.01334	0.00773	0.00023	0.00014	0.00014	0.00027	0.00825	0.01268	0.56328	0.08421	0.29988	0.00860	0.00018	5e-05	7.8e-05	0.00029	0.00015	0.00014
4	0.00434	0.48253	0.21716	0.00476	0.02480	0.09353	0.04934	0.02509	0.02146	0.03720	0.00559	0.00505	0.00786	0.00536	0.00406	4.1e-05	0.00415	0.00741	7.6e-05	0.00020
5	0.01531	0.07332	0.40537	0.03014	0.12607	0.07185	0.04713	0.01806	0.05311	0.12061	0.00664	0.00823	0.00441	0.00016	0.00642	4.7e-05	0.00778	0.00503	8.9e-05	0.00022
6	0.00429	0.00606	0.22688	0.10753	0.05966	0.00511	0.12442	0.01711	0.06155	0.15202	0.05703	0.01089	0.01071	0.03329	0.00655	0.01608	0.00995	0.09057	0.00011	0.00020
7	0.00020	0.00015	0.00912	0.00021	0.01880	0.00013	0.00014	0.00023	0.00032	0.01426	0.10956	0.52221	0.27772	0.01980	0.00019	5.7e-05	8.8e-05	0.02655	0.00014	0.00013
8	0.02252	0.18896	0.32988	0.00948	0.17041	0.06392	0.04534	0.01498	0.03604	0.06050	0.01109	0.02447	0.00726	0.00016	0.00014	4.4e-05	0.00985	0.00466	8.3e-05	0.00021
9	0.01916	0.03963	0.14161	0.17711	0.09940	0.09494	0.08205	0.06975	0.08761	0.04717	0.01755	0.01442	0.05018	0.00604	0.00357	4.8e-05	0.03589	0.00643	9.5e-05	0.00736
10	0.00023	0.00491	0.05183	0.05098	0.02076	0.00457	0.01637	0.02849	0.00479	0.00976	0.05581	0.47225	0.14770	0.03326	0.01437	0.00759	0.00822	0.06784	0.00013	0.00014
11	0.01490	0.00027	0.00046	0.44817	0.03043	0.00029	0.15253	0.00742	0.00617	0.18575	0.02373	0.10448	0.01392	0.00542	0.00016	5e-05	0.00539	0.00018	0.00010	0.00018
12	0.03906	0.06309	0.26700	0.02738	0.24038	0.05515	0.09473	0.04600	0.03196	0.08027	0.00756	0.01922	0.01049	0.00714	0.00015	4.6e-05	0.00584	0.00422	8.9e-05	0.00021
13	0.01818	0.02858	0.05350	0.24409	0.06714	0.09411	0.29211	0.07929	0.01986	0.03430	0.00031	0.00686	0.00024	0.00017	0.01061	5e-05	0.03406	0.01627	8.5e-05	0.00020
14	0.00514	0.00986	0.01016	0.08993	0.01620	0.15286	0.14638	0.02939	0.01609	0.06390	0.01563	0.11076	0.01277	0.15322	0.04543	7.3e-05	0.05863	0.05485	0.00458	0.00415
15	0.13314	0.00027	0.00494	0.09905	0.03413	0.00027	0.02483	0.05352	0.03265	0.53246	0.02475	0.00691	0.00608	0.01063	0.00015	4.7e-05	0.00014	0.00932	0.00463	0.02210
16	0.00687	0.05767	0.18032	0.11095	0.06163	0.04253	0.02634	0.09228	0.27763	0.04035	0.01547	0.00466	0.01613	0.00017	0.00015	4.6e-05	0.02124	0.00648	0.00011	0.03897

[dist]
# distance from previous block
# <min> <max>
10	21

[block]
# block no. 6 follows, 2322 sequences, length 10
# corresponding to MSA columns:
# 729,731-739
name=unknown_G
#
# <colnr> <probs for GDERKNQSTAVLIFYWHMCP>
#	G	D	E	R	K	N	Q	S	T	A	V	L	I	F	Y	W	H	M	C	P
0	0.74213	0.07989	0.06521	0.00822	0.01565	0.02479	0.00833	0.01271	0.00864	0.00955	0.00796	0.00028	0.00019	0.00014	0.00011	4.5e-05	0.00785	0.00804	9e-05	0.00017
1	0.00039	0.82315	0.02725	0.00028	0.01212	0.01539	0.01683	0.03590	0.00948	0.00038	0.00024	0.00896	0.00022	0.00866	0.01010	3.8e-05	0.02030	0.01006	7e-05	0.00019
2	0.00814	0.00022	0.00591	0.22360	0.04692	0.00784	0.03260	0.00761	0.10300	0.00713	0.12279	0.05902	0.11221	0.11649	0.04972	0.01832	0.00863	0.06379	0.00591	0.00015
3	0.00032	0.00018	0.00023	0.00021	0.00026	0.00016	0.00016	0.00039	0.02972	0.23024	0.55497	0.08520	0.08001	0.00030	0.00017	4.9e-05	8.8e-05	0.01701	0.00016	0.00017
4	0.00651	0.04586	0.01144	0.01074	0.03191	0.07260	0.01157	0.06670	0.32218	0.04167	0.21848	0.05192	0.07783	0.00658	0.00653	4.9e-05	0.00013	0.00896	0.00815	0.00019
5	0.01436	0.00016	0.00018	0.00018	0.00022	0.00014	0.00014	0.00025	0.01154	0.01201	0.16818	0.13032	0.48189	0.04784	0.00021	5.7e-05	8.8e-05	0.12064	0.01146	0.00013
6	0.01226	0.72610	0.08384	0.00030	0.01279	0.05775	0.01509	0.03023	0.03392	0.01582	0.00024	0.00027	0.00021	0.00014	0.00011	3.6e-05	0.01054	9.2e-05	7.2e-05	0.00020
7	0.00022	0.00016	0.00019	0.00019	0.00021	0.00016	0.00013	0.00026	0.04447	0.00034	0.04090	0.13704	0.02306	0.55638	0.15674	0.00013	0.01839	0.02079	0.00010	0.00011
8	0.00959	0.01909	0.25774	0.01492	0.08753	0.02208	0.03493	0.06259	0.11007	0.04854	0.18405	0.05516	0.01401	0.00023	0.00621	0.05854	0.00685	0.00017	0.00750	0.00019
9	0.59445	0.00030	0.01918	0.01005	0.00033	0.01140	0.00019	0.08164	0.02634	0.18978	0.03314	0.00989	0.01180	0.01079	0.00012	4.7e-05	0.00012	0.00012	0.00012	0.00019

[dist]
# distance from previous block
# <min> <max>
23	44

[block]
# block no. 7 follows, 2322 sequences, length 15
# corresponding to MSA columns:
# 853,855-862,866,867,871,874,875,877
name=unknown_H
#
# <colnr> <probs for GDERKNQSTAVLIFYWHMCP>
#	G	D	E	R	K	N	Q	S	T	A	V	L	I	F	Y	W	H	M	C	P
0	0.00586	0.11166	0.15486	0.00518	0.05552	0.00708	0.00640	0.03567	0.00536	0.02865	0.01600	0.00501	0.00025	0.00521	0.02377	3.7e-05	0.00015	0.00010	8.7e-05	0.53315
1	0.67006	0.10300	0.11440	0.00025	0.00648	0.01997	0.01170	0.01386	0.00893	0.02170	0.00026	0.00029	0.01984	0.00014	0.00010	4.5e-05	0.00014	9.3e-05	8.9e-05	0.00865
2	0.00023	0.00016	0.00019	0.00018	0.00019	0.01212	0.01286	0.01989	0.01394	0.00033	0.01040	0.09886	0.05924	0.74263	0.00740	0.00012	0.00014	0.02091	0.00010	0.00010
3	0.02940	0.18101	0.62445	0.00754	0.00053	0.00037	0.00043	0.00746	0.03702	0.01014	0.06160	0.01247	0.02666	0.00016	0.00014	4.5e-05	0.00019	0.00013	7.8e-05	0.00021
4	0.01301	0.28195	0.42354	0.01463	0.07101	0.02852	0.03102	0.01860	0.04048	0.04719	0.00489	0.00498	0.00023	0.00015	0.00879	4.4e-05	0.00586	0.00011	7.7e-05	0.00491
5	0.19877	0.02537	0.00439	0.00038	0.01374	0.02106	0.32717	0.02486	0.00910	0.25093	0.00545	0.05635	0.00951	0.00699	0.00691	5e-05	0.01372	0.01061	0.00600	0.00862
6	0.00020	0.00015	0.00018	0.00019	0.00022	0.00013	0.00014	0.00025	0.01529	0.02026	0.18615	0.49497	0.21559	0.02514	0.00020	5.7e-05	8.5e-05	0.03205	0.00862	0.00013
7	0.00538	0.01540	0.06284	0.03187	0.10845	0.00562	0.00588	0.00782	0.04429	0.01420	0.39112	0.10285	0.17692	0.00030	0.01807	5.2e-05	0.00011	0.00853	0.00013	0.00016
8	0.85756	0.03180	0.00885	0.01143	0.01182	0.01025	0.00018	0.01301	0.05301	0.00065	0.00023	0.00026	0.00018	0.00014	9.8e-05	4.6e-05	0.00012	8.8e-05	9.4e-05	0.00017
9	0.00625	0.00021	0.00891	0.01036	0.06788	0.00543	0.00499	0.00774	0.03777	0.08451	0.06586	0.25445	0.04796	0.00461	0.00914	6.1e-05	0.07309	0.30628	0.00434	0.00016
10	0.01284	0.00038	0.05343	0.02978	0.54551	0.05184	0.03302	0.09002	0.06276	0.04112	0.04154	0.00494	0.00496	0.00016	0.00452	4.6e-05	0.00746	0.00459	9.4e-05	0.01099
11	0.00484	0.00516	0.02288	0.00446	0.08938	0.00503	0.01317	0.03900	0.05484	0.41126	0.12715	0.02982	0.06267	0.00022	0.00929	4.6e-05	0.00013	0.00584	0.00448	0.11034
12	0.79880	0.08369	0.03119	0.00023	0.01161	0.03141	0.00800	0.01694	0.00789	0.00884	0.00022	0.00025	0.00017	0.00014	9.8e-05	4.5e-05	0.00013	8.5e-05	9e-05	0.00017
13	0.01914	0.23227	0.61906	0.00038	0.01266	0.00659	0.04378	0.01226	0.00944	0.01157	0.00744	0.00033	0.00022	0.00015	0.00013	0.00528	0.00020	0.01269	0.00622	0.00021
14	0.00666	0.05929	0.36651	0.00975	0.04451	0.02675	0.03093	0.16755	0.17988	0.03052	0.02425	0.00041	0.00906	0.00654	0.00015	4.6e-05	0.00857	0.00442	0.00010	0.02411

[dist]
# distance from previous block
# <min> <max>
8	17

[block]
# block no. 8 follows, 2322 sequences, length 21
# corresponding to MSA columns:
# 945-948,950-964,966,970
name=unknown_I
#
# <colnr> <probs for GDERKNQSTAVLIFYWHMCP>
#	G	D	E	R	K	N	Q	S	T	A	V	L	I	F	Y	W	H	M	C	P
0	0.21980	0.02401	0.32933	0.00877	0.12166	0.02329	0.02173	0.02653	0.02877	0.10033	0.01090	0.00791	0.00856	0.00015	0.00013	4.5e-05	0.00552	0.00509	9.2e-05	0.05737
1	0.02001	0.25293	0.29871	0.00662	0.03633	0.11124	0.02786	0.04684	0.01722	0.02639	0.01156	0.00923	0.00670	0.00017	0.01187	4.6e-05	0.08859	0.00011	7.8e-05	0.02749
2	0.00023	0.00407	0.02807	0.00820	0.00027	0.01709	0.00803	0.00551	0.00030	0.02703	0.09151	0.62447	0.00685	0.02774	0.02344	6.5e-05	0.12134	0.00551	0.00013	0.00014
3	0.01094	0.00740	0.04913	0.04278	0.14545	0.01000	0.03362	0.01336	0.00730	0.64213	0.01008	0.00375	0.00406	0.00017	0.00015	4.6e-05	0.00373	0.00015	0.00015	0.01563
4	0.87555	0.03046	0.00737	0.00021	0.00662	0.03442	0.00018	0.00793	0.01097	0.02489	0.00022	0.00025	0.00017	0.00014	9.7e-05	4.5e-05	0.00012	8.5e-05	9.4e-05	0.00017
5	0.00037	0.00679	0.10619	0.04525	0.66436	0.00486	0.08461	0.02471	0.01150	0.02184	0.00727	0.00038	0.00024	0.00014	0.00015	4.6e-05	0.01556	0.00014	0.00536	0.00023
6	0.00040	0.12817	0.29598	0.00489	0.06889	0.02149	0.02151	0.06383	0.14470	0.13417	0.01912	0.01758	0.00030	0.00875	0.00014	4.5e-05	0.00017	0.00398	0.00010	0.06577
7	0.00583	0.00024	0.00033	0.00976	0.02319	0.00022	0.00021	0.02083	0.01720	0.72524	0.12866	0.00551	0.01438	0.02534	0.00017	4.9e-05	0.01549	0.00693	0.00017	0.00023
8	0.00033	0.07910	0.19065	0.05159	0.11700	0.02194	0.11649	0.02597	0.14001	0.02347	0.12630	0.05215	0.03313	0.00348	0.00016	4.8e-05	0.01278	0.00510	0.00010	0.00020
9	0.00022	0.00015	0.00018	0.00018	0.00019	0.00015	0.00011	0.00024	0.00027	0.00908	0.18680	0.04114	0.05246	0.62425	0.04150	0.00012	0.00013	0.03421	0.00853	0.00011
10	0.00041	0.10034	0.10202	0.01114	0.25639	0.03392	0.00990	0.08892	0.19787	0.09767	0.03336	0.01389	0.00622	0.00018	0.00371	4.7e-05	0.03584	0.00784	0.00011	0.00022
11	0.00022	0.00017	0.00020	0.00019	0.00023	0.00016	0.00014	0.00797	0.06885	0.01554	0.61028	0.02672	0.22043	0.01426	0.00018	5e-05	7.9e-05	0.01362	0.02056	0.00015
12	0.01037	0.01118	0.03493	0.01873	0.29120	0.03033	0.00481	0.03204	0.43990	0.01155	0.04392	0.01020	0.00926	0.00019	0.00016	4.8e-05	0.03723	0.00593	0.00372	0.00431
13	0.00022	0.00015	0.00020	0.00020	0.00023	0.00014	0.01074	0.00027	0.00037	0.04231	0.47473	0.25827	0.17575	0.00035	0.00018	5.2e-05	8.2e-05	0.02823	0.00739	0.00014
14	0.01458	0.00664	0.00970	0.05820	0.40754	0.12704	0.04740	0.02037	0.08326	0.00613	0.01761	0.02642	0.01178	0.00389	0.00383	5e-05	0.15514	0.00014	8.5e-05	0.00020
15	0.01976	0.09855	0.27661	0.00723	0.16741	0.01852	0.05873	0.15441	0.02492	0.14262	0.01462	0.00824	0.00026	0.00016	0.00014	4.5e-05	0.00731	0.00013	0.00010	0.00022
16	0.00021	0.00016	0.00019	0.00018	0.00022	0.00014	0.00014	0.00921	0.03057	0.00697	0.53608	0.11303	0.28660	0.00034	0.00018	5e-05	7.7e-05	0.00786	0.00766	0.00014
17	0.00395	0.00754	0.15516	0.02088	0.54668	0.00745	0.07729	0.04917	0.00035	0.03806	0.00031	0.01359	0.00026	0.01266	0.04252	5.5e-05	0.00718	0.00991	0.00676	0.00022
18	0.02423	0.00885	0.30722	0.06767	0.07998	0.01696	0.04003	0.02672	0.05320	0.20459	0.09321	0.00550	0.01963	0.00816	0.00640	0.02150	0.00667	0.00650	0.00276	0.00021
19	0.00567	0.00032	0.02843	0.30298	0.26359	0.03731	0.07215	0.01404	0.00475	0.04952	0.00432	0.02667	0.00742	0.00015	0.00015	4.4e-05	0.00330	0.01504	0.01071	0.15343
20	0.02118	0.07480	0.44657	0.01665	0.10184	0.02131	0.05592	0.00719	0.01366	0.01917	0.12314	0.00940	0.04974	0.00018	0.00016	4.7e-05	0.03862	0.00015	8.7e-05	0.00020

[dist]
# distance from previous block
# <min> <max>
14	24

[block]
# block no. 9 follows, 2322 sequences, length 19
# corresponding to MSA columns:
# 1039-1042,1044,1045,1047-1054,1059,1060,1062-1064
name=unknown_J
#
# <colnr> <probs for GDERKNQSTAVLIFYWHMCP>
#	G	D	E	R	K	N	Q	S	T	A	V	L	I	F	Y	W	H	M	C	P
0	0.04754	0.13495	0.01197	0.00031	0.00603	0.04355	0.00812	0.24934	0.47865	0.00934	0.00045	0.00043	0.00034	0.00018	0.00014	4.6e-05	0.00014	0.00014	0.00811	0.00023
1	0.00022	0.00018	0.04072	0.00022	0.00593	0.00015	0.00519	0.00027	0.00520	0.04087	0.18880	0.53310	0.10192	0.01707	0.01211	5.9e-05	0.00966	0.02839	0.00550	0.00445
2	0.01394	0.32764	0.35038	0.00513	0.03227	0.01695	0.01475	0.04841	0.01887	0.15722	0.00694	0.00033	0.00024	0.00015	0.00013	4.2e-05	0.00018	0.00011	9e-05	0.00623
3	0.04355	0.07686	0.39775	0.02160	0.11978	0.00577	0.08180	0.02777	0.02519	0.10763	0.01711	0.05435	0.00613	0.00365	0.00015	4.7e-05	0.00503	0.00554	9.1e-05	0.00021
4	0.00019	0.00014	0.00018	0.00021	0.00022	0.00013	0.00015	0.00022	0.00029	0.00038	0.01806	0.75229	0.01011	0.07268	0.03531	0.01126	0.00011	0.09782	0.00013	0.00012
5	0.00032	0.01453	0.03521	0.39489	0.46539	0.00701	0.01189	0.00042	0.01027	0.00044	0.01084	0.00760	0.02660	0.00016	0.00452	4.8e-05	0.00480	0.00480	7.4e-05	0.00020
6	0.02904	0.08421	0.33729	0.01064	0.06561	0.05994	0.02755	0.02723	0.02938	0.30529	0.01280	0.00039	0.00466	0.00016	0.00014	4.5e-05	0.00516	0.00013	0.00011	0.00022
7	0.00637	0.23064	0.13071	0.05647	0.17323	0.02837	0.03230	0.07860	0.01588	0.05762	0.02165	0.04785	0.02465	0.03966	0.01410	5.1e-05	0.03013	0.01143	9.1e-05	0.00020
8	0.00022	0.00017	0.00547	0.00020	0.00517	0.00015	0.00015	0.02011	0.03104	0.04039	0.22778	0.25773	0.33545	0.01114	0.03919	6e-05	9.8e-05	0.01814	0.00721	0.00014
9	0.01135	0.00034	0.07400	0.41616	0.28750	0.00587	0.01519	0.03963	0.05085	0.05222	0.01788	0.00719	0.00439	0.00463	0.00376	4.9e-05	0.00439	0.00433	8.5e-05	0.00020
10	0.08006	0.06306	0.28535	0.01085	0.32835	0.03729	0.03805	0.03654	0.04301	0.04500	0.01436	0.00621	0.00509	0.00015	0.00014	4.5e-05	0.00018	0.00596	8.5e-05	0.00022
11	0.00961	0.02768	0.08031	0.17164	0.07539	0.21387	0.27207	0.06322	0.00803	0.01438	0.02169	0.00935	0.00632	0.00016	0.00511	4.7e-05	0.01073	0.01012	8.3e-05	0.00019
12	0.00023	0.00016	0.00443	0.00515	0.00850	0.00682	0.00587	0.00758	0.01409	0.03974	0.08586	0.44721	0.16656	0.02402	0.03720	6.6e-05	0.00948	0.12930	0.00759	0.00014
13	0.05267	0.01877	0.37922	0.03422	0.13027	0.02004	0.08065	0.03863	0.05109	0.08014	0.02028	0.02876	0.01431	0.03636	0.00017	5.1e-05	0.00388	0.01019	9.2e-05	0.00021
14	0.04616	0.03505	0.18967	0.24239	0.07140	0.07346	0.10074	0.06290	0.02455	0.07666	0.00651	0.04279	0.00424	0.00437	0.00015	4.8e-05	0.01013	0.00850	9e-05	0.00020
15	0.01759	0.05390	0.37612	0.06547	0.02809	0.02655	0.16018	0.06856	0.02825	0.06996	0.02939	0.01401	0.00766	0.00346	0.00473	4.9e-05	0.01879	0.02694	9e-05	0.00021
16	0.00462	0.00479	0.03810	0.04618	0.28261	0.05990	0.01249	0.01262	0.01111	0.13452	0.04658	0.14077	0.00987	0.05682	0.08408	0.00344	0.01233	0.01340	0.02560	0.00019
17	0.04713	0.05957	0.23470	0.06519	0.26908	0.03932	0.04531	0.03310	0.03326	0.09012	0.01968	0.02749	0.01222	0.00663	0.00547	4.8e-05	0.00426	0.00713	9.1e-05	0.00021
18	0.11207	0.05608	0.10641	0.05400	0.04403	0.07269	0.14675	0.06965	0.04562	0.10743	0.03461	0.02733	0.02810	0.04659	0.02256	5.6e-05	0.01225	0.01349	0.00010	0.00019

[dist]
# distance from previous block
# <min> <max>
0	1

[block]
# block no. 10 follows, 2322 sequences, length 17
# corresponding to MSA columns:
# 1066-1068,1073,1074,1076,1077,1089-1093,1095-1099
name=unknown_K
#
# <colnr> <probs for GDERKNQSTAVLIFYWHMCP>
#	G	D	E	R	K	N	Q	S	T	A	V	L	I	F	Y	W	H	M	C	P
0	0.02261	0.04770	0.11774	0.15879	0.07373	0.02234	0.06026	0.02554	0.01827	0.25342	0.02561	0.08172	0.01967	0.00421	0.01637	5.2e-05	0.01074	0.03754	0.00011	0.00359
1	0.00838	0.00436	0.01391	0.00888	0.01930	0.02355	0.16348	0.06240	0.14322	0.19646	0.09617	0.07605	0.06397	0.01056	0.08681	6.7e-05	0.01024	0.00728	0.00472	0.00019
2	0.02251	0.07940	0.12141	0.20726	0.18418	0.08122	0.04158	0.01840	0.02346	0.10700	0.02512	0.02995	0.01879	0.00647	0.00015	4.7e-05	0.01069	0.01446	9.2e-05	0.00782
3	0.03822	0.09600	0.12939	0.03989	0.01285	0.14482	0.07971	0.08226	0.07434	0.17084	0.03400	0.02835	0.01563	0.00781	0.01884	5e-05	0.01631	0.01040	0.00011	0.00020
4	0.00512	0.03772	0.16960	0.11494	0.12642	0.08523	0.08139	0.03526	0.02029	0.15841	0.03842	0.03852	0.04266	0.00427	0.01479	5e-05	0.01840	0.00819	0.00010	0.00020
5	0.00502	0.00400	0.01753	0.02769	0.09928	0.01956	0.01934	0.00038	0.03009	0.15203	0.19813	0.15635	0.12841	0.03874	0.02538	0.00371	0.00012	0.06976	0.00430	0.00017
6	0.00033	0.01863	0.13329	0.21967	0.40387	0.02025	0.07612	0.00542	0.01356	0.00664	0.01240	0.03009	0.01142	0.00418	0.01563	5.1e-05	0.02170	0.00645	7.7e-05	0.00020
7	0.03384	0.23416	0.21094	0.12204	0.05954	0.10547	0.04629	0.06266	0.03906	0.03592	0.00644	0.00454	0.00025	0.00447	0.00014	4.6e-05	0.00019	0.00448	8.9e-05	0.02943
8	0.01106	0.02782	0.15009	0.03757	0.15850	0.02879	0.18280	0.04322	0.02726	0.29119	0.00716	0.01269	0.00462	0.00017	0.00569	4.8e-05	0.00692	0.00407	0.00011	0.00022
9	0.00029	0.00017	0.00022	0.00021	0.00025	0.00015	0.00015	0.00848	0.01032	0.19114	0.28941	0.30547	0.10665	0.05150	0.00776	5.8e-05	9.6e-05	0.02025	0.00728	0.00015
10	0.01084	0.00016	0.00543	0.00472	0.00561	0.00015	0.00435	0.00630	0.01277	0.02607	0.12541	0.38445	0.26018	0.05082	0.01621	0.00547	9.8e-05	0.08071	0.00014	0.00013
11	0.00611	0.34773	0.30303	0.02177	0.08917	0.04600	0.03105	0.02517	0.03770	0.05373	0.00596	0.00765	0.00549	0.00016	0.00774	4.3e-05	0.00613	0.00509	7.9e-05	0.00021
12	0.09215	0.01298	0.10253	0.01755	0.23015	0.02448	0.08761	0.01319	0.05553	0.24468	0.01942	0.03363	0.01105	0.00625	0.01724	5.1e-05	0.01682	0.00775	0.00669	0.00021
13	0.00028	0.00016	0.00021	0.00021	0.00025	0.00014	0.00015	0.00031	0.00033	0.19100	0.07186	0.62849	0.06923	0.01151	0.00873	5.9e-05	9.6e-05	0.01668	0.00015	0.00015
14	0.01055	0.12841	0.01396	0.01262	0.00729	0.00812	0.02415	0.04291	0.04021	0.08465	0.31128	0.17454	0.10555	0.00392	0.00379	4.9e-05	0.00011	0.01577	0.01194	0.00016
15	0.02421	0.09549	0.44453	0.00611	0.14798	0.03913	0.02563	0.03851	0.01837	0.14640	0.00628	0.00617	0.00024	0.00015	0.00014	4.5e-05	0.00019	0.00012	9e-05	0.00022
16	0.05438	0.03828	0.06005	0.04819	0.12956	0.24195	0.06051	0.03058	0.05128	0.13690	0.02753	0.04947	0.02329	0.00019	0.00830	4.7e-05	0.01482	0.02064	0.00382	0.00020

[dist]
# distance from previous block
# <min> <max>
4	7

[block]
# block no. 11 follows, 2322 sequences, length 9
# corresponding to MSA columns:
# 1146,1147,1152-1157,1161
name=unknown_L
#
# <colnr> <probs for GDERKNQSTAVLIFYWHMCP>
#	G	D	E	R	K	N	Q	S	T	A	V	L	I	F	Y	W	H	M	C	P
0	0.00022	0.00016	0.00020	0.00020	0.00023	0.00014	0.01027	0.01001	0.01952	0.02935	0.31499	0.34941	0.18375	0.03392	0.01019	5.8e-05	9e-05	0.01708	0.00948	0.01073
1	0.00033	0.00028	0.00032	0.00023	0.00036	0.02910	0.00019	0.02310	0.00032	0.02548	0.00027	0.00031	0.00022	0.00012	0.00012	2.5e-05	0.02298	9.2e-05	9.1e-05	0.89604
2	0.00783	0.08529	0.33108	0.02274	0.14434	0.03441	0.05458	0.05425	0.01735	0.07102	0.01423	0.00629	0.00664	0.00620	0.01349	0.00611	0.01707	0.00628	8.7e-05	0.10070
3	0.10899	0.00925	0.03786	0.03064	0.06186	0.01144	0.00901	0.22171	0.06513	0.23595	0.09563	0.02580	0.04358	0.00682	0.00669	4.8e-05	0.00014	0.00700	0.01200	0.01046
4	0.00024	0.00016	0.00021	0.00023	0.00026	0.00016	0.00018	0.01665	0.01351	0.05228	0.12744	0.36394	0.07328	0.01474	0.03246	6.6e-05	0.00011	0.30381	0.00014	0.00014
5	0.00021	0.00016	0.00021	0.01305	0.03945	0.00015	0.00015	0.00027	0.01154	0.01213	0.49848	0.09631	0.26666	0.01357	0.03525	5.7e-05	9.4e-05	0.01196	0.00015	0.00014
6	0.01040	0.22517	0.31399	0.03241	0.07640	0.07687	0.06782	0.01680	0.04582	0.06621	0.00030	0.00903	0.00024	0.00016	0.00015	4.4e-05	0.04744	0.01049	8.1e-05	0.00021
7	0.03237	0.08858	0.19965	0.04451	0.08203	0.06672	0.16010	0.05122	0.02884	0.12545	0.01105	0.01977	0.01289	0.00797	0.00717	4.9e-05	0.01722	0.04410	9.7e-05	0.00020
8	0.00031	0.03414	0.66040	0.05951	0.01902	0.00926	0.11317	0.00046	0.01102	0.01655	0.00998	0.00940	0.00024	0.00017	0.01120	5e-05	0.01323	0.03162	7.2e-05	0.00021

[dist]
# distance from previous block
# <min> <max>
14	66

[block]
# block no. 12 follows, 2322 sequences, length 19
# corresponding to MSA columns:
# 1312-1317,1319-1326,1331-1335
name=unknown_M
#
# <colnr> <probs for GDERKNQSTAVLIFYWHMCP>
#	G	D	E	R	K	N	Q	S	T	A	V	L	I	F	Y	W	H	M	C	P
0	0.00676	0.01105	0.16647	0.35884	0.19733	0.01519	0.04606	0.02193	0.04231	0.04439	0.00948	0.01659	0.00577	0.00365	0.00414	0.00589	0.02238	0.01295	0.00862	0.00020
1	0.03578	0.11250	0.30891	0.01503	0.12103	0.03891	0.01866	0.01426	0.02939	0.10344	0.01873	0.01066	0.00662	0.00015	0.00013	4.1e-05	0.00017	0.00714	9e-05	0.15836
2	0.01887	0.16177	0.24176	0.05767	0.01048	0.05367	0.14244	0.03758	0.03302	0.08239	0.01750	0.08448	0.03484	0.00019	0.00015	4.6e-05	0.00018	0.01171	9.4e-05	0.01116
3	0.00874	0.00805	0.00034	0.00026	0.00037	0.00023	0.00022	0.05959	0.02966	0.80946	0.04091	0.00056	0.04050	0.00020	0.00015	4.6e-05	0.00012	0.00016	0.00018	0.00024
4	0.00945	0.02848	0.47650	0.04174	0.08819	0.00956	0.03963	0.00874	0.05163	0.05698	0.05050	0.04838	0.06618	0.00019	0.00331	4.8e-05	0.00534	0.00604	0.00496	0.00415
5	0.01031	0.04595	0.11123	0.25675	0.30074	0.04808	0.06226	0.03156	0.04369	0.02087	0.01060	0.01974	0.00625	0.00515	0.00351	4.8e-05	0.01322	0.00595	8.2e-05	0.00400
6	0.03401	0.02579	0.05307	0.49567	0.03132	0.06017	0.04199	0.08110	0.01500	0.10105	0.01684	0.02261	0.01104	0.00017	0.00015	4.8e-05	0.00018	0.00952	9.3e-05	0.00019
7	0.00023	0.00016	0.00020	0.00020	0.00023	0.00015	0.00015	0.00782	0.03439	0.03235	0.58926	0.22145	0.05496	0.02592	0.01236	5.5e-05	8.6e-05	0.01975	0.00015	0.00014
8	0.00446	0.00032	0.00512	0.34963	0.48313	0.00993	0.03732	0.01334	0.01105	0.01815	0.02916	0.01873	0.00931	0.00016	0.00015	4.7e-05	0.00551	0.00421	8e-05	0.00020
9	0.03460	0.03394	0.02386	0.06856	0.01320	0.03397	0.02618	0.08132	0.23511	0.07749	0.09656	0.17475	0.04688	0.00365	0.00343	0.00411	0.02255	0.01365	0.00013	0.00606
10	0.26230	0.04937	0.06933	0.01180	0.02013	0.13191	0.21540	0.08488	0.07844	0.03047	0.00031	0.00036	0.00442	0.01507	0.01578	5e-05	0.00590	0.00378	9.5e-05	0.00019
11	0.00019	0.00014	0.00018	0.00020	0.00021	0.00013	0.00014	0.00022	0.00029	0.00843	0.03702	0.66292	0.09678	0.12270	0.00952	0.00735	9.8e-05	0.05323	0.00013	0.00012
12	0.00636	0.00017	0.00020	0.00020	0.00024	0.00016	0.00015	0.00935	0.05799	0.07170	0.34463	0.26251	0.18066	0.05049	0.00020	5.6e-05	8.8e-05	0.00901	0.00569	0.00014
13	0.00020	0.00015	0.00019	0.02977	0.00025	0.00014	0.00015	0.01599	0.00031	0.01257	0.06059	0.68764	0.12536	0.03064	0.00695	6.2e-05	9.4e-05	0.02871	0.00014	0.00013
14	0.10579	0.26785	0.22755	0.01608	0.01524	0.02258	0.07985	0.07683	0.02373	0.08867	0.00843	0.02705	0.00469	0.00016	0.00013	4.4e-05	0.00450	0.02695	9.3e-05	0.00376
15	0.00045	0.00908	0.31603	0.01446	0.16362	0.00694	0.02422	0.01575	0.03384	0.36840	0.02668	0.00459	0.00031	0.00017	0.00430	4.7e-05	0.00604	0.00014	0.00471	0.00023
16	0.00020	0.00015	0.00018	0.00018	0.00022	0.00013	0.00013	0.00025	0.00726	0.01570	0.25762	0.23939	0.40189	0.02291	0.01348	0.00746	8.6e-05	0.03249	0.00014	0.00013
17	0.10480	0.00024	0.00030	0.00505	0.00490	0.00455	0.00404	0.05223	0.00882	0.54486	0.15006	0.00823	0.09116	0.00857	0.00426	4.8e-05	0.00012	0.00740	0.00016	0.00021
18	0.01372	0.10575	0.23248	0.08425	0.34074	0.03279	0.03960	0.03917	0.02639	0.05513	0.00736	0.00706	0.00489	0.00015	0.00014	4.5e-05	0.00019	0.00984	8.3e-05	0.00022

[dist]
# distance from previous block
# <min> <max>
5	6

[block]
# block no. 13 follows, 2322 sequences, length 11
# corresponding to MSA columns:
# 1348-1358
name=unknown_N
#
# <colnr> <probs for GDERKNQSTAVLIFYWHMCP>
#	G	D	E	R	K	N	Q	S	T	A	V	L	I	F	Y	W	H	M	C	P
0	0.00033	0.00019	0.00024	0.00021	0.00027	0.00017	0.00016	0.01179	0.01160	0.23775	0.50967	0.05049	0.06903	0.01076	0.02271	5.1e-05	9.7e-05	0.00023	0.00989	0.06436
1	0.02944	0.18092	0.09756	0.00035	0.05498	0.03611	0.01390	0.24855	0.26400	0.02457	0.00038	0.00778	0.00029	0.00017	0.00015	4.5e-05	0.02360	0.00724	0.00011	0.00985
2	0.00907	0.31910	0.25925	0.01211	0.04617	0.01520	0.15771	0.02077	0.00943	0.04078	0.00795	0.00033	0.00023	0.00014	0.00013	4.1e-05	0.00686	0.00728	7.7e-05	0.08737
3	0.01740	0.15485	0.41447	0.00879	0.03169	0.06520	0.10317	0.03551	0.02353	0.09892	0.00677	0.00681	0.00652	0.00015	0.00014	4.5e-05	0.00612	0.01198	8.6e-05	0.00784
4	0.00033	0.19818	0.51405	0.10640	0.03461	0.00880	0.06579	0.00046	0.01402	0.02919	0.00866	0.00978	0.00880	0.00015	0.00014	4.5e-05	0.00020	0.00012	7.2e-05	0.00021
5	0.00021	0.00015	0.00019	0.00020	0.00985	0.00014	0.00015	0.00026	0.01243	0.01676	0.36487	0.24428	0.20963	0.05441	0.01198	6e-05	0.00928	0.06483	0.00014	0.00013
6	0.01847	0.13162	0.13333	0.05377	0.13380	0.11272	0.08693	0.04788	0.11265	0.02459	0.01039	0.03376	0.02796	0.04174	0.00583	5.1e-05	0.00603	0.01819	9.3e-05	0.00020
7	0.02773	0.05591	0.19109	0.07417	0.06738	0.04540	0.10657	0.04480	0.03983	0.27836	0.01653	0.00837	0.00030	0.00606	0.00603	4.8e-05	0.01163	0.01946	0.00011	0.00022
8	0.01331	0.03269	0.25302	0.08185	0.08071	0.01401	0.03778	0.00921	0.06323	0.11899	0.01975	0.10182	0.01220	0.04693	0.03179	6e-05	0.05770	0.02464	0.00010	0.00019
9	0.00021	0.00016	0.00901	0.00019	0.00023	0.00014	0.00014	0.01239	0.00925	0.02589	0.12448	0.29525	0.41337	0.02676	0.02525	6.1e-05	9.5e-05	0.04704	0.00997	0.00013
10	0.00830	0.03844	0.22962	0.04794	0.07975	0.03797	0.04685	0.02235	0.02154	0.12156	0.05767	0.03327	0.07339	0.04229	0.08099	6.8e-05	0.00995	0.04775	0.00010	0.00019

[dist]
# distance from previous block
# <min> <max>
23	34

[block]
# block no. 14 follows, 2322 sequences, length 16
# corresponding to MSA columns:
# 1508,1509,1525,1530-1537,1540,1542-1545
name=unknown_O
#
# <colnr> <probs for GDERKNQSTAVLIFYWHMCP>
#	G	D	E	R	K	N	Q	S	T	A	V	L	I	F	Y	W	H	M	C	P
0	0.03461	0.00022	0.00726	0.14901	0.06631	0.00593	0.01739	0.01533	0.05440	0.11461	0.06470	0.20271	0.12881	0.08195	0.02904	6.5e-05	0.00457	0.02280	0.00012	0.00016
1	0.00458	0.00848	0.34578	0.26651	0.02171	0.02558	0.01300	0.01249	0.03333	0.05235	0.04225	0.01797	0.06143	0.01067	0.02161	0.00579	0.00582	0.04395	0.00653	0.00019
2	0.10707	0.17742	0.23523	0.10336	0.14815	0.05104	0.04885	0.06586	0.01536	0.01218	0.00027	0.00545	0.00022	0.00662	0.01268	4.7e-05	0.00980	0.00012	7.9e-05	0.00020
3	0.00037	0.00501	0.00735	0.06869	0.70633	0.05666	0.08393	0.00690	0.00514	0.00915	0.00490	0.02661	0.00755	0.00015	0.00015	4.6e-05	0.00500	0.00577	7.8e-05	0.00022
4	0.03662	0.00022	0.00027	0.00023	0.00031	0.00021	0.00018	0.02061	0.12217	0.38109	0.31193	0.07182	0.03911	0.01432	0.00017	4.9e-05	0.00010	0.00021	0.00016	0.00020
5	0.00670	0.01902	0.01559	0.00021	0.01522	0.00016	0.00015	0.00891	0.01985	0.02651	0.26027	0.29011	0.20494	0.06346	0.01558	6.1e-05	9.8e-05	0.04739	0.00563	0.00014
6	0.02030	0.36224	0.13906	0.01226	0.04881	0.07172	0.01754	0.03039	0.03252	0.18121	0.00911	0.03253	0.01656	0.00631	0.00014	4.2e-05	0.01882	0.00013	9.8e-05	0.00021
7	0.01049	0.03504	0.04467	0.01848	0.05097	0.01415	0.01034	0.02697	0.04557	0.11764	0.05305	0.14234	0.01844	0.19215	0.06402	0.09332	0.04092	0.01764	0.00365	0.00015
8	0.02896	0.00016	0.00019	0.00019	0.00023	0.00768	0.00014	0.00893	0.01233	0.04620	0.18890	0.38314	0.28780	0.01272	0.00666	5.6e-05	8.9e-05	0.01534	0.00014	0.00014
9	0.00646	0.00962	0.03961	0.02396	0.02814	0.00564	0.00926	0.00724	0.06126	0.04840	0.17726	0.31299	0.08269	0.10321	0.03109	6.8e-05	0.00012	0.04447	0.00837	0.00015
10	0.07076	0.20729	0.27989	0.07820	0.05061	0.02118	0.01543	0.09454	0.02003	0.10381	0.00032	0.00837	0.00672	0.00016	0.00453	4.5e-05	0.00775	0.01289	0.01726	0.00021
11	0.01479	0.01135	0.05950	0.04694	0.21178	0.16194	0.08804	0.09502	0.04996	0.07069	0.01333	0.07177	0.02667	0.00767	0.00442	0.00397	0.03749	0.00507	0.00010	0.01951
12	0.01954	0.00589	0.00864	0.00029	0.04581	0.05223	0.00863	0.10782	0.02304	0.49726	0.15987	0.02136	0.02355	0.00962	0.00016	4.7e-05	0.00013	0.00017	0.01097	0.00497
13	0.00655	0.02346	0.07942	0.01017	0.37243	0.04621	0.05233	0.06024	0.20129	0.02529	0.03934	0.04501	0.01849	0.00635	0.00016	4.7e-05	0.00652	0.00637	0.00010	0.00022
14	0.02362	0.01545	0.09879	0.01160	0.06108	0.00784	0.03695	0.00789	0.02104	0.03823	0.42581	0.02383	0.10986	0.05072	0.00896	5.3e-05	0.00892	0.00625	0.00417	0.03895
15	0.01787	0.01405	0.13259	0.00637	0.24831	0.01778	0.01041	0.04283	0.24611	0.05444	0.14111	0.01192	0.03656	0.00519	0.00015	4.7e-05	0.00015	0.00017	0.00012	0.01382

[dist]
# distance from previous block
# <min> <max>
0	135

# created by:
# /home/cegg/simao/soft/augustus-3.2.1/scripts/msa2prfl.pl ./align_prep/POG091H01T7.fa
