[name]
unknown

[dist]
# distance from previous block
# <min> <max>
0	27

[block]
# block no. 0 follows, 2742 sequences, length 24
# corresponding to MSA columns:
# 28,29,31-52
name=unknown_A
#
# <colnr> <probs for GDERKNQSTAVLIFYWHMCP>
#	G	D	E	R	K	N	Q	S	T	A	V	L	I	F	Y	W	H	M	C	P
0	0.15942	0.01144	0.00036	0.06523	0.28370	0.01526	0.01920	0.16640	0.01288	0.08613	0.01823	0.00894	0.00980	0.00017	0.03491	0.00638	0.01756	0.00964	0.00317	0.07120
1	0.37714	0.00362	0.00024	0.02271	0.06567	0.01868	0.02332	0.01772	0.05502	0.00918	0.06623	0.03201	0.05689	0.06121	0.13567	6.8e-05	0.04445	0.00424	0.00284	0.00308
2	0.00346	0.00287	0.00038	0.48396	0.06524	0.11520	0.07556	0.01620	0.00376	0.05489	0.01018	0.00630	0.00021	0.02117	0.01667	0.00246	0.01403	0.00915	0.00296	0.09533
3	0.00028	0.00027	0.00393	0.21630	0.47731	0.00597	0.07266	0.01121	0.00977	0.00585	0.01393	0.02161	0.04355	0.00015	0.00349	4.1e-05	0.09211	0.00013	6.7e-05	0.02138
4	0.00016	0.00681	0.00016	0.01024	0.00656	0.00011	0.00012	0.00019	0.00024	0.00032	0.01770	0.76543	0.02101	0.10529	0.04576	6.5e-05	9.3e-05	0.00961	0.00011	0.01002
5	0.55402	0.01094	0.00535	0.03463	0.01420	0.20782	0.01101	0.12307	0.00030	0.01649	0.00453	0.00024	0.00016	0.00013	9.9e-05	3.8e-05	0.00874	8.2e-05	0.00799	0.00015
6	0.10232	0.00023	0.00036	0.66456	0.08827	0.00444	0.01036	0.01861	0.02268	0.00409	0.02261	0.02300	0.00763	0.00014	0.00013	4.2e-05	0.01343	0.00950	0.00745	0.00015
7	0.02562	0.10550	0.01957	0.03175	0.04554	0.15705	0.00943	0.14262	0.30278	0.01594	0.00722	0.00401	0.00422	0.00356	0.01415	3.9e-05	0.00722	0.00902	0.00566	0.08912
8	0.02972	0.00394	0.00033	0.01600	0.03918	0.00579	0.00368	0.34161	0.19410	0.22420	0.01388	0.00038	0.00564	0.00405	0.00578	0.00818	0.01806	0.00730	0.00012	0.07806
9	0.06207	0.14433	0.08033	0.00687	0.03383	0.01088	0.01191	0.37874	0.02811	0.23202	0.00032	0.00031	0.00022	0.00014	0.00012	3.7e-05	0.00013	0.00011	0.00011	0.00941
10	0.00454	0.00027	0.00479	0.00745	0.01132	0.01746	0.10485	0.01105	0.00428	0.03016	0.00020	0.00030	0.00018	0.00022	0.00037	0.09608	0.69901	0.00011	6.1e-05	0.00729
11	0.00025	0.01355	0.06720	0.78456	0.00595	0.01659	0.05069	0.00481	0.02333	0.00034	0.00423	0.00934	0.00019	0.00013	0.00013	0.01416	0.00423	0.00012	5.9e-05	0.00015
12	0.00800	0.02972	0.01697	0.20497	0.41906	0.05918	0.05963	0.01349	0.03433	0.02726	0.01557	0.05108	0.02417	0.00015	0.00291	0.00349	0.00735	0.01967	7.3e-05	0.00292
13	0.02946	0.00022	0.00029	0.01462	0.00826	0.00662	0.00983	0.06932	0.00035	0.68467	0.00403	0.07294	0.01236	0.00018	0.00014	4.1e-05	0.04164	0.02499	0.01985	0.00019
14	0.00018	0.00013	0.00018	0.00020	0.00022	0.00013	0.00016	0.00024	0.02809	0.00037	0.09795	0.33458	0.06691	0.00035	0.00016	5.3e-05	9.2e-05	0.46975	0.00012	0.00011
15	0.00018	0.00014	0.01553	0.00807	0.02669	0.00013	0.00013	0.01424	0.00346	0.00777	0.01157	0.53741	0.05063	0.22864	0.01326	0.00595	0.01047	0.06552	0.00010	0.00011
16	0.01204	0.00025	0.00038	0.50479	0.11654	0.02519	0.02987	0.07971	0.00610	0.18857	0.00950	0.00671	0.00537	0.00014	0.00013	4.1e-05	0.00409	0.00671	0.00370	0.00017
17	0.04544	0.00052	0.00036	0.00031	0.00039	0.71858	0.02884	0.13765	0.02247	0.04394	0.00023	0.00025	0.00018	0.00013	0.00012	3.4e-05	0.00020	9.1e-05	8e-05	0.00016
18	0.00018	0.00014	0.00020	0.00022	0.00024	0.00013	0.05097	0.00757	0.00027	0.00035	0.00977	0.50452	0.02311	0.00036	0.00017	5.3e-05	9.8e-05	0.40142	0.00011	0.00011
19	0.00552	0.00020	0.00025	0.00021	0.00028	0.00019	0.00017	0.07596	0.09258	0.44434	0.26365	0.05040	0.02535	0.00020	0.00014	4e-05	9.3e-05	0.01875	0.02151	0.00018
20	0.03198	0.00350	0.00029	0.02074	0.06071	0.04891	0.01942	0.10670	0.39018	0.10298	0.07072	0.00697	0.08228	0.00369	0.00013	4e-05	0.00011	0.00360	0.04689	0.00018
21	0.00044	0.07763	0.10398	0.00029	0.00040	0.00588	0.07146	0.52855	0.00046	0.18129	0.00032	0.00504	0.00023	0.00738	0.00916	4e-05	0.00014	0.00011	0.00699	0.00020
22	0.00016	0.00011	0.00015	0.00017	0.00018	0.00011	0.00012	0.00019	0.01121	0.00033	0.05260	0.84366	0.03436	0.04763	0.00018	5.4e-05	7.5e-05	0.00849	0.00012	0.00010
23	0.00017	0.00012	0.00014	0.00015	0.00017	0.00011	9.9e-05	0.00019	0.00653	0.00572	0.07418	0.21089	0.38762	0.29479	0.01270	7e-05	8.7e-05	0.00605	0.00011	9.9e-05

[dist]
# distance from previous block
# <min> <max>
1	15

[block]
# block no. 1 follows, 2742 sequences, length 26
# corresponding to MSA columns:
# 85-110
name=unknown_B
#
# <colnr> <probs for GDERKNQSTAVLIFYWHMCP>
#	G	D	E	R	K	N	Q	S	T	A	V	L	I	F	Y	W	H	M	C	P
0	0.00030	0.01648	0.05167	0.01279	0.01037	0.12871	0.00903	0.02520	0.00349	0.01935	0.00021	0.00334	0.00019	0.01146	0.12195	6.8e-05	0.57822	0.00011	0.00348	0.00357
1	0.33636	0.05099	0.43492	0.01415	0.09237	0.04191	0.01129	0.00511	0.00599	0.00045	0.00021	0.00025	0.00016	0.00012	0.00011	3.9e-05	0.00527	8.6e-05	6.4e-05	0.00017
2	0.00461	0.00026	0.02128	0.42751	0.19241	0.00294	0.11947	0.05998	0.01662	0.04118	0.02244	0.02769	0.03694	0.00015	0.00481	4.2e-05	0.01158	0.00733	0.00261	0.00016
3	0.00015	0.00013	0.00013	0.00013	0.00017	0.00011	9.9e-05	0.00019	0.00029	0.00035	0.05165	0.03322	0.89834	0.00032	0.00015	4.3e-05	6.5e-05	0.01424	0.00012	0.00011
4	0.00028	0.00037	0.27533	0.04889	0.23085	0.03160	0.02532	0.02053	0.21404	0.00335	0.06441	0.00638	0.03006	0.02178	0.00339	4.3e-05	0.00534	0.01513	0.00271	0.00018
5	0.00032	0.00027	0.00029	0.00026	0.00033	0.00031	0.00020	0.04472	0.92175	0.00054	0.01540	0.00048	0.01423	0.00017	0.00013	4.3e-05	0.00010	0.00014	0.00013	0.00020
6	0.04516	0.00027	0.00028	0.00025	0.00032	0.00031	0.00020	0.02188	0.89638	0.00053	0.01023	0.01309	0.01021	0.00017	0.00013	4.3e-05	0.0001	0.00014	0.00013	0.00019
7	0.00343	0.03853	0.19998	0.01332	0.08105	0.00020	0.04503	0.00527	0.03511	0.01201	0.17042	0.34072	0.04647	0.00025	0.00014	4.4e-05	0.00465	0.00315	9.9e-05	0.00014
8	0.00272	0.00687	0.02956	0.00023	0.00836	0.00330	0.01306	0.05802	0.15952	0.34014	0.02729	0.00269	0.01223	0.00885	0.03529	4.1e-05	0.00715	0.00912	0.00301	0.27254
9	0.00029	0.00028	0.00048	0.26087	0.73483	0.00030	0.00038	0.00037	0.00028	0.00039	0.00023	0.00032	0.00019	0.00012	0.00013	3.9e-05	0.00015	0.00011	6.1e-05	0.00018
10	0.01632	0.00021	0.00028	0.00022	0.00031	0.00018	0.00018	0.00059	0.00035	0.92338	0.00050	0.04455	0.00033	0.00017	0.00013	4e-05	0.00011	0.00014	0.01180	0.00021
11	0.00031	0.00893	0.00050	0.05469	0.88426	0.00030	0.00795	0.00736	0.00029	0.00603	0.00025	0.00955	0.00021	0.01025	0.00013	3.9e-05	0.00015	0.00857	6.4e-05	0.00019
12	0.00722	0.02614	0.58702	0.06059	0.00703	0.00026	0.00361	0.00894	0.00790	0.20542	0.05332	0.01021	0.00534	0.00392	0.00318	4.1e-05	0.00311	0.00409	0.00247	0.00018
13	0.00822	0.00013	0.00016	0.00017	0.00019	0.00012	0.00012	0.00859	0.03067	0.02827	0.18168	0.60725	0.11759	0.00819	0.00016	4.8e-05	7.3e-05	0.00814	0.00012	0.00011
14	0.00539	0.00024	0.00041	0.74413	0.11804	0.00735	0.06304	0.01320	0.00817	0.01814	0.00866	0.00034	0.00019	0.00013	0.00013	4.1e-05	0.00376	0.00012	0.00510	0.00344
15	0.04046	0.00844	0.01049	0.25472	0.11384	0.00863	0.03236	0.18618	0.01213	0.02794	0.01796	0.00363	0.01663	0.00244	0.00012	3.5e-05	0.00612	0.00471	0.00231	0.25086
16	0.00021	0.01928	0.06257	0.00021	0.00435	0.01072	0.01542	0.01002	0.01631	0.01422	0.15196	0.08416	0.11941	0.14847	0.22233	0.00676	0.07876	0.03206	0.00267	0.00012
17	0.00034	0.00017	0.00022	0.00019	0.00025	0.00015	0.00015	0.01707	0.01242	0.41398	0.33519	0.01164	0.14739	0.02943	0.00887	4.4e-05	8.7e-05	0.01645	0.00579	0.00016
18	0.00028	0.18806	0.78568	0.00033	0.00050	0.00033	0.00041	0.01180	0.00027	0.01093	0.00022	0.00026	0.00016	0.00012	0.00011	3.8e-05	0.00018	8.9e-05	5.5e-05	0.00018
19	0.00461	0.00028	0.00689	0.14285	0.54685	0.00577	0.02096	0.00485	0.00463	0.00455	0.00337	0.00031	0.00020	0.00012	0.00013	0.00384	0.04018	0.00011	6.5e-05	0.20947
20	0.00017	0.00012	0.00016	0.00019	0.00020	0.00012	0.00014	0.00021	0.00665	0.00872	0.04015	0.59522	0.09423	0.00925	0.00767	5.3e-05	8.5e-05	0.23646	0.00012	0.00011
21	0.00016	0.00013	0.00014	0.00014	0.00018	0.00012	0.00010	0.00021	0.03439	0.00037	0.13128	0.03190	0.77965	0.00704	0.00015	4.3e-05	6.6e-05	0.01370	0.00012	0.00011
22	0.01057	0.00028	0.00501	0.00026	0.00033	0.02549	0.00627	0.03500	0.88972	0.00526	0.00049	0.00045	0.00037	0.00018	0.01157	4.4e-05	0.00824	0.00014	0.00012	0.00020
23	0.00022	0.00297	0.00026	0.11423	0.19192	0.00018	0.00567	0.00557	0.01336	0.03737	0.01424	0.47981	0.03249	0.02534	0.00410	0.03916	0.01385	0.01593	0.00320	0.00013
24	0.17166	0.00023	0.00028	0.00022	0.00031	0.00022	0.00018	0.08883	0.01408	0.71326	0.00043	0.00038	0.00027	0.00015	0.00012	3.9e-05	0.00011	0.00012	0.00890	0.00020
25	0.00521	0.00029	0.00048	0.08222	0.84184	0.00388	0.00600	0.00702	0.00388	0.00591	0.01470	0.01706	0.01071	0.00012	0.00013	3.8e-05	0.00015	0.00012	6.6e-05	0.00019

[dist]
# distance from previous block
# <min> <max>
3	42

[block]
# block no. 2 follows, 2742 sequences, length 11
# corresponding to MSA columns:
# 226-228,238-245
name=unknown_C
#
# <colnr> <probs for GDERKNQSTAVLIFYWHMCP>
#	G	D	E	R	K	N	Q	S	T	A	V	L	I	F	Y	W	H	M	C	P
0	0.00022	0.02866	0.00733	0.00759	0.00023	0.00971	0.00773	0.01553	0.05704	0.09150	0.18265	0.49024	0.02042	0.05083	0.00675	5.1e-05	0.00699	0.00833	0.00012	0.00808
1	0.01482	0.06844	0.00720	0.00733	0.01012	0.10494	0.02638	0.04786	0.01548	0.25697	0.00825	0.00033	0.00023	0.00018	0.00897	4.6e-05	0.39562	0.01085	0.00762	0.00836
2	0.02862	0.03065	0.00032	0.01353	0.01495	0.26282	0.00597	0.10412	0.03749	0.39227	0.03159	0.03247	0.00642	0.00594	0.00013	3.8e-05	0.01882	0.00771	0.00597	0.00018
3	0.00024	0.00023	0.00753	0.65404	0.03355	0.01070	0.02059	0.00032	0.02122	0.00034	0.02406	0.00898	0.02123	0.00725	0.01573	4.5e-05	0.07996	0.03421	6.5e-05	0.05969
4	0.00025	0.00022	0.00037	0.86021	0.05027	0.00027	0.00033	0.00033	0.00026	0.02640	0.00030	0.00039	0.05962	0.00014	0.00013	4.2e-05	0.00016	0.00012	6.3e-05	0.00014
5	0.00572	0.01887	0.13280	0.05592	0.02197	0.03134	0.23678	0.03041	0.02476	0.02594	0.04250	0.24687	0.04352	0.02042	0.01356	4.8e-05	0.02248	0.02587	8.8e-05	0.00015
6	0.00034	0.00018	0.00024	0.00023	0.07411	0.00016	0.00017	0.00040	0.01725	0.39821	0.35762	0.07149	0.06101	0.00022	0.00014	4e-05	8.7e-05	0.00019	0.01775	0.00016
7	0.04019	0.00574	0.00795	0.06771	0.00614	0.03007	0.01265	0.01457	0.00550	0.06137	0.01647	0.20436	0.08788	0.29074	0.04577	0.00634	0.00995	0.08638	9.6e-05	0.00011
8	0.05949	0.02380	0.01527	0.07400	0.15183	0.01793	0.03008	0.26966	0.02094	0.27567	0.00035	0.05982	0.00027	0.00015	0.00012	3.9e-05	0.00013	0.00013	0.00011	0.00019
9	0.00521	0.02513	0.04806	0.16815	0.09652	0.01732	0.03746	0.02644	0.03578	0.03959	0.10339	0.02219	0.03103	0.06478	0.16052	0.00607	0.10066	0.00631	0.00522	0.00014
10	0.00019	0.00013	0.00016	0.00017	0.00020	0.00013	0.00012	0.00024	0.05808	0.05981	0.09043	0.42936	0.27522	0.02623	0.00017	4.9e-05	7.7e-05	0.05898	0.00012	0.00012

[dist]
# distance from previous block
# <min> <max>
4	36

[block]
# block no. 3 follows, 2742 sequences, length 14
# corresponding to MSA columns:
# 288-295,304,315-319
name=unknown_D
#
# <colnr> <probs for GDERKNQSTAVLIFYWHMCP>
#	G	D	E	R	K	N	Q	S	T	A	V	L	I	F	Y	W	H	M	C	P
0	0.00764	0.00575	0.00435	0.00020	0.00602	0.00582	0.02421	0.03774	0.03589	0.29128	0.28901	0.13007	0.10706	0.00458	0.00626	0.00421	0.00617	0.02424	0.00511	0.00437
1	0.00021	0.00015	0.00851	0.00017	0.00021	0.00014	0.00013	0.01095	0.06622	0.05491	0.70479	0.06142	0.05279	0.00758	0.00015	4.2e-05	7e-05	0.02122	0.01021	0.00013
2	0.05952	0.01835	0.01790	0.07682	0.15720	0.09135	0.03471	0.02948	0.11307	0.13456	0.03129	0.00676	0.01064	0.00903	0.02781	4.7e-05	0.16919	0.00012	0.00410	0.00806
3	0.00485	0.01428	0.14355	0.03433	0.56497	0.01319	0.01950	0.01642	0.03176	0.06027	0.01982	0.01476	0.01625	0.00450	0.01585	4.2e-05	0.01616	0.00924	7.3e-05	0.00019
4	0.00016	0.00011	0.00015	0.00017	0.00018	0.00010	0.00012	0.00018	0.00025	0.00034	0.07574	0.83676	0.06609	0.00038	0.00016	5e-05	7.2e-05	0.01875	0.00012	0.00010
5	0.00019	0.00013	0.00015	0.00015	0.01080	0.00013	8.9e-05	0.00020	0.01099	0.00027	0.04113	0.03461	0.03540	0.80992	0.02270	0.00011	0.00012	0.01937	0.01346	8.5e-05
6	0.06141	0.22718	0.14390	0.02712	0.07583	0.14197	0.01101	0.06759	0.14931	0.06711	0.01089	0.00031	0.00674	0.00013	0.00011	3.6e-05	0.00899	0.00010	8.2e-05	0.00018
7	0.01104	0.09098	0.46979	0.01066	0.08270	0.02438	0.04678	0.00920	0.07657	0.01731	0.10863	0.00497	0.02646	0.00991	0.00013	3.9e-05	0.00015	0.00012	0.00509	0.00509
8	0.00849	0.00014	0.01373	0.00017	0.00680	0.00012	0.00012	0.00024	0.01297	0.09181	0.14478	0.30900	0.38123	0.00878	0.01343	4.7e-05	7.8e-05	0.00781	0.00012	0.00012
9	0.26341	0.00592	0.00807	0.00675	0.01954	0.00665	0.01822	0.09779	0.00725	0.46978	0.03015	0.01973	0.00785	0.00016	0.00746	4e-05	0.00011	0.00012	0.00012	0.03089
10	0.01025	0.03724	0.09163	0.00647	0.08436	0.02738	0.05716	0.02827	0.03402	0.04238	0.04261	0.00848	0.00539	0.00012	0.00011	2.8e-05	0.00534	0.0001	8e-05	0.51856
11	0.04866	0.00642	0.02478	0.48261	0.24064	0.00773	0.03481	0.01584	0.01408	0.02561	0.00961	0.01723	0.00722	0.02155	0.00546	4.3e-05	0.01061	0.00860	0.00475	0.01375
12	0.00019	0.00014	0.00019	0.00019	0.00021	0.00838	0.01596	0.00739	0.00023	0.00636	0.07518	0.01663	0.05321	0.21019	0.51969	0.00014	0.00636	0.07164	0.00760	0.00011
13	0.10555	0.01286	0.08490	0.02954	0.14314	0.00983	0.04402	0.03483	0.02591	0.37835	0.02486	0.01550	0.00991	0.01996	0.01153	0.03134	0.00887	0.00882	0.00011	0.00018

[dist]
# distance from previous block
# <min> <max>
0	1

[block]
# block no. 4 follows, 2742 sequences, length 13
# corresponding to MSA columns:
# 321,322,325-335
name=unknown_E
#
# <colnr> <probs for GDERKNQSTAVLIFYWHMCP>
#	G	D	E	R	K	N	Q	S	T	A	V	L	I	F	Y	W	H	M	C	P
0	0.15001	0.26235	0.18056	0.01108	0.02501	0.08853	0.05252	0.08028	0.06412	0.04683	0.00570	0.00580	0.00020	0.00014	0.01172	3.8e-05	0.00536	0.00950	7.6e-05	0.00017
1	0.01243	0.00022	0.00037	0.84136	0.03835	0.00027	0.01392	0.00033	0.01307	0.00749	0.03387	0.00037	0.00804	0.00014	0.00013	4.2e-05	0.01262	0.00885	0.00797	0.00014
2	0.01721	0.02467	0.04794	0.01446	0.06146	0.32989	0.10043	0.05921	0.06408	0.05639	0.00620	0.00516	0.00478	0.00540	0.00449	3.5e-05	0.00907	0.00458	8e-05	0.18449
3	0.90834	0.00025	0.00020	0.00018	0.00026	0.00029	0.00015	0.08831	0.00025	0.00059	0.00019	0.00021	0.00014	0.00012	8.2e-05	3.9e-05	0.00010	7.2e-05	8.2e-05	0.00014
4	0.99645	0.00024	0.00019	0.00017	0.00024	0.00028	0.00014	0.00037	0.00021	0.00057	0.00018	0.00021	0.00014	0.00012	7.8e-05	3.9e-05	9.8e-05	6.8e-05	7.8e-05	0.00014
5	0.00019	0.00014	0.00021	0.00020	0.00022	0.00016	0.00016	0.00023	0.00020	0.00030	0.00034	0.00050	0.00032	0.04121	0.89168	0.00019	0.04014	0.00014	0.02337	0.00011
6	0.00028	0.00024	0.00026	0.00023	0.00029	0.00027	0.00018	0.02098	0.72861	0.00051	0.10983	0.08214	0.03001	0.00021	0.00013	4.3e-05	9.3e-05	0.01155	0.01396	0.00018
7	0.00025	0.00023	0.00038	0.91678	0.01974	0.00028	0.01327	0.02041	0.01343	0.01370	0.00023	0.00034	0.00018	0.00013	0.00013	4.2e-05	0.00017	0.00011	6e-05	0.00015
8	0.00017	0.00014	0.00015	0.00886	0.01924	0.00012	0.00011	0.00893	0.01183	0.00898	0.22444	0.01703	0.67956	0.00030	0.00015	4.2e-05	6.8e-05	0.01964	0.00012	0.00011
9	0.00019	0.00016	0.02009	0.00636	0.00023	0.00649	0.02120	0.02014	0.06779	0.00616	0.17123	0.32575	0.24391	0.00701	0.04165	5.3e-05	0.01031	0.05108	0.00012	0.00012
10	0.00030	0.00028	0.00047	0.17683	0.73378	0.00911	0.00950	0.00920	0.00028	0.00927	0.00025	0.01938	0.00021	0.00012	0.00013	3.9e-05	0.02160	0.00012	6.4e-05	0.00907
11	0.00027	0.00793	0.00022	0.00610	0.02073	0.00973	0.00849	0.03464	0.25580	0.09191	0.05955	0.21587	0.09031	0.02578	0.01803	4.8e-05	9.6e-05	0.05446	0.09989	0.00015
12	0.59085	0.01822	0.03720	0.08583	0.00578	0.00662	0.00768	0.02558	0.02287	0.04899	0.05251	0.01328	0.01288	0.00017	0.03671	4.6e-05	0.00012	0.02132	0.00482	0.00852

[dist]
# distance from previous block
# <min> <max>
2	3

[block]
# block no. 5 follows, 2742 sequences, length 13
# corresponding to MSA columns:
# 339-344,348-354
name=unknown_F
#
# <colnr> <probs for GDERKNQSTAVLIFYWHMCP>
#	G	D	E	R	K	N	Q	S	T	A	V	L	I	F	Y	W	H	M	C	P
0	0.00621	0.00991	0.02332	0.20064	0.22438	0.01624	0.06334	0.02293	0.02870	0.09625	0.05245	0.06789	0.04912	0.02040	0.05000	5e-05	0.01535	0.00460	0.00467	0.04356
1	0.89009	0.01671	0.00021	0.00019	0.01603	0.00029	0.00015	0.05660	0.01796	0.00057	0.00019	0.00022	0.00015	0.00012	8.3e-05	3.9e-05	0.00010	7.3e-05	8.1e-05	0.00014
2	0.00034	0.99564	0.00066	0.00022	0.00032	0.00050	0.00022	0.00038	0.00026	0.00030	0.00018	0.00020	0.00016	0.00011	8.1e-05	2.7e-05	0.00014	6.8e-05	5.4e-05	0.00016
3	0.09945	0.00669	0.00032	0.00569	0.02497	0.44843	0.00762	0.08494	0.01620	0.24448	0.00640	0.00890	0.00023	0.00742	0.00012	3.7e-05	0.00636	0.01132	0.02024	0.00017
4	0.01658	0.00023	0.00029	0.00023	0.00032	0.00021	0.00019	0.09673	0.02685	0.82402	0.01657	0.00042	0.00032	0.00016	0.00013	3.9e-05	0.00011	0.00013	0.01626	0.00021
5	0.00521	0.04872	0.19019	0.01393	0.01855	0.01343	0.04047	0.01478	0.04571	0.02417	0.00793	0.02130	0.01510	0.00455	0.01316	3.2e-05	0.01076	0.00609	7.6e-05	0.50584
6	0.00021	0.00016	0.01318	0.01127	0.04173	0.00016	0.01743	0.00799	0.04081	0.00894	0.09565	0.13043	0.07004	0.00031	0.00016	5.2e-05	0.00011	0.55458	0.00668	0.00012
7	0.03568	0.00021	0.00027	0.00022	0.00030	0.00020	0.00018	0.07060	0.01828	0.70634	0.09044	0.00048	0.00039	0.00017	0.00013	3.9e-05	0.00010	0.01539	0.06041	0.00020
8	0.00018	0.00015	0.00654	0.02265	0.01398	0.00014	0.03619	0.00937	0.02484	0.00644	0.13718	0.10343	0.39549	0.06949	0.12870	7e-05	0.00810	0.03684	0.00011	0.00012
9	0.00016	0.00013	0.00014	0.00014	0.00018	0.00011	0.00011	0.00019	0.00029	0.00036	0.15182	0.13723	0.66020	0.01676	0.00016	4.5e-05	6.7e-05	0.03169	0.00012	0.00011
10	0.01507	0.00785	0.77954	0.01114	0.01238	0.00029	0.03871	0.04499	0.00765	0.05555	0.00026	0.01328	0.00019	0.00013	0.00012	4e-05	0.00018	0.01237	6.5e-05	0.00019
11	0.00016	0.00011	0.00015	0.00017	0.00017	0.00011	0.00011	0.00018	0.00023	0.00031	0.01158	0.70194	0.03205	0.19903	0.01103	0.01707	8.7e-05	0.01502	0.01040	9.7e-05
12	0.00020	0.00014	0.00018	0.00017	0.00020	0.01032	0.00013	0.01329	0.04915	0.01613	0.73518	0.05756	0.07383	0.01504	0.00015	4.2e-05	6.8e-05	0.01357	0.01452	0.00012

[dist]
# distance from previous block
# <min> <max>
0	152

# created by:
# /home/cegg/simao/soft/augustus-3.2.1/scripts/msa2prfl.pl ./align_prep/POG091H01AW.fa
