[name]
unknown

[dist]
# distance from previous block
# <min> <max>
0	113

[block]
# block no. 0 follows, 3440 sequences, length 31
# corresponding to MSA columns:
# 167-197
name=unknown_A
#
# <colnr> <probs for GDERKNQSTAVLIFYWHMCP>
#	G	D	E	R	K	N	Q	S	T	A	V	L	I	F	Y	W	H	M	C	P
0	0.00823	0.00010	0.00311	0.00420	0.01139	9.9e-05	0.01089	0.00277	0.00251	0.00025	0.02383	0.52011	0.05562	0.19711	0.09409	0.03281	0.00839	0.02432	8e-05	8.1e-05
1	0.00545	0.01063	0.30341	0.03266	0.14206	0.01454	0.13747	0.04097	0.04192	0.01202	0.09041	0.04272	0.10581	0.00671	0.00011	3.3e-05	0.00272	0.00813	0.00211	0.00013
2	0.00022	0.17592	0.76665	0.00026	0.00039	0.00026	0.00033	0.02026	0.00696	0.00031	0.01937	0.00022	0.00015	9.9e-05	9.1e-05	3e-05	0.00014	0.00815	4.6e-05	0.00014
3	0.00022	0.00021	0.00371	0.38796	0.47426	0.01193	0.02422	0.01154	0.02450	0.00031	0.01999	0.01379	0.00018	0.00011	0.00010	3.2e-05	0.00746	0.01928	5.2e-05	0.00014
4	0.00014	0.0001	0.00013	0.00013	0.00015	9.3e-05	9.8e-05	0.00017	0.01018	0.00034	0.48909	0.34011	0.08836	0.00025	0.00012	3.6e-05	5.5e-05	0.07025	0.00010	9e-05
5	0.00014	0.00010	0.00013	0.00012	0.00015	9.3e-05	9.2e-05	0.00018	0.00027	0.01956	0.70017	0.05506	0.22311	0.00022	0.00012	3.3e-05	5e-05	0.00019	0.00011	9.4e-05
6	0.04784	0.02800	0.03211	0.02879	0.10639	0.05191	0.07300	0.09732	0.10157	0.24711	0.02494	0.02009	0.00023	0.04213	0.04218	4e-05	0.05023	0.00590	8.2e-05	0.00014
7	0.00014	0.00011	0.00012	0.00012	0.00015	9.3e-05	8.7e-05	0.00017	0.02169	0.01716	0.32543	0.04162	0.58669	0.00024	0.00012	3.4e-05	5.2e-05	0.00580	0.00010	9.1e-05
8	0.02792	0.04156	0.00554	0.11451	0.08007	0.59055	0.01220	0.03930	0.02823	0.04204	0.00018	0.00021	0.00014	0.00010	9.6e-05	2.8e-05	0.01706	7.4e-05	5.7e-05	0.00013
9	0.00019	0.00018	0.00031	0.96578	0.03111	0.00022	0.00028	0.00026	0.00020	0.00026	0.00018	0.00027	0.00014	0.00010	0.00010	3.3e-05	0.00013	9e-05	4.5e-05	0.00011
10	0.00016	0.00012	0.00014	0.00013	0.00016	0.00778	9.9e-05	0.00530	0.07246	0.00040	0.77223	0.00070	0.05144	0.00020	0.00012	3.1e-05	0.00854	0.00017	0.07974	0.0001
11	0.00036	0.00022	0.00025	0.00020	0.00027	0.00023	0.01870	0.31874	0.25436	0.33790	0.02311	0.00033	0.00025	0.00495	0.00010	3.2e-05	9.2e-05	0.00010	0.03963	0.00016
12	0.00025	0.00024	0.00591	0.03757	0.89726	0.00590	0.00030	0.00032	0.03639	0.01460	0.00020	0.00026	0.00017	9.3e-05	0.0001	3e-05	0.00012	9.1e-05	5.3e-05	0.00016
13	0.00018	0.00014	0.00016	0.00015	0.00018	0.00014	0.00011	0.00029	0.26167	0.03588	0.68598	0.00064	0.00075	0.00019	0.00011	3.3e-05	5.8e-05	0.01309	0.00011	0.00011
14	0.00017	0.00013	0.00017	0.00016	0.02086	0.00391	0.01528	0.00026	0.17435	0.00404	0.72992	0.01766	0.00078	0.00020	0.01234	3.4e-05	0.00964	0.00990	0.00011	0.00011
15	0.00025	0.00024	0.01183	0.01738	0.89749	0.00024	0.01915	0.00642	0.00975	0.01970	0.00020	0.00025	0.00016	9.1e-05	0.0001	3e-05	0.00012	9e-05	5.2e-05	0.01647
16	0.99717	0.00020	0.00015	0.00013	0.00020	0.00023	0.00011	0.00030	0.00017	0.00045	0.00014	0.00016	0.00011	9.4e-05	6.2e-05	3.1e-05	7.8e-05	5.5e-05	6.2e-05	0.00011
17	0.96721	0.00019	0.00015	0.03006	0.00021	0.00023	0.00011	0.00030	0.00017	0.00045	0.00014	0.00017	0.00011	9.4e-05	6.4e-05	3.1e-05	8e-05	5.6e-05	6.2e-05	0.00011
18	0.00020	0.00019	0.00031	0.87410	0.09963	0.00023	0.00579	0.00027	0.00606	0.00590	0.00018	0.00027	0.00014	0.00010	0.00010	3.3e-05	0.00625	9e-05	4.6e-05	0.00012
19	0.00021	0.01145	0.00028	0.49156	0.08499	0.07495	0.04021	0.00462	0.08659	0.01501	0.01378	0.00038	0.13608	0.00015	0.03003	3.7e-05	0.00647	0.00302	6e-05	0.00012
20	0.00829	0.00011	0.00013	0.00013	0.00014	0.00010	0.00484	0.02202	0.00017	0.00383	0.00399	0.11847	0.02616	0.67183	0.00506	8e-05	9.2e-05	0.13442	7.1e-05	7.2e-05
21	0.11242	0.00024	0.00028	0.23238	0.02174	0.01397	0.00545	0.50958	0.05161	0.04615	0.00023	0.00025	0.00017	0.00011	9.8e-05	3.1e-05	0.00496	8.8e-05	8.2e-05	0.00015
22	0.00015	9.9e-05	0.00011	0.00011	0.00012	9.9e-05	6.5e-05	0.00515	0.00015	0.00824	0.01722	0.02544	0.00481	0.90746	0.01172	0.01867	9.7e-05	0.00015	6.3e-05	6.4e-05
23	0.02747	0.00023	0.00026	0.07940	0.00848	0.02529	0.00018	0.38832	0.17577	0.24701	0.01352	0.00527	0.00022	0.00013	0.00011	0.02407	0.00010	9.8e-05	0.00393	0.00016
24	0.00040	0.00016	0.00022	0.00017	0.00024	0.00014	0.00014	0.01121	0.02403	0.82343	0.12154	0.00040	0.01038	0.00014	0.00010	3.1e-05	8.1e-05	0.00011	0.00690	0.00016
25	0.00372	9.4e-05	0.00012	0.00014	0.00015	8.8e-05	9.4e-05	0.00015	0.01570	0.00641	0.04220	0.76614	0.10769	0.02740	0.01054	4.2e-05	0.00361	0.00905	0.00658	8.4e-05
26	0.00019	0.00013	0.00016	0.00015	0.00018	0.00013	0.00011	0.03260	0.13955	0.06747	0.68083	0.00685	0.03298	0.00019	0.00012	3.3e-05	5.8e-05	0.03395	0.00422	0.00011
27	0.00015	0.00011	0.00014	0.00013	0.00015	9.6e-05	9.5e-05	0.00020	0.00028	0.04481	0.81758	0.02812	0.10734	0.00021	0.00012	3.2e-05	5e-05	0.00018	0.00011	9.7e-05
28	0.00382	0.00011	0.00015	0.00724	0.02524	0.00010	0.00010	0.00430	0.00434	0.03968	0.84332	0.01565	0.05516	0.00020	0.00012	3.2e-05	5.2e-05	0.00018	0.00011	0.0001
29	0.99717	0.00020	0.00015	0.00013	0.00020	0.00023	0.00011	0.00030	0.00017	0.00045	0.00014	0.00016	0.00011	9.4e-05	6.2e-05	3.1e-05	7.8e-05	5.5e-05	6.2e-05	0.00011
30	0.00029	0.80360	0.00048	0.00019	0.00027	0.19324	0.00018	0.00032	0.00022	0.00024	0.00014	0.00017	0.00013	9e-05	7e-05	2.2e-05	0.00012	5.6e-05	4.5e-05	0.00013

[dist]
# distance from previous block
# <min> <max>
2	3

[block]
# block no. 1 follows, 3440 sequences, length 33
# corresponding to MSA columns:
# 202,204-235
name=unknown_B
#
# <colnr> <probs for GDERKNQSTAVLIFYWHMCP>
#	G	D	E	R	K	N	Q	S	T	A	V	L	I	F	Y	W	H	M	C	P
0	0.94264	0.00465	0.00369	0.00402	0.00020	0.00846	0.00437	0.01927	0.00772	0.00405	0.00015	0.00017	0.00011	9.5e-05	6.4e-05	3.1e-05	8.1e-05	5.6e-05	6.3e-05	0.00011
1	0.01129	0.00021	0.00988	0.34702	0.17681	0.02718	0.05916	0.01824	0.04114	0.00575	0.03953	0.01115	0.03109	0.00373	0.02906	0.00520	0.15034	0.01895	0.01416	0.00012
2	0.00014	0.00010	0.00013	0.00012	0.00015	9.4e-05	9.3e-05	0.00019	0.00027	0.01634	0.79631	0.02987	0.15537	0.00022	0.00012	3.2e-05	4.9e-05	0.00019	0.00011	9.4e-05
3	0.98008	0.00019	0.00015	0.00013	0.00020	0.00022	0.00011	0.00030	0.00017	0.01752	0.00014	0.00017	0.00011	9.4e-05	6.3e-05	3.1e-05	7.8e-05	5.5e-05	6.3e-05	0.00011
4	0.00017	0.00011	0.00014	0.00014	0.00243	0.00011	0.00648	0.00406	0.00341	0.05763	0.19582	0.05684	0.05018	0.32492	0.14286	0.03665	0.01095	0.07659	0.03042	8.5e-05
5	0.90292	0.00020	0.00016	0.00014	0.00020	0.00022	0.00011	0.02205	0.00019	0.07284	0.00016	0.00018	0.00012	9.6e-05	6.6e-05	3.1e-05	7.9e-05	5.9e-05	6.8e-05	0.00012
6	0.00018	0.00015	0.00020	0.03769	0.09630	0.00253	0.00764	0.02165	0.12675	0.00782	0.06542	0.18029	0.07751	0.08149	0.16146	6.2e-05	0.08061	0.05206	7.7e-05	0.00011
7	0.88152	0.00019	0.00016	0.01674	0.00021	0.00022	0.00012	0.02471	0.00019	0.06691	0.00016	0.00018	0.00012	9.7e-05	6.7e-05	3.1e-05	8e-05	6e-05	0.00811	0.00011
8	0.00025	0.00024	0.00040	0.00836	0.94513	0.00518	0.00030	0.00583	0.01153	0.00033	0.00019	0.00025	0.00016	9.1e-05	0.00010	3e-05	0.00472	8.9e-05	5.1e-05	0.01677
9	0.01459	0.00019	0.00025	0.00019	0.00027	0.00018	0.00016	0.15290	0.00031	0.79296	0.00036	0.00032	0.00023	0.00013	0.00011	3.2e-05	0.03646	9.9e-05	0.00012	0.00017
10	0.06888	0.01435	0.00033	0.25017	0.22597	0.16282	0.08820	0.03791	0.02029	0.06315	0.01374	0.02323	0.01471	0.00011	0.0001	3.1e-05	0.00390	0.00848	6e-05	0.00360
11	0.01454	0.08169	0.86881	0.00028	0.00042	0.00025	0.01722	0.00032	0.00489	0.00598	0.00018	0.00468	0.00013	9.6e-05	9.3e-05	3.1e-05	0.00014	7.5e-05	4.4e-05	0.00015
12	0.00015	0.00010	0.00013	0.00013	0.00015	9.6e-05	9.6e-05	0.00019	0.00433	0.01843	0.84051	0.02689	0.07627	0.00829	0.01484	3.5e-05	5.3e-05	0.00911	0.00011	9.5e-05
13	0.00679	0.00019	0.00022	0.00301	0.00025	0.01126	0.02387	0.09023	0.06447	0.03360	0.00990	0.02324	0.03424	9.8e-05	8.4e-05	2e-05	8.1e-05	8.1e-05	7.1e-05	0.69830
14	0.03203	0.19385	0.35691	0.00022	0.00031	0.00894	0.01945	0.02414	0.02992	0.17607	0.09974	0.03649	0.00845	0.00012	9.4e-05	3e-05	0.00011	0.00511	7.1e-05	0.00795
15	0.01599	0.00017	0.00023	0.00018	0.00026	0.00015	0.00015	0.03244	0.00029	0.93993	0.00039	0.00034	0.00025	0.00012	0.00010	3.1e-05	8.6e-05	0.00010	0.00862	0.00017
16	0.00013	0.00011	0.00012	0.04336	0.01346	9.6e-05	9.4e-05	0.00016	0.00024	0.00425	0.16365	0.01019	0.72663	0.01398	0.00012	3.5e-05	5.7e-05	0.02312	9.3e-05	8.9e-05
17	0.01022	0.00275	0.00950	0.42417	0.09974	0.00449	0.23374	0.06770	0.00842	0.09788	0.01256	0.00684	0.01039	0.00011	0.00487	3.3e-05	0.00629	0.00010	6.1e-05	0.00013
18	0.00025	0.00024	0.00041	0.00062	0.99583	0.00024	0.00031	0.00031	0.00023	0.00033	0.00019	0.00025	0.00016	9e-05	0.0001	3e-05	0.00012	9e-05	5e-05	0.00016
19	0.32103	0.00019	0.00021	0.00017	0.00024	0.00018	0.00014	0.05565	0.00026	0.62049	0.00031	0.00028	0.00020	0.00011	8.9e-05	3.1e-05	8.5e-05	8.6e-05	0.00010	0.00015
20	0.04367	0.00015	0.02251	0.00640	0.04444	0.01082	0.02467	0.01244	0.12889	0.02860	0.26849	0.05958	0.17185	0.00020	0.00012	3.5e-05	7.5e-05	0.17442	0.00252	0.00011
21	0.00782	0.09528	0.66289	0.02181	0.04553	0.02670	0.03206	0.00626	0.01062	0.06097	0.00326	0.01435	0.00458	0.00010	0.00495	3.2e-05	0.00014	0.00245	5.1e-05	0.00015
22	0.00309	0.23329	0.10444	0.04045	0.14772	0.04210	0.09512	0.07150	0.00714	0.19562	0.01974	0.00440	0.00774	0.00011	0.00906	3e-05	0.00997	0.00637	0.00197	0.00014
23	0.04598	0.00017	0.00023	0.00018	0.00025	0.00015	0.00015	0.00864	0.00028	0.92653	0.00038	0.00033	0.00024	0.00012	9.9e-05	3.1e-05	8.5e-05	9.9e-05	0.01587	0.00017
24	0.00023	0.00022	0.00579	0.32144	0.58361	0.00437	0.00746	0.00547	0.00874	0.02093	0.00805	0.00414	0.00900	0.00010	0.00010	3.2e-05	0.00605	0.01123	0.00290	0.00014
25	0.01550	0.00367	0.00037	0.26736	0.64944	0.02675	0.00732	0.00344	0.00381	0.00901	0.00019	0.00025	0.00015	9.5e-05	0.00010	3.1e-05	0.01221	8.9e-05	5e-05	0.00014
26	0.02148	0.04252	0.01602	0.02432	0.04137	0.58516	0.02189	0.07167	0.02111	0.04408	0.00435	0.00022	0.00015	0.00413	0.00741	0.00511	0.08649	0.00234	5.9e-05	0.00013
27	0.00015	0.00010	0.00014	0.00522	0.00018	0.00010	0.00349	0.00018	0.00383	0.01700	0.02890	0.41861	0.03394	0.04684	0.00326	4.6e-05	7.7e-05	0.43774	9.2e-05	8.8e-05
28	0.00015	0.00012	0.00411	0.02691	0.01636	0.00248	0.01220	0.00243	0.03770	0.00561	0.27448	0.02966	0.40877	0.12128	0.00310	4.2e-05	0.01621	0.02828	0.01003	9.2e-05
29	0.00357	0.02947	0.13788	0.17922	0.24311	0.05219	0.03297	0.06647	0.12452	0.01496	0.01529	0.00583	0.00766	0.01484	0.03017	3.7e-05	0.02986	9.4e-05	0.00922	0.00266
30	0.00014	0.00010	0.00013	0.00012	0.00015	9.5e-05	9.2e-05	0.00018	0.00027	0.00454	0.74137	0.01981	0.18902	0.02484	0.00013	3.4e-05	0.00667	0.00814	0.00407	9.3e-05
31	0.00217	0.02651	0.04830	0.00661	0.04125	0.05411	0.00617	0.09105	0.00862	0.09077	0.00452	0.00425	0.00864	0.00011	0.01920	2.4e-05	0.01404	0.00254	0.00712	0.56399
32	0.00015	0.00011	0.00676	0.05587	0.02348	0.00241	0.00509	0.02016	0.01755	0.00672	0.08381	0.51925	0.13571	0.01766	0.00478	4e-05	0.00644	0.09383	9e-05	9.2e-05

[dist]
# distance from previous block
# <min> <max>
3	7

[block]
# block no. 2 follows, 3440 sequences, length 31
# corresponding to MSA columns:
# 243-273
name=unknown_C
#
# <colnr> <probs for GDERKNQSTAVLIFYWHMCP>
#	G	D	E	R	K	N	Q	S	T	A	V	L	I	F	Y	W	H	M	C	P
0	0.00026	0.00022	0.00024	0.00021	0.00027	0.00026	0.00837	0.12160	0.84732	0.00044	0.00040	0.00037	0.01931	0.00014	0.00010	3.4e-05	8.4e-05	0.00011	0.00010	0.00016
1	0.00013	0.00010	0.00011	0.00012	0.00014	8.9e-05	8.6e-05	0.00016	0.01473	0.00029	0.13837	0.28131	0.53895	0.00574	0.00012	3.6e-05	5.4e-05	0.00022	9.5e-05	0.01913
2	0.00022	0.00020	0.00378	0.00505	0.00291	0.00257	0.11226	0.00278	0.07180	0.00290	0.00398	0.00024	0.00271	0.01118	0.01064	0.01051	0.16376	7.8e-05	5.9e-05	0.59237
3	0.00022	0.00022	0.01932	0.00026	0.00026	0.00598	0.00022	0.00024	0.00952	0.00025	0.00594	0.00024	0.00015	0.00662	0.05465	5e-05	0.88738	0.00463	0.00375	0.00011
4	0.00256	0.17957	0.37695	0.01934	0.01455	0.01723	0.02803	0.01796	0.05160	0.04715	0.02752	0.03132	0.00997	0.00590	9.4e-05	0.00196	0.00204	0.00813	5.8e-05	0.15806
5	0.01876	0.00013	0.00243	0.00016	0.02071	0.00405	0.04902	0.02160	0.05775	0.02032	0.47625	0.00955	0.24739	0.02241	0.00834	0.00247	6.6e-05	0.03362	0.00488	0.00010
6	0.00203	0.00965	0.07074	0.02037	0.11794	0.07014	0.07554	0.02445	0.11128	0.01491	0.12448	0.09190	0.16948	0.01549	0.02190	0.00699	0.03718	0.01259	7.7e-05	0.00287
7	0.74168	0.00363	0.02534	0.00015	0.00021	0.00429	0.00013	0.05090	0.01239	0.10540	0.02818	0.00290	0.00016	0.00500	0.00265	0.00308	0.00493	0.00538	0.00349	0.00012
8	0.00843	0.01285	0.15360	0.20184	0.25713	0.02965	0.02674	0.01871	0.02679	0.03755	0.06274	0.00916	0.01971	0.00704	0.00214	3.4e-05	0.11339	0.00279	0.00957	0.00013
9	0.01563	0.03046	0.00673	0.00252	0.02269	0.00468	0.02928	0.01758	0.00681	0.04018	0.00455	0.00509	0.00026	0.39615	0.14799	0.02281	0.24631	0.00012	5.8e-05	9.3e-05
10	0.64932	0.05291	0.00396	0.00978	0.04705	0.00632	0.00013	0.05753	0.04964	0.06764	0.00424	0.03790	0.00016	0.00011	7.5e-05	3.1e-05	0.00316	7.5e-05	0.00983	0.00012
11	0.25908	0.00020	0.00022	0.00548	0.01436	0.00475	0.00015	0.14076	0.02131	0.54449	0.00030	0.00028	0.00020	0.00012	9.1e-05	3.1e-05	8.8e-05	8.7e-05	0.00010	0.00789
12	0.35899	0.00021	0.00740	0.00018	0.00025	0.00023	0.00015	0.25453	0.06008	0.31663	0.00026	0.00025	0.00018	0.00011	8.7e-05	3.1e-05	9e-05	8.2e-05	9.4e-05	0.00015
13	0.00024	0.00694	0.06652	0.24172	0.34980	0.03363	0.04262	0.07289	0.04960	0.01241	0.04636	0.01742	0.00928	0.00795	0.00436	0.00473	0.02311	0.00624	0.00405	0.00014
14	0.00014	0.00010	0.00013	0.00012	0.00015	9.3e-05	9.2e-05	0.00018	0.00027	0.00037	0.77380	0.02915	0.17634	0.01037	0.00012	3.3e-05	4.9e-05	0.00828	0.00011	9.3e-05
15	0.00014	0.00010	0.00442	0.00439	0.00839	0.00563	0.00375	0.00016	0.01217	0.00253	0.03935	0.51224	0.06957	0.16342	0.06212	0.01269	0.00342	0.09533	8.5e-05	8.3e-05
16	0.00014	9.9e-05	0.00013	0.00015	0.00016	9.3e-05	0.00011	0.00016	0.00021	0.00768	0.03544	0.52747	0.14835	0.01215	0.00013	4.2e-05	6.7e-05	0.26724	9.4e-05	8.6e-05
17	0.00024	0.00022	0.00038	0.22267	0.49489	0.00317	0.13104	0.00838	0.00271	0.04186	0.00265	0.01968	0.01187	0.00887	0.00011	3.3e-05	0.00551	0.04274	0.00285	0.00014
18	0.00023	0.00019	0.00022	0.02107	0.01815	0.00015	0.00013	0.04162	0.02116	0.03460	0.00019	0.00022	0.00016	8e-05	7.8e-05	1.7e-05	7.9e-05	6.5e-05	6.4e-05	0.86154
19	0.01166	0.00017	0.00023	0.00018	0.00026	0.00015	0.00015	0.02056	0.00029	0.95338	0.01162	0.00034	0.00025	0.00013	0.00010	3.1e-05	8.6e-05	0.00010	0.00012	0.00017
20	0.02055	0.00269	0.01696	0.02786	0.09358	0.00256	0.00420	0.28286	0.04516	0.21623	0.06590	0.00297	0.01631	0.00234	0.01727	3.1e-05	0.00754	0.00238	0.00909	0.16353
21	0.00285	0.03421	0.32678	0.02260	0.09941	0.00667	0.03933	0.01490	0.00941	0.12820	0.01691	0.00349	0.00246	9.8e-05	9.7e-05	2.7e-05	0.02368	8.1e-05	6.2e-05	0.26874
22	0.99717	0.00020	0.00015	0.00013	0.00020	0.00023	0.00011	0.00030	0.00017	0.00045	0.00014	0.00016	0.00011	9.4e-05	6.2e-05	3.1e-05	7.8e-05	5.5e-05	6.2e-05	0.00011
23	0.00026	0.00552	0.00024	0.00022	0.04098	0.00025	0.00017	0.06787	0.85554	0.01747	0.00517	0.00036	0.00029	0.00013	0.00010	3.4e-05	8.3e-05	0.00011	0.00501	0.00016
24	0.99717	0.00020	0.00015	0.00013	0.00020	0.00023	0.00011	0.00030	0.00017	0.00045	0.00014	0.00016	0.00011	9.4e-05	6.2e-05	3.1e-05	7.8e-05	5.5e-05	6.2e-05	0.00011
25	0.00013	0.00010	0.00012	0.00012	0.00014	9.1e-05	8.8e-05	0.00017	0.00026	0.00034	0.53051	0.03968	0.41804	0.00023	0.00012	3.3e-05	5e-05	0.00958	0.00010	9e-05
26	0.00015	0.00011	0.00013	0.00013	0.04230	9.9e-05	9.4e-05	0.00577	0.00757	0.05543	0.08808	0.01136	0.78795	0.00024	0.00012	3.4e-05	5.6e-05	0.00020	9.5e-05	9.5e-05
27	0.00045	0.00017	0.00024	0.00018	0.00026	0.00015	0.00015	0.02892	0.00029	0.96746	0.00039	0.00034	0.00025	0.00012	0.00010	3.1e-05	8.7e-05	0.00010	0.00012	0.00017
28	0.92773	0.00020	0.00016	0.00014	0.00020	0.01298	0.00011	0.04221	0.00019	0.01513	0.00015	0.00017	0.00011	9.5e-05	6.5e-05	3.1e-05	8.1e-05	5.7e-05	6.5e-05	0.00011
29	0.84705	0.00503	0.00326	0.01177	0.00347	0.02852	0.00685	0.04666	0.01757	0.02154	0.00452	0.00018	0.00012	9.7e-05	6.8e-05	3.1e-05	8.4e-05	6e-05	0.00300	0.00012
30	0.01976	0.00019	0.00338	0.01627	0.00669	0.01140	0.00014	0.06317	0.07041	0.40971	0.02619	0.00030	0.00479	0.00011	9.1e-05	2.5e-05	8.4e-05	8.7e-05	9.3e-05	0.36712

[dist]
# distance from previous block
# <min> <max>
0	1

[block]
# block no. 3 follows, 3440 sequences, length 20
# corresponding to MSA columns:
# 275-291,293-295
name=unknown_D
#
# <colnr> <probs for GDERKNQSTAVLIFYWHMCP>
#	G	D	E	R	K	N	Q	S	T	A	V	L	I	F	Y	W	H	M	C	P
0	0.00019	0.00012	0.00016	0.00015	0.00019	0.00011	0.00012	0.01656	0.02439	0.11098	0.43237	0.01321	0.07450	0.00022	0.00012	3.6e-05	6.8e-05	0.29038	0.01483	0.02128
1	0.00019	0.00018	0.00031	0.94540	0.05148	0.00022	0.00028	0.00026	0.00020	0.00026	0.00018	0.00027	0.00014	0.00010	0.00010	3.3e-05	0.00013	9e-05	4.5e-05	0.00011
2	0.00038	0.00592	0.01895	0.00020	0.03108	0.00965	0.01068	0.10624	0.04028	0.64489	0.03538	0.01885	0.01324	0.00463	0.00010	3.1e-05	9e-05	0.00730	0.00011	0.05198
3	0.00014	0.00010	0.00013	0.00012	0.00015	9.3e-05	9.2e-05	0.00018	0.00026	0.00883	0.67835	0.06630	0.22611	0.00997	0.00012	3.4e-05	5e-05	0.00876	0.00011	9.2e-05
4	0.00015	9.8e-05	0.00012	0.00014	0.00015	9.3e-05	9.6e-05	0.00017	0.00020	0.01962	0.07143	0.45558	0.04322	0.19876	0.00020	5.1e-05	7e-05	0.14116	0.06861	8.3e-05
5	0.00775	0.06018	0.87329	0.00028	0.00585	0.00024	0.00035	0.00678	0.00732	0.00550	0.00536	0.02074	0.00015	0.00010	9.6e-05	3.2e-05	0.00572	7.9e-05	4.5e-05	0.00015
6	0.00020	0.00013	0.00513	0.00644	0.01417	0.00012	0.00436	0.07624	0.04042	0.11912	0.17204	0.44588	0.00932	0.00023	0.00012	3.6e-05	6.8e-05	0.04582	0.06005	0.00011
7	0.03044	0.00015	0.00020	0.00017	0.00023	0.00014	0.00014	0.01139	0.02282	0.66092	0.08069	0.12148	0.00972	0.00016	0.00011	3.3e-05	7.9e-05	0.04708	0.01391	0.00015
8	0.99717	0.00020	0.00015	0.00013	0.00020	0.00023	0.00011	0.00030	0.00017	0.00045	0.00014	0.00016	0.00011	9.4e-05	6.2e-05	3.1e-05	7.8e-05	5.5e-05	6.2e-05	0.00011
9	0.00014	0.00010	0.00013	0.00012	0.00015	9.4e-05	9.1e-05	0.00017	0.00025	0.01388	0.47073	0.03258	0.37728	0.02065	0.06347	4.3e-05	6.6e-05	0.01987	9.9e-05	9.1e-05
10	0.01481	0.01834	0.00547	0.09283	0.21081	0.01625	0.14059	0.04157	0.21365	0.06722	0.00410	0.00028	0.00019	0.00012	0.00429	3.5e-05	0.16151	0.00368	6.8e-05	0.00419
11	0.00030	0.66826	0.00045	0.00020	0.00028	0.32852	0.00018	0.00034	0.00023	0.00024	0.00015	0.00017	0.00013	9.2e-05	7.3e-05	2.3e-05	0.00013	5.8e-05	4.6e-05	0.00013
12	0.00014	0.00010	0.00012	0.00012	0.00015	9.3e-05	9.1e-05	0.00761	0.00026	0.00822	0.54810	0.04142	0.36122	0.00023	0.00012	3.3e-05	5.1e-05	0.02136	0.01048	9.2e-05
13	0.00015	0.00012	0.00015	0.08340	0.00496	0.00012	0.00012	0.01813	0.08585	0.00541	0.14791	0.52022	0.04305	0.00774	0.05642	4.5e-05	0.00434	0.02167	9e-05	9.6e-05
14	0.01316	0.00022	0.00025	0.00020	0.00027	0.00023	0.00016	0.32031	0.26575	0.36852	0.01197	0.00032	0.00025	0.00013	0.00010	3.2e-05	9.1e-05	0.00010	0.01778	0.00017
15	0.00025	0.00024	0.00041	0.00061	0.95378	0.01341	0.01645	0.00031	0.00023	0.00033	0.00019	0.00025	0.00016	9.1e-05	0.00010	3e-05	0.01286	9e-05	5e-05	0.00016
16	0.00033	0.00394	0.02141	0.01766	0.00523	0.06689	0.02189	0.57899	0.03198	0.06138	0.04556	0.00605	0.03487	0.01629	0.00011	3.1e-05	0.00010	0.00010	0.08703	0.00015
17	0.00015	0.00012	0.00017	0.01347	0.04772	0.00643	0.04455	0.00421	0.02735	0.00027	0.05569	0.49029	0.09174	0.01465	0.11184	0.01878	0.04536	0.02701	8.2e-05	9.4e-05
18	0.92117	0.00020	0.00016	0.03295	0.00022	0.01032	0.00012	0.01051	0.00018	0.02324	0.00015	0.00017	0.00011	9.5e-05	6.5e-05	3.1e-05	8.1e-05	5.7e-05	6.4e-05	0.00011
19	0.00942	0.00027	0.00029	0.02755	0.01464	0.00728	0.00019	0.80051	0.10185	0.02932	0.00026	0.00026	0.00019	0.00012	0.00010	3.1e-05	0.00737	9.3e-05	9.8e-05	0.00017

[dist]
# distance from previous block
# <min> <max>
0	1

[block]
# block no. 4 follows, 3440 sequences, length 32
# corresponding to MSA columns:
# 297-325,327-329
name=unknown_E
#
# <colnr> <probs for GDERKNQSTAVLIFYWHMCP>
#	G	D	E	R	K	N	Q	S	T	A	V	L	I	F	Y	W	H	M	C	P
0	0.01197	0.04489	0.00030	0.09323	0.03275	0.29305	0.01673	0.27581	0.18364	0.03024	0.00430	0.00025	0.00018	0.00011	9.8e-05	3e-05	0.00611	8.6e-05	0.00272	0.00349
1	0.00036	0.00696	0.00028	0.00580	0.00030	0.79488	0.00019	0.03305	0.14156	0.01012	0.00020	0.00021	0.00016	0.00011	9.3e-05	2.7e-05	0.00016	7.3e-05	0.00535	0.00013
2	0.01015	0.00019	0.00300	0.00333	0.07461	0.00016	0.01993	0.05777	0.01088	0.12577	0.02024	0.00025	0.00507	9.2e-05	8.9e-05	2.1e-05	0.02065	7.5e-05	7.1e-05	0.64765
3	0.01656	0.00376	0.00321	0.01866	0.01231	0.01869	0.02154	0.00660	0.01588	0.02143	0.13474	0.08439	0.28340	0.00432	0.11508	5.1e-05	0.17489	0.05754	0.00686	9.9e-05
4	0.00037	0.00046	0.00028	0.00025	0.00031	0.92769	0.00019	0.00736	0.01338	0.02253	0.00614	0.00551	0.01488	0.00011	9.2e-05	2.6e-05	0.00017	7.1e-05	5.6e-05	0.00012
5	0.00016	0.00013	0.00016	0.00015	0.00018	0.04161	0.03523	0.00466	0.01911	0.00731	0.44485	0.09689	0.15138	0.00023	0.00012	3.6e-05	6.9e-05	0.19394	0.00368	9.6e-05
6	0.00018	0.00011	0.00014	0.00013	0.00016	0.00010	0.0001	0.00485	0.00705	0.12823	0.66788	0.03035	0.15296	0.00021	0.00012	3.2e-05	5.4e-05	0.00018	0.00704	0.00010
7	0.00280	0.00229	0.00032	0.45302	0.24980	0.05220	0.02777	0.01626	0.00316	0.01069	0.00020	0.02220	0.00243	0.00209	0.07447	0.00329	0.06577	0.00209	0.00903	0.00012
8	0.01229	0.00018	0.00023	0.00018	0.00026	0.01278	0.00015	0.01438	0.00029	0.95754	0.00039	0.00034	0.00025	0.00012	0.00010	3.1e-05	8.7e-05	0.00010	0.00012	0.00017
9	0.00452	0.00020	0.00022	0.00020	0.00025	0.00023	0.00015	0.00473	0.80787	0.11510	0.04909	0.00040	0.00462	0.00014	0.00010	3.4e-05	7.9e-05	0.00435	0.00755	0.00016
10	0.00014	0.00010	0.00396	0.00375	0.00014	9.5e-05	9e-05	0.00017	0.00021	0.01665	0.17077	0.15119	0.25346	0.29571	0.00473	5.5e-05	7.2e-05	0.09853	8.7e-05	8.2e-05
11	0.00891	0.28636	0.19382	0.00644	0.15742	0.14335	0.02615	0.01884	0.00862	0.10588	0.01522	0.01602	0.00017	0.00010	9.1e-05	2.8e-05	0.00910	0.00327	5.8e-05	0.00014
12	0.40411	0.00018	0.00020	0.00016	0.00023	0.00018	0.00013	0.00624	0.00571	0.56805	0.00666	0.00027	0.00020	0.00011	8.6e-05	3.1e-05	8.2e-05	8.3e-05	0.00714	0.00015
13	0.00013	9e-05	0.00012	0.00014	0.00015	8.4e-05	9.2e-05	0.00015	0.00019	0.01053	0.01862	0.87789	0.02536	0.05832	0.00015	4.4e-05	6.1e-05	0.00771	9.2e-05	8.2e-05
14	0.03489	0.03014	0.05897	0.07449	0.31568	0.02012	0.07634	0.15374	0.06836	0.05880	0.02039	0.06148	0.00571	0.00012	0.00288	3.2e-05	0.00011	0.00895	0.00865	0.00014
15	0.05222	0.03100	0.08794	0.04013	0.16069	0.09066	0.17431	0.16454	0.02825	0.06460	0.01044	0.04489	0.00020	0.00225	0.00412	3.2e-05	0.02893	0.01229	0.00237	0.00014
16	0.00376	0.00243	0.01326	0.00017	0.00019	0.00254	0.05574	0.00858	0.00520	0.00453	0.03630	0.59009	0.03987	0.00028	0.00246	4.1e-05	7.4e-05	0.22312	0.01128	9.1e-05
17	0.00391	0.01200	0.07143	0.30458	0.18890	0.02246	0.08450	0.07451	0.03583	0.02892	0.03337	0.04472	0.00336	0.00492	0.00993	0.00280	0.01227	0.04300	0.01846	0.00013
18	0.00480	0.12586	0.03308	0.07379	0.00568	0.02562	0.01122	0.31015	0.29821	0.02579	0.00688	0.00959	0.00021	0.00400	0.00424	3.1e-05	0.02151	9.4e-05	0.00943	0.02981
19	0.00635	0.00282	0.00022	0.05749	0.04378	0.00434	0.00564	0.01721	0.00023	0.21913	0.04834	0.04406	0.02609	0.02384	0.00010	0.00389	0.01179	0.00224	7.8e-05	0.48236
20	0.00737	0.07797	0.44449	0.09889	0.13325	0.01085	0.04862	0.04435	0.00524	0.05413	0.00913	0.01364	0.01116	0.00292	0.01953	3.4e-05	0.01139	0.00262	0.00205	0.00235
21	0.00412	0.16070	0.28167	0.02341	0.06826	0.00780	0.13436	0.07075	0.04942	0.05883	0.00796	0.02322	0.00573	0.00516	0.03019	0.00198	0.01280	0.05345	6.2e-05	0.00014
22	0.00015	0.00011	0.00733	0.00012	0.00015	9.8e-05	0.00308	0.00492	0.01183	0.02440	0.57563	0.02186	0.30794	0.00683	0.00324	0.01674	5.4e-05	0.01234	0.00308	9.4e-05
23	0.00730	0.00018	0.01364	0.01281	0.01465	0.01033	0.01085	0.03969	0.00388	0.79820	0.00350	0.04932	0.00275	0.00468	0.00310	3.3e-05	0.00354	0.01845	0.00293	0.00016
24	0.04323	0.01170	0.09380	0.11532	0.20997	0.02456	0.07131	0.02009	0.02394	0.33250	0.00371	0.01351	0.00685	0.00455	0.00389	0.00251	0.00439	0.01395	7.8e-05	0.00015
25	0.00419	0.01069	0.04595	0.20309	0.22049	0.03916	0.04253	0.02150	0.01436	0.01854	0.01395	0.29788	0.03435	0.00018	0.00392	3.5e-05	0.00464	0.02231	0.00210	0.00012
26	0.00822	0.00018	0.00030	0.95481	0.00790	0.00022	0.00028	0.00971	0.00743	0.00026	0.00018	0.00974	0.00014	0.00010	0.00010	3.4e-05	0.00013	9.1e-05	4.6e-05	0.00011
27	0.75583	0.06142	0.02379	0.01043	0.02465	0.04077	0.01637	0.01665	0.00965	0.02110	0.00016	0.00018	0.00012	0.00627	0.00914	3.2e-05	0.00320	6.1e-05	6.2e-05	0.00012
28	0.02602	0.00018	0.00325	0.02568	0.46042	0.00017	0.00277	0.01303	0.01114	0.01896	0.09998	0.15129	0.15854	0.00017	0.00011	3.3e-05	9e-05	0.01888	7.3e-05	0.00921
29	0.00445	0.03555	0.04495	0.02078	0.18680	0.01797	0.00617	0.31437	0.19073	0.04865	0.00831	0.01111	0.01789	0.00012	0.00278	3e-05	0.00303	9.6e-05	0.00204	0.08417
30	0.01365	0.00013	0.01253	0.01443	0.02909	0.02404	0.00473	0.00631	0.03311	0.02533	0.43385	0.20443	0.09512	0.00939	0.01886	3.7e-05	0.01100	0.02082	9.5e-05	0.04306
31	0.01733	0.10894	0.37828	0.02846	0.10266	0.04190	0.04519	0.11207	0.01413	0.07502	0.01859	0.00678	0.00757	0.00721	0.00220	3.1e-05	0.01199	8.5e-05	0.00381	0.01775

[dist]
# distance from previous block
# <min> <max>
0	155

# created by:
# /home/cegg/simao/soft/augustus-3.2.1/scripts/msa2prfl.pl ./align_prep/POG091H01QP.fa
