[name]
unknown

[dist]
# distance from previous block
# <min> <max>
0	122

[block]
# block no. 0 follows, 2480 sequences, length 21
# corresponding to MSA columns:
# 192-200,202,206-211,216-220
name=unknown_A
#
# <colnr> <probs for GDERKNQSTAVLIFYWHMCP>
#	G	D	E	R	K	N	Q	S	T	A	V	L	I	F	Y	W	H	M	C	P
0	0.00021	0.00016	0.00021	0.00021	0.00024	0.00017	0.00016	0.01796	0.03648	0.00603	0.17635	0.02932	0.09059	0.05953	0.53525	0.01163	0.01617	0.01273	0.00647	0.00013
1	0.00018	0.00013	0.00016	0.00018	0.00020	0.00012	0.00012	0.00022	0.00030	0.00654	0.19802	0.52221	0.19660	0.05159	0.00020	5.6e-05	7.9e-05	0.00920	0.00760	0.00629
2	0.03324	0.00017	0.00022	0.00019	0.00025	0.00016	0.00015	0.00715	0.00685	0.25805	0.53483	0.03641	0.04830	0.00025	0.00015	4.4e-05	8.3e-05	0.00565	0.06770	0.00016
3	0.20569	0.00025	0.00030	0.00023	0.00033	0.00023	0.00019	0.05239	0.00036	0.53034	0.00041	0.00038	0.00027	0.00015	0.00012	3.9e-05	0.00011	0.00011	0.01286	0.19522
4	0.00943	0.00029	0.00031	0.00028	0.00036	0.00034	0.00022	0.00813	0.91766	0.02827	0.01273	0.01349	0.00044	0.00019	0.00014	4.7e-05	0.00011	0.00016	0.00719	0.00022
5	0.00029	0.00025	0.00029	0.00021	0.00033	0.00019	0.00017	0.00035	0.00029	0.00045	0.00025	0.00029	0.00021	0.00010	0.00010	2.1e-05	0.00010	8.3e-05	8.3e-05	0.99595
6	0.00017	0.00014	0.00015	0.00015	0.00019	0.00012	0.00011	0.00020	0.00031	0.00038	0.01548	0.10334	0.84743	0.00036	0.00017	4.9e-05	7.3e-05	0.03093	0.00013	0.00012
7	0.99608	0.00027	0.00021	0.00018	0.00027	0.00031	0.00015	0.00041	0.00024	0.00063	0.00019	0.00023	0.00015	0.00013	8.6e-05	4.3e-05	0.00011	7.6e-05	8.6e-05	0.00015
8	0.01408	0.11634	0.00875	0.01416	0.00044	0.73705	0.03327	0.01890	0.01493	0.01222	0.00023	0.00026	0.00019	0.00014	0.00013	3.7e-05	0.02854	9.4e-05	7.4e-05	0.00017
9	0.00024	0.00834	0.00022	0.03361	0.00027	0.00016	0.00672	0.02022	0.02591	0.07694	0.07352	0.56405	0.04933	0.01061	0.00810	5.3e-05	0.01722	0.03387	0.00013	0.07051
10	0.26412	0.08873	0.17518	0.09764	0.02588	0.03580	0.03849	0.06759	0.02995	0.15024	0.00030	0.01071	0.00022	0.00015	0.00012	4.3e-05	0.00799	0.00011	0.00654	0.00019
11	0.00037	0.91956	0.01680	0.00025	0.00037	0.00054	0.02227	0.01788	0.00911	0.00034	0.00020	0.00023	0.00018	0.00012	9.7e-05	3.1e-05	0.01131	7.9e-05	6.2e-05	0.00018
12	0.00517	0.00017	0.00022	0.00020	0.00026	0.00016	0.00016	0.00534	0.00635	0.29936	0.04098	0.08055	0.35986	0.02838	0.00018	0.00825	9.8e-05	0.15943	0.00473	0.00016
13	0.01751	0.00034	0.00036	0.00030	0.00039	0.00038	0.00024	0.46214	0.46238	0.01288	0.00897	0.00043	0.00033	0.00018	0.00014	4.4e-05	0.00013	0.00014	0.00014	0.03261
14	0.00612	0.02433	0.01583	0.01569	0.01291	0.00434	0.07411	0.01509	0.00841	0.08110	0.02395	0.24705	0.02165	0.08552	0.05213	0.00835	0.01102	0.01278	0.00351	0.27611
15	0.00028	0.00026	0.00043	0.90476	0.00988	0.00846	0.02240	0.00037	0.00029	0.03892	0.00026	0.00037	0.00019	0.00014	0.00014	4.6e-05	0.01244	0.00013	6.7e-05	0.00016
16	0.02051	0.00020	0.00027	0.00023	0.00030	0.00019	0.00632	0.03481	0.02569	0.53274	0.03602	0.30994	0.00656	0.00775	0.00016	4.8e-05	0.00011	0.00650	0.01148	0.00019
17	0.00926	0.00017	0.00555	0.13152	0.02417	0.00017	0.01456	0.00746	0.00662	0.09152	0.12547	0.36800	0.18501	0.00032	0.00017	0.01232	0.00010	0.01193	0.00555	0.00014
18	0.00745	0.15691	0.30183	0.14648	0.04490	0.02801	0.06333	0.03158	0.01819	0.11203	0.00373	0.00550	0.01293	0.00016	0.00763	0.00788	0.04335	0.00012	0.00387	0.00413
19	0.00882	0.00023	0.05394	0.00022	0.00029	0.00020	0.00018	0.00679	0.22228	0.18132	0.28798	0.05851	0.14372	0.00463	0.00016	0.00602	9.7e-05	0.01208	0.01237	0.00017
20	0.00017	0.00012	0.00016	0.00019	0.00020	0.00012	0.00013	0.00020	0.00027	0.00036	0.00077	0.92708	0.02005	0.02648	0.00019	5.9e-05	8.3e-05	0.02311	0.00013	0.00011

[dist]
# distance from previous block
# <min> <max>
1	2

[block]
# block no. 1 follows, 2480 sequences, length 20
# corresponding to MSA columns:
# 224-228,230-232,236-240,247-253
name=unknown_B
#
# <colnr> <probs for GDERKNQSTAVLIFYWHMCP>
#	G	D	E	R	K	N	Q	S	T	A	V	L	I	F	Y	W	H	M	C	P
0	0.07058	0.04622	0.19815	0.07295	0.05661	0.05803	0.07407	0.12959	0.08493	0.11115	0.00423	0.03459	0.00554	0.00554	0.01844	4.8e-05	0.01704	0.00788	0.00422	0.00020
1	0.00695	0.00019	0.00024	0.00021	0.00027	0.00017	0.00016	0.03465	0.00899	0.40140	0.41555	0.00072	0.00748	0.00022	0.00015	4.2e-05	9.1e-05	0.00723	0.11510	0.00018
2	0.01214	0.73491	0.05982	0.01657	0.00738	0.03622	0.00863	0.04395	0.01323	0.03938	0.00370	0.00026	0.00379	0.00013	0.00010	3.3e-05	0.00873	8.7e-05	0.00384	0.00709
3	0.01759	0.00016	0.00754	0.03000	0.00750	0.00015	0.00336	0.00027	0.02148	0.04363	0.31997	0.25776	0.16998	0.02009	0.04675	0.01243	0.00358	0.01523	0.02241	0.00013
4	0.00018	0.00014	0.00015	0.00015	0.00019	0.00012	0.00011	0.00022	0.00033	0.00041	0.22031	0.07655	0.64737	0.03348	0.00018	5e-05	7.2e-05	0.00029	0.01958	0.00012
5	0.01075	0.00021	0.00028	0.00023	0.00031	0.00018	0.00018	0.00055	0.00036	0.71503	0.01986	0.17546	0.01489	0.02583	0.02118	5.2e-05	0.00012	0.00019	0.01412	0.00020
6	0.00050	0.00021	0.00026	0.00021	0.00030	0.00019	0.00017	0.02304	0.01056	0.63500	0.04430	0.00051	0.00039	0.00017	0.00013	4e-05	0.00010	0.00014	0.28357	0.00020
7	0.00028	0.00072	0.99437	0.00040	0.00060	0.00032	0.00052	0.00044	0.00029	0.00044	0.00025	0.00029	0.00018	0.00013	0.00013	4.4e-05	0.00021	0.00010	5.9e-05	0.00021
8	0.00038	0.89705	0.00070	0.00025	0.00036	0.04236	0.00024	0.03451	0.00030	0.00035	0.00020	0.00023	0.00018	0.00012	0.00010	3.1e-05	0.02232	7.8e-05	6.3e-05	0.00018
9	0.00033	0.00028	0.00030	0.01075	0.01000	0.00032	0.00021	0.01336	0.84497	0.00057	0.05583	0.00059	0.06146	0.00020	0.00014	4.7e-05	0.00011	0.00017	0.00014	0.00021
10	0.00026	0.00025	0.01345	0.90212	0.00091	0.00031	0.02693	0.00035	0.00028	0.00036	0.00026	0.01868	0.00021	0.01311	0.00015	4.8e-05	0.01396	0.00013	0.00807	0.00015
11	0.00334	0.00393	0.01663	0.20032	0.01326	0.09618	0.05390	0.03598	0.04814	0.01478	0.19198	0.00804	0.03809	0.00022	0.01852	5.2e-05	0.24766	0.00482	0.00400	0.00016
12	0.01056	0.00029	0.00032	0.00027	0.00035	0.00032	0.00022	0.28648	0.43032	0.09061	0.02629	0.11318	0.00630	0.00986	0.00015	4.7e-05	0.00012	0.00636	0.00650	0.01145
13	0.15334	0.00028	0.00042	0.24892	0.18884	0.02596	0.10956	0.02850	0.00653	0.09323	0.01887	0.03623	0.04026	0.00424	0.01727	4.9e-05	0.01693	0.01032	8.9e-05	0.00018
14	0.01001	0.02778	0.00348	0.21753	0.29457	0.02637	0.07303	0.02279	0.03526	0.05096	0.02797	0.04640	0.09540	0.00018	0.00417	4.5e-05	0.03455	0.00674	8.8e-05	0.02265
15	0.00017	0.00012	0.00016	0.00019	0.00020	0.00011	0.00013	0.00020	0.00027	0.00036	0.01167	0.93753	0.02161	0.01286	0.00018	5.7e-05	8.2e-05	0.01384	0.00013	0.00011
16	0.00023	0.00014	0.00019	0.00020	0.00022	0.00013	0.00014	0.00628	0.02739	0.10063	0.02165	0.70544	0.01737	0.04704	0.00020	5.8e-05	9e-05	0.04297	0.02950	0.00013
17	0.01225	0.06668	0.06537	0.06522	0.07306	0.18344	0.15448	0.09226	0.04621	0.11655	0.00509	0.00540	0.00312	0.02178	0.00363	4.6e-05	0.06878	0.00509	9.1e-05	0.01143
18	0.01998	0.02262	0.01290	0.15268	0.03452	0.00871	0.01590	0.02966	0.00815	0.12681	0.01974	0.08044	0.02885	0.02268	0.03443	6e-05	0.37517	0.00342	9e-05	0.00321
19	0.00021	0.00016	0.00455	0.00847	0.00023	0.00017	0.01137	0.00024	0.00493	0.01152	0.00701	0.30927	0.02608	0.27769	0.21616	0.02277	0.08691	0.00547	0.00669	0.00011

[dist]
# distance from previous block
# <min> <max>
6	41

[block]
# block no. 2 follows, 2480 sequences, length 8
# corresponding to MSA columns:
# 318,319,321-325,327
name=unknown_C
#
# <colnr> <probs for GDERKNQSTAVLIFYWHMCP>
#	G	D	E	R	K	N	Q	S	T	A	V	L	I	F	Y	W	H	M	C	P
0	0.01295	0.00032	0.00037	0.10153	0.00045	0.00034	0.01250	0.55367	0.02541	0.16944	0.02755	0.02707	0.02622	0.00018	0.00014	4.3e-05	0.00014	0.00014	0.01438	0.02716
1	0.00023	0.00016	0.00021	0.00021	0.00023	0.02394	0.00016	0.00027	0.01184	0.03332	0.02516	0.16005	0.01276	0.14203	0.46607	0.00014	0.02835	0.02186	0.07288	0.00012
2	0.00032	0.10160	0.00043	0.02671	0.00037	0.08288	0.03087	0.01390	0.00025	0.00034	0.00023	0.00035	0.00022	0.05809	0.08488	0.01731	0.54975	0.00012	6.6e-05	0.03132
3	0.00983	0.22386	0.42940	0.05645	0.06835	0.01181	0.05502	0.04802	0.01073	0.04081	0.00896	0.00894	0.00856	0.00014	0.00013	4.1e-05	0.00951	0.00916	7.3e-05	0.00020
4	0.03133	0.02270	0.04319	0.00034	0.01050	0.03031	0.03678	0.01196	0.00024	0.03996	0.00026	0.01031	0.01068	0.09118	0.05295	7.2e-05	0.60689	0.00013	7.2e-05	0.00015
5	0.01139	0.01605	0.00038	0.01285	0.02767	0.67028	0.00026	0.08983	0.01963	0.03223	0.07808	0.01311	0.01210	0.00017	0.00013	3.9e-05	0.00021	0.01533	9.1e-05	0.00017
6	0.02940	0.06126	0.51802	0.03146	0.06706	0.00889	0.01415	0.02725	0.02278	0.07130	0.00807	0.03309	0.05267	0.00690	0.01063	0.00716	0.00783	0.00652	0.00670	0.00886
7	0.05591	0.02864	0.13373	0.12611	0.11143	0.03465	0.12267	0.04453	0.03408	0.14149	0.04162	0.01980	0.01367	0.00983	0.01621	0.00680	0.03120	0.01172	9.4e-05	0.01581

[dist]
# distance from previous block
# <min> <max>
2	4

[block]
# block no. 3 follows, 2480 sequences, length 7
# corresponding to MSA columns:
# 332-338
name=unknown_D
#
# <colnr> <probs for GDERKNQSTAVLIFYWHMCP>
#	G	D	E	R	K	N	Q	S	T	A	V	L	I	F	Y	W	H	M	C	P
0	0.04984	0.10887	0.20843	0.03239	0.05123	0.06137	0.06627	0.04702	0.01922	0.09888	0.01283	0.01410	0.01359	0.00938	0.01543	4.2e-05	0.01943	0.00012	8.7e-05	0.17147
1	0.03578	0.02864	0.13748	0.12635	0.11856	0.05153	0.13314	0.03592	0.04870	0.05425	0.03105	0.03071	0.01864	0.02782	0.04963	0.01211	0.01354	0.01934	8.7e-05	0.02671
2	0.00019	0.00014	0.00017	0.00018	0.00021	0.00013	0.00013	0.00023	0.02417	0.03344	0.06712	0.50361	0.27015	0.04022	0.01652	0.01638	8.8e-05	0.02666	0.00013	0.00012
3	0.00022	0.03708	0.06770	0.01323	0.01401	0.00916	0.00964	0.01253	0.01286	0.02186	0.20074	0.27309	0.26901	0.00031	0.00016	4.8e-05	0.00948	0.01715	0.01879	0.01292
4	0.03458	0.10100	0.26501	0.05463	0.05349	0.04961	0.06581	0.05403	0.04224	0.13904	0.01043	0.04968	0.00974	0.00016	0.00014	4.2e-05	0.01495	0.01290	9.3e-05	0.04241
5	0.00032	0.05673	0.06113	0.23045	0.14344	0.01485	0.07384	0.07479	0.00984	0.07027	0.01301	0.09118	0.03349	0.01225	0.04002	0.02417	0.02033	0.01965	0.01006	0.00017
6	0.00021	0.00014	0.00018	0.00019	0.00021	0.00013	0.00014	0.01471	0.01650	0.03896	0.05508	0.57341	0.11316	0.08389	0.00022	0.01754	9e-05	0.06686	0.01826	0.00012

[dist]
# distance from previous block
# <min> <max>
3	5

[block]
# block no. 4 follows, 2480 sequences, length 24
# corresponding to MSA columns:
# 395-413,415-419
name=unknown_E
#
# <colnr> <probs for GDERKNQSTAVLIFYWHMCP>
#	G	D	E	R	K	N	Q	S	T	A	V	L	I	F	Y	W	H	M	C	P
0	0.00522	0.08177	0.05932	0.10171	0.04645	0.16902	0.01387	0.24059	0.12328	0.05108	0.02823	0.00468	0.02728	0.00017	0.00313	4.3e-05	0.02018	0.01669	0.00338	0.00387
1	0.00560	0.00014	0.00017	0.00016	0.00020	0.00013	0.00012	0.00024	0.00431	0.01503	0.42589	0.05152	0.44534	0.00665	0.00646	0.00448	7.3e-05	0.01432	0.01904	0.00013
2	0.01170	0.00023	0.00030	0.00024	0.00033	0.00020	0.00019	0.02671	0.00602	0.79638	0.05418	0.07899	0.01321	0.00020	0.00014	4.4e-05	0.00011	0.00507	0.00552	0.00022
3	0.00019	0.00015	0.01407	0.00021	0.00023	0.00014	0.04267	0.00023	0.00029	0.00677	0.14522	0.58948	0.04285	0.03704	0.09000	7.1e-05	0.00012	0.01110	0.01904	0.00012
4	0.00695	0.00015	0.00018	0.00018	0.00021	0.00013	0.00013	0.00027	0.00037	0.04856	0.59017	0.03109	0.24736	0.00030	0.00016	4.6e-05	7.4e-05	0.05734	0.01619	0.00013
5	0.00050	0.00037	0.00040	0.00031	0.00042	0.00041	0.00026	0.80812	0.16210	0.01195	0.00038	0.00037	0.00027	0.00017	0.00014	4.3e-05	0.00015	0.00013	0.01328	0.00023
6	0.00037	0.90357	0.05816	0.00025	0.00037	0.03464	0.00026	0.00042	0.00029	0.00034	0.00020	0.00023	0.00018	0.00012	9.3e-05	3.1e-05	0.00016	7.7e-05	6e-05	0.00018
7	0.01240	0.00024	0.00032	0.00920	0.00036	0.00021	0.00021	0.01410	0.00040	0.95063	0.01009	0.00047	0.00035	0.00017	0.00014	4.3e-05	0.00012	0.00014	0.00017	0.00023
8	0.99608	0.00027	0.00021	0.00018	0.00027	0.00031	0.00015	0.00041	0.00024	0.00063	0.00019	0.00023	0.00015	0.00013	8.6e-05	4.3e-05	0.00011	7.6e-05	8.6e-05	0.00015
9	0.00028	0.00022	0.00026	0.00026	0.00032	0.00025	0.00021	0.00802	0.45357	0.01089	0.00569	0.05404	0.00499	0.00886	0.01799	5.9e-05	0.00012	0.42833	0.00545	0.00017
10	0.00029	0.00025	0.00029	0.00021	0.00033	0.00019	0.00017	0.00035	0.00029	0.00045	0.00025	0.00029	0.00021	0.00010	0.00010	2.1e-05	0.00010	8.3e-05	8.3e-05	0.99595
11	0.20274	0.00022	0.00023	0.00022	0.00028	0.00023	0.00017	0.15343	0.05249	0.10210	0.03642	0.34165	0.02993	0.00027	0.00014	4.8e-05	0.00010	0.02045	0.05872	0.00016
12	0.00018	0.00014	0.00016	0.00016	0.00020	0.00012	0.00012	0.00022	0.00657	0.00042	0.22964	0.06702	0.66953	0.00800	0.00017	0.00712	7.2e-05	0.00992	0.00013	0.00012
13	0.00053	0.00040	0.00040	0.00031	0.00042	0.10978	0.00026	0.77970	0.00060	0.08320	0.00034	0.00034	0.00024	0.00017	0.00014	4.1e-05	0.00016	0.00012	0.02261	0.00023
14	0.00037	0.99518	0.00073	0.00024	0.00036	0.00055	0.00024	0.00042	0.00028	0.00033	0.00019	0.00022	0.00018	0.00012	9e-05	3e-05	0.00015	7.5e-05	6e-05	0.00018
15	0.00029	0.00025	0.00029	0.00021	0.00033	0.00019	0.00017	0.00036	0.02126	0.00046	0.00025	0.00029	0.00021	0.00011	0.00010	2.1e-05	0.00010	8.4e-05	8.4e-05	0.97494
16	0.95706	0.00027	0.00021	0.00935	0.00028	0.00031	0.00015	0.00906	0.00024	0.01047	0.00020	0.00023	0.00016	0.00013	8.8e-05	4.3e-05	0.00011	7.8e-05	0.01140	0.00015
17	0.01703	0.00335	0.06878	0.01109	0.01516	0.02067	0.04822	0.05089	0.01166	0.10672	0.00550	0.02144	0.00286	0.16293	0.35283	0.00258	0.03144	0.06025	0.00644	0.00015
18	0.00843	0.09792	0.15435	0.20246	0.09402	0.00548	0.01775	0.06724	0.03701	0.03978	0.05636	0.01528	0.05403	0.00628	0.01625	4.8e-05	0.10072	0.00337	0.00343	0.01978
19	0.00018	0.00013	0.00017	0.00019	0.00020	0.00012	0.00013	0.00021	0.00028	0.01885	0.07055	0.79201	0.09327	0.01101	0.00018	5.6e-05	8.1e-05	0.01214	0.00013	0.00012
20	0.02067	0.00016	0.00020	0.00018	0.00023	0.00015	0.00014	0.01623	0.01059	0.08666	0.75458	0.01107	0.08567	0.00028	0.00016	4.4e-05	7.4e-05	0.00499	0.00779	0.00014
21	0.01248	0.04207	0.05235	0.33621	0.11321	0.04477	0.07330	0.03908	0.02409	0.16574	0.03508	0.01639	0.00579	0.00017	0.00951	4.6e-05	0.01109	0.00523	0.01062	0.00276
22	0.01687	0.05604	0.12377	0.06493	0.06157	0.00768	0.07367	0.01540	0.03090	0.31830	0.00510	0.08637	0.01282	0.02103	0.04551	5.6e-05	0.04000	0.01971	0.00011	0.00019
23	0.00044	0.00019	0.00024	0.00020	0.00028	0.00017	0.00016	0.00710	0.00921	0.52695	0.09871	0.04282	0.01132	0.01053	0.00014	4.2e-05	9.7e-05	0.00847	0.28273	0.00019

[dist]
# distance from previous block
# <min> <max>
2	5

[block]
# block no. 5 follows, 2480 sequences, length 23
# corresponding to MSA columns:
# 427-429,431-444,446-451
name=unknown_F
#
# <colnr> <probs for GDERKNQSTAVLIFYWHMCP>
#	G	D	E	R	K	N	Q	S	T	A	V	L	I	F	Y	W	H	M	C	P
0	0.00999	0.00535	0.12455	0.07479	0.03544	0.10225	0.04519	0.02171	0.00450	0.37266	0.03447	0.05722	0.00864	0.00297	0.00870	4.7e-05	0.08487	0.00634	0.00012	0.00019
1	0.58649	0.07990	0.04898	0.00710	0.03047	0.14698	0.03073	0.01423	0.00028	0.02088	0.00022	0.00026	0.00340	0.00679	0.00011	4.2e-05	0.01314	0.00454	8.2e-05	0.00536
2	0.01061	0.00016	0.00421	0.00959	0.00022	0.00015	0.00767	0.00024	0.00030	0.02044	0.15576	0.14474	0.41664	0.07066	0.06754	0.00404	0.06337	0.00403	0.01952	0.00012
3	0.00810	0.03915	0.07535	0.13613	0.09966	0.09358	0.04916	0.05712	0.04100	0.08283	0.00722	0.01139	0.00655	0.00311	0.02159	4.3e-05	0.02971	0.01421	0.00397	0.22014
4	0.00020	0.00015	0.00019	0.00018	0.00021	0.00014	0.00581	0.00026	0.00838	0.00788	0.72031	0.01545	0.11605	0.04506	0.06871	6.1e-05	9.3e-05	0.00487	0.00587	0.00013
5	0.00307	0.07343	0.10940	0.01219	0.00300	0.00604	0.00557	0.04550	0.26609	0.00340	0.27072	0.01281	0.15494	0.00747	0.00775	4.7e-05	0.00842	0.00381	0.00617	0.00017
6	0.00522	0.00023	0.00027	0.00021	0.00030	0.00020	0.00017	0.09291	0.02410	0.11276	0.21252	0.00622	0.01783	0.00017	0.00013	3.3e-05	0.00893	0.00961	0.06934	0.43883
7	0.00020	0.00014	0.00017	0.00018	0.00021	0.00012	0.00013	0.00024	0.00032	0.04927	0.24007	0.41869	0.27127	0.01813	0.00018	5.2e-05	7.7e-05	0.00032	0.00014	0.00012
8	0.01325	0.00027	0.00029	0.00022	0.00034	0.04271	0.00017	0.02342	0.00779	0.00748	0.00994	0.00030	0.00602	0.00011	0.00011	2.3e-05	0.00011	8.8e-05	8.6e-05	0.88727
9	0.93568	0.00026	0.00020	0.00018	0.00027	0.00030	0.00015	0.00041	0.00024	0.01269	0.02586	0.00026	0.00019	0.00013	8.9e-05	4.3e-05	0.00011	8.2e-05	0.02268	0.00015
10	0.04303	0.00024	0.00030	0.00022	0.00033	0.00020	0.00018	0.01833	0.00035	0.48188	0.04528	0.00043	0.01548	0.00015	0.00012	3.5e-05	0.00011	0.00012	0.01279	0.38041
11	0.00045	0.00037	0.00034	0.00028	0.00037	0.17610	0.00022	0.44675	0.10975	0.02919	0.01649	0.00039	0.00544	0.00557	0.00013	4e-05	0.00015	0.00013	0.16508	0.04277
12	0.00062	0.00025	0.00033	0.00025	0.00036	0.00022	0.00021	0.05224	0.00041	0.94275	0.00054	0.00047	0.00034	0.00017	0.00014	4.3e-05	0.00012	0.00014	0.00017	0.00024
13	0.04875	0.00018	0.00023	0.00020	0.00026	0.00017	0.00016	0.01160	0.00565	0.29978	0.24480	0.14520	0.03036	0.05407	0.04269	5.7e-05	0.00011	0.01601	0.05240	0.04733
14	0.00023	0.00017	0.00020	0.00019	0.00024	0.00610	0.00014	0.01784	0.12589	0.05270	0.13517	0.28362	0.33474	0.00494	0.00017	4.9e-05	8.5e-05	0.01679	0.00014	0.02060
15	0.00678	0.01458	0.00032	0.00027	0.00035	0.03632	0.00331	0.04267	0.50456	0.22635	0.03737	0.02567	0.00415	0.00021	0.01250	4.8e-05	0.04265	0.01228	0.01997	0.00964
16	0.05309	0.00024	0.00032	0.00025	0.00035	0.00021	0.00020	0.02043	0.00736	0.89398	0.00700	0.00877	0.00035	0.00662	0.00014	4.4e-05	0.00012	0.00014	0.00017	0.00023
17	0.00019	0.00013	0.00017	0.00020	0.00693	0.00012	0.00013	0.00021	0.00027	0.02596	0.03380	0.82730	0.03201	0.04001	0.02350	6.3e-05	9.1e-05	0.00865	0.00013	0.00012
18	0.00500	0.00024	0.00028	0.00023	0.00031	0.00497	0.00547	0.24456	0.10401	0.19610	0.20830	0.00913	0.13459	0.00023	0.00015	4.4e-05	0.00011	0.01459	0.07152	0.00019
19	0.04800	0.00020	0.00318	0.00373	0.00028	0.00574	0.00017	0.03437	0.01066	0.37159	0.18277	0.18987	0.04710	0.01476	0.02835	5.3e-05	0.00328	0.03293	0.01842	0.00455
20	0.01435	0.00035	0.00039	0.00030	0.00041	0.00038	0.00025	0.74542	0.01938	0.19280	0.01556	0.00038	0.00028	0.00017	0.00014	4.2e-05	0.00014	0.00013	0.00891	0.00023
21	0.89638	0.00812	0.00022	0.00019	0.00028	0.00888	0.00016	0.03004	0.00834	0.04605	0.00022	0.00024	0.00017	0.00013	9.1e-05	4.3e-05	0.00011	8.1e-05	9.2e-05	0.00016
22	0.00020	0.01534	0.00600	0.00736	0.00023	0.00014	0.03221	0.00804	0.00552	0.01173	0.02056	0.64089	0.07728	0.13981	0.00025	6.6e-05	9.8e-05	0.03016	0.00401	0.00012

[dist]
# distance from previous block
# <min> <max>
2	7

[block]
# block no. 6 follows, 2480 sequences, length 11
# corresponding to MSA columns:
# 468-478
name=unknown_G
#
# <colnr> <probs for GDERKNQSTAVLIFYWHMCP>
#	G	D	E	R	K	N	Q	S	T	A	V	L	I	F	Y	W	H	M	C	P
0	0.03595	0.00731	0.05762	0.42357	0.06217	0.01189	0.04610	0.04380	0.02093	0.04931	0.00028	0.00776	0.00022	0.00606	0.00015	4.3e-05	0.05929	0.00667	0.00692	0.15395
1	0.00021	0.00014	0.00016	0.00016	0.00017	0.01103	9.6e-05	0.00022	0.00022	0.00929	0.01523	0.00951	0.03262	0.85773	0.02184	0.01079	0.01098	0.01003	0.00949	9.1e-05
2	0.00695	0.00567	0.00512	0.02230	0.00534	0.00612	0.02958	0.05685	0.11963	0.08338	0.09268	0.17578	0.05140	0.06922	0.11331	0.00511	0.01677	0.01879	0.11586	0.00015
3	0.00020	0.00014	0.00016	0.00016	0.00016	0.00014	9.6e-05	0.00021	0.00021	0.00028	0.00047	0.00091	0.02488	0.86785	0.08054	0.00014	0.00015	0.02313	8.6e-05	9e-05
4	0.01388	0.03273	0.31064	0.01383	0.01388	0.00724	0.00572	0.00767	0.00600	0.13287	0.05664	0.10691	0.06262	0.02968	0.13082	0.01006	0.02179	0.02034	0.01651	0.00017
5	0.91341	0.00027	0.00021	0.00019	0.00028	0.00031	0.00016	0.00043	0.03067	0.05272	0.00022	0.00025	0.00017	0.00013	9.1e-05	4.3e-05	0.00011	8.1e-05	9.3e-05	0.00016
6	0.00020	0.00014	0.00015	0.00015	0.00015	0.00014	8.5e-05	0.00020	0.00020	0.00027	0.00044	0.00091	0.00051	0.99510	0.00071	0.00014	0.00014	0.00020	8.5e-05	8.5e-05
7	0.00788	0.00014	0.00018	0.00020	0.00022	0.00013	0.00014	0.00835	0.01254	0.02657	0.01726	0.79718	0.03044	0.01670	0.00018	0.00859	8.5e-05	0.01197	0.00776	0.05349
8	0.01504	0.02376	0.03802	0.00687	0.01176	0.02143	0.01827	0.04073	0.00833	0.02281	0.00720	0.00717	0.00022	0.00012	0.00011	2.6e-05	0.00793	9.3e-05	8.6e-05	0.77003
9	0.01131	0.01304	0.00557	0.40667	0.05467	0.04758	0.01568	0.06451	0.03108	0.17084	0.03446	0.00612	0.01049	0.00547	0.00636	4.5e-05	0.04117	0.00929	9.6e-05	0.06555
10	0.01619	0.10054	0.07264	0.05242	0.53834	0.05273	0.04215	0.04124	0.03372	0.01974	0.00761	0.00034	0.00722	0.00013	0.00014	4.1e-05	0.00783	0.00012	7.6e-05	0.00678

[dist]
# distance from previous block
# <min> <max>
1	6

[block]
# block no. 7 follows, 2480 sequences, length 8
# corresponding to MSA columns:
# 486,487,489,492,494,496,499,500
name=unknown_H
#
# <colnr> <probs for GDERKNQSTAVLIFYWHMCP>
#	G	D	E	R	K	N	Q	S	T	A	V	L	I	F	Y	W	H	M	C	P
0	0.01129	0.00025	0.00043	0.67186	0.09543	0.00029	0.07177	0.00037	0.01440	0.01867	0.01342	0.04920	0.01562	0.01243	0.00015	4.8e-05	0.00017	0.01253	0.01150	0.00016
1	0.02207	0.02134	0.08510	0.25540	0.19123	0.03172	0.09267	0.01624	0.02770	0.06360	0.03329	0.07119	0.02761	0.00828	0.01054	4.8e-05	0.01399	0.01137	0.01643	0.00018
2	0.01800	0.14292	0.11456	0.08949	0.12090	0.02292	0.08962	0.06012	0.06099	0.12232	0.02020	0.05288	0.01854	0.00982	0.00015	0.00780	0.01534	0.01052	0.00696	0.01594
3	0.00964	0.01161	0.07665	0.15237	0.08451	0.01095	0.04544	0.01643	0.04872	0.11061	0.06380	0.08221	0.06803	0.09135	0.03254	0.05085	0.02394	0.01010	0.01010	0.00016
4	0.00019	0.00015	0.01830	0.00020	0.01170	0.00013	0.00980	0.00022	0.01252	0.01253	0.02060	0.64845	0.07134	0.14515	0.01212	0.01150	9.8e-05	0.01392	0.01095	0.00012
5	0.02645	0.04498	0.26321	0.09031	0.06165	0.02829	0.09988	0.03598	0.05620	0.16591	0.03130	0.03237	0.02607	0.00875	0.00833	4.7e-05	0.00985	0.01011	9.7e-05	0.00019
6	0.03312	0.05946	0.23688	0.06082	0.09809	0.02081	0.07918	0.09284	0.03150	0.14890	0.01428	0.04075	0.01025	0.00883	0.00678	0.00701	0.00836	0.01006	0.00744	0.02463
7	0.00020	0.00016	0.01831	0.00843	0.00846	0.00951	0.00015	0.01025	0.00857	0.02302	0.05605	0.56420	0.11600	0.04377	0.03577	0.03740	0.02146	0.03017	0.00799	0.00012

[dist]
# distance from previous block
# <min> <max>
4	10

[block]
# block no. 8 follows, 2480 sequences, length 21
# corresponding to MSA columns:
# 579-582,586-602
name=unknown_I
#
# <colnr> <probs for GDERKNQSTAVLIFYWHMCP>
#	G	D	E	R	K	N	Q	S	T	A	V	L	I	F	Y	W	H	M	C	P
0	0.05935	0.01533	0.08552	0.30643	0.02546	0.00840	0.02208	0.02468	0.04212	0.22692	0.02848	0.01056	0.01159	0.02031	0.03831	0.00759	0.01342	0.02179	0.01569	0.01599
1	0.00036	0.00504	0.00031	0.00027	0.00035	0.00534	0.00021	0.03864	0.77176	0.05463	0.01967	0.00888	0.00881	0.00019	0.00014	4.5e-05	0.00011	0.00538	0.03187	0.04800
2	0.00600	0.00016	0.00020	0.00021	0.00024	0.00016	0.01784	0.04163	0.05103	0.01855	0.09596	0.46265	0.12614	0.01379	0.00018	0.01726	0.00479	0.11623	0.02154	0.00543
3	0.00639	0.00014	0.00017	0.00016	0.00020	0.00013	0.00012	0.00024	0.00721	0.01420	0.41623	0.03160	0.49003	0.00032	0.00016	4.6e-05	7.1e-05	0.01881	0.01364	0.00013
4	0.00020	0.00014	0.00016	0.00016	0.00017	0.00013	0.00010	0.00021	0.00023	0.00889	0.02070	0.13955	0.06536	0.67774	0.02222	0.01294	0.00013	0.03595	0.01492	9.6e-05
5	0.00020	0.00015	0.00021	0.00021	0.00023	0.00017	0.00015	0.00024	0.00022	0.00031	0.00040	0.02723	0.00040	0.24756	0.70378	0.00019	0.01800	0.00017	7.8e-05	0.00011
6	0.00028	0.02316	0.86249	0.00037	0.00056	0.00031	0.00047	0.01502	0.00030	0.00044	0.01450	0.02987	0.02332	0.00016	0.00014	4.5e-05	0.00019	0.02810	6.7e-05	0.00020
7	0.01235	0.00032	0.00037	0.02476	0.00041	0.00034	0.00024	0.53553	0.04952	0.33753	0.00876	0.00040	0.00703	0.00017	0.00014	4.2e-05	0.00014	0.00013	0.00015	0.02169
8	0.03857	0.00025	0.00030	0.00023	0.03363	0.00021	0.00018	0.02216	0.04289	0.06328	0.02417	0.00900	0.00026	0.00012	0.00011	2.6e-05	0.00011	9.9e-05	0.00566	0.75875
9	0.00433	0.01057	0.00042	0.08516	0.06050	0.03164	0.00734	0.02627	0.00781	0.00596	0.00022	0.00390	0.00021	0.00753	0.04309	6.3e-05	0.66849	0.00388	6.7e-05	0.03255
10	0.00028	0.02170	0.01505	0.84591	0.06455	0.01073	0.00850	0.00037	0.00028	0.00036	0.00025	0.00036	0.00019	0.00014	0.00015	4.6e-05	0.03080	0.00012	6.3e-05	0.00016
11	0.00019	0.00014	0.00017	0.00018	0.00021	0.00012	0.00013	0.00023	0.01188	0.02595	0.10918	0.50819	0.29222	0.01387	0.00018	5.2e-05	7.9e-05	0.00983	0.01484	0.01239
12	0.02822	0.03239	0.05592	0.06002	0.08720	0.01923	0.04142	0.01717	0.01719	0.17533	0.08165	0.20743	0.08592	0.00956	0.00494	4.8e-05	0.03099	0.02281	0.00683	0.01574
13	0.01700	0.20459	0.22835	0.05922	0.16255	0.03342	0.02585	0.05047	0.01816	0.16575	0.00405	0.00034	0.00365	0.00015	0.00923	4.2e-05	0.00825	0.00011	0.00319	0.00563
14	0.00395	0.01916	0.00690	0.00027	0.00034	0.02558	0.00460	0.15872	0.48016	0.05477	0.02254	0.06791	0.00646	0.01278	0.00016	0.00324	0.01277	0.05778	0.06172	0.00020
15	0.00019	0.00014	0.00017	0.00020	0.00021	0.00013	0.00014	0.02485	0.00728	0.01554	0.06550	0.77637	0.07255	0.00833	0.00018	5.5e-05	8.4e-05	0.02783	0.00013	0.00012
16	0.02978	0.05422	0.19113	0.04828	0.13662	0.02313	0.09267	0.06444	0.05608	0.21310	0.01466	0.01987	0.01876	0.00016	0.00344	4.4e-05	0.01309	0.00695	0.00456	0.00901
17	0.00846	0.43887	0.09081	0.01162	0.00398	0.02829	0.02352	0.03587	0.03015	0.15135	0.03193	0.04853	0.02364	0.01422	0.02622	0.00321	0.01076	0.01430	0.00409	0.00018
18	0.00024	0.00015	0.00020	0.00021	0.00024	0.00014	0.00016	0.00677	0.00544	0.10738	0.03173	0.37289	0.14032	0.04115	0.00020	0.01233	9.9e-05	0.27070	0.00952	0.00013
19	0.02257	0.01741	0.04126	0.05656	0.07739	0.02633	0.05992	0.03864	0.01240	0.28205	0.09829	0.10450	0.04508	0.01132	0.04000	0.00310	0.02662	0.01633	0.02005	0.00018
20	0.01953	0.11767	0.37917	0.04090	0.06579	0.03903	0.04659	0.04839	0.04971	0.13407	0.00839	0.01321	0.01422	0.00423	0.00014	4.3e-05	0.01061	0.00378	8.8e-05	0.00444

[dist]
# distance from previous block
# <min> <max>
6	9

[block]
# block no. 9 follows, 2480 sequences, length 25
# corresponding to MSA columns:
# 662-686
name=unknown_J
#
# <colnr> <probs for GDERKNQSTAVLIFYWHMCP>
#	G	D	E	R	K	N	Q	S	T	A	V	L	I	F	Y	W	H	M	C	P
0	0.02698	0.00017	0.00020	0.00019	0.00024	0.00015	0.00015	0.00502	0.01194	0.22652	0.21104	0.14786	0.29562	0.01339	0.00017	4.9e-05	8.7e-05	0.04467	0.01539	0.00015
1	0.02396	0.00020	0.00025	0.00436	0.00356	0.00332	0.01452	0.05223	0.08072	0.29398	0.31634	0.04429	0.00697	0.08255	0.00668	5.3e-05	0.00010	0.00539	0.06036	0.00017
2	0.00021	0.00014	0.00018	0.00018	0.00021	0.00013	0.00013	0.00025	0.00525	0.05955	0.33138	0.31355	0.21117	0.04058	0.00019	0.00629	8e-05	0.02247	0.00793	0.00013
3	0.05966	0.00021	0.00026	0.00021	0.00029	0.01355	0.00761	0.02095	0.01125	0.51108	0.05931	0.00735	0.03641	0.00536	0.00473	0.00333	0.00010	0.00695	0.25119	0.00019
4	0.00028	0.00027	0.00044	0.81217	0.14075	0.02640	0.00039	0.00037	0.00029	0.00037	0.00025	0.00878	0.00020	0.00014	0.00014	4.6e-05	0.00837	0.00013	6.4e-05	0.00016
5	0.00028	0.03208	0.96304	0.00039	0.00060	0.00033	0.00051	0.00044	0.00029	0.00044	0.00025	0.00029	0.00018	0.00013	0.00013	4.4e-05	0.00020	0.00010	5.9e-05	0.00021
6	0.00018	0.00013	0.00016	0.00019	0.00020	0.00012	0.00013	0.00020	0.00028	0.00797	0.01709	0.78087	0.15164	0.00042	0.00018	5.5e-05	8.1e-05	0.03257	0.00743	0.00012
7	0.00036	0.00031	0.00032	0.00029	0.00037	0.00035	0.00022	0.06768	0.92701	0.00060	0.00055	0.00051	0.00041	0.00019	0.00014	4.7e-05	0.00011	0.00016	0.00014	0.00022
8	0.00035	0.00033	0.00057	0.00086	0.99422	0.00033	0.00043	0.00043	0.00032	0.00046	0.00026	0.00035	0.00022	0.00012	0.00014	4.1e-05	0.00017	0.00012	6.9e-05	0.00022
9	0.00028	0.01947	0.01012	0.13995	0.18409	0.00286	0.02173	0.00480	0.21665	0.02376	0.03961	0.20625	0.08375	0.00731	0.00473	4.9e-05	0.00280	0.02549	0.00011	0.00620
10	0.00024	0.00020	0.00026	0.00024	0.00025	0.01753	0.00018	0.00026	0.00021	0.00030	0.00033	0.00059	0.00035	0.37332	0.21884	0.07325	0.31330	0.00016	7.3e-05	0.00011
11	0.00028	0.00069	0.89603	0.00042	0.00062	0.00033	0.09882	0.00044	0.00030	0.00044	0.00025	0.00030	0.00018	0.00013	0.00014	4.4e-05	0.00021	0.00011	6e-05	0.00020
12	0.00404	0.02239	0.46918	0.01713	0.01455	0.01012	0.12033	0.04706	0.23249	0.01948	0.00035	0.00320	0.00499	0.00538	0.00418	4.6e-05	0.00656	0.01824	8.8e-05	0.00020
13	0.00280	0.00016	0.00020	0.01174	0.02837	0.00664	0.01357	0.01051	0.03517	0.02577	0.17984	0.05493	0.26304	0.24431	0.08899	0.00487	0.00470	0.00978	0.01448	0.00013
14	0.00271	0.01494	0.02740	0.12135	0.06085	0.01022	0.03471	0.01035	0.01057	0.03445	0.09790	0.12215	0.13697	0.07904	0.10387	0.02503	0.07057	0.03151	0.00222	0.00320
15	0.10993	0.00393	0.01278	0.49061	0.07048	0.00991	0.01430	0.04482	0.07107	0.01608	0.02604	0.05514	0.00795	0.01427	0.02285	0.00250	0.00674	0.00304	0.00917	0.00839
16	0.60046	0.05148	0.01479	0.00537	0.00579	0.01545	0.00275	0.02532	0.05954	0.07644	0.00636	0.04488	0.00556	0.01319	0.00280	4.5e-05	0.00275	0.03386	0.01901	0.01416
17	0.01708	0.04235	0.05006	0.03974	0.02764	0.05910	0.01113	0.12809	0.41949	0.01152	0.00556	0.00528	0.00293	0.00268	0.00470	4.2e-05	0.00890	0.00576	0.00277	0.15518
18	0.00415	0.00015	0.00019	0.00019	0.00023	0.00014	0.00014	0.00846	0.00829	0.13728	0.15139	0.46641	0.16514	0.01619	0.00017	5.1e-05	8.5e-05	0.00959	0.01093	0.02082
19	0.18828	0.05264	0.13592	0.01931	0.05201	0.02035	0.04520	0.18834	0.03209	0.18146	0.00633	0.01291	0.01610	0.00377	0.00784	4.4e-05	0.00916	0.00260	0.00503	0.02063
20	0.02184	0.11511	0.51962	0.01311	0.02757	0.04502	0.07824	0.03045	0.04102	0.05462	0.01745	0.00475	0.00719	0.00339	0.00319	4.3e-05	0.00780	0.00252	0.00416	0.00288
21	0.02004	0.00016	0.00354	0.00609	0.00024	0.00015	0.00015	0.01361	0.01561	0.15695	0.11310	0.48246	0.13710	0.00694	0.00017	0.00560	0.00928	0.01208	0.01658	0.00014
22	0.00718	0.00848	0.01761	0.05124	0.01464	0.00709	0.01414	0.03094	0.01943	0.18236	0.08015	0.24343	0.19949	0.01739	0.01740	5.2e-05	0.01729	0.02641	0.01936	0.02590
23	0.02642	0.10143	0.25824	0.02556	0.05350	0.03610	0.06237	0.04786	0.05835	0.24621	0.01029	0.02398	0.01257	0.00539	0.00618	4.4e-05	0.01064	0.00728	0.00010	0.00749
24	0.00968	0.01676	0.04254	0.07833	0.03922	0.00769	0.03821	0.02711	0.02603	0.02311	0.01319	0.02975	0.04935	0.08299	0.10010	0.28056	0.10844	0.02335	0.00347	0.00013

[dist]
# distance from previous block
# <min> <max>
4	17

[block]
# block no. 10 follows, 2480 sequences, length 11
# corresponding to MSA columns:
# 709-715,717-720
name=unknown_K
#
# <colnr> <probs for GDERKNQSTAVLIFYWHMCP>
#	G	D	E	R	K	N	Q	S	T	A	V	L	I	F	Y	W	H	M	C	P
0	0.99608	0.00027	0.00021	0.00018	0.00027	0.00031	0.00015	0.00041	0.00024	0.00063	0.00019	0.00023	0.00015	0.00013	8.6e-05	4.3e-05	0.00011	7.6e-05	8.6e-05	0.00015
1	0.00028	0.00072	0.99437	0.00040	0.00060	0.00032	0.00052	0.00044	0.00029	0.00044	0.00025	0.00029	0.00018	0.00013	0.00013	4.4e-05	0.00021	0.00010	5.9e-05	0.00021
2	0.00021	0.00014	0.00017	0.00017	0.00020	0.00014	0.00784	0.00024	0.00825	0.00854	0.04593	0.04403	0.27678	0.27864	0.07485	0.05732	0.00816	0.09085	0.09742	0.00011
3	0.00024	0.00017	0.00021	0.00019	0.00024	0.00017	0.00015	0.02093	0.14798	0.02775	0.67629	0.00089	0.02194	0.00025	0.00015	4.3e-05	7.6e-05	0.00022	0.10195	0.00015
4	0.01175	0.00013	0.00017	0.00018	0.00020	0.00012	0.00013	0.00022	0.00031	0.00042	0.26875	0.45773	0.19522	0.02310	0.00019	0.01329	7.7e-05	0.01508	0.01281	0.00012
5	0.00020	0.00014	0.00018	0.00018	0.00021	0.00013	0.00013	0.00025	0.01080	0.01794	0.42464	0.23395	0.19500	0.01335	0.01630	5.3e-05	8.2e-05	0.06756	0.01878	0.00013
6	0.00020	0.00014	0.00017	0.00017	0.00021	0.00013	0.00013	0.00025	0.01328	0.02513	0.45601	0.14685	0.30812	0.01737	0.00017	4.8e-05	7.4e-05	0.01430	0.01712	0.00013
7	0.15742	0.05826	0.27249	0.01221	0.01519	0.00855	0.01926	0.07963	0.01126	0.21868	0.00526	0.03228	0.00521	0.00819	0.01006	4.7e-05	0.05938	0.00714	0.00516	0.01433
8	0.61912	0.00645	0.01332	0.01994	0.01436	0.04045	0.01242	0.01484	0.00703	0.02893	0.00024	0.00973	0.00019	0.00871	0.00011	0.01120	0.00611	8.9e-05	0.01500	0.17178
9	0.03595	0.00788	0.04825	0.05121	0.08098	0.11971	0.02530	0.05645	0.01573	0.26709	0.02360	0.01166	0.00993	0.02594	0.04729	0.01820	0.04475	0.00650	0.00887	0.09472
10	0.05314	0.08351	0.09756	0.05830	0.09914	0.04477	0.05678	0.09433	0.10467	0.05528	0.03814	0.02989	0.01849	0.00584	0.00581	4.2e-05	0.02397	0.00677	0.00732	0.11625

[dist]
# distance from previous block
# <min> <max>
16	145

[block]
# block no. 11 follows, 2480 sequences, length 12
# corresponding to MSA columns:
# 935-938,940-944,949-951
name=unknown_L
#
# <colnr> <probs for GDERKNQSTAVLIFYWHMCP>
#	G	D	E	R	K	N	Q	S	T	A	V	L	I	F	Y	W	H	M	C	P
0	0.60892	0.03451	0.01724	0.02786	0.03248	0.08140	0.04890	0.02812	0.00708	0.04769	0.00951	0.01301	0.00581	0.00857	0.00587	4.4e-05	0.01169	9.9e-05	0.00503	0.00615
1	0.02892	0.00496	0.01792	0.04361	0.07606	0.00018	0.01599	0.00030	0.01003	0.07187	0.16641	0.26510	0.14566	0.02172	0.03593	0.03582	0.01141	0.03251	0.00548	0.01011
2	0.02202	0.04642	0.01438	0.09304	0.18479	0.10001	0.01978	0.22464	0.03444	0.04806	0.00682	0.00564	0.00640	0.00014	0.00013	3.8e-05	0.00951	0.00012	0.00580	0.17783
3	0.01089	0.03647	0.02621	0.26102	0.47667	0.00941	0.00859	0.00830	0.01193	0.06662	0.02409	0.00039	0.01180	0.00014	0.00014	4.2e-05	0.00806	0.00013	0.02150	0.01763
4	0.02691	0.04172	0.01021	0.23805	0.26389	0.19590	0.07924	0.07031	0.00850	0.04444	0.00027	0.00033	0.00021	0.00014	0.00014	4.2e-05	0.01143	0.00012	7.8e-05	0.00809
5	0.02274	0.11556	0.35137	0.06774	0.02371	0.00487	0.06952	0.02255	0.02791	0.14900	0.04820	0.01909	0.01306	0.01318	0.01024	0.00474	0.00578	0.00649	0.01711	0.00714
6	0.00022	0.00015	0.00019	0.01934	0.00023	0.02152	0.00014	0.00026	0.00689	0.04711	0.28284	0.41087	0.13389	0.00772	0.00848	0.01263	8.7e-05	0.00677	0.01476	0.02590
7	0.00021	0.00017	0.02596	0.01135	0.01604	0.00018	0.00018	0.00026	0.01018	0.00034	0.01738	0.02195	0.00905	0.02395	0.84273	0.00020	0.00034	0.00016	0.01925	0.00013
8	0.02771	0.11187	0.09451	0.05741	0.16387	0.07247	0.18105	0.08947	0.02416	0.12111	0.00575	0.00784	0.00024	0.01831	0.00015	4.4e-05	0.00658	0.00013	0.01179	0.00553
9	0.01251	0.01312	0.04931	0.13656	0.05205	0.00739	0.07231	0.01924	0.03558	0.19733	0.02809	0.12884	0.04633	0.05987	0.06324	0.02477	0.01220	0.03007	0.00536	0.00583
10	0.05815	0.00021	0.00731	0.04024	0.02604	0.00690	0.00630	0.04424	0.03577	0.27011	0.11402	0.16600	0.04114	0.03268	0.10204	0.01110	0.00592	0.01473	0.01694	0.00017
11	0.01543	0.00020	0.01702	0.01139	0.03563	0.01987	0.03071	0.00811	0.01843	0.04303	0.04700	0.49904	0.06503	0.00617	0.01411	0.00575	0.11551	0.02159	0.01705	0.00893

[dist]
# distance from previous block
# <min> <max>
0	113

# created by:
# /home/cegg/simao/soft/augustus-3.2.1/scripts/msa2prfl.pl ./align_prep/POG091H005X.fa
