[name]
unknown

[dist]
# distance from previous block
# <min> <max>
2	627

[block]
# block no. 0 follows, 3269 sequences, length 14
# corresponding to MSA columns:
# 1922-1935
name=unknown_A
#
# <colnr> <probs for GDERKNQSTAVLIFYWHMCP>
#	G	D	E	R	K	N	Q	S	T	A	V	L	I	F	Y	W	H	M	C	P
0	0.10233	0.08608	0.51137	0.07872	0.02256	0.01799	0.04310	0.01499	0.00846	0.01820	0.03653	0.01391	0.00675	0.00011	0.00010	3.3e-05	0.01394	8.7e-05	5.5e-05	0.02468
1	0.25224	0.01835	0.07712	0.00509	0.02466	0.05021	0.01360	0.09948	0.17248	0.05654	0.02450	0.00758	0.00615	0.07155	0.01571	3.9e-05	0.00946	0.01318	7.9e-05	0.08198
2	0.00774	0.00915	0.00016	0.00015	0.00018	0.00630	0.00012	0.03510	0.01357	0.11049	0.13696	0.14712	0.37041	0.00025	0.00013	3.8e-05	0.00569	0.14123	0.00838	0.00685
3	0.00998	0.00536	0.00493	0.07438	0.02236	0.06998	0.01582	0.19072	0.49938	0.02585	0.02788	0.00518	0.02197	0.00014	0.00518	3.5e-05	0.00010	0.00534	0.01091	0.00451
4	0.00923	0.00011	0.00015	0.00014	0.00017	0.00011	0.00010	0.00022	0.01014	0.07057	0.67639	0.12186	0.08730	0.00023	0.00012	3.5e-05	5.6e-05	0.00924	0.00011	0.01374
5	0.14272	0.01168	0.02179	0.04597	0.11923	0.03862	0.16451	0.12777	0.03021	0.17218	0.00441	0.00465	0.00446	0.01430	0.06461	4.3e-05	0.01928	0.00439	0.00428	0.00490
6	0.02306	0.34733	0.51965	0.00675	0.00898	0.00824	0.02968	0.01325	0.00612	0.01439	0.00881	0.00724	0.00015	0.00010	9.1e-05	3e-05	0.00585	7.5e-05	4.9e-05	0.00015
7	0.00014	9.9e-05	0.00012	0.00014	0.00015	9.4e-05	9.2e-05	0.00016	0.01197	0.00026	0.03305	0.62794	0.07373	0.22136	0.01546	5.7e-05	7.4e-05	0.01492	9.1e-05	8.3e-05
8	0.03645	0.00019	0.00024	0.00019	0.00027	0.00017	0.00016	0.07106	0.01243	0.84410	0.01250	0.00035	0.00026	0.00013	0.00010	3.3e-05	9e-05	0.00011	0.02099	0.00018
9	0.00726	0.13344	0.24677	0.00812	0.18213	0.08949	0.12091	0.05144	0.04745	0.02648	0.00691	0.00590	0.00768	0.00439	0.00412	3.3e-05	0.04699	0.00557	5.9e-05	0.00487
10	0.00744	0.00021	0.02581	0.12447	0.41572	0.00021	0.05881	0.01706	0.00795	0.07260	0.02150	0.12859	0.03617	0.00015	0.00012	3.6e-05	0.00642	0.07651	7.1e-05	0.00014
11	0.00016	0.00011	0.00014	0.00016	0.00018	0.00011	0.00012	0.00020	0.02062	0.03925	0.02076	0.32256	0.19845	0.02131	0.00014	4.4e-05	7.5e-05	0.36471	0.01078	9.6e-05
12	0.19412	0.11182	0.02654	0.02068	0.09091	0.16520	0.01139	0.11263	0.00845	0.12162	0.01473	0.00680	0.00018	0.00475	0.00722	3.3e-05	0.08665	0.00658	0.00957	0.00014
13	0.00020	0.00018	0.06902	0.13750	0.14176	0.00016	0.02011	0.00698	0.01901	0.07590	0.30854	0.08825	0.10371	0.00019	0.01005	3.6e-05	9.2e-05	0.01185	0.00635	0.00012

[dist]
# distance from previous block
# <min> <max>
0	6

[block]
# block no. 1 follows, 3269 sequences, length 10
# corresponding to MSA columns:
# 1942-1949,1951,1952
name=unknown_B
#
# <colnr> <probs for GDERKNQSTAVLIFYWHMCP>
#	G	D	E	R	K	N	Q	S	T	A	V	L	I	F	Y	W	H	M	C	P
0	0.02018	0.03535	0.06499	0.06857	0.31539	0.10575	0.02572	0.11804	0.03572	0.02791	0.01481	0.00921	0.00746	0.00011	0.0001	3e-05	0.00012	0.00690	6.6e-05	0.14357
1	0.08635	0.01303	0.01965	0.00017	0.00024	0.00017	0.00935	0.09087	0.01840	0.24260	0.13395	0.05610	0.02854	0.00795	0.00760	3e-05	8.4e-05	0.00693	0.00681	0.27117
2	0.11172	0.00025	0.02302	0.02968	0.02261	0.09572	0.01000	0.20602	0.15168	0.25843	0.04618	0.00033	0.00755	0.01078	0.00011	3.3e-05	0.00716	0.00726	9.8e-05	0.01137
3	0.01530	0.19330	0.44293	0.00659	0.04873	0.02082	0.07380	0.06315	0.01046	0.05847	0.02587	0.00892	0.00678	0.00011	0.00622	3.2e-05	0.00608	0.00613	5.9e-05	0.00625
4	0.00015	0.00011	0.00013	0.00013	0.00016	9.6e-05	9.8e-05	0.00018	0.00026	0.02463	0.45638	0.21154	0.27844	0.00026	0.00013	3.7e-05	5.6e-05	0.02701	0.00011	9.6e-05
5	0.00014	0.00011	0.00012	0.00012	0.00015	9.8e-05	9.2e-05	0.00018	0.02046	0.01700	0.28190	0.04025	0.61186	0.00025	0.00013	3.6e-05	5.5e-05	0.02684	0.00010	9.6e-05
6	0.03574	0.01265	0.03036	0.03771	0.57029	0.00745	0.07803	0.08296	0.05038	0.04483	0.01356	0.00029	0.00746	0.00011	0.00011	3.3e-05	0.01450	0.01331	6.5e-05	0.00016
7	0.00027	0.01719	0.04413	0.02428	0.23400	0.01649	0.02510	0.03652	0.10507	0.16556	0.14870	0.02891	0.03112	0.02664	0.01720	0.00707	0.03847	0.02640	0.00675	0.00014
8	0.00954	0.00010	0.00013	0.00015	0.00016	0.00010	0.00011	0.00950	0.00021	0.00986	0.01050	0.66637	0.00994	0.02698	0.01319	4.5e-05	0.01041	0.14030	0.09230	9.1e-05
9	0.00016	0.00011	0.00015	0.02293	0.00018	0.00011	0.00012	0.00019	0.00021	0.01472	0.01731	0.07034	0.05112	0.37433	0.00029	6.7e-05	9.5e-05	0.44738	8.5e-05	8.6e-05

[dist]
# distance from previous block
# <min> <max>
3	4

[block]
# block no. 2 follows, 3269 sequences, length 29
# corresponding to MSA columns:
# 1960,1962,1964,1966,1968-1971,1973-1976,1978-1989,1991,1993,1996-1998
name=unknown_C
#
# <colnr> <probs for GDERKNQSTAVLIFYWHMCP>
#	G	D	E	R	K	N	Q	S	T	A	V	L	I	F	Y	W	H	M	C	P
0	0.00646	0.00370	0.16567	0.00023	0.03934	0.01080	0.10339	0.01761	0.05727	0.03439	0.21815	0.06776	0.16814	0.00842	0.00928	3.8e-05	9.9e-05	0.08906	8.7e-05	0.00012
1	0.00018	0.00013	0.00982	0.00454	0.00973	0.00013	0.00347	0.00023	0.01606	0.04676	0.02283	0.06252	0.05654	0.02625	0.00015	4.7e-05	0.00320	0.71553	9.7e-05	0.02178
2	0.00584	0.00014	0.00018	0.00981	0.00021	0.00013	0.00013	0.00553	0.02250	0.35464	0.43982	0.06992	0.03002	0.00438	0.00501	3.6e-05	0.00970	0.03462	0.00323	0.00416
3	0.01707	0.01219	0.00027	0.02738	0.05100	0.13080	0.00444	0.08249	0.60640	0.02491	0.00035	0.00448	0.00026	0.00013	0.00010	3.3e-05	0.00011	0.00353	9.4e-05	0.03397
4	0.00717	0.00015	0.00940	0.00020	0.05917	0.00522	0.09454	0.00026	0.00026	0.16273	0.09650	0.04915	0.43839	0.00332	0.00012	3.5e-05	8e-05	0.03236	9.6e-05	0.04085
5	0.04181	0.01019	0.00534	0.00025	0.00031	0.68120	0.00019	0.03344	0.20622	0.00506	0.00023	0.00024	0.00536	0.00012	9.9e-05	3e-05	0.00539	8e-05	6.8e-05	0.00437
6	0.00027	0.14180	0.04522	0.00898	0.00379	0.01094	0.64145	0.04033	0.02656	0.04484	0.00335	0.00316	0.00018	0.00010	0.00012	3.4e-05	0.01570	0.01299	6e-05	0.00014
7	0.00275	0.02594	0.12762	0.05828	0.00860	0.01974	0.02221	0.24804	0.10273	0.04226	0.14722	0.01308	0.04332	0.05789	0.01228	3.8e-05	0.00256	0.01489	8.7e-05	0.05049
8	0.00014	0.00010	0.00012	0.00013	0.00015	9.1e-05	9.5e-05	0.00016	0.00023	0.02232	0.09605	0.50288	0.34182	0.00555	0.00013	4e-05	5.9e-05	0.01991	0.00991	9.1e-05
9	0.02865	0.73787	0.03005	0.00020	0.00696	0.03889	0.00019	0.10398	0.02853	0.01103	0.00017	0.00019	0.00015	9.8e-05	7.6e-05	2.5e-05	0.00012	6.5e-05	5.6e-05	0.01271
10	0.02433	0.10562	0.11759	0.01607	0.08115	0.01166	0.16218	0.02073	0.01242	0.14144	0.02764	0.05080	0.03127	0.12608	0.04313	4.8e-05	0.00978	0.01246	7.2e-05	0.00552
11	0.00919	0.43664	0.42221	0.00025	0.02200	0.00726	0.00441	0.02476	0.00688	0.03307	0.00300	0.00021	0.00015	9.9e-05	8.7e-05	2.8e-05	0.00324	0.00500	5.1e-05	0.02146
12	0.00025	0.00784	0.02554	0.00402	0.01081	0.00521	0.03950	0.03146	0.61281	0.05288	0.04730	0.06068	0.06051	0.00017	0.00976	3.7e-05	0.00247	0.02546	0.00315	0.00015
13	0.00406	0.00015	0.00019	0.00016	0.00022	0.00013	0.00494	0.01242	0.00398	0.52106	0.03128	0.11320	0.24688	0.03087	0.00013	3.7e-05	7.8e-05	0.02561	0.00448	0.00014
14	0.02083	0.00833	0.44299	0.01442	0.03408	0.02022	0.12781	0.06636	0.06644	0.07976	0.02666	0.02912	0.01313	0.00601	0.00011	3.5e-05	0.00628	0.03471	0.00255	0.00015
15	0.00959	0.00827	0.07546	0.00679	0.03658	0.01093	0.01804	0.00555	0.03320	0.01496	0.02905	0.51020	0.19475	0.00570	0.00268	4e-05	7.8e-05	0.03797	9.1e-05	0.00010
16	0.00014	0.00010	0.00013	0.00013	0.00015	9.3e-05	9.5e-05	0.00017	0.00025	0.01240	0.33310	0.35466	0.27851	0.00788	0.00533	3.9e-05	5.8e-05	0.00657	0.00010	9.3e-05
17	0.12258	0.00017	0.00021	0.00017	0.00024	0.00634	0.00014	0.02302	0.01402	0.60667	0.12596	0.00624	0.01854	0.00344	0.00010	3.3e-05	8.2e-05	0.01757	0.05433	0.00015
18	0.03194	0.10866	0.40187	0.01084	0.03467	0.01821	0.01487	0.06214	0.04038	0.10655	0.03772	0.07496	0.01661	0.00014	0.00010	3.3e-05	0.00249	0.03309	7.1e-05	0.00464
19	0.00508	0.15900	0.69311	0.00385	0.02659	0.00999	0.01115	0.01360	0.00828	0.03114	0.00921	0.01019	0.00016	0.00011	0.00010	3.2e-05	0.01812	8.1e-05	5.1e-05	0.00015
20	0.00015	0.00011	0.00318	0.00363	0.00016	0.00011	0.00300	0.00018	0.00019	0.00716	0.01064	0.17010	0.01810	0.36966	0.24406	0.00335	0.00342	0.15876	0.00396	8.3e-05
21	0.71731	0.08105	0.05071	0.00018	0.00872	0.10373	0.00719	0.00643	0.00020	0.00042	0.00015	0.00018	0.00012	0.00010	7.8e-05	3.2e-05	0.02315	6.1e-05	6.1e-05	0.00012
22	0.00019	0.00015	0.00019	0.02228	0.00991	0.00361	0.00014	0.00702	0.00445	0.04667	0.17614	0.02592	0.14270	0.10027	0.14291	0.02273	0.23947	0.01297	0.04218	0.00010
23	0.00266	0.06853	0.25080	0.03172	0.20296	0.08353	0.02394	0.01233	0.11449	0.01870	0.03987	0.04952	0.05728	0.00013	0.00330	3.3e-05	0.00432	0.00457	6.7e-05	0.03125
24	0.00941	0.00013	0.00016	0.00014	0.00018	0.00012	0.00011	0.00584	0.03298	0.12568	0.50281	0.04711	0.13747	0.03936	0.00740	3.7e-05	6.3e-05	0.00342	0.03933	0.04828
25	0.00252	0.02788	0.33339	0.04748	0.17059	0.02221	0.09059	0.03497	0.05282	0.00565	0.08255	0.03978	0.05131	0.00558	0.00319	3.5e-05	0.02495	0.00427	6.4e-05	0.00014
26	0.00020	0.01253	0.08840	0.11692	0.10899	0.01154	0.05370	0.00659	0.04059	0.04593	0.15174	0.10681	0.11815	0.04547	0.01782	0.01146	0.00821	0.02400	0.00282	0.02814
27	0.01265	0.02298	0.16623	0.03351	0.12897	0.00218	0.04123	0.02290	0.01801	0.09026	0.33784	0.01258	0.04011	0.00317	0.01143	3.5e-05	0.00761	0.01176	0.00522	0.03133
28	0.02258	0.06374	0.15440	0.02316	0.08498	0.04143	0.03199	0.27180	0.04279	0.05950	0.10989	0.01754	0.03611	0.00590	0.00523	3.3e-05	0.00216	0.00496	8.3e-05	0.02171

[dist]
# distance from previous block
# <min> <max>
14	49

[block]
# block no. 3 follows, 3269 sequences, length 29
# corresponding to MSA columns:
# 2098-2126
name=unknown_D
#
# <colnr> <probs for GDERKNQSTAVLIFYWHMCP>
#	G	D	E	R	K	N	Q	S	T	A	V	L	I	F	Y	W	H	M	C	P
0	0.00343	0.00015	0.03351	0.03923	0.04498	0.00244	0.04136	0.02325	0.02486	0.08410	0.01143	0.56957	0.01345	0.00693	0.01420	0.00611	0.00366	0.07025	0.00212	0.00497
1	0.00533	0.02544	0.15948	0.02901	0.15126	0.00019	0.09645	0.01934	0.04762	0.03455	0.26322	0.05537	0.08376	0.01013	0.00012	3.5e-05	0.00366	0.00643	8.1e-05	0.00852
2	0.00913	0.01172	0.17094	0.02435	0.05001	0.01606	0.01970	0.13784	0.10917	0.05114	0.02455	0.02906	0.02333	0.00614	0.00255	0.00778	0.02516	0.00441	7.6e-05	0.27689
3	0.00020	0.00019	0.00032	0.91567	0.04676	0.00023	0.00029	0.00027	0.00636	0.00028	0.00020	0.01475	0.00015	0.00011	0.00011	3.5e-05	0.00604	9.7e-05	0.00780	0.00012
4	0.00472	0.00512	0.00023	0.00017	0.00026	0.00464	0.00014	0.02544	0.00025	0.28333	0.00431	0.00027	0.00019	9.9e-05	9.1e-05	0.01007	8.3e-05	7.7e-05	0.00742	0.65310
5	0.00023	0.00019	0.00022	0.00016	0.00025	0.00014	0.00013	0.01098	0.00023	0.04842	0.00020	0.00023	0.00016	8.2e-05	8e-05	1.7e-05	7.9e-05	6.6e-05	0.00941	0.92871
6	0.00015	0.00011	0.00014	0.00013	0.00016	0.00010	9.9e-05	0.00020	0.00919	0.00924	0.84820	0.00081	0.13063	0.00022	0.00012	3.4e-05	5.1e-05	0.00019	0.00011	0.00010
7	0.00015	0.00011	0.00014	0.00013	0.00016	9.9e-05	9.8e-05	0.00019	0.00029	0.00041	0.88125	0.00082	0.11531	0.00022	0.00013	3.4e-05	5e-05	0.00020	0.00011	9.9e-05
8	0.00026	0.00022	0.00024	0.00021	0.00027	0.00026	0.00016	0.01536	0.92123	0.01497	0.02398	0.00040	0.00034	0.00014	0.00011	3.6e-05	8.3e-05	0.00012	0.02144	0.00017
9	0.00014	0.00011	0.00012	0.00012	0.00015	9.5e-05	9e-05	0.00018	0.00027	0.01481	0.43560	0.00091	0.53433	0.01245	0.00013	3.6e-05	5.3e-05	0.00021	0.00011	9.5e-05
10	0.00017	0.00012	0.00017	0.00019	0.00022	0.00012	0.00017	0.00022	0.00024	0.00032	0.00056	0.02527	0.00061	0.00029	0.00015	4.9e-05	9.7e-05	0.97083	9.8e-05	9.7e-05
11	0.99702	0.00021	0.00016	0.00014	0.00021	0.00024	0.00011	0.00031	0.00018	0.00048	0.00015	0.00017	0.00011	9.8e-05	6.6e-05	3.3e-05	8.2e-05	5.7e-05	6.6e-05	0.00011
12	0.00023	0.00023	0.00032	0.00028	0.00028	0.00032	0.00023	0.00026	0.00016	0.00026	0.00014	0.00023	0.00014	0.00019	0.00035	4.6e-05	0.99608	9.3e-05	4.6e-05	0.00012
13	0.00015	0.00011	0.00014	0.00013	0.00016	0.00010	0.00010	0.00020	0.00030	0.00043	0.99555	0.00079	0.00100	0.00022	0.00013	3.3e-05	5e-05	0.00019	0.00012	0.00010
14	0.00029	0.97856	0.00055	0.00018	0.00027	0.01819	0.00018	0.00032	0.00022	0.00025	0.00015	0.00017	0.00014	9.1e-05	6.9e-05	2.3e-05	0.00011	5.7e-05	4.6e-05	0.00014
15	0.00023	0.00023	0.00032	0.00028	0.00028	0.00032	0.00023	0.00026	0.00016	0.00026	0.00014	0.00023	0.00014	0.00019	0.00035	4.6e-05	0.99608	9.3e-05	4.6e-05	0.00012
16	0.99702	0.00021	0.00016	0.00014	0.00021	0.00024	0.00011	0.00031	0.00018	0.00048	0.00015	0.00017	0.00011	9.8e-05	6.6e-05	3.3e-05	8.2e-05	5.7e-05	6.6e-05	0.00011
17	0.00026	0.00025	0.00043	0.00065	0.99561	0.00025	0.00033	0.00033	0.00024	0.00035	0.00020	0.00026	0.00017	9.5e-05	0.00011	3.2e-05	0.00013	9.5e-05	5.3e-05	0.00017
18	0.00026	0.00023	0.00024	0.00022	0.00028	0.00026	0.00017	0.00056	0.99542	0.00044	0.00043	0.00040	0.00032	0.00014	0.00011	3.6e-05	8.4e-05	0.00012	0.00011	0.00017
19	0.00034	0.00027	0.00031	0.08936	0.06725	0.00030	0.00021	0.62049	0.20662	0.00056	0.00028	0.00678	0.00021	0.00013	0.00011	3.3e-05	0.00011	0.00010	0.00636	0.00017
20	0.00013	9.7e-05	0.00013	0.00015	0.00016	9.1e-05	0.00010	0.00016	0.02885	0.00028	0.00933	0.93355	0.02593	0.00032	0.00013	4.3e-05	6.2e-05	0.00029	9.9e-05	8.9e-05
21	0.00013	9.2e-05	0.00012	0.00015	0.00015	8.6e-05	9.8e-05	0.00015	0.00020	0.00027	0.00058	0.99620	0.00070	0.00033	0.00014	4.3e-05	6.2e-05	0.00030	9.8e-05	8.6e-05
22	0.00029	0.95221	0.00055	0.00018	0.00027	0.00042	0.00018	0.04440	0.00023	0.00027	0.00015	0.00017	0.00014	9.2e-05	7e-05	2.3e-05	0.00011	5.8e-05	4.8e-05	0.00014
23	0.00031	0.00018	0.00024	0.05495	0.04497	0.00870	0.00562	0.08653	0.12458	0.33855	0.06116	0.00321	0.00030	0.00650	0.23888	6.7e-05	0.01859	0.00011	0.00641	0.00015
24	0.00013	0.00010	0.00011	0.00012	0.00015	8.9e-05	8.5e-05	0.00015	0.00023	0.00028	0.01370	0.19029	0.77541	0.01082	0.00013	3.8e-05	5.6e-05	0.00791	9.8e-05	8.9e-05
25	0.00020	0.00019	0.00033	0.93142	0.02120	0.00024	0.04437	0.00028	0.00021	0.00028	0.00019	0.00028	0.00014	0.00011	0.00011	3.5e-05	0.00014	9.6e-05	4.8e-05	0.00012
26	0.01141	0.03763	0.05630	0.11796	0.25381	0.20952	0.05118	0.12078	0.01775	0.01068	0.00375	0.00373	0.00016	0.00296	0.00013	3.3e-05	0.09928	0.00273	6e-05	0.00014
27	0.00034	0.00024	0.03504	0.00022	0.02012	0.00024	0.00566	0.20920	0.44154	0.24150	0.00041	0.00038	0.04436	0.00014	0.00011	3.4e-05	9.5e-05	0.00011	0.00011	0.00017
28	0.00780	0.11623	0.00400	0.15577	0.30453	0.29902	0.00681	0.02987	0.00596	0.00643	0.00018	0.00023	0.00015	0.00011	0.00011	3.1e-05	0.06250	8.2e-05	5.4e-05	0.00014

[dist]
# distance from previous block
# <min> <max>
1	6

[block]
# block no. 4 follows, 3269 sequences, length 18
# corresponding to MSA columns:
# 2135-2152
name=unknown_E
#
# <colnr> <probs for GDERKNQSTAVLIFYWHMCP>
#	G	D	E	R	K	N	Q	S	T	A	V	L	I	F	Y	W	H	M	C	P
0	0.02460	0.00018	0.01924	0.02266	0.00026	0.00808	0.00688	0.02299	0.18860	0.42016	0.16033	0.01425	0.09419	0.00016	0.00011	0.00495	0.00417	0.00793	0.00011	0.00015
1	0.04979	0.07004	0.13345	0.01704	0.04795	0.00590	0.02836	0.18950	0.03695	0.34757	0.00520	0.01728	0.00425	0.01127	0.00333	3.4e-05	0.01879	0.00964	9.3e-05	0.00357
2	0.63734	0.01037	0.00605	0.04636	0.04209	0.01805	0.01217	0.07304	0.07163	0.02040	0.00378	0.00371	0.00359	0.00011	0.00621	3.4e-05	0.03709	0.00355	0.00428	0.00013
3	0.00021	0.00055	0.99572	0.00030	0.00046	0.00025	0.00039	0.00034	0.00022	0.00034	0.00019	0.00022	0.00013	0.00010	0.00010	3.4e-05	0.00016	7.8e-05	4.5e-05	0.00016
4	0.00043	0.00482	0.01430	0.00020	0.01508	0.00017	0.00016	0.07303	0.00587	0.78538	0.00909	0.00631	0.00493	0.03014	0.00489	3.5e-05	0.01464	0.00763	0.00012	0.02276
5	0.96923	0.00021	0.00016	0.00014	0.00021	0.00024	0.00012	0.02806	0.00019	0.00048	0.00015	0.00017	0.00012	9.9e-05	6.7e-05	3.3e-05	8.3e-05	5.9e-05	6.7e-05	0.00012
6	0.95253	0.00021	0.00016	0.02271	0.00022	0.00024	0.00012	0.02217	0.00019	0.00048	0.00015	0.00018	0.00012	9.9e-05	6.7e-05	3.3e-05	8.4e-05	5.9e-05	6.6e-05	0.00012
7	0.00013	0.00011	0.00011	0.00011	0.00015	9e-05	8.3e-05	0.00015	0.00024	0.00029	0.01959	0.00102	0.95835	0.00027	0.00013	3.6e-05	5.4e-05	0.01891	9.9e-05	9e-05
8	0.00026	0.00023	0.00024	0.00022	0.00028	0.00026	0.00017	0.00056	0.99542	0.00044	0.00043	0.00040	0.00032	0.00014	0.00011	3.6e-05	8.4e-05	0.00012	0.00011	0.00017
9	0.00025	0.00029	0.00063	0.00045	0.00055	0.00027	0.99522	0.00034	0.00025	0.00034	0.00021	0.00029	0.00016	8.9e-05	0.00013	3.6e-05	0.00018	0.00013	5.4e-05	0.00014
10	0.02241	0.00024	0.00685	0.02672	0.02182	0.01873	0.00615	0.01688	0.00583	0.03740	0.00016	0.00024	0.00015	0.00017	0.00031	4.4e-05	0.82942	9.3e-05	0.00627	0.00012
11	0.00013	0.00011	0.00011	0.00011	0.00015	9.3e-05	8.4e-05	0.00016	0.01459	0.00029	0.03110	0.00101	0.93631	0.00027	0.00013	3.6e-05	5.5e-05	0.01507	9.9e-05	9.1e-05
12	0.94052	0.00021	0.00016	0.00014	0.00021	0.00024	0.00012	0.01439	0.02632	0.01669	0.00016	0.00018	0.00012	0.00010	6.8e-05	3.3e-05	8.3e-05	6e-05	6.8e-05	0.00012
13	0.00047	0.00019	0.00025	0.00019	0.00027	0.00016	0.00016	0.04331	0.00031	0.95288	0.00041	0.00036	0.00026	0.00013	0.00011	3.3e-05	9.1e-05	0.00011	0.00013	0.00018
14	0.00017	0.00013	0.00018	0.00018	0.00020	0.00015	0.00014	0.06254	0.00019	0.00027	0.00028	0.00041	0.00026	0.01714	0.89921	0.00016	0.01813	0.00011	6e-05	0.0001
15	0.01149	0.00841	0.02785	0.01685	0.01408	0.02301	0.45899	0.03122	0.07287	0.00621	0.03314	0.00376	0.00435	0.00015	0.02091	4.1e-05	0.21430	0.04880	0.00344	0.00013
16	0.00016	0.00011	0.00014	0.00013	0.00016	0.00011	0.00010	0.00021	0.03908	0.01629	0.78354	0.01883	0.14029	0.00022	0.00012	3.4e-05	5.3e-05	0.00019	0.00011	0.00010
17	0.00731	0.08241	0.35668	0.04564	0.14373	0.03678	0.04310	0.03172	0.14068	0.01950	0.03254	0.00774	0.00634	0.00404	0.00011	0.00443	0.02216	0.00942	6.3e-05	0.00560

[dist]
# distance from previous block
# <min> <max>
4	12

[block]
# block no. 5 follows, 3269 sequences, length 65
# corresponding to MSA columns:
# 2172-2184,2192,2200-2236,2245-2258
name=unknown_F
#
# <colnr> <probs for GDERKNQSTAVLIFYWHMCP>
#	G	D	E	R	K	N	Q	S	T	A	V	L	I	F	Y	W	H	M	C	P
0	0.00492	0.01546	0.06076	0.05451	0.34374	0.01704	0.03916	0.04237	0.04013	0.04306	0.05052	0.05365	0.03401	0.00537	0.00297	0.02650	0.00430	0.11569	7.3e-05	0.04576
1	0.00013	0.00011	0.00011	0.00011	0.00015	9.1e-05	8.5e-05	0.00016	0.00025	0.00520	0.15196	0.05468	0.78179	0.00026	0.00013	3.6e-05	5.4e-05	0.00448	0.00010	9.1e-05
2	0.00027	0.00022	0.00024	0.00021	0.00027	0.00025	0.00016	0.06653	0.80338	0.04258	0.08059	0.00042	0.00037	0.00015	0.00011	3.5e-05	8.4e-05	0.00012	0.00385	0.00016
3	0.00015	0.00010	0.00012	0.00012	0.00012	0.00010	6.5e-05	0.00015	0.00016	0.00021	0.00777	0.01002	0.00039	0.97950	0.00053	0.00010	0.00010	0.00016	6.5e-05	6.5e-05
4	0.00013	9.7e-05	0.00012	0.00014	0.00015	8.8e-05	9.4e-05	0.00015	0.00021	0.00028	0.02202	0.71760	0.25113	0.00351	0.00013	4.1e-05	6e-05	0.00386	9.9e-05	8.7e-05
5	0.00028	0.99634	0.00056	0.00018	0.00027	0.00042	0.00018	0.00032	0.00022	0.00025	0.00015	0.00017	0.00014	9.1e-05	6.8e-05	2.3e-05	0.00011	5.7e-05	4.5e-05	0.00014
6	0.00026	0.00023	0.00024	0.00022	0.00028	0.00026	0.00017	0.00056	0.99542	0.00044	0.00043	0.00040	0.00032	0.00014	0.00011	3.6e-05	8.4e-05	0.00012	0.00011	0.00017
7	0.00022	0.00019	0.00022	0.00016	0.00025	0.00014	0.00013	0.00027	0.00022	0.00035	0.00019	0.00022	0.00016	7.9e-05	7.9e-05	1.6e-05	7.9e-05	6.3e-05	6.3e-05	0.99692
8	0.99702	0.00021	0.00016	0.00014	0.00021	0.00024	0.00011	0.00031	0.00018	0.00048	0.00015	0.00017	0.00011	9.8e-05	6.6e-05	3.3e-05	8.2e-05	5.7e-05	6.6e-05	0.00011
9	0.00023	0.00023	0.00032	0.00028	0.00028	0.00032	0.00023	0.00026	0.00016	0.00026	0.00014	0.00023	0.00014	0.00019	0.00035	4.6e-05	0.99608	9.3e-05	4.6e-05	0.00012
10	0.00031	0.00041	0.60791	0.00026	0.00039	0.00021	0.00743	0.01594	0.00026	0.36543	0.00028	0.00028	0.00018	0.00011	0.00010	3.3e-05	0.00013	8.9e-05	7.8e-05	0.00017
11	0.00047	0.00018	0.00025	0.00019	0.00027	0.00016	0.00016	0.00604	0.00828	0.98218	0.00042	0.00036	0.00026	0.00013	0.00011	3.3e-05	9e-05	0.00011	0.00013	0.00018
12	0.00015	0.00010	0.00012	0.00012	0.00012	0.00010	6.4e-05	0.00015	0.00015	0.00021	0.00033	0.00069	0.00039	0.99627	0.00054	0.00010	0.00010	0.00015	6.4e-05	6.4e-05
13	0.00658	0.00786	0.00025	0.00022	0.00028	0.00027	0.00017	0.11496	0.83584	0.01597	0.00040	0.00038	0.00030	0.00015	0.01584	3.7e-05	9.1e-05	0.00012	0.00011	0.00017
14	0.00437	0.00602	0.09733	0.00518	0.02214	0.01368	0.05767	0.16825	0.04205	0.55092	0.00035	0.00399	0.00024	0.00013	0.00011	3.3e-05	0.00425	0.02302	0.00011	0.00017
15	0.00017	0.00012	0.00017	0.00019	0.00022	0.00012	0.00017	0.00022	0.00024	0.00032	0.00057	0.01845	0.00849	0.00029	0.00015	4.9e-05	9.7e-05	0.96977	9.8e-05	9.7e-05
16	0.00020	0.00019	0.00032	0.99602	0.00073	0.00024	0.00029	0.00027	0.00021	0.00027	0.00019	0.00028	0.00014	0.00011	0.00011	3.5e-05	0.00014	9.4e-05	4.7e-05	0.00012
17	0.00045	0.00020	0.00174	0.00021	0.00644	0.02271	0.02605	0.09630	0.00677	0.79921	0.00236	0.00538	0.00367	0.00536	0.00011	3.3e-05	9.8e-05	0.02262	0.00012	0.00017
18	0.00020	0.00019	0.00032	0.99602	0.00073	0.00024	0.00029	0.00027	0.00021	0.00027	0.00019	0.00028	0.00014	0.00011	0.00011	3.5e-05	0.00014	9.4e-05	4.7e-05	0.00012
19	0.98848	0.00021	0.00016	0.00014	0.00021	0.00024	0.00012	0.00884	0.00018	0.00048	0.00015	0.00017	0.00012	9.9e-05	6.6e-05	3.3e-05	8.2e-05	5.8e-05	6.6e-05	0.00012
20	0.00046	0.00018	0.00025	0.00019	0.00027	0.00016	0.00016	0.01548	0.04884	0.92243	0.01016	0.00037	0.00027	0.00013	0.00011	3.3e-05	9e-05	0.00011	0.00013	0.00018
21	0.00494	0.03823	0.03947	0.06173	0.29154	0.09575	0.39215	0.04805	0.00527	0.00671	0.00175	0.00235	0.00017	0.00128	0.00011	3.3e-05	0.00232	0.00794	5.6e-05	0.00015
22	0.00023	0.00014	0.00017	0.00015	0.00019	0.00013	0.00012	0.06502	0.01335	0.21143	0.51529	0.02783	0.15100	0.00020	0.00012	3.4e-05	6.5e-05	0.00707	0.00735	0.00012
23	0.00498	0.00023	0.00024	0.00022	0.00028	0.00026	0.00017	0.00531	0.97307	0.01334	0.00043	0.00039	0.00032	0.00014	0.00011	3.6e-05	8.4e-05	0.00012	0.00011	0.00017
24	0.00028	0.98733	0.00055	0.00018	0.00027	0.00042	0.00018	0.00032	0.00022	0.00025	0.00015	0.00017	0.00014	9.2e-05	7.1e-05	2.3e-05	0.00912	5.7e-05	4.5e-05	0.00014
25	0.00013	0.00011	0.00011	0.00011	0.00015	9.1e-05	8.4e-05	0.00016	0.00306	0.00030	0.09808	0.03530	0.85252	0.00310	0.00013	3.6e-05	5.4e-05	0.00628	0.00010	9.1e-05
26	0.00028	0.00015	0.00019	0.00016	0.00021	0.00014	0.00013	0.00648	0.08339	0.36273	0.51424	0.00060	0.02014	0.00018	0.00012	3.3e-05	6.8e-05	0.00015	0.01050	0.00014
27	0.00014	0.00011	0.00012	0.00012	0.00015	9.4e-05	8.9e-05	0.00017	0.00027	0.00034	0.40136	0.00809	0.58808	0.00025	0.00013	3.5e-05	5.2e-05	0.00021	0.00011	9.4e-05
28	0.00013	9.6e-05	0.00012	0.00014	0.00015	8.7e-05	9.5e-05	0.00015	0.00021	0.00028	0.01266	0.77700	0.20787	0.00032	0.00013	4.1e-05	6e-05	0.00028	9.9e-05	8.7e-05
29	0.00015	0.00011	0.00014	0.00013	0.00016	9.9e-05	9.9e-05	0.00020	0.00030	0.00376	0.90670	0.00494	0.07880	0.00022	0.00013	3.4e-05	5.1e-05	0.00379	0.00012	9.9e-05
30	0.00015	0.00011	0.00014	0.00013	0.00016	9.9e-05	9.8e-05	0.00020	0.00029	0.00472	0.85212	0.02066	0.11240	0.00022	0.00012	3.4e-05	5.1e-05	0.00020	0.00801	9.9e-05
31	0.00047	0.00018	0.00025	0.00019	0.00027	0.00016	0.00016	0.02101	0.00031	0.97518	0.00042	0.00036	0.00026	0.00013	0.00011	3.3e-05	9.1e-05	0.00011	0.00013	0.00018
32	0.00699	0.00018	0.00025	0.00019	0.00027	0.00016	0.00016	0.01937	0.00031	0.95551	0.01146	0.00037	0.00402	0.00013	0.00011	3.3e-05	9e-05	0.00011	0.00013	0.00018
33	0.00028	0.95106	0.00054	0.00018	0.00027	0.03033	0.00018	0.00032	0.00022	0.00025	0.00697	0.00018	0.00866	9.4e-05	7e-05	2.3e-05	0.00011	5.9e-05	4.7e-05	0.00014
34	0.00028	0.96985	0.01971	0.00018	0.00028	0.00773	0.00019	0.00032	0.00022	0.00025	0.00015	0.00017	0.00014	9.1e-05	6.9e-05	2.3e-05	0.00011	5.7e-05	4.5e-05	0.00014
35	0.82477	0.03311	0.01189	0.00016	0.00245	0.01440	0.01265	0.06908	0.00021	0.02261	0.00016	0.00019	0.00013	0.00010	7.1e-05	3.2e-05	8.9e-05	6.3e-05	0.00771	0.00012
36	0.00015	0.00011	0.00014	0.00013	0.00016	9.9e-05	9.9e-05	0.00020	0.00029	0.00977	0.85518	0.01913	0.10405	0.00022	0.00013	3.4e-05	5.1e-05	0.00541	0.00455	9.9e-05
37	0.00018	0.00014	0.00021	0.03712	0.11008	0.00014	0.02166	0.00024	0.00024	0.00032	0.00050	0.00104	0.00053	0.00026	0.00014	4.6e-05	0.00010	0.82682	9e-05	0.00011
38	0.00022	0.01304	0.00813	0.00199	0.00026	0.00015	0.02996	0.00027	0.00609	0.00623	0.00020	0.00531	0.00016	8.2e-05	8.1e-05	1.7e-05	8.3e-05	0.00465	6.3e-05	0.92300
39	0.00025	0.00028	0.00062	0.00686	0.00055	0.00027	0.97277	0.00034	0.01629	0.00034	0.00022	0.00029	0.00016	9e-05	0.00012	3.6e-05	0.00018	0.00012	5.4e-05	0.00014
40	0.00027	0.00023	0.00024	0.00022	0.00028	0.00026	0.00017	0.00754	0.96929	0.01960	0.00043	0.00039	0.00032	0.00014	0.00011	3.6e-05	8.4e-05	0.00012	0.00011	0.00017
41	0.00017	0.00016	0.03921	0.06602	0.17028	0.00014	0.00605	0.00022	0.00314	0.01533	0.23165	0.04980	0.41505	0.00021	0.00012	3.5e-05	7.7e-05	0.00215	9e-05	0.00011
42	0.00021	0.00055	0.99572	0.00030	0.00046	0.00025	0.00039	0.00034	0.00022	0.00034	0.00019	0.00022	0.00013	0.00010	0.00010	3.4e-05	0.00016	7.8e-05	4.5e-05	0.00016
43	0.00046	0.00019	0.00025	0.00019	0.00027	0.00017	0.00016	0.09115	0.00032	0.88847	0.01695	0.00036	0.00027	0.00013	0.00011	3.3e-05	9.2e-05	0.00011	0.00013	0.00018
44	0.00013	0.00011	0.00011	0.00011	0.00015	9e-05	8.4e-05	0.00016	0.00024	0.00029	0.06603	0.10076	0.81810	0.00650	0.00308	3.7e-05	5.5e-05	0.00378	9.9e-05	9e-05
45	0.00035	0.08050	0.03518	0.01334	0.07185	0.45690	0.12370	0.13603	0.00223	0.04519	0.00172	0.00189	0.00016	0.00011	0.00011	3e-05	0.02886	0.00163	6.4e-05	0.00014
46	0.00023	0.00023	0.00032	0.00028	0.00028	0.00032	0.00674	0.00026	0.00016	0.00398	0.00015	0.00381	0.00554	0.00385	0.00663	4.7e-05	0.96692	9.5e-05	4.7e-05	0.00012
47	0.00045	0.00018	0.00024	0.00019	0.00027	0.00016	0.00016	0.05294	0.02324	0.87245	0.02274	0.00037	0.01193	0.00013	0.00011	3.3e-05	9e-05	0.00011	0.01402	0.00018
48	0.00153	0.00025	0.00199	0.11976	0.66044	0.00294	0.17453	0.00793	0.00434	0.00547	0.00587	0.00265	0.00144	9.9e-05	0.00011	3.3e-05	0.00139	0.00902	5.4e-05	0.00016
49	0.00044	0.01478	0.04699	0.00020	0.00791	0.00532	0.00163	0.05361	0.01667	0.81780	0.01317	0.00899	0.00852	0.00013	0.00011	3.3e-05	0.00329	0.00011	0.00012	0.00018
50	0.01615	0.00018	0.00024	0.00019	0.00027	0.00016	0.00016	0.02448	0.00030	0.94057	0.00563	0.00036	0.00026	0.01039	0.00011	3.4e-05	9.1e-05	0.00011	0.00013	0.00018
51	0.45816	0.08549	0.09682	0.00488	0.10975	0.19257	0.03026	0.00961	0.00022	0.00316	0.00016	0.00020	0.00013	0.00010	8.4e-05	3.1e-05	0.00809	6.9e-05	5.8e-05	0.00013
52	0.00017	0.00012	0.00015	0.00014	0.01101	0.00011	0.00011	0.00574	0.02925	0.02869	0.85690	0.00977	0.03351	0.00021	0.00012	3.4e-05	5.4e-05	0.01222	0.01159	0.00011
53	0.00185	0.00188	0.01273	0.00251	0.00472	0.00015	0.01278	0.02503	0.00777	0.00035	0.00019	0.00023	0.00190	8.2e-05	8.1e-05	1.7e-05	0.00166	0.00183	6.4e-05	0.92417
54	0.00013	0.00011	0.00012	0.00013	0.00016	9.5e-05	9.5e-05	0.00017	0.00649	0.00030	0.08714	0.10800	0.67473	0.00393	0.00013	3.8e-05	6e-05	0.11801	0.0001	9.1e-05
55	0.00014	0.00011	0.00012	0.00012	0.00015	9.4e-05	8.9e-05	0.00017	0.00026	0.00034	0.37000	0.02373	0.59608	0.00025	0.00013	3.5e-05	5.3e-05	0.00793	0.00011	9.3e-05
56	0.00015	0.00011	0.00014	0.00013	0.00015	0.00010	9.5e-05	0.00019	0.00337	0.00309	0.80691	0.00608	0.07064	0.10819	0.00017	4.1e-05	5.6e-05	0.00019	0.00011	9.6e-05
57	0.00047	0.00018	0.00024	0.00019	0.00027	0.00015	0.00015	0.00051	0.00030	0.96190	0.01387	0.00037	0.00027	0.01547	0.00011	3.4e-05	9e-05	0.00011	0.00515	0.00018
58	0.00014	0.00011	0.00012	0.00012	0.00015	9.6e-05	9.3e-05	0.00017	0.00026	0.00034	0.37990	0.04445	0.49207	0.02682	0.00252	3.8e-05	5.7e-05	0.04953	0.00291	9.3e-05
59	0.00039	0.00049	0.00030	0.00027	0.00033	0.94781	0.00020	0.00793	0.04081	0.00027	0.00018	0.00020	0.00014	0.00011	9.6e-05	2.8e-05	0.00019	7.1e-05	5.7e-05	0.00013
60	0.00026	0.00025	0.00043	0.00065	0.99561	0.00025	0.00033	0.00033	0.00024	0.00035	0.00020	0.00026	0.00017	9.5e-05	0.00011	3.2e-05	0.00013	9.5e-05	5.3e-05	0.00017
61	0.00015	0.00011	0.00013	0.00013	0.00016	0.00010	0.00010	0.00625	0.00533	0.01558	0.08782	0.00101	0.64845	0.00026	0.00013	3.8e-05	6.4e-05	0.21461	0.01947	9.5e-05
62	0.00028	0.99634	0.00056	0.00018	0.00027	0.00042	0.00018	0.00032	0.00022	0.00025	0.00015	0.00017	0.00014	9.1e-05	6.8e-05	2.3e-05	0.00011	5.7e-05	4.5e-05	0.00014
63	0.00025	0.00024	0.00040	0.03764	0.86832	0.00024	0.00030	0.00031	0.00236	0.00824	0.03405	0.04216	0.00265	0.00011	0.00011	3.2e-05	0.00226	0.00011	5.7e-05	0.00016
64	0.00023	0.01455	0.22282	0.00662	0.00762	0.00450	0.01364	0.02512	0.00512	0.01578	0.00791	0.01519	0.01014	9.7e-05	0.00264	2.3e-05	0.01264	0.00124	6.2e-05	0.63406

[dist]
# distance from previous block
# <min> <max>
4	18

[block]
# block no. 6 follows, 3269 sequences, length 7
# corresponding to MSA columns:
# 2282-2288
name=unknown_G
#
# <colnr> <probs for GDERKNQSTAVLIFYWHMCP>
#	G	D	E	R	K	N	Q	S	T	A	V	L	I	F	Y	W	H	M	C	P
0	0.01146	0.48411	0.18510	0.00024	0.01172	0.05119	0.10111	0.01557	0.05299	0.02252	0.01002	0.01125	0.00977	0.00011	9.1e-05	2.9e-05	0.00973	0.01319	5.6e-05	0.00976
1	0.00926	0.00976	0.01016	0.36217	0.39942	0.02853	0.01161	0.00959	0.00972	0.03967	0.00023	0.01350	0.00936	0.00926	0.00923	3.6e-05	0.04588	0.02242	5.7e-05	0.00014
2	0.00016	0.00011	0.00014	0.00013	0.00016	0.00010	9.9e-05	0.00021	0.03173	0.02900	0.62947	0.06947	0.23838	0.00023	0.00012	3.5e-05	5.4e-05	0.00020	0.00011	0.00010
3	0.00022	0.00021	0.01688	0.26382	0.46993	0.00022	0.01916	0.00029	0.02949	0.00032	0.01646	0.02176	0.02694	0.00015	0.03373	4e-05	0.01314	0.08703	6e-05	0.00014
4	0.10937	0.01171	0.11288	0.02625	0.01725	0.11823	0.26943	0.08327	0.09616	0.10586	0.01130	0.00030	0.01079	0.00011	0.00011	3.4e-05	0.01174	0.01500	7.3e-05	0.00015
5	0.03740	0.06630	0.47757	0.03102	0.01532	0.00026	0.28343	0.01480	0.01607	0.01986	0.01220	0.00026	0.00016	0.00010	0.00011	3.4e-05	0.01279	0.01209	5.3e-05	0.00015
6	0.00014	9.6e-05	0.00013	0.00015	0.00016	9e-05	9.9e-05	0.00016	0.00021	0.02155	0.02158	0.82120	0.02104	0.02728	0.00014	4.3e-05	6.3e-05	0.03014	0.05565	8.9e-05

[dist]
# distance from previous block
# <min> <max>
4	6

[block]
# block no. 7 follows, 3269 sequences, length 9
# corresponding to MSA columns:
# 2296-2301,2303-2305
name=unknown_H
#
# <colnr> <probs for GDERKNQSTAVLIFYWHMCP>
#	G	D	E	R	K	N	Q	S	T	A	V	L	I	F	Y	W	H	M	C	P
0	0.00014	0.00010	0.00013	0.00014	0.00015	9.6e-05	9.7e-05	0.00017	0.00024	0.00033	0.37756	0.33177	0.15782	0.06143	0.04807	4.8e-05	7e-05	0.02143	0.00010	9.1e-05
1	0.00017	0.00014	0.00017	0.00016	0.00019	0.04116	0.05383	0.01325	0.05362	0.01116	0.22453	0.16148	0.21730	0.13541	0.02045	4.9e-05	8.4e-05	0.06666	9.4e-05	9.9e-05
2	0.03326	0.02312	0.00022	0.00016	0.00024	0.00016	0.00013	0.11188	0.01554	0.11066	0.21267	0.01269	0.01605	0.00013	9.6e-05	2.5e-05	7.8e-05	0.00011	0.01625	0.44653
3	0.00022	0.01977	0.68807	0.00988	0.00989	0.01062	0.02168	0.00969	0.04018	0.02030	0.12523	0.01140	0.01315	0.00012	0.00011	3.3e-05	0.00013	0.00903	6.1e-05	0.01044
4	0.01069	0.21904	0.41710	0.00026	0.03114	0.02286	0.02106	0.06269	0.02658	0.16348	0.01388	0.00025	0.00018	0.00011	9.5e-05	3.1e-05	0.00013	8.3e-05	6.7e-05	0.01029
5	0.00019	0.01528	0.00016	0.00015	0.00016	0.01028	0.01240	0.00017	0.00017	0.02141	0.01106	0.02772	0.01084	0.03702	0.10956	0.63447	0.00011	0.10872	5.8e-05	6.6e-05
6	0.84233	0.08461	0.00021	0.00016	0.00023	0.00026	0.02788	0.04268	0.00020	0.00046	0.00015	0.00018	0.00012	9.9e-05	6.9e-05	3.2e-05	8.9e-05	6.1e-05	6.5e-05	0.00012
7	0.91256	0.00020	0.00016	0.00014	0.00021	0.00023	0.00012	0.00031	0.00018	0.00046	0.00015	0.00018	0.00012	9.7e-05	6.7e-05	3.1e-05	8.2e-05	5.8e-05	6.5e-05	0.08457
8	0.01182	0.47035	0.32102	0.00026	0.06377	0.02732	0.02132	0.03369	0.02468	0.01156	0.01323	0.00022	0.00016	9.9e-05	8.6e-05	2.8e-05	0.00013	7.3e-05	5.2e-05	0.00015

[dist]
# distance from previous block
# <min> <max>
0	2

[block]
# block no. 8 follows, 3269 sequences, length 28
# corresponding to MSA columns:
# 2308-2333,2335,2336
name=unknown_I
#
# <colnr> <probs for GDERKNQSTAVLIFYWHMCP>
#	G	D	E	R	K	N	Q	S	T	A	V	L	I	F	Y	W	H	M	C	P
0	0.00024	0.00020	0.00022	0.00019	0.00024	0.03534	0.00015	0.06396	0.51284	0.01771	0.19418	0.00048	0.03722	0.01063	0.09769	4.9e-05	0.02060	0.00013	0.00778	0.00014
1	0.00019	0.00020	0.06789	0.00023	0.00030	0.00016	0.25526	0.00024	0.00620	0.00755	0.05303	0.07466	0.25824	0.00019	0.00012	3.6e-05	0.00010	0.16132	8e-05	0.11400
2	0.00019	0.05691	0.03460	0.00015	0.00017	0.00353	0.00011	0.06413	0.02328	0.02396	0.03604	0.00459	0.01670	0.54093	0.03837	7.6e-05	0.00310	0.07403	0.07904	9.3e-05
3	0.00018	0.00014	0.00494	0.00294	0.00021	0.00013	0.10652	0.00769	0.01898	0.05499	0.62000	0.01229	0.10973	0.00634	0.00286	3.5e-05	0.00933	0.00450	0.03810	0.00011
4	0.01503	0.14837	0.29194	0.00742	0.06996	0.07341	0.01608	0.01610	0.00023	0.01468	0.00019	0.00941	0.00016	0.00533	0.01422	3e-05	0.05141	0.01104	0.00573	0.24928
5	0.01330	0.00011	0.00013	0.00013	0.00016	9.9e-05	9.5e-05	0.00019	0.00968	0.00037	0.56777	0.03449	0.35566	0.00024	0.00012	3.5e-05	5.3e-05	0.01079	0.00648	9.7e-05
6	0.00040	0.00029	0.00032	0.00024	0.00033	0.00032	0.00020	0.97236	0.00049	0.02357	0.00026	0.00026	0.00018	0.00013	0.00011	3.2e-05	0.00012	9.6e-05	0.00011	0.00018
7	0.01435	0.00018	0.00025	0.00019	0.00027	0.00016	0.00016	0.02101	0.00031	0.96133	0.00041	0.00036	0.00026	0.00013	0.00011	3.3e-05	9.1e-05	0.00011	0.00013	0.00018
8	0.00023	0.00022	0.00036	0.04199	0.68338	0.00022	0.00507	0.00029	0.01680	0.00461	0.01841	0.12140	0.04424	0.00014	0.00350	3.5e-05	0.05456	0.00432	6.2e-05	0.00015
9	0.00027	0.00314	0.02243	0.00894	0.21229	0.04136	0.15791	0.08716	0.31101	0.03790	0.01168	0.01815	0.00025	0.05580	0.00283	3.8e-05	0.00249	0.01191	8e-05	0.01434
10	0.65472	0.00330	0.00338	0.09000	0.13246	0.06765	0.00843	0.00761	0.00020	0.00357	0.00017	0.00365	0.00296	0.00010	8.3e-05	3.3e-05	0.01843	0.00306	6.2e-05	0.00012
11	0.00308	0.05846	0.18594	0.00405	0.05043	0.00875	0.15047	0.01327	0.18668	0.01782	0.01473	0.11983	0.13272	0.00246	0.00548	3.7e-05	0.00346	0.04211	7.8e-05	0.00013
12	0.67441	0.00029	0.00020	0.00018	0.00024	0.28342	0.00014	0.00034	0.00022	0.00939	0.00015	0.00018	0.00012	0.00010	8.3e-05	3.2e-05	0.03024	6.2e-05	6.3e-05	0.00012
13	0.00013	0.00010	0.00012	0.00012	0.00015	9.1e-05	8.9e-05	0.00016	0.00024	0.00031	0.16603	0.22277	0.59331	0.00027	0.00013	3.7e-05	5.6e-05	0.01569	0.00010	9.1e-05
14	0.00597	0.74113	0.10607	0.00391	0.01658	0.03356	0.01378	0.01909	0.01038	0.00840	0.00434	0.00019	0.00015	9.7e-05	0.00276	2.5e-05	0.00634	6.4e-05	4.9e-05	0.02713
15	0.03070	0.19768	0.37111	0.00583	0.12249	0.06986	0.04006	0.03761	0.03698	0.03829	0.00537	0.02630	0.00383	0.00261	0.00316	3.2e-05	0.00483	0.00305	5.8e-05	0.00015
16	0.00013	9.3e-05	0.00012	0.00015	0.00015	8.7e-05	9.8e-05	0.00015	0.00020	0.00027	0.00730	0.95894	0.01104	0.00655	0.00014	4.3e-05	6.2e-05	0.00790	0.00647	8.6e-05
17	0.00014	0.00011	0.03436	0.00016	0.00017	9.6e-05	0.00679	0.00016	0.00747	0.00504	0.00796	0.87123	0.03860	0.00032	0.00013	4.2e-05	6.6e-05	0.02698	9.7e-05	9.1e-05
18	0.00542	0.16824	0.78181	0.00028	0.00042	0.01385	0.01030	0.00571	0.00653	0.00625	0.00019	0.00022	0.00014	0.0001	9.5e-05	3.2e-05	0.00015	7.5e-05	4.6e-05	0.00015
19	0.01634	0.00020	0.00026	0.00842	0.13555	0.05068	0.03033	0.02501	0.09390	0.30977	0.01115	0.03596	0.01023	0.00270	0.00753	3.8e-05	0.00448	0.25391	0.00340	0.00014
20	0.00014	0.00011	0.00012	0.00012	0.00015	9.5e-05	9e-05	0.00017	0.00779	0.00034	0.35594	0.05810	0.56775	0.00025	0.00013	3.5e-05	5.3e-05	0.00842	0.00011	9.4e-05
21	0.00843	0.00012	0.00268	0.00250	0.00291	0.01267	0.02736	0.02775	0.00764	0.04859	0.03728	0.73604	0.05129	0.00308	0.00013	4.1e-05	0.00674	0.00864	0.01370	0.00241
22	0.00014	9.8e-05	0.00013	0.00015	0.00016	0.00459	0.00010	0.00016	0.01467	0.00574	0.02272	0.86533	0.06112	0.00675	0.00592	4.3e-05	6.4e-05	0.01194	9.9e-05	8.9e-05
23	0.00023	0.00361	0.11786	0.00031	0.00039	0.00022	0.44319	0.00559	0.15829	0.01676	0.21182	0.00959	0.02169	0.00014	0.00012	3.5e-05	0.00406	0.00590	7.8e-05	0.00014
24	0.00833	0.00020	0.00025	0.00020	0.00028	0.00018	0.00016	0.14419	0.02280	0.81390	0.00040	0.00035	0.00799	0.00013	0.00011	3.3e-05	9.4e-05	0.00011	0.00013	0.00018
25	0.00632	0.24339	0.72301	0.00028	0.01067	0.00029	0.00795	0.00033	0.00022	0.00032	0.00019	0.00022	0.00618	9.9e-05	9.3e-05	3.1e-05	0.00014	7.4e-05	4.6e-05	0.00015
26	0.00415	0.00012	0.00015	0.00015	0.00018	0.00392	0.00012	0.00932	0.00557	0.10479	0.33796	0.18018	0.17567	0.00383	0.00365	3.9e-05	6.8e-05	0.16993	0.00011	0.00010
27	0.01168	0.00503	0.13947	0.02411	0.01203	0.01345	0.06077	0.04607	0.00658	0.05103	0.00336	0.49361	0.00049	0.00024	0.00292	4e-05	0.00407	0.12188	0.00307	0.00011

[dist]
# distance from previous block
# <min> <max>
0	3

[block]
# block no. 9 follows, 3269 sequences, length 8
# corresponding to MSA columns:
# 2340-2347
name=unknown_J
#
# <colnr> <probs for GDERKNQSTAVLIFYWHMCP>
#	G	D	E	R	K	N	Q	S	T	A	V	L	I	F	Y	W	H	M	C	P
0	0.01313	0.22588	0.64927	0.00027	0.00040	0.02398	0.01389	0.01320	0.01513	0.00032	0.01765	0.01356	0.00016	0.00011	9.7e-05	3.1e-05	0.01266	8e-05	4.9e-05	0.00015
1	0.00014	0.00010	0.00015	0.00016	0.01266	9.9e-05	0.02685	0.00016	0.00021	0.00028	0.02049	0.82233	0.03958	0.01590	0.01904	4.5e-05	0.01425	0.01335	9.4e-05	0.01409
2	0.00780	0.01177	0.04992	0.11273	0.59188	0.01572	0.02884	0.01567	0.07758	0.01649	0.01135	0.00771	0.01382	0.00766	0.00787	3.5e-05	0.01179	0.01114	6e-05	0.00015
3	0.03266	0.00018	0.00024	0.00019	0.00026	0.00017	0.00015	0.05265	0.03736	0.81181	0.04098	0.00037	0.00029	0.00013	0.00011	3.3e-05	8.9e-05	0.00011	0.02205	0.00017
4	0.00032	0.07663	0.01074	0.00835	0.00029	0.51831	0.03172	0.04052	0.02035	0.02158	0.08455	0.00867	0.06609	0.00958	0.00891	3e-05	0.00884	0.00841	6.8e-05	0.07604
5	0.00822	0.00800	0.02628	0.03483	0.03233	0.00723	0.00782	0.03035	0.03444	0.05963	0.05590	0.02630	0.02714	0.01176	0.03174	0.00759	0.02209	9.3e-05	7.2e-05	0.56819
6	0.02669	0.23309	0.14711	0.01135	0.10401	0.19628	0.02836	0.08036	0.09394	0.01355	0.01172	0.01143	0.00019	0.01064	0.00010	3.1e-05	0.02186	0.00908	6.3e-05	0.00014
7	0.25496	0.00832	0.01106	0.26862	0.16105	0.01738	0.02906	0.01706	0.03104	0.07212	0.02693	0.00860	0.00930	0.00012	0.0001	3.4e-05	0.00814	0.05253	0.02345	0.00013

[dist]
# distance from previous block
# <min> <max>
1	3

[block]
# block no. 10 follows, 3269 sequences, length 54
# corresponding to MSA columns:
# 2351-2387,2389-2397,2399-2402,2446-2449
name=unknown_K
#
# <colnr> <probs for GDERKNQSTAVLIFYWHMCP>
#	G	D	E	R	K	N	Q	S	T	A	V	L	I	F	Y	W	H	M	C	P
0	0.04322	0.00018	0.00024	0.00019	0.00027	0.00016	0.00015	0.01068	0.00408	0.89982	0.00740	0.00035	0.00026	0.00013	0.00010	3.2e-05	8.9e-05	0.00010	0.00521	0.02734
1	0.00024	0.00355	0.11073	0.20357	0.16846	0.01332	0.09335	0.10913	0.05866	0.02936	0.07762	0.02437	0.07531	0.00494	0.01351	3.6e-05	0.00707	0.00654	7.2e-05	0.00014
2	0.89642	0.00020	0.00016	0.00014	0.00021	0.00023	0.00012	0.00033	0.00019	0.09270	0.00017	0.00019	0.00013	0.00010	7e-05	3.3e-05	8.3e-05	6.2e-05	0.00832	0.00012
3	0.00023	0.00018	0.00021	0.01636	0.03114	0.01535	0.00014	0.07450	0.32180	0.05109	0.31323	0.04820	0.09124	0.00439	0.00825	3.6e-05	0.01792	0.00337	0.00224	0.00013
4	0.00017	0.00011	0.00014	0.00013	0.00016	0.00010	0.00010	0.00652	0.01145	0.05627	0.77279	0.00361	0.14457	0.00022	0.00012	3.4e-05	5.4e-05	0.00019	0.00314	0.00010
5	0.00013	0.00011	0.00012	0.00012	0.00015	9.1e-05	8.7e-05	0.00016	0.00025	0.00031	0.20695	0.11520	0.67543	0.00027	0.00013	3.6e-05	5.4e-05	0.00023	0.00010	9.1e-05
6	0.00022	0.03473	0.96156	0.00030	0.00045	0.00025	0.00038	0.00034	0.00022	0.00033	0.00019	0.00022	0.00013	0.00010	0.0001	3.3e-05	0.00016	7.8e-05	4.5e-05	0.00016
7	0.04805	0.00022	0.00026	0.00020	0.00029	0.00022	0.00017	0.32249	0.00456	0.61210	0.01012	0.00032	0.00024	0.00013	0.00010	3.3e-05	9.8e-05	0.00010	0.00012	0.00018
8	0.00303	0.00027	0.07290	0.25941	0.21359	0.04454	0.08915	0.15687	0.01017	0.00912	0.00021	0.00197	0.00017	0.03924	0.01614	3.9e-05	0.08289	9.8e-05	6.1e-05	0.00014
9	0.00013	9.8e-05	0.00013	0.00015	0.00993	9.1e-05	0.00451	0.00016	0.00365	0.00029	0.08544	0.82717	0.05030	0.00031	0.00013	4.2e-05	6.2e-05	0.01722	9.9e-05	8.9e-05
10	0.00281	0.84388	0.10592	0.00020	0.00519	0.00582	0.02044	0.00972	0.00022	0.00027	0.00015	0.00018	0.00014	9.3e-05	7.5e-05	2.4e-05	0.00463	6.1e-05	4.6e-05	0.00014
