[name]
unknown

[dist]
# distance from previous block
# <min> <max>
0	65

[block]
# block no. 0 follows, 3240 sequences, length 7
# corresponding to MSA columns:
# 142,143,148,149,152-154
name=unknown_A
#
# <colnr> <probs for GDERKNQSTAVLIFYWHMCP>
#	G	D	E	R	K	N	Q	S	T	A	V	L	I	F	Y	W	H	M	C	P
0	0.01035	0.01059	0.00035	0.03845	0.43815	0.02891	0.05035	0.06916	0.16725	0.02045	0.02287	0.00038	0.01209	0.00014	0.01541	3.6e-05	0.02293	0.06989	7.3e-05	0.02218
1	0.00027	0.00024	0.02687	0.00024	0.04558	0.00026	0.00018	0.07551	0.77231	0.00045	0.00039	0.00037	0.00029	0.00014	0.00011	3.4e-05	9e-05	0.00011	0.02701	0.04955
2	0.00925	0.00017	0.03452	0.01608	0.05317	0.00017	0.01231	0.06566	0.09411	0.04110	0.02408	0.01590	0.09976	0.21655	0.25617	0.01535	0.01587	0.00013	7.6e-05	0.02958
3	0.00023	0.00972	0.00021	0.01159	0.00024	0.01177	0.01780	0.18351	0.15905	0.01614	0.10059	0.12791	0.10344	0.06051	0.01954	0.02174	0.01784	0.12518	9.7e-05	0.01287
4	0.00031	0.00018	0.00979	0.02114	0.02068	0.00016	0.05341	0.01036	0.03874	0.40400	0.05471	0.07546	0.04347	0.01102	0.01035	0.04540	9.2e-05	0.01256	9.9e-05	0.18806
5	0.01279	0.00027	0.00037	0.03615	0.61338	0.11517	0.01277	0.04121	0.04006	0.03249	0.00026	0.00030	0.04548	0.00011	0.00011	3.2e-05	0.01239	9.9e-05	0.01204	0.02453
6	0.02304	0.01099	0.13407	0.01528	0.13063	0.01338	0.02661	0.04130	0.02127	0.11440	0.04247	0.01535	0.02532	0.00912	0.00011	2.8e-05	0.01706	9.4e-05	7.3e-05	0.35941

[dist]
# distance from previous block
# <min> <max>
0	4

[block]
# block no. 1 follows, 3240 sequences, length 14
# corresponding to MSA columns:
# 160,163-175
name=unknown_B
#
# <colnr> <probs for GDERKNQSTAVLIFYWHMCP>
#	G	D	E	R	K	N	Q	S	T	A	V	L	I	F	Y	W	H	M	C	P
0	0.00019	0.00523	0.01040	0.00833	0.01129	0.01925	0.01139	0.00538	0.02206	0.09313	0.49406	0.03867	0.25349	0.01152	0.00508	3.6e-05	6.6e-05	0.00019	0.00503	0.00521
1	0.01104	0.08013	0.27505	0.02435	0.18434	0.06657	0.09581	0.02830	0.11720	0.01192	0.07270	0.00548	0.00797	0.00012	0.00011	3.3e-05	0.00561	0.00497	6.5e-05	0.00825
2	0.00989	0.00843	0.01548	0.53850	0.30343	0.00557	0.02417	0.00959	0.00583	0.00666	0.00020	0.00556	0.00016	0.00011	0.00012	3.4e-05	0.04216	9.6e-05	0.00574	0.01827
3	0.03954	0.16373	0.10136	0.03273	0.36560	0.10566	0.07433	0.02805	0.02518	0.01796	0.00571	0.00026	0.00017	0.00011	0.00477	3.2e-05	0.01329	0.01032	0.00649	0.00470
4	0.00019	9.3e-05	0.00014	0.00014	0.00014	9.3e-05	9.3e-05	0.00014	0.00014	0.00019	0.00019	0.00033	0.00019	0.00037	0.00042	0.99689	9.3e-05	9.3e-05	4.6e-05	4.6e-05
5	0.00016	0.00012	0.00017	0.00016	0.00018	0.00013	0.00012	0.00019	0.00904	0.00028	0.16554	0.03516	0.05851	0.13116	0.47493	0.02893	0.07753	0.00014	0.01745	9.3e-05
6	0.00015	0.00011	0.00939	0.00014	0.00016	0.00010	0.00010	0.00019	0.01111	0.00038	0.61766	0.15681	0.15406	0.00025	0.01581	3.8e-05	0.01107	0.01032	0.01205	9.8e-05
7	0.00014	0.00011	0.00013	0.00012	0.00015	9.7e-05	9.3e-05	0.00018	0.00027	0.01233	0.46850	0.03316	0.45923	0.01261	0.00013	3.6e-05	5.4e-05	0.01245	0.00011	9.6e-05
8	0.00029	0.94989	0.00055	0.00019	0.00028	0.04682	0.00018	0.00033	0.00022	0.00025	0.00015	0.00017	0.00014	9.2e-05	7e-05	2.3e-05	0.00012	5.8e-05	4.6e-05	0.00014
9	0.02498	0.00018	0.00024	0.00019	0.00026	0.00016	0.00015	0.00050	0.00030	0.91596	0.02642	0.01521	0.00029	0.00014	0.00011	3.3e-05	8.9e-05	0.00011	0.01450	0.00018
10	0.01456	0.06940	0.28957	0.01254	0.09064	0.03948	0.03974	0.06301	0.26984	0.10206	0.00028	0.00029	0.00021	0.00012	0.00010	3.3e-05	0.00779	9.6e-05	7.7e-05	0.00016
11	0.49689	0.31249	0.01907	0.00018	0.00763	0.10221	0.01979	0.01408	0.00759	0.01150	0.00016	0.00018	0.00013	0.0001	7.6e-05	3e-05	0.00763	6.3e-05	5.9e-05	0.00013
12	0.01451	0.00022	0.01295	0.00816	0.40882	0.00021	0.20655	0.00029	0.00025	0.03430	0.13346	0.08962	0.03576	0.00015	0.01135	0.00566	0.01130	0.01907	0.00724	0.00014
13	0.00549	0.00017	0.00566	0.06324	0.00876	0.01923	0.00014	0.03051	0.27268	0.00946	0.37919	0.00060	0.11707	0.00018	0.00012	3.4e-05	0.00691	0.00536	0.00620	0.06900

[dist]
# distance from previous block
# <min> <max>
0	1

[block]
# block no. 2 follows, 3240 sequences, length 45
# corresponding to MSA columns:
# 177-219,233,234
name=unknown_C
#
# <colnr> <probs for GDERKNQSTAVLIFYWHMCP>
#	G	D	E	R	K	N	Q	S	T	A	V	L	I	F	Y	W	H	M	C	P
0	0.00014	9.6e-05	0.00013	0.00015	0.00016	9e-05	0.0001	0.00016	0.00021	0.00620	0.09967	0.85204	0.00427	0.02381	0.00014	4.4e-05	6.2e-05	0.00901	0.00010	0.00341
1	0.99699	0.00021	0.00016	0.00014	0.00021	0.00024	0.00012	0.00031	0.00018	0.00048	0.00015	0.00017	0.00012	9.9e-05	6.6e-05	3.3e-05	8.3e-05	5.8e-05	6.6e-05	0.00012
2	0.00021	0.00348	0.00824	0.93524	0.03606	0.00024	0.00693	0.00028	0.00022	0.00028	0.00019	0.00028	0.00014	0.00011	0.00011	3.5e-05	0.00442	9.5e-05	0.00334	0.00012
3	0.00014	9.8e-05	0.00013	0.00015	0.00016	9.2e-05	0.00010	0.00016	0.00611	0.00897	0.14286	0.77963	0.02540	0.01212	0.00014	4.3e-05	6.2e-05	0.02345	0.00010	9e-05
4	0.00967	0.00019	0.00025	0.00019	0.00027	0.00018	0.00016	0.12461	0.00512	0.80512	0.00305	0.00388	0.02354	0.00605	0.00011	3.3e-05	9.3e-05	0.00011	0.01720	0.00018
5	0.00035	0.00024	0.01051	0.00022	0.00029	0.00026	0.00018	0.38472	0.34077	0.17533	0.07773	0.00393	0.00031	0.00014	0.00011	3.4e-05	9.6e-05	0.00011	0.00450	0.00017
6	0.01558	0.01401	0.38387	0.04526	0.14075	0.00530	0.14428	0.00190	0.03590	0.03327	0.05555	0.02429	0.03695	0.02899	0.00838	3.8e-05	0.02258	0.00144	0.00150	0.00014
7	0.00020	0.00012	0.00015	0.00014	0.00018	0.00011	0.00011	0.00592	0.01586	0.17369	0.38315	0.05955	0.35552	0.00023	0.00012	3.5e-05	6e-05	0.00019	0.00456	0.00011
8	0.00047	0.00018	0.00025	0.00019	0.00027	0.00016	0.00016	0.01865	0.00669	0.95582	0.01101	0.00037	0.00498	0.00013	0.00011	3.3e-05	9.1e-05	0.00011	0.00013	0.00018
9	0.00301	0.02388	0.00363	0.14903	0.12910	0.10115	0.01446	0.19459	0.10158	0.05409	0.04092	0.04485	0.01161	0.00251	0.01088	3.6e-05	0.04655	0.05804	0.00835	0.00174
10	0.00016	0.00013	0.00019	0.28557	0.00574	0.00014	0.00016	0.00020	0.00316	0.00242	0.12407	0.23294	0.26894	0.00472	0.02446	4.2e-05	0.01091	0.03370	0.00223	0.00010
11	0.00013	9.5e-05	0.00013	0.00015	0.00016	8.8e-05	9.9e-05	0.00015	0.00021	0.01310	0.00910	0.93798	0.03757	0.00033	0.00014	4.3e-05	6.2e-05	0.00030	0.0001	8.8e-05
12	0.00021	0.00019	0.00032	0.87844	0.02175	0.00023	0.01655	0.01012	0.00546	0.00398	0.00022	0.00345	0.01151	0.00012	0.00011	3.6e-05	0.00258	0.04454	5.2e-05	0.00012
13	0.99699	0.00021	0.00016	0.00014	0.00021	0.00024	0.00012	0.00031	0.00018	0.00048	0.00015	0.00017	0.00012	9.9e-05	6.6e-05	3.3e-05	8.3e-05	5.8e-05	6.6e-05	0.00012
14	0.00026	0.00025	0.00043	0.01519	0.98105	0.00025	0.00033	0.00033	0.00024	0.00035	0.00020	0.00027	0.00017	9.6e-05	0.00011	3.2e-05	0.00013	9.5e-05	5.3e-05	0.00017
15	0.01323	0.01275	0.00606	0.01476	0.01116	0.20654	0.00022	0.00443	0.01763	0.00027	0.00016	0.00460	0.00201	0.00216	0.04146	4.7e-05	0.66227	9e-05	5.1e-05	0.00012
16	0.00026	0.00026	0.00737	0.03300	0.89277	0.01939	0.00032	0.01364	0.00549	0.00035	0.00021	0.01731	0.00018	0.00011	0.00585	3.3e-05	0.00313	9.9e-05	5.5e-05	0.00017
17	0.00346	0.00019	0.00540	0.00017	0.00025	0.00015	0.00013	0.00468	0.03702	0.16667	0.04013	0.00028	0.00630	9.8e-05	8.7e-05	2.1e-05	8.1e-05	7.9e-05	7.9e-05	0.73473
18	0.00382	0.01638	0.20842	0.00378	0.00521	0.04596	0.06535	0.07744	0.32836	0.01196	0.03006	0.01571	0.10635	0.02520	0.02921	4.1e-05	0.00838	0.01550	0.00271	0.00015
19	0.00015	0.00011	0.00014	0.00014	0.00015	0.00012	0.0001	0.00017	0.00016	0.00023	0.00031	0.00055	0.00033	0.48276	0.49678	0.01730	0.00019	0.00013	6.1e-05	8e-05
20	0.00029	0.00022	0.00025	0.00021	0.00028	0.00025	0.01188	0.02810	0.79077	0.13101	0.00430	0.00546	0.00032	0.00604	0.00011	3.6e-05	8.7e-05	0.00012	0.02009	0.00017
21	0.00022	0.00019	0.00023	0.01672	0.00423	0.00403	0.00442	0.00585	0.00678	0.00291	0.00019	0.00256	0.00016	8.9e-05	0.01029	1.8e-05	8.4e-05	6.6e-05	6.4e-05	0.94088
22	0.00949	0.00848	0.00032	0.00027	0.00029	0.20927	0.00022	0.03814	0.00563	0.00324	0.00016	0.00024	0.00015	0.01767	0.01706	4.5e-05	0.68908	9e-05	5.2e-05	0.00012
23	0.00017	0.00185	0.00583	0.00017	0.00020	0.00012	0.06474	0.00848	0.02928	0.03156	0.59745	0.05753	0.07310	0.00687	0.00863	3.8e-05	0.00200	0.10456	0.00729	0.00011
24	0.00029	0.95815	0.02096	0.00019	0.00028	0.01224	0.00019	0.00032	0.00022	0.00025	0.00015	0.00018	0.00014	9.3e-05	7e-05	2.3e-05	0.00012	0.00596	4.6e-05	0.00014
25	0.05961	0.03115	0.00021	0.00018	0.00023	0.03590	0.00199	0.02134	0.48260	0.01395	0.01709	0.01615	0.01164	0.00015	0.00010	3.3e-05	0.00421	0.06415	0.23917	0.00014
26	0.99699	0.00021	0.00016	0.00014	0.00021	0.00024	0.00012	0.00031	0.00018	0.00048	0.00015	0.00017	0.00012	9.9e-05	6.6e-05	3.3e-05	8.3e-05	5.8e-05	6.6e-05	0.00012
27	0.00706	0.96393	0.00055	0.00019	0.00028	0.02014	0.00018	0.00619	0.00022	0.00026	0.00015	0.00017	0.00014	9.2e-05	6.9e-05	2.3e-05	0.00012	5.8e-05	4.6e-05	0.00014
28	0.00934	0.00020	0.00019	0.00018	0.00595	0.18834	0.00229	0.00277	0.00019	0.00024	0.00301	0.00046	0.00027	0.35280	0.33838	0.00399	0.08664	0.00012	0.00454	9.3e-05
29	0.00015	0.00011	0.00014	0.00013	0.00016	9.9e-05	9.7e-05	0.00019	0.00029	0.00426	0.74255	0.01483	0.22842	0.00405	0.00013	3.5e-05	5.2e-05	0.00412	0.00011	9.9e-05
30	0.00014	0.00011	0.00012	0.00012	0.00015	9.4e-05	8.8e-05	0.00017	0.00026	0.00034	0.35380	0.00095	0.64278	0.00025	0.00013	3.5e-05	5.3e-05	0.00021	0.00011	9.4e-05
31	0.00014	0.00011	0.00013	0.00013	0.00015	9.7e-05	9.5e-05	0.00019	0.00028	0.00038	0.66333	0.01278	0.32132	0.00024	0.00013	3.5e-05	5.2e-05	0.00021	0.00011	9.7e-05
32	0.00014	0.00011	0.00012	0.00012	0.00015	9.8e-05	9e-05	0.00018	0.02757	0.00032	0.22779	0.07320	0.66469	0.00026	0.00013	3.6e-05	5.5e-05	0.00474	0.00010	9.5e-05
33	0.00040	0.00051	0.00030	0.00028	0.00033	0.98460	0.00021	0.00043	0.00030	0.00026	0.00017	0.00019	0.00014	0.00011	9.9e-05	2.8e-05	0.01140	6.9e-05	5.5e-05	0.00012
34	0.00047	0.00018	0.00024	0.00019	0.00027	0.00016	0.00016	0.01024	0.00561	0.94791	0.01683	0.00037	0.00463	0.00013	0.00011	3.3e-05	9e-05	0.00011	0.01209	0.00018
35	0.03821	0.30527	0.41790	0.00026	0.02919	0.02492	0.00998	0.09522	0.00390	0.07111	0.00020	0.00022	0.00015	0.00010	9.2e-05	3e-05	0.00294	7.6e-05	5.9e-05	0.00015
36	0.00285	0.01490	0.01558	0.00557	0.88911	0.00558	0.03333	0.00715	0.00024	0.00698	0.00020	0.00230	0.00017	0.0001	0.00353	3.3e-05	0.01204	9.6e-05	5.4e-05	0.00017
37	0.00016	0.00011	0.00014	0.00013	0.00016	0.00010	9.8e-05	0.00020	0.00490	0.04276	0.57689	0.04201	0.31362	0.00713	0.00013	3.5e-05	5.5e-05	0.00825	0.00302	0.00010
38	0.00968	0.00815	0.03972	0.10741	0.24661	0.02040	0.03870	0.01873	0.03666	0.20178	0.16177	0.02555	0.02820	0.00323	0.00202	3.5e-05	0.04611	0.00192	0.00316	0.00015
39	0.00014	0.00010	0.00013	0.00014	0.00015	9.7e-05	9.7e-05	0.00017	0.00630	0.00348	0.36643	0.42637	0.04163	0.13167	0.00402	4.8e-05	6.5e-05	0.01875	0.00010	9e-05
40	0.00491	0.00024	0.00025	0.00022	0.00029	0.00028	0.00017	0.16527	0.81657	0.00531	0.00041	0.00038	0.00030	0.00014	0.00011	3.6e-05	9e-05	0.00474	0.00011	0.00017
41	0.93777	0.00021	0.00017	0.00602	0.00475	0.00937	0.00012	0.02205	0.00019	0.01836	0.00016	0.00018	0.00012	0.00010	6.9e-05	3.3e-05	8.5e-05	6e-05	6.8e-05	0.00012
42	0.01664	0.03487	0.00547	0.07585	0.37248	0.34081	0.01087	0.01855	0.03316	0.04139	0.00919	0.00820	0.00019	0.00011	0.00010	3.1e-05	0.00593	0.02597	6.1e-05	0.00015
43	0.00026	0.00025	0.00044	0.00823	0.97951	0.00025	0.00882	0.00033	0.00024	0.00035	0.00020	0.00027	0.00017	9.5e-05	0.00011	3.2e-05	0.00013	9.6e-05	5.3e-05	0.00017
44	0.01530	0.01265	0.12186	0.13544	0.01971	0.00301	0.00276	0.02727	0.02039	0.16867	0.00963	0.25981	0.01510	0.01653	0.04604	0.06019	0.00442	0.04430	0.00196	0.01496

[dist]
# distance from previous block
# <min> <max>
0	4

[block]
# block no. 3 follows, 3240 sequences, length 7
# corresponding to MSA columns:
# 239-245
name=unknown_D
#
# <colnr> <probs for GDERKNQSTAVLIFYWHMCP>
#	G	D	E	R	K	N	Q	S	T	A	V	L	I	F	Y	W	H	M	C	P
0	0.03393	0.32823	0.05677	0.07189	0.06604	0.05521	0.26039	0.02057	0.02187	0.02945	0.00021	0.01068	0.01037	0.00011	0.01115	3.2e-05	0.02283	9.2e-05	5.6e-05	0.00014
1	0.00027	0.03538	0.05059	0.03149	0.74080	0.01970	0.01422	0.03165	0.01966	0.01566	0.02623	0.00029	0.00020	0.00010	0.00011	3.2e-05	0.00013	0.01327	5.9e-05	0.00016
2	0.01474	0.00018	0.06820	0.01847	0.07168	0.02705	0.02755	0.02484	0.06499	0.00852	0.15073	0.13515	0.15014	0.05594	0.02364	4.4e-05	0.01435	0.12701	0.00814	0.00864
3	0.00018	0.00014	0.00020	0.05740	0.01582	0.01461	0.01346	0.01121	0.00019	0.04398	0.02763	0.02049	0.01205	0.05277	0.67924	0.00013	0.03717	0.01315	6.4e-05	0.00010
4	0.00019	0.00015	0.00022	0.11764	0.01892	0.00017	0.01280	0.03329	0.01972	0.01215	0.01862	0.03777	0.02448	0.06850	0.48206	0.02186	0.10375	0.02755	6.4e-05	0.00010
5	0.00024	0.02154	0.01172	0.43906	0.04136	0.02248	0.01221	0.09066	0.04073	0.01419	0.00021	0.00030	0.00017	0.02709	0.07031	0.06818	0.13928	9.8e-05	5.8e-05	0.00012
6	0.00023	0.02137	0.00030	0.00025	0.00026	0.02236	0.00021	0.02072	0.00018	0.00027	0.02372	0.00029	0.00019	0.04743	0.13097	6.4e-05	0.73093	0.00010	5.2e-05	0.00011

[dist]
# distance from previous block
# <min> <max>
1	3

[block]
# block no. 4 follows, 3240 sequences, length 9
# corresponding to MSA columns:
# 250-258
name=unknown_E
#
# <colnr> <probs for GDERKNQSTAVLIFYWHMCP>
#	G	D	E	R	K	N	Q	S	T	A	V	L	I	F	Y	W	H	M	C	P
0	0.73186	0.02259	0.02328	0.02291	0.00861	0.07380	0.02516	0.01361	0.01014	0.00976	0.00018	0.01899	0.00015	0.00817	8.3e-05	3.4e-05	0.01141	0.01908	6.6e-05	0.00012
1	0.00018	0.00014	0.00020	0.03548	0.00022	0.01133	0.01142	0.01884	0.01135	0.01165	0.00027	0.00042	0.00026	0.13620	0.61945	0.03746	0.10487	0.00012	5.9e-05	9.7e-05
2	0.00022	0.00018	0.01471	0.02289	0.00912	0.00830	0.01725	0.03691	0.01052	0.02373	0.12518	0.01838	0.05994	0.04069	0.00011	2.7e-05	8.3e-05	0.03028	0.00756	0.57393
3	0.89511	0.00022	0.00017	0.02866	0.00023	0.02957	0.00013	0.04424	0.00020	0.00048	0.00016	0.00018	0.00012	0.00010	7e-05	3.3e-05	8.9e-05	6.1e-05	6.7e-05	0.00012
4	0.86347	0.00022	0.00018	0.00016	0.00022	0.03300	0.00013	0.04657	0.00020	0.02385	0.00016	0.00018	0.00012	0.00010	7.9e-05	3.3e-05	0.03106	6.2e-05	6.9e-05	0.00012
5	0.00788	0.01690	0.02449	0.00852	0.01292	0.00013	0.06291	0.00909	0.04739	0.00937	0.02904	0.52351	0.15727	0.00922	0.00014	4.1e-05	0.01006	0.07093	9.3e-05	0.00010
6	0.00025	0.00024	0.00038	0.18330	0.63663	0.01056	0.01809	0.01923	0.05633	0.00034	0.01039	0.00030	0.01371	0.01024	0.02461	3.7e-05	0.01506	0.00010	5.8e-05	0.00015
7	0.00857	0.01006	0.24868	0.01111	0.03832	0.00699	0.07369	0.21566	0.04326	0.09937	0.07665	0.01362	0.04028	0.06366	0.02365	4.2e-05	0.01281	0.00715	0.00628	0.00015
8	0.00022	0.03471	0.06506	0.17117	0.05800	0.01249	0.01665	0.00981	0.23957	0.04625	0.06661	0.01341	0.16380	0.01377	0.04522	4.2e-05	0.01009	0.02623	0.00678	0.00013

[dist]
# distance from previous block
# <min> <max>
0	1

[block]
# block no. 5 follows, 3240 sequences, length 7
# corresponding to MSA columns:
# 260-263,265-267
name=unknown_F
#
# <colnr> <probs for GDERKNQSTAVLIFYWHMCP>
#	G	D	E	R	K	N	Q	S	T	A	V	L	I	F	Y	W	H	M	C	P
0	0.01298	0.01056	0.01232	0.03010	0.03020	0.09936	0.01615	0.14847	0.48676	0.03866	0.02465	0.00036	0.01252	0.00014	0.00011	3.3e-05	0.01095	0.01179	9.5e-05	0.05382
1	0.00025	0.00014	0.00019	0.00017	0.01602	0.01383	0.01207	0.00028	0.01464	0.25354	0.04921	0.11903	0.03083	0.24955	0.13125	6.9e-05	0.00012	0.01489	8.9e-05	0.09383
2	0.20680	0.05874	0.11613	0.14159	0.15364	0.02206	0.04273	0.02964	0.03320	0.08545	0.01123	0.02255	0.00821	0.00859	0.00826	0.01206	0.02047	0.01846	6.7e-05	0.00014
3	0.00949	0.14939	0.29412	0.02635	0.19650	0.02174	0.11560	0.01344	0.04662	0.01346	0.01745	0.01242	0.00941	0.01032	0.01249	0.00877	0.01812	0.02409	5.7e-05	0.00015
4	0.00016	0.00012	0.01289	0.01981	0.01270	0.00012	0.01777	0.01733	0.01672	0.02400	0.05004	0.46147	0.10132	0.02207	0.01541	4.6e-05	8.1e-05	0.22775	9.7e-05	9.9e-05
5	0.00017	0.00015	0.01458	0.13934	0.02403	0.01338	0.09377	0.01775	0.00023	0.01053	0.02182	0.41210	0.11097	0.01583	0.01172	4.3e-05	0.01178	0.10162	8.5e-05	0.00010
6	0.03102	0.07821	0.27783	0.04995	0.05106	0.03013	0.09576	0.03933	0.04933	0.23279	0.01797	0.01396	0.01111	0.00012	0.00011	3.3e-05	0.01073	0.01033	7.7e-05	0.00015

[dist]
# distance from previous block
# <min> <max>
1	3

[block]
# block no. 6 follows, 3240 sequences, length 15
# corresponding to MSA columns:
# 272-286
name=unknown_G
#
# <colnr> <probs for GDERKNQSTAVLIFYWHMCP>
#	G	D	E	R	K	N	Q	S	T	A	V	L	I	F	Y	W	H	M	C	P
0	0.10040	0.03568	0.00772	0.05630	0.19899	0.13654	0.01399	0.02282	0.05195	0.03531	0.00462	0.01017	0.01164	0.11132	0.06909	5.1e-05	0.12373	0.00573	0.00382	0.00013
1	0.00818	0.00987	0.03838	0.00017	0.00026	0.00016	0.00014	0.03740	0.01388	0.05294	0.00966	0.00597	0.00826	9.6e-05	0.00617	2e-05	8.6e-05	0.00596	7e-05	0.80232
2	0.02856	0.08351	0.58136	0.02734	0.00910	0.00602	0.00920	0.03197	0.07577	0.03328	0.06615	0.00615	0.01587	0.00397	0.00011	0.00395	0.00578	9.4e-05	0.00752	0.00430
3	0.01207	0.01683	0.08466	0.48887	0.20065	0.00633	0.02322	0.00706	0.00548	0.03267	0.00615	0.02465	0.01226	0.03170	0.01190	0.00410	0.01075	0.01647	0.00404	0.00013
4	0.00018	0.00012	0.00015	0.00015	0.00018	0.00011	0.00011	0.00021	0.01137	0.08436	0.32324	0.29567	0.13495	0.01001	0.00014	0.01918	6.5e-05	0.08121	0.00011	0.03851
5	0.00014	0.00011	0.00013	0.00013	0.00016	9.8e-05	9.6e-05	0.00017	0.00996	0.00032	0.28366	0.21498	0.34872	0.05947	0.05559	4.9e-05	7.2e-05	0.02595	0.00010	9.2e-05
6	0.00440	0.00466	0.59745	0.08919	0.07409	0.00645	0.02917	0.00793	0.02629	0.01156	0.01313	0.00864	0.01009	0.00597	0.02973	0.00418	0.05787	0.01902	5.3e-05	0.00015
7	0.00485	0.01014	0.04430	0.10961	0.32681	0.02081	0.02351	0.00869	0.04048	0.01830	0.00670	0.16052	0.05442	0.00775	0.01586	4e-05	0.11434	0.03267	6.8e-05	0.00013
8	0.01489	0.00019	0.00025	0.00019	0.00027	0.00017	0.00016	0.10653	0.02105	0.76800	0.08681	0.00039	0.00032	0.00014	0.00011	3.3e-05	9e-05	0.00011	0.00013	0.00017
9	0.00015	0.00011	0.00014	0.00013	0.00016	9.8e-05	9.7e-05	0.00019	0.00029	0.00040	0.75994	0.02457	0.21289	0.00023	0.00013	3.4e-05	5.2e-05	0.00020	0.00011	9.8e-05
10	0.00452	0.00026	0.08235	0.17205	0.59110	0.00624	0.01413	0.02030	0.00767	0.00967	0.01939	0.00712	0.00510	0.00628	0.01271	0.02628	0.01453	9.9e-05	5.5e-05	0.00015
11	0.79085	0.00021	0.00019	0.15440	0.01301	0.01017	0.00015	0.00989	0.00019	0.00044	0.00016	0.01002	0.00013	0.00010	7.5e-05	3.3e-05	9.4e-05	6.8e-05	0.00970	0.00012
12	0.00017	0.00012	0.00017	0.00019	0.00022	0.00012	0.00017	0.00022	0.00025	0.00032	0.00058	0.00120	0.03407	0.00029	0.00015	4.9e-05	9.7e-05	0.96141	9.9e-05	9.8e-05
13	0.00013	9.6e-05	0.00013	0.00015	0.00016	8.9e-05	0.00010	0.00015	0.00021	0.00028	0.02742	0.82938	0.09690	0.00032	0.00014	4.3e-05	6.3e-05	0.04405	0.0001	8.8e-05
14	0.01167	0.01061	0.00023	0.00017	0.00891	0.00015	0.00013	0.01383	0.02214	0.00974	0.00020	0.00023	0.00016	8.3e-05	8e-05	1.7e-05	8.1e-05	6.6e-05	0.00938	0.91211

[dist]
# distance from previous block
# <min> <max>
1	2

[block]
# block no. 7 follows, 3240 sequences, length 8
# corresponding to MSA columns:
# 290,291,293-298
name=unknown_H
#
# <colnr> <probs for GDERKNQSTAVLIFYWHMCP>
#	G	D	E	R	K	N	Q	S	T	A	V	L	I	F	Y	W	H	M	C	P
0	0.30734	0.00036	0.00025	0.00022	0.00028	0.49451	0.00017	0.04466	0.10855	0.00037	0.00020	0.00022	0.00016	0.00011	9.4e-05	3.1e-05	0.02136	7.4e-05	0.02091	0.00013
1	0.00025	0.00022	0.00030	0.18297	0.23528	0.01401	0.00022	0.07387	0.08021	0.02834	0.02959	0.00030	0.02783	0.00011	0.00011	2.9e-05	0.03130	9.4e-05	6.9e-05	0.29489
2	0.00014	0.00010	0.00015	0.01809	0.01812	9.9e-05	0.02575	0.00016	0.00021	0.00028	0.03174	0.84214	0.03025	0.00031	0.00013	4.3e-05	6.8e-05	0.03201	9.7e-05	9.1e-05
3	0.75571	0.00021	0.00020	0.03966	0.00025	0.00024	0.02534	0.06423	0.02607	0.05441	0.00018	0.00021	0.00014	0.01679	8.8e-05	3.5e-05	0.01597	7e-05	7.2e-05	0.00013
4	0.01431	0.05269	0.02899	0.57868	0.04622	0.05431	0.00928	0.03133	0.00946	0.06791	0.00021	0.00029	0.00016	0.00953	0.05888	4.3e-05	0.02699	9.3e-05	5.7e-05	0.01054
5	0.00925	0.04763	0.03819	0.07649	0.20472	0.02095	0.23221	0.05095	0.01499	0.21989	0.01235	0.01405	0.00850	0.00012	0.00012	3.4e-05	0.02967	0.00841	7.6e-05	0.01140
6	0.00021	0.00018	0.01631	0.02641	0.00030	0.00854	0.20219	0.04622	0.00980	0.04460	0.02782	0.14002	0.10399	0.01385	0.01058	4.3e-05	0.01392	0.32642	0.00848	0.00012
7	0.04839	0.00014	0.00876	0.03761	0.02933	0.00778	0.01473	0.01554	0.00762	0.07420	0.01571	0.21322	0.10523	0.18926	0.06017	0.00747	0.00784	0.15681	8.6e-05	0.00010

[dist]
# distance from previous block
# <min> <max>
1	2

[block]
# block no. 8 follows, 3240 sequences, length 8
# corresponding to MSA columns:
# 301,302,317-322
name=unknown_I
#
# <colnr> <probs for GDERKNQSTAVLIFYWHMCP>
#	G	D	E	R	K	N	Q	S	T	A	V	L	I	F	Y	W	H	M	C	P
0	0.00030	0.00031	0.00037	0.10734	0.47174	0.25317	0.01823	0.01844	0.00025	0.02347	0.00019	0.00025	0.00016	0.00011	0.00013	3.3e-05	0.10522	8.9e-05	5.5e-05	0.00015
1	0.00014	9.6e-05	0.00013	0.00015	0.00016	9e-05	0.00010	0.00016	0.00021	0.00028	0.03378	0.82544	0.02403	0.02565	0.00014	4.4e-05	6.4e-05	0.04984	0.03942	8.8e-05
2	0.00024	0.00023	0.00034	0.13523	0.46828	0.04526	0.01294	0.01691	0.01665	0.00031	0.00022	0.02234	0.00020	0.06529	0.10738	5.4e-05	0.10781	0.00011	5.6e-05	0.00014
3	0.00017	0.00011	0.00014	0.00013	0.00016	0.00010	0.00010	0.00022	0.02106	0.04810	0.69817	0.04096	0.16790	0.00022	0.00012	3.4e-05	5.4e-05	0.00020	0.02193	0.00010
4	0.00016	0.00012	0.00016	0.00016	0.00018	0.02561	0.00012	0.00019	0.00018	0.00025	0.03755	0.02150	0.02765	0.16912	0.71638	0.00015	0.00023	0.00013	6.3e-05	9.1e-05
5	0.03002	0.02460	0.04250	0.08237	0.03379	0.03318	0.01285	0.07750	0.03579	0.50515	0.06441	0.00034	0.00027	0.00013	0.00010	3.2e-05	0.00010	0.00010	0.00010	0.05665
6	0.81696	0.02429	0.02755	0.00016	0.01076	0.03705	0.01073	0.01282	0.01443	0.01227	0.01063	0.01088	0.00014	0.01085	7.8e-05	3.4e-05	9.1e-05	6.7e-05	6.7e-05	0.00012
7	0.05608	0.03227	0.06214	0.00812	0.00829	0.07248	0.00897	0.13235	0.12653	0.30608	0.01109	0.00031	0.00924	0.00012	0.00010	3.1e-05	0.00797	0.00830	0.01008	0.13943

[dist]
# distance from previous block
# <min> <max>
3	4

[block]
# block no. 9 follows, 3240 sequences, length 11
# corresponding to MSA columns:
# 329-339
name=unknown_J
#
# <colnr> <probs for GDERKNQSTAVLIFYWHMCP>
#	G	D	E	R	K	N	Q	S	T	A	V	L	I	F	Y	W	H	M	C	P
0	0.00022	0.00022	0.01079	0.00027	0.01293	0.01592	0.03199	0.00025	0.00018	0.00026	0.00020	0.07365	0.00021	0.01789	0.03701	5.1e-05	0.75977	0.03801	5.4e-05	0.00011
1	0.04126	0.01424	0.19105	0.01152	0.02955	0.02054	0.12979	0.04013	0.09833	0.32364	0.01502	0.01599	0.01525	0.00571	0.00551	3.6e-05	0.01494	0.02724	8.9e-05	0.00016
2	0.07536	0.02822	0.00025	0.00019	0.00027	0.00019	0.00016	0.09184	0.01336	0.74415	0.01396	0.03102	0.00027	0.00014	0.00010	3.3e-05	9.2e-05	0.00011	0.00012	0.00017
3	0.00026	0.00028	0.00060	0.03111	0.02855	0.01499	0.87903	0.00035	0.01523	0.01485	0.00022	0.00029	0.00017	9.4e-05	0.00013	3.6e-05	0.01350	0.00012	5.6e-05	0.00014
4	0.00847	0.00578	0.01146	0.01140	0.26734	0.17757	0.33249	0.05169	0.06349	0.01038	0.00983	0.00637	0.00993	0.00550	0.00012	3.4e-05	0.00598	0.01300	0.00902	0.00015
5	0.02364	0.00019	0.00022	0.00016	0.00025	0.00015	0.00013	0.04945	0.00024	0.01839	0.01396	0.02245	0.00019	0.01759	9.1e-05	2e-05	8.1e-05	7.5e-05	6.8e-05	0.85266
6	0.00615	0.00031	0.30962	0.04624	0.20842	0.00868	0.10356	0.01329	0.05506	0.02585	0.12490	0.01414	0.03201	0.00588	0.03261	3.9e-05	0.00013	0.00661	0.00635	0.00014
7	0.00024	0.00674	0.06679	0.01172	0.13450	0.02337	0.01971	0.03006	0.12376	0.10186	0.23185	0.05432	0.02131	0.04001	0.00013	3.5e-05	0.00607	0.00942	9e-05	0.11801
8	0.00016	0.03975	0.00016	0.00745	0.01283	0.00012	0.00011	0.02888	0.00987	0.00694	0.05281	0.46039	0.09332	0.05517	0.13756	0.06279	0.00766	0.01721	0.00670	9.3e-05
9	0.00027	0.25427	0.34649	0.01031	0.07098	0.08743	0.02212	0.03007	0.07712	0.05147	0.01158	0.00689	0.00919	0.00011	9.7e-05	3e-05	0.00695	8.4e-05	6e-05	0.01448
10	0.00896	0.00640	0.02853	0.00016	0.04536	0.00655	0.00012	0.03784	0.00025	0.05206	0.12154	0.15653	0.38044	0.11541	0.00719	4.5e-05	7.5e-05	0.01342	0.00729	0.01183

[dist]
# distance from previous block
# <min> <max>
0	57

# created by:
# /home/cegg/simao/soft/augustus-3.2.1/scripts/msa2prfl.pl ./align_prep/POG091H013T.fa
