[name]
unknown

[dist]
# distance from previous block
# <min> <max>
0	41

[block]
# block no. 0 follows, 3373 sequences, length 17
# corresponding to MSA columns:
# 48-58,61-66
name=unknown_A
#
# <colnr> <probs for GDERKNQSTAVLIFYWHMCP>
#	G	D	E	R	K	N	Q	S	T	A	V	L	I	F	Y	W	H	M	C	P
0	0.00478	0.00742	0.00036	0.22415	0.60159	0.00844	0.01441	0.02439	0.01223	0.01882	0.00707	0.01384	0.00706	0.01549	0.00360	3.3e-05	0.00468	0.00866	0.00486	0.01812
1	0.00788	0.01336	0.01826	0.11465	0.29373	0.17909	0.04836	0.05692	0.03989	0.05604	0.02800	0.05129	0.06449	0.00501	0.00726	3.3e-05	0.01169	0.00011	6.7e-05	0.00388
2	0.00943	0.05339	0.19627	0.03437	0.10527	0.03000	0.07737	0.07847	0.06162	0.16804	0.07280	0.03776	0.05207	0.00364	0.00377	0.00381	0.00778	0.00392	7.8e-05	0.00014
3	0.01907	0.00446	0.01065	0.13454	0.07399	0.07161	0.05248	0.13773	0.06683	0.20589	0.05089	0.11232	0.03745	0.00015	0.00011	3.3e-05	0.00388	0.01161	8.7e-05	0.00623
4	0.00020	0.00395	0.00721	0.73135	0.04408	0.01512	0.01264	0.01308	0.03185	0.01050	0.01088	0.04586	0.01542	0.03061	0.01459	0.00378	0.00467	0.00403	5.4e-05	0.00012
5	0.00787	0.02562	0.11481	0.02299	0.09662	0.01147	0.14425	0.00762	0.06685	0.08870	0.04096	0.23873	0.09827	0.00701	0.00572	3.6e-05	0.00946	0.01283	7.9e-05	0.00012
6	0.00500	0.00021	0.00947	0.55839	0.27614	0.02143	0.04076	0.01064	0.00670	0.00705	0.00615	0.03189	0.00840	0.00011	0.00483	3.4e-05	0.00846	0.00416	5.2e-05	0.00013
7	0.00020	0.00018	0.00029	0.78238	0.05815	0.00022	0.00026	0.03240	0.00022	0.00028	0.01292	0.00957	0.07559	0.00012	0.00010	3.4e-05	0.00013	0.01461	0.01224	0.00012
8	0.00794	0.00022	0.00456	0.10450	0.25031	0.00564	0.02514	0.01535	0.00968	0.22247	0.00487	0.00483	0.00472	0.00014	0.00442	3.7e-05	0.32902	0.00593	6.8e-05	0.00014
9	0.00605	0.00856	0.02547	0.18919	0.13700	0.02469	0.05224	0.02501	0.06391	0.13223	0.02888	0.13785	0.03715	0.04647	0.03814	0.00706	0.00596	0.03001	7.6e-05	0.00406
10	0.01309	0.00019	0.00031	0.72651	0.09619	0.00023	0.02356	0.03611	0.00565	0.01232	0.00021	0.03245	0.01467	0.00011	0.00011	3.4e-05	0.02991	0.00010	5.2e-05	0.00817
11	0.00916	0.00014	0.00016	0.03232	0.00020	0.02833	0.00536	0.02589	0.09785	0.06842	0.32177	0.12311	0.25468	0.02267	0.00013	3.6e-05	6.8e-05	0.00949	0.00010	0.00011
12	0.00020	0.00018	0.00031	0.89030	0.04128	0.00022	0.00028	0.01011	0.00021	0.00027	0.03234	0.01275	0.00017	0.00011	0.00011	3.4e-05	0.01086	9.7e-05	4.9e-05	0.00012
13	0.03700	0.00356	0.00440	0.18370	0.33622	0.08235	0.00664	0.06033	0.02698	0.08894	0.01668	0.04061	0.02642	0.03406	0.01054	3.6e-05	0.01944	0.01292	0.00904	0.00014
14	0.00425	0.00572	0.00037	0.15156	0.54647	0.04391	0.05274	0.03393	0.02001	0.03817	0.01408	0.00972	0.00889	0.00423	0.00566	3.3e-05	0.04821	0.00827	5.8e-05	0.00372
15	0.00567	0.00011	0.00013	0.00014	0.03231	0.00010	0.00476	0.00685	0.00513	0.00030	0.18444	0.25555	0.40655	0.03272	0.00684	3.9e-05	0.00799	0.03799	0.01228	9.2e-05
16	0.00509	0.01454	0.01794	0.17473	0.10909	0.05655	0.04600	0.23609	0.02941	0.09006	0.02067	0.02094	0.05178	0.05931	0.02638	4e-05	0.02737	0.00843	0.00543	0.00014

[dist]
# distance from previous block
# <min> <max>
1	5

[block]
# block no. 1 follows, 3373 sequences, length 22
# corresponding to MSA columns:
# 80-101
name=unknown_B
#
# <colnr> <probs for GDERKNQSTAVLIFYWHMCP>
#	G	D	E	R	K	N	Q	S	T	A	V	L	I	F	Y	W	H	M	C	P
0	0.04804	0.00682	0.03562	0.01563	0.02347	0.02909	0.05405	0.08296	0.02775	0.27734	0.01957	0.21547	0.00344	0.00738	0.00293	3.3e-05	0.00344	0.00646	0.00292	0.13757
1	0.24795	0.06459	0.30339	0.02053	0.04310	0.05450	0.04726	0.06248	0.01748	0.06993	0.01425	0.03461	0.00325	0.00272	0.00277	3.2e-05	0.00333	0.00278	0.00491	0.00014
2	0.00359	0.00671	0.00787	0.46565	0.11162	0.00312	0.01781	0.00786	0.02951	0.09763	0.14239	0.01909	0.02156	0.01292	0.00011	3.4e-05	0.00641	0.01106	0.03493	0.00012
3	0.00024	0.00945	0.00524	0.00017	0.00972	0.03483	0.00013	0.01917	0.07581	0.07213	0.04970	0.02475	0.01709	0.01453	0.02110	2.6e-05	0.02078	0.00395	7.3e-05	0.62108
4	0.00020	0.00018	0.00030	0.94063	0.01137	0.00023	0.00028	0.01232	0.00021	0.00027	0.01972	0.00028	0.00016	0.00011	0.00010	3.4e-05	0.00013	9.3e-05	0.01328	0.00011
5	0.00013	9.2e-05	0.00012	0.00014	0.00015	8.6e-05	9.8e-05	0.00015	0.00020	0.00027	0.03477	0.85649	0.04405	0.01131	0.00014	4.2e-05	6.1e-05	0.05152	9.6e-05	8.4e-05
6	0.00029	0.00462	0.00416	0.02099	0.00025	0.09917	0.00015	0.28964	0.08835	0.10740	0.21877	0.01865	0.01780	0.00015	0.00916	3.2e-05	9.3e-05	0.00576	0.11443	0.00014
7	0.00014	0.00010	0.00013	0.00013	0.00015	9.6e-05	9.4e-05	0.00018	0.00028	0.00038	0.78819	0.02786	0.13573	0.03609	0.00014	3.5e-05	5.2e-05	0.01002	0.00011	9.4e-05
8	0.00020	0.00018	0.00021	0.00557	0.01529	0.07900	0.00583	0.01728	0.07372	0.00562	0.03015	0.01121	0.01419	0.35473	0.11195	7.4e-05	0.26992	0.00012	0.00464	9.8e-05
9	0.00537	0.00019	0.00032	0.76636	0.17332	0.00023	0.00028	0.00027	0.00021	0.00028	0.00925	0.00600	0.00672	0.02015	0.00540	3.6e-05	0.00536	9.5e-05	4.8e-05	0.00012
10	0.00035	0.00027	0.00028	0.00023	0.00030	0.00030	0.00018	0.66713	0.32883	0.00058	0.00030	0.00029	0.00022	0.00013	0.00010	3.2e-05	0.00010	0.00010	0.00010	0.00017
11	0.04199	0.00460	0.00951	0.00316	0.00325	0.49505	0.00455	0.13812	0.00820	0.04665	0.00351	0.07552	0.00776	0.00012	9.6e-05	2.7e-05	0.00599	9e-05	0.00560	0.14622
12	0.00477	0.00346	0.01201	0.34280	0.26177	0.05755	0.07612	0.04210	0.04721	0.06091	0.00988	0.05848	0.00021	0.00301	0.00011	3.3e-05	0.00509	0.00626	0.00810	0.00014
13	0.02060	0.00408	0.01712	0.00435	0.00028	0.14147	0.02991	0.00599	0.02518	0.01088	0.00016	0.00024	0.00015	0.00449	0.07156	5e-05	0.65779	8.9e-05	0.00548	0.00012
14	0.00013	0.00011	0.00011	0.00012	0.00015	9.4e-05	8.8e-05	0.00016	0.02170	0.00028	0.04302	0.09363	0.70638	0.05821	0.00015	4e-05	5.9e-05	0.07539	9.4e-05	8.8e-05
15	0.00017	0.00013	0.00378	0.00017	0.00020	0.00349	0.00442	0.06688	0.00721	0.00920	0.02091	0.00530	0.00427	0.02634	0.79088	0.01970	0.03074	0.00604	6.1e-05	9.8e-05
16	0.00783	0.00016	0.00022	0.00017	0.00024	0.00014	0.00014	0.01526	0.01054	0.74828	0.16088	0.00043	0.02083	0.00014	0.00011	3.2e-05	7.9e-05	0.00012	0.03426	0.00016
17	0.00025	0.00028	0.00058	0.00042	0.00052	0.02245	0.92456	0.02809	0.01027	0.00034	0.00021	0.00029	0.00016	9.1e-05	0.00012	3.5e-05	0.00017	0.01097	5.4e-05	0.00014
18	0.00016	0.00011	0.00013	0.00013	0.00016	9.5e-05	9.4e-05	0.00019	0.00025	0.07609	0.37032	0.18127	0.34389	0.01286	0.00013	3.6e-05	5.6e-05	0.00675	0.00719	9.7e-05
19	0.00013	0.00011	0.00012	0.00012	0.00015	9.5e-05	0.00988	0.00017	0.02359	0.00030	0.13898	0.01549	0.76390	0.03183	0.00846	3.8e-05	5.7e-05	0.00640	9.6e-05	9e-05
20	0.00903	0.56921	0.00677	0.00690	0.01045	0.08216	0.00998	0.17455	0.03646	0.06642	0.00020	0.00021	0.00750	0.00010	8e-05	2.6e-05	0.00011	7.1e-05	0.01963	0.00014
21	0.02323	0.64065	0.01675	0.00018	0.00533	0.00471	0.00017	0.02527	0.00738	0.09909	0.00341	0.00434	0.01337	0.00011	0.01962	2.6e-05	0.00452	6.8e-05	0.00505	0.12673

[dist]
# distance from previous block
# <min> <max>
3	6

[block]
# block no. 2 follows, 3373 sequences, length 10
# corresponding to MSA columns:
# 111-116,119-122
name=unknown_C
#
# <colnr> <probs for GDERKNQSTAVLIFYWHMCP>
#	G	D	E	R	K	N	Q	S	T	A	V	L	I	F	Y	W	H	M	C	P
0	0.00024	0.00020	0.00022	0.00020	0.00025	0.00023	0.00015	0.02490	0.78402	0.02094	0.14049	0.00045	0.02695	0.00015	0.00011	3.4e-05	7.7e-05	0.00013	0.00011	0.00015
1	0.00013	9.4e-05	0.00012	0.00014	0.00015	8.6e-05	9.4e-05	0.00015	0.00021	0.00027	0.04768	0.72640	0.17039	0.01826	0.01786	4.3e-05	6.3e-05	0.01769	9.5e-05	8.5e-05
2	0.01821	0.00015	0.00019	0.00016	0.00021	0.00014	0.00013	0.00974	0.07667	0.44791	0.28034	0.06568	0.01050	0.02085	0.01734	3.6e-05	7.6e-05	0.01051	0.04101	0.00014
3	0.03751	0.00943	0.00028	0.00021	0.00029	0.00025	0.02809	0.44581	0.05331	0.29443	0.01157	0.00030	0.00022	0.02045	0.03205	3.8e-05	0.05236	9.9e-05	0.01315	0.00016
4	0.00036	0.00017	0.03427	0.00018	0.00024	0.00015	0.00015	0.02870	0.02269	0.64023	0.14115	0.02268	0.05774	0.00937	0.00011	3.3e-05	0.00968	0.01942	0.01252	0.00015
5	0.02202	0.07165	0.00032	0.00023	0.00031	0.02895	0.02896	0.76457	0.02852	0.02314	0.00024	0.00025	0.00017	0.00012	0.00010	3.1e-05	0.01788	9e-05	0.01227	0.00017
6	0.07686	0.02434	0.00025	0.00021	0.00027	0.01082	0.00017	0.26418	0.56404	0.01166	0.00034	0.01202	0.00026	0.01017	0.00011	0.01383	0.01013	0.00010	9.7e-05	0.00016
7	0.00017	0.00014	0.00018	0.09426	0.05631	0.02052	0.01842	0.02421	0.03375	0.02501	0.10348	0.45563	0.05412	0.02027	0.03045	4.3e-05	0.01013	0.04518	0.00762	0.00010
8	0.12165	0.24392	0.30816	0.00718	0.08425	0.00936	0.04158	0.06278	0.01820	0.04029	0.01251	0.00739	0.00668	0.00010	9.2e-05	3e-05	0.01208	0.01134	0.00627	0.00613
9	0.01670	0.01969	0.01947	0.02388	0.39891	0.01277	0.00672	0.07201	0.02211	0.11448	0.01115	0.09669	0.03370	0.01447	0.00011	3.3e-05	0.00619	0.06540	7.5e-05	0.06542

[dist]
# distance from previous block
# <min> <max>
3	72

[block]
# block no. 3 follows, 3373 sequences, length 20
# corresponding to MSA columns:
# 199-218
name=unknown_D
#
# <colnr> <probs for GDERKNQSTAVLIFYWHMCP>
#	G	D	E	R	K	N	Q	S	T	A	V	L	I	F	Y	W	H	M	C	P
0	0.00948	0.05858	0.00033	0.00585	0.24144	0.52258	0.00668	0.04377	0.08595	0.00031	0.00020	0.00413	0.00016	0.00011	0.00404	2.9e-05	0.00015	0.00650	0.00467	0.00505
1	0.00345	0.00354	0.00421	0.00805	0.26535	0.00352	0.05812	0.05920	0.12173	0.07536	0.20653	0.01211	0.12667	0.00336	0.00011	3.3e-05	8.9e-05	0.01237	0.03609	0.00013
2	0.02995	0.16361	0.50636	0.00026	0.02676	0.02766	0.02504	0.02854	0.01090	0.13355	0.00662	0.00523	0.01347	0.00386	0.00392	3.1e-05	0.00771	8.2e-05	6e-05	0.00638
3	0.07188	0.07898	0.00629	0.01748	0.04764	0.02248	0.08018	0.05238	0.06132	0.44215	0.04536	0.01928	0.02715	0.00771	0.00011	3.2e-05	0.00530	0.00999	0.00415	0.00015
4	0.02420	0.00018	0.00023	0.00018	0.00025	0.00016	0.00015	0.09400	0.01316	0.77066	0.03569	0.00038	0.04750	0.00014	0.00010	3.2e-05	8.6e-05	0.00011	0.01261	0.00017
5	0.01157	0.00645	0.04809	0.06536	0.34123	0.01231	0.04526	0.03757	0.08487	0.23848	0.04770	0.01218	0.01725	0.00804	0.01073	3.4e-05	0.00939	0.00325	8e-05	0.00015
6	0.00578	0.00417	0.05207	0.03986	0.31616	0.00311	0.10564	0.01887	0.02464	0.17321	0.06028	0.07561	0.07047	0.00727	0.01341	3.5e-05	0.00445	0.01570	0.00913	0.00014
7	0.00014	0.00010	0.00013	0.00013	0.00015	9.6e-05	9.6e-05	0.00019	0.00932	0.00876	0.68798	0.13101	0.13773	0.00770	0.00013	3.5e-05	5.2e-05	0.01605	0.00011	9.5e-05
8	0.84228	0.00020	0.00017	0.00015	0.00021	0.00023	0.00012	0.04754	0.00020	0.10787	0.00018	0.00019	0.00013	0.00010	7e-05	3.2e-05	8.2e-05	6.3e-05	7.2e-05	0.00012
9	0.00650	0.00655	0.21016	0.03115	0.36730	0.00958	0.06605	0.06274	0.04346	0.12210	0.02927	0.01255	0.01520	0.00011	0.00011	3.2e-05	0.00921	0.00770	6.8e-05	0.00015
10	0.00020	0.02234	0.09661	0.05259	0.03852	0.00790	0.03263	0.01395	0.02456	0.12042	0.04390	0.46225	0.04930	0.00701	0.00012	3.8e-05	0.00421	0.02323	8.8e-05	0.00011
11	0.00014	0.00010	0.00012	0.00012	0.00015	9.2e-05	8.9e-05	0.00017	0.00024	0.01777	0.23817	0.15991	0.44795	0.09081	0.00016	4.2e-05	5.9e-05	0.04372	9.7e-05	8.8e-05
12	0.08898	0.00018	0.00022	0.00018	0.00025	0.00016	0.00014	0.01658	0.00952	0.82017	0.03057	0.00037	0.03195	0.00013	0.00010	3.2e-05	8.5e-05	0.00011	0.00012	0.00016
13	0.02275	0.01815	0.49796	0.02921	0.26916	0.01251	0.07349	0.01276	0.01300	0.03281	0.00680	0.00462	0.00613	0.0001	0.00010	3.2e-05	0.00014	8.7e-05	5.2e-05	0.00015
14	0.00470	0.00566	0.02340	0.54905	0.25281	0.01269	0.01546	0.01099	0.01273	0.02467	0.01060	0.05046	0.01017	0.00012	0.00011	3.4e-05	0.00610	0.01008	5.5e-05	0.00013
15	0.05136	0.00016	0.00021	0.00017	0.00023	0.00014	0.00014	0.01727	0.00594	0.68541	0.00626	0.19540	0.01064	0.00017	0.00011	3.4e-05	8.1e-05	0.01032	0.01581	0.00015
16	0.00524	0.00580	0.00029	0.01362	0.39238	0.02550	0.04157	0.07070	0.01866	0.03249	0.06713	0.23152	0.06266	0.00359	0.00011	3.4e-05	9.8e-05	0.00821	7.6e-05	0.02033
17	0.04409	0.06007	0.29264	0.00028	0.12954	0.02306	0.02279	0.05734	0.00773	0.33733	0.00491	0.00451	0.00415	0.00011	9.8e-05	3.1e-05	0.00012	0.00591	0.00514	0.00016
18	0.00661	0.00432	0.00455	0.00819	0.42737	0.02228	0.02103	0.00958	0.02680	0.32168	0.02460	0.07722	0.00947	0.00013	0.00011	3.3e-05	0.00488	0.02731	0.00368	0.00015
19	0.69020	0.03220	0.00718	0.00021	0.09810	0.10711	0.03728	0.01802	0.00020	0.00042	0.00015	0.00018	0.00012	9.7e-05	7.6e-05	3.1e-05	0.00816	6.4e-05	6.1e-05	0.00012

[dist]
# distance from previous block
# <min> <max>
2	5

[block]
# block no. 4 follows, 3373 sequences, length 12
# corresponding to MSA columns:
# 225-236
name=unknown_E
#
# <colnr> <probs for GDERKNQSTAVLIFYWHMCP>
#	G	D	E	R	K	N	Q	S	T	A	V	L	I	F	Y	W	H	M	C	P
0	0.01852	0.05449	0.14083	0.05558	0.18177	0.02321	0.15930	0.05503	0.09916	0.14579	0.02011	0.01654	0.00524	0.00012	0.00520	3.3e-05	0.00829	0.00541	0.00525	0.00015
1	0.01083	0.00011	0.00014	0.00013	0.00016	0.00010	9.8e-05	0.00022	0.00027	0.08270	0.73279	0.01321	0.07408	0.04363	0.01114	3.7e-05	5.7e-05	0.00018	0.03000	0.00010
2	0.00020	0.00014	0.00017	0.00664	0.01638	0.01674	0.01215	0.04541	0.01441	0.11788	0.55805	0.01281	0.08677	0.00745	0.02351	3.7e-05	0.01668	0.04455	0.01991	0.00011
3	0.00015	9.9e-05	0.00012	0.00012	0.00012	0.0001	6.8e-05	0.00015	0.00015	0.00021	0.00034	0.07403	0.00039	0.87801	0.04546	9.8e-05	0.00010	0.00016	6.4e-05	6.5e-05
4	0.00028	0.94903	0.00053	0.00018	0.00027	0.04781	0.00018	0.00031	0.00021	0.00024	0.00014	0.00017	0.00013	8.9e-05	6.7e-05	2.2e-05	0.00011	5.6e-05	4.4e-05	0.00013
5	0.00020	0.00019	0.00031	0.86842	0.06771	0.00023	0.00028	0.00027	0.00021	0.00027	0.00019	0.00028	0.00014	0.00010	0.00011	3.4e-05	0.02756	9.2e-05	0.03330	0.00012
6	0.54935	0.00027	0.00022	0.02074	0.00026	0.17259	0.00015	0.20354	0.00026	0.05153	0.00018	0.00020	0.00014	0.00010	8e-05	3.1e-05	0.00011	6.8e-05	7.3e-05	0.00013
7	0.83392	0.00020	0.01211	0.00015	0.00021	0.00023	0.00012	0.04809	0.00020	0.04482	0.00017	0.01309	0.00013	0.00010	7.5e-05	3.2e-05	0.02112	6.4e-05	6.8e-05	0.02509
8	0.00021	0.00670	0.00019	0.02179	0.03094	0.09788	0.00014	0.04040	0.00020	0.05393	0.00028	0.00712	0.00028	0.24584	0.38185	0.00657	0.04673	0.04511	0.01375	9.9e-05
9	0.02804	0.00970	0.00514	0.08744	0.26785	0.00607	0.08169	0.00613	0.02474	0.02050	0.04826	0.25172	0.12834	0.00501	0.00483	3.6e-05	0.00520	0.00815	7.4e-05	0.01110
10	0.00015	0.00011	0.00016	0.00016	0.00018	0.00013	0.00012	0.00018	0.00016	0.00023	0.00028	0.00044	0.00027	0.11664	0.88013	0.00016	0.00025	0.00011	5.6e-05	8.8e-05
11	0.01876	0.00022	0.00824	0.00026	0.00027	0.00030	0.01366	0.01219	0.04336	0.02364	0.00018	0.00026	0.01540	0.00830	0.00030	4.4e-05	0.83530	0.01129	0.00791	0.00012

[dist]
# distance from previous block
# <min> <max>
0	1

[block]
# block no. 5 follows, 3373 sequences, length 17
# corresponding to MSA columns:
# 238-249,252-256
name=unknown_F
#
# <colnr> <probs for GDERKNQSTAVLIFYWHMCP>
#	G	D	E	R	K	N	Q	S	T	A	V	L	I	F	Y	W	H	M	C	P
0	0.95710	0.00020	0.00016	0.01975	0.00021	0.02059	0.00012	0.00030	0.00018	0.00045	0.00014	0.00017	0.00011	9.6e-05	6.5e-05	3.2e-05	8.3e-05	5.7e-05	6.3e-05	0.00011
1	0.00559	0.00019	0.00028	0.56084	0.10105	0.07233	0.00564	0.00655	0.00576	0.00030	0.17335	0.02574	0.02699	0.00013	0.00011	3.3e-05	0.00012	0.00011	0.01478	0.00012
2	0.00014	0.00011	0.00013	0.00013	0.00015	9.6e-05	9.4e-05	0.00018	0.01205	0.00037	0.68020	0.05505	0.23813	0.00023	0.00012	3.4e-05	5.1e-05	0.01253	0.00011	9.5e-05
3	0.00830	0.00023	0.02497	0.01296	0.54380	0.00022	0.08667	0.03061	0.00026	0.27618	0.00690	0.00801	0.00020	0.00010	0.00010	3.1e-05	0.00012	9.9e-05	7.4e-05	0.00016
4	0.00503	0.00552	0.12917	0.00020	0.00550	0.00519	0.01926	0.03895	0.01368	0.70351	0.01989	0.00037	0.01101	0.00479	0.00011	3.3e-05	9.8e-05	0.03742	0.00011	0.00016
5	0.00014	9.4e-05	0.00012	0.00013	0.00014	8.9e-05	8.8e-05	0.00015	0.00019	0.00026	0.08579	0.58688	0.02191	0.22334	0.00024	0.06636	7e-05	0.01386	8.6e-05	7.8e-05
6	0.02027	0.00017	0.00023	0.00019	0.03425	0.00015	0.00015	0.01195	0.00029	0.85330	0.01141	0.06658	0.00028	0.00014	0.00010	3.2e-05	8.7e-05	0.00012	0.00012	0.00017
7	0.00025	0.49661	0.34262	0.00023	0.00841	0.02754	0.02464	0.00845	0.01428	0.00957	0.00019	0.00026	0.00017	0.00011	8.6e-05	2.8e-05	0.00013	0.06624	5e-05	0.00014
8	0.20956	0.00020	0.02245	0.00867	0.02806	0.00559	0.00016	0.11810	0.02196	0.50243	0.06651	0.00032	0.00026	0.00013	0.00835	3.3e-05	9.1e-05	9.7e-05	0.00688	0.00015
9	0.00776	0.00016	0.00022	0.06641	0.00027	0.00015	0.00015	0.00992	0.01772	0.71511	0.02164	0.12934	0.00032	0.00015	0.00011	3.3e-05	8.5e-05	0.00013	0.03017	0.00015
10	0.00019	0.00020	0.06651	0.87500	0.02155	0.00023	0.00029	0.00027	0.00021	0.00027	0.03419	0.00029	0.00017	0.00011	0.00010	3.4e-05	0.00013	9.4e-05	4.8e-05	0.00012
11	0.00576	0.05453	0.61389	0.00843	0.14194	0.02307	0.02754	0.04463	0.00589	0.06350	0.00977	0.00024	0.00015	0.00010	9.8e-05	3.2e-05	0.00014	8.2e-05	5.4e-05	0.00015
12	0.18625	0.00024	0.01342	0.00503	0.01360	0.17356	0.03353	0.04483	0.01122	0.34251	0.07007	0.03380	0.00384	0.01762	0.01260	3.5e-05	0.02736	0.00514	0.00521	0.00014
13	0.88340	0.01286	0.01908	0.00014	0.00021	0.01604	0.00012	0.00032	0.00019	0.06665	0.00016	0.00018	0.00012	9.8e-05	6.7e-05	3.2e-05	8.4e-05	5.9e-05	6.7e-05	0.00012
14	0.00013	9.3e-05	0.00012	0.00014	0.00015	8.6e-05	9.4e-05	0.00015	0.00020	0.00027	0.01546	0.78900	0.12842	0.03783	0.00014	4.3e-05	6.1e-05	0.02743	9.4e-05	8.4e-05
15	0.00556	0.02743	0.15337	0.02423	0.32851	0.13969	0.13554	0.03953	0.01305	0.05480	0.03335	0.00442	0.02810	0.00011	0.00010	3.1e-05	0.00514	9.7e-05	6e-05	0.00690
16	0.00015	0.00010	0.00012	0.00012	0.00012	0.01270	7e-05	0.00016	0.00873	0.00022	0.00975	0.11596	0.02454	0.79229	0.00044	8.7e-05	9.3e-05	0.00016	0.03412	6.8e-05

[dist]
# distance from previous block
# <min> <max>
0	29

# created by:
# /home/cegg/simao/soft/augustus-3.2.1/scripts/msa2prfl.pl ./align_prep/POG091H01SD.fa
