[name]
unknown

[dist]
# distance from previous block
# <min> <max>
0	284

[block]
# block no. 0 follows, 3550 sequences, length 11
# corresponding to MSA columns:
# 322-332
name=unknown_A
#
# <colnr> <probs for GDERKNQSTAVLIFYWHMCP>
#	G	D	E	R	K	N	Q	S	T	A	V	L	I	F	Y	W	H	M	C	P
0	0.00015	0.00011	0.00014	0.00014	0.00016	0.00011	0.00010	0.00022	0.11642	0.02127	0.65185	0.12360	0.04784	0.00021	0.00011	3.3e-05	5.4e-05	0.03727	0.00010	9.9e-05
1	0.00023	0.00021	0.00033	0.10617	0.62640	0.00853	0.00025	0.02018	0.07668	0.01111	0.09990	0.00033	0.02205	0.00011	0.00010	3e-05	0.00901	0.00986	0.00839	0.00014
2	0.00012	9.8e-05	0.00010	0.00011	0.00014	8.3e-05	8e-05	0.00014	0.00022	0.00027	0.03147	0.11675	0.81497	0.00025	0.00012	3.4e-05	5.2e-05	0.03482	9.1e-05	8.3e-05
3	0.00019	0.00018	0.00030	0.90177	0.09520	0.00022	0.00027	0.00025	0.00020	0.00026	0.00017	0.00026	0.00013	9.7e-05	9.8e-05	3.2e-05	0.00013	8.7e-05	4.4e-05	0.00011
4	0.00012	8.7e-05	0.00012	0.00014	0.00015	8.2e-05	9.5e-05	0.00014	0.00019	0.00025	0.00053	0.89364	0.00063	0.03151	0.00014	4.2e-05	6e-05	0.07191	9e-05	8e-05
5	0.00029	0.00021	0.00031	0.09441	0.23671	0.00972	0.10219	0.06999	0.15623	0.26227	0.00734	0.00990	0.00733	0.00011	0.00010	3.1e-05	0.01769	0.01470	0.01032	0.00015
6	0.00019	0.00018	0.00030	0.86167	0.04383	0.00022	0.02705	0.01585	0.00020	0.00026	0.00019	0.02150	0.00015	0.00010	0.00010	3.3e-05	0.01340	9.2e-05	0.01458	0.00011
7	0.22435	0.00015	0.00823	0.01253	0.00884	0.00728	0.03576	0.00931	0.02936	0.04504	0.01677	0.12619	0.04936	0.08205	0.01709	4.4e-05	0.06039	0.25631	0.01085	9.9e-05
8	0.99726	0.00019	0.00014	0.00013	0.00019	0.00022	0.00011	0.00029	0.00017	0.00044	0.00014	0.00016	0.00011	9.1e-05	6e-05	3e-05	7.6e-05	5.3e-05	6e-05	0.00011
9	0.00030	0.01123	0.00651	0.17863	0.20693	0.01071	0.02611	0.20568	0.05133	0.25101	0.00944	0.00653	0.00020	0.00011	0.00635	3.1e-05	0.00741	0.00802	0.01332	0.00015
10	0.00023	0.00021	0.00034	0.03973	0.72918	0.01510	0.00807	0.00801	0.02855	0.00875	0.01348	0.01527	0.08965	0.00011	0.00010	3e-05	0.02281	0.01165	5.6e-05	0.00867

[dist]
# distance from previous block
# <min> <max>
0	1

[block]
# block no. 1 follows, 3550 sequences, length 12
# corresponding to MSA columns:
# 334-345
name=unknown_B
#
# <colnr> <probs for GDERKNQSTAVLIFYWHMCP>
#	G	D	E	R	K	N	Q	S	T	A	V	L	I	F	Y	W	H	M	C	P
0	0.00023	0.01780	0.11087	0.38339	0.10922	0.10395	0.02129	0.03085	0.01937	0.05042	0.00849	0.02040	0.00569	0.00512	0.04188	3.7e-05	0.04686	0.01487	0.00914	0.00012
1	0.00024	0.00017	0.00020	0.00015	0.00023	0.00964	0.00012	0.01383	0.01260	0.15821	0.05333	0.01024	0.01087	9.4e-05	8.3e-05	1.9e-05	0.00959	7.6e-05	7.2e-05	0.72024
2	0.00018	0.00621	0.00805	0.01302	0.00551	0.00015	0.03701	0.12032	0.00959	0.00812	0.06254	0.00924	0.06826	0.46439	0.10457	7.5e-05	0.05672	0.01762	0.00833	8.9e-05
3	0.00014	0.00010	0.00015	0.00015	0.00017	0.00012	0.00011	0.00017	0.00015	0.00022	0.00026	0.00041	0.00025	0.10232	0.86660	0.02817	0.00024	0.00011	5.3e-05	8.3e-05
4	0.00707	0.02143	0.00663	0.59749	0.03961	0.05707	0.05849	0.03980	0.02432	0.00821	0.00018	0.00586	0.00014	0.00594	0.01667	0.01229	0.09854	8.8e-05	4.9e-05	0.00011
5	0.00012	9.8e-05	0.00011	0.00011	0.00014	8.5e-05	8.2e-05	0.00015	0.00023	0.00029	0.24246	0.13109	0.58438	0.01720	0.00012	3.5e-05	5.1e-05	0.02307	9.4e-05	8.4e-05
6	0.01493	0.00012	0.00014	0.00013	0.00016	0.02247	0.00739	0.00783	0.03804	0.01764	0.80694	0.00068	0.04787	0.00020	0.00960	3.2e-05	0.00793	0.00753	0.01026	9.7e-05
7	0.00023	0.00012	0.00016	0.00014	0.00018	0.00011	0.00011	0.01761	0.00027	0.31395	0.53878	0.04223	0.08533	0.00018	0.00011	3.1e-05	6e-05	0.00016	0.00011	0.00012
8	0.00034	0.00017	0.00021	0.00018	0.01493	0.00016	0.01339	0.03162	0.16277	0.56131	0.02628	0.01200	0.05111	0.01491	0.00011	3.3e-05	8.1e-05	0.07831	0.03196	0.00015
9	0.00027	0.73743	0.05596	0.00909	0.00912	0.12111	0.01199	0.00956	0.00965	0.00025	0.01012	0.00017	0.00014	9e-05	7.4e-05	2.3e-05	0.01709	5.9e-05	4.5e-05	0.00777
10	0.01203	0.01094	0.00948	0.00762	0.02102	0.02246	0.05241	0.58410	0.01159	0.18877	0.04822	0.00029	0.01035	0.00012	0.0001	3e-05	0.00593	0.00568	0.00871	0.00016
11	0.00020	0.00867	0.04721	0.68513	0.02197	0.00759	0.01747	0.02203	0.07416	0.01956	0.00912	0.03346	0.00018	0.00579	0.00011	3.3e-05	0.02687	0.00610	0.01424	0.00012

[dist]
# distance from previous block
# <min> <max>
6	7

[block]
# block no. 2 follows, 3550 sequences, length 11
# corresponding to MSA columns:
# 356-366
name=unknown_C
#
# <colnr> <probs for GDERKNQSTAVLIFYWHMCP>
#	G	D	E	R	K	N	Q	S	T	A	V	L	I	F	Y	W	H	M	C	P
0	0.00601	0.00015	0.05173	0.00014	0.00018	0.00997	0.00770	0.03315	0.02088	0.10755	0.04771	0.00629	0.01793	0.47086	0.08928	0.02724	0.02183	0.00012	0.00756	0.07373
1	0.00013	0.00011	0.00012	0.00013	0.03124	0.00949	0.00952	0.00989	0.01604	0.01034	0.06409	0.16248	0.67644	0.00024	0.00012	3.4e-05	5.7e-05	0.00934	9e-05	8.9e-05
2	0.00022	0.10113	0.77646	0.00027	0.01431	0.00024	0.02084	0.01405	0.01438	0.05696	0.00019	0.00021	0.00013	9.4e-05	9.1e-05	3e-05	0.00014	7.4e-05	4.8e-05	0.00014
3	0.00551	0.01311	0.18437	0.13301	0.10313	0.06005	0.04940	0.05614	0.15375	0.02312	0.03356	0.04188	0.07229	0.02508	0.02873	3.7e-05	0.00570	0.00579	6.6e-05	0.00526
4	0.00012	9.5e-05	0.00011	0.00012	0.00014	8.5e-05	8.5e-05	0.00015	0.00022	0.00029	0.26338	0.30740	0.38042	0.01547	0.00012	3.5e-05	5.2e-05	0.01541	0.01619	8.4e-05
5	0.99726	0.00019	0.00014	0.00013	0.00019	0.00022	0.00011	0.00029	0.00017	0.00044	0.00014	0.00016	0.00011	9.1e-05	6e-05	3e-05	7.6e-05	5.3e-05	6e-05	0.00011
6	0.00021	0.00018	0.00690	0.04143	0.03121	0.03298	0.03685	0.04243	0.24797	0.02128	0.01553	0.02095	0.03181	0.20420	0.11427	0.02696	0.11655	0.00812	7e-05	0.00011
7	0.00014	0.00010	0.00015	0.00015	0.00016	0.00012	0.00011	0.00017	0.00016	0.00022	0.00028	0.01645	0.01609	0.12825	0.78886	0.03263	0.01570	0.00011	5.4e-05	8.2e-05
8	0.00031	0.19752	0.02516	0.00650	0.00646	0.56969	0.01980	0.00749	0.00622	0.00646	0.00601	0.00615	0.00843	0.01873	0.00769	2.9e-05	0.10127	0.00592	5e-05	0.00012
9	0.00021	0.00017	0.00020	0.00015	0.00023	0.00014	0.00012	0.02088	0.01914	0.02378	0.00019	0.01878	0.00016	8e-05	7.5e-05	1.6e-05	7.3e-05	6.5e-05	6.2e-05	0.91547
10	0.00840	0.00017	0.00021	0.05392	0.09938	0.06728	0.01931	0.01740	0.12749	0.05373	0.10774	0.17913	0.09924	0.00672	0.00012	3.5e-05	0.03455	0.11553	0.00955	0.00011

[dist]
# distance from previous block
# <min> <max>
3	24

[block]
# block no. 3 follows, 3550 sequences, length 27
# corresponding to MSA columns:
# 396-422
name=unknown_D
#
# <colnr> <probs for GDERKNQSTAVLIFYWHMCP>
#	G	D	E	R	K	N	Q	S	T	A	V	L	I	F	Y	W	H	M	C	P
0	0.00014	0.00011	0.00354	0.00013	0.00015	9.8e-05	9.1e-05	0.00018	0.06787	0.00872	0.28508	0.24524	0.30600	0.04451	0.02019	0.00417	6e-05	0.00576	0.00407	0.00392
1	0.00345	0.05694	0.07462	0.22841	0.28143	0.05193	0.04218	0.03822	0.06108	0.00705	0.10996	0.00439	0.01282	0.00950	0.00299	3.1e-05	0.00856	9.8e-05	0.00622	0.00013
2	0.00013	9.4e-05	0.00011	0.00012	0.00014	8.5e-05	8.7e-05	0.00015	0.00021	0.00579	0.16836	0.42665	0.30702	0.05136	0.00771	4e-05	5.7e-05	0.03170	9.2e-05	8.2e-05
3	0.00028	0.48394	0.02793	0.00869	0.14796	0.23044	0.00855	0.01234	0.00471	0.03119	0.01176	0.00321	0.00591	0.00337	0.00672	2.6e-05	0.00774	0.00275	0.00236	0.00013
4	0.01334	0.01447	0.24055	0.01217	0.06101	0.01537	0.05082	0.08381	0.04355	0.10896	0.09021	0.13458	0.02576	0.03193	0.00229	3.5e-05	0.00635	0.04602	0.00211	0.01665
5	0.00550	0.31293	0.54616	0.00024	0.01165	0.02046	0.01452	0.00676	0.01033	0.03991	0.00018	0.00456	0.00413	9.3e-05	8.4e-05	2.7e-05	0.00013	6.9e-05	4.7e-05	0.02224
6	0.01677	0.00565	0.02114	0.54551	0.23776	0.01117	0.00418	0.01732	0.00356	0.06807	0.01036	0.04557	0.00407	0.00011	9.9e-05	3.2e-05	0.00537	9.7e-05	5.4e-05	0.00310
7	0.00382	0.00012	0.00015	0.00014	0.00018	0.00011	0.00011	0.00889	0.02932	0.30799	0.22820	0.12776	0.24623	0.01667	0.01895	3.6e-05	6.6e-05	0.00651	0.00462	0.00011
8	0.00762	0.05242	0.07315	0.03676	0.14800	0.06738	0.14426	0.01608	0.04029	0.07460	0.06742	0.15369	0.07662	0.01752	0.00680	3.4e-05	0.00304	0.01412	7.1e-05	0.00012
9	0.00821	0.04093	0.07423	0.01668	0.19958	0.01936	0.02102	0.03279	0.01978	0.04296	0.00382	0.00464	0.00473	0.01200	0.30217	0.00229	0.19200	0.00264	5.4e-05	0.00012
10	0.00017	9.1e-05	0.00014	0.03616	0.00015	9.3e-05	0.00491	0.00014	0.00014	0.00018	0.00019	0.00576	0.00019	0.01846	0.00801	0.87419	0.00483	0.04610	4.5e-05	4.9e-05
11	0.04624	0.00011	0.00410	0.00612	0.05759	0.00011	0.03556	0.00404	0.01176	0.00366	0.13900	0.56171	0.09455	0.00322	0.00012	3.7e-05	6.5e-05	0.03182	8.7e-05	9.1e-05
12	0.21581	0.03840	0.04085	0.01258	0.12684	0.06625	0.07623	0.23532	0.01113	0.10467	0.00279	0.02019	0.00732	0.00584	0.00236	3.1e-05	0.01276	0.02042	7.3e-05	0.00014
13	0.00024	0.01930	0.01757	0.02242	0.25176	0.19311	0.16605	0.01066	0.03635	0.00669	0.21339	0.02123	0.00520	0.00333	0.00507	3.1e-05	0.01816	0.00246	0.00687	0.00012
14	0.95115	0.00019	0.00014	0.00013	0.00019	0.00021	0.00011	0.00028	0.00017	0.00043	0.00015	0.00020	0.00013	9.9e-05	6.4e-05	3.1e-05	7.6e-05	0.04607	6.2e-05	0.00011
15	0.01048	0.00016	0.00022	0.00017	0.00024	0.00014	0.00014	0.00799	0.00787	0.90756	0.06366	0.00036	0.00028	0.00013	9.9e-05	3e-05	8.1e-05	0.00010	0.00012	0.00016
16	0.00713	0.00342	0.03176	0.00537	0.12197	0.00573	0.65381	0.02202	0.04188	0.00853	0.00640	0.01391	0.02274	9.9e-05	0.00012	3.3e-05	0.04767	0.00331	0.00396	0.00013
17	0.00020	0.00017	0.00019	0.00015	0.00573	0.04618	0.00012	0.00787	0.02055	0.02365	0.06749	0.11980	0.03194	0.00370	8.9e-05	2.2e-05	7.4e-05	0.04420	0.00378	0.62411
18	0.00030	0.00024	0.00027	0.00022	0.00029	0.00027	0.04620	0.44186	0.49743	0.01138	0.00032	0.00030	0.00023	0.00012	9.9e-05	3.1e-05	9.5e-05	0.00010	9.7e-05	0.00016
19	0.01129	0.51705	0.22226	0.01155	0.02249	0.03612	0.05791	0.01095	0.01316	0.01106	0.00863	0.00669	0.00255	9.5e-05	0.00490	2.6e-05	0.00810	0.00220	0.00414	0.04882
20	0.00388	0.00019	0.00025	0.32028	0.03170	0.00843	0.01820	0.01217	0.44003	0.04508	0.02905	0.00037	0.00943	0.00013	0.00010	3.3e-05	9.8e-05	0.04885	0.00324	0.02850
21	0.00016	0.00011	0.00014	0.00013	0.00016	9.8e-05	9.7e-05	0.00525	0.01107	0.07442	0.81128	0.06436	0.02062	0.00020	0.00011	3.1e-05	5e-05	0.00524	0.00637	9.8e-05
22	0.01468	0.01212	0.04960	0.23711	0.17050	0.00979	0.02024	0.04340	0.01118	0.23115	0.01527	0.13768	0.00284	0.00609	0.00498	0.00264	0.02108	0.00613	0.00339	0.00013
23	0.00973	0.01272	0.00771	0.26794	0.14173	0.14908	0.03110	0.14342	0.03768	0.12863	0.01944	0.00593	0.00625	0.00621	0.00701	0.00700	0.01102	0.00720	6.8e-05	0.00013
24	0.00013	0.04617	0.00483	0.00013	0.00015	9.8e-05	0.00504	0.00015	0.00019	0.00025	0.00891	0.59487	0.22731	0.08264	0.00015	4.2e-05	6.2e-05	0.02870	8.6e-05	8.2e-05
25	0.00014	9.9e-05	0.00346	0.00013	0.00324	9.3e-05	8.9e-05	0.01803	0.01505	0.01877	0.10428	0.50088	0.14099	0.17186	0.00627	0.00306	6.5e-05	0.00865	0.00476	8.3e-05
26	0.01955	0.04393	0.06291	0.04830	0.44572	0.02614	0.02847	0.21826	0.01195	0.04093	0.02606	0.00576	0.00623	0.00011	0.00535	0.00532	0.00472	8.9e-05	6.4e-05	0.00015

[dist]
# distance from previous block
# <min> <max>
0	183

# created by:
# /home/cegg/simao/soft/augustus-3.2.1/scripts/msa2prfl.pl ./align_prep/POG091H00XK.fa
