[name]
unknown

[dist]
# distance from previous block
# <min> <max>
0	374

[block]
# block no. 0 follows, 2821 sequences, length 20
# corresponding to MSA columns:
# 458-461,465-480
name=unknown_A
#
# <colnr> <probs for GDERKNQSTAVLIFYWHMCP>
#	G	D	E	R	K	N	Q	S	T	A	V	L	I	F	Y	W	H	M	C	P
0	0.01864	0.00784	0.00692	0.13147	0.56366	0.01659	0.02152	0.07682	0.05274	0.02782	0.01393	0.00966	0.03255	0.00013	0.00012	3.8e-05	0.00856	0.00433	7.4e-05	0.00657
1	0.00806	0.01166	0.01871	0.07451	0.02840	0.01596	0.01443	0.15840	0.41884	0.03226	0.07454	0.02281	0.05071	0.00461	0.00013	3.9e-05	0.00372	0.00425	0.00011	0.05787
2	0.02505	0.00305	0.00469	0.07418	0.07403	0.02385	0.11681	0.07314	0.07368	0.12821	0.16762	0.07228	0.10548	0.00899	0.01104	4.3e-05	0.01471	0.01562	0.00297	0.00454
3	0.00018	0.00013	0.00017	0.00017	0.00018	0.00014	0.00012	0.00020	0.00019	0.00026	0.00035	0.01092	0.00036	0.41052	0.52753	0.02824	0.02001	0.00015	6.9e-05	9.4e-05
4	0.01637	0.00020	0.06923	0.10940	0.02930	0.00395	0.01834	0.03016	0.06941	0.03346	0.39460	0.02203	0.11062	0.04606	0.01938	4.6e-05	0.00930	0.00807	0.00994	0.00013
5	0.00023	0.00011	0.00011	0.00011	0.00014	0.00011	8.6e-05	0.00029	0.00026	0.00046	0.00040	0.00046	0.00031	0.00014	8.6e-05	2.9e-05	5.7e-05	0.00011	0.99637	0.00011
6	0.01083	0.01091	0.02902	0.05105	0.02185	0.10216	0.30408	0.23185	0.16705	0.02586	0.00694	0.00888	0.00728	0.00014	0.00013	3.9e-05	0.00677	0.01067	0.00432	0.00018
7	0.00935	0.07538	0.36298	0.00032	0.01700	0.17672	0.06123	0.11322	0.01703	0.10263	0.01795	0.00030	0.00391	0.00580	0.00362	3.8e-05	0.02867	0.00010	0.00359	0.00017
8	0.00023	0.00011	0.00011	0.00011	0.00014	0.00011	8.6e-05	0.00029	0.00026	0.00046	0.00040	0.00046	0.00031	0.00014	8.6e-05	2.9e-05	5.7e-05	0.00011	0.99637	0.00011
9	0.90365	0.01435	0.01526	0.00866	0.00491	0.01213	0.00937	0.00847	0.00496	0.01100	0.00018	0.00021	0.00014	0.00012	8.1e-05	3.8e-05	0.00620	7e-05	7.6e-05	0.00014
10	0.04666	0.00751	0.02017	0.00364	0.02216	0.03914	0.02815	0.04078	0.05195	0.28785	0.00599	0.00390	0.00335	0.03618	0.24217	0.06023	0.08584	0.01078	0.00340	0.00015
11	0.00384	0.09588	0.23422	0.01737	0.05107	0.01478	0.16319	0.05247	0.13354	0.02504	0.11637	0.00965	0.05300	0.00322	0.00350	3.9e-05	0.01483	0.00440	0.00341	0.00017
12	0.02428	0.00028	0.05124	0.00374	0.00033	0.00645	0.02644	0.35175	0.15684	0.06052	0.02647	0.00602	0.00354	0.07946	0.12353	0.00398	0.06365	0.00475	0.00360	0.00314
13	0.01568	0.02320	0.01671	0.02080	0.00925	0.03944	0.00804	0.12491	0.05429	0.15697	0.02739	0.07027	0.01885	0.00546	0.00510	3.2e-05	0.01293	0.00429	9.8e-05	0.38629
14	0.00826	0.00028	0.00047	0.19019	0.60418	0.00980	0.09172	0.01867	0.02294	0.00555	0.01274	0.00551	0.02208	0.00013	0.00695	3.9e-05	0.00015	0.00012	6.5e-05	0.00018
15	0.00021	0.00012	0.00017	0.00017	0.00619	0.00489	0.00477	0.00017	0.00017	0.00546	0.00023	0.00658	0.00023	0.01915	0.07560	0.85013	0.00517	0.00625	5.6e-05	0.01427
16	0.00468	0.00019	0.01063	0.01868	0.00385	0.00585	0.17296	0.05400	0.01454	0.11257	0.12490	0.22582	0.04570	0.05268	0.03538	0.01112	0.00875	0.09746	0.00011	0.00014
17	0.96515	0.00024	0.00019	0.00018	0.03159	0.00028	0.00014	0.00036	0.00021	0.00055	0.00017	0.00020	0.00013	0.00011	7.7e-05	3.8e-05	9.7e-05	6.8e-05	7.6e-05	0.00013
18	0.00027	0.00028	0.00051	0.32300	0.31423	0.00456	0.30943	0.00495	0.00027	0.00433	0.00473	0.00487	0.00776	0.00556	0.00436	4.1e-05	0.00521	0.00012	0.00534	0.00016
19	0.00023	0.00011	0.00011	0.00011	0.00014	0.00011	8.6e-05	0.00029	0.00026	0.00046	0.00040	0.00046	0.00031	0.00014	8.6e-05	2.9e-05	5.7e-05	0.00011	0.99637	0.00011

[dist]
# distance from previous block
# <min> <max>
0	1

[block]
# block no. 1 follows, 2821 sequences, length 11
# corresponding to MSA columns:
# 482-492
name=unknown_B
#
# <colnr> <probs for GDERKNQSTAVLIFYWHMCP>
#	G	D	E	R	K	N	Q	S	T	A	V	L	I	F	Y	W	H	M	C	P
0	0.12419	0.08834	0.15885	0.02435	0.02547	0.12978	0.05146	0.14751	0.02591	0.13916	0.01382	0.00031	0.00909	0.00014	0.00655	3.8e-05	0.03544	0.00780	0.01162	0.00017
1	0.00023	0.00011	0.00011	0.00011	0.00014	0.00011	8.6e-05	0.00029	0.00026	0.00046	0.00040	0.00046	0.00031	0.00014	8.6e-05	2.9e-05	5.7e-05	0.00011	0.99637	0.00011
2	0.53691	0.03700	0.00974	0.02897	0.08372	0.08699	0.07747	0.03749	0.00718	0.01055	0.00021	0.01271	0.00017	0.00690	0.00643	4e-05	0.05002	0.00730	7.3e-05	0.00015
3	0.02125	0.01140	0.24396	0.01133	0.02611	0.01974	0.07900	0.13868	0.07542	0.32268	0.03178	0.00037	0.00027	0.00014	0.00012	3.9e-05	0.00725	0.01017	0.00010	0.00019
4	0.01550	0.00011	0.00016	0.00016	0.00017	0.00011	0.00011	0.00018	0.00017	0.02075	0.01545	0.00039	0.00024	0.01806	0.03768	0.89042	0.00011	0.00011	5.8e-05	6.1e-05
5	0.21462	0.07619	0.03311	0.00028	0.00035	0.60270	0.01763	0.02795	0.00031	0.01372	0.00019	0.00022	0.00016	0.00012	0.00011	3.4e-05	0.01200	7.9e-05	6.8e-05	0.00015
6	0.01069	0.00029	0.01123	0.00027	0.01178	0.00032	0.03434	0.34726	0.53761	0.01434	0.01082	0.00039	0.00031	0.00016	0.00012	4e-05	0.00011	0.00013	0.01959	0.00020
7	0.00017	0.00012	0.00015	0.00016	0.00018	0.00012	0.00012	0.00020	0.01178	0.01170	0.06277	0.34047	0.16950	0.21906	0.03536	6.9e-05	9.5e-05	0.14776	0.00011	0.00010
8	0.00594	0.02798	0.18187	0.00907	0.04382	0.01200	0.03991	0.07127	0.07030	0.02114	0.39072	0.01197	0.07391	0.00573	0.00551	4e-05	0.01533	0.00632	0.00700	0.00015
9	0.00830	0.00863	0.87353	0.00747	0.02122	0.00028	0.01494	0.00785	0.00779	0.01452	0.00738	0.00825	0.00861	0.00012	0.00012	3.9e-05	0.00017	9.7e-05	5.7e-05	0.01062
10	0.01926	0.02248	0.44126	0.02406	0.01258	0.00770	0.05769	0.05756	0.03758	0.02445	0.11964	0.05777	0.05150	0.02949	0.01225	4.4e-05	0.00957	0.00920	0.00579	0.00016

[dist]
# distance from previous block
# <min> <max>
17	60

[block]
# block no. 2 follows, 2821 sequences, length 49
# corresponding to MSA columns:
# 614,616-629,638-671
name=unknown_C
#
# <colnr> <probs for GDERKNQSTAVLIFYWHMCP>
#	G	D	E	R	K	N	Q	S	T	A	V	L	I	F	Y	W	H	M	C	P
0	0.04177	0.03438	0.04848	0.00651	0.01115	0.01345	0.01845	0.10496	0.10097	0.16409	0.09625	0.14553	0.07704	0.02358	0.01710	0.00159	0.03081	0.02229	0.00169	0.03990
1	0.05284	0.05865	0.27790	0.04400	0.06002	0.02313	0.10730	0.08213	0.09378	0.08310	0.02802	0.01375	0.02007	0.00324	0.00581	3.9e-05	0.01988	0.00373	0.00379	0.01881
2	0.04354	0.16870	0.30181	0.02724	0.07014	0.03358	0.04405	0.07438	0.04924	0.07657	0.01340	0.02033	0.00496	0.00179	0.00141	3.6e-05	0.01832	0.00229	0.00130	0.04692
3	0.01830	0.01907	0.24967	0.00642	0.01181	0.01498	0.05178	0.02673	0.07789	0.12000	0.11255	0.09326	0.03425	0.03805	0.02234	4.6e-05	0.02602	0.01487	0.00445	0.05752
4	0.00668	0.05237	0.10322	0.04618	0.03378	0.01484	0.05832	0.06839	0.06073	0.07153	0.03915	0.01420	0.04887	0.01613	0.00541	3.4e-05	0.01379	0.01083	0.00361	0.33192
5	0.00304	0.00022	0.00036	0.85129	0.02504	0.00027	0.00186	0.00590	0.00764	0.04329	0.00216	0.00214	0.00175	0.00645	0.00357	4.1e-05	0.01968	0.00168	0.00391	0.01972
6	0.00019	0.00234	0.00528	0.04872	0.00740	0.00442	0.01538	0.01036	0.06238	0.00580	0.07468	0.17228	0.25560	0.20339	0.05018	0.00946	0.01308	0.05269	0.00626	0.00011
7	0.02598	0.06570	0.03137	0.01851	0.08321	0.02407	0.03829	0.28411	0.05579	0.03746	0.03409	0.04931	0.01983	0.00410	0.00343	3.6e-05	0.02847	0.00784	0.01191	0.17651
8	0.00300	0.00026	0.00028	0.00025	0.00032	0.00030	0.00019	0.21965	0.64371	0.01218	0.02250	0.03115	0.02824	0.00018	0.00013	4.1e-05	0.00010	0.02359	0.01374	0.00019
9	0.65350	0.03026	0.02032	0.01256	0.05286	0.03031	0.01882	0.02004	0.03959	0.01841	0.00183	0.01728	0.00410	0.00361	0.01147	4e-05	0.03537	0.00214	0.00436	0.02313
10	0.01673	0.08508	0.00777	0.00018	0.00280	0.02703	0.02722	0.06301	0.00387	0.01749	0.08555	0.10184	0.30075	0.12318	0.04858	5.9e-05	0.00469	0.08203	0.00203	0.00012
11	0.21957	0.07093	0.10026	0.01976	0.08470	0.04525	0.03993	0.16011	0.03649	0.13563	0.00965	0.00917	0.00350	0.00249	0.00300	3.7e-05	0.00575	0.00454	0.00287	0.04637
12	0.02882	0.00448	0.93717	0.00034	0.00052	0.00408	0.00044	0.00419	0.00651	0.00832	0.00394	0.00026	0.00016	0.00012	0.00012	3.9e-05	0.00018	9.1e-05	5.4e-05	0.00018
13	0.00016	0.00011	0.00014	0.00016	0.00016	0.00011	0.00010	0.00018	0.00022	0.00029	0.01326	0.60154	0.00991	0.33540	0.00032	0.02098	8.8e-05	0.01018	0.00660	9.1e-05
14	0.00036	0.76397	0.00057	0.00023	0.00033	0.20502	0.00022	0.00476	0.01272	0.01060	0.00018	0.00021	0.00016	0.00011	8.7e-05	2.8e-05	0.00015	7e-05	5.7e-05	0.00016
15	0.00298	0.00173	0.00522	0.88602	0.00257	0.00701	0.00204	0.00031	0.00686	0.00032	0.00200	0.02895	0.02843	0.00229	0.00388	4.2e-05	0.00926	0.00776	0.00220	0.00013
16	0.00019	0.00013	0.00017	0.00016	0.00019	0.00012	0.00012	0.00297	0.00461	0.03666	0.88626	0.03349	0.02272	0.00407	0.00015	3.9e-05	6.1e-05	0.00022	0.00013	0.00754
17	0.00016	0.00011	0.00015	0.00017	0.00018	0.00011	0.00012	0.00312	0.03266	0.00624	0.00447	0.91430	0.01058	0.01213	0.00016	5e-05	7.3e-05	0.00743	0.00767	0.00010
18	0.98227	0.00024	0.00018	0.00016	0.00024	0.00028	0.00013	0.00750	0.00021	0.00767	0.00017	0.00020	0.00013	0.00011	7.7e-05	3.8e-05	9.5e-05	6.7e-05	7.7e-05	0.00013
19	0.93209	0.00660	0.00337	0.00996	0.01687	0.00416	0.00559	0.01325	0.00350	0.00347	0.00018	0.00021	0.00014	0.00011	7.9e-05	3.8e-05	9.9e-05	6.9e-05	7.6e-05	0.00014
20	0.99655	0.00024	0.00018	0.00016	0.00024	0.00028	0.00013	0.00036	0.00021	0.00055	0.00017	0.00020	0.00013	0.00011	7.6e-05	3.8e-05	9.5e-05	6.7e-05	7.6e-05	0.00013
21	0.00017	0.00012	0.00015	0.00016	0.00018	0.00256	0.00286	0.00021	0.00901	0.03885	0.17291	0.37872	0.31207	0.05698	0.00018	0.00934	7.2e-05	0.01274	0.00012	0.00260
22	0.00018	0.00013	0.00017	0.00016	0.00019	0.00012	0.00012	0.00024	0.01179	0.02855	0.87974	0.01926	0.03863	0.00025	0.00014	3.9e-05	6.1e-05	0.01996	0.00013	0.00012
23	0.00478	0.03361	0.03456	0.08302	0.11881	0.00689	0.03166	0.02829	0.02238	0.03482	0.00701	0.02232	0.00368	0.00140	0.00233	2.8e-05	0.00929	0.00286	0.00565	0.54663
24	0.92429	0.00715	0.00393	0.02136	0.00026	0.00028	0.00014	0.01171	0.00022	0.02584	0.00018	0.00021	0.00014	0.00012	7.9e-05	3.8e-05	9.8e-05	7e-05	0.00376	0.00014
25	0.08210	0.00032	0.02697	0.00027	0.00037	0.00034	0.01319	0.74023	0.00323	0.12087	0.00735	0.00031	0.00022	0.00014	0.00012	3.7e-05	0.00013	0.00011	0.00349	0.00020
26	0.00025	0.00014	0.00019	0.00018	0.00021	0.00013	0.00013	0.01008	0.01117	0.21312	0.35102	0.32653	0.02906	0.01115	0.00015	4.4e-05	7.7e-05	0.04224	0.00399	0.00013
27	0.00019	0.00014	0.00017	0.00016	0.00020	0.00644	0.00012	0.00866	0.09948	0.01429	0.50330	0.05578	0.26033	0.00028	0.03055	4.5e-05	7.5e-05	0.01659	0.00308	0.00012
28	0.00015	0.00011	0.00014	0.00017	0.00018	0.00010	0.00011	0.00017	0.00024	0.00031	0.00068	0.98504	0.00081	0.00038	0.00016	5e-05	7.2e-05	0.01091	0.00011	0.0001
29	0.00015	0.00012	0.00014	0.00015	0.00017	0.00011	0.00011	0.00019	0.00028	0.00036	0.19592	0.25588	0.49920	0.00539	0.00015	0.00746	6.6e-05	0.02876	0.00529	0.00010
30	0.79308	0.00024	0.00020	0.00017	0.00025	0.00026	0.00014	0.03756	0.02281	0.12032	0.01948	0.00025	0.00018	0.00012	8.6e-05	3.8e-05	9.7e-05	8e-05	0.00449	0.00015
31	0.99655	0.00024	0.00018	0.00016	0.00024	0.00028	0.00013	0.00036	0.00021	0.00055	0.00017	0.00020	0.00013	0.00011	7.6e-05	3.8e-05	9.5e-05	6.7e-05	7.6e-05	0.00013
32	0.00032	0.48416	0.33387	0.00027	0.00040	0.06038	0.00520	0.06575	0.00441	0.02005	0.00020	0.00023	0.00016	0.00012	0.00011	3.3e-05	0.02403	8.1e-05	6e-05	0.00017
33	0.00025	0.00022	0.00025	0.00018	0.00029	0.00016	0.00015	0.00031	0.00025	0.00040	0.00022	0.00025	0.00018	9.1e-05	9.1e-05	1.8e-05	9.1e-05	7.3e-05	7.3e-05	0.99643
34	0.99655	0.00024	0.00018	0.00016	0.00024	0.00028	0.00013	0.00036	0.00021	0.00055	0.00017	0.00020	0.00013	0.00011	7.6e-05	3.8e-05	9.5e-05	6.7e-05	7.6e-05	0.00013
35	0.00019	0.00013	0.00015	0.00014	0.00018	0.00011	0.00011	0.00023	0.00620	0.08314	0.20122	0.00106	0.70614	0.00028	0.00014	4.1e-05	6.5e-05	0.00024	0.00012	0.00012
36	0.99655	0.00024	0.00018	0.00016	0.00024	0.00028	0.00013	0.00036	0.00021	0.00055	0.00017	0.00020	0.00013	0.00011	7.6e-05	3.8e-05	9.5e-05	6.7e-05	7.6e-05	0.00013
37	0.00030	0.00029	0.00050	0.00075	0.99492	0.00029	0.00038	0.00038	0.00028	0.00040	0.00023	0.00030	0.00019	0.00011	0.00012	3.6e-05	0.00015	0.00011	6.1e-05	0.00019
38	0.00046	0.00034	0.00037	0.00028	0.00038	0.00038	0.00023	0.97644	0.01865	0.00077	0.00030	0.00030	0.00021	0.00015	0.00012	3.7e-05	0.00013	0.00011	0.00012	0.00021
39	0.00031	0.00027	0.00028	0.00025	0.00032	0.00031	0.00020	0.02544	0.96990	0.00052	0.00049	0.00045	0.00037	0.00017	0.00012	4.2e-05	9.8e-05	0.00014	0.00012	0.00019
40	0.00320	0.00011	0.00014	0.00017	0.00018	0.00010	0.00011	0.00017	0.00024	0.00347	0.00711	0.90143	0.06150	0.01429	0.00016	5e-05	7.2e-05	0.00727	0.00011	0.00010
41	0.00241	0.00012	0.00015	0.00018	0.00019	0.00342	0.00012	0.00705	0.03030	0.00275	0.03379	0.83094	0.02923	0.00737	0.00016	5e-05	7.5e-05	0.05147	0.00011	0.00011
42	0.00706	0.00012	0.00015	0.00017	0.00019	0.00011	0.00012	0.01264	0.02517	0.00033	0.00532	0.91002	0.01214	0.00437	0.00016	5e-05	7.4e-05	0.02159	0.00011	0.00010
43	0.00304	0.03479	0.09104	0.02317	0.05440	0.00031	0.77581	0.00517	0.00258	0.00469	0.00024	0.00032	0.00018	0.00011	0.00014	4e-05	0.00359	0.00013	6.1e-05	0.00017
44	0.00313	0.00017	0.00021	0.00019	0.00024	0.00294	0.00355	0.02583	0.20110	0.16182	0.34578	0.08120	0.14245	0.00262	0.00014	4.1e-05	8e-05	0.02627	0.00209	0.00015
45	0.01520	0.00020	0.00025	0.00021	0.00028	0.00020	0.00017	0.17194	0.02345	0.43619	0.04946	0.12314	0.03587	0.00020	0.00013	4e-05	9.8e-05	0.06138	0.08143	0.00017
46	0.08542	0.03194	0.01214	0.02682	0.01789	0.04269	0.03345	0.13751	0.02903	0.32313	0.00673	0.08666	0.00692	0.00349	0.00894	4e-05	0.03157	0.00617	0.10025	0.00922
47	0.04660	0.02520	0.02838	0.10712	0.11504	0.12168	0.13668	0.08269	0.01333	0.13258	0.00597	0.04879	0.00602	0.01426	0.02555	0.00233	0.06479	0.01784	0.00497	0.00016
48	0.00296	0.00229	0.00016	0.00163	0.00019	0.00858	0.00156	0.00900	0.01379	0.04873	0.07192	0.47089	0.12046	0.07307	0.02658	0.04983	0.00150	0.08618	0.01057	0.00011

[dist]
# distance from previous block
# <min> <max>
2	149

[block]
# block no. 3 follows, 2821 sequences, length 22
# corresponding to MSA columns:
# 822,824-835,838,842-844,851-854,858
name=unknown_D
#
# <colnr> <probs for GDERKNQSTAVLIFYWHMCP>
#	G	D	E	R	K	N	Q	S	T	A	V	L	I	F	Y	W	H	M	C	P
0	0.00679	0.02830	0.01057	0.21615	0.31415	0.05938	0.00980	0.08589	0.11219	0.01586	0.00992	0.00711	0.00949	0.00013	0.00012	3.6e-05	0.00923	0.00645	7.6e-05	0.09836
1	0.00593	0.00016	0.00019	0.00018	0.01386	0.00015	0.00013	0.01621	0.10705	0.10544	0.60599	0.00741	0.08631	0.00463	0.00014	3.9e-05	7.1e-05	0.00020	0.04044	0.00549
2	0.00016	0.00011	0.00015	0.00017	0.00018	0.00010	0.00012	0.00018	0.00024	0.01832	0.04831	0.84488	0.04638	0.01294	0.00973	0.00591	7.5e-05	0.01182	0.00011	0.00010
3	0.00018	0.00013	0.00020	0.00020	0.00022	0.00015	0.00015	0.00022	0.00020	0.00029	0.01147	0.00052	0.01406	0.01454	0.93990	0.00019	0.00032	0.01690	6.8e-05	0.00011
4	0.00575	0.00013	0.00016	0.00015	0.00019	0.00012	0.00011	0.00686	0.00032	0.05215	0.60375	0.05808	0.24017	0.01504	0.00015	4.1e-05	6.4e-05	0.00543	0.01121	0.00012
5	0.00041	0.00031	0.00033	0.00027	0.00035	0.00035	0.00022	0.62605	0.32779	0.01567	0.00037	0.00035	0.00027	0.00015	0.00012	3.8e-05	0.00012	0.00012	0.02650	0.00020
6	0.89109	0.00024	0.00019	0.00017	0.00025	0.00027	0.00014	0.01577	0.00023	0.09046	0.00020	0.00022	0.00015	0.00012	8.1e-05	3.8e-05	9.6e-05	7.2e-05	8.4e-05	0.00014
7	0.00025	0.00064	0.99505	0.00035	0.00053	0.00029	0.00045	0.00039	0.00026	0.00039	0.00022	0.00026	0.00016	0.00012	0.00012	3.9e-05	0.00018	9.1e-05	5.2e-05	0.00018
8	0.00025	0.00064	0.99505	0.00035	0.00053	0.00029	0.00045	0.00039	0.00026	0.00039	0.00022	0.00026	0.00016	0.00012	0.00012	3.9e-05	0.00018	9.1e-05	5.2e-05	0.00018
9	0.01329	0.00033	0.00036	0.00027	0.00037	0.00036	0.00023	0.85707	0.04158	0.08440	0.00032	0.00031	0.00022	0.00015	0.00012	3.7e-05	0.00013	0.00011	0.00012	0.00021
10	0.04561	0.00741	0.04215	0.00509	0.01299	0.00357	0.03721	0.02823	0.01373	0.30056	0.10779	0.25756	0.05704	0.00022	0.00013	4e-05	9.6e-05	0.00573	0.00012	0.07472
11	0.08619	0.03506	0.10276	0.10501	0.05268	0.02549	0.17998	0.12348	0.01633	0.17918	0.00029	0.00552	0.00596	0.00546	0.00499	4e-05	0.04035	0.00415	0.00280	0.02428
12	0.00030	0.00033	0.00071	0.00051	0.00063	0.00031	0.96415	0.00040	0.00029	0.03072	0.00026	0.00033	0.00019	0.00011	0.00014	4.1e-05	0.00020	0.00014	6.5e-05	0.00017
13	0.00017	0.00013	0.00015	0.00015	0.00018	0.00012	0.00011	0.00023	0.05661	0.00964	0.44717	0.08149	0.40281	0.00028	0.00014	4.1e-05	6.3e-05	0.00024	0.00012	0.00011
14	0.01722	0.00025	0.00410	0.23160	0.38623	0.00026	0.02527	0.03004	0.00383	0.23107	0.00381	0.03069	0.00024	0.00014	0.01100	4e-05	0.01178	0.00358	0.00868	0.00018
15	0.02133	0.01482	0.00861	0.01578	0.00025	0.03533	0.01016	0.05098	0.00398	0.01623	0.00442	0.46773	0.02485	0.00032	0.00016	4.9e-05	0.01384	0.31094	0.00011	0.00012
16	0.00024	0.00022	0.00037	0.95110	0.00082	0.00028	0.00034	0.02758	0.00025	0.00033	0.00022	0.00033	0.00016	0.00013	0.00013	4.1e-05	0.01716	0.00011	5.6e-05	0.00014
17	0.03923	0.00021	0.00028	0.00022	0.00031	0.00019	0.00018	0.03547	0.00617	0.87407	0.00674	0.00678	0.00030	0.00016	0.00013	0.01506	0.00010	0.00012	0.01409	0.00020
18	0.02046	0.14299	0.25206	0.09163	0.10704	0.04961	0.16107	0.03261	0.02666	0.02046	0.00793	0.00999	0.00777	0.01009	0.00354	3.9e-05	0.04756	0.00827	6.5e-05	0.00017
19	0.00023	0.00022	0.00036	0.96483	0.00083	0.00027	0.00034	0.00031	0.00024	0.00032	0.00022	0.00033	0.00017	0.00012	0.00013	4.1e-05	0.01553	0.00011	0.01527	0.00014
20	0.00016	0.00012	0.00015	0.00017	0.00019	0.00011	0.00012	0.00021	0.05953	0.00033	0.01637	0.71097	0.15763	0.00035	0.00015	4.8e-05	7.3e-05	0.04341	0.00979	0.00011
21	0.54913	0.08443	0.03070	0.01300	0.04704	0.06966	0.03567	0.03295	0.02341	0.04361	0.00321	0.00446	0.00518	0.00456	0.00011	0.00446	0.03523	0.00316	0.00418	0.00586

[dist]
# distance from previous block
# <min> <max>
5	102

[block]
# block no. 4 follows, 2821 sequences, length 16
# corresponding to MSA columns:
# 972-978,990-995,997-999
name=unknown_E
#
# <colnr> <probs for GDERKNQSTAVLIFYWHMCP>
#	G	D	E	R	K	N	Q	S	T	A	V	L	I	F	Y	W	H	M	C	P
0	0.00661	0.03848	0.04361	0.04540	0.09782	0.07175	0.04995	0.01987	0.00722	0.01683	0.00641	0.16751	0.00853	0.09932	0.27081	0.01465	0.01897	0.01173	7.6e-05	0.00442
1	0.00018	0.00012	0.00016	0.00017	0.00019	0.00012	0.00012	0.00776	0.00793	0.04733	0.18719	0.46990	0.16702	0.03114	0.00849	4.9e-05	7.6e-05	0.07185	0.00012	0.00011
2	0.01482	0.00015	0.00477	0.00020	0.00470	0.00014	0.01687	0.03253	0.01984	0.14903	0.04873	0.47353	0.01164	0.03141	0.08416	6.1e-05	0.00489	0.09086	0.01154	0.00013
3	0.00771	0.00747	0.00029	0.00023	0.00031	0.05979	0.00018	0.26294	0.08028	0.38896	0.01436	0.00038	0.00028	0.00015	0.00012	3.5e-05	0.00011	0.00012	0.12114	0.05515
4	0.01401	0.02949	0.76945	0.00032	0.00048	0.00029	0.01187	0.01715	0.08397	0.02660	0.01410	0.00030	0.00669	0.00013	0.00012	3.9e-05	0.01002	9.9e-05	0.01470	0.00018
5	0.01053	0.01081	0.00028	0.00582	0.00031	0.04333	0.01401	0.06934	0.65293	0.02859	0.01568	0.01158	0.10467	0.00019	0.00688	4.2e-05	0.00558	0.01371	0.00556	0.00018
6	0.01148	0.25954	0.01058	0.04082	0.01975	0.30199	0.04453	0.17416	0.00497	0.01371	0.01524	0.01083	0.00619	0.00449	0.02099	3.7e-05	0.01300	9.6e-05	0.04743	0.00016
7	0.00019	0.00013	0.00016	0.00017	0.00020	0.00852	0.00012	0.00863	0.02475	0.05044	0.17928	0.46202	0.12596	0.01827	0.00762	0.02681	7.9e-05	0.07656	0.00997	0.00011
8	0.03449	0.14939	0.50391	0.03767	0.01108	0.02357	0.05549	0.04088	0.01382	0.02980	0.00024	0.02247	0.00019	0.00707	0.00431	3.8e-05	0.01654	0.01051	6.4e-05	0.03845
9	0.00726	0.15995	0.06107	0.06200	0.07262	0.12668	0.09492	0.05673	0.08753	0.07638	0.06268	0.03578	0.02418	0.00755	0.01543	4e-05	0.03058	0.01839	8.4e-05	0.00016
10	0.00814	0.00013	0.00014	0.00014	0.00018	0.00012	0.00011	0.00822	0.00838	0.06074	0.12069	0.05646	0.72461	0.00029	0.00014	4.1e-05	6.6e-05	0.01117	0.00012	0.00011
11	0.00374	0.00426	0.08178	0.03973	0.05735	0.00726	0.03430	0.05011	0.01344	0.03033	0.04244	0.36217	0.07838	0.05577	0.02728	0.00356	0.01143	0.01220	0.07999	0.00447
12	0.08187	0.05203	0.14654	0.05009	0.03804	0.04997	0.10961	0.07048	0.05164	0.24076	0.02284	0.02736	0.00643	0.00409	0.00391	3.9e-05	0.01666	0.00958	9.4e-05	0.01799
13	0.01677	0.00027	0.07303	0.00481	0.00673	0.03939	0.10497	0.03948	0.16532	0.15633	0.07246	0.07963	0.05321	0.00403	0.03049	0.00397	0.11455	0.02748	0.00693	0.00016
14	0.00024	0.00014	0.00017	0.00017	0.00021	0.00013	0.00012	0.01802	0.01162	0.20039	0.14327	0.25083	0.32363	0.01963	0.00015	4.4e-05	7.6e-05	0.02162	0.00941	0.00013
15	0.01813	0.13049	0.36533	0.06064	0.08841	0.04466	0.03989	0.07356	0.02863	0.04865	0.01960	0.04240	0.00859	0.00407	0.00555	3.9e-05	0.01185	0.00535	0.00399	0.00017

[dist]
# distance from previous block
# <min> <max>
1	53

[block]
# block no. 5 follows, 2821 sequences, length 39
# corresponding to MSA columns:
# 1058-1074,1076,1094-1114
name=unknown_F
#
# <colnr> <probs for GDERKNQSTAVLIFYWHMCP>
#	G	D	E	R	K	N	Q	S	T	A	V	L	I	F	Y	W	H	M	C	P
0	0.00026	0.00021	0.00025	0.00018	0.00028	0.00017	0.00015	0.01198	0.00456	0.02700	0.01689	0.01345	0.01578	0.01523	0.05673	3.2e-05	0.00973	8.9e-05	0.00400	0.82302
1	0.03303	0.27010	0.10321	0.04761	0.10547	0.01663	0.05858	0.08201	0.04261	0.14767	0.04106	0.00525	0.01023	0.01708	0.00178	3.7e-05	0.00823	0.00520	0.00169	0.00250
2	0.00018	0.00012	0.00015	0.00016	0.00018	0.00011	0.00011	0.00021	0.00391	0.05250	0.19803	0.43105	0.10626	0.14608	0.02140	0.00355	8.3e-05	0.02544	0.01037	0.00011
3	0.00347	0.00013	0.00017	0.00017	0.00020	0.00012	0.00013	0.00026	0.00631	0.11043	0.43168	0.25163	0.07496	0.00604	0.00015	4.3e-05	7.2e-05	0.08932	0.02460	0.00012
4	0.00017	0.00013	0.00015	0.00014	0.00018	0.00011	0.00011	0.00021	0.00031	0.01195	0.50277	0.00730	0.43301	0.02999	0.00016	4.3e-05	6.3e-05	0.01298	0.00012	0.00011
5	0.00016	0.00012	0.00014	0.00014	0.00017	0.00011	0.00010	0.00020	0.00425	0.00930	0.29077	0.07718	0.59385	0.00829	0.00015	4.2e-05	6.3e-05	0.01472	0.00012	0.00011
6	0.00033	0.99576	0.00064	0.00021	0.00032	0.00049	0.00021	0.00037	0.00025	0.00029	0.00017	0.00020	0.00016	0.00011	7.9e-05	2.6e-05	0.00013	6.6e-05	5.3e-05	0.00016
7	0.00047	0.00034	0.00037	0.00028	0.00038	0.00038	0.00023	0.99451	0.00058	0.00077	0.00029	0.00029	0.00021	0.00015	0.00012	3.7e-05	0.00014	0.00011	0.00012	0.00021
8	0.00016	0.00013	0.00014	0.00013	0.00017	0.00011	0.00010	0.00020	0.00029	0.02658	0.20693	0.02334	0.74069	0.00030	0.00014	4.1e-05	6.3e-05	0.00025	0.00012	0.00011
9	0.00029	0.00033	0.00072	0.00052	0.00064	0.00031	0.99447	0.00039	0.00029	0.00039	0.00025	0.00033	0.00019	0.00010	0.00014	4.1e-05	0.00021	0.00014	6.2e-05	0.00017
10	0.00030	0.00025	0.00027	0.00024	0.00031	0.00410	0.00019	0.00729	0.85462	0.03789	0.06627	0.00051	0.01457	0.00018	0.00013	4.1e-05	9.5e-05	0.01245	0.00013	0.00019
11	0.00017	0.00013	0.00017	0.00018	0.00021	0.00012	0.00566	0.00022	0.01805	0.00384	0.15836	0.26578	0.20772	0.01488	0.00016	4.9e-05	8.3e-05	0.32092	0.00319	0.00011
12	0.00709	0.00020	0.00217	0.02915	0.01028	0.02713	0.03538	0.06982	0.05068	0.05408	0.03291	0.01326	0.01308	0.10170	0.31236	0.10007	0.12627	0.01249	0.00176	0.00012
13	0.00800	0.05000	0.02845	0.03627	0.02720	0.02824	0.01895	0.35868	0.17963	0.06807	0.02491	0.05493	0.00760	0.02202	0.00247	0.00559	0.04004	0.03438	0.00438	0.00018
14	0.02858	0.13872	0.19795	0.00963	0.01401	0.01312	0.03226	0.11997	0.03658	0.11319	0.01277	0.00715	0.00246	0.00012	0.00011	3.2e-05	0.00373	0.00560	8.3e-05	0.26393
15	0.05064	0.21052	0.24087	0.01841	0.02216	0.03590	0.07104	0.09911	0.07064	0.09741	0.00793	0.03532	0.00320	0.00299	0.01378	3.9e-05	0.00936	0.01042	8.1e-05	0.00017
16	0.00221	0.00015	0.01575	0.00017	0.00021	0.00867	0.00249	0.03236	0.02066	0.12016	0.23061	0.27112	0.24257	0.00559	0.00616	4.4e-05	0.00727	0.02472	0.00896	0.00013
17	0.07076	0.21261	0.19546	0.00029	0.00280	0.03163	0.11829	0.13405	0.14103	0.02292	0.00684	0.00219	0.00214	0.00013	0.00011	3.5e-05	0.00683	0.00214	7.9e-05	0.04965
18	0.22356	0.00031	0.00031	0.00025	0.00034	0.02736	0.00655	0.62789	0.01364	0.06002	0.00405	0.01654	0.00797	0.00015	0.00011	3.7e-05	0.00012	0.00497	0.00011	0.00569
19	0.00954	0.00021	0.00027	0.00022	0.00030	0.00020	0.02418	0.14636	0.02559	0.50797	0.10188	0.03789	0.06389	0.00019	0.00014	0.03033	0.00010	0.02123	0.00013	0.02939
20	0.00030	0.00585	0.00027	0.00020	0.00030	0.00018	0.02058	0.03205	0.03150	0.14003	0.02309	0.00466	0.01284	0.00011	0.00010	2.4e-05	0.00300	0.00383	8.9e-05	0.72099
21	0.99655	0.00024	0.00018	0.00016	0.00024	0.00028	0.00013	0.00036	0.00021	0.00055	0.00017	0.00020	0.00013	0.00011	7.6e-05	3.8e-05	9.5e-05	6.7e-05	7.6e-05	0.00013
22	0.16282	0.00031	0.00032	0.00026	0.00034	0.02867	0.00021	0.56886	0.22563	0.01088	0.00032	0.00032	0.00023	0.00015	0.00012	3.8e-05	0.00012	0.00011	0.00011	0.00019
23	0.00019	0.00014	0.00018	0.00016	0.00020	0.00658	0.00428	0.02165	0.01032	0.02119	0.72126	0.01144	0.11493	0.00024	0.00014	3.8e-05	6.7e-05	0.01993	0.00013	0.06692
24	0.03063	0.00030	0.00032	0.00026	0.00305	0.06497	0.00021	0.42565	0.23113	0.20476	0.01643	0.00649	0.00325	0.00016	0.00012	3.8e-05	0.00811	0.00382	0.00012	0.00020
25	0.00029	0.00033	0.00072	0.00052	0.00064	0.00031	0.99447	0.00039	0.00029	0.00039	0.00025	0.00033	0.00019	0.00010	0.00014	4.1e-05	0.00021	0.00014	6.2e-05	0.00017
26	0.00017	0.00013	0.00016	0.00015	0.00018	0.00012	0.00012	0.01151	0.01005	0.00046	0.74017	0.07927	0.14442	0.00027	0.00015	4e-05	6.2e-05	0.01233	0.00013	0.00011
27	0.00024	0.00023	0.00038	0.88108	0.09895	0.00027	0.00830	0.00032	0.00025	0.00032	0.00022	0.00033	0.00017	0.00012	0.00012	4e-05	0.00016	0.00011	0.00824	0.00014
28	0.00753	0.01758	0.63549	0.01299	0.00046	0.00572	0.02088	0.01964	0.03015	0.17165	0.00525	0.00677	0.01078	0.01089	0.03556	4.5e-05	0.00017	0.00545	0.00281	0.00018
29	0.04152	0.00017	0.00019	0.00017	0.00021	0.00631	0.00013	0.15777	0.05944	0.03464	0.27985	0.00393	0.04656	0.00018	0.00011	3.5e-05	7.7e-05	0.00015	0.36840	0.00014
30	0.00733	0.00024	0.00028	0.00023	0.00032	0.00024	0.00019	0.07382	0.40253	0.48548	0.01526	0.00044	0.00034	0.00016	0.00012	3.9e-05	0.00010	0.00394	0.00874	0.00020
31	0.06547	0.00027	0.01391	0.00269	0.00035	0.07138	0.12236	0.12325	0.05960	0.36651	0.00517	0.02429	0.00609	0.04997	0.02241	0.01276	0.03694	0.01631	0.00011	0.00017
32	0.00713	0.01668	0.29384	0.06900	0.05072	0.00851	0.06762	0.05082	0.02069	0.22830	0.03577	0.04259	0.02905	0.01231	0.03888	0.00193	0.01421	0.01004	9e-05	0.00180
33	0.00490	0.00011	0.00015	0.00017	0.00018	0.00010	0.00011	0.00018	0.00024	0.01021	0.04074	0.79771	0.05585	0.03788	0.00017	5.1e-05	7.4e-05	0.03372	0.01734	0.00010
34	0.00370	0.00016	0.00019	0.00019	0.00023	0.00016	0.00963	0.00971	0.19531	0.01399	0.12065	0.12290	0.23562	0.00029	0.00015	4.6e-05	8.7e-05	0.28673	0.00012	0.00013
35	0.02612	0.04855	0.08347	0.42678	0.09338	0.03309	0.09874	0.04543	0.03902	0.04948	0.00310	0.00493	0.00397	0.00013	0.00395	0.00801	0.02435	0.00532	0.00203	0.00016
36	0.00021	0.00187	0.00415	0.00597	0.00440	0.00014	0.00285	0.01157	0.05680	0.06780	0.06752	0.21499	0.15150	0.22966	0.09512	0.05118	0.00630	0.02132	0.00656	0.00011
37	0.01324	0.00021	0.00028	0.00022	0.00031	0.00019	0.00018	0.05227	0.01154	0.85004	0.03108	0.00043	0.00709	0.00016	0.00012	3.8e-05	0.00010	0.00013	0.03219	0.00020
38	0.00030	0.00029	0.00049	0.03999	0.95570	0.00029	0.00038	0.00037	0.00028	0.00040	0.00023	0.00030	0.00019	0.00011	0.00012	3.7e-05	0.00015	0.00011	6.1e-05	0.00019

[dist]
# distance from previous block
# <min> <max>
2	12

[block]
# block no. 6 follows, 2821 sequences, length 34
# corresponding to MSA columns:
# 1127-1145,1182-1194,1196,1197
name=unknown_G
#
# <colnr> <probs for GDERKNQSTAVLIFYWHMCP>
#	G	D	E	R	K	N	Q	S	T	A	V	L	I	F	Y	W	H	M	C	P
0	0.50119	0.08969	0.03238	0.00656	0.00346	0.22090	0.04085	0.01670	0.00377	0.01636	0.00019	0.00236	0.00016	0.00012	0.00010	3.6e-05	0.03371	0.00393	0.00320	0.02433
1	0.01017	0.00016	0.00018	0.00017	0.00335	0.00016	0.00013	0.01911	0.17182	0.06713	0.25018	0.01871	0.38457	0.02284	0.00015	0.00309	0.00232	0.03501	0.00597	0.00480
2	0.02060	0.00022	0.00027	0.00021	0.00030	0.00328	0.00017	0.12891	0.13156	0.36266	0.07734	0.00046	0.06146	0.00016	0.00012	3.5e-05	9.8e-05	0.00467	0.01382	0.19365
3	0.00018	0.00014	0.00016	0.00016	0.00019	0.00013	0.00012	0.00916	0.09109	0.01200	0.28918	0.19703	0.28502	0.06424	0.00018	4.8e-05	7.3e-05	0.04291	0.00787	0.00012
4	0.00383	0.00012	0.00014	0.00015	0.00016	0.00011	9.6e-05	0.00019	0.00411	0.00452	0.16398	0.18256	0.20375	0.40678	0.00690	0.00381	9e-05	0.01851	0.00010	9.4e-05
5	0.00016	0.00012	0.00015	0.00017	0.00019	0.00011	0.00012	0.00019	0.00026	0.00818	0.05604	0.46157	0.29655	0.00985	0.00016	4.8e-05	7.6e-05	0.16583	0.00011	0.00010
6	0.00018	0.00013	0.00016	0.00015	0.00019	0.00012	0.00012	0.01886	0.01788	0.00721	0.72681	0.01628	0.21093	0.00026	0.00014	3.9e-05	6.2e-05	0.00023	0.00013	0.00012
7	0.90625	0.00023	0.00019	0.00017	0.00024	0.00027	0.00014	0.00976	0.00022	0.06505	0.00020	0.00022	0.00015	0.00012	8e-05	3.8e-05	9.5e-05	7.1e-05	0.01637	0.00014
8	0.00027	0.00027	0.00038	0.00033	0.00033	0.00037	0.02369	0.00030	0.00019	0.00030	0.00016	0.00027	0.00016	0.00021	0.00040	5.3e-05	0.97201	0.00011	5.4e-05	0.00014
9	0.00017	0.00013	0.00016	0.00015	0.00018	0.00011	0.00011	0.00022	0.00033	0.00046	0.78030	0.00848	0.19776	0.00026	0.00015	3.9e-05	5.9e-05	0.01069	0.00013	0.00011
10	0.00032	0.00029	0.00028	0.00026	0.00032	0.08646	0.00020	0.00064	0.90858	0.00050	0.00047	0.00044	0.00036	0.00016	0.00012	4.1e-05	0.00011	0.00013	0.00012	0.00019
11	0.00030	0.00029	0.00050	0.01842	0.97726	0.00029	0.00038	0.00038	0.00028	0.00040	0.00023	0.00030	0.00019	0.00011	0.00012	3.7e-05	0.00015	0.00011	6.1e-05	0.00019
12	0.01050	0.44070	0.43895	0.00029	0.00409	0.01029	0.03426	0.03020	0.00377	0.02210	0.00375	0.00024	0.00017	0.00011	0.00010	3.3e-05	0.00016	8.3e-05	5.8e-05	0.00017
13	0.92317	0.00024	0.00021	0.00018	0.00630	0.00028	0.02955	0.02882	0.00022	0.00055	0.00018	0.00021	0.00014	0.00012	8.3e-05	3.8e-05	0.00943	7.1e-05	7.7e-05	0.00014
14	0.00957	0.00815	0.04221	0.01072	0.01786	0.08110	0.13684	0.26474	0.16059	0.19792	0.02453	0.01766	0.00796	0.00255	0.00351	3.9e-05	0.00477	0.00900	0.00011	0.00019
15	0.00015	0.00012	0.00014	0.00015	0.00017	0.00010	0.00010	0.00018	0.00027	0.00034	0.11247	0.37589	0.49521	0.00650	0.00015	4.5e-05	6.6e-05	0.00771	0.00012	0.00010
16	0.00055	0.00021	0.00029	0.00022	0.00031	0.00018	0.00018	0.01792	0.00036	0.97767	0.00048	0.00042	0.00030	0.00015	0.00012	3.8e-05	0.00011	0.00012	0.00015	0.00021
17	0.99655	0.00024	0.00018	0.00016	0.00024	0.00028	0.00013	0.00036	0.00021	0.00055	0.00017	0.00020	0.00013	0.00011	7.6e-05	3.8e-05	9.5e-05	6.7e-05	7.6e-05	0.00013
18	0.00025	0.00022	0.00025	0.00018	0.00029	0.00016	0.00015	0.00031	0.00025	0.00040	0.00022	0.00025	0.00018	9.1e-05	9.1e-05	1.8e-05	9.1e-05	7.3e-05	7.3e-05	0.99643
19	0.00026	0.00024	0.00041	0.48125	0.43702	0.00027	0.00035	0.00034	0.00026	0.00036	0.00026	0.00040	0.00022	0.00013	0.00013	4e-05	0.00015	0.07769	6.2e-05	0.00016
20	0.00020	0.00016	0.00020	0.00019	0.00022	0.00356	0.03853	0.02727	0.11130	0.01774	0.55011	0.10312	0.11021	0.00025	0.00014	4.1e-05	7.5e-05	0.03642	0.00013	0.00013
21	0.00015	0.00011	0.00015	0.00017	0.00018	0.00010	0.00012	0.00018	0.00025	0.00033	0.08985	0.85498	0.02357	0.00037	0.00016	4.9e-05	7.1e-05	0.02900	0.00012	0.00010
22	0.00025	0.00061	0.92781	0.00034	0.00052	0.00028	0.00043	0.03911	0.00027	0.00040	0.00025	0.00029	0.02864	0.00012	0.00012	3.9e-05	0.00018	9.6e-05	5.6e-05	0.00018
23	0.00027	0.00027	0.00038	0.00032	0.00032	0.00038	0.00027	0.00030	0.00019	0.00030	0.00016	0.00027	0.00016	0.00021	0.00040	5.4e-05	0.99546	0.00011	5.4e-05	0.00013
24	0.00019	0.00013	0.00017	0.00019	0.00022	0.00013	0.00016	0.00024	0.01138	0.01241	0.00641	0.18970	0.16762	0.00033	0.00016	5e-05	9.2e-05	0.54652	0.06380	0.00011
25	0.00018	0.00013	0.00016	0.00015	0.00018	0.00012	0.00011	0.00023	0.00034	0.01146	0.88183	0.00094	0.10321	0.00026	0.00014	3.9e-05	5.9e-05	0.00022	0.00013	0.00012
26	0.00033	0.99576	0.00064	0.00021	0.00032	0.00049	0.00021	0.00037	0.00025	0.00029	0.00017	0.00020	0.00016	0.00011	7.9e-05	2.6e-05	0.00013	6.6e-05	5.3e-05	0.00016
27	0.04501	0.00022	0.00024	0.00021	0.00027	0.00023	0.00017	0.02949	0.48639	0.16829	0.13029	0.00049	0.00044	0.00017	0.00012	3.9e-05	8.9e-05	0.00014	0.13753	0.00017
28	0.00021	0.00016	0.00021	0.00018	0.00022	0.00015	0.03886	0.10397	0.00894	0.00051	0.79942	0.02930	0.00099	0.00024	0.00014	3.9e-05	7.3e-05	0.00021	0.01605	0.00013
29	0.00016	0.00011	0.00015	0.00016	0.00018	0.00011	0.00011	0.00019	0.00025	0.01512	0.10875	0.69559	0.08014	0.06483	0.00018	5.2e-05	7.3e-05	0.01454	0.01920	0.00010
30	0.00237	0.00281	0.00257	0.00025	0.00029	0.03090	0.10589	0.06562	0.02861	0.02811	0.01689	0.08649	0.00844	0.01347	0.49555	0.00012	0.05130	0.06013	8.1e-05	0.00013
31	0.00018	0.00012	0.00014	0.00014	0.00015	0.00012	8.6e-05	0.01607	0.00020	0.00027	0.01039	0.20767	0.01603	0.74213	0.00050	0.00010	0.00011	0.00021	0.00530	8.3e-05
32	0.01118	0.08468	0.78583	0.01623	0.00050	0.00030	0.00324	0.06703	0.00028	0.01166	0.00406	0.00027	0.00017	0.00682	0.00012	0.00316	0.00017	0.00408	5.9e-05	0.00018
33	0.82735	0.00565	0.01611	0.01237	0.00027	0.00029	0.01186	0.09189	0.00814	0.01791	0.00019	0.00411	0.00015	0.00012	8.5e-05	3.8e-05	0.00317	7.5e-05	8.1e-05	0.00014

[dist]
# distance from previous block
# <min> <max>
0	5

[block]
# block no. 7 follows, 2821 sequences, length 42
# corresponding to MSA columns:
# 1206,1207,1212-1217,1225-1235,1252-1262,1284-1287,1308,1310-1316
name=unknown_H
#
# <colnr> <probs for GDERKNQSTAVLIFYWHMCP>
#	G	D	E	R	K	N	Q	S	T	A	V	L	I	F	Y	W	H	M	C	P
0	0.02661	0.01761	0.04000	0.44608	0.08432	0.03669	0.05060	0.10286	0.04460	0.06853	0.00340	0.00802	0.00194	0.00013	0.00013	3.9e-05	0.02436	0.00775	7.5e-05	0.03626
1	0.06985	0.12039	0.02421	0.02727	0.00589	0.12027	0.03493	0.14143	0.06930	0.00834	0.00203	0.02922	0.00022	0.04205	0.03123	4.9e-05	0.27054	0.00257	7.5e-05	0.00015
2	0.05714	0.02197	0.02152	0.04594	0.01809	0.10199	0.04456	0.24488	0.03123	0.08992	0.00208	0.02506	0.00023	0.00285	0.07256	5.3e-05	0.20804	0.00674	0.00282	0.00231
3	0.02020	0.02823	0.12676	0.17480	0.01079	0.03172	0.06870	0.13589	0.09638	0.06896	0.01920	0.03354	0.02534	0.00613	0.04925	0.00167	0.04067	0.03751	0.00335	0.02090
4	0.00018	0.00013	0.00017	0.00018	0.00019	0.00704	0.00012	0.00346	0.00297	0.00028	0.00991	0.24378	0.02041	0.29566	0.37251	0.00013	0.03652	0.00278	0.00349	9.8e-05
5	0.00023	0.00022	0.00037	0.98225	0.01398	0.00027	0.00034	0.00031	0.00025	0.00031	0.00022	0.00033	0.00016	0.00012	0.00012	4.1e-05	0.00016	0.00011	5.5e-05	0.00014
6	0.00017	0.00013	0.00015	0.00016	0.00019	0.00012	0.00012	0.00022	0.06793	0.00036	0.07753	0.23591	0.42652	0.03317	0.00017	4.8e-05	7.6e-05	0.15023	0.00360	0.00319
7	0.00015	0.00011	0.00014	0.00017	0.00018	0.00010	0.00011	0.00018	0.00025	0.00034	0.11356	0.78933	0.07322	0.00663	0.00016	4.8e-05	7e-05	0.01073	0.00012	0.00440
8	0.00024	0.00022	0.00037	0.94526	0.01182	0.00027	0.00034	0.01211	0.00025	0.00032	0.00022	0.00033	0.00017	0.00013	0.00548	4.2e-05	0.01532	0.00692	5.6e-05	0.00014
9	0.18772	0.00025	0.00028	0.00022	0.00031	0.00331	0.00018	0.25355	0.07014	0.40204	0.05331	0.00039	0.01170	0.00015	0.00012	3.8e-05	0.00011	0.00373	0.00552	0.00695
10	0.00358	0.00438	0.02828	0.00019	0.00222	0.00789	0.02578	0.02554	0.03519	0.03440	0.40763	0.06910	0.12918	0.12265	0.02228	5.4e-05	0.05762	0.02115	0.00011	0.00277
11	0.00030	0.00029	0.00050	0.00075	0.99492	0.00029	0.00038	0.00038	0.00028	0.00040	0.00023	0.00030	0.00019	0.00011	0.00012	3.6e-05	0.00015	0.00011	6.1e-05	0.00019
12	0.00046	0.00059	0.00035	0.00032	0.00038	0.99519	0.00024	0.00049	0.00035	0.00030	0.00019	0.00022	0.00016	0.00013	0.00011	3.2e-05	0.00022	7.9e-05	6.3e-05	0.00014
13	0.00023	0.00022	0.00037	0.99539	0.00085	0.00027	0.00034	0.00031	0.00025	0.00031	0.00022	0.00033	0.00016	0.00012	0.00012	4.1e-05	0.00016	0.00011	5.5e-05	0.00014
14	0.00018	0.00012	0.00014	0.00014	0.00014	0.00012	8.2e-05	0.00018	0.00018	0.00024	0.00038	0.00077	0.00043	0.89982	0.09647	0.00013	0.00014	0.00017	7.4e-05	7.8e-05
15	0.97671	0.00024	0.00018	0.00016	0.00024	0.00027	0.00013	0.00037	0.00021	0.02036	0.00018	0.00020	0.00014	0.00011	7.7e-05	3.8e-05	9.5e-05	6.8e-05	7.8e-05	0.00013
16	0.04899	0.00376	0.00030	0.00024	0.00349	0.03007	0.00374	0.31026	0.06253	0.31988	0.00034	0.00033	0.00024	0.00014	0.00011	3.3e-05	0.00011	0.00011	0.00012	0.21521
17	0.00320	0.00966	0.00026	0.00022	0.00029	0.01464	0.00017	0.03140	0.58179	0.11225	0.21592	0.00055	0.01734	0.00018	0.00013	4e-05	9.2e-05	0.00015	0.01154	0.00018
18	0.08163	0.26921	0.01468	0.00363	0.00035	0.38984	0.02035	0.13988	0.00382	0.02557	0.00021	0.00681	0.00017	0.00301	0.00012	3.3e-05	0.04038	8.5e-05	7.2e-05	0.00016
19	0.00025	0.06175	0.92381	0.00034	0.00052	0.00030	0.00044	0.00039	0.00026	0.01055	0.00022	0.00026	0.00016	0.00012	0.00011	3.8e-05	0.00018	9e-05	5.3e-05	0.00018
20	0.00017	0.00013	0.00015	0.00016	0.00018	0.00012	0.00011	0.02110	0.01865	0.00037	0.20405	0.32627	0.37091	0.01075	0.00015	4.5e-05	6.9e-05	0.04279	0.00372	0.00011
21	0.83010	0.00023	0.00019	0.00017	0.00024	0.00026	0.00014	0.01210	0.00023	0.08686	0.00474	0.04078	0.01386	0.00013	8.5e-05	3.8e-05	9.4e-05	8.7e-05	0.00952	0.00014
22	0.00017	0.00012	0.00014	0.00014	0.00017	0.00011	0.00011	0.00022	0.00030	0.01134	0.38644	0.08548	0.34104	0.03190	0.00015	4.2e-05	6.4e-05	0.01913	0.12283	0.00011
23	0.00018	0.00012	0.00014	0.00014	0.00014	0.00012	8.3e-05	0.00018	0.00018	0.00024	0.00039	0.02697	0.00045	0.88294	0.07813	0.00012	0.00013	0.00917	7.5e-05	7.8e-05
24	0.02335	0.04982	0.59664	0.02078	0.00935	0.00693	0.03538	0.06258	0.02095	0.13917	0.00545	0.01458	0.00512	0.00013	0.00012	3.8e-05	0.00648	0.00288	7.5e-05	0.00018
25	0.00020	0.00014	0.00020	0.00023	0.00026	0.00014	0.02100	0.00025	0.00028	0.00036	0.00065	0.06274	0.01360	0.00034	0.00017	5.6e-05	0.00011	0.89905	0.00011	0.00011
26	0.06862	0.01242	0.06063	0.09872	0.11435	0.02790	0.05040	0.07903	0.25879	0.03162	0.05382	0.03342	0.00815	0.01931	0.00185	4.2e-05	0.07067	0.00394	0.00616	0.00017
27	0.11703	0.19916	0.35904	0.01088	0.01402	0.02147	0.07097	0.08404	0.01982	0.07332	0.00223	0.00461	0.00018	0.00527	0.00011	3.7e-05	0.01016	9.4e-05	7.1e-05	0.00747
28	0.08250	0.09212	0.10381	0.09426	0.11457	0.07934	0.13616	0.12638	0.04075	0.03448	0.01145	0.01681	0.00574	0.00361	0.00492	3.9e-05	0.04590	0.00402	0.00297	0.00017
29	0.98438	0.00024	0.00018	0.00017	0.01239	0.00028	0.00014	0.00036	0.00021	0.00055	0.00017	0.00020	0.00013	0.00011	7.7e-05	3.8e-05	9.6e-05	6.7e-05	7.6e-05	0.00013
30	0.00015	0.00011	0.00014	0.00017	0.00018	0.00010	0.00012	0.00018	0.00024	0.00032	0.01365	0.79987	0.13028	0.00037	0.00016	4.9e-05	7.2e-05	0.05362	0.00011	0.00010
31	0.00313	0.01014	0.10829	0.21493	0.16009	0.01382	0.03231	0.03549	0.05246	0.06769	0.14582	0.01656	0.07111	0.01363	0.00273	0.00165	0.02022	0.02032	0.00945	0.00015
32	0.11714	0.02071	0.58070	0.00031	0.00045	0.00028	0.06116	0.08714	0.00333	0.03131	0.01800	0.00306	0.00647	0.00012	0.00011	3.7e-05	0.00016	0.00216	0.01385	0.05350
33	0.00020	0.00013	0.00017	0.00016	0.00019	0.00012	0.00012	0.00646	0.00457	0.08161	0.77480	0.05345	0.07702	0.00025	0.00014	3.9e-05	6.3e-05	0.00022	0.00013	0.00012
34	0.03031	0.02984	0.08080	0.01413	0.17845	0.04158	0.01076	0.17939	0.09481	0.13141	0.01324	0.06765	0.00968	0.02381	0.00409	3.9e-05	0.00573	0.00570	9.6e-05	0.07850
35	0.00040	0.33410	0.05657	0.00028	0.00037	0.58673	0.00975	0.00989	0.00031	0.00031	0.00019	0.00022	0.00016	0.00012	0.00010	3e-05	0.00019	7.6e-05	6e-05	0.00015
36	0.00565	0.00021	0.00026	0.03678	0.00031	0.00017	0.00016	0.01278	0.00365	0.06815	0.00808	0.01452	0.02367	0.00011	9.9e-05	2.2e-05	0.00418	0.00539	8.1e-05	0.81573
37	0.01841	0.00034	0.00036	0.00028	0.00037	0.01951	0.00597	0.86476	0.03189	0.04353	0.00030	0.00030	0.00022	0.00015	0.00013	3.7e-05	0.01302	0.00011	0.00012	0.00020
38	0.15033	0.00238	0.25714	0.06307	0.05109	0.01918	0.03065	0.09014	0.03680	0.24256	0.00547	0.02487	0.00023	0.00014	0.00614	4e-05	0.01527	0.00424	9.2e-05	0.00018
39	0.00017	0.00014	0.00644	0.01766	0.04798	0.00013	0.00262	0.00663	0.00639	0.00857	0.06837	0.41953	0.24241	0.08425	0.03265	5.7e-05	0.00681	0.04898	0.00011	0.00011
40	0.00018	0.00012	0.00014	0.00014	0.00015	0.00012	8.5e-05	0.00018	0.00019	0.00025	0.00759	0.11890	0.00620	0.81739	0.01240	0.00011	0.00011	0.03558	8.1e-05	8e-05
