[name]
unknown

[dist]
# distance from previous block
# <min> <max>
0	66

[block]
# block no. 0 follows, 2111 sequences, length 7
# corresponding to MSA columns:
# 626-631,633
name=unknown_A
#
# <colnr> <probs for GDERKNQSTAVLIFYWHMCP>
#	G	D	E	R	K	N	Q	S	T	A	V	L	I	F	Y	W	H	M	C	P
0	0.01108	0.00896	0.12099	0.02640	0.01765	0.00960	0.00915	0.01020	0.02744	0.10746	0.41273	0.01137	0.11596	0.04068	0.03450	6.4e-05	0.01242	0.01380	0.00938	0.00018
1	0.02146	0.00829	0.00848	0.00831	0.00032	0.00832	0.01260	0.12733	0.03392	0.10199	0.16467	0.38964	0.04528	0.01459	0.01061	0.00826	0.01438	0.01032	0.01105	0.00018
2	0.00029	0.00021	0.00025	0.00023	0.00028	0.00020	0.00017	0.12093	0.00048	0.02488	0.65184	0.02601	0.14902	0.00033	0.00019	5.3e-05	9.4e-05	0.02421	0.00017	0.00017
3	0.01395	0.00022	0.00032	0.00028	0.00034	0.00020	0.12080	0.00038	0.02335	0.14058	0.15499	0.21809	0.21171	0.05097	0.01699	0.01200	0.00013	0.02129	0.01324	0.00017
4	0.87448	0.00037	0.00027	0.00024	0.00034	0.12109	0.00019	0.00050	0.00030	0.00069	0.00023	0.00027	0.00018	0.00015	0.00011	5e-05	0.00015	9.1e-05	9.9e-05	0.00018
5	0.03261	0.00020	0.00027	0.12569	0.00941	0.00923	0.00021	0.01705	0.02647	0.09436	0.01338	0.56593	0.02311	0.01862	0.01063	0.01156	0.00912	0.02284	0.00914	0.00016
6	0.77514	0.00032	0.00028	0.04243	0.00037	0.00035	0.00020	0.03678	0.00033	0.14210	0.00030	0.00032	0.00022	0.00016	0.00012	5.1e-05	0.00013	0.00010	0.00012	0.00020

[dist]
# distance from previous block
# <min> <max>
0	1

[block]
# block no. 1 follows, 2111 sequences, length 12
# corresponding to MSA columns:
# 635-638,641,642,649-651,653,657,658
name=unknown_B
#
# <colnr> <probs for GDERKNQSTAVLIFYWHMCP>
#	G	D	E	R	K	N	Q	S	T	A	V	L	I	F	Y	W	H	M	C	P
0	0.01567	0.00870	0.05970	0.16043	0.23506	0.00619	0.01044	0.01137	0.02826	0.02613	0.19226	0.07249	0.15475	0.00026	0.00018	5.3e-05	0.00015	0.01143	0.00629	0.00019
1	0.02229	0.00043	0.00045	0.00036	0.00048	0.02332	0.00029	0.68174	0.22106	0.03311	0.01449	0.00045	0.00035	0.00020	0.00016	5.1e-05	0.00017	0.00016	0.00016	0.00027
2	0.93680	0.00033	0.00025	0.00023	0.00033	0.03050	0.00019	0.02884	0.00030	0.00073	0.00023	0.00027	0.00018	0.00015	0.00010	5e-05	0.00013	9.1e-05	0.00010	0.00018
3	0.00028	0.00676	0.02581	0.08186	0.07908	0.00788	0.03458	0.01959	0.02101	0.03095	0.12636	0.26109	0.12529	0.05880	0.04894	0.00561	0.00887	0.04733	0.00522	0.00469
4	0.09195	0.00037	0.01667	0.00032	0.00044	0.01868	0.00818	0.38003	0.01649	0.36594	0.00981	0.00653	0.00034	0.01454	0.00017	0.00720	0.00817	0.00015	0.00771	0.04630
5	0.00049	0.00023	0.00030	0.00026	0.00034	0.00022	0.00020	0.02495	0.05562	0.45430	0.19324	0.07245	0.04290	0.00027	0.00017	5.3e-05	0.00012	0.06015	0.09352	0.00022
6	0.00874	0.01206	0.00032	0.00027	0.01028	0.00023	0.00021	0.05223	0.01536	0.51636	0.19914	0.05049	0.08607	0.00028	0.00934	0.00691	0.00012	0.01290	0.01846	0.00023
7	0.01499	0.13401	0.10193	0.31155	0.13671	0.03133	0.04012	0.03591	0.02247	0.06760	0.00804	0.02295	0.02022	0.00019	0.00606	0.00758	0.01865	0.00600	0.00669	0.00701
8	0.00716	0.00021	0.01099	0.01144	0.00681	0.00758	0.01645	0.00873	0.03062	0.12421	0.08528	0.25222	0.04735	0.17066	0.08553	0.06663	0.02056	0.02736	0.00833	0.01186
9	0.01458	0.00015	0.00020	0.00022	0.00024	0.00015	0.00015	0.00909	0.00896	0.01085	0.00878	0.78590	0.02194	0.06894	0.01267	0.00754	0.00011	0.01112	0.03826	0.00014
10	0.01439	0.01891	0.02942	0.09849	0.10791	0.01532	0.04819	0.03833	0.04109	0.16816	0.05972	0.18303	0.05068	0.00522	0.00631	0.00438	0.07771	0.01889	0.00889	0.00496
11	0.06512	0.06164	0.10066	0.12224	0.19377	0.03375	0.06796	0.06982	0.01903	0.16219	0.01006	0.02538	0.00516	0.00632	0.00734	5.3e-05	0.01725	0.00767	0.00486	0.01973

[dist]
# distance from previous block
# <min> <max>
4	17

[block]
# block no. 2 follows, 2111 sequences, length 7
# corresponding to MSA columns:
# 684-686,688,690-692
name=unknown_C
#
# <colnr> <probs for GDERKNQSTAVLIFYWHMCP>
#	G	D	E	R	K	N	Q	S	T	A	V	L	I	F	Y	W	H	M	C	P
0	0.00027	0.00021	0.02606	0.00023	0.00029	0.00018	0.01380	0.00035	0.02352	0.04816	0.59838	0.05580	0.06036	0.04469	0.01351	5.8e-05	0.01281	0.00027	0.01299	0.08806
1	0.00914	0.00831	0.03145	0.08658	0.01933	0.00806	0.01516	0.01862	0.24362	0.08303	0.15574	0.07732	0.11604	0.03122	0.03936	0.00989	0.01205	0.02410	0.01075	0.00020
2	0.02455	0.00019	0.00024	0.00023	0.00028	0.00018	0.00017	0.01459	0.04169	0.12616	0.45151	0.18654	0.06893	0.01758	0.00020	0.01351	9.8e-05	0.01484	0.02574	0.01276
3	0.02415	0.01945	0.00032	0.00028	0.00034	0.13665	0.01164	0.06394	0.04950	0.11313	0.18389	0.04788	0.06125	0.04358	0.08558	0.07736	0.00950	0.04249	0.02892	0.00018
4	0.00045	0.77940	0.05968	0.00030	0.00044	0.03481	0.00030	0.02395	0.02227	0.04342	0.03350	0.00032	0.00027	0.00015	0.00012	3.8e-05	0.00018	0.00010	8.4e-05	0.00022
5	0.07929	0.25026	0.08208	0.07273	0.03217	0.02223	0.02428	0.12661	0.15238	0.05813	0.00929	0.01385	0.01148	0.00931	0.01495	5.2e-05	0.00818	0.01073	0.00873	0.01327
6	0.06007	0.09952	0.02443	0.26902	0.16905	0.14309	0.02421	0.05121	0.02356	0.05044	0.00970	0.01065	0.00828	0.00018	0.00825	5.1e-05	0.01674	0.00907	0.00917	0.01331

[dist]
# distance from previous block
# <min> <max>
8	64

[block]
# block no. 3 follows, 2111 sequences, length 12
# corresponding to MSA columns:
# 813-818,820-824,826
name=unknown_D
#
# <colnr> <probs for GDERKNQSTAVLIFYWHMCP>
#	G	D	E	R	K	N	Q	S	T	A	V	L	I	F	Y	W	H	M	C	P
0	0.00036	0.00711	0.00515	0.00536	0.00496	0.01187	0.00777	0.02689	0.09201	0.17068	0.13069	0.05134	0.11674	0.16399	0.06152	0.01153	0.01314	0.01749	0.02160	0.07978
1	0.01699	0.44722	0.16046	0.01808	0.01892	0.01605	0.01975	0.05769	0.06281	0.09240	0.01034	0.00598	0.01014	0.00499	0.00541	4.5e-05	0.01118	0.00012	0.01404	0.02739
2	0.01099	0.00819	0.06872	0.01848	0.01215	0.00020	0.01729	0.02287	0.02274	0.06400	0.04579	0.47034	0.09350	0.02137	0.04176	0.01330	0.00825	0.04374	0.01613	0.00016
3	0.00024	0.00017	0.00021	0.00021	0.00025	0.00016	0.00015	0.01015	0.01242	0.02581	0.38696	0.16542	0.31156	0.01666	0.00021	5.8e-05	9.1e-05	0.05410	0.01503	0.00015
4	0.01167	0.00017	0.00022	0.00021	0.00025	0.00016	0.00016	0.00032	0.00965	0.04276	0.61156	0.01946	0.17953	0.02456	0.02660	0.00776	9.6e-05	0.02668	0.03804	0.00016
5	0.00033	0.00026	0.00034	0.01112	0.19623	0.00026	0.00025	0.01250	0.17993	0.05597	0.22136	0.13999	0.10767	0.00848	0.00019	0.01234	0.00012	0.01692	0.00015	0.03559
6	0.01927	0.00050	0.00048	0.00038	0.00050	0.15155	0.00031	0.75923	0.03291	0.03268	0.00039	0.00039	0.00028	0.00019	0.00016	4.8e-05	0.00019	0.00014	0.00015	0.00026
7	0.00035	0.00030	0.00036	0.00026	0.00040	0.00022	0.02947	0.00043	0.00034	0.02831	0.00030	0.00035	0.00025	0.00012	0.00012	2.6e-05	0.00013	0.00010	0.0001	0.93805
8	0.87146	0.01475	0.00026	0.00022	0.00032	0.00036	0.00018	0.02080	0.00030	0.02826	0.04558	0.00034	0.01634	0.00017	0.00011	5.1e-05	0.00013	0.00011	0.00011	0.00018
9	0.00022	0.00016	0.00019	0.00020	0.00023	0.00015	0.00014	0.00026	0.00036	0.01190	0.22579	0.13295	0.41177	0.07164	0.01183	0.10224	0.00010	0.02959	0.00015	0.00013
10	0.00737	0.04469	0.00042	0.10762	0.03189	0.03926	0.01293	0.11669	0.01210	0.13397	0.00672	0.00042	0.00029	0.00600	0.00607	4e-05	0.00708	0.01164	0.00012	0.45467
11	0.00560	0.00617	0.01859	0.01715	0.00884	0.00520	0.00855	0.00865	0.02886	0.01288	0.03177	0.18882	0.02962	0.01705	0.18299	0.05057	0.03521	0.01924	0.00657	0.31767

[dist]
# distance from previous block
# <min> <max>
2	16

[block]
# block no. 4 follows, 2111 sequences, length 14
# corresponding to MSA columns:
# 854,855,857-860,866-868,870-874
name=unknown_E
#
# <colnr> <probs for GDERKNQSTAVLIFYWHMCP>
#	G	D	E	R	K	N	Q	S	T	A	V	L	I	F	Y	W	H	M	C	P
0	0.01561	0.01047	0.02806	0.25461	0.15936	0.02874	0.07684	0.03152	0.00534	0.22256	0.00771	0.08288	0.00943	0.00740	0.00414	0.00371	0.02314	0.01644	0.00733	0.00473
1	0.67292	0.03414	0.03145	0.01564	0.04415	0.08683	0.02018	0.01754	0.00537	0.01883	0.00026	0.00031	0.00020	0.00587	0.01327	5.3e-05	0.02172	0.00010	0.00571	0.00545
2	0.01921	0.00020	0.00023	0.01788	0.01586	0.01319	0.00494	0.01007	0.01308	0.05698	0.28243	0.07801	0.42680	0.00684	0.00019	5.5e-05	0.00604	0.02781	0.00734	0.01284
3	0.00036	0.02434	0.16417	0.04936	0.07411	0.00613	0.03899	0.02603	0.02674	0.04007	0.01943	0.01815	0.00792	0.00017	0.00835	0.00454	0.01942	0.00820	0.00815	0.45537
4	0.00023	0.00018	0.00022	0.00021	0.00026	0.00016	0.01328	0.00031	0.03750	0.00903	0.49384	0.06935	0.32870	0.01339	0.00020	5.6e-05	8.9e-05	0.02366	0.00016	0.00918
5	0.00027	0.04358	0.02386	0.03342	0.00031	0.00021	0.01979	0.02819	0.04120	0.00727	0.18076	0.08297	0.31832	0.01684	0.02439	0.14331	0.00535	0.01882	0.01098	0.00015
6	0.52637	0.00977	0.00032	0.00027	0.00038	0.06250	0.00022	0.15820	0.17784	0.01178	0.02744	0.00039	0.00030	0.00018	0.00013	5e-05	0.00014	0.00012	0.02339	0.00021
7	0.00037	0.41327	0.58137	0.00039	0.00059	0.00049	0.00047	0.00051	0.00034	0.00046	0.00027	0.00031	0.00021	0.00015	0.00013	4.5e-05	0.00021	0.00011	7e-05	0.00023
8	0.00024	0.00018	0.00021	0.00020	0.00025	0.00016	0.00015	0.00030	0.00940	0.03557	0.31165	0.08581	0.42903	0.01184	0.00020	5.6e-05	9.2e-05	0.07267	0.00016	0.04181
9	0.04124	0.06659	0.73504	0.00043	0.00064	0.01243	0.03662	0.01481	0.01750	0.05656	0.01648	0.00037	0.00025	0.00016	0.00015	5.1e-05	0.00022	0.00013	8.4e-05	0.00024
10	0.00022	0.00017	0.02158	0.01130	0.00026	0.00015	0.00016	0.00025	0.00653	0.00757	0.05719	0.73744	0.05451	0.05663	0.00683	0.01075	0.00011	0.00928	0.00778	0.01131
11	0.03718	0.00023	0.00029	0.00025	0.00032	0.00021	0.00018	0.02302	0.00843	0.48098	0.01139	0.09482	0.00054	0.31713	0.00826	8.8e-05	0.00014	0.00849	0.00785	0.00020
12	0.01700	0.00553	0.00031	0.02568	0.00955	0.00631	0.02947	0.05470	0.01190	0.21684	0.02042	0.04019	0.01269	0.07181	0.20474	0.19205	0.00983	0.01537	0.05083	0.00477
13	0.00633	0.04723	0.07067	0.45384	0.02799	0.01871	0.12518	0.02674	0.01143	0.03337	0.00818	0.05612	0.00583	0.00482	0.01531	0.03364	0.03005	0.00874	0.01149	0.00433

[dist]
# distance from previous block
# <min> <max>
4	19

[block]
# block no. 5 follows, 2111 sequences, length 23
# corresponding to MSA columns:
# 1148,1149,1151-1171
name=unknown_F
#
# <colnr> <probs for GDERKNQSTAVLIFYWHMCP>
#	G	D	E	R	K	N	Q	S	T	A	V	L	I	F	Y	W	H	M	C	P
0	0.00352	0.03402	0.02459	0.08833	0.13074	0.01978	0.02676	0.01373	0.03305	0.01277	0.01056	0.01108	0.00277	0.00759	0.01330	0.00321	0.01011	0.00259	9.6e-05	0.55139
1	0.00024	0.00017	0.00020	0.00020	0.00565	0.00015	0.00015	0.00562	0.01466	0.01122	0.20594	0.06194	0.35796	0.05610	0.02101	0.23216	0.00011	0.01476	0.00803	0.00372
2	0.00022	0.00017	0.00019	0.00020	0.00024	0.00015	0.00014	0.00027	0.00562	0.01940	0.32219	0.19314	0.41886	0.00782	0.01416	6e-05	9.1e-05	0.00786	0.00907	0.00015
3	0.30625	0.00028	0.00032	0.00026	0.00037	0.00028	0.00021	0.04346	0.02856	0.48855	0.05885	0.02535	0.00042	0.00020	0.00015	5.1e-05	0.00013	0.00658	0.03949	0.00023
4	0.00021	0.00017	0.00018	0.00018	0.00023	0.00014	0.00013	0.00025	0.00039	0.00050	0.26844	0.03320	0.66963	0.02537	0.00021	5.7e-05	8.4e-05	0.00033	0.00016	0.00014
5	0.01609	0.00035	0.00037	0.00033	0.00043	0.00041	0.00026	0.02794	0.95020	0.00070	0.00065	0.00060	0.00049	0.00022	0.00017	5.5e-05	0.00013	0.00018	0.00017	0.00026
6	0.99540	0.00032	0.00024	0.00022	0.00032	0.00037	0.00018	0.00048	0.00028	0.00073	0.00023	0.00027	0.00018	0.00015	0.00010	5.1e-05	0.00013	8.9e-05	0.00010	0.00018
7	0.00050	0.00039	0.00042	0.00035	0.00046	0.00044	0.00028	0.39883	0.57593	0.01973	0.00056	0.00052	0.00041	0.00021	0.00017	5.3e-05	0.00015	0.00017	0.00017	0.00027
8	0.00061	0.02294	0.00047	0.00042	0.01169	0.94047	0.00032	0.00065	0.00046	0.02016	0.00026	0.00030	0.00022	0.00017	0.00015	4.2e-05	0.00029	0.00011	8.6e-05	0.00019
9	0.90260	0.00031	0.00025	0.00022	0.00033	0.00036	0.00018	0.00051	0.00030	0.09334	0.00027	0.00029	0.00020	0.00016	0.00011	5.1e-05	0.00013	9.6e-05	0.00011	0.00019
10	0.00041	0.00039	0.00066	0.00100	0.99322	0.00039	0.00050	0.00050	0.00037	0.00053	0.00031	0.00041	0.00026	0.00015	0.00016	4.9e-05	0.00019	0.00015	8.1e-05	0.00026
11	0.00048	0.00039	0.00041	0.00035	0.00045	0.00044	0.00028	0.34187	0.65181	0.00080	0.00057	0.00054	0.00042	0.00021	0.00017	5.3e-05	0.00015	0.00017	0.00017	0.00027
12	0.00042	0.00036	0.00038	0.00034	0.00043	0.00041	0.00026	0.05479	0.93899	0.00070	0.00065	0.00060	0.00049	0.00022	0.00017	5.5e-05	0.00013	0.00018	0.00017	0.00026
13	0.00036	0.00029	0.00032	0.00029	0.00037	0.00033	0.00023	0.00069	0.66701	0.01248	0.29458	0.00080	0.00975	0.00026	0.00017	5.4e-05	0.00011	0.00022	0.01147	0.00023
14	0.00040	0.00033	0.00035	0.00031	0.00040	0.00037	0.00024	0.03789	0.79054	0.02368	0.11727	0.00715	0.00852	0.00024	0.00017	5.5e-05	0.00012	0.00020	0.01151	0.00025
15	0.04546	0.00337	0.04964	0.01792	0.01470	0.00980	0.03284	0.14253	0.42160	0.16676	0.00435	0.02447	0.00043	0.00023	0.00483	5.5e-05	0.01847	0.03823	0.00407	0.00025
16	0.00023	0.00016	0.00022	0.00027	0.02643	0.00016	0.00019	0.00027	0.00033	0.00044	0.00799	0.62455	0.02079	0.02036	0.00585	0.01837	0.00012	0.27300	0.00015	0.00014
17	0.00027	0.00020	0.00024	0.00023	0.00028	0.00020	0.00017	0.00656	0.20403	0.02257	0.26310	0.21028	0.24253	0.00709	0.00019	5.8e-05	9.8e-05	0.03144	0.01028	0.00017
18	0.42989	0.01118	0.05002	0.01008	0.00634	0.00900	0.03200	0.06384	0.04178	0.19113	0.00359	0.00372	0.00028	0.01666	0.07099	6.9e-05	0.05332	0.00299	0.00290	0.00021
19	0.00509	0.05840	0.36301	0.02178	0.03843	0.01120	0.04359	0.08087	0.01602	0.12649	0.00039	0.07721	0.00033	0.00416	0.01590	0.00600	0.12440	0.00639	0.00010	0.00023
20	0.00590	0.00017	0.00022	0.00024	0.00028	0.00016	0.00019	0.00029	0.00775	0.00920	0.08315	0.17083	0.30199	0.00756	0.00021	6.5e-05	0.00011	0.39749	0.01404	0.00015
21	0.00664	0.00018	0.00023	0.00024	0.00027	0.00016	0.00017	0.00614	0.00035	0.19330	0.02506	0.54667	0.03098	0.07409	0.00587	7e-05	0.00011	0.05889	0.05040	0.00016
22	0.01252	0.03283	0.13560	0.10414	0.26853	0.09382	0.09791	0.02136	0.06999	0.09923	0.01408	0.01124	0.01867	0.00018	0.00017	5.1e-05	0.00887	0.00374	0.00686	0.00023

[dist]
# distance from previous block
# <min> <max>
20	236

[block]
# block no. 6 follows, 2111 sequences, length 14
# corresponding to MSA columns:
# 1481-1489,1497-1501
name=unknown_G
#
# <colnr> <probs for GDERKNQSTAVLIFYWHMCP>
#	G	D	E	R	K	N	Q	S	T	A	V	L	I	F	Y	W	H	M	C	P
0	0.00615	0.00690	0.00697	0.01491	0.00864	0.00670	0.00590	0.00461	0.05885	0.06736	0.34690	0.10927	0.07429	0.02118	0.08386	0.12652	0.00390	0.03079	0.01212	0.00419
1	0.00027	0.00579	0.00023	0.00023	0.00027	0.00670	0.00017	0.00738	0.03478	0.06956	0.11011	0.30937	0.16216	0.05774	0.16475	0.04017	0.00016	0.02334	0.00667	0.00015
2	0.00032	0.00019	0.00024	0.00022	0.00028	0.00017	0.00017	0.01314	0.01286	0.17432	0.62903	0.03675	0.10556	0.00032	0.00019	5.2e-05	9.1e-05	0.00028	0.02564	0.00018
3	0.01342	0.00020	0.00025	0.00025	0.00030	0.00019	0.00019	0.01275	0.06244	0.17806	0.19763	0.31360	0.08460	0.00038	0.00019	5.9e-05	0.00011	0.12559	0.00963	0.00018
4	0.00033	0.00085	0.99340	0.00047	0.00071	0.00038	0.00060	0.00052	0.00035	0.00052	0.00029	0.00035	0.00021	0.00016	0.00016	5.2e-05	0.00024	0.00012	6.9e-05	0.00024
5	0.00022	0.00016	0.00020	0.00023	0.00025	0.00015	0.00016	0.00028	0.03044	0.02127	0.11733	0.64229	0.11627	0.00981	0.00021	6.4e-05	9.7e-05	0.04948	0.01096	0.00014
6	0.02452	0.00045	0.00048	0.00037	0.00050	0.00050	0.00031	0.94402	0.00075	0.02587	0.00040	0.00039	0.00028	0.00020	0.00016	4.9e-05	0.00018	0.00015	0.00016	0.00028
7	0.00061	0.02241	0.00049	0.00037	0.00050	0.00050	0.00031	0.93418	0.00075	0.01896	0.00040	0.00040	0.00028	0.00020	0.00016	4.9e-05	0.00018	0.00015	0.01885	0.00027
8	0.00025	0.00018	0.00022	0.00022	0.00023	0.00019	0.01452	0.00027	0.00025	0.01499	0.00049	0.00094	0.00053	0.71923	0.20488	0.00017	0.04202	0.00022	9.7e-05	0.00012
9	0.00038	0.00044	0.02495	0.00067	0.00083	0.00040	0.92053	0.00052	0.00039	0.00052	0.00036	0.00051	0.00028	0.00015	0.00019	5.6e-05	0.00027	0.04827	8.6e-05	0.00022
10	0.00973	0.00016	0.00020	0.00023	0.00025	0.00015	0.00016	0.00949	0.02209	0.00987	0.00094	0.83577	0.07982	0.00049	0.00020	6.5e-05	9.7e-05	0.02006	0.01010	0.00014
11	0.00034	0.05081	0.48615	0.00522	0.02178	0.00569	0.00942	0.00585	0.00571	0.01625	0.00824	0.04022	0.00035	0.00562	0.00681	0.01540	0.18375	0.10018	0.03201	0.00021
12	0.19381	0.01850	0.00034	0.04373	0.00539	0.04784	0.00023	0.11177	0.24815	0.04524	0.00634	0.05785	0.00702	0.02288	0.02916	0.14250	0.00594	0.00841	0.00472	0.00019
13	0.00574	0.00559	0.00535	0.00029	0.00542	0.00717	0.02958	0.12952	0.29469	0.10278	0.11322	0.05052	0.21179	0.00602	0.00018	5.5e-05	0.00013	0.01590	0.01585	0.00021

[dist]
# distance from previous block
# <min> <max>
3	11

[block]
# block no. 7 follows, 2111 sequences, length 11
# corresponding to MSA columns:
# 1552,1554,1561,1564-1571
name=unknown_H
#
# <colnr> <probs for GDERKNQSTAVLIFYWHMCP>
#	G	D	E	R	K	N	Q	S	T	A	V	L	I	F	Y	W	H	M	C	P
0	0.01125	0.00027	0.00033	0.00025	0.00037	0.00022	0.00020	0.02632	0.01194	0.19308	0.01376	0.06424	0.00873	0.01949	0.00879	4e-05	0.00013	0.00877	0.02587	0.60596
1	0.00572	0.16731	0.08660	0.07079	0.14831	0.05388	0.03822	0.02239	0.03271	0.04433	0.03816	0.02645	0.01345	0.02520	0.03206	0.00782	0.17100	0.00543	0.00491	0.00524
2	0.02027	0.00022	0.00026	0.00023	0.00030	0.00020	0.00018	0.07592	0.01196	0.21501	0.28510	0.01048	0.32840	0.01012	0.01205	5.6e-05	0.00011	0.01052	0.01845	0.00019
3	0.16343	0.00031	0.00037	0.00029	0.00041	0.00030	0.00024	0.13661	0.01399	0.62584	0.02714	0.00050	0.00038	0.00020	0.00016	5.1e-05	0.01341	0.00015	0.01598	0.00026
4	0.02354	0.00023	0.00028	0.00025	0.00032	0.00937	0.00019	0.02269	0.11043	0.29944	0.27514	0.05574	0.13935	0.00029	0.00018	5.3e-05	0.00011	0.01519	0.04700	0.00020
5	0.00023	0.00018	0.01742	0.00021	0.00024	0.00916	0.00015	0.00027	0.00036	0.01015	0.19973	0.23852	0.34144	0.04025	0.00026	0.07612	0.01047	0.01845	0.03625	0.00014
6	0.01470	0.00021	0.00024	0.00025	0.00029	0.01246	0.00018	0.00040	0.23884	0.00050	0.04794	0.61154	0.03773	0.00042	0.00019	6.2e-05	0.00011	0.02216	0.01162	0.00017
7	0.00059	0.04281	0.00047	0.00040	0.00049	0.84024	0.00031	0.00066	0.06678	0.02431	0.00029	0.00033	0.00024	0.00019	0.02117	4.8e-05	0.00028	0.00011	9.2e-05	0.00020
8	0.00021	0.00016	0.00019	0.00020	0.00024	0.00015	0.00014	0.00026	0.01952	0.00047	0.19199	0.29599	0.39059	0.06377	0.01358	6.8e-05	9.7e-05	0.02207	0.00015	0.00014
9	0.01748	0.01559	0.00694	0.00032	0.00041	0.00036	0.00756	0.17110	0.42860	0.13255	0.00780	0.00062	0.00855	0.05488	0.09789	8e-05	0.01290	0.02790	0.00822	0.00024
10	0.00039	0.07260	0.25051	0.00806	0.01916	0.03383	0.03639	0.04083	0.00691	0.06322	0.01146	0.00825	0.00684	0.00018	0.02405	4.4e-05	0.00871	0.00012	0.01271	0.39573

[dist]
# distance from previous block
# <min> <max>
0	1

[block]
# block no. 8 follows, 2111 sequences, length 6
# corresponding to MSA columns:
# 1573,1588-1592
name=unknown_I
#
# <colnr> <probs for GDERKNQSTAVLIFYWHMCP>
#	G	D	E	R	K	N	Q	S	T	A	V	L	I	F	Y	W	H	M	C	P
0	0.02192	0.59592	0.00068	0.00031	0.00043	0.07257	0.00028	0.13176	0.04865	0.07913	0.02578	0.00035	0.00028	0.00017	0.00013	4.1e-05	0.02116	0.00011	0.00010	0.00022
1	0.00035	0.00034	0.00048	0.00042	0.00042	0.00047	0.00035	0.00039	0.00026	0.00040	0.00028	0.00051	0.00029	0.00030	0.00051	7.2e-05	0.89349	0.10042	8e-05	0.00018
2	0.00024	0.00017	0.00022	0.00023	0.00026	0.00016	0.01688	0.01700	0.02326	0.01719	0.02190	0.58469	0.10381	0.01804	0.00021	6.4e-05	0.00010	0.09470	0.10073	0.00015
3	0.01492	0.76207	0.04216	0.00031	0.01487	0.05190	0.01449	0.01903	0.01539	0.01796	0.01751	0.01425	0.01424	0.00016	0.00012	3.9e-05	0.00018	0.00011	8.1e-05	0.00021
4	0.00028	0.00022	0.00034	0.40201	0.00061	0.00025	0.00029	0.00032	0.00028	0.00038	0.02641	0.00056	0.02553	0.02725	0.21468	0.27552	0.02469	0.00016	8.1e-05	0.00014
5	0.00032	0.00030	0.00043	0.00038	0.00038	0.00041	0.00031	0.00036	0.00025	0.00038	0.00027	0.00043	0.00027	0.00053	0.23946	0.05553	0.69959	0.00015	7.5e-05	0.00017

[dist]
# distance from previous block
# <min> <max>
2	10

[block]
# block no. 9 follows, 2111 sequences, length 13
# corresponding to MSA columns:
# 1606-1618
name=unknown_J
#
# <colnr> <probs for GDERKNQSTAVLIFYWHMCP>
#	G	D	E	R	K	N	Q	S	T	A	V	L	I	F	Y	W	H	M	C	P
0	0.00626	0.00020	0.00791	0.07219	0.03513	0.00020	0.01034	0.00031	0.00033	0.02015	0.03860	0.23981	0.04311	0.17307	0.02895	8.7e-05	0.00958	0.30591	0.00013	0.00774
1	0.03242	0.13661	0.42987	0.01119	0.04013	0.00874	0.08220	0.02235	0.00838	0.11031	0.01285	0.03225	0.00452	0.00510	0.00594	0.00473	0.00616	0.01282	9.6e-05	0.03335
2	0.10837	0.10687	0.13573	0.01974	0.00977	0.20352	0.05314	0.02935	0.00934	0.24682	0.01883	0.00962	0.00598	0.00018	0.00016	4.8e-05	0.02146	0.00014	0.01363	0.00733
3	0.00023	0.00018	0.00026	0.00026	0.00029	0.00020	0.00020	0.00029	0.00026	0.00038	0.00044	0.00064	0.00041	0.00123	0.99360	0.00026	0.00044	0.00018	8.8e-05	0.00015
4	0.03504	0.00027	0.02209	0.09794	0.02152	0.00026	0.05299	0.00911	0.02087	0.26011	0.14383	0.02352	0.12333	0.04774	0.04430	0.00769	0.06492	0.00684	0.01744	0.00020
5	0.01470	0.07662	0.07124	0.05669	0.08353	0.06327	0.09277	0.02364	0.01609	0.36406	0.00721	0.05112	0.00997	0.00880	0.00583	0.01153	0.02808	0.00886	0.00576	0.00023
6	0.00060	0.09180	0.00756	0.00029	0.00040	0.00029	0.00919	0.05339	0.04534	0.63374	0.03529	0.00762	0.07181	0.00784	0.00017	5.1e-05	0.00014	0.02600	0.00824	0.00025
7	0.00041	0.00039	0.00066	0.00100	0.99322	0.00039	0.00050	0.00050	0.00037	0.00053	0.00031	0.00041	0.00026	0.00015	0.00016	4.9e-05	0.00019	0.00015	8.1e-05	0.00026
8	0.06718	0.00944	0.07809	0.04484	0.04580	0.00572	0.06838	0.04509	0.01504	0.26614	0.00558	0.12133	0.00528	0.02547	0.01407	0.07906	0.06561	0.03105	0.00665	0.00021
9	0.02201	0.01755	0.01025	0.48763	0.12683	0.13593	0.02994	0.05959	0.01315	0.02352	0.01149	0.01315	0.00839	0.00018	0.00017	5.2e-05	0.02346	0.01078	0.00573	0.00020
10	0.00023	0.00017	0.00019	0.00019	0.00024	0.00015	0.00014	0.00028	0.00038	0.04882	0.17094	0.16439	0.57976	0.00040	0.00019	5.6e-05	8.9e-05	0.01985	0.00016	0.01334
11	0.00923	0.00021	0.00583	0.00026	0.00030	0.00021	0.06811	0.01395	0.06854	0.02886	0.01421	0.14098	0.01020	0.38878	0.21347	0.00974	0.00924	0.00756	0.00514	0.00517
12	0.03229	0.04152	0.14973	0.13318	0.16222	0.05916	0.09207	0.03842	0.04196	0.09819	0.00960	0.02056	0.01382	0.01156	0.00764	5.5e-05	0.05102	0.02394	0.00695	0.00612

[dist]
# distance from previous block
# <min> <max>
3	12

[block]
# block no. 10 follows, 2111 sequences, length 7
# corresponding to MSA columns:
# 1637-1639,1641-1644
name=unknown_K
#
# <colnr> <probs for GDERKNQSTAVLIFYWHMCP>
#	G	D	E	R	K	N	Q	S	T	A	V	L	I	F	Y	W	H	M	C	P
0	0.01515	0.00023	0.00031	0.01906	0.01009	0.00022	0.03442	0.02625	0.01479	0.32767	0.06067	0.14202	0.06563	0.05436	0.00911	0.00874	0.00940	0.01217	0.12254	0.06714
1	0.00025	0.00018	0.00022	0.00020	0.00025	0.00016	0.00015	0.03008	0.00043	0.03581	0.57529	0.04936	0.24695	0.02194	0.01881	5.9e-05	9.3e-05	0.00030	0.01930	0.00016
2	0.01924	0.00020	0.00024	0.01008	0.00028	0.01603	0.00018	0.03009	0.02907	0.04204	0.16531	0.23231	0.14085	0.07286	0.16881	0.01010	0.01102	0.02546	0.02567	0.00015
3	0.13691	0.02246	0.02102	0.01271	0.02788	0.59220	0.00029	0.02480	0.01125	0.04732	0.01041	0.00034	0.00024	0.00019	0.01027	0.01723	0.01278	0.00011	0.01096	0.04063
4	0.04746	0.02014	0.02391	0.10928	0.01328	0.03755	0.03906	0.06365	0.03625	0.16827	0.08739	0.06710	0.03728	0.04700	0.07785	0.06710	0.01223	0.00880	0.02822	0.00818
5	0.03235	0.52012	0.07886	0.00950	0.01744	0.04071	0.04792	0.03043	0.05726	0.05194	0.02090	0.01624	0.00030	0.00869	0.00839	0.00938	0.03248	0.00874	0.00813	0.00021
6	0.01738	0.56443	0.06386	0.05060	0.02785	0.02833	0.12361	0.01533	0.01154	0.01021	0.01024	0.02089	0.00026	0.01028	0.01098	4.7e-05	0.03375	0.00012	8e-05	0.00021

[dist]
# distance from previous block
# <min> <max>
22	121

[block]
# block no. 11 follows, 2111 sequences, length 11
# corresponding to MSA columns:
# 1937-1939,1941-1948
name=unknown_L
#
# <colnr> <probs for GDERKNQSTAVLIFYWHMCP>
#	G	D	E	R	K	N	Q	S	T	A	V	L	I	F	Y	W	H	M	C	P
0	0.00038	0.00033	0.00047	0.00039	0.00042	0.00044	0.02025	0.01961	0.00029	0.07938	0.02280	0.00851	0.01662	0.01804	0.01102	7e-05	0.74267	0.00843	0.00859	0.04129
1	0.10004	0.00064	0.00042	0.02612	0.00048	0.71646	0.00704	0.00970	0.00854	0.01203	0.02257	0.04092	0.01422	0.00675	0.00723	4.8e-05	0.01604	0.01047	9.5e-05	0.00019
2	0.01435	0.00024	0.04422	0.04696	0.01118	0.00021	0.05508	0.00036	0.00985	0.08984	0.22575	0.23871	0.09891	0.00927	0.08517	0.01732	0.03376	0.01149	0.00717	0.00017
3	0.00886	0.01267	0.25447	0.00794	0.00924	0.01084	0.22279	0.06787	0.04438	0.16405	0.00872	0.09624	0.01038	0.00944	0.01180	0.00539	0.00505	0.04462	0.00505	0.00022
4	0.00058	0.17505	0.00053	0.00040	0.00049	0.81943	0.00031	0.00063	0.00044	0.00040	0.00025	0.00029	0.00021	0.00016	0.00014	4.1e-05	0.00027	0.00010	8.2e-05	0.00019
5	0.01511	0.00024	0.00032	0.00026	0.00036	0.00022	0.00839	0.01675	0.02173	0.55912	0.11292	0.07692	0.11556	0.01461	0.00915	5.7e-05	0.00013	0.03658	0.01137	0.00022
6	0.00847	0.00018	0.00816	0.02049	0.00984	0.00017	0.02060	0.00720	0.00948	0.06683	0.02113	0.68264	0.02154	0.00914	0.00021	6.5e-05	0.00011	0.08449	0.02913	0.00015
7	0.02327	0.00028	0.00035	0.00028	0.00039	0.02228	0.00023	0.03485	0.02932	0.70164	0.04850	0.03958	0.01107	0.03813	0.00019	5.6e-05	0.00014	0.02558	0.02362	0.00025
8	0.01140	0.00028	0.00036	0.00029	0.00040	0.00025	0.00023	0.04760	0.02450	0.80876	0.04429	0.01737	0.01102	0.00022	0.00017	5.1e-05	0.00014	0.01168	0.02074	0.00026
9	0.01155	0.00021	0.00026	0.00737	0.00031	0.00020	0.00019	0.03095	0.04315	0.22862	0.11620	0.22686	0.18628	0.01388	0.03929	0.02224	0.00012	0.04877	0.02338	0.00018
10	0.04231	0.00030	0.03797	0.00030	0.00736	0.00682	0.01688	0.05145	0.02399	0.68047	0.02263	0.05239	0.01688	0.00817	0.00017	0.00843	0.00014	0.00773	0.01534	0.00025

[dist]
# distance from previous block
# <min> <max>
11	18

[block]
# block no. 12 follows, 2111 sequences, length 19
# corresponding to MSA columns:
# 2034-2052
name=unknown_M
#
# <colnr> <probs for GDERKNQSTAVLIFYWHMCP>
#	G	D	E	R	K	N	Q	S	T	A	V	L	I	F	Y	W	H	M	C	P
0	0.02608	0.00720	0.09951	0.14744	0.07491	0.00478	0.03844	0.02665	0.02443	0.15690	0.07992	0.20704	0.05946	0.00573	0.00502	0.00332	0.00956	0.01540	0.00800	0.00020
1	0.01413	0.09381	0.18784	0.07219	0.16805	0.04495	0.08953	0.04621	0.05912	0.12993	0.00723	0.00575	0.00793	0.00458	0.00824	5.3e-05	0.04557	0.00304	0.00351	0.00835
2	0.21927	0.00029	0.00485	0.00027	0.00422	0.00502	0.00359	0.04693	0.13347	0.35522	0.14711	0.00519	0.01590	0.02588	0.00359	5.5e-05	0.01246	0.00350	0.00623	0.00693
3	0.03740	0.00016	0.00020	0.00022	0.00024	0.00015	0.00015	0.00026	0.00650	0.01475	0.07665	0.71884	0.07955	0.02695	0.00022	6.6e-05	9.8e-05	0.02446	0.01299	0.00014
4	0.01370	0.01127	0.06710	0.26200	0.17979	0.01752	0.04497	0.08578	0.10833	0.09375	0.01335	0.02201	0.00930	0.00359	0.00989	5.5e-05	0.02415	0.01249	0.01758	0.00337
5	0.03414	0.06713	0.12775	0.03503	0.02367	0.07671	0.04947	0.19504	0.22217	0.09765	0.01483	0.00635	0.01047	0.00569	0.00017	5.2e-05	0.02463	0.00400	0.00480	0.00024
6	0.00024	0.00017	0.00020	0.00020	0.00021	0.00017	0.00012	0.00026	0.01693	0.00034	0.00945	0.03570	0.00058	0.75720	0.14864	0.00731	0.01493	0.00023	0.00700	0.00011
7	0.08079	0.01175	0.04201	0.10663	0.13799	0.01456	0.07772	0.10245	0.12208	0.08519	0.03302	0.00532	0.00416	0.00019	0.00338	5e-05	0.04544	0.00475	0.00549	0.11704
8	0.67238	0.00031	0.00721	0.00533	0.00034	0.00465	0.00675	0.04332	0.00927	0.04875	0.05625	0.02625	0.00533	0.00428	0.00012	4.9e-05	0.00013	0.00584	0.00011	0.10332
9	0.10473	0.02974	0.04605	0.00561	0.00030	0.00020	0.00715	0.01036	0.00037	0.05034	0.27853	0.37946	0.06904	0.00036	0.00018	5.7e-05	0.00011	0.00597	0.00015	0.01129
10	0.06041	0.03189	0.20189	0.03101	0.08191	0.01024	0.00419	0.01616	0.01130	0.16149	0.00671	0.00039	0.00027	0.00015	0.00015	4.1e-05	0.01095	0.00492	0.00011	0.36583
11	0.00036	0.00035	0.00049	0.00042	0.00042	0.01420	0.00035	0.00039	0.00025	0.00039	0.00023	0.00039	0.00023	0.03529	0.01382	7.7e-05	0.93195	0.00015	7.3e-05	0.00018
12	0.00033	0.00029	0.00049	0.95003	0.00110	0.00036	0.00045	0.00044	0.00033	0.04421	0.00031	0.00044	0.00023	0.00017	0.00016	5.4e-05	0.00021	0.00015	7.8e-05	0.00019
13	0.04153	0.00021	0.00422	0.01367	0.00029	0.01405	0.02741	0.02955	0.04614	0.03133	0.05156	0.25180	0.18486	0.11323	0.00026	6.8e-05	0.00012	0.07390	0.11566	0.00016
14	0.00038	0.00059	0.42275	0.00763	0.00680	0.00038	0.43936	0.00555	0.00658	0.06874	0.01687	0.00043	0.00499	0.00697	0.00018	5.4e-05	0.00532	0.00016	0.00604	0.00023
15	0.00316	0.01078	0.02531	0.05717	0.06035	0.01794	0.00507	0.01813	0.07247	0.05288	0.09026	0.16923	0.03028	0.12097	0.14761	0.03158	0.04218	0.01317	0.00477	0.02669
16	0.00025	0.00017	0.00022	0.00021	0.00025	0.00016	0.00015	0.00641	0.01551	0.03439	0.67592	0.04180	0.16938	0.04158	0.00022	5.7e-05	8.6e-05	0.00636	0.00674	0.00016
17	0.20541	0.02740	0.01369	0.13489	0.03184	0.00475	0.00356	0.01582	0.04606	0.29644	0.01026	0.05653	0.00432	0.03367	0.01480	0.00553	0.05482	0.00902	0.02490	0.00628
18	0.00369	0.04373	0.35560	0.04621	0.05138	0.02240	0.04888	0.04996	0.22300	0.02174	0.05825	0.01580	0.01623	0.00843	0.00608	0.00304	0.00794	0.00962	0.00780	0.00023

[dist]
# distance from previous block
# <min> <max>
2	10

[block]
# block no. 13 follows, 2111 sequences, length 17
# corresponding to MSA columns:
# 2070-2086
name=unknown_N
#
# <colnr> <probs for GDERKNQSTAVLIFYWHMCP>
#	G	D	E	R	K	N	Q	S	T	A	V	L	I	F	Y	W	H	M	C	P
0	0.68428	0.07708	0.04774	0.00951	0.01580	0.04294	0.02215	0.02953	0.01832	0.00816	0.00542	0.00031	0.00481	0.00016	0.00481	5e-05	0.00734	0.00400	0.00415	0.01344
1	0.00025	0.00020	0.00025	0.12708	0.00729	0.01794	0.00019	0.00032	0.00945	0.01260	0.54797	0.02946	0.22842	0.00033	0.00019	5.3e-05	0.00010	0.00997	0.00778	0.00016
2	0.01270	0.07067	0.04500	0.21063	0.21210	0.01324	0.02884	0.05779	0.07675	0.06006	0.12750	0.03129	0.01375	0.00436	0.00802	5.3e-05	0.00619	0.00729	0.00517	0.00860
3	0.00028	0.00017	0.00022	0.00022	0.00024	0.00017	0.00015	0.00029	0.00027	0.06553	0.04904	0.01006	0.03030	0.39276	0.28006	0.16171	0.00023	0.00021	0.00798	0.00012
4	0.00022	0.00017	0.00022	0.00896	0.00026	0.00017	0.00017	0.00028	0.00033	0.00045	0.19141	0.01069	0.28531	0.05930	0.43248	0.00015	0.00024	0.00889	0.00013	0.00014
5	0.00055	0.30808	0.02297	0.00038	0.00048	0.66409	0.00031	0.00060	0.00042	0.00040	0.00025	0.00029	0.00021	0.00016	0.00013	4e-05	0.00026	0.00010	8e-05	0.00020
6	0.00046	0.86090	0.00081	0.00030	0.00043	0.10234	0.00028	0.03214	0.00036	0.00041	0.00024	0.00027	0.00021	0.00014	0.00011	3.6e-05	0.00019	9.1e-05	7.4e-05	0.00021
7	0.00061	0.00045	0.00049	0.00037	0.00050	0.00050	0.00031	0.95285	0.02100	0.00101	0.00040	0.00040	0.00028	0.00020	0.00016	4.9e-05	0.00018	0.00015	0.00016	0.01993
8	0.00038	0.00037	0.00062	0.05323	0.86306	0.00037	0.00047	0.00048	0.00037	0.00052	0.00041	0.00050	0.07816	0.00017	0.00016	4.9e-05	0.00019	0.00016	8.6e-05	0.00025
9	0.18341	0.03202	0.05268	0.00029	0.00042	0.00030	0.00025	0.07162	0.00044	0.65612	0.00052	0.00047	0.00034	0.00019	0.00015	5e-05	0.00015	0.00014	0.00017	0.00026
10	0.05282	0.00036	0.00037	0.00033	0.00042	0.00041	0.00026	0.04854	0.89294	0.00070	0.00063	0.00058	0.00047	0.00022	0.00016	5.5e-05	0.00013	0.00018	0.00016	0.00026
11	0.00060	0.02156	0.00047	0.03059	0.00052	0.85853	0.00032	0.06930	0.01582	0.00045	0.00027	0.00031	0.00022	0.00017	0.00015	4.3e-05	0.00028	0.00011	9e-05	0.00020
12	0.01007	0.00024	0.00028	0.00700	0.00033	0.00716	0.00019	0.02113	0.08243	0.06404	0.22130	0.01136	0.17190	0.01375	0.05156	5.7e-05	0.00013	0.01644	0.00542	0.31521
13	0.21353	0.14327	0.09016	0.00509	0.01362	0.00818	0.00455	0.00454	0.08413	0.04334	0.01311	0.13350	0.00634	0.00024	0.00023	5.5e-05	0.20719	0.00474	0.00011	0.02407
14	0.00069	0.00032	0.01717	0.04808	0.00047	0.00030	0.00027	0.18300	0.00052	0.74654	0.00058	0.00052	0.00037	0.00020	0.00016	5.1e-05	0.00015	0.00016	0.00019	0.00027
15	0.01090	0.00031	0.00036	0.00030	0.00040	0.00032	0.00024	0.03373	0.46038	0.37574	0.07924	0.01108	0.00055	0.00023	0.00017	5.3e-05	0.00013	0.01230	0.01332	0.00025
16	0.05979	0.01952	0.14935	0.04683	0.03836	0.01624	0.09198	0.02237	0.06144	0.11937	0.09590	0.13257	0.08961	0.00721	0.00019	0.01804	0.00521	0.01540	0.01042	0.00020

[dist]
# distance from previous block
# <min> <max>
0	3

[block]
# block no. 14 follows, 2111 sequences, length 6
# corresponding to MSA columns:
# 2090-2093,2095,2096
name=unknown_O
#
# <colnr> <probs for GDERKNQSTAVLIFYWHMCP>
#	G	D	E	R	K	N	Q	S	T	A	V	L	I	F	Y	W	H	M	C	P
0	0.01902	0.00033	0.02101	0.06978	0.16304	0.01368	0.05279	0.07366	0.02197	0.37577	0.07655	0.00059	0.01762	0.01657	0.01208	5.5e-05	0.01141	0.02258	0.00015	0.03135
1	0.09787	0.00032	0.00038	0.00030	0.00042	0.00031	0.00024	0.19157	0.03404	0.63842	0.00055	0.00050	0.00036	0.00020	0.00016	5e-05	0.00014	0.00015	0.03375	0.00026
2	0.00022	0.00016	0.00020	0.00022	0.00024	0.00014	0.00015	0.00026	0.00034	0.02836	0.05487	0.62850	0.20867	0.02843	0.00022	6.6e-05	9.7e-05	0.04858	0.00015	0.00014
3	0.04036	0.03511	0.13255	0.09849	0.09907	0.08686	0.04321	0.11273	0.03498	0.15123	0.02531	0.07421	0.01098	0.00022	0.01019	5.3e-05	0.00990	0.01010	0.01015	0.01432
4	0.24017	0.01574	0.01426	0.00029	0.00040	0.02945	0.00024	0.20787	0.02940	0.37198	0.01559	0.00046	0.00033	0.01440	0.01427	5.5e-05	0.01445	0.00014	0.03026	0.00024
5	0.00026	0.00019	0.00025	0.01373	0.00028	0.00020	0.01342	0.01232	0.01906	0.01372	0.05960	0.18967	0.04996	0.29300	0.15101	0.01617	0.05774	0.09659	0.01272	0.00014

[dist]
# distance from previous block
# <min> <max>
1	12

[block]
# block no. 15 follows, 2111 sequences, length 22
# corresponding to MSA columns:
# 2134-2141,2143,2144,2146-2149,2154-2161
name=unknown_P
#
# <colnr> <probs for GDERKNQSTAVLIFYWHMCP>
#	G	D	E	R	K	N	Q	S	T	A	V	L	I	F	Y	W	H	M	C	P
0	0.01932	0.03127	0.00584	0.14122	0.14320	0.06732	0.01978	0.09812	0.08396	0.01454	0.00381	0.00416	0.00355	0.00306	0.00016	4.3e-05	0.03664	0.00334	0.00298	0.31768
1	0.00951	0.00020	0.01811	0.00022	0.00376	0.00018	0.00452	0.00597	0.06383	0.04091	0.34229	0.19509	0.28338	0.00839	0.00541	5.8e-05	9.7e-05	0.00776	0.00016	0.01016
2	0.00025	0.00019	0.00025	0.05045	0.00031	0.00020	0.00018	0.00421	0.01210	0.02438	0.35459	0.03748	0.31427	0.02266	0.04251	0.03080	0.08930	0.00873	0.00697	0.00015
3	0.00023	0.00015	0.00020	0.00022	0.00023	0.00014	0.00015	0.00023	0.00029	0.00633	0.03934	0.57781	0.04188	0.00649	0.01736	0.29777	0.00012	0.01082	0.00013	0.00012
4	0.00020	0.00016	0.00018	0.00018	0.00023	0.00014	0.00013	0.00024	0.00036	0.00045	0.05224	0.24192	0.68003	0.01259	0.00021	5.9e-05	8.7e-05	0.01031	0.00015	0.00014
5	0.05057	0.00024	0.00031	0.00026	0.00036	0.00022	0.00021	0.01357	0.00042	0.61310	0.04673	0.18336	0.00831	0.00723	0.00017	5.4e-05	0.00012	0.01626	0.05826	0.00023
6	0.99540	0.00032	0.00024	0.00022	0.00032	0.00037	0.00018	0.00048	0.00028	0.00073	0.00023	0.00027	0.00018	0.00015	0.00010	5.1e-05	0.00013	8.9e-05	0.00010	0.00018
7	0.99540	0.00032	0.00024	0.00022	0.00032	0.00037	0.00018	0.00048	0.00028	0.00073	0.00023	0.00027	0.00018	0.00015	0.00010	5.1e-05	0.00013	8.9e-05	0.00010	0.00018
8	0.00030	0.19387	0.05732	0.04742	0.04558	0.00325	0.10542	0.00584	0.00834	0.00524	0.03650	0.36260	0.00607	0.00472	0.07891	7.2e-05	0.01299	0.02206	0.00333	0.00018
9	0.22878	0.33771	0.02853	0.00330	0.00349	0.01763	0.00931	0.02301	0.02186	0.17299	0.00040	0.09247	0.00498	0.00397	0.00014	0.00323	0.00290	0.01331	0.00281	0.02918
10	0.00039	0.00037	0.00063	0.18714	0.80723	0.00038	0.00049	0.00049	0.00036	0.00051	0.00030	0.00041	0.00025	0.00015	0.00016	5e-05	0.00020	0.00015	7.9e-05	0.00024
11	0.60355	0.04898	0.05938	0.00582	0.04157	0.02339	0.03208	0.07247	0.01818	0.03903	0.00341	0.01149	0.00361	0.00017	0.00013	5.1e-05	0.01225	0.01616	0.00345	0.00484
12	0.20315	0.03766	0.00865	0.00033	0.00044	0.11695	0.10307	0.07355	0.03910	0.27026	0.04654	0.02436	0.02356	0.02684	0.00914	5.5e-05	0.00854	0.00016	0.00344	0.00422
13	0.11261	0.46018	0.11807	0.01436	0.00626	0.03540	0.01412	0.09710	0.05295	0.01204	0.00832	0.00456	0.00368	0.00016	0.00013	4.3e-05	0.01540	0.00619	0.00524	0.03317
14	0.00026	0.04539	0.00024	0.00021	0.00024	0.01892	0.00456	0.00976	0.00401	0.01529	0.06317	0.13556	0.06644	0.52060	0.09265	0.00013	0.00017	0.01248	0.00012	0.00981
15	0.03709	0.31012	0.13256	0.02297	0.02647	0.02156	0.02677	0.18522	0.10996	0.04641	0.00515	0.01059	0.01271	0.01060	0.00437	4.9e-05	0.01726	0.01977	0.00011	0.00023
16	0.05985	0.15347	0.28706	0.02033	0.01806	0.01050	0.02100	0.04234	0.01308	0.12951	0.02364	0.01288	0.00777	0.00017	0.00014	4.4e-05	0.00463	0.00550	0.00010	0.18993
17	0.00023	0.00016	0.00905	0.00023	0.00024	0.00014	0.00696	0.00025	0.00502	0.00757	0.00547	0.68426	0.01867	0.06877	0.00560	0.13813	0.00011	0.02128	0.02774	0.00013
18	0.01155	0.00474	0.04048	0.07558	0.06941	0.00533	0.01597	0.01469	0.03634	0.14222	0.23987	0.11026	0.16008	0.01681	0.00278	0.00272	0.00354	0.03703	0.00360	0.00701
19	0.01735	0.06842	0.13221	0.07893	0.09367	0.03634	0.05270	0.03206	0.02541	0.14315	0.00786	0.00927	0.00903	0.00316	0.00283	4.4e-05	0.01295	0.00296	0.00328	0.26835
20	0.02299	0.06726	0.05713	0.05021	0.03750	0.01396	0.03935	0.07159	0.03996	0.15390	0.04631	0.12182	0.02377	0.02794	0.11549	0.02166	0.02313	0.00492	0.00527	0.05584
21	0.01192	0.00020	0.00483	0.00901	0.00028	0.01831	0.01449	0.01538	0.01265	0.03629	0.16665	0.22765	0.18167	0.18568	0.01193	8e-05	0.03921	0.05407	0.00506	0.00464

[dist]
# distance from previous block
# <min> <max>
2	8

[block]
# block no. 16 follows, 2111 sequences, length 19
# corresponding to MSA columns:
# 2198-2205,2207-2209,2211-2218
name=unknown_Q
#
# <colnr> <probs for GDERKNQSTAVLIFYWHMCP>
#	G	D	E	R	K	N	Q	S	T	A	V	L	I	F	Y	W	H	M	C	P
0	0.00847	0.02545	0.00946	0.21944	0.40766	0.00800	0.00984	0.02520	0.01790	0.09155	0.07162	0.00845	0.07088	0.00020	0.00510	5.2e-05	0.00552	0.00017	0.01481	0.00022
1	0.11489	0.00418	0.03593	0.06765	0.13796	0.00582	0.03231	0.04605	0.03404	0.32508	0.04843	0.01936	0.00964	0.02110	0.01594	0.00360	0.06038	0.00542	0.01200	0.00023
2	0.00688	0.00019	0.00025	0.00023	0.00029	0.00017	0.00018	0.00040	0.01199	0.20415	0.33383	0.22523	0.08229	0.00714	0.00020	5.8e-05	0.00010	0.09690	0.02935	0.00017
3	0.00716	0.00017	0.00569	0.00022	0.00026	0.00017	0.00016	0.00030	0.00605	0.02163	0.37590	0.09272	0.19988	0.04914	0.22487	0.00011	0.00017	0.01513	0.00015	0.00015
4	0.00646	0.00018	0.00021	0.00022	0.00026	0.00017	0.00016	0.00728	0.09144	0.03063	0.17998	0.47430	0.05674	0.01963	0.00020	6e-05	9.6e-05	0.00650	0.12534	0.00016
5	0.00022	0.00017	0.00019	0.00019	0.00022	0.00927	0.00014	0.00025	0.00726	0.00041	0.03892	0.17482	0.41238	0.27448	0.03887	9.4e-05	0.00012	0.04172	0.00014	0.00013
6	0.99540	0.00032	0.00024	0.00022	0.00032	0.00037	0.00018	0.00048	0.00028	0.00073	0.00023	0.00027	0.00018	0.00015	0.00010	5.1e-05	0.00013	8.9e-05	0.00010	0.00018
7	0.00037	0.03604	0.26667	0.20431	0.07654	0.00689	0.17170	0.02127	0.02584	0.06706	0.07108	0.01420	0.00877	0.00372	0.00017	5.3e-05	0.01138	0.00578	0.00454	0.00360
8	0.01367	0.43487	0.03517	0.00031	0.00044	0.02302	0.00028	0.08119	0.21586	0.16455	0.00788	0.00041	0.00032	0.00018	0.00014	4.5e-05	0.01017	0.00013	0.01113	0.00024
9	0.17076	0.00522	0.00436	0.12287	0.08644	0.01550	0.06002	0.02924	0.01794	0.45217	0.00437	0.00047	0.00032	0.00018	0.00386	5.2e-05	0.00405	0.00740	0.00014	0.01463
10	0.05337	0.12545	0.18518	0.02809	0.06678	0.01895	0.06123	0.04171	0.01842	0.14585	0.01191	0.01107	0.00503	0.00348	0.02177	5e-05	0.02675	0.00442	0.00363	0.16683
11	0.01693	0.04618	0.07156	0.12998	0.20628	0.01208	0.10835	0.00773	0.02341	0.07876	0.03626	0.10388	0.05871	0.01138	0.00342	5.4e-05	0.00845	0.01907	0.00396	0.05355
12	0.00021	0.00016	0.00019	0.00020	0.00023	0.00015	0.00014	0.00025	0.00033	0.00042	0.06766	0.31785	0.29686	0.22189	0.00896	0.00871	0.00011	0.07541	0.00014	0.00013
13	0.03202	0.00572	0.11666	0.06620	0.07539	0.00594	0.02944	0.02667	0.02960	0.44731	0.04103	0.03721	0.03743	0.00484	0.01484	5.6e-05	0.00690	0.01528	0.00724	0.00024
14	0.01663	0.12973	0.18342	0.10700	0.10277	0.03061	0.10004	0.04937	0.02298	0.17488	0.00571	0.02698	0.00497	0.00018	0.00016	0.00356	0.01117	0.02056	0.00488	0.00439
15	0.01161	0.02703	0.03572	0.03784	0.00883	0.00369	0.03400	0.03144	0.07347	0.39192	0.03803	0.19377	0.03597	0.01895	0.00307	0.00771	0.00943	0.00889	0.01803	0.01059
16	0.06451	0.00355	0.00388	0.04737	0.01271	0.00414	0.00020	0.02953	0.00793	0.24509	0.04183	0.38633	0.06043	0.04814	0.00704	0.00374	0.00887	0.01451	0.01002	0.00018
