[name]
unknown

[dist]
# distance from previous block
# <min> <max>
0	374

[block]
# block no. 0 follows, 2898 sequences, length 46
# corresponding to MSA columns:
# 494-513,516-520,533,535-554
name=unknown_A
#
# <colnr> <probs for GDERKNQSTAVLIFYWHMCP>
#	G	D	E	R	K	N	Q	S	T	A	V	L	I	F	Y	W	H	M	C	P
0	0.03481	0.00773	0.01820	0.03239	0.04333	0.02544	0.00824	0.09796	0.04043	0.15436	0.02486	0.00752	0.01080	0.00554	0.00351	4.4e-05	0.00578	0.41403	0.00011	0.06493
1	0.03243	0.00880	0.01275	0.04750	0.29069	0.03238	0.00949	0.08549	0.03979	0.04459	0.07034	0.20816	0.07019	0.00216	0.00632	0.00347	0.00488	0.01618	9.1e-05	0.01433
2	0.02459	0.00023	0.00025	0.00020	0.01568	0.07017	0.00535	0.01792	0.00276	0.02898	0.01277	0.01776	0.00376	0.06116	0.00265	2.8e-05	0.00602	0.00219	0.01570	0.71183
3	0.00019	0.00016	0.00224	0.01031	0.01549	0.00204	0.00801	0.00700	0.19217	0.00405	0.43354	0.06796	0.23971	0.00477	0.00014	4e-05	7.1e-05	0.01187	0.00012	0.00013
4	0.00016	0.00357	0.00015	0.00015	0.00018	0.00011	0.00011	0.00021	0.00031	0.00908	0.65801	0.09067	0.22828	0.00430	0.00014	4e-05	6e-05	0.00422	0.00012	0.00011
5	0.00515	0.00020	0.00027	0.00021	0.00030	0.00018	0.00017	0.03970	0.02206	0.86212	0.04036	0.01241	0.00937	0.00016	0.00012	3.7e-05	0.0001	0.00013	0.00675	0.00020
6	0.00015	0.00012	0.00013	0.00014	0.00017	0.00010	9.9e-05	0.00018	0.00027	0.00034	0.12200	0.24425	0.61972	0.00617	0.00015	4.3e-05	6.3e-05	0.00572	0.00011	0.00010
7	0.00017	0.00012	0.00015	0.00015	0.00018	0.00011	0.00011	0.00022	0.00033	0.00992	0.79971	0.00692	0.17172	0.00025	0.00014	3.8e-05	5.8e-05	0.00399	0.00560	0.00011
8	0.99664	0.00023	0.00018	0.00016	0.00023	0.00027	0.00013	0.00035	0.00020	0.00054	0.00017	0.00019	0.00013	0.00011	7.4e-05	3.7e-05	9.2e-05	6.5e-05	7.4e-05	0.00013
9	0.00023	0.00022	0.00036	0.94380	0.02417	0.00027	0.00780	0.01308	0.00419	0.00032	0.00022	0.00032	0.00016	0.00012	0.00012	4e-05	0.00016	0.00011	0.00420	0.00014
10	0.00025	0.00022	0.00407	0.00019	0.00029	0.00017	0.02415	0.00437	0.01710	0.01559	0.00022	0.00026	0.00018	9.1e-05	9.1e-05	1.9e-05	9.2e-05	7.5e-05	7.3e-05	0.93249
11	0.00045	0.00057	0.00034	0.00031	0.00037	0.99532	0.00023	0.00048	0.00034	0.00029	0.00018	0.00022	0.00015	0.00012	0.00011	3.1e-05	0.00022	7.7e-05	6.2e-05	0.00014
12	0.00017	0.00012	0.00016	0.00015	0.00018	0.00012	0.00011	0.00023	0.01505	0.00048	0.96783	0.00089	0.00799	0.00024	0.00014	3.8e-05	5.7e-05	0.00021	0.00571	0.00011
13	0.99664	0.00023	0.00018	0.00016	0.00023	0.00027	0.00013	0.00035	0.00020	0.00054	0.00017	0.00019	0.00013	0.00011	7.4e-05	3.7e-05	9.2e-05	6.5e-05	7.4e-05	0.00013
14	0.00030	0.00028	0.00049	0.00073	0.99505	0.00028	0.00037	0.00037	0.00027	0.00039	0.00022	0.00030	0.00019	0.00011	0.00012	3.6e-05	0.00014	0.00011	5.9e-05	0.00019
15	0.00045	0.00033	0.00036	0.00028	0.00037	0.00037	0.00023	0.99465	0.00056	0.00075	0.00029	0.00029	0.00020	0.00014	0.00012	3.6e-05	0.00013	0.00011	0.00012	0.00020
16	0.00030	0.00026	0.00027	0.00025	0.00031	0.00030	0.00486	0.03352	0.93751	0.01353	0.00048	0.00045	0.00036	0.00016	0.00012	4e-05	9.7e-05	0.00687	0.00012	0.00019
17	0.00015	0.00011	0.00014	0.00016	0.00017	9.9e-05	0.00011	0.00017	0.00023	0.00031	0.00728	0.80732	0.11781	0.05430	0.00018	5.1e-05	7.1e-05	0.01115	0.00011	9.6e-05
18	0.00017	0.00012	0.00014	0.00013	0.00014	0.00012	8.1e-05	0.00019	0.00334	0.00468	0.15974	0.00446	0.00837	0.80756	0.00423	0.00316	0.00011	0.00310	8.3e-05	8e-05
19	0.00045	0.00057	0.00034	0.00031	0.00037	0.99532	0.00023	0.00048	0.00034	0.00029	0.00018	0.00022	0.00015	0.00012	0.00011	3.1e-05	0.00022	7.7e-05	6.2e-05	0.00014
20	0.00375	0.00022	0.00036	0.77093	0.07903	0.00606	0.02749	0.01661	0.00388	0.03955	0.02120	0.00221	0.00657	0.00287	0.00827	4.1e-05	0.00188	0.00011	0.00881	0.00014
21	0.00015	0.00011	0.00013	0.00015	0.00017	0.00010	0.00011	0.00017	0.00024	0.00031	0.02527	0.60919	0.30685	0.03329	0.00016	4.8e-05	6.9e-05	0.02326	0.00011	9.8e-05
22	0.00815	0.00018	0.00021	0.00019	0.00024	0.00018	0.00015	0.02265	0.28445	0.19142	0.21925	0.11359	0.14030	0.00022	0.00013	4e-05	8e-05	0.00532	0.01311	0.00015
23	0.58328	0.00313	0.02519	0.15633	0.12325	0.02260	0.05401	0.00035	0.00215	0.00264	0.00020	0.00571	0.00854	0.00012	9.6e-05	3.8e-05	0.00815	0.00222	0.00187	0.00014
24	0.01641	0.05284	0.17434	0.20128	0.16293	0.00811	0.04662	0.13733	0.17265	0.00606	0.00545	0.00242	0.00021	0.00013	0.00310	3.8e-05	0.00670	0.00312	7.7e-05	0.00017
25	0.00261	0.00183	0.00038	0.75887	0.14786	0.00794	0.03566	0.00494	0.00467	0.00207	0.00022	0.00457	0.00018	0.00012	0.00195	3.9e-05	0.00251	0.01066	0.00435	0.00857
26	0.00242	0.21488	0.13879	0.01574	0.06897	0.01183	0.04680	0.00601	0.01073	0.02391	0.08499	0.15381	0.19746	0.00181	0.00354	3.8e-05	0.01422	0.00383	8.4e-05	0.00014
27	0.00051	0.00024	0.00030	0.00023	0.00032	0.00023	0.00019	0.27621	0.00040	0.71942	0.00042	0.00037	0.00027	0.00015	0.00012	3.7e-05	0.00011	0.00012	0.00014	0.00020
28	0.00015	0.00012	0.00013	0.00014	0.00017	0.00010	0.0001	0.00018	0.00027	0.00034	0.11904	0.27448	0.59735	0.00032	0.00014	4.2e-05	6.3e-05	0.00666	0.00011	0.00010
29	0.00018	0.00013	0.01046	0.00016	0.00019	0.00012	0.00012	0.00025	0.05503	0.00048	0.91750	0.00087	0.00569	0.00024	0.00014	3.8e-05	6e-05	0.00809	0.00013	0.00012
30	0.02856	0.16812	0.35031	0.00167	0.03887	0.01988	0.04979	0.02641	0.00305	0.18263	0.00558	0.00330	0.00225	0.01242	0.01257	4e-05	0.08603	0.00657	0.00179	0.00017
31	0.01117	0.87422	0.02576	0.00022	0.00032	0.04562	0.00591	0.02100	0.00025	0.00863	0.00017	0.00020	0.00016	0.00011	8.2e-05	2.7e-05	0.00268	6.7e-05	5.4e-05	0.00337
32	0.00023	0.00295	0.09915	0.01955	0.06760	0.00216	0.08267	0.00311	0.23732	0.00326	0.10435	0.08783	0.05585	0.12422	0.04989	0.00147	0.00721	0.04664	0.00439	0.00014
33	0.00029	0.00024	0.03200	0.00886	0.00436	0.00475	0.00331	0.09491	0.00029	0.08154	0.00287	0.00027	0.00019	0.00010	9.6e-05	2.2e-05	9.8e-05	8e-05	8.1e-05	0.76564
34	0.97393	0.00024	0.00625	0.00016	0.00024	0.01089	0.00013	0.00634	0.00021	0.00053	0.00017	0.00020	0.00013	0.00011	7.5e-05	3.7e-05	9.5e-05	6.5e-05	7.4e-05	0.00013
35	0.00017	0.00012	0.00016	0.00016	0.00018	0.00012	0.00011	0.00023	0.03881	0.00043	0.68759	0.20826	0.05659	0.00027	0.00014	4e-05	6.1e-05	0.00632	0.00013	0.00011
36	0.00030	0.00026	0.00027	0.00024	0.00031	0.01128	0.00019	0.00063	0.98386	0.00050	0.00048	0.00044	0.00036	0.00016	0.00012	4e-05	9.6e-05	0.00013	0.00012	0.00019
37	0.00023	0.00021	0.00036	0.99551	0.00082	0.00027	0.00033	0.00031	0.00024	0.00031	0.00021	0.00032	0.00016	0.00012	0.00012	4e-05	0.00016	0.00011	5.3e-05	0.00013
38	0.00032	0.99587	0.00063	0.00020	0.00031	0.00047	0.00020	0.00036	0.00024	0.00028	0.00017	0.00019	0.00015	0.00010	7.7e-05	2.6e-05	0.00013	6.4e-05	5.1e-05	0.00015
39	0.00022	0.00021	0.00035	0.94031	0.00079	0.00576	0.00679	0.00030	0.00024	0.00031	0.02349	0.01559	0.00019	0.00013	0.00012	0.00472	0.00016	0.00011	5.6e-05	0.00013
40	0.00224	0.00020	0.00029	0.08966	0.12107	0.03320	0.10673	0.00305	0.04886	0.00036	0.12596	0.08368	0.29129	0.00022	0.00016	4.1e-05	0.09012	0.00263	9e-05	0.00013
41	0.00163	0.00204	0.05689	0.00343	0.00243	0.00205	0.00198	0.10741	0.01441	0.01227	0.01222	0.00046	0.01751	0.02406	0.71949	0.00015	0.00170	0.00671	0.00320	0.00994
42	0.43107	0.00843	0.00532	0.03932	0.00340	0.00349	0.02649	0.06526	0.03874	0.19397	0.00423	0.00953	0.00207	0.00472	0.12485	0.00139	0.01907	0.01355	0.00496	0.00015
43	0.00164	0.19210	0.19829	0.09993	0.10314	0.03791	0.04651	0.04782	0.05936	0.03186	0.01969	0.01634	0.01273	0.00227	0.02061	0.00551	0.04330	0.00461	6.8e-05	0.05629
44	0.20115	0.00020	0.00024	0.00019	0.00027	0.00020	0.00016	0.05428	0.05102	0.52141	0.07579	0.00380	0.02849	0.00263	0.00011	3.7e-05	9.4e-05	0.00421	0.05553	0.00017
45	0.00162	0.05869	0.41238	0.10692	0.10648	0.03190	0.03908	0.04576	0.05236	0.00204	0.01466	0.02224	0.00474	0.03804	0.03800	4.6e-05	0.01958	0.00359	0.00170	0.00016

[dist]
# distance from previous block
# <min> <max>
3	7

[block]
# block no. 1 follows, 2898 sequences, length 13
# corresponding to MSA columns:
# 600-612
name=unknown_B
#
# <colnr> <probs for GDERKNQSTAVLIFYWHMCP>
#	G	D	E	R	K	N	Q	S	T	A	V	L	I	F	Y	W	H	M	C	P
0	0.01138	0.00499	0.00483	0.33320	0.13594	0.02330	0.03929	0.01000	0.03840	0.00627	0.03025	0.13934	0.03364	0.01438	0.03819	0.00424	0.09809	0.01746	0.00767	0.00914
1	0.00583	0.12076	0.23072	0.15435	0.07864	0.03349	0.03310	0.07128	0.03115	0.03496	0.00513	0.01379	0.00460	0.02229	0.01453	0.00812	0.02607	0.00448	0.00486	0.10185
2	0.00018	0.00012	0.00014	0.00014	0.00015	0.00012	8.5e-05	0.00983	0.00963	0.01252	0.02150	0.02938	0.01206	0.81075	0.07807	0.00011	0.00013	0.00017	0.01483	8.2e-05
3	0.00521	0.02738	0.00657	0.04801	0.03262	0.05164	0.01817	0.10787	0.22463	0.01891	0.05186	0.09121	0.21712	0.01599	0.02770	0.01306	0.01059	0.03121	0.00010	0.00014
4	0.00017	0.00012	0.00015	0.00015	0.00018	0.00011	0.00011	0.00021	0.00029	0.01529	0.44625	0.28380	0.16787	0.01309	0.00015	4.3e-05	6.5e-05	0.04807	0.02378	0.00011
5	0.00016	0.00013	0.00016	0.00015	0.00019	0.00012	0.03402	0.00021	0.01136	0.01069	0.35354	0.01241	0.53582	0.00027	0.00014	3.9e-05	6.5e-05	0.01121	0.02921	0.00011
6	0.00032	0.99587	0.00063	0.00020	0.00031	0.00047	0.00020	0.00036	0.00024	0.00028	0.00017	0.00019	0.00015	0.00010	7.7e-05	2.6e-05	0.00013	6.4e-05	5.1e-05	0.00015
7	0.00030	0.00026	0.00027	0.00024	0.00031	0.00030	0.00019	0.04075	0.95471	0.00051	0.00048	0.00044	0.00036	0.00016	0.00012	4e-05	9.6e-05	0.00013	0.00012	0.00019
8	0.76906	0.00023	0.00020	0.00017	0.00025	0.00025	0.00014	0.01615	0.00023	0.15319	0.00022	0.00024	0.00016	0.00012	8.3e-05	3.6e-05	9.4e-05	7.5e-05	0.01929	0.03983
9	0.99664	0.00023	0.00018	0.00016	0.00023	0.00027	0.00013	0.00035	0.00020	0.00054	0.00017	0.00019	0.00013	0.00011	7.4e-05	3.7e-05	9.2e-05	6.5e-05	7.4e-05	0.00013
10	0.00016	0.00011	0.00014	0.00015	0.00017	0.00011	0.00010	0.00017	0.00023	0.00029	0.01604	0.25735	0.40757	0.08446	0.05172	0.15590	8.9e-05	0.02507	9.6e-05	9.1e-05
11	0.04174	0.22301	0.43167	0.00565	0.00039	0.00747	0.01959	0.04693	0.05287	0.01747	0.08867	0.01574	0.01205	0.02119	0.00012	3.7e-05	0.00595	0.00922	7e-05	0.00016
12	0.14463	0.08366	0.14499	0.01253	0.01176	0.02470	0.02107	0.02373	0.01415	0.03477	0.04351	0.04248	0.10635	0.05093	0.00538	0.01133	0.00721	0.02586	0.00421	0.18675

[dist]
# distance from previous block
# <min> <max>
3	11

[block]
# block no. 2 follows, 2898 sequences, length 26
# corresponding to MSA columns:
# 657-659,663-666,668-670,672-687
name=unknown_C
#
# <colnr> <probs for GDERKNQSTAVLIFYWHMCP>
#	G	D	E	R	K	N	Q	S	T	A	V	L	I	F	Y	W	H	M	C	P
0	0.00016	0.00012	0.00014	0.00703	0.00017	0.00011	0.00010	0.00018	0.00533	0.00031	0.06083	0.29732	0.29128	0.25268	0.00664	6.4e-05	8.3e-05	0.07726	0.00010	9.5e-05
1	0.02468	0.13389	0.22120	0.00397	0.00772	0.01528	0.07909	0.05147	0.02219	0.05727	0.02285	0.17118	0.01536	0.02129	0.01462	4.3e-05	0.02084	0.07765	8.2e-05	0.03932
2	0.14531	0.05119	0.13407	0.03341	0.06068	0.01695	0.08690	0.10203	0.08160	0.15791	0.01804	0.01165	0.00415	0.00454	0.00520	3.8e-05	0.02560	0.00444	8.8e-05	0.05622
3	0.00856	0.00308	0.16518	0.20920	0.06079	0.00599	0.17522	0.08544	0.01411	0.09616	0.00635	0.07074	0.00818	0.01550	0.02919	4.5e-05	0.02046	0.01812	0.00300	0.00468
4	0.00018	0.00014	0.00017	0.00018	0.00021	0.00013	0.01260	0.00923	0.01538	0.02345	0.11270	0.02069	0.40643	0.00030	0.00015	4.6e-05	8.4e-05	0.39772	0.00011	0.00011
5	0.00436	0.00865	0.01096	0.39589	0.11367	0.01570	0.03224	0.01346	0.02197	0.27397	0.01231	0.04623	0.00501	0.00332	0.00013	0.00685	0.00975	0.02064	0.00474	0.00016
6	0.02940	0.02525	0.25980	0.11939	0.14271	0.01309	0.08124	0.03086	0.01175	0.14983	0.01477	0.01185	0.01058	0.01073	0.01696	4.2e-05	0.04170	0.02979	7.6e-05	0.00017
7	0.00467	0.00031	0.00065	0.00047	0.00703	0.00790	0.87873	0.02059	0.00594	0.02187	0.00417	0.02202	0.01267	0.00011	0.00014	4e-05	0.00759	0.00486	6.6e-05	0.00016
8	0.00041	0.00022	0.00026	0.00022	0.00029	0.00021	0.00017	0.12691	0.21098	0.48317	0.15430	0.00049	0.02147	0.00017	0.00012	3.8e-05	9.6e-05	0.00014	0.00014	0.00018
9	0.00383	0.02529	0.44428	0.06712	0.05108	0.01164	0.08336	0.01739	0.02131	0.01579	0.00580	0.13358	0.00880	0.02635	0.03803	0.00499	0.00391	0.03724	6.9e-05	0.00015
10	0.00631	0.00260	0.01616	0.07691	0.04506	0.01090	0.08383	0.02247	0.04692	0.09536	0.08615	0.20391	0.24512	0.00674	0.01157	4.4e-05	0.00757	0.03215	0.00010	0.00013
11	0.01202	0.00021	0.00030	0.00023	0.00032	0.00019	0.04201	0.02859	0.00034	0.90480	0.00942	0.00040	0.00029	0.00015	0.00012	3.7e-05	0.00011	0.00012	0.00014	0.00020
12	0.00017	0.00013	0.00015	0.00015	0.00018	0.00011	0.00012	0.00546	0.02096	0.01732	0.15375	0.18888	0.47228	0.00639	0.00015	4.4e-05	7e-05	0.13348	0.00011	0.00011
13	0.01921	0.24100	0.33675	0.05446	0.04654	0.03800	0.03004	0.04542	0.02049	0.09596	0.01194	0.02920	0.00591	0.00013	0.00263	3.6e-05	0.01939	0.00267	7e-05	0.00017
14	0.01089	0.03036	0.66732	0.00366	0.00471	0.01000	0.02495	0.01174	0.11417	0.02461	0.00370	0.03521	0.00733	0.00014	0.00012	3.9e-05	0.00619	0.04462	6.8e-05	0.00017
15	0.00744	0.00021	0.00028	0.00022	0.00031	0.00019	0.00018	0.10158	0.00903	0.84118	0.01971	0.00040	0.00030	0.00015	0.00012	3.7e-05	0.00010	0.00012	0.01823	0.00020
16	0.00033	0.85285	0.00464	0.00373	0.00426	0.02910	0.00715	0.04718	0.01793	0.00473	0.00449	0.00021	0.00310	0.00011	0.00294	2.8e-05	0.01119	7.1e-05	0.00581	0.00016
17	0.00717	0.00014	0.00018	0.00305	0.00376	0.00013	0.00013	0.01375	0.00534	0.16801	0.50487	0.17781	0.07634	0.00385	0.00406	4.1e-05	0.00836	0.01301	0.00987	0.00013
18	0.00470	0.00013	0.00015	0.00014	0.00018	0.00012	0.00011	0.01031	0.00932	0.08102	0.31440	0.02685	0.51756	0.00027	0.00014	3.9e-05	6.4e-05	0.00508	0.02931	0.00012
19	0.00016	0.00011	0.00014	0.00015	0.00017	0.00010	0.00011	0.00019	0.00026	0.00544	0.19822	0.45043	0.25951	0.03182	0.00968	4.7e-05	6.9e-05	0.02107	0.02221	0.00010
20	0.00017	0.00012	0.00013	0.00014	0.00014	0.00012	8.1e-05	0.00018	0.00019	0.00630	0.01470	0.07289	0.00578	0.84979	0.00777	0.00011	0.00011	0.03376	0.00744	7.8e-05
21	0.00017	0.00012	0.00016	0.00016	0.00019	0.00011	0.00012	0.00021	0.00998	0.00040	0.47036	0.24674	0.09234	0.00029	0.00015	4.3e-05	6.9e-05	0.16490	0.01337	0.00011
22	0.00453	0.00013	0.00016	0.00015	0.00019	0.00012	0.00012	0.00512	0.05422	0.01428	0.68073	0.07123	0.11623	0.01374	0.00418	4.1e-05	6.4e-05	0.01401	0.02064	0.00012
23	0.00821	0.84999	0.01051	0.00022	0.00032	0.06219	0.00021	0.06661	0.00027	0.00032	0.00018	0.00020	0.00016	0.00011	8.2e-05	2.7e-05	0.00013	6.8e-05	5.7e-05	0.00016
24	0.30695	0.00021	0.00024	0.00021	0.03451	0.01036	0.00301	0.04242	0.02199	0.39822	0.11693	0.01604	0.01845	0.00546	0.00419	3.8e-05	9.6e-05	0.00346	0.01706	0.00016
25	0.00528	0.00334	0.04381	0.45351	0.20711	0.04581	0.07634	0.00820	0.05986	0.01056	0.01829	0.01623	0.00654	0.00267	0.00013	3.9e-05	0.02313	0.01590	6.5e-05	0.00318

[dist]
# distance from previous block
# <min> <max>
0	1

[block]
# block no. 3 follows, 2898 sequences, length 15
# corresponding to MSA columns:
# 690-704
name=unknown_D
#
# <colnr> <probs for GDERKNQSTAVLIFYWHMCP>
#	G	D	E	R	K	N	Q	S	T	A	V	L	I	F	Y	W	H	M	C	P
0	0.87581	0.00703	0.02584	0.01105	0.00657	0.00773	0.01054	0.01213	0.00021	0.01649	0.00018	0.01322	0.00014	0.00012	8.3e-05	3.7e-05	0.01253	7.2e-05	7.5e-05	0.00013
1	0.00501	0.01366	0.00491	0.00765	0.00020	0.00012	0.00012	0.00788	0.00883	0.08020	0.21439	0.37224	0.19038	0.00742	0.00854	4.4e-05	7.5e-05	0.03685	0.00686	0.03461
2	0.00029	0.02070	0.00027	0.00024	0.00519	0.03168	0.00745	0.03957	0.69502	0.01730	0.03473	0.05274	0.01208	0.00018	0.00013	4e-05	0.00979	0.05268	0.00621	0.01371
3	0.04320	0.18957	0.03201	0.00599	0.02012	0.02156	0.01620	0.09537	0.03231	0.20429	0.03266	0.01096	0.00957	0.00013	0.00010	3e-05	0.00887	0.00449	9.1e-05	0.27247
4	0.03647	0.06401	0.03715	0.00435	0.00486	0.01290	0.06975	0.08636	0.13799	0.30096	0.02243	0.11301	0.01063	0.00020	0.02968	0.01339	0.02321	0.02855	0.00011	0.00397
5	0.00032	0.95288	0.04358	0.00021	0.00032	0.00046	0.00021	0.00036	0.00024	0.00029	0.00017	0.00019	0.00015	0.00010	7.8e-05	2.6e-05	0.00013	6.5e-05	5.1e-05	0.00015
6	0.00028	0.05188	0.37375	0.06272	0.07234	0.01319	0.10886	0.07693	0.01023	0.04163	0.01472	0.03539	0.02260	0.00915	0.02681	0.00402	0.05521	0.01380	0.00635	0.00016
7	0.03704	0.06108	0.24499	0.04891	0.03275	0.02115	0.06920	0.03525	0.05112	0.15528	0.04911	0.02868	0.02713	0.00706	0.03033	0.00366	0.02320	0.06743	8.6e-05	0.00656
8	0.00017	0.00012	0.00014	0.00014	0.00017	0.00011	0.00010	0.00020	0.00028	0.02662	0.30973	0.10974	0.42561	0.09196	0.00019	4.8e-05	6.8e-05	0.03438	0.00011	0.00010
9	0.03936	0.00020	0.00026	0.00021	0.00029	0.00018	0.00017	0.04331	0.01288	0.74082	0.05816	0.04549	0.02788	0.00017	0.00755	3.9e-05	0.00709	0.00839	0.00738	0.00018
10	0.02603	0.12731	0.10344	0.16850	0.17214	0.07186	0.10833	0.05643	0.03639	0.07013	0.00554	0.00753	0.00582	0.00013	0.00750	3.7e-05	0.01982	0.00873	7e-05	0.00426
11	0.00020	0.00497	0.03837	0.03569	0.04628	0.01944	0.02112	0.00498	0.01461	0.00704	0.04585	0.15283	0.17076	0.04658	0.06650	0.07801	0.08743	0.15911	8.8e-05	0.00011
12	0.00016	0.00011	0.00014	0.00016	0.00018	0.00010	0.00011	0.00018	0.00024	0.02081	0.04804	0.84940	0.04803	0.02001	0.00016	4.9e-05	7e-05	0.01185	0.00011	0.0001
13	0.00022	0.00021	0.00035	0.76760	0.00901	0.00874	0.04320	0.00030	0.00024	0.00031	0.00024	0.01777	0.00695	0.01257	0.08284	5.4e-05	0.04194	0.00727	5.7e-05	0.00013
14	0.01130	0.00026	0.01529	0.39844	0.35978	0.01159	0.05731	0.04178	0.03547	0.02461	0.00789	0.00478	0.00429	0.00426	0.00012	3.8e-05	0.00607	0.00566	0.00513	0.00592

[dist]
# distance from previous block
# <min> <max>
3	7

[block]
# block no. 4 follows, 2898 sequences, length 12
# corresponding to MSA columns:
# 729-733,735-741
name=unknown_E
#
# <colnr> <probs for GDERKNQSTAVLIFYWHMCP>
#	G	D	E	R	K	N	Q	S	T	A	V	L	I	F	Y	W	H	M	C	P
0	0.00026	0.00853	0.01898	0.04683	0.06526	0.01079	0.01510	0.01481	0.01910	0.01791	0.00555	0.00668	0.00663	0.00011	0.00567	2.4e-05	0.01840	0.00760	7.2e-05	0.73170
1	0.00019	0.00014	0.00017	0.00016	0.00020	0.00014	0.00012	0.02604	0.10012	0.02340	0.59576	0.02556	0.16756	0.01651	0.00805	4.1e-05	0.00804	0.00842	0.01925	0.00012
2	0.00017	0.00013	0.00629	0.00582	0.00794	0.00013	0.00789	0.00656	0.01681	0.00583	0.25277	0.09789	0.29662	0.15003	0.08931	0.01044	0.01501	0.02141	0.00886	0.00010
3	0.00016	0.00011	0.00015	0.00017	0.00018	0.00010	0.00011	0.00019	0.00958	0.01044	0.11442	0.78558	0.02199	0.01045	0.02079	5e-05	7.5e-05	0.01541	0.00011	0.00993
4	0.02363	0.00015	0.00020	0.00017	0.00022	0.00014	0.00013	0.00983	0.01330	0.30018	0.52963	0.02688	0.04086	0.00021	0.00013	3.8e-05	7.3e-05	0.01140	0.04270	0.00014
5	0.01098	0.00016	0.00021	0.00018	0.00023	0.00014	0.00014	0.01310	0.00828	0.39533	0.46408	0.01230	0.04986	0.00021	0.00791	3.9e-05	7.9e-05	0.00861	0.01926	0.00889
6	0.00044	0.00056	0.00034	0.00031	0.00037	0.95371	0.00023	0.00048	0.04193	0.00030	0.00020	0.00023	0.00016	0.00012	0.00011	3.1e-05	0.00021	7.9e-05	6.4e-05	0.00014
7	0.00029	0.00028	0.00047	0.02160	0.93153	0.00028	0.00036	0.00036	0.00027	0.00039	0.00023	0.00032	0.00020	0.00011	0.00013	3.6e-05	0.02192	0.02098	6e-05	0.00019
8	0.01436	0.00016	0.00020	0.00018	0.00022	0.00016	0.00014	0.05315	0.12348	0.15960	0.35353	0.03780	0.15531	0.01778	0.01162	4.2e-05	0.00760	0.01796	0.04657	0.00014
9	0.00030	0.74207	0.25424	0.00024	0.00036	0.00042	0.00027	0.00036	0.00025	0.00031	0.00018	0.00021	0.00015	0.00011	8.6e-05	2.9e-05	0.00014	7e-05	5.1e-05	0.00016
10	0.36931	0.13110	0.00693	0.01180	0.03647	0.19955	0.00946	0.13402	0.03505	0.03115	0.00796	0.00024	0.00018	0.00629	0.00685	3.6e-05	0.01328	8.3e-05	7.8e-05	0.00015
11	0.01932	0.06311	0.04546	0.07521	0.04743	0.03250	0.04123	0.04902	0.02711	0.06178	0.06288	0.08747	0.13823	0.05803	0.01949	4.5e-05	0.01798	0.05389	0.00775	0.09208

[dist]
# distance from previous block
# <min> <max>
2	8

[block]
# block no. 5 follows, 2898 sequences, length 11
# corresponding to MSA columns:
# 764-774
name=unknown_F
#
# <colnr> <probs for GDERKNQSTAVLIFYWHMCP>
#	G	D	E	R	K	N	Q	S	T	A	V	L	I	F	Y	W	H	M	C	P
0	0.11513	0.20088	0.08539	0.00736	0.01355	0.05919	0.04199	0.01508	0.02306	0.21159	0.07679	0.06029	0.00895	0.02352	0.00642	3.9e-05	0.02091	0.02213	9e-05	0.00765
1	0.00981	0.02355	0.02249	0.06566	0.03048	0.00959	0.01273	0.04429	0.04605	0.25287	0.09744	0.12562	0.12168	0.01578	0.01639	0.00518	0.00939	0.03683	0.04913	0.00503
2	0.01669	0.00713	0.05156	0.00023	0.02205	0.01430	0.00709	0.11457	0.02672	0.33957	0.02580	0.02950	0.02137	0.01850	0.23155	0.00910	0.01670	0.02584	0.00011	0.02161
3	0.00816	0.24615	0.59111	0.00029	0.00044	0.00715	0.02756	0.02043	0.01789	0.02494	0.00934	0.00663	0.00668	0.00634	0.01047	3.7e-05	0.00016	0.00891	5.9e-05	0.00727
4	0.01209	0.00013	0.00015	0.00015	0.00016	0.00013	9.5e-05	0.02168	0.00021	0.10020	0.00042	0.08835	0.01254	0.70926	0.03874	0.00010	0.00012	0.01528	8.5e-05	9.4e-05
5	0.00021	0.00014	0.00020	0.01078	0.00022	0.00016	0.01176	0.03314	0.00021	0.04948	0.00031	0.01162	0.00029	0.06081	0.52941	0.22706	0.03797	0.01776	0.00837	0.00010
6	0.04741	0.00631	0.11654	0.10543	0.09031	0.09772	0.06611	0.25770	0.02344	0.10104	0.01576	0.00620	0.00636	0.00013	0.00012	3.6e-05	0.01243	0.00011	0.00614	0.04071
7	0.00015	0.00011	0.00015	0.00017	0.00018	0.00011	0.00012	0.00018	0.01877	0.00031	0.01597	0.81740	0.00075	0.02979	0.04071	5.7e-05	8.4e-05	0.07477	0.00011	0.0001
8	0.88506	0.01594	0.00020	0.01558	0.00025	0.01567	0.00014	0.01709	0.00022	0.04871	0.00018	0.00021	0.00014	0.00011	7.8e-05	3.7e-05	9.7e-05	6.9e-05	7.7e-05	0.00013
9	0.00017	0.00012	0.00015	0.00016	0.00018	0.00011	0.00943	0.00019	0.00023	0.02515	0.02301	0.55445	0.07377	0.22619	0.01314	6.5e-05	0.00960	0.05413	0.00968	9.7e-05
10	0.71699	0.05918	0.04898	0.00822	0.01371	0.00885	0.00924	0.05284	0.01592	0.03926	0.00020	0.00022	0.00015	0.00012	0.00745	3.7e-05	0.00011	7.4e-05	0.00796	0.01046

[dist]
# distance from previous block
# <min> <max>
1	3

[block]
# block no. 6 follows, 2898 sequences, length 24
# corresponding to MSA columns:
# 778-799,806,807
name=unknown_G
#
# <colnr> <probs for GDERKNQSTAVLIFYWHMCP>
#	G	D	E	R	K	N	Q	S	T	A	V	L	I	F	Y	W	H	M	C	P
0	0.00528	0.00019	0.00022	0.00017	0.00025	0.00518	0.00014	0.00388	0.01515	0.02766	0.12075	0.03884	0.08862	0.00426	0.02493	3e-05	8.9e-05	0.02735	8.7e-05	0.63691
1	0.00019	0.00015	0.00940	0.01810	0.00553	0.00989	0.02968	0.00710	0.00673	0.01490	0.09035	0.11514	0.17337	0.13316	0.21031	0.02847	0.10004	0.02068	0.02669	0.00011
2	0.03961	0.00270	0.00447	0.03066	0.02249	0.00518	0.07405	0.01868	0.03769	0.19658	0.02454	0.01238	0.01456	0.01119	0.00364	3e-05	0.01291	0.00732	0.03714	0.44419
3	0.00016	0.00012	0.00014	0.00014	0.00017	0.00011	0.00010	0.00020	0.02717	0.00664	0.25390	0.09221	0.56838	0.01842	0.00015	4.2e-05	6.4e-05	0.02393	0.00782	0.00011
4	0.01139	0.00031	0.00034	0.00026	0.00035	0.00033	0.00021	0.75974	0.02090	0.20444	0.00033	0.00031	0.00022	0.00014	0.00012	3.6e-05	0.00012	0.00011	0.00012	0.00020
5	0.13094	0.00022	0.00027	0.00021	0.00030	0.00021	0.00017	0.10722	0.00946	0.74050	0.00041	0.00037	0.00026	0.00014	0.00011	3.7e-05	0.00010	0.00011	0.00875	0.00019
6	0.00554	0.00029	0.18318	0.00386	0.00861	0.00592	0.02776	0.18709	0.06296	0.24835	0.07125	0.06843	0.07704	0.00309	0.00346	4e-05	0.00299	0.03987	0.00011	0.00017
7	0.02143	0.00447	0.00506	0.00393	0.00034	0.09080	0.06931	0.03575	0.02571	0.00032	0.00375	0.00532	0.00372	0.00019	0.00032	4.8e-05	0.72922	0.00011	5.9e-05	0.00014
8	0.81250	0.00395	0.00021	0.06062	0.02240	0.04622	0.00471	0.01342	0.00022	0.01280	0.00383	0.00797	0.00015	0.00012	8.4e-05	3.7e-05	0.00478	0.00576	7.4e-05	0.00013
9	0.01101	0.05309	0.09786	0.31700	0.04364	0.01517	0.07583	0.07980	0.02669	0.01210	0.01972	0.12556	0.05865	0.00496	0.00525	4.1e-05	0.01884	0.03456	7.7e-05	0.00014
10	0.87277	0.00026	0.00019	0.00017	0.00025	0.08669	0.00014	0.00990	0.00022	0.00757	0.00017	0.00020	0.00014	0.00012	0.00690	3.8e-05	0.00769	6.8e-05	0.00638	0.00013
11	0.01121	0.00016	0.00018	0.00018	0.00021	0.00508	0.00013	0.03370	0.19242	0.00895	0.26848	0.19247	0.18930	0.02004	0.00015	4.4e-05	7.7e-05	0.07699	0.00012	0.00013
12	0.48335	0.03202	0.01468	0.03761	0.01335	0.04908	0.02775	0.05294	0.09589	0.09194	0.01233	0.02550	0.01084	0.00698	0.01340	4e-05	0.01134	0.00325	8.6e-05	0.01764
13	0.01204	0.56492	0.11519	0.00831	0.01274	0.02754	0.07551	0.05888	0.03399	0.02562	0.00715	0.02596	0.00722	0.00013	0.00844	3.2e-05	0.00697	0.00298	6.4e-05	0.00634
14	0.00016	0.00011	0.00015	0.00017	0.00018	0.00010	0.00012	0.00018	0.00024	0.01038	0.05687	0.78245	0.02071	0.00961	0.00016	4.9e-05	7.4e-05	0.11807	0.00011	0.00010
15	0.00016	0.00012	0.00380	0.02503	0.00477	0.00011	0.00530	0.00019	0.00434	0.01254	0.03595	0.63173	0.12145	0.01810	0.05380	0.00448	0.00653	0.07139	0.00011	0.00010
16	0.01119	0.60792	0.24245	0.01335	0.00791	0.02544	0.02558	0.01717	0.01279	0.01455	0.00409	0.00365	0.00017	0.00011	0.00351	0.00352	0.00631	7.8e-05	5.6e-05	0.00016
17	0.00817	0.05546	0.20365	0.04569	0.11941	0.00391	0.05027	0.01252	0.03278	0.25733	0.03343	0.05196	0.03587	0.00966	0.01696	4.2e-05	0.04281	0.01595	0.00396	0.00017
18	0.00471	0.00014	0.00017	0.00016	0.00020	0.00013	0.00012	0.01017	0.02205	0.15692	0.35709	0.16584	0.23154	0.01259	0.01338	4.3e-05	0.00586	0.00734	0.01141	0.00012
19	0.00500	0.00477	0.00797	0.03275	0.01919	0.00379	0.00692	0.00843	0.02316	0.04099	0.25254	0.40896	0.09651	0.02966	0.00712	0.00405	0.00316	0.03679	0.00815	0.00011
20	0.02828	0.07187	0.21397	0.02425	0.12107	0.03681	0.03146	0.07228	0.04379	0.17235	0.01814	0.03462	0.01327	0.02695	0.00013	0.00259	0.00764	0.00594	8.5e-05	0.07452
21	0.01489	0.04584	0.02662	0.03975	0.07217	0.07760	0.01252	0.03136	0.02627	0.08219	0.05715	0.10935	0.04911	0.02694	0.05106	0.00252	0.10777	0.01064	0.00693	0.14932
22	0.00440	0.00012	0.00278	0.00457	0.00018	0.00012	0.00279	0.01123	0.00377	0.05074	0.04060	0.38203	0.06821	0.29605	0.02493	0.04377	0.00738	0.04216	0.00635	0.00779
23	0.04983	0.05304	0.03942	0.01344	0.04676	0.02020	0.01395	0.04087	0.01686	0.05629	0.02288	0.02109	0.02528	0.01151	0.01187	3e-05	0.00815	0.02102	0.00304	0.52448

[dist]
# distance from previous block
# <min> <max>
7	74

[block]
# block no. 7 follows, 2898 sequences, length 26
# corresponding to MSA columns:
# 966-991
name=unknown_H
#
# <colnr> <probs for GDERKNQSTAVLIFYWHMCP>
#	G	D	E	R	K	N	Q	S	T	A	V	L	I	F	Y	W	H	M	C	P
0	0.18468	0.28249	0.11868	0.05898	0.09128	0.03188	0.01655	0.02819	0.03597	0.01714	0.00439	0.04381	0.00385	0.00015	0.02066	3.8e-05	0.02734	0.01041	6.7e-05	0.02347
1	0.09225	0.00922	0.06351	0.05008	0.01419	0.01256	0.00609	0.03239	0.05522	0.02136	0.09190	0.09191	0.10211	0.00446	0.01390	3.5e-05	0.01170	0.00814	0.01797	0.30102
2	0.00018	0.00015	0.00019	0.12519	0.00394	0.00412	0.00014	0.00023	0.02657	0.00034	0.06605	0.11560	0.45399	0.02389	0.00014	4e-05	0.00900	0.01338	9.7e-05	0.15677
3	0.00367	0.00300	0.00297	0.47837	0.35100	0.01241	0.05393	0.02709	0.01100	0.00759	0.01064	0.00032	0.00019	0.00012	0.00322	3.9e-05	0.02133	0.00657	0.00299	0.00354
4	0.00016	0.00012	0.00014	0.00014	0.00017	0.00011	0.00010	0.00019	0.00657	0.00035	0.30724	0.15688	0.31649	0.17307	0.00836	5.6e-05	7.4e-05	0.02956	0.00011	0.0001
5	0.00923	0.00022	0.00028	0.00022	0.00030	0.00020	0.00018	0.12044	0.03381	0.76808	0.03514	0.00041	0.00032	0.00015	0.00012	3.7e-05	0.00010	0.00012	0.03047	0.00020
6	0.00015	0.00012	0.00014	0.00014	0.00017	0.00010	0.00010	0.00019	0.00027	0.00672	0.22440	0.24646	0.46474	0.03109	0.00016	4.4e-05	6.4e-05	0.01540	0.00944	0.00010
7	0.00018	0.00013	0.00015	0.00015	0.00018	0.00012	0.00011	0.01992	0.01103	0.04256	0.45740	0.04475	0.41601	0.00027	0.00014	3.9e-05	6.3e-05	0.00659	0.00012	0.00011
8	0.99664	0.00023	0.00018	0.00016	0.00023	0.00027	0.00013	0.00035	0.00020	0.00054	0.00017	0.00019	0.00013	0.00011	7.4e-05	3.7e-05	9.2e-05	6.5e-05	7.4e-05	0.00013
9	0.00024	0.00023	0.01074	0.77911	0.19659	0.00027	0.01050	0.00032	0.00025	0.00032	0.00022	0.00031	0.00017	0.00012	0.00012	3.9e-05	0.00016	0.00011	5.4e-05	0.00014
10	0.00025	0.00021	0.00025	0.00018	0.00028	0.00016	0.00014	0.00031	0.00025	0.02130	0.00022	0.00025	0.00018	9e-05	8.9e-05	1.8e-05	8.9e-05	7.2e-05	7.2e-05	0.97559
11	0.00045	0.00057	0.00034	0.00031	0.00037	0.99532	0.00023	0.00048	0.00034	0.00029	0.00018	0.00022	0.00015	0.00012	0.00011	3.1e-05	0.00022	7.7e-05	6.2e-05	0.00014
12	0.00682	0.00015	0.00019	0.00017	0.00021	0.00014	0.00013	0.02264	0.01733	0.19658	0.74650	0.00077	0.00092	0.00022	0.00014	3.8e-05	6.8e-05	0.00673	0.00013	0.00013
13	0.99664	0.00023	0.00018	0.00016	0.00023	0.00027	0.00013	0.00035	0.00020	0.00054	0.00017	0.00019	0.00013	0.00011	7.4e-05	3.7e-05	9.2e-05	6.5e-05	7.4e-05	0.00013
14	0.00030	0.00028	0.00049	0.00073	0.99505	0.00028	0.00037	0.00037	0.00027	0.00039	0.00022	0.00030	0.00019	0.00011	0.00012	3.6e-05	0.00014	0.00011	5.9e-05	0.00019
15	0.00045	0.00033	0.00036	0.00028	0.00037	0.00037	0.00023	0.99465	0.00056	0.00075	0.00029	0.00029	0.00020	0.00014	0.00012	3.6e-05	0.00013	0.00011	0.00012	0.00020
16	0.00039	0.00030	0.00032	0.00815	0.00035	0.00034	0.00021	0.59947	0.36958	0.00871	0.00037	0.00036	0.00027	0.00015	0.00012	3.8e-05	0.00012	0.01043	0.00012	0.00020
17	0.00015	0.00011	0.00014	0.00016	0.00017	0.00010	0.00011	0.00017	0.00645	0.00031	0.00748	0.83213	0.07641	0.05344	0.00599	5.2e-05	7.3e-05	0.01635	0.00011	9.7e-05
18	0.00901	0.00013	0.00015	0.00016	0.00019	0.00013	0.00011	0.00024	0.11231	0.00038	0.26502	0.26689	0.30188	0.03502	0.00016	4.5e-05	6.8e-05	0.00788	0.00012	0.00011
19	0.00045	0.00057	0.00034	0.00031	0.00037	0.99532	0.00023	0.00048	0.00034	0.00029	0.00018	0.00022	0.00015	0.00012	0.00011	3.1e-05	0.00022	7.7e-05	6.2e-05	0.00014
20	0.00633	0.00579	0.00325	0.24788	0.14885	0.00844	0.02921	0.06388	0.04082	0.38787	0.00759	0.00490	0.00282	0.00303	0.01482	4e-05	0.01715	0.00373	0.00340	0.00018
21	0.00015	0.00012	0.00014	0.00015	0.00017	0.00010	0.00011	0.00018	0.00548	0.00776	0.02493	0.47670	0.33418	0.06188	0.00018	0.01312	7.3e-05	0.07436	0.00011	9.9e-05
22	0.00021	0.00014	0.00017	0.00017	0.00020	0.00013	0.00418	0.03562	0.05553	0.10808	0.03542	0.58511	0.12143	0.00430	0.00014	4.5e-05	7.6e-05	0.01020	0.03872	0.00012
23	0.84386	0.01492	0.00435	0.01233	0.02468	0.05360	0.00794	0.00810	0.00022	0.00524	0.00018	0.00021	0.00014	0.00012	8.4e-05	3.7e-05	0.01441	0.00937	7.3e-05	0.00013
24	0.00346	0.04644	0.68591	0.00722	0.03102	0.00710	0.08602	0.03099	0.01682	0.01183	0.00737	0.00030	0.02249	0.00414	0.03101	4.3e-05	0.00479	0.00282	5.9e-05	0.00017
25	0.00394	0.24727	0.54467	0.00397	0.03305	0.06969	0.04494	0.01404	0.01168	0.00685	0.00301	0.00333	0.00277	0.00012	0.00272	3.5e-05	0.00335	8.7e-05	5.5e-05	0.00444

[dist]
# distance from previous block
# <min> <max>
0	2

[block]
# block no. 8 follows, 2898 sequences, length 20
# corresponding to MSA columns:
# 994-1013
name=unknown_I
#
# <colnr> <probs for GDERKNQSTAVLIFYWHMCP>
#	G	D	E	R	K	N	Q	S	T	A	V	L	I	F	Y	W	H	M	C	P
0	0.00023	0.00021	0.00036	0.94697	0.01216	0.00026	0.01086	0.00030	0.00024	0.00031	0.01042	0.01676	0.00018	0.00012	0.00012	4e-05	0.00016	0.00011	5.5e-05	0.00013
1	0.00025	0.00018	0.00021	0.00019	0.00023	0.04850	0.00521	0.09204	0.01454	0.11518	0.44320	0.16826	0.00076	0.00861	0.02178	4.4e-05	0.01939	0.05628	0.00504	0.00013
2	0.00015	0.00012	0.00014	0.00014	0.00017	0.00010	0.00010	0.00019	0.00028	0.00036	0.28581	0.19945	0.49667	0.00030	0.00014	4.1e-05	6.2e-05	0.01554	0.00012	0.00010
3	0.00024	0.00016	0.00020	0.00018	0.00022	0.00016	0.00014	0.01670	0.19654	0.10558	0.67735	0.00074	0.00087	0.00022	0.00013	3.8e-05	7e-05	0.00019	0.00013	0.00014
4	0.16676	0.06260	0.00029	0.00023	0.00029	0.04074	0.00018	0.34799	0.09737	0.02017	0.00029	0.00037	0.00454	0.10425	0.07833	5.7e-05	0.04994	0.01416	0.01130	0.00016
5	0.00547	0.43605	0.11266	0.00023	0.00551	0.11859	0.00711	0.02075	0.00026	0.00904	0.00019	0.00022	0.00016	0.00010	9.2e-05	2.6e-05	0.00741	7.3e-05	6e-05	0.27599
6	0.00019	0.00024	0.20367	0.00512	0.00603	0.00016	0.03951	0.00774	0.01771	0.01981	0.18866	0.05952	0.31583	0.01431	0.00390	4.3e-05	0.01108	0.10626	9.9e-05	0.00013
7	0.01688	0.00024	0.05357	0.01451	0.00032	0.00019	0.00838	0.05134	0.00032	0.56753	0.00037	0.00035	0.00025	0.00013	0.00011	3.2e-05	0.00011	0.00749	0.00012	0.27779
8	0.99664	0.00023	0.00018	0.00016	0.00023	0.00027	0.00013	0.00035	0.00020	0.00054	0.00017	0.00019	0.00013	0.00011	7.4e-05	3.7e-05	9.2e-05	6.5e-05	7.4e-05	0.00013
9	0.00027	0.00023	0.00025	0.00023	0.00029	0.00027	0.00017	0.00056	0.82871	0.00047	0.01176	0.03016	0.11466	0.00019	0.00013	4.1e-05	9e-05	0.01123	0.00012	0.00017
10	0.00030	0.00026	0.00027	0.00024	0.00031	0.00030	0.00019	0.00064	0.99484	0.00050	0.00049	0.00045	0.00037	0.00016	0.00012	4.1e-05	9.5e-05	0.00014	0.00012	0.00019
11	0.00022	0.00020	0.00033	0.84134	0.00747	0.00025	0.00030	0.00030	0.01116	0.00032	0.08797	0.02015	0.00775	0.00014	0.00013	4e-05	0.01421	0.00751	6.3e-05	0.00013
12	0.00032	0.96283	0.03364	0.00021	0.00031	0.00047	0.00021	0.00036	0.00024	0.00028	0.00017	0.00019	0.00015	0.00010	7.8e-05	2.6e-05	0.00013	6.5e-05	5.1e-05	0.00015
13	0.00045	0.00026	0.00031	0.00023	0.00033	0.00026	0.00019	0.41987	0.03301	0.37704	0.01046	0.00034	0.00025	0.00014	0.00012	3.4e-05	0.00011	0.00011	0.00012	0.15637
14	0.00015	0.00012	0.00013	0.00013	0.00017	0.00011	9.9e-05	0.00019	0.01083	0.00037	0.27207	0.01542	0.68879	0.00029	0.00014	4e-05	6e-05	0.01067	0.00012	0.00011
15	0.00571	0.51495	0.04453	0.00857	0.00634	0.01611	0.01493	0.12896	0.01251	0.05401	0.00385	0.00672	0.00021	0.02000	0.14855	5.6e-05	0.01370	9.1e-05	7e-05	0.00015
16	0.00026	0.00024	0.08575	0.00021	0.00028	0.00454	0.00018	0.12724	0.33113	0.01825	0.16157	0.02495	0.22165	0.00021	0.00013	0.00442	0.00440	0.00984	0.00462	0.00015
17	0.00301	0.15024	0.05688	0.06358	0.06033	0.01478	0.02107	0.03319	0.03005	0.01228	0.03991	0.15984	0.03538	0.00868	0.03317	0.00320	0.03488	0.00800	7.8e-05	0.23144
18	0.00018	0.00012	0.00016	0.00016	0.00459	0.00012	0.00431	0.00495	0.00738	0.00716	0.13666	0.05523	0.17138	0.28623	0.12302	0.12342	0.00442	0.06551	0.00492	9.2e-05
19	0.00322	0.06022	0.46938	0.02284	0.04332	0.07528	0.05711	0.03881	0.11303	0.00700	0.05532	0.00609	0.01799	0.00320	0.00012	0.00293	0.00970	0.00863	0.00564	0.00017

[dist]
# distance from previous block
# <min> <max>
4	12

[block]
# block no. 9 follows, 2898 sequences, length 16
# corresponding to MSA columns:
# 1151-1162,1165-1168
name=unknown_J
#
# <colnr> <probs for GDERKNQSTAVLIFYWHMCP>
#	G	D	E	R	K	N	Q	S	T	A	V	L	I	F	Y	W	H	M	C	P
0	0.00633	0.11336	0.18376	0.09421	0.15744	0.04375	0.04000	0.02121	0.09634	0.01304	0.04028	0.02950	0.00898	0.00769	0.00449	3.6e-05	0.03021	0.00567	0.00415	0.09956
1	0.00018	0.00012	0.00016	0.00016	0.00018	0.00013	0.00012	0.00019	0.00821	0.00027	0.04051	0.04886	0.06451	0.22718	0.35595	0.23208	0.00018	0.02088	7.3e-05	8.6e-05
2	0.00023	0.00021	0.01337	0.21032	0.11961	0.02635	0.02006	0.00476	0.19553	0.00464	0.16208	0.10183	0.05777	0.00022	0.04247	0.01462	0.00573	0.01584	0.00421	0.00014
3	0.00016	0.00011	0.00014	0.00016	0.00017	0.00011	0.00011	0.00018	0.00023	0.00030	0.03656	0.48438	0.12494	0.26599	0.00027	6.6e-05	8.4e-05	0.08587	0.00010	9.3e-05
4	0.00016	0.00013	0.00015	0.00014	0.00018	0.00012	0.00010	0.00726	0.05325	0.00037	0.29286	0.00817	0.52210	0.08314	0.00812	0.00764	0.00921	0.00666	0.00011	0.00011
5	0.00032	0.99587	0.00063	0.00020	0.00031	0.00047	0.00020	0.00036	0.00024	0.00028	0.00017	0.00019	0.00015	0.00010	7.7e-05	2.6e-05	0.00013	6.4e-05	5.1e-05	0.00015
6	0.00030	0.00026	0.00027	0.00024	0.00031	0.00030	0.00019	0.00064	0.99484	0.00050	0.00049	0.00045	0.00037	0.00016	0.00012	4.1e-05	9.5e-05	0.00014	0.00012	0.00019
7	0.00054	0.00020	0.00028	0.00021	0.00031	0.00018	0.00018	0.00058	0.00034	0.99513	0.00047	0.00041	0.00030	0.00015	0.00012	3.7e-05	0.00010	0.00012	0.00015	0.00020
8	0.99664	0.00023	0.00018	0.00016	0.00023	0.00027	0.00013	0.00035	0.00020	0.00054	0.00017	0.00019	0.00013	0.00011	7.4e-05	3.7e-05	9.2e-05	6.5e-05	7.4e-05	0.00013
9	0.00017	0.00012	0.00015	0.00016	0.00019	0.00011	0.00012	0.00020	0.00027	0.02294	0.13260	0.24712	0.39463	0.00031	0.00015	4.5e-05	7.3e-05	0.20042	0.00011	0.00011
10	0.00024	0.00022	0.00036	0.90846	0.04248	0.00027	0.00033	0.02985	0.00025	0.00032	0.00022	0.00032	0.00016	0.00012	0.00012	3.9e-05	0.00016	0.00011	0.01584	0.00014
11	0.00026	0.00025	0.00042	0.53507	0.46101	0.00027	0.00035	0.00033	0.00025	0.00034	0.00022	0.00031	0.00017	0.00011	0.00012	3.8e-05	0.00015	0.00011	5.6e-05	0.00016
12	0.00989	0.00025	0.00042	0.43777	0.45820	0.00028	0.01813	0.04379	0.00027	0.00037	0.00022	0.00030	0.00018	0.00012	0.00012	3.8e-05	0.02012	0.00011	5.9e-05	0.00937
13	0.30647	0.00492	0.00027	0.02013	0.09611	0.03415	0.02628	0.16541	0.01197	0.13149	0.14046	0.01770	0.00543	0.00918	0.00412	3.8e-05	0.00410	0.01561	9.9e-05	0.00605
14	0.02350	0.00702	0.00043	0.16489	0.58501	0.04976	0.00978	0.03230	0.01188	0.00910	0.00023	0.00573	0.00581	0.00012	0.00014	3.8e-05	0.09392	0.00011	6.2e-05	0.00017
15	0.00020	0.00523	0.03165	0.01390	0.06377	0.01955	0.04225	0.02227	0.04937	0.00813	0.46157	0.03108	0.21159	0.00621	0.00014	3.9e-05	0.01861	0.01419	0.00011	0.00013

[dist]
# distance from previous block
# <min> <max>
1	2

[block]
# block no. 10 follows, 2898 sequences, length 59
# corresponding to MSA columns:
# 1178-1205,1207-1223,1225-1238
name=unknown_K
#
# <colnr> <probs for GDERKNQSTAVLIFYWHMCP>
#	G	D	E	R	K	N	Q	S	T	A	V	L	I	F	Y	W	H	M	C	P
0	0.00425	0.10835	0.60671	0.01133	0.01454	0.02621	0.05060	0.05699	0.01691	0.01583	0.01041	0.02052	0.00137	0.00016	0.04801	4.4e-05	0.00336	0.00299	6.1e-05	0.00134
1	0.21975	0.10502	0.04119	0.02496	0.17717	0.08901	0.00789	0.07269	0.06987	0.11594	0.01621	0.00712	0.00639	0.00013	0.00671	3.6e-05	0.00312	0.01671	8.3e-05	0.01998
2	0.00022	0.00016	0.00449	0.00018	0.00022	0.00015	0.00013	0.01527	0.12799	0.10961	0.19186	0.29076	0.17420	0.01211	0.00015	4.3e-05	0.03858	0.00527	0.00212	0.02648
3	0.00025	0.07971	0.90430	0.00033	0.00050	0.00029	0.01226	0.00038	0.00025	0.00037	0.00021	0.00025	0.00015	0.00011	0.00011	3.7e-05	0.00017	8.7e-05	5.1e-05	0.00017
4	0.00025	0.00022	0.00036	0.14580	0.49481	0.00221	0.00886	0.00030	0.00233	0.00932	0.00557	0.00042	0.00333	0.16229	0.15358	7.4e-05	0.00516	0.00491	6.3e-05	0.00015
5	0.00017	0.00012	0.00017	0.00017	0.00019	0.00013	0.00012	0.00020	0.00020	0.00027	0.00040	0.15105	0.00043	0.27780	0.53092	0.00014	0.00022	0.03714	7.5e-05	9.6e-05
6	0.03152	0.00031	0.00034	0.00026	0.00035	0.00033	0.00021	0.77846	0.00379	0.15847	0.00032	0.00032	0.00023	0.00015	0.00012	3.6e-05	0.00012	0.01737	0.00710	0.00020
7	0.00324	0.00016	0.00019	0.00017	0.00718	0.00604	0.00013	0.11885	0.04399	0.04101	0.59982	0.00874	0.12528	0.00592	0.02825	0.00398	8e-05	0.00671	0.00012	0.00013
8	0.01086	0.00017	0.00268	0.00019	0.00023	0.04620	0.02961	0.06275	0.01366	0.09091	0.12629	0.24342	0.22071	0.00824	0.00015	4.4e-05	0.00402	0.13962	0.00011	0.00012
9	0.00026	0.15273	0.00919	0.58609	0.21568	0.00444	0.00778	0.00845	0.00025	0.01372	0.00021	0.00029	0.00017	0.00011	0.00011	3.7e-05	0.00015	0.00010	5.6e-05	0.00015
10	0.03830	0.00026	0.00029	0.00024	0.00032	0.00028	0.00019	0.18594	0.49452	0.27768	0.00043	0.00040	0.00031	0.00015	0.00012	3.9e-05	0.00010	0.00012	0.00013	0.00019
11	0.00241	0.00222	0.00309	0.03086	0.01345	0.00141	0.07370	0.00676	0.00797	0.02921	0.05650	0.45228	0.15953	0.04497	0.01727	0.00544	0.00970	0.08305	0.00010	0.00011
12	0.03241	0.00844	0.03108	0.32044	0.14958	0.02793	0.18428	0.06059	0.05245	0.11083	0.00027	0.00187	0.00193	0.00013	0.00247	3.9e-05	0.00762	0.00740	7.5e-05	0.00016
13	0.00367	0.00022	0.00028	0.00022	0.00031	0.00417	0.00018	0.08552	0.04656	0.84272	0.01457	0.00040	0.00030	0.00015	0.00012	3.7e-05	0.00010	0.00012	0.00014	0.00020
14	0.00015	0.00012	0.00013	0.00013	0.00017	0.00010	0.0001	0.00018	0.00028	0.00685	0.15599	0.10918	0.69746	0.00030	0.00014	4.1e-05	6.3e-05	0.02838	0.00011	0.00010
15	0.00391	0.18388	0.47677	0.11781	0.10832	0.01057	0.04186	0.01159	0.01913	0.01679	0.00022	0.00026	0.00017	0.00011	0.00011	3.6e-05	0.00816	9.2e-05	5.6e-05	0.00017
16	0.00754	0.13930	0.03627	0.34053	0.08721	0.05224	0.01627	0.04707	0.00461	0.06375	0.00026	0.00180	0.00259	0.13208	0.02561	5.1e-05	0.02206	0.02055	6.8e-05	0.00014
17	0.00415	0.00024	0.00030	0.00023	0.00032	0.00024	0.00019	0.32999	0.00644	0.61043	0.00354	0.00037	0.00027	0.00015	0.00012	3.6e-05	0.00011	0.00012	0.04256	0.00020
18	0.00488	0.41515	0.30643	0.01514	0.00226	0.18331	0.01933	0.00660	0.00026	0.00278	0.00019	0.00022	0.00015	0.00011	0.00011	3.2e-05	0.04274	7.8e-05	5.4e-05	0.00016
