[name]
unknown

[dist]
# distance from previous block
# <min> <max>
0	55

[block]
# block no. 0 follows, 3021 sequences, length 9
# corresponding to MSA columns:
# 239-247
name=unknown_A
#
# <colnr> <probs for GDERKNQSTAVLIFYWHMCP>
#	G	D	E	R	K	N	Q	S	T	A	V	L	I	F	Y	W	H	M	C	P
0	0.01081	0.01289	0.05580	0.00759	0.02641	0.00014	0.00836	0.00857	0.02881	0.07903	0.32825	0.13757	0.20662	0.01223	0.03997	4.5e-05	0.00721	0.02277	0.00011	0.00681
1	0.00890	0.11434	0.35181	0.00027	0.01612	0.03948	0.04902	0.09359	0.13640	0.05160	0.03556	0.00938	0.01545	0.04030	0.00672	3.9e-05	0.00724	0.00011	0.01353	0.01015
2	0.02239	0.01831	0.02566	0.00016	0.00018	0.00012	0.00012	0.00021	0.00025	0.06795	0.15291	0.54424	0.11053	0.05624	0.00016	4.6e-05	7.3e-05	0.00026	0.00011	0.00011
3	0.04408	0.11189	0.07436	0.01544	0.02616	0.19923	0.00993	0.26334	0.01992	0.04441	0.01134	0.02084	0.00680	0.00013	0.00011	3.1e-05	0.01025	0.00768	0.00717	0.12690
4	0.01642	0.35375	0.17905	0.01052	0.02108	0.00809	0.00765	0.03400	0.02365	0.07644	0.00784	0.14875	0.02545	0.02349	0.00011	3.4e-05	0.00012	0.01060	7.3e-05	0.05288
5	0.01787	0.09231	0.15614	0.04382	0.09991	0.05829	0.04115	0.07002	0.08362	0.16948	0.03149	0.02215	0.00968	0.00747	0.01745	3.7e-05	0.00847	0.00011	0.00701	0.06353
6	0.00018	0.01149	0.01489	0.00016	0.00793	0.00675	0.01777	0.00909	0.08662	0.01932	0.38843	0.10847	0.25980	0.01480	0.00688	0.00819	7.2e-05	0.00681	0.00701	0.02532
7	0.00021	0.00013	0.00015	0.00015	0.02533	0.00012	9.6e-05	0.01203	0.00020	0.11329	0.01724	0.03874	0.03395	0.71329	0.01527	0.01544	0.00011	0.01408	8.2e-05	9.1e-05
8	0.34355	0.12191	0.10826	0.00991	0.11559	0.04588	0.00852	0.03207	0.01932	0.15441	0.00876	0.00027	0.00019	0.01300	0.00010	3.5e-05	0.00012	0.00968	0.00828	0.00015

[dist]
# distance from previous block
# <min> <max>
1	23

[block]
# block no. 1 follows, 3021 sequences, length 25
# corresponding to MSA columns:
# 276,277,281-293,298,307-315
name=unknown_B
#
# <colnr> <probs for GDERKNQSTAVLIFYWHMCP>
#	G	D	E	R	K	N	Q	S	T	A	V	L	I	F	Y	W	H	M	C	P
0	0.01484	0.10429	0.56331	0.01227	0.08441	0.01128	0.02138	0.01357	0.03539	0.00992	0.00988	0.00517	0.00018	0.02142	0.00303	3.5e-05	0.00331	9e-05	0.00257	0.08366
1	0.00022	0.00017	0.00386	0.00383	0.00872	0.03428	0.00972	0.03230	0.03119	0.03668	0.18004	0.02711	0.12176	0.14900	0.06333	5.2e-05	0.00010	0.00728	8.9e-05	0.29027
2	0.01114	0.00042	0.00033	0.12191	0.05733	0.59544	0.00625	0.09146	0.00032	0.05521	0.00448	0.00025	0.00017	0.00014	0.01662	3.5e-05	0.03418	0.00409	6.8e-05	0.00014
3	0.04103	0.08231	0.32701	0.01056	0.06060	0.05848	0.05531	0.02897	0.02975	0.04851	0.06624	0.02234	0.05826	0.00672	0.00924	3.6e-05	0.01049	0.00526	7.2e-05	0.07881
4	0.04762	0.12540	0.03205	0.00878	0.01070	0.02343	0.04291	0.09968	0.02943	0.22419	0.03103	0.00030	0.00022	0.00347	0.01492	0.00615	0.21152	0.0001	8.5e-05	0.08799
5	0.01657	0.00013	0.00016	0.00016	0.00019	0.00012	0.00012	0.03353	0.00774	0.11716	0.24281	0.43213	0.13215	0.00454	0.00014	4.1e-05	6.9e-05	0.00024	0.00622	0.00579
6	0.00015	0.00012	0.00661	0.00015	0.00018	0.00011	0.00011	0.00019	0.00539	0.00036	0.32502	0.26138	0.23652	0.02686	0.01650	4.6e-05	7.1e-05	0.12003	0.00011	0.00010
7	0.00668	0.00022	0.00031	0.00769	0.05506	0.02347	0.03053	0.01978	0.00712	0.00505	0.00601	0.00034	0.00021	0.09544	0.17408	0.02357	0.54414	0.00011	5.8e-05	0.00012
8	0.00025	0.12606	0.14121	0.11289	0.00412	0.01193	0.41380	0.00869	0.00715	0.00774	0.00028	0.11951	0.00505	0.00015	0.00989	3.9e-05	0.00729	0.02375	6.3e-05	0.00014
9	0.00029	0.05517	0.01825	0.00017	0.00023	0.01074	0.00014	0.00706	0.02107	0.31694	0.44333	0.02691	0.04014	0.00344	0.02618	4e-05	8.4e-05	0.00931	0.02034	0.00014
10	0.00016	0.00012	0.00015	0.00014	0.00017	0.00011	0.00011	0.00486	0.00530	0.01337	0.72073	0.04704	0.17112	0.02473	0.00539	4e-05	6e-05	0.00617	0.00012	0.00011
11	0.00022	0.03808	0.01222	0.09250	0.18918	0.05704	0.00359	0.00560	0.10387	0.00039	0.35850	0.05764	0.06691	0.00019	0.00012	3.6e-05	0.00308	0.00747	0.00323	0.00013
12	0.00727	0.00022	0.00028	0.13733	0.00348	0.06854	0.04937	0.09606	0.00734	0.33966	0.02154	0.02462	0.00595	0.00020	0.01758	0.08112	0.00612	0.12237	0.01080	0.00015
13	0.01961	0.00026	0.05998	0.00035	0.00654	0.00023	0.52046	0.00483	0.00024	0.00033	0.00880	0.02477	0.01589	0.04507	0.25301	7.9e-05	0.03166	0.00769	6.2e-05	0.00013
14	0.00451	0.00289	0.00854	0.17616	0.00294	0.02092	0.10355	0.00523	0.00657	0.03803	0.00048	0.50214	0.00691	0.00283	0.00014	0.00264	0.01947	0.09584	9e-05	0.00011
15	0.00426	0.00022	0.00028	0.00022	0.00507	0.02690	0.01651	0.08344	0.02368	0.79560	0.00839	0.00458	0.01424	0.00015	0.00012	3.6e-05	0.00833	0.00767	0.00013	0.00019
16	0.11026	0.00603	0.00486	0.01177	0.08093	0.42513	0.00338	0.15072	0.00981	0.16446	0.00336	0.00573	0.00019	0.00013	0.00011	3.3e-05	0.01184	9e-05	0.01103	0.00016
17	0.05678	0.00906	0.00994	0.17985	0.09561	0.01380	0.12941	0.02943	0.00630	0.26721	0.00492	0.12255	0.00313	0.00321	0.00013	0.02656	0.00249	0.03116	0.00832	0.00015
18	0.00022	0.00020	0.00035	0.94861	0.00077	0.00025	0.01381	0.00029	0.00023	0.00030	0.00021	0.00033	0.00017	0.00012	0.00012	3.9e-05	0.01048	0.02333	5.2e-05	0.00013
19	0.00470	0.00028	0.00471	0.03483	0.00406	0.00027	0.60048	0.12502	0.01338	0.10950	0.03876	0.03704	0.00572	0.00634	0.00013	3.8e-05	0.01101	0.00014	0.00345	0.00016
20	0.94881	0.00022	0.00017	0.00015	0.00022	0.00025	0.00012	0.00034	0.00020	0.01889	0.01035	0.00021	0.01949	0.00011	7.4e-05	3.6e-05	8.8e-05	6.8e-05	7.4e-05	0.00012
21	0.00031	0.00765	0.00027	0.00024	0.00633	0.11766	0.00019	0.04798	0.79852	0.01250	0.00042	0.00677	0.00032	0.00015	0.00011	3.7e-05	0.00011	0.00012	0.00011	0.00018
22	0.00404	0.00024	0.00035	0.12122	0.05790	0.00452	0.07749	0.05504	0.00025	0.18186	0.04563	0.00621	0.00023	0.00567	0.00024	4.3e-05	0.43874	0.00011	7.6e-05	0.00015
23	0.04046	0.03509	0.00312	0.00371	0.24759	0.02015	0.01942	0.25905	0.00679	0.30083	0.00902	0.00032	0.00022	0.00013	0.00011	3.4e-05	0.00574	0.00454	0.02413	0.01956
24	0.00029	0.00023	0.00032	0.00026	0.00033	0.00025	0.18518	0.07065	0.43765	0.09760	0.16675	0.00047	0.00976	0.00016	0.00012	3.8e-05	0.00837	0.00014	0.02126	0.00016

[dist]
# distance from previous block
# <min> <max>
0	1

[block]
# block no. 2 follows, 3021 sequences, length 6
# corresponding to MSA columns:
# 317,323-327
name=unknown_C
#
# <colnr> <probs for GDERKNQSTAVLIFYWHMCP>
#	G	D	E	R	K	N	Q	S	T	A	V	L	I	F	Y	W	H	M	C	P
0	0.00027	0.00027	0.03378	0.07179	0.77315	0.00026	0.05201	0.00034	0.00026	0.00036	0.00024	0.06630	0.00022	0.00012	0.00012	3.6e-05	0.00014	0.00012	5.9e-05	0.00017
1	0.07299	0.05967	0.10329	0.03183	0.04926	0.18310	0.01537	0.04010	0.32837	0.01101	0.02953	0.01308	0.02261	0.00014	0.00011	3.5e-05	0.01414	0.01051	0.01470	0.00016
2	0.00022	0.00020	0.00033	0.80237	0.02548	0.00024	0.02393	0.00029	0.02000	0.00030	0.01945	0.00036	0.04226	0.00015	0.02541	0.01982	0.01890	0.00011	5.7e-05	0.00013
3	0.24735	0.01235	0.02848	0.01255	0.04067	0.06745	0.01191	0.31768	0.01553	0.17840	0.01067	0.01070	0.00021	0.00014	0.00011	0.01058	0.01088	0.01353	0.01067	0.00016
4	0.01256	0.12842	0.55018	0.01228	0.01201	0.03916	0.03490	0.01086	0.02516	0.04960	0.01097	0.04644	0.01332	0.01141	0.00012	3.7e-05	0.01057	0.03178	6.3e-05	0.00016
5	0.00018	0.00014	0.00017	0.01573	0.01618	0.03096	0.00012	0.01538	0.01543	0.01557	0.69909	0.01772	0.13452	0.00023	0.00014	3.7e-05	0.01678	0.02138	0.00012	0.00011

[dist]
# distance from previous block
# <min> <max>
0	1

[block]
# block no. 3 follows, 3021 sequences, length 12
# corresponding to MSA columns:
# 329-340
name=unknown_D
#
# <colnr> <probs for GDERKNQSTAVLIFYWHMCP>
#	G	D	E	R	K	N	Q	S	T	A	V	L	I	F	Y	W	H	M	C	P
0	0.02301	0.00027	0.00670	0.18462	0.04233	0.03207	0.00967	0.40798	0.13269	0.10850	0.00862	0.00748	0.00661	0.00014	0.00012	3.6e-05	0.02263	0.00626	9.8e-05	0.00017
1	0.80729	0.00022	0.00019	0.04059	0.02023	0.00026	0.00015	0.00033	0.00020	0.01888	0.00018	0.00022	0.00014	0.01223	0.03861	4.3e-05	0.05997	7.1e-05	7e-05	0.00013
2	0.32071	0.00027	0.00027	0.02284	0.00031	0.00031	0.00018	0.46583	0.16593	0.02185	0.00027	0.00028	0.00020	0.00013	0.00010	3.6e-05	0.00011	9.5e-05	0.00010	0.00017
3	0.56248	0.00025	0.00022	0.01703	0.02405	0.03584	0.00016	0.02322	0.32284	0.00049	0.00026	0.00027	0.00020	0.00012	9.3e-05	3.7e-05	0.01211	8.8e-05	8.5e-05	0.00015
4	0.00028	0.00024	0.00039	0.32634	0.47506	0.00025	0.01103	0.00980	0.01724	0.10488	0.01179	0.00803	0.01546	0.00012	0.00012	3.6e-05	0.01081	0.00789	6.8e-05	0.00016
5	0.00029	0.00029	0.00045	0.04462	0.86231	0.08932	0.00034	0.00036	0.00027	0.00036	0.00021	0.00028	0.00018	0.00010	0.00011	3.4e-05	0.00014	0.0001	5.7e-05	0.00017
6	0.00022	0.00018	0.00023	0.08924	0.00030	0.00015	0.00962	0.01767	0.00024	0.00036	0.01993	0.11228	0.06656	0.02344	0.00011	2.8e-05	9e-05	0.02914	7.6e-05	0.63014
7	0.12854	0.00014	0.00019	0.01981	0.08457	0.00015	0.00014	0.00021	0.00018	0.00028	0.00940	0.01682	0.01313	0.09693	0.15422	0.45748	0.01756	0.00011	5.9e-05	8.5e-05
8	0.02357	0.01226	0.00036	0.52780	0.23236	0.01263	0.00029	0.02018	0.00026	0.11096	0.00024	0.00031	0.01152	0.00012	0.00011	3.6e-05	0.00014	0.00010	6.6e-05	0.04670
9	0.00027	0.00030	0.00065	0.08953	0.00062	0.00029	0.90585	0.00036	0.00027	0.00036	0.00023	0.00031	0.00017	9.8e-05	0.00013	3.9e-05	0.00019	0.00013	5.7e-05	0.00015
10	0.00028	0.00027	0.00046	0.00068	0.95371	0.00027	0.00035	0.00036	0.04179	0.00038	0.00023	0.00029	0.00019	0.00010	0.00011	3.4e-05	0.00013	0.00010	5.9e-05	0.00018
11	0.81363	0.00021	0.00018	0.04162	0.00024	0.00025	0.00014	0.00032	0.00021	0.00049	0.09963	0.00026	0.00022	0.00012	9.2e-05	3.6e-05	0.04207	8e-05	7.5e-05	0.00012

[dist]
# distance from previous block
# <min> <max>
0	1

[block]
# block no. 4 follows, 3021 sequences, length 25
# corresponding to MSA columns:
# 342-355,357-362,367-370,373
name=unknown_E
#
# <colnr> <probs for GDERKNQSTAVLIFYWHMCP>
#	G	D	E	R	K	N	Q	S	T	A	V	L	I	F	Y	W	H	M	C	P
0	0.97655	0.02044	0.00018	0.00015	0.00022	0.00026	0.00013	0.00034	0.00020	0.00051	0.00016	0.00019	0.00012	0.00011	7.1e-05	3.5e-05	8.9e-05	6.2e-05	7.1e-05	0.00012
1	0.10247	0.00025	0.00713	0.68540	0.00064	0.10765	0.01349	0.01252	0.02681	0.00033	0.00020	0.00028	0.00016	0.00012	0.00510	3.8e-05	0.03714	9.6e-05	5.7e-05	0.00013
2	0.00051	0.00020	0.00027	0.00021	0.00029	0.00018	0.00017	0.02879	0.00033	0.94391	0.00044	0.00038	0.00028	0.00014	0.00012	3.6e-05	0.02329	0.00011	0.00014	0.00019
3	0.00022	0.00020	0.00034	0.99569	0.00079	0.00025	0.00032	0.00029	0.00023	0.00029	0.00020	0.00031	0.00015	0.00011	0.00011	3.8e-05	0.00015	0.00010	5.1e-05	0.00013
4	0.00036	0.00025	0.00044	0.05851	0.02473	0.00025	0.36998	0.09654	0.00556	0.32795	0.02938	0.00036	0.00353	0.00014	0.00898	3.9e-05	0.05822	0.00625	0.00459	0.00397
5	0.99678	0.00022	0.00017	0.00015	0.00022	0.00026	0.00012	0.00034	0.00020	0.00051	0.00016	0.00019	0.00012	0.00011	7.1e-05	3.6e-05	8.9e-05	6.2e-05	7.1e-05	0.00012
6	0.00552	0.11219	0.00535	0.00457	0.00033	0.01964	0.00021	0.58698	0.12866	0.02064	0.00032	0.00039	0.00026	0.00015	0.00376	3.6e-05	0.00461	0.09554	0.01070	0.00018
7	0.00367	0.00018	0.00021	0.04604	0.06592	0.01743	0.00015	0.07995	0.18813	0.03212	0.04662	0.04756	0.44599	0.00436	0.00436	3.9e-05	8.6e-05	0.01693	0.00010	0.00013
8	0.00688	0.00024	0.00036	0.62325	0.16726	0.03783	0.00784	0.10261	0.04267	0.00036	0.00485	0.00494	0.00018	0.00012	0.00011	3.7e-05	0.00015	0.00010	6.2e-05	0.00015
9	0.03440	0.02585	0.00556	0.00025	0.00033	0.04689	0.00690	0.58667	0.03873	0.24306	0.00509	0.00031	0.00022	0.00014	0.00011	3.5e-05	0.00012	0.00504	0.00011	0.00019
10	0.02721	0.00022	0.00024	0.00018	0.00027	0.03573	0.00014	0.01268	0.01135	0.01153	0.01764	0.00026	0.00639	9.3e-05	8.8e-05	1.9e-05	8.9e-05	7.3e-05	7.1e-05	0.87575
11	0.00019	0.00018	0.00415	0.00025	0.00851	0.00541	0.25854	0.01838	0.01762	0.00416	0.10455	0.24700	0.26422	0.00024	0.00015	4.1e-05	0.06599	0.00021	9.2e-05	0.00012
12	0.00019	0.00012	0.00018	0.07510	0.00535	0.00386	0.03032	0.00018	0.00464	0.00023	0.00027	0.05152	0.00028	0.18730	0.02265	0.56532	0.01402	0.03479	0.00359	7.1e-05
13	0.00022	0.00019	0.00029	0.54802	0.05280	0.00497	0.00025	0.00932	0.06709	0.02555	0.19285	0.00400	0.05059	0.00016	0.00696	3.8e-05	0.00344	0.00341	7.7e-05	0.02978
14	0.76931	0.00024	0.00021	0.00020	0.05878	0.00027	0.00015	0.08894	0.02137	0.00766	0.00018	0.00021	0.00014	0.00012	9.5e-05	3.6e-05	0.05179	7.2e-05	7.4e-05	0.00014
15	0.99678	0.00022	0.00017	0.00015	0.00022	0.00026	0.00012	0.00034	0.00020	0.00051	0.00016	0.00019	0.00012	0.00011	7.1e-05	3.6e-05	8.9e-05	6.2e-05	7.1e-05	0.00012
16	0.89380	0.00022	0.00536	0.00016	0.00023	0.00025	0.00013	0.01635	0.00021	0.06074	0.00530	0.00021	0.00014	0.00012	0.00547	3.6e-05	9.1e-05	0.00572	0.00533	0.00013
17	0.00020	0.00017	0.00023	0.21683	0.05585	0.00018	0.00395	0.01194	0.13026	0.00808	0.38955	0.00541	0.13722	0.00020	0.00013	3.8e-05	0.02123	0.01424	0.0001	0.00420
18	0.00027	0.00017	0.00020	0.00018	0.00023	0.00480	0.00014	0.02906	0.18880	0.22675	0.35769	0.00630	0.16621	0.00021	0.00013	3.7e-05	7.5e-05	0.01305	0.00558	0.00014
19	0.00018	0.00014	0.00017	0.01448	0.00842	0.00016	0.00011	0.00019	0.00017	0.00024	0.00033	0.01928	0.00037	0.76127	0.00052	0.00705	0.17162	0.01516	6.7e-05	8.2e-05
20	0.54127	0.00021	0.00021	0.00017	0.00025	0.00022	0.00014	0.00931	0.02068	0.30803	0.00026	0.00026	0.00018	0.00012	8.8e-05	3.3e-05	9.1e-05	8.1e-05	9.4e-05	0.11829
21	0.00953	0.00024	0.00026	0.01093	0.02900	0.10330	0.00016	0.01055	0.00884	0.17827	0.01809	0.01041	0.00021	0.00011	9.5e-05	2.4e-05	0.00010	8.4e-05	8.2e-05	0.61973
22	0.00582	0.00370	0.00864	0.13316	0.41650	0.01021	0.09548	0.06369	0.11278	0.00997	0.07045	0.01498	0.01731	0.00013	0.00013	3.7e-05	0.03102	0.00577	7.4e-05	0.00016
23	0.00741	0.00021	0.00024	0.00019	0.02128	0.01938	0.00415	0.00671	0.02187	0.01585	0.03755	0.00636	0.00022	0.00648	9.3e-05	2e-05	8.8e-05	0.00354	7.3e-05	0.84829
24	0.00538	0.05740	0.04112	0.67879	0.04609	0.00973	0.11987	0.00032	0.01220	0.00031	0.00021	0.00514	0.00016	0.00011	0.00012	3.7e-05	0.02272	0.00010	5.3e-05	0.00014

[dist]
# distance from previous block
# <min> <max>
0	1

[block]
# block no. 5 follows, 3021 sequences, length 23
# corresponding to MSA columns:
# 375-378,380-398
name=unknown_F
#
# <colnr> <probs for GDERKNQSTAVLIFYWHMCP>
#	G	D	E	R	K	N	Q	S	T	A	V	L	I	F	Y	W	H	M	C	P
0	0.00465	0.48099	0.01800	0.01569	0.04887	0.11789	0.00469	0.24436	0.03057	0.00801	0.00469	0.00705	0.00018	0.00012	9.6e-05	3e-05	0.01015	8.2e-05	7.1e-05	0.00383
1	0.00018	0.00014	0.00020	0.01576	0.00021	0.00016	0.00015	0.00021	0.00018	0.00026	0.00029	0.00046	0.00028	0.13646	0.68491	0.03766	0.12220	0.00012	6.1e-05	9.9e-05
2	0.04450	0.05166	0.04779	0.05878	0.02055	0.03774	0.00318	0.40473	0.07648	0.13864	0.02814	0.01812	0.00314	0.02926	0.01847	0.00390	0.01455	0.00011	0.0001	0.00017
3	0.00021	0.00550	0.01252	0.00636	0.07092	0.00359	0.27235	0.00818	0.02500	0.00032	0.02830	0.08060	0.03238	0.13991	0.23838	0.00325	0.04924	0.02280	7e-05	0.00012
4	0.01202	0.04071	0.02808	0.16631	0.56135	0.02213	0.01039	0.06698	0.02545	0.02972	0.01166	0.00359	0.00019	0.00012	0.00600	3.6e-05	0.01103	0.00010	6.4e-05	0.00405
5	0.00017	0.00013	0.00016	0.00017	0.00019	0.00013	0.00012	0.00528	0.09506	0.00623	0.26696	0.35359	0.10588	0.01275	0.00015	4.4e-05	0.00650	0.13752	0.00011	0.00887
6	0.00035	0.00039	0.00029	0.00025	0.00032	0.52766	0.00762	0.05749	0.01607	0.00786	0.00020	0.00023	0.00016	0.00011	9.8e-05	2.5e-05	0.00015	7.5e-05	6.7e-05	0.38058
7	0.00028	0.00026	0.00043	0.22749	0.65535	0.01678	0.02707	0.03274	0.00026	0.01375	0.00444	0.00439	0.00443	0.00011	0.00445	3.6e-05	0.00014	0.00010	5.9e-05	0.00743
8	0.00577	0.00027	0.00045	0.01969	0.87226	0.01325	0.01345	0.03208	0.00849	0.01334	0.00023	0.01427	0.00019	0.00011	0.00563	3.5e-05	0.00014	0.00011	6.1e-05	0.00018
9	0.00021	0.00019	0.11145	0.00022	0.03343	0.00015	0.01803	0.00602	0.04088	0.05356	0.27760	0.08772	0.01920	0.00478	0.00014	4.3e-05	9.6e-05	0.34605	0.00010	0.00012
10	0.00022	0.00020	0.00377	0.34635	0.32058	0.00022	0.00484	0.00575	0.00370	0.00336	0.04061	0.01442	0.05790	0.00789	0.17061	0.00360	0.01196	0.00381	6.3e-05	0.00014
11	0.00560	0.00505	0.00348	0.54503	0.15699	0.05053	0.03765	0.01604	0.01969	0.09553	0.01195	0.01301	0.00685	0.00013	0.00012	3.7e-05	0.02415	0.00795	6.6e-05	0.00015
12	0.08927	0.00016	0.00321	0.03118	0.04125	0.01356	0.00708	0.02217	0.00499	0.21850	0.03294	0.48935	0.02338	0.01393	0.00322	4.3e-05	8.6e-05	0.00545	0.00011	0.00013
13	0.10525	0.00019	0.00025	0.00020	0.00028	0.00018	0.00016	0.00052	0.00031	0.84692	0.04422	0.00039	0.00030	0.00014	0.00011	3.6e-05	9.5e-05	0.00011	0.00013	0.00018
14	0.00017	0.00013	0.00430	0.10175	0.03193	0.00578	0.00015	0.00021	0.01698	0.00032	0.06420	0.45843	0.10375	0.04250	0.00459	4.8e-05	8.7e-05	0.16450	9.8e-05	0.00010
15	0.00439	0.00022	0.00037	0.36929	0.37118	0.00392	0.02804	0.03350	0.00841	0.04057	0.00376	0.05141	0.02260	0.00566	0.01794	4e-05	0.00325	0.00313	0.03216	0.00015
16	0.06981	0.00028	0.00327	0.00774	0.00364	0.01450	0.01757	0.61109	0.08792	0.02901	0.00933	0.00317	0.00666	0.01455	0.01056	3.9e-05	0.03889	0.03752	0.03428	0.00017
17	0.00034	0.00016	0.00020	0.00017	0.00023	0.00014	0.00013	0.00714	0.00582	0.50811	0.15907	0.03810	0.26699	0.00021	0.00013	3.7e-05	7.9e-05	0.00568	0.00713	0.00015
18	0.00014	0.00010	0.00013	0.00015	0.00016	9.7e-05	0.00010	0.00016	0.00022	0.00029	0.01523	0.77664	0.06333	0.09351	0.02656	0.00613	7.7e-05	0.01088	0.00597	9.2e-05
19	0.02232	0.00357	0.02742	0.01274	0.00426	0.02525	0.00828	0.65272	0.08510	0.08316	0.00891	0.01280	0.01227	0.00607	0.00012	0.01563	0.00414	0.01495	0.00011	0.00018
20	0.02778	0.11087	0.17359	0.00465	0.04033	0.03004	0.11955	0.17115	0.01459	0.10499	0.01491	0.06822	0.01478	0.00769	0.06606	0.00480	0.01087	0.01489	8.1e-05	0.00016
21	0.00502	0.00022	0.00036	0.22277	0.51007	0.00023	0.01331	0.00460	0.00024	0.00670	0.00030	0.19090	0.00435	0.02067	0.00013	3.9e-05	0.00905	0.00603	0.00484	0.00015
22	0.00503	0.00015	0.00312	0.00507	0.00022	0.01241	0.00424	0.01538	0.00874	0.31865	0.30445	0.17618	0.05786	0.03906	0.02513	4.5e-05	0.00322	0.01203	0.00890	0.00013

[dist]
# distance from previous block
# <min> <max>
1	4

[block]
# block no. 6 follows, 3021 sequences, length 6
# corresponding to MSA columns:
# 406-408,410-412
name=unknown_G
#
# <colnr> <probs for GDERKNQSTAVLIFYWHMCP>
#	G	D	E	R	K	N	Q	S	T	A	V	L	I	F	Y	W	H	M	C	P
0	0.01686	0.08655	0.05910	0.34767	0.07820	0.08131	0.07957	0.03943	0.01687	0.06614	0.01834	0.01320	0.05358	0.00013	0.00012	3.6e-05	0.03121	0.01147	6.8e-05	0.00014
1	0.00016	0.00012	0.00014	0.00015	0.00017	0.00011	0.00011	0.00020	0.02403	0.02652	0.16496	0.40605	0.25109	0.07885	0.00018	4.8e-05	6.9e-05	0.04686	0.00011	0.00010
2	0.01179	0.00017	0.00023	0.03520	0.07262	0.01399	0.02400	0.02565	0.05357	0.04498	0.26597	0.06805	0.17958	0.03417	0.01752	4.4e-05	0.10806	0.03170	0.01258	0.00012
3	0.01648	0.00015	0.04975	0.00016	0.00020	0.00013	0.00013	0.01568	0.01561	0.06896	0.64025	0.03128	0.10974	0.01858	0.00014	3.8e-05	6.8e-05	0.01712	0.01543	0.00012
4	0.00018	0.04975	0.00017	0.00015	0.00018	0.00013	0.00011	0.01571	0.01688	0.02002	0.47934	0.18340	0.14694	0.03521	0.01546	4.3e-05	7e-05	0.02079	0.01535	0.00011
5	0.01252	0.33270	0.35303	0.01393	0.03139	0.05300	0.02118	0.03862	0.03777	0.01364	0.01414	0.01230	0.00019	0.04973	0.00012	3.6e-05	0.00014	8.9e-05	6e-05	0.01540

[dist]
# distance from previous block
# <min> <max>
6	11

[block]
# block no. 7 follows, 3021 sequences, length 11
# corresponding to MSA columns:
# 432-442
name=unknown_H
#
# <colnr> <probs for GDERKNQSTAVLIFYWHMCP>
#	G	D	E	R	K	N	Q	S	T	A	V	L	I	F	Y	W	H	M	C	P
0	0.00029	0.00024	0.00026	0.00023	0.00029	0.00028	0.00018	0.03917	0.88680	0.02753	0.02483	0.00043	0.00036	0.00016	0.00012	3.8e-05	9.1e-05	0.00013	0.01840	0.00018
1	0.00030	0.00027	0.00043	0.08742	0.74893	0.01432	0.01825	0.04033	0.01375	0.07453	0.00024	0.00029	0.00019	0.00011	0.00011	3.5e-05	0.00014	0.00010	6.6e-05	0.00018
2	0.01792	0.15693	0.21755	0.01053	0.03566	0.04962	0.07517	0.06385	0.04040	0.12768	0.04176	0.11211	0.01386	0.01370	0.00012	3.6e-05	0.00838	0.00608	8.1e-05	0.00855
3	0.01445	0.00014	0.00017	0.00016	0.00020	0.00013	0.00012	0.00028	0.00961	0.25102	0.06913	0.24184	0.05568	0.23992	0.01932	6.1e-05	9.2e-05	0.08779	0.00977	0.00012
4	0.00548	0.01129	0.00558	0.06267	0.09756	0.02224	0.02156	0.02266	0.02320	0.20659	0.21202	0.18331	0.06723	0.02145	0.00781	4.1e-05	0.00560	0.00717	0.01641	0.00014
5	0.03965	0.06526	0.12152	0.01659	0.12730	0.09921	0.10217	0.08093	0.06122	0.24260	0.01655	0.01159	0.00023	0.00013	0.00011	3.5e-05	0.00771	0.00694	8.7e-05	0.00017
6	0.00916	0.00017	0.00614	0.01079	0.17735	0.00645	0.01330	0.01596	0.02598	0.10721	0.16859	0.12423	0.13620	0.09592	0.01039	0.02429	9.5e-05	0.05617	0.01151	0.00013
7	0.00016	0.00012	0.00015	0.00016	0.00931	0.00839	0.00797	0.00854	0.02133	0.02046	0.04524	0.63728	0.10075	0.10359	0.00019	5.1e-05	7.5e-05	0.02820	0.00794	9.9e-05
8	0.05321	0.04787	0.05647	0.07961	0.32676	0.10384	0.05759	0.07470	0.05516	0.11430	0.00776	0.00787	0.00721	0.00012	0.00011	3.5e-05	0.00704	0.00010	7.5e-05	0.00017
9	0.08987	0.06341	0.04963	0.08228	0.10668	0.22488	0.02120	0.05993	0.03615	0.17696	0.00643	0.00736	0.03012	0.00618	0.00524	3.5e-05	0.00966	0.00505	0.00495	0.01397
10	0.00017	0.00013	0.00016	0.01672	0.00650	0.01208	0.00926	0.00021	0.02679	0.02298	0.06746	0.45447	0.08983	0.11283	0.01789	0.04058	0.00736	0.10806	0.00645	9.9e-05

[dist]
# distance from previous block
# <min> <max>
12	40

[block]
# block no. 8 follows, 3021 sequences, length 9
# corresponding to MSA columns:
# 554,555,573-579
name=unknown_I
#
# <colnr> <probs for GDERKNQSTAVLIFYWHMCP>
#	G	D	E	R	K	N	Q	S	T	A	V	L	I	F	Y	W	H	M	C	P
0	0.01475	0.01118	0.01190	0.00654	0.06386	0.44901	0.00796	0.02167	0.03959	0.07560	0.06952	0.08406	0.03820	0.04156	0.00831	3.8e-05	0.01296	0.02058	0.00673	0.01596
1	0.02162	0.00968	0.02507	0.00018	0.00983	0.02325	0.00014	0.03832	0.06061	0.13802	0.26774	0.28302	0.06567	0.02600	0.00014	4.1e-05	8e-05	0.02224	0.00011	0.00825
2	0.00903	0.01560	0.13266	0.03840	0.05068	0.01036	0.02544	0.03598	0.01953	0.10042	0.06263	0.04595	0.04944	0.06360	0.16900	0.12758	0.02022	0.01692	0.00642	0.00012
3	0.00021	0.00019	0.00025	0.15943	0.17285	0.07434	0.01000	0.00894	0.00821	0.00834	0.01753	0.45207	0.01885	0.01250	0.01796	4.4e-05	0.00011	0.01905	0.01150	0.00763
4	0.03082	0.00028	0.00031	0.00024	0.00033	0.00030	0.00020	0.63893	0.07898	0.20563	0.00034	0.00033	0.01893	0.00014	0.00011	3.5e-05	0.00011	0.00011	0.02370	0.00019
5	0.05809	0.00019	0.00023	0.00019	0.00025	0.00018	0.00015	0.12044	0.06088	0.42287	0.11349	0.11619	0.02542	0.02919	0.00013	3.9e-05	9e-05	0.02283	0.02898	0.00016
6	0.01292	0.01070	0.00036	0.71280	0.12040	0.02838	0.01734	0.02252	0.01080	0.04139	0.00022	0.00030	0.00017	0.00012	0.00012	3.7e-05	0.01098	0.00010	0.01021	0.00014
7	0.00043	0.00053	0.00033	0.00029	0.00035	0.92826	0.00022	0.06765	0.00034	0.00031	0.00018	0.00021	0.00015	0.00012	0.00010	3e-05	0.00020	7.6e-05	6.3e-05	0.00014
8	0.00016	0.01273	0.01685	0.00015	0.00017	0.00011	0.00011	0.00018	0.00024	0.02049	0.05984	0.43444	0.34258	0.08293	0.00018	4.8e-05	0.01258	0.01601	0.00010	9.8e-05

[dist]
# distance from previous block
# <min> <max>
7	23

[block]
# block no. 9 follows, 3021 sequences, length 28
# corresponding to MSA columns:
# 609-627,630-636,638,639
name=unknown_J
#
# <colnr> <probs for GDERKNQSTAVLIFYWHMCP>
#	G	D	E	R	K	N	Q	S	T	A	V	L	I	F	Y	W	H	M	C	P
0	0.04688	0.23079	0.07540	0.04589	0.05805	0.13782	0.06979	0.12468	0.05274	0.06831	0.01091	0.00373	0.02106	0.00323	0.00845	3.5e-05	0.02061	0.01268	0.00479	0.00414
1	0.24081	0.02787	0.12438	0.06302	0.02103	0.06958	0.19472	0.06328	0.05072	0.03861	0.00401	0.02819	0.00383	0.00434	0.03507	4.2e-05	0.02284	0.00481	0.00270	0.00015
2	0.00799	0.00012	0.00015	0.00016	0.00018	0.00011	0.00011	0.01189	0.00811	0.09739	0.12303	0.48342	0.21236	0.00777	0.00014	4.3e-05	6.9e-05	0.03714	0.00011	0.00970
3	0.01400	0.15944	0.00037	0.02192	0.00035	0.61982	0.00608	0.12652	0.01301	0.01066	0.00545	0.00375	0.00017	0.00012	0.00337	3.1e-05	0.00848	8e-05	0.00623	0.00014
4	0.00024	0.00018	0.00021	0.00018	0.00024	0.00456	0.00014	0.02013	0.25090	0.07638	0.36123	0.00735	0.05357	0.00018	0.00012	3.3e-05	7.5e-05	0.00519	0.02454	0.19457
5	0.00260	0.00014	0.01520	0.05309	0.00455	0.00371	0.00236	0.00785	0.00589	0.01024	0.15414	0.12448	0.01223	0.07019	0.49114	0.00243	0.03022	0.00346	7.9e-05	0.00598
6	0.00995	0.62753	0.04432	0.01031	0.02798	0.01992	0.00931	0.17284	0.00638	0.02593	0.00386	0.00362	0.00587	0.00258	9.3e-05	0.01047	0.00312	7.7e-05	0.00413	0.01173
7	0.00537	0.00011	0.00014	0.00015	0.00017	0.00010	0.00010	0.00019	0.00610	0.01307	0.28629	0.43053	0.23019	0.00809	0.00014	4.2e-05	6.3e-05	0.01384	0.00519	0.00010
8	0.00016	0.00012	0.00361	0.00016	0.00018	0.00011	0.00011	0.01290	0.00890	0.01782	0.17445	0.53051	0.14776	0.03328	0.01497	4.8e-05	7.2e-05	0.04896	0.00579	0.00010
9	0.02366	0.05705	0.00345	0.08584	0.12673	0.26911	0.01425	0.03185	0.02987	0.09615	0.04807	0.01406	0.00496	0.00776	0.09583	0.00594	0.06531	0.00427	0.01569	0.00014
10	0.03614	0.00023	0.00026	0.00816	0.00028	0.09576	0.01485	0.12203	0.01111	0.27032	0.00409	0.00039	0.00025	0.12199	0.16497	7e-05	0.12342	0.00011	0.01781	0.00775
11	0.04503	0.45331	0.10613	0.05977	0.11870	0.06886	0.03722	0.03335	0.01946	0.01772	0.00531	0.00452	0.00017	0.00011	0.00354	3.1e-05	0.01266	8.1e-05	5.8e-05	0.01397
12	0.01061	0.09650	0.03026	0.03448	0.36246	0.08443	0.03076	0.04962	0.05721	0.05705	0.05493	0.00034	0.00654	0.00728	0.04055	0.01169	0.03104	0.00984	0.02424	0.00016
13	0.00016	0.00011	0.00014	0.00015	0.00017	0.00010	0.00011	0.00019	0.00994	0.00768	0.43543	0.35279	0.14231	0.01844	0.00015	0.00963	6.2e-05	0.01628	0.00605	0.00010
14	0.00016	0.00011	0.00014	0.00014	0.00017	0.00010	0.00010	0.00020	0.00028	0.00717	0.51501	0.21083	0.21137	0.02034	0.01171	4.2e-05	6.3e-05	0.01609	0.00586	0.00010
15	0.00018	0.00012	0.00015	0.00015	0.00017	0.00011	0.00011	0.00487	0.00989	0.04779	0.15383	0.18559	0.22780	0.21706	0.00024	5.7e-05	8e-05	0.14729	0.00441	9.9e-05
16	0.00594	0.01881	0.00921	0.00023	0.00292	0.00027	0.01235	0.14011	0.64094	0.02583	0.02824	0.06546	0.00720	0.01394	0.00012	3.9e-05	0.00267	0.00596	0.00623	0.01353
17	0.00494	0.00564	0.24593	0.04675	0.28374	0.01254	0.11541	0.02789	0.02949	0.08382	0.10239	0.01100	0.00437	0.00013	0.00012	0.00258	0.00014	0.00231	0.00319	0.01763
18	0.09346	0.20041	0.16411	0.00523	0.02759	0.03255	0.01415	0.15379	0.04917	0.22213	0.00426	0.00449	0.00270	0.00012	0.00010	3.3e-05	0.00012	0.00439	8.7e-05	0.02110
19	0.02613	0.01422	0.00384	0.00418	0.00029	0.00019	0.00017	0.09214	0.02924	0.77849	0.02247	0.00372	0.00898	0.00015	0.00011	3.5e-05	9.9e-05	0.00495	0.01038	0.00019
20	0.00019	0.00012	0.00811	0.00015	0.00018	0.00011	0.00011	0.00022	0.00027	0.09496	0.31702	0.38425	0.12166	0.04264	0.01519	0.00482	7.1e-05	0.00971	0.00011	0.00011
21	0.01725	0.09816	0.16900	0.03037	0.27166	0.07953	0.02153	0.08095	0.03420	0.13713	0.01252	0.00852	0.00765	0.00012	0.00011	3.4e-05	0.00969	0.00633	7.5e-05	0.01514
22	0.02276	0.00953	0.05758	0.06843	0.31191	0.02992	0.12067	0.04151	0.05329	0.13625	0.06602	0.02115	0.01511	0.00318	0.01070	0.00394	0.01145	0.00789	0.00468	0.00403
23	0.00016	0.00012	0.00014	0.00014	0.00016	0.00011	9.8e-05	0.00019	0.01084	0.01859	0.17661	0.22231	0.36835	0.16142	0.02035	5.5e-05	7.5e-05	0.02010	0.00010	9.7e-05
24	0.02092	0.03104	0.51933	0.00684	0.03972	0.05303	0.09026	0.02554	0.00950	0.00664	0.06745	0.05183	0.04773	0.00015	0.01011	3.8e-05	0.01230	0.00735	6.5e-05	0.00015
25	0.06072	0.03036	0.59575	0.01218	0.02745	0.02950	0.01430	0.03762	0.03936	0.11800	0.01718	0.00609	0.00019	0.00012	0.00011	3.6e-05	0.00694	0.00387	6.9e-05	0.00017
26	0.05005	0.00417	0.01515	0.13288	0.02894	0.03324	0.03934	0.02185	0.01665	0.07207	0.31785	0.05961	0.04521	0.03020	0.00511	0.01760	0.01105	0.09310	9.7e-05	0.00581
27	0.01086	0.00315	0.00490	0.00495	0.02526	0.01826	0.00289	0.00800	0.01065	0.03221	0.02473	0.52596	0.01639	0.08950	0.14636	0.04018	0.00349	0.00023	0.00358	0.02844

[dist]
# distance from previous block
# <min> <max>
0	130

# created by:
# /home/cegg/simao/soft/augustus-3.2.1/scripts/msa2prfl.pl ./align_prep/POG091H027V.fa
