[name]
unknown

[dist]
# distance from previous block
# <min> <max>
0	114

[block]
# block no. 0 follows, 2955 sequences, length 13
# corresponding to MSA columns:
# 155-167
name=unknown_A
#
# <colnr> <probs for GDERKNQSTAVLIFYWHMCP>
#	G	D	E	R	K	N	Q	S	T	A	V	L	I	F	Y	W	H	M	C	P
0	0.00948	0.01470	0.09336	0.33670	0.11197	0.06416	0.06215	0.06376	0.06868	0.01966	0.01973	0.01548	0.03439	0.00015	0.00600	3.9e-05	0.00965	0.05461	7.2e-05	0.01525
1	0.09684	0.07265	0.05167	0.01555	0.16737	0.31061	0.02753	0.05083	0.03817	0.06612	0.00968	0.00492	0.01416	0.00012	0.00011	3.3e-05	0.01540	0.00681	0.00545	0.04597
2	0.01962	0.01633	0.02103	0.11702	0.15856	0.12441	0.05189	0.07023	0.05486	0.03159	0.03728	0.10759	0.01622	0.03531	0.01817	4.4e-05	0.07620	0.03266	7.9e-05	0.01092
3	0.01332	0.00024	0.01645	0.38362	0.23067	0.02390	0.02017	0.05277	0.05100	0.02238	0.04738	0.01969	0.08155	0.00569	0.00013	3.8e-05	0.01835	0.00517	7.3e-05	0.00742
4	0.00943	0.00024	0.00039	0.44178	0.42707	0.01986	0.01123	0.00878	0.00799	0.00035	0.00988	0.02512	0.00668	0.00821	0.00013	3.8e-05	0.01545	0.00011	0.00711	0.00015
5	0.00025	0.00531	0.12984	0.01046	0.04468	0.00591	0.02520	0.03674	0.36524	0.01340	0.21248	0.05646	0.06027	0.00632	0.01190	4.1e-05	0.00592	0.00932	0.00010	0.00015
6	0.00019	0.00016	0.01283	0.21456	0.05293	0.00543	0.02498	0.01673	0.00689	0.01134	0.07759	0.34469	0.12184	0.02730	0.06328	0.00826	0.00011	0.01067	8.9e-05	0.00012
7	0.00024	0.00628	0.07857	0.03621	0.04382	0.01309	0.26238	0.02080	0.14312	0.00874	0.18106	0.03575	0.13581	0.00977	0.00834	4.1e-05	0.00556	0.01018	9e-05	0.00014
8	0.94429	0.00022	0.00017	0.00015	0.00023	0.00026	0.00013	0.00035	0.00020	0.02697	0.00018	0.00020	0.00014	0.00011	7.4e-05	3.6e-05	9e-05	6.6e-05	0.02600	0.00013
9	0.00022	0.00021	0.02095	0.30240	0.18995	0.00978	0.02847	0.00931	0.04393	0.00036	0.16147	0.04741	0.05118	0.01397	0.10294	5.5e-05	0.01012	0.00707	7.7e-05	0.00014
10	0.00016	0.00012	0.00016	0.00015	0.00017	0.00011	0.00011	0.00022	0.00033	0.00046	0.95016	0.00089	0.04604	0.00024	0.00014	3.7e-05	5.6e-05	0.00021	0.00013	0.00011
11	0.00018	0.00014	0.01610	0.00016	0.00864	0.00013	0.00012	0.01799	0.07683	0.00952	0.65027	0.02736	0.16334	0.00903	0.00719	3.9e-05	6.6e-05	0.00021	0.01255	0.00012
12	0.01032	0.00032	0.00036	0.01130	0.05497	0.01801	0.01339	0.86167	0.01327	0.01477	0.00028	0.00028	0.00020	0.00014	0.00012	3.5e-05	0.00013	0.00011	0.00011	0.00020

[dist]
# distance from previous block
# <min> <max>
0	1

[block]
# block no. 1 follows, 2955 sequences, length 35
# corresponding to MSA columns:
# 169-203
name=unknown_B
#
# <colnr> <probs for GDERKNQSTAVLIFYWHMCP>
#	G	D	E	R	K	N	Q	S	T	A	V	L	I	F	Y	W	H	M	C	P
0	0.01025	0.52857	0.01356	0.02674	0.05995	0.23104	0.00387	0.01668	0.03818	0.02513	0.01103	0.00597	0.02410	0.00012	9.4e-05	2.9e-05	0.00441	8.2e-05	6.2e-05	0.00015
1	0.00342	0.00027	0.00043	0.02010	0.78333	0.00337	0.00286	0.06392	0.00377	0.05522	0.00654	0.00474	0.02214	0.02338	0.00013	3.7e-05	0.00013	0.00596	6.9e-05	0.00018
2	0.09202	0.02212	0.00021	0.02450	0.00026	0.03104	0.00019	0.01831	0.01474	0.03696	0.00053	0.00107	0.00056	0.00027	0.00015	4.9e-05	0.00011	0.75253	0.00426	0.00012
3	0.00032	0.59097	0.16092	0.00026	0.00558	0.07032	0.08441	0.01929	0.00802	0.04456	0.00020	0.00023	0.00016	0.00011	9.4e-05	3e-05	0.00510	0.00288	5.8e-05	0.00649
4	0.00029	0.00496	0.00047	0.01589	0.95083	0.00559	0.00484	0.00536	0.00027	0.00038	0.00022	0.00029	0.00019	0.00011	0.00012	3.5e-05	0.00014	0.00010	0.00973	0.00018
5	0.00797	0.00027	0.00028	0.00024	0.00032	0.00031	0.00019	0.21068	0.76524	0.01249	0.00043	0.00040	0.00032	0.00015	0.00012	3.9e-05	0.00010	0.00013	0.00012	0.00019
6	0.00802	0.00013	0.00014	0.01240	0.00018	0.00011	0.00011	0.00022	0.00029	0.07960	0.25783	0.01620	0.59788	0.01023	0.00014	3.9e-05	6.4e-05	0.00589	0.01041	0.00011
7	0.00022	0.00017	0.00020	0.00815	0.01709	0.00301	0.00014	0.03030	0.29273	0.01348	0.57066	0.00556	0.05043	0.00404	0.00325	3.9e-05	7.3e-05	0.00018	0.00012	0.00014
8	0.00016	0.00012	0.00015	0.00015	0.00017	0.00011	0.00011	0.00021	0.00032	0.00045	0.85680	0.00830	0.11917	0.00025	0.00014	3.8e-05	5.7e-05	0.01305	0.00013	0.00011
9	0.00838	0.00291	0.12222	0.04227	0.03950	0.00455	0.04122	0.06868	0.04107	0.28711	0.08063	0.23299	0.01054	0.00020	0.00283	4e-05	0.00404	0.01056	0.00011	0.00016
10	0.00017	0.00015	0.04190	0.00016	0.00019	0.00250	0.00276	0.00630	0.01231	0.01924	0.64625	0.05382	0.19453	0.00259	0.00939	4e-05	6.7e-05	0.00270	0.00483	0.00011
11	0.00025	0.07976	0.66656	0.00687	0.04306	0.00889	0.00660	0.02218	0.04949	0.02570	0.04439	0.00031	0.02085	0.00617	0.00336	3.7e-05	0.00471	0.00261	6.3e-05	0.00813
12	0.00785	0.10158	0.02334	0.42074	0.03360	0.00993	0.02328	0.03917	0.21826	0.00823	0.00848	0.00298	0.01089	0.02748	0.03693	0.00481	0.00767	0.01457	7.4e-05	0.00015
13	0.00023	0.00593	0.00386	0.32774	0.26507	0.01085	0.02533	0.01244	0.02013	0.00685	0.01356	0.07094	0.00937	0.05119	0.12001	0.00192	0.02964	0.02473	6.6e-05	0.00014
14	0.00022	0.00279	0.04603	0.03621	0.24738	0.00540	0.00472	0.02234	0.01860	0.01051	0.49525	0.00866	0.04530	0.02936	0.00836	4e-05	0.00224	0.01636	0.00010	0.00014
15	0.00028	0.00211	0.00328	0.07621	0.45671	0.04305	0.08250	0.02896	0.07322	0.02017	0.06653	0.03537	0.00797	0.00722	0.00013	3.7e-05	0.01543	0.03506	7.5e-05	0.04569
16	0.00026	0.02341	0.00036	0.00030	0.00031	0.00633	0.00025	0.00509	0.00018	0.00676	0.00016	0.00026	0.00016	0.00020	0.00534	5.1e-05	0.95029	0.00010	5.2e-05	0.00013
17	0.00501	0.00870	0.04079	0.02681	0.05224	0.00981	0.01621	0.03952	0.01031	0.06216	0.00227	0.00613	0.00250	0.0001	9.6e-05	2.3e-05	0.00214	8.1e-05	7.5e-05	0.71501
18	0.00018	0.00015	0.00491	0.05534	0.15109	0.00014	0.00425	0.00022	0.01137	0.00034	0.10738	0.41995	0.18320	0.00889	0.01364	4.5e-05	0.00384	0.03486	9.9e-05	0.00012
19	0.00017	0.00012	0.00018	0.00018	0.00020	0.00014	0.00014	0.00021	0.00019	0.00027	0.00629	0.02070	0.01097	0.04060	0.91884	0.00018	0.00030	0.00013	6.5e-05	0.00010
20	0.55215	0.00643	0.00559	0.07124	0.20320	0.02768	0.01548	0.03925	0.00264	0.01005	0.00019	0.00324	0.00015	0.00012	0.00011	3.7e-05	0.05982	0.00242	6.9e-05	0.00014
21	0.00029	0.00028	0.00047	0.02731	0.96857	0.00028	0.00036	0.00036	0.00027	0.00038	0.00022	0.00029	0.00018	0.00010	0.00012	3.5e-05	0.00014	0.00010	5.8e-05	0.00018
22	0.00371	0.00016	0.00624	0.18818	0.00266	0.00016	0.00746	0.02724	0.05131	0.00590	0.10185	0.01494	0.20815	0.19658	0.13488	7.4e-05	0.00278	0.02871	0.00531	0.01373
23	0.00016	0.00012	0.00015	0.00015	0.00018	0.00011	0.00374	0.00021	0.01102	0.00039	0.46677	0.04374	0.30389	0.04675	0.02701	4.8e-05	7.3e-05	0.09527	0.00012	0.00011
24	0.00570	0.00026	0.00355	0.24732	0.43837	0.06060	0.01619	0.02394	0.09092	0.01128	0.02390	0.03954	0.02690	0.00014	0.00012	3.7e-05	0.00253	0.00847	7e-05	0.00016
25	0.00279	0.00211	0.00262	0.44199	0.22390	0.01083	0.02177	0.06829	0.03835	0.00036	0.03201	0.00912	0.01738	0.00317	0.10938	0.00223	0.01088	0.00260	6.6e-05	0.00015
26	0.00461	0.00027	0.00029	0.03851	0.02230	0.03058	0.00568	0.31626	0.43830	0.01418	0.01391	0.00040	0.00399	0.07870	0.00609	4.5e-05	0.02546	0.00012	0.00011	0.00017
27	0.00030	0.00027	0.00571	0.03208	0.51204	0.02205	0.00558	0.06385	0.23733	0.02754	0.05026	0.00427	0.01040	0.00014	0.01478	3.9e-05	0.00231	0.00811	8.3e-05	0.00285
28	0.00028	0.00027	0.00380	0.08649	0.84186	0.00836	0.00034	0.00397	0.01848	0.00038	0.02237	0.00031	0.00559	0.00011	0.00012	3.5e-05	0.00385	0.00313	6.1e-05	0.00018
29	0.00016	0.00012	0.00016	0.00016	0.00017	0.00012	0.00011	0.00019	0.00021	0.00029	0.11203	0.18469	0.03721	0.26634	0.36111	0.00011	0.00409	0.01863	0.01400	9.5e-05
30	0.00026	0.00023	0.00035	0.00321	0.34768	0.00268	0.01424	0.00340	0.07189	0.04089	0.03623	0.03620	0.00958	0.00245	0.06824	5.3e-05	0.27362	0.08610	0.00253	0.00015
31	0.00040	0.00017	0.00023	0.00019	0.00026	0.00015	0.00015	0.00457	0.01431	0.64045	0.24416	0.00057	0.07620	0.00802	0.00013	3.7e-05	8.6e-05	0.00015	0.00961	0.00017
32	0.00026	0.02358	0.01722	0.00611	0.00032	0.00036	0.01333	0.00029	0.00018	0.00029	0.00016	0.00027	0.00016	0.00020	0.00037	5e-05	0.92779	0.00891	5.2e-05	0.00013
33	0.00031	0.95339	0.00060	0.00020	0.00030	0.01407	0.00020	0.01014	0.00024	0.00028	0.01164	0.00020	0.00016	0.00010	7.7e-05	2.5e-05	0.00013	6.5e-05	0.00772	0.00015
34	0.00340	0.01064	0.85274	0.01207	0.00899	0.00026	0.00558	0.00555	0.00372	0.03016	0.00945	0.01565	0.00310	0.00415	0.00011	3.7e-05	0.00016	0.00241	5.6e-05	0.03177

[dist]
# distance from previous block
# <min> <max>
0	2

[block]
# block no. 2 follows, 2955 sequences, length 33
# corresponding to MSA columns:
# 206,207,214-244
name=unknown_C
#
# <colnr> <probs for GDERKNQSTAVLIFYWHMCP>
#	G	D	E	R	K	N	Q	S	T	A	V	L	I	F	Y	W	H	M	C	P
0	0.01283	0.05409	0.10702	0.02334	0.17708	0.34772	0.07495	0.02671	0.06578	0.04874	0.00487	0.01632	0.00220	0.00013	0.00239	3.5e-05	0.02861	0.00697	6.9e-05	0.00016
1	0.04118	0.00704	0.04131	0.00277	0.00784	0.83589	0.02996	0.01287	0.00032	0.00031	0.00348	0.00430	0.00016	0.00323	0.00011	3.2e-05	0.00562	8e-05	0.00335	0.00014
2	0.00346	0.04549	0.42094	0.00776	0.03277	0.00537	0.13692	0.06837	0.08108	0.05633	0.07196	0.01554	0.04375	0.00014	0.00012	3.7e-05	0.00014	0.00957	7.7e-05	0.00016
3	0.00418	0.00016	0.00020	0.00017	0.00023	0.00015	0.00014	0.03638	0.01564	0.44440	0.03660	0.01709	0.00715	0.00995	0.06932	4.5e-05	9.7e-05	0.00012	0.35782	0.00015
4	0.17128	0.00367	0.01089	0.09365	0.37939	0.12925	0.06593	0.02560	0.00953	0.02115	0.00302	0.00385	0.00474	0.00530	0.00013	3.7e-05	0.06786	0.00451	6.5e-05	0.00016
5	0.00019	0.01008	0.12413	0.00331	0.01317	0.00894	0.00777	0.00626	0.02854	0.03319	0.29578	0.07407	0.33444	0.00627	0.00742	4e-05	8.4e-05	0.02969	0.00467	0.01195
6	0.95100	0.01542	0.00018	0.00016	0.00023	0.03074	0.00013	0.00035	0.00020	0.00052	0.00016	0.00019	0.00013	0.00011	7.4e-05	3.6e-05	9.5e-05	6.4e-05	7.2e-05	0.00013
7	0.00032	0.97621	0.00061	0.00020	0.00030	0.02020	0.00020	0.00035	0.00024	0.00028	0.00016	0.00019	0.00015	0.00010	7.6e-05	2.5e-05	0.00013	6.3e-05	5e-05	0.00015
8	0.00021	0.00018	0.00868	0.12020	0.13133	0.00248	0.00806	0.00617	0.21114	0.00038	0.14996	0.14963	0.15278	0.03028	0.00351	0.00957	9.6e-05	0.01510	9.8e-05	0.00013
9	0.00016	0.00012	0.00015	0.00015	0.00017	0.00011	0.00011	0.00022	0.00033	0.00046	0.91332	0.00090	0.08288	0.00024	0.00014	3.7e-05	5.6e-05	0.00022	0.00013	0.00011
10	0.00270	0.01291	0.20415	0.19130	0.12602	0.01187	0.04417	0.10368	0.09296	0.02104	0.05392	0.09222	0.02512	0.00016	0.00012	3.8e-05	0.00319	0.01419	7.9e-05	0.00016
11	0.00805	0.00013	0.00014	0.00013	0.00017	0.00011	9.9e-05	0.00021	0.00027	0.08762	0.09508	0.04360	0.70564	0.04170	0.00016	4.2e-05	6.6e-05	0.00681	0.00986	0.00011
12	0.00749	0.00223	0.06879	0.09850	0.04009	0.00316	0.05846	0.03489	0.03819	0.05801	0.09802	0.00082	0.11856	0.00023	0.00994	4.5e-05	0.00343	0.34192	0.01710	0.00013
13	0.00618	0.00059	0.93415	0.00033	0.00513	0.00027	0.01792	0.01257	0.00025	0.00694	0.00402	0.00448	0.00016	0.00011	0.00011	3.7e-05	0.00017	8.9e-05	5.2e-05	0.00645
14	0.02471	0.00021	0.00297	0.00020	0.00026	0.00333	0.00016	0.08824	0.54216	0.01421	0.01167	0.00043	0.01204	0.00713	0.00288	3.7e-05	0.00729	0.00445	0.27743	0.00016
15	0.00023	0.00021	0.00035	0.89942	0.04156	0.00026	0.00032	0.00491	0.00481	0.02744	0.00022	0.00750	0.00017	0.00012	0.00012	3.9e-05	0.00415	0.00011	5.6e-05	0.00801
16	0.00024	0.00021	0.00025	0.00849	0.01682	0.00016	0.00014	0.00030	0.00024	0.00584	0.00021	0.00540	0.00018	9e-05	9e-05	1.8e-05	0.00615	7.2e-05	7e-05	0.95503
17	0.00015	0.00011	0.00014	0.00426	0.00376	0.00011	0.00467	0.00018	0.01137	0.00031	0.04720	0.65225	0.18949	0.01728	0.02408	5e-05	0.00756	0.03683	0.00011	9.9e-05
18	0.00045	0.00032	0.00035	0.00027	0.00036	0.00036	0.00022	0.96615	0.00055	0.02935	0.00029	0.00028	0.00020	0.00014	0.00012	3.5e-05	0.00013	0.00011	0.00012	0.00020
19	0.00032	0.00026	0.00043	0.09362	0.73578	0.00026	0.00033	0.01219	0.00028	0.14479	0.00025	0.00031	0.00020	0.00011	0.00012	3.6e-05	0.01035	0.00011	7.1e-05	0.00018
20	0.01068	0.13133	0.04137	0.06169	0.02346	0.05638	0.01481	0.04926	0.53692	0.01143	0.00037	0.03374	0.00286	0.00015	0.00012	3.7e-05	0.01363	0.01150	9.6e-05	0.00017
21	0.00029	0.00027	0.00047	0.00071	0.97091	0.00027	0.00035	0.00036	0.00027	0.00038	0.01187	0.00031	0.01279	0.00011	0.00012	3.5e-05	0.00014	0.00011	6e-05	0.00018
22	0.00032	0.00026	0.00033	0.39162	0.03942	0.05848	0.00026	0.22816	0.05432	0.08663	0.00027	0.00032	0.00020	0.00689	0.01988	4.1e-05	0.06580	0.00011	0.04655	0.00016
23	0.00020	0.00011	0.00015	0.00015	0.00015	0.00011	0.00010	0.00016	0.00016	0.00022	0.00025	0.00046	0.00026	0.22475	0.02570	0.69636	0.03151	0.00991	0.00922	6e-05
24	0.00026	0.00022	0.00549	0.57921	0.04499	0.01129	0.00952	0.02620	0.13300	0.05986	0.05197	0.00498	0.01677	0.00226	0.00992	4.1e-05	0.01503	0.01811	0.01075	0.00014
25	0.00015	0.00011	0.00014	0.00016	0.00017	0.0001	0.00011	0.00018	0.00025	0.01277	0.19396	0.74491	0.02787	0.01139	0.00015	4.6e-05	6.7e-05	0.00725	0.00011	9.9e-05
26	0.00931	0.01130	0.01554	0.01211	0.06950	0.00795	0.01515	0.04394	0.05748	0.02794	0.58453	0.05912	0.04393	0.01093	0.01627	4.1e-05	0.00954	0.00520	0.00011	0.00013
27	0.00533	0.06164	0.40485	0.15432	0.18525	0.01578	0.04138	0.07574	0.02391	0.02389	0.00023	0.00028	0.00017	0.00012	0.00302	3.7e-05	0.00373	9.7e-05	6.1e-05	0.00017
28	0.00015	0.00012	0.00675	0.00013	0.00017	0.00011	0.00010	0.00653	0.00625	0.00037	0.31186	0.08155	0.58492	0.00028	0.00014	3.9e-05	6e-05	0.00024	0.00011	0.00010
29	0.00017	0.00949	0.01159	0.00578	0.01106	0.01033	0.00544	0.01235	0.01247	0.00362	0.42950	0.26632	0.20765	0.00366	0.00014	4.1e-05	6.8e-05	0.01012	0.00011	0.00011
30	0.00857	0.01168	0.65134	0.01057	0.08220	0.00633	0.04468	0.05329	0.04089	0.02791	0.02741	0.00333	0.00203	0.00804	0.00316	3.8e-05	0.00837	0.00757	6.3e-05	0.00254
31	0.00567	0.00316	0.04831	0.25963	0.45392	0.00284	0.00873	0.04297	0.03109	0.07394	0.04085	0.00271	0.00295	0.00012	0.00012	3.7e-05	0.01953	0.00011	7e-05	0.00323
32	0.10119	0.00276	0.01416	0.00635	0.02150	0.02179	0.00423	0.07439	0.02558	0.65172	0.02910	0.02156	0.00342	0.00247	0.00258	3.7e-05	0.00250	0.00012	0.00313	0.01141

[dist]
# distance from previous block
# <min> <max>
0	66

# created by:
# /home/cegg/simao/soft/augustus-3.2.1/scripts/msa2prfl.pl ./align_prep/POG091H01FV.fa
