[name]
unknown

[dist]
# distance from previous block
# <min> <max>
0	74

[block]
# block no. 0 follows, 3014 sequences, length 7
# corresponding to MSA columns:
# 152-158
name=unknown_A
#
# <colnr> <probs for GDERKNQSTAVLIFYWHMCP>
#	G	D	E	R	K	N	Q	S	T	A	V	L	I	F	Y	W	H	M	C	P
0	0.01143	0.01351	0.03049	0.16901	0.12310	0.01223	0.02659	0.08144	0.07993	0.16708	0.00840	0.04991	0.01014	0.00017	0.00861	4e-05	0.00918	0.14670	0.00810	0.04395
1	0.00017	0.00011	0.00014	0.00014	0.00014	0.00011	8.3e-05	0.00017	0.00017	0.00023	0.00035	0.04441	0.00039	0.72671	0.11966	0.10659	0.00013	0.00016	6.8e-05	7.3e-05
2	0.00015	0.00012	0.00016	0.01967	0.03300	0.00011	0.01674	0.00019	0.02518	0.00031	0.02428	0.78256	0.06113	0.01960	0.00015	4.6e-05	7.4e-05	0.01634	0.00010	0.00010
3	0.01628	0.41840	0.13226	0.04622	0.08369	0.06677	0.04428	0.05053	0.06604	0.03906	0.00022	0.00026	0.00018	0.00011	0.0001	3.1e-05	0.01246	0.01142	0.01152	0.00016
4	0.00017	0.00012	0.00015	0.00015	0.00016	0.00014	9.9e-05	0.00018	0.00017	0.00024	0.00034	0.00065	0.00037	0.71764	0.20220	0.00012	0.07679	0.00015	6.7e-05	8.1e-05
5	0.00017	0.00011	0.00013	0.00013	0.00014	0.00011	8.2e-05	0.00017	0.00017	0.00023	0.00036	0.00072	0.00040	0.81528	0.08088	0.06449	0.00013	0.03614	6.9e-05	7.2e-05
6	0.02055	0.01077	0.32951	0.05507	0.11379	0.01191	0.05909	0.01719	0.01746	0.17349	0.10925	0.01016	0.02000	0.00014	0.00013	3.7e-05	0.03842	0.01280	8.1e-05	0.00016

[dist]
# distance from previous block
# <min> <max>
2	7

[block]
# block no. 1 follows, 3014 sequences, length 11
# corresponding to MSA columns:
# 225-235
name=unknown_B
#
# <colnr> <probs for GDERKNQSTAVLIFYWHMCP>
#	G	D	E	R	K	N	Q	S	T	A	V	L	I	F	Y	W	H	M	C	P
0	0.68040	0.05854	0.05749	0.01069	0.01084	0.05546	0.04257	0.02011	0.00665	0.02264	0.00019	0.00698	0.00015	0.00649	8.8e-05	3.5e-05	0.00792	0.00644	7e-05	0.00624
1	0.00026	0.00025	0.00034	0.00029	0.00030	0.01595	0.00024	0.01590	0.00019	0.01671	0.00017	0.01561	0.00017	0.00020	0.00035	4.9e-05	0.89874	0.00010	0.03405	0.00013
2	0.00523	0.01449	0.09745	0.03178	0.13331	0.00558	0.11756	0.03476	0.22512	0.06146	0.02005	0.11805	0.00747	0.00641	0.03793	4.5e-05	0.03331	0.03874	0.00610	0.00516
3	0.00018	0.00016	0.02080	0.10871	0.01839	0.00015	0.00927	0.00988	0.00656	0.02122	0.31274	0.05107	0.32115	0.01621	0.00797	4.1e-05	0.07609	0.00655	0.0001	0.01277
4	0.00617	0.00018	0.11161	0.01268	0.00834	0.00014	0.00994	0.00604	0.00836	0.02843	0.49703	0.10534	0.04055	0.02926	0.07232	0.00701	0.00784	0.04308	0.00556	0.00012
5	0.00890	0.02802	0.04134	0.02400	0.06822	0.02263	0.01347	0.06212	0.00849	0.09892	0.00024	0.00754	0.00019	0.00010	9.9e-05	2.4e-05	0.01492	8.3e-05	7.6e-05	0.60061
6	0.02555	0.00031	0.00034	0.00026	0.00035	0.00035	0.00021	0.91761	0.02604	0.02739	0.00028	0.00028	0.00020	0.00014	0.00011	3.5e-05	0.00012	0.00010	0.00011	0.00019
7	0.01684	0.00863	0.00028	0.00784	0.00960	0.00024	0.00951	0.38193	0.00779	0.33730	0.02980	0.00042	0.00029	0.12958	0.03422	5.1e-05	0.00869	0.01671	0.00011	0.00017
8	0.01447	0.00028	0.00030	0.00023	0.00032	0.03247	0.00019	0.57859	0.01426	0.01763	0.00026	0.01326	0.00020	0.00012	0.00010	2.9e-05	0.00011	9.4e-05	9.8e-05	0.32699
9	0.00015	0.00011	0.00014	0.00016	0.00017	0.0001	0.00011	0.00017	0.01839	0.00031	0.04321	0.85047	0.03974	0.00035	0.00015	4.6e-05	6.8e-05	0.04597	0.00011	9.6e-05
10	0.00016	0.00012	0.00015	0.00014	0.00017	0.00011	0.00010	0.00021	0.01219	0.01307	0.63471	0.01641	0.28458	0.01290	0.00014	3.8e-05	5.8e-05	0.01186	0.00012	0.01277

[dist]
# distance from previous block
# <min> <max>
3	5

[block]
# block no. 2 follows, 3014 sequences, length 22
# corresponding to MSA columns:
# 247-268
name=unknown_C
#
# <colnr> <probs for GDERKNQSTAVLIFYWHMCP>
#	G	D	E	R	K	N	Q	S	T	A	V	L	I	F	Y	W	H	M	C	P
0	0.00026	0.01734	0.00622	0.00021	0.06346	0.02128	0.00727	0.00680	0.00025	0.03688	0.00021	0.00025	0.00017	9e-05	8.9e-05	2e-05	9.4e-05	7.3e-05	7e-05	0.83896
1	0.02263	0.00028	0.01661	0.00024	0.00032	0.03630	0.00020	0.27104	0.64001	0.01049	0.00039	0.00037	0.00029	0.00015	0.00011	3.7e-05	0.00011	0.00012	0.00011	0.00018
2	0.00015	0.00011	0.00014	0.00016	0.00018	0.00010	0.00624	0.00681	0.02676	0.01272	0.04489	0.85569	0.03898	0.00034	0.00014	4.5e-05	6.8e-05	0.00624	0.00011	9.9e-05
3	0.00015	0.00011	0.00014	0.00017	0.00018	0.00010	0.00012	0.00018	0.00023	0.00030	0.00062	0.78288	0.00073	0.00036	0.01550	5e-05	7.8e-05	0.19789	0.00011	9.6e-05
4	0.00017	0.00011	0.00013	0.00014	0.00014	0.00011	8.4e-05	0.00016	0.00018	0.00024	0.00040	0.19783	0.01796	0.57998	0.00046	0.19071	9.9e-05	0.01098	7.4e-05	7.1e-05
5	0.00024	0.00020	0.00021	0.00019	0.00024	0.01903	0.00015	0.01356	0.51033	0.02381	0.13515	0.00068	0.28761	0.00021	0.00013	3.8e-05	8e-05	0.00790	0.00011	0.00015
6	0.03352	0.00044	0.00028	0.00026	0.00031	0.72687	0.00019	0.01789	0.01147	0.01440	0.07049	0.00036	0.11127	0.00015	0.00011	3.1e-05	0.00017	0.00010	7.3e-05	0.01160
7	0.00049	0.00023	0.00029	0.00022	0.00031	0.00022	0.00018	0.28153	0.00039	0.69796	0.00040	0.00036	0.00026	0.00014	0.00011	3.5e-05	0.00011	0.00011	0.01646	0.00019
8	0.99677	0.00022	0.00017	0.00015	0.00022	0.00026	0.00012	0.00034	0.00020	0.00052	0.00016	0.00019	0.00012	0.00011	7.1e-05	3.6e-05	8.9e-05	6.2e-05	7.1e-05	0.00012
9	0.00018	0.00013	0.00018	0.00020	0.00023	0.00013	0.00017	0.00023	0.00027	0.00036	0.15913	0.00122	0.01620	0.00030	0.00015	5e-05	9.7e-05	0.82053	0.00011	0.00011
10	0.00032	0.00022	0.00023	0.00020	0.00025	0.16294	0.01647	0.00594	0.01808	0.30537	0.44097	0.03253	0.00063	0.00019	0.00013	3.6e-05	0.00831	0.00694	0.00012	0.00014
11	0.00027	0.00025	0.00043	0.00031	0.00042	0.00023	0.42510	0.00037	0.13372	0.03347	0.00026	0.00960	0.00021	0.00010	0.00011	3e-05	0.00013	0.00011	7.3e-05	0.39479
12	0.00016	0.00011	0.00013	0.00014	0.00014	0.00011	8.6e-05	0.00017	0.00019	0.00025	0.00707	0.22234	0.00811	0.67938	0.00708	0.01774	0.00010	0.05654	8e-05	7.7e-05
13	0.00027	0.00026	0.00818	0.00063	0.85920	0.00797	0.00032	0.00034	0.00841	0.00037	0.02903	0.00037	0.08390	0.00012	0.00012	3.5e-05	0.00013	0.00012	6.4e-05	0.00017
14	0.00418	0.24153	0.03544	0.00809	0.19723	0.11682	0.00732	0.01594	0.00558	0.01058	0.00020	0.00024	0.00017	0.00010	9.6e-05	2.6e-05	0.01259	7.7e-05	6.1e-05	0.34374
15	0.00017	0.00462	0.00017	0.01896	0.00020	0.00013	0.00349	0.00370	0.01082	0.00474	0.19016	0.03300	0.11491	0.06406	0.50764	0.01306	0.00019	0.00355	0.02633	0.00010
16	0.00016	0.00011	0.00013	0.00013	0.00013	0.00011	7.6e-05	0.00017	0.00018	0.00024	0.00043	0.06850	0.06479	0.83488	0.01847	0.00010	0.00011	0.01114	7.5e-05	7.4e-05
17	0.00022	0.17513	0.00397	0.01653	0.00025	0.00439	0.02408	0.02866	0.24349	0.00732	0.01043	0.44468	0.01458	0.00024	0.00012	4e-05	9e-05	0.02183	0.00380	0.00013
18	0.93074	0.00955	0.00019	0.01245	0.00660	0.00583	0.00926	0.00549	0.00020	0.01094	0.00017	0.00019	0.00013	0.00011	7.6e-05	3.6e-05	0.00779	6.5e-05	7.1e-05	0.00013
19	0.00361	0.03570	0.10397	0.11058	0.04902	0.04639	0.17710	0.08433	0.10298	0.03371	0.08260	0.09319	0.03116	0.01207	0.01569	4.1e-05	0.00657	0.01108	8.2e-05	0.00015
20	0.01730	0.07522	0.39752	0.02080	0.09217	0.00354	0.09164	0.00734	0.00552	0.05182	0.15543	0.01607	0.03410	0.00014	0.00012	3.6e-05	0.01023	0.02078	7.3e-05	0.00015
21	0.00026	0.01796	0.08220	0.00956	0.23316	0.01019	0.05243	0.05073	0.18953	0.01394	0.11238	0.00380	0.08982	0.00345	0.00012	3.5e-05	0.02133	0.00013	8.5e-05	0.10889

[dist]
# distance from previous block
# <min> <max>
3	12

[block]
# block no. 3 follows, 3014 sequences, length 12
# corresponding to MSA columns:
# 298,299,302-311
name=unknown_D
#
# <colnr> <probs for GDERKNQSTAVLIFYWHMCP>
#	G	D	E	R	K	N	Q	S	T	A	V	L	I	F	Y	W	H	M	C	P
0	0.00636	0.02145	0.00691	0.07004	0.11975	0.04539	0.04921	0.11118	0.10114	0.01265	0.07659	0.01036	0.04017	0.00014	0.00549	3.2e-05	0.02426	0.00491	0.00508	0.28890
1	0.03831	0.00021	0.00033	0.83980	0.01778	0.00025	0.01272	0.01326	0.02936	0.00832	0.00024	0.00803	0.01472	0.00012	0.00011	3.8e-05	0.00015	0.00810	0.00802	0.00013
2	0.00036	0.00017	0.00023	0.03900	0.01310	0.00015	0.00797	0.00852	0.01132	0.55068	0.12875	0.01692	0.17047	0.00019	0.00012	3.7e-05	8.9e-05	0.04354	0.00822	0.00016
3	0.00031	0.00021	0.00024	0.00021	0.00027	0.00023	0.00016	0.02461	0.59534	0.17786	0.15230	0.00050	0.01864	0.00017	0.00012	3.8e-05	8.6e-05	0.00014	0.02840	0.00017
4	0.00036	0.12188	0.00034	0.00025	0.00033	0.13268	0.00020	0.37571	0.36607	0.00052	0.00032	0.00031	0.00024	0.00014	0.00011	3.4e-05	0.00012	0.00010	0.00010	0.00018
5	0.00037	0.00023	0.00026	0.00021	0.00028	0.01933	0.00017	0.39111	0.05525	0.22824	0.13314	0.00997	0.02504	0.00017	0.01418	3.7e-05	0.00010	0.00013	0.12163	0.00017
6	0.00027	0.00031	0.00068	0.00048	0.00060	0.00029	0.99482	0.00037	0.00027	0.00037	0.00023	0.00031	0.00017	9.7e-05	0.00014	3.9e-05	0.00019	0.00014	5.8e-05	0.00016
7	0.00027	0.00025	0.00042	0.14214	0.73140	0.00026	0.00032	0.01089	0.03488	0.01555	0.00024	0.03153	0.00020	0.00012	0.00011	3.5e-05	0.00013	0.00011	0.01197	0.01917
8	0.00026	0.00014	0.00015	0.00013	0.00017	0.00014	0.00010	0.12506	0.00029	0.05128	0.02836	0.00042	0.00030	0.00014	8.8e-05	2.8e-05	6.5e-05	0.00011	0.79264	0.00012
9	0.00016	0.00012	0.00014	0.00014	0.00017	0.00010	0.00011	0.00019	0.00028	0.01479	0.39516	0.19922	0.31613	0.02368	0.00015	4.2e-05	6.3e-05	0.04915	0.00011	0.00010
10	0.00022	0.00020	0.00034	0.99568	0.00079	0.00026	0.00032	0.00029	0.00023	0.00029	0.00020	0.00031	0.00015	0.00011	0.00011	3.8e-05	0.00015	0.00010	5.1e-05	0.00013
11	0.00036	0.00021	0.00025	0.00021	0.00028	0.01704	0.00017	0.00052	0.40545	0.41724	0.13900	0.00048	0.01794	0.00016	0.00012	3.7e-05	9e-05	0.00014	0.00013	0.00018

[dist]
# distance from previous block
# <min> <max>
1	5

[block]
# block no. 4 follows, 3014 sequences, length 6
# corresponding to MSA columns:
# 317-322
name=unknown_E
#
# <colnr> <probs for GDERKNQSTAVLIFYWHMCP>
#	G	D	E	R	K	N	Q	S	T	A	V	L	I	F	Y	W	H	M	C	P
0	0.00031	0.99603	0.00060	0.00020	0.00030	0.00046	0.00020	0.00034	0.00023	0.00027	0.00016	0.00018	0.00015	9.8e-05	7.4e-05	2.5e-05	0.00012	6.1e-05	4.9e-05	0.00015
1	0.00014	0.00011	0.00013	0.00014	0.00016	9.6e-05	9.7e-05	0.00017	0.00025	0.00031	0.05630	0.45305	0.48801	0.00032	0.00014	4.2e-05	6.2e-05	0.00028	0.00011	9.6e-05
2	0.03367	0.27324	0.62264	0.00028	0.00042	0.03384	0.00034	0.00037	0.00024	0.03369	0.00020	0.00023	0.00015	0.00011	9.8e-05	3.3e-05	0.00015	7.8e-05	5.3e-05	0.00016
3	0.00038	0.02240	0.09874	0.01901	0.01164	0.69795	0.01358	0.01781	0.01241	0.01306	0.01248	0.01331	0.03021	0.00013	0.00011	3.2e-05	0.01237	0.01152	0.01272	0.00014
4	0.00016	0.00012	0.00015	0.00014	0.00017	0.00011	0.00011	0.00021	0.00032	0.00044	0.87564	0.00089	0.12064	0.00024	0.00014	3.6e-05	5.5e-05	0.00021	0.00012	0.00011
5	0.99677	0.00022	0.00017	0.00015	0.00022	0.00026	0.00012	0.00034	0.00020	0.00052	0.00016	0.00019	0.00012	0.00011	7.1e-05	3.6e-05	8.9e-05	6.2e-05	7.1e-05	0.00012

[dist]
# distance from previous block
# <min> <max>
2	5

[block]
# block no. 5 follows, 3014 sequences, length 15
# corresponding to MSA columns:
# 328-341,343
name=unknown_F
#
# <colnr> <probs for GDERKNQSTAVLIFYWHMCP>
#	G	D	E	R	K	N	Q	S	T	A	V	L	I	F	Y	W	H	M	C	P
0	0.00022	0.00020	0.00033	0.85293	0.00071	0.00025	0.00030	0.02777	0.01401	0.00031	0.00022	0.00032	0.00017	0.00018	0.08806	5.1e-05	0.01368	0.00010	5.5e-05	0.00013
1	0.00025	0.00025	0.00035	0.00030	0.00030	0.00035	0.00025	0.00028	0.00018	0.00028	0.00015	0.00025	0.00015	0.00020	0.00038	5e-05	0.99575	0.00010	5e-05	0.00013
2	0.18787	0.00024	0.00030	0.00025	0.00028	0.02839	0.02843	0.00031	0.00020	0.08261	0.00023	0.08076	0.00866	0.00019	0.00026	4.5e-05	0.56241	0.00011	0.01833	0.00013
3	0.00029	0.00025	0.00026	0.00023	0.00030	0.00029	0.00018	0.06274	0.91053	0.00050	0.02281	0.00043	0.00036	0.00016	0.00012	3.9e-05	9.2e-05	0.00013	0.00012	0.00018
4	0.00017	0.00011	0.00014	0.00014	0.00015	0.00011	9.2e-05	0.00018	0.00019	0.00025	0.00042	0.05708	0.00047	0.74948	0.02163	9.9e-05	0.00011	0.15547	0.01363	7.8e-05
5	0.00017	0.00011	0.00013	0.00013	0.00013	0.00011	7e-05	0.00017	0.00017	0.00022	0.00036	0.00075	0.00042	0.99596	0.00059	0.00011	0.00011	0.00017	7e-05	7e-05
6	0.00024	0.00055	0.82670	0.00035	0.00051	0.00027	0.14655	0.00036	0.00025	0.00036	0.00021	0.00025	0.00015	0.00011	0.00012	3.7e-05	0.02268	9.3e-05	5e-05	0.00017
7	0.00019	0.00013	0.00019	0.00021	0.00024	0.00013	0.00019	0.00024	0.00026	0.00034	0.00061	0.00130	0.00066	0.00032	0.00016	5.3e-05	0.00011	0.99447	0.00011	0.00011
8	0.00017	0.00012	0.00014	0.00016	0.00018	0.02761	0.00011	0.00019	0.00023	0.03411	0.01343	0.81784	0.00070	0.01273	0.00015	4.6e-05	7.3e-05	0.03709	0.05482	9.9e-05
9	0.99677	0.00022	0.00017	0.00015	0.00022	0.00026	0.00012	0.00034	0.00020	0.00052	0.00016	0.00019	0.00012	0.00011	7.1e-05	3.6e-05	8.9e-05	6.2e-05	7.1e-05	0.00012
10	0.00043	0.02358	0.00033	0.00029	0.00035	0.94520	0.00022	0.02771	0.00033	0.00029	0.00018	0.00021	0.00015	0.00012	0.00010	3e-05	0.00020	7.5e-05	6.1e-05	0.00014
11	0.00017	0.00011	0.00013	0.00013	0.00013	0.00011	7.5e-05	0.00016	0.00016	0.00022	0.00034	0.00069	0.00038	0.83285	0.00056	0.16338	0.00011	0.00016	6.6e-05	6.6e-05
12	0.00044	0.00032	0.00034	0.00026	0.00035	0.00035	0.00022	0.94746	0.00053	0.04813	0.00028	0.00028	0.00020	0.00014	0.00012	3.5e-05	0.00013	0.00010	0.00012	0.00020
13	0.00016	0.00011	0.00013	0.00013	0.00013	0.00011	7.5e-05	0.00017	0.00018	0.00024	0.03939	0.01343	0.10358	0.81739	0.01221	0.01211	0.00011	0.00018	7.6e-05	7.4e-05
14	0.94051	0.01399	0.00019	0.00016	0.00023	0.00026	0.01444	0.01454	0.00020	0.01442	0.00017	0.00019	0.00013	0.00011	7.3e-05	3.5e-05	9.2e-05	6.5e-05	7.2e-05	0.00013

[dist]
# distance from previous block
# <min> <max>
0	11

[block]
# block no. 6 follows, 3014 sequences, length 16
# corresponding to MSA columns:
# 355,356,358-371
name=unknown_G
#
# <colnr> <probs for GDERKNQSTAVLIFYWHMCP>
#	G	D	E	R	K	N	Q	S	T	A	V	L	I	F	Y	W	H	M	C	P
0	0.09378	0.81467	0.02375	0.00021	0.01439	0.01189	0.00947	0.00035	0.00023	0.01928	0.01104	0.00020	0.00016	0.00010	7.7e-05	2.7e-05	0.00012	6.6e-05	5.4e-05	0.00015
1	0.00016	0.00012	0.00018	0.00018	0.00020	0.00014	0.00014	0.00021	0.00019	0.00028	0.04322	0.00047	0.00032	0.00084	0.95257	0.00018	0.00030	0.00013	6.4e-05	0.00010
2	0.00018	0.00013	0.00014	0.00014	0.00014	0.00013	8.2e-05	0.02655	0.06263	0.00025	0.00037	0.00071	0.00041	0.88533	0.02228	0.00011	0.00011	0.00016	7.4e-05	8.1e-05
3	0.00028	0.00027	0.00046	0.06965	0.92633	0.00027	0.00035	0.00035	0.00026	0.00037	0.00022	0.00029	0.00018	0.00010	0.00011	3.4e-05	0.00014	0.00010	5.7e-05	0.00018
4	0.01508	0.09750	0.34910	0.13301	0.13787	0.02342	0.07162	0.01189	0.01482	0.05405	0.00482	0.00620	0.00489	0.00012	0.00452	3.6e-05	0.05518	9.7e-05	0.00389	0.01187
5	0.09064	0.18951	0.49102	0.03055	0.01114	0.01530	0.11317	0.00612	0.00755	0.02046	0.00780	0.00685	0.00016	0.00011	0.00011	3.4e-05	0.00917	8.9e-05	5.6e-05	0.00016
6	0.02372	0.00019	0.00026	0.00020	0.00028	0.00017	0.00017	0.02749	0.01014	0.83927	0.03954	0.00045	0.01289	0.00015	0.00012	3.6e-05	9.7e-05	0.04449	0.00014	0.00019
7	0.00015	0.00012	0.00012	0.00012	0.00016	0.00010	9.1e-05	0.00817	0.01150	0.00822	0.01268	0.04189	0.79694	0.00027	0.00013	3.8e-05	6e-05	0.00963	0.10950	0.00010
8	0.03231	0.03515	0.16071	0.03416	0.08175	0.02422	0.04438	0.03869	0.12384	0.19855	0.01143	0.01984	0.00660	0.00950	0.01288	3.7e-05	0.05085	0.00456	0.00449	0.10606
9	0.00019	0.00012	0.00016	0.00764	0.00017	0.01550	0.00778	0.00561	0.00017	0.00589	0.00029	0.09216	0.00031	0.18685	0.13724	0.49240	0.03094	0.01096	0.00554	7.2e-05
10	0.08031	0.00020	0.00026	0.00020	0.00028	0.00018	0.00016	0.03306	0.01492	0.82877	0.00940	0.00039	0.02038	0.00014	0.00011	3.6e-05	9.6e-05	0.00011	0.01080	0.00019
11	0.00019	0.00010	0.00015	0.00015	0.00016	0.00011	0.00010	0.00016	0.00016	0.00021	0.00024	0.01899	0.00024	0.05080	0.10284	0.80373	0.00012	0.02143	5.4e-05	5.8e-05
12	0.02018	0.05888	0.73809	0.00837	0.01897	0.05636	0.01027	0.01348	0.04683	0.01192	0.00531	0.00026	0.00017	0.00011	0.00011	3.6e-05	0.00548	0.00496	5.6e-05	0.00017
13	0.00016	0.00011	0.00013	0.00015	0.00015	0.00010	9.3e-05	0.00017	0.00020	0.01047	0.01135	0.47945	0.01354	0.43590	0.03693	8e-05	9.6e-05	0.01075	8.9e-05	8.5e-05
14	0.00017	0.00012	0.00015	0.00016	0.00018	0.00012	0.00011	0.06906	0.00958	0.01559	0.10967	0.59373	0.15996	0.01339	0.00015	4.4e-05	7e-05	0.01234	0.01530	0.00011
15	0.00610	0.00024	0.00026	0.00601	0.00029	0.00633	0.00018	0.02787	0.87227	0.00623	0.03342	0.02066	0.00677	0.00016	0.00012	3.9e-05	0.00613	0.00014	0.00660	0.00018

[dist]
# distance from previous block
# <min> <max>
2	7

[block]
# block no. 7 follows, 3014 sequences, length 13
# corresponding to MSA columns:
# 381-393
name=unknown_H
#
# <colnr> <probs for GDERKNQSTAVLIFYWHMCP>
#	G	D	E	R	K	N	Q	S	T	A	V	L	I	F	Y	W	H	M	C	P
0	0.00016	0.00011	0.00015	0.00015	0.00017	0.00011	0.00011	0.00018	0.00021	0.01090	0.04003	0.33510	0.07050	0.26353	0.19456	0.02560	0.00013	0.04814	0.01006	9.1e-05
1	0.51722	0.07208	0.05630	0.01023	0.15555	0.05796	0.03025	0.00765	0.00023	0.04955	0.00684	0.00638	0.00016	0.00011	9.3e-05	3.5e-05	0.01467	0.00673	0.00780	0.00014
2	0.00015	0.00011	0.00013	0.00015	0.00016	0.00010	0.00010	0.00017	0.00022	0.00029	0.02695	0.51793	0.15569	0.21817	0.00025	0.01559	7.8e-05	0.06358	9.8e-05	8.9e-05
3	0.00671	0.37247	0.06765	0.01087	0.03100	0.03317	0.00619	0.04066	0.00623	0.01149	0.00020	0.00702	0.00017	0.0001	8.9e-05	2.4e-05	0.00643	7.3e-05	6.2e-05	0.39940
4	0.04622	0.00526	0.03609	0.01317	0.33431	0.00513	0.01693	0.01328	0.01162	0.08880	0.02352	0.00861	0.00903	0.00011	0.00010	2.8e-05	0.00501	9.4e-05	0.00622	0.37646
5	0.00706	0.35644	0.41361	0.01300	0.05624	0.03689	0.02542	0.03076	0.01109	0.03243	0.00020	0.00023	0.00016	0.00011	0.00679	3.3e-05	0.00923	8.1e-05	5.6e-05	0.00016
6	0.00026	0.05782	0.00040	0.40789	0.35972	0.03410	0.02488	0.02196	0.00695	0.00034	0.00680	0.02938	0.01234	0.00544	0.00603	3.7e-05	0.01178	0.00842	0.00532	0.00015
7	0.00014	0.00010	0.00013	0.00016	0.00017	9.6e-05	0.00011	0.00016	0.00023	0.00030	0.02646	0.83145	0.09227	0.02168	0.00016	4.7e-05	6.8e-05	0.02607	0.00011	9.4e-05
8	0.00020	0.00013	0.00018	0.00017	0.00019	0.00014	0.00013	0.04855	0.01679	0.01279	0.05044	0.09843	0.01345	0.01453	0.36750	0.34546	0.01086	0.00891	0.01108	9.1e-05
9	0.00021	0.00014	0.00017	0.00016	0.00020	0.00012	0.00012	0.00912	0.01917	0.10644	0.60155	0.00082	0.10767	0.01714	0.00014	3.8e-05	6.7e-05	0.07390	0.01044	0.05242
10	0.00031	0.00026	0.00028	0.00024	0.00031	0.00030	0.00019	0.18672	0.80888	0.00053	0.00043	0.00040	0.00032	0.00015	0.00012	3.8e-05	9.8e-05	0.00013	0.00012	0.00018
11	0.00017	0.00012	0.00015	0.00014	0.00017	0.00011	0.00011	0.00022	0.02025	0.01649	0.69425	0.01681	0.19837	0.00027	0.04047	4.3e-05	6.7e-05	0.00021	0.01147	0.00011
12	0.00018	0.00014	0.00019	0.00018	0.00020	0.01321	0.00014	0.00020	0.00018	0.00026	0.00031	0.03781	0.00031	0.22718	0.55701	0.04510	0.11710	0.00014	6.3e-05	9.6e-05

[dist]
# distance from previous block
# <min> <max>
3	12

[block]
# block no. 8 follows, 3014 sequences, length 8
# corresponding to MSA columns:
# 413-417,428-430
name=unknown_I
#
# <colnr> <probs for GDERKNQSTAVLIFYWHMCP>
#	G	D	E	R	K	N	Q	S	T	A	V	L	I	F	Y	W	H	M	C	P
0	0.00802	0.45626	0.17219	0.00932	0.06470	0.02432	0.06836	0.01010	0.05301	0.03034	0.02023	0.01059	0.01447	0.00752	0.00727	3.3e-05	0.01736	0.01188	6.2e-05	0.01397
1	0.01309	0.13065	0.70375	0.01243	0.01225	0.01179	0.01505	0.00036	0.01291	0.01635	0.05842	0.00028	0.00021	0.00012	0.00011	3.5e-05	0.00015	9.1e-05	5.7e-05	0.01192
2	0.02134	0.00022	0.00028	0.00021	0.00030	0.00021	0.00018	0.18868	0.06400	0.68104	0.02120	0.00037	0.00028	0.00014	0.00011	3.5e-05	0.00010	0.00011	0.00013	0.02104
3	0.00873	0.00711	0.07311	0.05402	0.06465	0.00017	0.01336	0.00734	0.00712	0.13104	0.02903	0.01760	0.01894	0.19958	0.31637	0.01238	0.01776	0.00761	0.00690	0.00719
4	0.04026	0.23044	0.15874	0.09508	0.05964	0.16157	0.03228	0.06363	0.01507	0.07838	0.00865	0.00984	0.00773	0.00758	0.00988	3.5e-05	0.01304	0.00792	6.7e-05	0.00015
5	0.00017	0.00014	0.00874	0.05533	0.01592	0.00867	0.00860	0.00021	0.01368	0.02444	0.05722	0.19636	0.39519	0.03696	0.07805	5.5e-05	0.06618	0.01842	0.01555	0.00011
6	0.00019	0.00010	0.00015	0.00015	0.00015	0.0001	0.00010	0.00015	0.00016	0.00022	0.04239	0.05439	0.00027	0.00039	0.00042	0.90035	9.6e-05	0.00012	5.6e-05	5.5e-05
7	0.00953	0.00026	0.08249	0.15175	0.15893	0.05507	0.04475	0.04096	0.12434	0.03546	0.04336	0.09678	0.05987	0.00017	0.00014	3.8e-05	0.06476	0.01531	0.00804	0.00800

[dist]
# distance from previous block
# <min> <max>
13	32

[block]
# block no. 9 follows, 3014 sequences, length 7
# corresponding to MSA columns:
# 475-479,485,486
name=unknown_J
#
# <colnr> <probs for GDERKNQSTAVLIFYWHMCP>
#	G	D	E	R	K	N	Q	S	T	A	V	L	I	F	Y	W	H	M	C	P
0	0.06763	0.68569	0.13396	0.00022	0.00032	0.01535	0.01454	0.01663	0.02062	0.00031	0.00018	0.00021	0.00015	0.00011	0.01454	3e-05	0.01448	7e-05	5.4e-05	0.01489
1	0.00040	0.00050	0.00032	0.00030	0.03609	0.85280	0.00022	0.03619	0.00033	0.00030	0.00025	0.00028	0.07128	0.00013	0.00011	3.1e-05	0.00019	8.8e-05	6.5e-05	0.00013
2	0.00018	0.00012	0.00014	0.00014	0.00015	0.00013	8.7e-05	0.05849	0.00019	0.00026	0.00035	0.03079	0.00039	0.76897	0.07825	0.06092	0.00013	0.00016	7.2e-05	7.9e-05
3	0.00020	0.0001	0.00015	0.00015	0.00015	0.0001	0.0001	0.00015	0.00015	0.00020	0.00020	0.00035	0.00020	0.00040	0.00045	0.99665	0.0001	0.0001	5e-05	5e-05
4	0.00992	0.17418	0.21930	0.01483	0.01543	0.01280	0.12395	0.19778	0.03563	0.10349	0.01973	0.00032	0.00022	0.01065	0.00987	3.7e-05	0.02458	0.02706	7.9e-05	0.00017
5	0.00024	0.00017	0.00020	0.00020	0.00024	0.00017	0.00016	0.05385	0.15513	0.09555	0.01861	0.06128	0.21176	0.00026	0.00015	4.4e-05	0.04245	0.35931	0.00011	0.00013
6	0.84158	0.02313	0.03412	0.02068	0.00025	0.00026	0.00015	0.02115	0.02135	0.03621	0.00018	0.00021	0.00014	0.00011	7.7e-05	3.5e-05	9.5e-05	6.8e-05	7.4e-05	0.00013

[dist]
# distance from previous block
# <min> <max>
1	3

[block]
# block no. 10 follows, 3014 sequences, length 14
# corresponding to MSA columns:
# 496-509
name=unknown_K
#
# <colnr> <probs for GDERKNQSTAVLIFYWHMCP>
#	G	D	E	R	K	N	Q	S	T	A	V	L	I	F	Y	W	H	M	C	P
0	0.99677	0.00022	0.00017	0.00015	0.00022	0.00026	0.00012	0.00034	0.00020	0.00052	0.00016	0.00019	0.00012	0.00011	7.1e-05	3.6e-05	8.9e-05	6.2e-05	7.1e-05	0.00012
1	0.00025	0.00021	0.00024	0.00017	0.00028	0.00016	0.00014	0.03940	0.00025	0.02507	0.00021	0.00024	0.00017	8.9e-05	8.7e-05	1.8e-05	8.7e-05	7.1e-05	7.2e-05	0.93277
2	0.04964	0.00014	0.00016	0.01294	0.00019	0.00015	0.00011	0.08740	0.00028	0.12710	0.00037	0.00041	0.00028	0.00014	8.9e-05	3e-05	7e-05	0.01707	0.70331	0.00013
3	0.99677	0.00022	0.00017	0.00015	0.00022	0.00026	0.00012	0.00034	0.00020	0.00052	0.00016	0.00019	0.00012	0.00011	7.1e-05	3.6e-05	8.9e-05	6.2e-05	7.1e-05	0.00012
4	0.00025	0.00021	0.00024	0.00017	0.00027	0.00016	0.00014	0.02984	0.01520	0.01895	0.00022	0.00025	0.00018	0.00010	0.01630	2.1e-05	9e-05	7.2e-05	7.2e-05	0.91726
5	0.00024	0.07492	0.00017	0.00013	0.00017	0.04060	0.00010	0.03629	0.01520	0.01291	0.00035	0.00040	0.00027	0.00013	8.3e-05	2.7e-05	6.9e-05	0.00010	0.81772	0.00012
6	0.01602	0.00029	0.00031	0.00025	0.00033	0.00032	0.00020	0.68031	0.19743	0.05576	0.00033	0.00032	0.00023	0.00014	0.00011	3.5e-05	0.00011	0.00011	0.04720	0.00019
7	0.00023	0.00059	0.99536	0.00033	0.00050	0.00027	0.00042	0.00036	0.00024	0.00036	0.00021	0.00024	0.00015	0.00011	0.00011	3.6e-05	0.00017	8.5e-05	4.9e-05	0.00017
8	0.00014	0.00011	0.00012	0.00012	0.00016	9.8e-05	9.1e-05	0.00017	0.00025	0.00031	0.02285	0.05542	0.84295	0.01334	0.00016	0.05105	6.2e-05	0.01241	0.00010	9.4e-05
9	0.00020	0.00017	0.00023	0.00021	0.00022	0.01350	0.00016	0.00023	0.02186	0.00026	0.00856	0.01454	0.01043	0.35359	0.19507	9.8e-05	0.37162	0.00889	6.3e-05	0.00010
10	0.00016	0.00012	0.00016	0.00016	0.00018	0.00013	0.00012	0.00019	0.00021	0.00029	0.11195	0.02785	0.09850	0.18502	0.53957	0.01788	0.00020	0.01715	7.7e-05	9.6e-05
11	0.00030	0.85442	0.01053	0.00020	0.00029	0.01421	0.01467	0.01834	0.00024	0.00028	0.00018	0.00022	0.00016	0.02750	0.04805	3.6e-05	0.01009	7e-05	5.2e-05	0.00014
12	0.01978	0.00021	0.00032	0.44562	0.01551	0.01295	0.08466	0.02121	0.01660	0.00031	0.00030	0.09060	0.04987	0.05411	0.00638	0.00567	0.16215	0.00753	0.00610	0.00012
13	0.74652	0.02109	0.01470	0.09759	0.01130	0.00717	0.01516	0.01176	0.01676	0.02311	0.00018	0.00683	0.00014	0.00012	0.00653	3.7e-05	0.02072	7.4e-05	7.1e-05	0.00013

[dist]
# distance from previous block
# <min> <max>
3	22

[block]
# block no. 11 follows, 3014 sequences, length 17
# corresponding to MSA columns:
# 558-566,568-575
name=unknown_L
#
# <colnr> <probs for GDERKNQSTAVLIFYWHMCP>
#	G	D	E	R	K	N	Q	S	T	A	V	L	I	F	Y	W	H	M	C	P
0	0.03003	0.60556	0.07745	0.00022	0.00481	0.04252	0.00492	0.06526	0.04089	0.01070	0.00020	0.00022	0.00448	0.00452	0.00735	2.9e-05	0.00824	7.3e-05	6.1e-05	0.09247
1	0.00866	0.00572	0.02979	0.85251	0.01408	0.00664	0.04795	0.00030	0.00571	0.00030	0.00022	0.01567	0.00017	0.00012	0.00012	3.8e-05	0.00600	0.00583	5.3e-05	0.00013
2	0.00017	0.00012	0.00016	0.00016	0.00017	0.00013	0.00011	0.00019	0.00019	0.00902	0.08608	0.01390	0.01778	0.35608	0.45689	0.03291	0.00779	0.00669	0.01136	9.1e-05
3	0.00015	0.00012	0.00014	0.00926	0.00018	0.00010	0.00721	0.00018	0.01273	0.00033	0.11556	0.27621	0.50351	0.01360	0.00015	0.00723	6.6e-05	0.05308	0.00011	9.9e-05
4	0.00023	0.00059	0.99536	0.00033	0.00050	0.00027	0.00042	0.00036	0.00024	0.00036	0.00021	0.00024	0.00015	0.00011	0.00011	3.6e-05	0.00017	8.5e-05	4.9e-05	0.00017
5	0.00014	0.00012	0.00012	0.00012	0.00015	0.00010	8.9e-05	0.00017	0.00025	0.00031	0.10814	0.04932	0.70220	0.12223	0.01597	5e-05	6.9e-05	0.00023	0.00010	9.5e-05
6	0.00020	0.00010	0.00015	0.00015	0.00015	0.00010	0.00010	0.00015	0.00015	0.00021	0.00022	0.02094	0.00022	0.00043	0.06160	0.91481	0.00011	0.00011	5.2e-05	5.4e-05
7	0.00042	0.06398	0.00034	0.00029	0.00035	0.93209	0.00022	0.00045	0.00032	0.00028	0.00018	0.00021	0.00015	0.00012	0.00010	2.9e-05	0.00020	7.3e-05	5.9e-05	0.00013
8	0.00017	0.00826	0.00016	0.00017	0.00019	0.09825	0.00012	0.00020	0.00024	0.00030	0.02278	0.68526	0.12092	0.00032	0.00014	4.4e-05	0.01557	0.03050	0.01631	0.0001
9	0.00016	0.00012	0.00015	0.00014	0.00017	0.00011	0.00011	0.00022	0.00033	0.00046	0.99518	0.00086	0.00109	0.00024	0.00014	3.6e-05	5.4e-05	0.00021	0.00013	0.00011
10	0.00017	0.00011	0.00013	0.00013	0.00013	0.00011	7.2e-05	0.00017	0.00017	0.00023	0.00038	0.05116	0.00044	0.94553	0.00056	0.00011	0.00011	0.00018	7.2e-05	7.1e-05
11	0.00024	0.01979	0.08495	0.00023	0.00029	0.00021	0.01197	0.16045	0.13377	0.00042	0.00052	0.00088	0.04891	0.00024	0.00014	4.5e-05	0.00011	0.53659	0.00010	0.00014
12	0.00028	0.00035	0.09782	0.00045	0.00057	0.06371	0.80628	0.00038	0.02830	0.00037	0.00023	0.00030	0.00017	0.00010	0.00013	3.8e-05	0.00019	0.00013	5.9e-05	0.00016
13	0.00018	0.01187	0.03956	0.00017	0.00629	0.02709	0.00012	0.00705	0.00019	0.00025	0.00033	0.01289	0.00034	0.48831	0.38192	0.01521	0.00792	0.00014	6.5e-05	9.1e-05
14	0.00034	0.16415	0.21946	0.00586	0.00037	0.46818	0.02976	0.00955	0.00450	0.00446	0.01698	0.02183	0.00779	0.01182	0.01503	3.5e-05	0.00773	0.01195	5.9e-05	0.00014
15	0.01966	0.00022	0.00944	0.48339	0.06392	0.02415	0.10372	0.01007	0.00403	0.05302	0.06444	0.04041	0.01955	0.00015	0.00602	4e-05	0.08118	0.00987	0.00660	0.00014
16	0.07857	0.36108	0.02022	0.00704	0.07491	0.06718	0.08050	0.07169	0.05984	0.01883	0.03288	0.04723	0.01832	0.01425	0.00377	3.4e-05	0.01738	0.02605	7.2e-05	0.00015

[dist]
# distance from previous block
# <min> <max>
2	43

[block]
# block no. 12 follows, 3014 sequences, length 42
# corresponding to MSA columns:
# 628-641,643-653,664-680
name=unknown_M
#
# <colnr> <probs for GDERKNQSTAVLIFYWHMCP>
#	G	D	E	R	K	N	Q	S	T	A	V	L	I	F	Y	W	H	M	C	P
0	0.11702	0.00564	0.18164	0.01267	0.06530	0.04636	0.01970	0.07617	0.21519	0.01750	0.07355	0.03927	0.03439	0.00555	0.00013	3.7e-05	0.05400	0.00368	0.00241	0.02980
1	0.00859	0.07092	0.18593	0.03984	0.06287	0.02099	0.00199	0.01894	0.00866	0.02232	0.00230	0.03313	0.00736	0.00011	9.7e-05	2.6e-05	0.00171	0.00188	6.6e-05	0.51228
2	0.00014	0.00010	0.00014	0.00017	0.00017	9.7e-05	0.01473	0.00016	0.00022	0.00030	0.00063	0.96195	0.00956	0.00036	0.00015	4.7e-05	6.9e-05	0.01081	0.00011	9.4e-05
3	0.00270	0.02904	0.06933	0.00593	0.04645	0.00210	0.01950	0.01964	0.00516	0.07079	0.00793	0.00228	0.00487	9.8e-05	9.4e-05	2.2e-05	0.00525	0.00179	7.2e-05	0.70695
4	0.00032	0.00278	0.00831	0.10388	0.33140	0.09550	0.07023	0.04690	0.01807	0.12506	0.00530	0.00034	0.00021	0.00410	0.00426	3.9e-05	0.14135	0.03981	0.00198	0.00016
5	0.00227	0.00024	0.00036	0.06132	0.35269	0.00909	0.07238	0.00033	0.02245	0.00239	0.00022	0.00667	0.00018	0.00010	0.00226	2.8e-05	0.01695	0.00538	0.00464	0.44005
6	0.01637	0.00039	0.00031	0.00026	0.00033	0.44752	0.00021	0.36161	0.00039	0.01524	0.04678	0.00029	0.00023	0.00014	0.00012	3.3e-05	0.04827	0.01505	0.04630	0.00015
7	0.00014	0.00012	0.00013	0.00012	0.00016	0.0001	9.3e-05	0.00018	0.00028	0.00035	0.23484	0.01171	0.75083	0.00028	0.00014	3.8e-05	5.7e-05	0.00024	0.00011	0.0001
8	0.00031	0.99603	0.00060	0.00020	0.00030	0.00046	0.00020	0.00034	0.00023	0.00027	0.00016	0.00018	0.00015	9.8e-05	7.4e-05	2.5e-05	0.00012	6.1e-05	4.9e-05	0.00015
9	0.00029	0.00025	0.00026	0.00023	0.00030	0.01525	0.00018	0.00061	0.98008	0.00048	0.00046	0.00043	0.00035	0.00016	0.00012	3.9e-05	9.3e-05	0.00013	0.00012	0.00018
10	0.99677	0.00022	0.00017	0.00015	0.00022	0.00026	0.00012	0.00034	0.00020	0.00052	0.00016	0.00019	0.00012	0.00011	7.1e-05	3.6e-05	8.9e-05	6.2e-05	7.1e-05	0.00012
11	0.00496	0.00014	0.00019	0.00021	0.00024	0.00013	0.00018	0.00807	0.00027	0.10019	0.00059	0.09219	0.00433	0.00030	0.00015	5e-05	0.00010	0.77925	0.00836	0.00011
12	0.97923	0.00022	0.00017	0.00015	0.00022	0.00026	0.00013	0.01785	0.00020	0.00052	0.00016	0.00019	0.00013	0.00011	7.2e-05	3.6e-05	9e-05	6.3e-05	7.2e-05	0.00013
13	0.00014	0.00010	0.00013	0.00016	0.00016	9.6e-05	0.00010	0.00016	0.00022	0.00029	0.01976	0.83831	0.03386	0.09688	0.00019	5.3e-05	7.1e-05	0.00913	0.00010	9.2e-05
14	0.01692	0.00059	0.97014	0.00032	0.00049	0.00883	0.00042	0.00036	0.00024	0.00037	0.00021	0.00024	0.00015	0.00011	0.00011	3.6e-05	0.00017	8.5e-05	4.9e-05	0.00017
15	0.00022	0.00020	0.00034	0.99568	0.00079	0.00026	0.00032	0.00029	0.00023	0.00029	0.00020	0.00031	0.00015	0.00011	0.00011	3.8e-05	0.00015	0.00010	5.1e-05	0.00013
16	0.00015	0.00011	0.00014	0.00015	0.00018	0.00010	0.00011	0.00019	0.00527	0.00458	0.16156	0.35362	0.29454	0.02130	0.00015	4.5e-05	7e-05	0.15752	0.00011	9.9e-05
17	0.02256	0.00020	0.00026	0.00020	0.00028	0.00019	0.02480	0.08471	0.07628	0.59096	0.12358	0.01758	0.00581	0.00016	0.00306	3.6e-05	9.4e-05	0.00013	0.04893	0.00017
18	0.00850	0.00020	0.00026	0.04349	0.00031	0.00193	0.03496	0.14286	0.04769	0.45394	0.03016	0.01384	0.02097	0.02341	0.03123	4.3e-05	0.00011	0.08836	0.05468	0.00304
19	0.00017	0.00012	0.00015	0.00014	0.00018	0.00011	0.00011	0.00446	0.00879	0.04473	0.46313	0.14406	0.30160	0.00027	0.00345	3.9e-05	6.2e-05	0.02820	0.00012	0.00011
20	0.00017	0.00012	0.00017	0.00299	0.04845	0.00012	0.00314	0.01314	0.00444	0.00582	0.09371	0.53121	0.06198	0.01469	0.00015	4.6e-05	0.00263	0.19854	0.01839	0.00010
21	0.00027	0.00033	0.07246	0.00047	0.00059	0.00029	0.90633	0.00037	0.00027	0.00644	0.00024	0.00032	0.00018	0.00010	0.00013	3.9e-05	0.00019	0.01078	5.8e-05	0.00016
22	0.54902	0.12533	0.02354	0.00429	0.02545	0.09425	0.01687	0.00664	0.00022	0.00333	0.00017	0.00021	0.00014	0.00012	0.00223	0.00261	0.14250	7.2e-05	0.00290	0.00013
23	0.01339	0.00018	0.00759	0.00530	0.25493	0.00017	0.00770	0.00546	0.03009	0.08457	0.57664	0.00063	0.00274	0.00019	0.00013	3.6e-05	0.00439	0.00254	0.00319	0.00014
24	0.01390	0.15465	0.05976	0.03599	0.05562	0.10742	0.04217	0.03234	0.06641	0.02242	0.00196	0.03533	0.00254	0.03941	0.00520	0.00813	0.21267	0.00010	6.5e-05	0.10390
25	0.00561	0.07157	0.00036	0.01780	0.00037	0.27850	0.00022	0.45368	0.16017	0.01008	0.00029	0.00030	0.00022	0.00015	0.00012	3.7e-05	0.00015	0.00010	0.00010	0.00018
26	0.00035	0.00677	0.01694	0.00025	0.00031	0.67151	0.00020	0.01912	0.00958	0.00031	0.06085	0.04775	0.09621	0.01224	0.00012	3.4e-05	0.00017	0.05428	7.4e-05	0.00293
27	0.00017	0.00012	0.00016	0.00016	0.00017	0.00013	0.00012	0.00019	0.00018	0.00025	0.00033	0.00056	0.00033	0.36458	0.60253	0.01281	0.00023	0.00014	0.01675	9e-05
28	0.00726	0.40631	0.54245	0.00265	0.00362	0.00505	0.00509	0.00494	0.00595	0.00772	0.00019	0.00266	0.00015	0.00011	9.6e-05	3.2e-05	0.00543	7.7e-05	5.1e-05	0.00016
29	0.01848	0.00020	0.00021	0.00019	0.00025	0.00022	0.00015	0.06557	0.51522	0.00044	0.07507	0.00790	0.30884	0.00020	0.00012	3.8e-05	8e-05	0.00017	0.00651	0.00015
30	0.01243	0.91321	0.00644	0.00020	0.00753	0.00494	0.00020	0.04575	0.00790	0.00030	0.00017	0.00019	0.00015	0.00010	7.7e-05	2.5e-05	0.00012	6.4e-05	5.3e-05	0.00015
31	0.00384	0.00204	0.03828	0.00018	0.00021	0.00439	0.02972	0.00532	0.12462	0.00526	0.10125	0.59960	0.07378	0.00292	0.00014	4.3e-05	0.00266	0.00287	0.00011	0.00277
32	0.00017	0.00012	0.00014	0.00014	0.00015	0.01101	8.9e-05	0.01184	0.00538	0.00028	0.10545	0.09282	0.09439	0.61628	0.00042	0.00818	9.7e-05	0.04965	0.00331	8.3e-05
33	0.00686	0.00580	0.00665	0.19270	0.13033	0.00306	0.21358	0.00768	0.05838	0.05447	0.02144	0.05274	0.01361	0.06977	0.03062	0.01670	0.00405	0.10605	0.00539	0.00014
34	0.02044	0.03000	0.01950	0.01123	0.02454	0.06237	0.00612	0.05279	0.06430	0.13399	0.00667	0.00187	0.00416	0.00012	0.00836	2.7e-05	0.03047	0.00448	0.00626	0.51230
35	0.00015	0.00011	0.00013	0.00015	0.00017	0.00010	0.00010	0.00018	0.02760	0.00032	0.10733	0.46368	0.35346	0.01609	0.00015	4.4e-05	6.5e-05	0.02996	0.00011	9.9e-05
36	0.00015	0.00012	0.00013	0.02481	0.00018	0.00011	0.00010	0.00018	0.01350	0.00031	0.03329	0.14108	0.68752	0.03145	0.00015	4.3e-05	6.7e-05	0.06661	0.00010	9.9e-05
37	0.03063	0.13732	0.16034	0.09139	0.19465	0.06560	0.06702	0.02273	0.02133	0.12754	0.00266	0.00551	0.00216	0.00313	0.00165	3.6e-05	0.06256	0.00206	0.00153	0.00016
38	0.00700	0.00331	0.16223	0.06156	0.17532	0.00703	0.02211	0.03606	0.05082	0.31293	0.02305	0.04929	0.00174	0.01897	0.03300	0.00176	0.03058	0.00299	9.2e-05	0.00017
39	0.03483	0.00018	0.00349	0.00018	0.00024	0.00017	0.00529	0.08260	0.12022	0.27059	0.23930	0.00933	0.21882	0.00275	0.00013	3.7e-05	8e-05	0.00886	0.00275	0.00015
40	0.03425	0.00033	0.30116	0.00387	0.00902	0.00023	0.04816	0.10821	0.02685	0.33536	0.01759	0.01187	0.00639	0.00014	0.00011	3.6e-05	0.00821	0.02183	0.06621	0.00017
41	0.01462	0.06908	0.37203	0.09386	0.16662	0.04664	0.06805	0.05253	0.02797	0.05774	0.00375	0.00430	0.00225	0.00012	0.00221	3.6e-05	0.01402	0.00227	0.00174	0.00016

[dist]
# distance from previous block
# <min> <max>
7	68

[block]
# block no. 13 follows, 3014 sequences, length 45
# corresponding to MSA columns:
# 773-794,797-819
name=unknown_N
#
# <colnr> <probs for GDERKNQSTAVLIFYWHMCP>
#	G	D	E	R	K	N	Q	S	T	A	V	L	I	F	Y	W	H	M	C	P
0	0.03241	0.49825	0.02538	0.01987	0.08183	0.13156	0.05683	0.05160	0.01368	0.02280	0.00987	0.01220	0.02083	0.00166	9.6e-05	3e-05	0.00909	0.00198	6.2e-05	0.00999
1	0.00927	0.00298	0.01874	0.03160	0.05384	0.01920	0.00856	0.02224	0.09468	0.09105	0.31535	0.01581	0.14421	0.02812	0.00450	3.9e-05	8.7e-05	0.05293	0.00011	0.08669
2	0.01044	0.00027	0.00032	0.08736	0.00839	0.00439	0.00790	0.58520	0.00400	0.23803	0.00426	0.00381	0.00022	0.00249	0.00012	3.5e-05	0.01435	0.00294	0.00369	0.02178
3	0.00016	0.00012	0.00016	0.00313	0.00018	0.00012	0.00429	0.00286	0.00425	0.00311	0.03504	0.42590	0.07716	0.22654	0.06045	6.9e-05	0.05853	0.09775	9.3e-05	9.4e-05
4	0.00024	0.00023	0.00038	0.65764	0.30940	0.00348	0.00758	0.00031	0.00024	0.00332	0.00021	0.00030	0.00016	0.00012	0.00466	3.8e-05	0.00834	0.00010	0.00310	0.00014
5	0.00016	0.00012	0.00015	0.00014	0.00017	0.00011	0.00395	0.00021	0.00032	0.01349	0.83419	0.01255	0.12726	0.00024	0.00014	3.7e-05	5.6e-05	0.00647	0.00012	0.00011
6	0.00014	0.00012	0.00013	0.00013	0.00016	0.0001	9.4e-05	0.00018	0.00027	0.00034	0.20282	0.03441	0.74040	0.00028	0.00014	3.9e-05	5.8e-05	0.01455	0.00555	9.9e-05
7	0.05761	0.00020	0.00026	0.00021	0.00029	0.00019	0.00017	0.03737	0.09515	0.78207	0.01998	0.00039	0.00030	0.00014	0.00011	3.6e-05	9.7e-05	0.00511	0.00013	0.00019
8	0.00031	0.98237	0.01426	0.00020	0.00030	0.00045	0.00020	0.00034	0.00023	0.00027	0.00016	0.00019	0.00015	9.9e-05	7.4e-05	2.5e-05	0.00012	6.2e-05	4.9e-05	0.00015
9	0.00025	0.00025	0.00035	0.00030	0.00030	0.00035	0.00025	0.00028	0.00018	0.00028	0.00015	0.00025	0.00015	0.00020	0.00038	5e-05	0.99575	0.00010	5e-05	0.00013
10	0.00590	0.00015	0.00018	0.00016	0.00021	0.00014	0.00012	0.09701	0.01966	0.16565	0.15348	0.12052	0.40849	0.00263	0.00013	3.9e-05	7.4e-05	0.01738	0.00795	0.00013
11	0.00022	0.00021	0.00035	0.96732	0.02914	0.00026	0.00032	0.00030	0.00023	0.00030	0.00020	0.00031	0.00015	0.00011	0.00011	3.8e-05	0.00015	0.00010	5.1e-05	0.00013
12	0.00902	0.00025	0.00029	0.00023	0.00032	0.00026	0.00019	0.40118	0.12195	0.44932	0.00385	0.00035	0.00026	0.00014	0.00012	3.6e-05	0.00011	0.00500	0.00693	0.00019
13	0.02384	0.00016	0.00019	0.00017	0.00021	0.00016	0.00013	0.11597	0.08533	0.12253	0.26766	0.05392	0.11518	0.00020	0.00012	3.6e-05	7.5e-05	0.03071	0.18327	0.00013
14	0.01324	0.00446	0.00420	0.00021	0.00028	0.00254	0.00017	0.22009	0.23572	0.31172	0.10859	0.06425	0.00672	0.00017	0.00206	3.7e-05	9.6e-05	0.00838	0.01689	0.00017
15	0.00018	0.00012	0.00015	0.00015	0.00015	0.00399	0.00900	0.00019	0.00018	0.00308	0.01105	0.00888	0.00916	0.78130	0.01044	9.9e-05	0.04627	0.11546	7.4e-05	7.9e-05
16	0.00438	0.00013	0.00017	0.00018	0.00021	0.00013	0.00014	0.04490	0.00820	0.15555	0.00844	0.55740	0.03271	0.00030	0.00014	4.5e-05	8.1e-05	0.18192	0.00485	0.00012
17	0.00015	0.00012	0.00013	0.00013	0.00017	0.00354	9.7e-05	0.00019	0.00470	0.02022	0.14158	0.08709	0.71118	0.00029	0.00014	3.9e-05	6.1e-05	0.02999	0.00011	0.00010
18	0.17498	0.00022	0.00260	0.00021	0.00308	0.01431	0.00471	0.18538	0.03898	0.45827	0.05447	0.00320	0.00304	0.00589	0.00409	3.7e-05	0.00782	0.00945	0.02421	0.00507
19	0.00609	0.90930	0.03125	0.00022	0.00032	0.00044	0.05042	0.00035	0.00024	0.00028	0.00016	0.00019	0.00015	9.9e-05	7.8e-05	2.6e-05	0.00013	6.6e-05	5e-05	0.00015
20	0.95028	0.00563	0.01049	0.00277	0.00023	0.00341	0.00867	0.00467	0.00923	0.00051	0.00016	0.00019	0.00013	0.00011	7.4e-05	3.6e-05	0.00314	6.4e-05	7.1e-05	0.00013
21	0.00677	0.00014	0.00020	0.00017	0.00022	0.00013	0.07176	0.00026	0.01141	0.11627	0.59415	0.00925	0.18536	0.00022	0.00013	3.7e-05	7.1e-05	0.00321	0.00012	0.00012
22	0.00198	0.00015	0.00019	0.06710	0.00309	0.03015	0.02359	0.02424	0.07971	0.00663	0.04692	0.47801	0.09899	0.01203	0.00500	4.5e-05	0.02633	0.09564	0.00010	0.00011
23	0.00025	0.00020	0.00023	0.00017	0.00026	0.00015	0.00013	0.00362	0.00923	0.05209	0.00359	0.00372	0.00020	0.05746	0.00012	2.4e-05	8.7e-05	7.8e-05	7.3e-05	0.86831
24	0.20994	0.02069	0.01427	0.00024	0.00033	0.02834	0.00305	0.65765	0.01482	0.04614	0.00026	0.00334	0.00019	0.00013	0.00010	3.5e-05	0.00012	9.5e-05	0.00010	0.00018
25	0.00042	0.00052	0.00033	0.01205	0.05078	0.91197	0.00023	0.01414	0.00411	0.00417	0.00018	0.00021	0.00015	0.00012	0.00010	3e-05	0.00020	7.7e-05	6e-05	0.00014
26	0.00576	0.04439	0.72444	0.00030	0.00044	0.02677	0.00874	0.01227	0.04243	0.04476	0.04820	0.02184	0.01158	0.00013	0.00238	3.6e-05	0.00015	0.00517	6.3e-05	0.00016
27	0.85781	0.02039	0.00472	0.00858	0.05364	0.02229	0.00777	0.00332	0.00260	0.01781	0.00017	0.00020	0.00013	0.00011	7.6e-05	3.5e-05	9.7e-05	6.7e-05	7.1e-05	0.00013
28	0.00313	0.00021	0.00034	0.89378	0.00744	0.00025	0.00531	0.00362	0.00557	0.07086	0.00022	0.00031	0.00016	0.00012	0.00012	3.8e-05	0.00439	0.00010	5.8e-05	0.00396
29	0.92066	0.00322	0.01532	0.00016	0.00023	0.00846	0.00547	0.02216	0.00021	0.01497	0.00017	0.00019	0.00013	0.00011	7.4e-05	3.5e-05	9.3e-05	6.5e-05	7.3e-05	0.00819
30	0.00017	0.00013	0.00019	0.00019	0.00021	0.00500	0.00014	0.00577	0.00019	0.00027	0.00031	0.00045	0.00029	0.00742	0.97346	0.00018	0.00535	0.00012	6.2e-05	0.00010
31	0.00016	0.00012	0.00694	0.00014	0.00017	0.00011	0.00011	0.00022	0.00625	0.00045	0.90482	0.00087	0.07872	0.00024	0.00014	3.6e-05	5.6e-05	0.00021	0.00012	0.00011
32	0.00014	0.00011	0.00014	0.00016	0.00017	0.00377	0.00954	0.00017	0.00023	0.00030	0.00832	0.84760	0.10338	0.00678	0.00015	4.6e-05	6.8e-05	0.01213	0.00671	9.5e-05
33	0.00022	0.00021	0.00035	0.98103	0.01543	0.00026	0.00032	0.00029	0.00023	0.00030	0.00020	0.00031	0.00015	0.00011	0.00011	3.8e-05	0.00015	0.00010	5.1e-05	0.00013
