[name]
unknown

[dist]
# distance from previous block
# <min> <max>
0	103

[block]
# block no. 0 follows, 2732 sequences, length 28
# corresponding to MSA columns:
# 1438-1445,1447-1454,1462-1473
name=unknown_A
#
# <colnr> <probs for GDERKNQSTAVLIFYWHMCP>
#	G	D	E	R	K	N	Q	S	T	A	V	L	I	F	Y	W	H	M	C	P
0	0.00018	0.00014	0.00016	0.00015	0.00019	0.00012	0.00012	0.00022	0.00033	0.00782	0.42842	0.00912	0.54434	0.00030	0.00016	4.5e-05	6.9e-05	0.00784	0.00013	0.00012
1	0.00018	0.00013	0.00016	0.00018	0.00020	0.00012	0.00012	0.00021	0.00029	0.00768	0.22631	0.63764	0.10502	0.00982	0.00017	5.1e-05	7.6e-05	0.01141	0.00013	0.00012
2	0.00035	0.96860	0.00066	0.00023	0.00034	0.01524	0.00022	0.00039	0.00027	0.00031	0.00019	0.00023	0.00018	0.01220	9.6e-05	3.1e-05	0.00014	7.5e-05	6e-05	0.00017
3	0.00019	0.00013	0.00015	0.00015	0.00015	0.01670	8.7e-05	0.00019	0.00019	0.00025	0.00039	0.00079	0.00044	0.88224	0.08829	0.00013	0.00014	0.00018	0.00913	8.2e-05
4	0.97841	0.00025	0.00019	0.00017	0.00025	0.00029	0.00014	0.01837	0.00022	0.00057	0.00018	0.00021	0.00014	0.00012	7.9e-05	3.9e-05	9.9e-05	6.9e-05	7.9e-05	0.00014
5	0.18475	0.00031	0.00033	0.00026	0.00036	0.00034	0.00021	0.65666	0.00049	0.15459	0.00031	0.00031	0.00022	0.00015	0.00012	3.8e-05	0.00013	0.00011	0.00012	0.00020
6	0.00030	0.00034	0.00075	0.00053	0.00066	0.00032	0.99429	0.00041	0.00030	0.00041	0.00026	0.00034	0.00019	0.00011	0.00015	4.3e-05	0.00021	0.00015	6.4e-05	0.00017
7	0.00019	0.00014	0.00020	0.00020	0.00022	0.00016	0.00015	0.00025	0.04044	0.00033	0.14717	0.00848	0.00046	0.02206	0.77875	0.00017	0.00028	0.00015	8.2e-05	0.00012
8	0.00042	0.00036	0.00032	0.00028	0.00797	0.27744	0.00022	0.11780	0.41387	0.17936	0.00040	0.00038	0.00029	0.00015	0.00012	3.9e-05	0.00014	0.00012	0.00012	0.00019
9	0.00030	0.00036	0.05724	0.00720	0.01544	0.00032	0.89934	0.00040	0.00030	0.00040	0.00026	0.00608	0.00019	0.00011	0.00015	4.3e-05	0.00622	0.00015	6.4e-05	0.00544
10	0.00016	0.00011	0.00015	0.00018	0.00019	0.00011	0.00012	0.00019	0.01821	0.00033	0.00070	0.97748	0.00083	0.00039	0.00016	5.1e-05	7.4e-05	0.00036	0.00012	0.00010
11	0.00015	0.00013	0.00013	0.00013	0.00017	0.00011	9.8e-05	0.00018	0.00029	0.00035	0.05126	0.03847	0.90745	0.00032	0.00015	4.3e-05	6.4e-05	0.00027	0.00012	0.00011
12	0.03659	0.00022	0.00029	0.00023	0.00032	0.00020	0.00019	0.02395	0.08774	0.82228	0.01967	0.00043	0.00033	0.00016	0.00013	3.9e-05	0.00011	0.00013	0.00680	0.00021
13	0.00024	0.00023	0.00038	0.99524	0.00087	0.00028	0.00035	0.00032	0.00025	0.00032	0.00023	0.00034	0.00017	0.00013	0.00013	4.2e-05	0.00017	0.00011	5.6e-05	0.00014
14	0.00024	0.00023	0.00038	0.96507	0.00086	0.00028	0.00035	0.00764	0.00829	0.00759	0.00023	0.00034	0.00017	0.00013	0.00013	4.2e-05	0.00017	0.00011	0.00762	0.00014
15	0.00017	0.00013	0.00016	0.00015	0.00019	0.00012	0.00011	0.00023	0.01197	0.00045	0.65427	0.05561	0.27542	0.00028	0.00015	4.1e-05	6.2e-05	0.00025	0.00013	0.00012
16	0.00024	0.00023	0.00038	0.99524	0.00087	0.00028	0.00035	0.00032	0.00025	0.00032	0.00023	0.00034	0.00017	0.00013	0.00013	4.2e-05	0.00017	0.00011	5.6e-05	0.00014
17	0.00027	0.08072	0.88476	0.00035	0.00053	0.00642	0.00654	0.00040	0.00679	0.01176	0.00023	0.00027	0.00016	0.00012	0.00012	3.9e-05	0.00018	9.3e-05	5.5e-05	0.00019
18	0.00600	0.00528	0.01462	0.00020	0.00275	0.06121	0.00988	0.01877	0.05413	0.26120	0.00802	0.23546	0.12534	0.08435	0.00018	5e-05	0.00541	0.03757	0.06642	0.00315
19	0.49169	0.02673	0.02472	0.04109	0.03040	0.22054	0.03342	0.02342	0.00026	0.00448	0.00019	0.00024	0.00016	0.00648	0.00013	4e-05	0.09572	8.4e-05	7.2e-05	0.00015
20	0.00018	0.00014	0.00404	0.00016	0.00020	0.00013	0.00012	0.00025	0.03361	0.00582	0.81931	0.00914	0.09543	0.00027	0.01672	4.3e-05	0.00382	0.00636	0.00413	0.00012
21	0.00018	0.00013	0.00019	0.00019	0.00021	0.00015	0.00014	0.00022	0.00020	0.00029	0.00035	0.01077	0.00035	0.17497	0.80148	0.00019	0.00965	0.00015	7e-05	0.00011
22	0.00036	0.00023	0.00024	0.00020	0.00027	0.00025	0.00016	0.46034	0.01005	0.01526	0.00037	0.00039	0.00027	0.00015	0.00011	3.4e-05	9.7e-05	0.00012	0.51093	0.00017
23	0.00025	0.00634	0.93413	0.00450	0.00656	0.00029	0.01701	0.00040	0.00027	0.00040	0.00929	0.00994	0.00540	0.00013	0.00012	4e-05	0.00018	0.00450	5.6e-05	0.00018
24	0.00016	0.00012	0.00015	0.00016	0.00018	0.00011	0.00011	0.00020	0.00029	0.00037	0.22093	0.34553	0.39344	0.00033	0.00015	4.6e-05	6.8e-05	0.03741	0.00012	0.00011
25	0.00022	0.00018	0.00387	0.03564	0.06627	0.00020	0.00707	0.00356	0.00349	0.00964	0.21088	0.15687	0.08995	0.01388	0.06792	0.09263	0.20575	0.03177	9.4e-05	0.00012
26	0.02194	0.01791	0.00030	0.00938	0.00033	0.00840	0.00361	0.18009	0.00427	0.14071	0.00394	0.00030	0.00021	0.00012	0.00011	2.7e-05	0.00644	9.1e-05	9.6e-05	0.60173
27	0.00979	0.00020	0.00025	0.00576	0.00025	0.03935	0.00335	0.04461	0.00022	0.01215	0.00029	0.00045	0.00027	0.13955	0.31255	0.11081	0.24886	0.00013	0.06183	0.00934

[dist]
# distance from previous block
# <min> <max>
9	16

[block]
# block no. 1 follows, 2732 sequences, length 14
# corresponding to MSA columns:
# 1523-1536
name=unknown_B
#
# <colnr> <probs for GDERKNQSTAVLIFYWHMCP>
#	G	D	E	R	K	N	Q	S	T	A	V	L	I	F	Y	W	H	M	C	P
0	0.00551	0.01338	0.00619	0.04793	0.54636	0.05784	0.04297	0.05969	0.01900	0.06893	0.04383	0.01523	0.04555	0.00014	0.00013	3.9e-05	0.00671	0.00516	0.01522	0.00018
1	0.70069	0.00024	0.00022	0.00018	0.00027	0.00026	0.00015	0.00045	0.00026	0.29585	0.00027	0.00027	0.00019	0.00013	9.3e-05	3.9e-05	0.00010	8.6e-05	0.00010	0.00016
2	0.00016	0.00013	0.00014	0.00014	0.00018	0.00011	0.00010	0.00020	0.00030	0.00039	0.27573	0.04287	0.63928	0.02474	0.00016	4.5e-05	6.6e-05	0.01502	0.00012	0.00011
3	0.00015	0.00013	0.00013	0.00013	0.00017	0.00011	0.0001	0.00019	0.00030	0.00036	0.12404	0.02533	0.84778	0.00032	0.00015	4.3e-05	6.4e-05	0.00027	0.00012	0.00011
4	0.00016	0.00011	0.00015	0.00017	0.00018	0.00011	0.00011	0.00018	0.00023	0.00031	0.00065	0.75932	0.01873	0.20037	0.00026	6.6e-05	8.4e-05	0.01861	0.00011	9.8e-05
5	0.02173	0.00033	0.00036	0.00028	0.00038	0.00037	0.00023	0.78083	0.11831	0.07536	0.00034	0.00033	0.00024	0.00015	0.00013	3.9e-05	0.00013	0.00012	0.00013	0.00021
6	0.99644	0.00025	0.00019	0.00017	0.00025	0.00028	0.00014	0.00037	0.00022	0.00057	0.00018	0.00021	0.00014	0.00012	7.8e-05	3.9e-05	9.8e-05	6.9e-05	7.8e-05	0.00014
7	0.74645	0.00027	0.00023	0.00020	0.00028	0.00031	0.00016	0.22555	0.00031	0.02496	0.00021	0.00023	0.00016	0.00013	9.1e-05	3.9e-05	0.00011	8e-05	9.1e-05	0.00016
8	0.01480	0.00023	0.00028	0.00020	0.00031	0.00019	0.01520	0.00033	0.01568	0.00041	0.00023	0.00027	0.00019	0.00010	0.00011	2.2e-05	0.04937	7.9e-05	7.5e-05	0.90194
9	0.00916	0.06850	0.21697	0.00601	0.01100	0.18308	0.01220	0.12880	0.00034	0.24831	0.00522	0.00035	0.00024	0.03878	0.02883	0.00464	0.01341	0.01113	0.01285	0.00018
10	0.02028	0.00035	0.00037	0.00029	0.00038	0.00038	0.00024	0.91587	0.04108	0.00078	0.01852	0.00032	0.00024	0.00015	0.00013	3.8e-05	0.00014	0.00012	0.00013	0.00021
11	0.00021	0.00015	0.00019	0.00017	0.00021	0.00015	0.00013	0.01073	0.10426	0.03753	0.79437	0.00086	0.01117	0.00024	0.00015	4e-05	6.8e-05	0.01168	0.01805	0.00963
12	0.01923	0.00020	0.00440	0.06855	0.00492	0.03141	0.00019	0.00733	0.22079	0.01365	0.01434	0.03271	0.01613	0.01595	0.42792	0.00438	0.06209	0.02442	0.00482	0.02656
13	0.06501	0.21551	0.30130	0.03163	0.00910	0.01501	0.03592	0.02837	0.01161	0.18572	0.02627	0.03399	0.00551	0.00493	0.00708	0.00797	0.00919	0.00562	8.4e-05	0.00017

[dist]
# distance from previous block
# <min> <max>
10	13

[block]
# block no. 2 follows, 2732 sequences, length 20
# corresponding to MSA columns:
# 1557-1576
name=unknown_C
#
# <colnr> <probs for GDERKNQSTAVLIFYWHMCP>
#	G	D	E	R	K	N	Q	S	T	A	V	L	I	F	Y	W	H	M	C	P
0	0.00528	0.20403	0.34878	0.08981	0.07036	0.07133	0.03649	0.01638	0.07490	0.02523	0.01407	0.00342	0.01584	0.00013	0.00012	0.00436	0.01054	0.00543	0.00332	0.00017
1	0.16669	0.00627	0.00463	0.00677	0.01053	0.00330	0.00656	0.06289	0.03924	0.14805	0.00454	0.46323	0.01871	0.00401	0.00786	0.00586	0.00787	0.02963	0.00323	0.00014
2	0.69688	0.05043	0.01052	0.01664	0.13654	0.03769	0.01501	0.00512	0.00558	0.00741	0.00479	0.00024	0.00505	0.00012	9.3e-05	3.8e-05	0.00756	8e-05	7.5e-05	0.00015
3	0.00018	0.00013	0.00017	0.00717	0.02975	0.00012	0.00012	0.00022	0.00635	0.00645	0.42053	0.11907	0.31319	0.01165	0.04806	0.00496	8.2e-05	0.01702	0.01466	0.00012
4	0.00027	0.00023	0.00026	0.00019	0.00030	0.00017	0.00015	0.00033	0.00027	0.02603	0.00023	0.00027	0.00019	9.6e-05	9.5e-05	1.9e-05	9.4e-05	7.6e-05	7.7e-05	0.97066
5	0.00018	0.00013	0.00016	0.00016	0.00019	0.00012	0.00012	0.00024	0.03864	0.00998	0.52342	0.11321	0.26642	0.00029	0.00015	4.3e-05	6.7e-05	0.04622	0.00013	0.00012
6	0.00016	0.00011	0.00015	0.00017	0.00018	0.00011	0.00011	0.00018	0.00023	0.00031	0.00065	0.77018	0.01370	0.18696	0.00025	6.5e-05	8.4e-05	0.02619	0.00011	9.8e-05
7	0.90479	0.00024	0.00019	0.00017	0.00025	0.00027	0.00014	0.00039	0.00023	0.07491	0.00020	0.00023	0.00015	0.00012	8.2e-05	3.9e-05	9.8e-05	7.4e-05	0.01727	0.00014
8	0.00016	0.00013	0.00014	0.00014	0.00018	0.00011	0.00011	0.00020	0.00030	0.00038	0.25041	0.04421	0.66515	0.01189	0.00016	4.4e-05	6.6e-05	0.02600	0.00012	0.00011
9	0.00024	0.00013	0.00013	0.00012	0.00015	0.02838	9.3e-05	0.00030	0.00027	0.00047	0.00041	0.00047	0.00032	0.00015	8.9e-05	3e-05	6.4e-05	0.00012	0.96795	0.00012
10	0.00018	0.00014	0.00020	0.00020	0.00022	0.00016	0.00016	0.00023	0.00020	0.00029	0.00034	0.00051	0.00032	0.02844	0.96756	0.00020	0.00033	0.00014	6.8e-05	0.00011
11	0.99644	0.00025	0.00019	0.00017	0.00025	0.00028	0.00014	0.00037	0.00022	0.00057	0.00018	0.00021	0.00014	0.00012	7.8e-05	3.9e-05	9.8e-05	6.9e-05	7.8e-05	0.00014
12	0.00385	0.00573	0.04266	0.00025	0.00031	0.00571	0.09282	0.01366	0.02854	0.23605	0.00468	0.01228	0.01220	0.14819	0.00352	6e-05	0.01278	0.37127	0.00530	0.00015
13	0.00030	0.00033	0.00072	0.00052	0.00064	0.00031	0.94526	0.00040	0.00030	0.00040	0.00027	0.00037	0.00021	0.01489	0.00016	4.4e-05	0.01363	0.02102	6.5e-05	0.00017
14	0.00026	0.00017	0.00021	0.00434	0.00504	0.00017	0.00411	0.01805	0.19621	0.14012	0.06775	0.36324	0.01882	0.05796	0.10230	6.7e-05	0.00012	0.01664	0.00429	0.00014
15	0.00019	0.00014	0.00019	0.00021	0.00024	0.00014	0.00017	0.00025	0.02651	0.00877	0.01126	0.17348	0.12528	0.00877	0.00017	5.5e-05	0.00010	0.64384	0.00012	0.00012
16	0.00527	0.00022	0.00028	0.00023	0.00031	0.00606	0.01333	0.09320	0.10821	0.54707	0.08843	0.00052	0.00906	0.00017	0.00013	4e-05	0.00581	0.03979	0.08167	0.00019
17	0.00757	0.03259	0.06292	0.04788	0.05623	0.04561	0.16826	0.01260	0.02336	0.05909	0.04778	0.01732	0.00736	0.01683	0.07735	5.9e-05	0.26966	0.04732	7.6e-05	0.00015
18	0.00806	0.01640	0.03489	0.01039	0.05202	0.02603	0.31973	0.03305	0.07491	0.13109	0.04808	0.04531	0.01536	0.06221	0.00623	4.9e-05	0.08540	0.02479	0.00583	0.00016
19	0.01742	0.00467	0.00019	0.00020	0.00022	0.04220	0.01839	0.04570	0.00991	0.01013	0.00058	0.66312	0.00533	0.10563	0.01605	0.00874	0.01771	0.02471	0.00899	0.00011

[dist]
# distance from previous block
# <min> <max>
8	16

[block]
# block no. 3 follows, 2732 sequences, length 10
# corresponding to MSA columns:
# 1594-1603
name=unknown_D
#
# <colnr> <probs for GDERKNQSTAVLIFYWHMCP>
#	G	D	E	R	K	N	Q	S	T	A	V	L	I	F	Y	W	H	M	C	P
0	0.02365	0.10813	0.11122	0.02947	0.10054	0.09049	0.06166	0.04712	0.09967	0.05425	0.07459	0.05370	0.02537	0.00700	0.00730	4.2e-05	0.09166	0.00820	0.00579	0.00016
1	0.07045	0.00024	0.00037	0.67413	0.04221	0.01073	0.01287	0.06822	0.00028	0.06382	0.00025	0.00033	0.00018	0.00013	0.00013	4.1e-05	0.03298	0.00011	0.01017	0.01234
2	0.00026	0.00061	0.86943	0.00036	0.00053	0.00030	0.03373	0.00043	0.09240	0.00041	0.00026	0.00029	0.00018	0.00012	0.00012	4.1e-05	0.00018	0.00010	6.1e-05	0.00019
3	0.00018	0.00013	0.00018	0.00018	0.00019	0.00015	0.00013	0.00021	0.00020	0.00028	0.00036	0.00062	0.00037	0.36021	0.63585	0.00017	0.00026	0.00015	7.1e-05	0.00010
4	0.90412	0.00024	0.00020	0.09238	0.00030	0.00028	0.00016	0.00037	0.00022	0.00055	0.00018	0.00022	0.00014	0.00012	8.3e-05	4e-05	0.00010	7.3e-05	7.6e-05	0.00014
5	0.01228	0.00025	0.00741	0.23945	0.27719	0.00893	0.14762	0.01741	0.00628	0.02825	0.00806	0.00658	0.00023	0.00939	0.17478	7e-05	0.03120	0.00641	0.00655	0.01165
6	0.00999	0.00028	0.09247	0.00026	0.01003	0.00024	0.00992	0.04343	0.27126	0.51495	0.01397	0.00044	0.01111	0.00016	0.00013	4.1e-05	0.01063	0.01035	0.00013	0.00020
7	0.01123	0.07415	0.23582	0.02716	0.03313	0.05553	0.10165	0.14348	0.04363	0.05355	0.01973	0.02083	0.01704	0.04035	0.01518	0.00557	0.02880	0.01594	0.00542	0.05183
8	0.01146	0.00013	0.00016	0.00016	0.00019	0.00012	0.00012	0.00024	0.03677	0.03624	0.27691	0.28553	0.29672	0.01410	0.00016	4.6e-05	7.1e-05	0.02779	0.01295	0.00012
9	0.00783	0.09214	0.13757	0.10045	0.06242	0.04990	0.05052	0.06966	0.23251	0.02165	0.01755	0.03074	0.03340	0.01938	0.01995	4.5e-05	0.03429	0.00703	0.01280	0.00017

[dist]
# distance from previous block
# <min> <max>
10	32

[block]
# block no. 4 follows, 2732 sequences, length 35
# corresponding to MSA columns:
# 1674-1685,1687-1690,1692-1702,1715-1722
name=unknown_E
#
# <colnr> <probs for GDERKNQSTAVLIFYWHMCP>
#	G	D	E	R	K	N	Q	S	T	A	V	L	I	F	Y	W	H	M	C	P
0	0.10673	0.07585	0.19651	0.06847	0.15294	0.05923	0.04944	0.03447	0.05927	0.01268	0.03345	0.07492	0.01041	0.00561	0.00424	4.1e-05	0.02228	0.02558	0.00441	0.00348
1	0.01235	0.00696	0.06691	0.00821	0.00043	0.01836	0.31695	0.18672	0.08783	0.00930	0.00668	0.18446	0.01034	0.00281	0.02343	4.8e-05	0.05072	0.00395	9.3e-05	0.00342
2	0.00285	0.16525	0.00775	0.00463	0.03550	0.03485	0.18911	0.07214	0.16270	0.01344	0.07441	0.02532	0.10695	0.00238	0.01244	4e-05	0.01296	0.00243	9.2e-05	0.07475
3	0.00562	0.00014	0.00017	0.00016	0.00020	0.00013	0.00013	0.01248	0.03001	0.01445	0.78644	0.00090	0.01030	0.00025	0.00014	4e-05	6.6e-05	0.05124	0.08700	0.00012
4	0.00022	0.00011	0.00016	0.00017	0.00017	0.00011	0.00011	0.00017	0.00017	0.00023	0.00025	0.04854	0.00025	0.01227	0.00048	0.93625	0.00011	0.00012	5.8e-05	5.8e-05
5	0.00021	0.00015	0.00021	0.00023	0.00026	0.00015	0.00020	0.00027	0.01914	0.00038	0.00067	0.00141	0.00072	0.00035	0.00017	5.8e-05	0.00012	0.97507	0.00012	0.00012
6	0.03380	0.00035	0.00037	0.00029	0.00039	0.01009	0.00024	0.95139	0.00058	0.00079	0.00030	0.00030	0.00021	0.00015	0.00013	3.8e-05	0.00014	0.00011	0.00012	0.00021
7	0.00028	0.00028	0.00040	0.00034	0.00034	0.00039	0.03353	0.00031	0.00020	0.00031	0.00017	0.00028	0.00017	0.00022	0.00041	5.5e-05	0.96203	0.00011	5.6e-05	0.00014
8	0.70701	0.00026	0.00023	0.00783	0.00028	0.01790	0.00854	0.10957	0.10498	0.01051	0.00712	0.00027	0.00631	0.01407	0.00010	0.00457	0.00011	8.7e-05	9e-05	0.00015
9	0.00034	0.91832	0.00063	0.00022	0.00032	0.00547	0.00021	0.00038	0.00026	0.03357	0.01338	0.00023	0.00617	0.00454	0.01549	3.1e-05	0.00014	7.5e-05	6e-05	0.00016
10	0.00347	0.00025	0.00898	0.10617	0.18554	0.00663	0.03578	0.11854	0.09209	0.12077	0.01043	0.08123	0.00344	0.01968	0.10919	6.2e-05	0.09221	0.00014	0.00521	0.00017
11	0.00018	0.00013	0.00016	0.00015	0.00019	0.00012	0.00012	0.00396	0.00450	0.00592	0.70795	0.01060	0.22488	0.00027	0.00015	4e-05	6.2e-05	0.00934	0.03118	0.00012
12	0.00597	0.01959	0.06903	0.00657	0.08853	0.01236	0.01707	0.14394	0.34759	0.10335	0.07729	0.02768	0.04283	0.00018	0.00833	4.2e-05	0.00602	0.02044	0.00298	0.00018
13	0.01537	0.02144	0.21884	0.06480	0.16923	0.01420	0.13114	0.06005	0.03764	0.20702	0.02980	0.00557	0.00381	0.00014	0.00374	4e-05	0.00711	0.00592	0.00396	0.00019
14	0.00024	0.00015	0.01199	0.00280	0.00544	0.00013	0.00014	0.00365	0.01280	0.16144	0.11878	0.40173	0.18871	0.00555	0.00015	4.6e-05	8.1e-05	0.05218	0.00012	0.03388
15	0.01313	0.00023	0.00027	0.00019	0.00031	0.00017	0.00976	0.00638	0.00027	0.06280	0.00024	0.00027	0.00020	9.9e-05	9.7e-05	2.1e-05	9.6e-05	7.9e-05	8e-05	0.90530
16	0.00579	0.11441	0.40397	0.00395	0.02935	0.00770	0.03268	0.04922	0.02909	0.12015	0.01173	0.00787	0.00316	0.00013	0.00216	3.5e-05	0.00380	0.00227	7.8e-05	0.17246
17	0.81245	0.07327	0.00723	0.00422	0.00391	0.05184	0.00393	0.01472	0.01064	0.00436	0.00019	0.00021	0.00015	0.00012	8.7e-05	3.8e-05	0.01235	7.2e-05	7.7e-05	0.00014
18	0.01853	0.00013	0.00014	0.00014	0.00015	0.00013	8.3e-05	0.00530	0.00019	0.01830	0.00040	0.00081	0.00611	0.91517	0.01154	0.00369	0.00012	0.00735	0.01163	8.2e-05
19	0.00494	0.02785	0.23393	0.09830	0.13028	0.01474	0.03780	0.04043	0.14104	0.03365	0.13701	0.00648	0.02993	0.00017	0.00582	4.2e-05	0.04394	0.00194	0.01153	0.00017
20	0.01277	0.00210	0.00021	0.04545	0.03304	0.00491	0.00208	0.01085	0.07810	0.06788	0.41185	0.10223	0.17664	0.00025	0.00014	4.1e-05	0.00261	0.00304	0.02598	0.01985
21	0.00024	0.04109	0.00338	0.00255	0.00266	0.00428	0.00015	0.04966	0.23780	0.03089	0.17603	0.16015	0.22465	0.00747	0.01535	4.6e-05	9e-05	0.03672	0.00665	0.00014
22	0.15385	0.00022	0.00028	0.00022	0.00031	0.00021	0.00799	0.01955	0.00433	0.79235	0.00453	0.00427	0.00405	0.00015	0.00012	3.9e-05	0.00011	0.00012	0.00710	0.00020
23	0.01469	0.03184	0.02928	0.05221	0.09951	0.00927	0.01976	0.32780	0.18997	0.01142	0.02912	0.00322	0.01328	0.00388	0.01096	0.00169	0.14335	0.00384	0.00475	0.00018
24	0.00541	0.03360	0.00033	0.00027	0.00035	0.02079	0.00021	0.32729	0.59753	0.01217	0.00043	0.00040	0.00032	0.00016	0.00013	4.1e-05	0.00012	0.00013	0.00012	0.00020
25	0.02973	0.19580	0.17812	0.01628	0.05250	0.02303	0.01164	0.07511	0.01350	0.13575	0.01315	0.00736	0.00574	0.00555	0.00252	3.4e-05	0.01928	9.8e-05	8.3e-05	0.21473
26	0.13955	0.14610	0.01342	0.01160	0.01453	0.23586	0.01249	0.21100	0.07133	0.05778	0.02877	0.00754	0.00476	0.00015	0.00402	3.7e-05	0.03861	0.00219	9.1e-05	0.00017
27	0.04264	0.00018	0.00346	0.00018	0.00452	0.00018	0.00014	0.03431	0.13725	0.19884	0.13314	0.00360	0.01611	0.00017	0.00011	3.6e-05	8e-05	0.00014	0.42477	0.00015
28	0.00028	0.00938	0.03352	0.01082	0.04146	0.04357	0.01015	0.00916	0.00609	0.02368	0.00880	0.01185	0.00553	0.00242	0.00010	2.3e-05	0.00310	8.7e-05	0.00229	0.77768
29	0.00021	0.00379	0.00639	0.00267	0.00021	0.06462	0.00250	0.00309	0.01868	0.01416	0.29917	0.02025	0.27068	0.14346	0.09185	6.7e-05	0.01861	0.00299	0.03651	0.00012
30	0.01315	0.00022	0.00029	0.00022	0.00032	0.00019	0.00018	0.03061	0.00690	0.90569	0.01597	0.01929	0.00033	0.00016	0.00013	3.9e-05	0.00011	0.00013	0.00584	0.00021
31	0.10687	0.00021	0.00027	0.00021	0.00030	0.00020	0.00018	0.04490	0.00687	0.71638	0.03359	0.00871	0.05603	0.00840	0.00013	4.1e-05	0.00010	0.01627	0.00014	0.00019
32	0.00020	0.00014	0.00017	0.00018	0.00021	0.00014	0.00014	0.00481	0.02052	0.02673	0.04918	0.00473	0.28236	0.16789	0.07420	7.4e-05	0.00012	0.36200	0.00610	0.00011
33	0.02593	0.00735	0.25971	0.02926	0.03347	0.00026	0.06424	0.12042	0.00393	0.37325	0.00998	0.00037	0.00025	0.01513	0.01655	4.4e-05	0.01701	0.00712	0.01553	0.00019
34	0.00281	0.37021	0.02138	0.00268	0.00976	0.37998	0.00448	0.02550	0.00031	0.01252	0.01508	0.00581	0.05785	0.00887	0.00272	0.00913	0.04453	0.00266	0.02358	0.00015

[dist]
# distance from previous block
# <min> <max>
1	6

[block]
# block no. 5 follows, 2732 sequences, length 15
# corresponding to MSA columns:
# 1729-1733,1753-1762
name=unknown_F
#
# <colnr> <probs for GDERKNQSTAVLIFYWHMCP>
#	G	D	E	R	K	N	Q	S	T	A	V	L	I	F	Y	W	H	M	C	P
0	0.01376	0.00711	0.10193	0.45285	0.30007	0.01361	0.01740	0.00629	0.00633	0.01997	0.00448	0.00777	0.00467	0.00013	0.00504	4.2e-05	0.02788	0.00631	0.00417	0.00017
1	0.04185	0.01019	0.02282	0.24436	0.32160	0.13496	0.06932	0.00789	0.01111	0.00737	0.00024	0.00499	0.00480	0.00013	0.00014	3.9e-05	0.05238	0.00472	0.00579	0.05534
2	0.00019	0.00014	0.00018	0.01237	0.00021	0.00014	0.01027	0.00563	0.09026	0.00034	0.04563	0.31591	0.09793	0.22871	0.11959	0.01352	0.00573	0.04755	0.00559	0.00011
3	0.00985	0.00014	0.00020	0.00020	0.00022	0.00016	0.00015	0.00024	0.00021	0.05983	0.01236	0.00947	0.00032	0.04256	0.75486	0.09178	0.01712	0.00014	7.4e-05	0.00011
4	0.73283	0.00024	0.00021	0.00018	0.00026	0.00026	0.00015	0.01348	0.01944	0.18410	0.00987	0.01372	0.00020	0.00013	9.1e-05	3.9e-05	9.9e-05	8.8e-05	0.02447	0.00015
5	0.00019	0.00014	0.00017	0.00016	0.00019	0.00013	0.00012	0.00025	0.05436	0.01380	0.61487	0.08212	0.18345	0.03014	0.00016	4.4e-05	6.8e-05	0.01938	0.00013	0.00012
6	0.00029	0.00033	0.00072	0.00052	0.00064	0.00031	0.93821	0.00040	0.00030	0.00040	0.00028	0.00040	0.00022	0.00012	0.00015	4.4e-05	0.00021	0.05622	6.7e-05	0.00017
7	0.00019	0.00013	0.00015	0.00015	0.00015	0.00013	9.3e-05	0.00019	0.00019	0.00025	0.00038	0.00077	0.00043	0.81035	0.08391	0.06280	0.02553	0.01404	7.5e-05	8.1e-05
8	0.00028	0.00028	0.00040	0.00034	0.00034	0.00039	0.03354	0.00031	0.00020	0.00031	0.00017	0.00028	0.00017	0.00022	0.00041	5.5e-05	0.96201	0.00011	5.6e-05	0.00014
9	0.00029	0.00022	0.00026	0.00019	0.00030	0.00017	0.00015	0.00035	0.01808	0.08499	0.00027	0.01311	0.00022	0.00011	9.9e-05	2.2e-05	9.5e-05	0.01143	0.01296	0.85669
10	0.00025	0.00066	0.99489	0.00036	0.00055	0.00029	0.00047	0.00040	0.00027	0.00040	0.00023	0.00027	0.00016	0.00012	0.00012	4e-05	0.00019	9.4e-05	5.4e-05	0.00019
11	0.00019	0.00014	0.00018	0.00017	0.00020	0.00013	0.00013	0.00027	0.05890	0.01924	0.89930	0.00091	0.01925	0.00025	0.00015	4e-05	6.3e-05	0.00022	0.00014	0.00013
12	0.01487	0.01624	0.04635	0.17597	0.03966	0.02161	0.01974	0.00563	0.20671	0.01709	0.13887	0.07923	0.01095	0.04248	0.06678	5.8e-05	0.03665	0.06088	9.7e-05	0.00015
13	0.00029	0.00029	0.00038	0.00033	0.00034	0.04676	0.01626	0.01237	0.00021	0.01308	0.00019	0.03224	0.00019	0.00022	0.00038	5.4e-05	0.87609	0.00012	6e-05	0.00014
14	0.00039	0.00031	0.00033	0.00027	0.00036	0.00035	0.00022	0.48801	0.47046	0.00066	0.00041	0.00039	0.00030	0.00016	0.00013	4e-05	0.00012	0.00013	0.02008	0.01691

[dist]
# distance from previous block
# <min> <max>
1	1

[block]
# block no. 6 follows, 2732 sequences, length 10
# corresponding to MSA columns:
# 1765,1774-1782
name=unknown_G
#
# <colnr> <probs for GDERKNQSTAVLIFYWHMCP>
#	G	D	E	R	K	N	Q	S	T	A	V	L	I	F	Y	W	H	M	C	P
0	0.04131	0.07932	0.07045	0.04512	0.06688	0.04284	0.25871	0.01398	0.00600	0.01047	0.00027	0.02755	0.00637	0.05086	0.12346	0.00578	0.13290	0.00852	0.00905	0.00015
1	0.99644	0.00025	0.00019	0.00017	0.00025	0.00028	0.00014	0.00037	0.00022	0.00057	0.00018	0.00021	0.00014	0.00012	7.8e-05	3.9e-05	9.8e-05	6.9e-05	7.8e-05	0.00014
2	0.03387	0.01346	0.02447	0.04340	0.11000	0.09987	0.22521	0.01778	0.05878	0.09688	0.00885	0.12404	0.01992	0.00799	0.01371	4.5e-05	0.02991	0.05846	0.00550	0.00786
3	0.00561	0.14413	0.15664	0.13586	0.12828	0.06793	0.11090	0.00609	0.04571	0.10943	0.01504	0.01239	0.00866	0.01295	0.00531	0.00518	0.00784	0.00954	0.00523	0.00730
4	0.00018	0.00013	0.00017	0.00018	0.00021	0.00012	0.01185	0.00022	0.01260	0.02142	0.09270	0.37307	0.25399	0.02350	0.01318	5.3e-05	8.6e-05	0.19612	0.00012	0.00011
5	0.00016	0.00012	0.00015	0.00017	0.00018	0.00011	0.00011	0.00018	0.00026	0.00033	0.02193	0.64952	0.25047	0.02295	0.03300	5.6e-05	8.2e-05	0.02001	0.00012	0.00010
6	0.03461	0.02806	0.24764	0.26086	0.13182	0.01885	0.02909	0.09853	0.03272	0.03056	0.01527	0.00033	0.00678	0.00014	0.00754	0.00656	0.03774	0.00658	0.00613	0.00017
7	0.00842	0.00046	0.00820	0.19260	0.01781	0.58137	0.01828	0.01393	0.02717	0.00974	0.00022	0.00028	0.00018	0.00795	0.00811	4e-05	0.09714	9.6e-05	0.00786	0.00015
8	0.00018	0.00012	0.00014	0.00014	0.00014	0.00012	8.1e-05	0.00019	0.00019	0.00025	0.00040	0.00081	0.00045	0.94551	0.05067	0.00013	0.00013	0.00018	7.6e-05	7.9e-05
9	0.00021	0.00014	0.00018	0.00017	0.00020	0.00013	0.00013	0.00027	0.03640	0.10145	0.41711	0.38645	0.05607	0.00030	0.00015	4.5e-05	7.2e-05	0.00027	0.00013	0.00013

[dist]
# distance from previous block
# <min> <max>
1	2

[block]
# block no. 7 follows, 2732 sequences, length 17
# corresponding to MSA columns:
# 1785-1788,1798-1804,1806-1809,1813,1814
name=unknown_H
#
# <colnr> <probs for GDERKNQSTAVLIFYWHMCP>
#	G	D	E	R	K	N	Q	S	T	A	V	L	I	F	Y	W	H	M	C	P
0	0.04321	0.00523	0.00817	0.00015	0.00019	0.00013	0.00493	0.00022	0.00561	0.02140	0.23828	0.02869	0.59398	0.02049	0.00015	4.3e-05	7e-05	0.00679	0.01673	0.00553
1	0.00034	0.00016	0.00018	0.00016	0.00021	0.00015	0.00012	0.03008	0.01261	0.29385	0.02979	0.00047	0.00034	0.00015	0.00010	3.3e-05	7.6e-05	0.00012	0.63090	0.00015
2	0.66128	0.03419	0.06510	0.01150	0.06645	0.02803	0.05039	0.01151	0.00024	0.01795	0.00020	0.00643	0.00016	0.00012	0.00010	3.9e-05	0.03904	8.4e-05	0.00703	0.00015
3	0.00638	0.00014	0.00720	0.00015	0.00019	0.00013	0.00012	0.01569	0.01179	0.13510	0.04920	0.16243	0.09300	0.03274	0.00013	4e-05	7.4e-05	0.00774	0.47762	0.00013
4	0.04743	0.05983	0.20895	0.08844	0.20152	0.01998	0.05237	0.09390	0.07268	0.06731	0.01219	0.00033	0.00604	0.00013	0.00012	3.8e-05	0.01449	0.00474	8e-05	0.04943
5	0.35122	0.01753	0.02352	0.02885	0.02139	0.02892	0.11204	0.02981	0.02105	0.17605	0.00433	0.00030	0.00566	0.00013	0.00774	3.8e-05	0.00546	0.00438	0.00746	0.15411
6	0.03130	0.40709	0.04062	0.00764	0.01203	0.14591	0.01607	0.06285	0.09040	0.01434	0.01905	0.12705	0.00480	0.00017	0.00478	0.00411	0.00772	0.00013	0.00376	0.00016
7	0.00022	0.00011	0.00017	0.00017	0.00017	0.00011	0.00011	0.00017	0.00017	0.00022	0.00023	0.00040	0.00023	0.02886	0.02021	0.94813	0.00012	0.00011	5.6e-05	5.7e-05
8	0.00532	0.02121	0.01358	0.01335	0.03653	0.09531	0.01099	0.14837	0.58931	0.00053	0.02855	0.00044	0.02540	0.00017	0.00013	4.1e-05	0.00535	0.00510	0.00012	0.00019
9	0.00028	0.00020	0.00024	0.00022	0.00029	0.00715	0.00019	0.06263	0.07582	0.09514	0.01365	0.00810	0.01723	0.00024	0.00014	4.4e-05	0.00011	0.47040	0.00011	0.24781
10	0.12884	0.12274	0.18054	0.02945	0.03900	0.03091	0.01878	0.11250	0.02129	0.25465	0.00630	0.00499	0.00427	0.00371	0.00012	3.8e-05	0.00639	0.00386	9.6e-05	0.03153
11	0.01738	0.11003	0.01618	0.00624	0.03504	0.32088	0.01216	0.24160	0.04094	0.15083	0.00534	0.00625	0.00408	0.00464	0.00013	3.7e-05	0.02405	0.00394	9.6e-05	0.00018
12	0.00018	0.00013	0.00016	0.00789	0.00018	0.00013	0.00011	0.00020	0.00023	0.00908	0.04097	0.00908	0.28284	0.42818	0.18221	0.00617	0.02558	0.00648	9e-05	9.7e-05
13	0.00606	0.00016	0.00020	0.12210	0.01499	0.00015	0.00015	0.00671	0.00599	0.10849	0.22950	0.01541	0.47528	0.00026	0.00015	4.2e-05	0.00684	0.00728	0.00012	0.00013
14	0.01260	0.27005	0.51281	0.01133	0.04319	0.01897	0.02883	0.02435	0.01299	0.04818	0.00515	0.00027	0.00018	0.00012	0.00011	3.6e-05	0.00579	9.2e-05	6.3e-05	0.00488
15	0.00482	0.20910	0.30464	0.00618	0.03455	0.02909	0.06318	0.06581	0.06440	0.03951	0.02854	0.03217	0.03736	0.00017	0.00777	4e-05	0.01686	0.05556	7.9e-05	0.00017
16	0.00037	0.00840	0.09102	0.01894	0.05033	0.00566	0.16853	0.04613	0.16087	0.30630	0.01612	0.07172	0.02427	0.00017	0.00014	4.2e-05	0.00013	0.03055	0.00011	0.00018

[dist]
# distance from previous block
# <min> <max>
11	12

[block]
# block no. 8 follows, 2732 sequences, length 48
# corresponding to MSA columns:
# 2324,2334-2343,2355-2361,2381-2387,2389-2407,2425-2428
name=unknown_I
#
# <colnr> <probs for GDERKNQSTAVLIFYWHMCP>
#	G	D	E	R	K	N	Q	S	T	A	V	L	I	F	Y	W	H	M	C	P
0	0.00213	0.00380	0.09304	0.30485	0.43276	0.03357	0.05801	0.00325	0.00381	0.00214	0.00023	0.00474	0.00019	0.00013	0.00192	4.1e-05	0.05504	0.00011	6.1e-05	0.00017
1	0.00023	0.00014	0.00018	0.00017	0.00021	0.00013	0.00013	0.00029	0.00469	0.11976	0.85234	0.01114	0.00960	0.00025	0.00015	4e-05	6.6e-05	0.00022	0.00014	0.00013
2	0.00015	0.00012	0.00014	0.00015	0.00018	0.00011	0.00011	0.00019	0.00028	0.00035	0.08889	0.41182	0.49104	0.00035	0.00015	4.6e-05	6.8e-05	0.00564	0.00012	0.00011
3	0.00494	0.00012	0.00014	0.00015	0.00017	0.00012	0.00011	0.01687	0.00026	0.00386	0.00843	0.51165	0.00060	0.00028	0.00013	4.2e-05	6.9e-05	0.01703	0.43492	0.00011
4	0.57112	0.00023	0.00023	0.00019	0.00028	0.00024	0.00016	0.00048	0.00028	0.42520	0.00031	0.00030	0.00021	0.00013	9.9e-05	3.9e-05	0.00010	9.4e-05	0.00011	0.00017
5	0.00016	0.00011	0.00015	0.00018	0.00019	0.00010	0.00012	0.00018	0.00025	0.00033	0.00861	0.95973	0.01242	0.00039	0.00016	5.1e-05	7.4e-05	0.01658	0.00012	0.00010
6	0.00048	0.00036	0.00038	0.00029	0.00039	0.00039	0.00024	0.99433	0.00060	0.00080	0.00030	0.00030	0.00022	0.00015	0.00013	3.8e-05	0.00014	0.00011	0.00013	0.00022
7	0.99644	0.00025	0.00019	0.00017	0.00025	0.00028	0.00014	0.00037	0.00022	0.00057	0.00018	0.00021	0.00014	0.00012	7.8e-05	3.9e-05	9.8e-05	6.9e-05	7.8e-05	0.00014
8	0.99644	0.00025	0.00019	0.00017	0.00025	0.00028	0.00014	0.00037	0.00022	0.00057	0.00018	0.00021	0.00014	0.00012	7.8e-05	3.9e-05	9.8e-05	6.9e-05	7.8e-05	0.00014
9	0.00018	0.00013	0.00017	0.00016	0.00019	0.00012	0.00012	0.00024	0.00036	0.00050	0.97461	0.00864	0.01359	0.00026	0.00015	4e-05	6e-05	0.00023	0.00014	0.00012
10	0.00034	0.99562	0.00066	0.00022	0.00033	0.00050	0.00022	0.00038	0.00026	0.00030	0.00018	0.00020	0.00016	0.00011	8.1e-05	2.7e-05	0.00014	6.8e-05	5.4e-05	0.00016
11	0.00048	0.00036	0.00038	0.00029	0.00039	0.00039	0.00024	0.99433	0.00060	0.00080	0.00030	0.00030	0.00022	0.00015	0.00013	3.8e-05	0.00014	0.00011	0.00013	0.00022
12	0.00048	0.00032	0.00036	0.00028	0.00037	0.00035	0.00023	0.73466	0.08587	0.16740	0.00036	0.00815	0.00025	0.00016	0.00013	3.9e-05	0.00013	0.00012	0.00013	0.00021
13	0.00019	0.00014	0.00018	0.00017	0.00020	0.00013	0.00013	0.00027	0.06212	0.00965	0.92378	0.00091	0.00114	0.00025	0.00015	4e-05	6.3e-05	0.00022	0.00014	0.00013
14	0.00040	0.00019	0.00025	0.00021	0.00028	0.00018	0.00016	0.01734	0.11518	0.50746	0.24088	0.08487	0.00058	0.00020	0.00013	4.1e-05	9.1e-05	0.00017	0.03120	0.00018
15	0.06467	0.00022	0.00029	0.00022	0.00032	0.00020	0.00018	0.00893	0.01089	0.90758	0.00048	0.00042	0.00030	0.00015	0.00012	3.9e-05	0.00011	0.00012	0.00456	0.00021
16	0.00697	0.00019	0.00246	0.00211	0.01427	0.00018	0.00017	0.01138	0.05263	0.35210	0.31209	0.05629	0.01581	0.07244	0.00019	5.2e-05	0.00010	0.10027	0.00014	0.00017
17	0.00016	0.00011	0.00015	0.00018	0.00019	0.00010	0.00012	0.00018	0.00025	0.00033	0.00723	0.94695	0.02301	0.00039	0.00016	5.1e-05	7.4e-05	0.02016	0.00012	0.00010
18	0.00017	0.00012	0.00015	0.00016	0.00019	0.00011	0.00012	0.00020	0.00696	0.00854	0.27054	0.47884	0.22533	0.00034	0.00016	4.6e-05	6.9e-05	0.00773	0.00012	0.00011
19	0.00031	0.01182	0.00277	0.00320	0.01041	0.05872	0.16893	0.05884	0.00025	0.01578	0.00020	0.00029	0.00018	0.00231	0.02075	5.3e-05	0.64485	0.00012	6.4e-05	0.00015
20	0.00028	0.00892	0.12252	0.35278	0.45953	0.00030	0.03107	0.00037	0.00027	0.00397	0.00023	0.00295	0.00019	0.00012	0.00470	4.1e-05	0.01143	0.00011	6e-05	0.00018
21	0.00057	0.00022	0.00029	0.00023	0.00032	0.00019	0.00019	0.00807	0.00036	0.97997	0.00791	0.00043	0.00032	0.00016	0.00013	3.9e-05	0.00011	0.00013	0.00016	0.00022
22	0.00015	0.00013	0.00013	0.00013	0.00017	0.00011	9.9e-05	0.00019	0.00030	0.00036	0.12628	0.01048	0.86040	0.00031	0.00015	4.3e-05	6.4e-05	0.00026	0.00012	0.00011
23	0.97025	0.00421	0.00387	0.00017	0.00652	0.00029	0.00014	0.00037	0.00022	0.00501	0.00018	0.00021	0.00014	0.00012	8.2e-05	3.9e-05	0.00790	7e-05	7.8e-05	0.00014
24	0.00181	0.61712	0.05398	0.00999	0.16902	0.03873	0.00562	0.05598	0.00811	0.01423	0.00479	0.00025	0.00809	0.00012	0.0001	3.1e-05	0.00574	0.00165	0.00156	0.00308
25	0.00033	0.00638	0.00062	0.11433	0.04515	0.17703	0.63810	0.00299	0.00332	0.00502	0.00024	0.00032	0.00019	0.00011	0.00014	4.1e-05	0.00535	0.00013	6.4e-05	0.00016
26	0.00015	0.00011	0.00015	0.00018	0.00018	0.00010	0.00012	0.00018	0.00024	0.00032	0.00070	0.99546	0.00084	0.00040	0.00016	5.1e-05	7.4e-05	0.00036	0.00012	0.00010
27	0.00030	0.00026	0.00028	0.00025	0.00032	0.00292	0.00774	0.00553	0.83054	0.00050	0.02937	0.01981	0.03089	0.00254	0.03765	5e-05	0.03058	0.00015	0.00012	0.00019
28	0.00702	0.00013	0.00013	0.00013	0.00016	0.00013	9.5e-05	0.02049	0.00028	0.03198	0.00041	0.00047	0.00032	0.00015	9.1e-05	3e-05	6.3e-05	0.00012	0.93769	0.00012
29	0.00017	0.00013	0.00016	0.00015	0.00019	0.00012	0.00012	0.00022	0.00032	0.00043	0.52581	0.00108	0.35585	0.02159	0.00016	4.4e-05	6.8e-05	0.08874	0.00453	0.00011
30	0.00018	0.00012	0.00014	0.00014	0.00015	0.00013	8.4e-05	0.00449	0.00019	0.00025	0.00041	0.04254	0.00047	0.89445	0.05064	0.00012	0.00514	0.00019	7.8e-05	8.1e-05
31	0.00018	0.00013	0.00016	0.00016	0.00019	0.00012	0.00012	0.00023	0.00035	0.00049	0.88546	0.00098	0.11044	0.00027	0.00015	4e-05	6e-05	0.00023	0.00014	0.00012
32	0.00035	0.92384	0.00064	0.00022	0.00033	0.07225	0.00022	0.00039	0.00026	0.00030	0.00018	0.00021	0.00016	0.00011	8.4e-05	2.8e-05	0.00014	6.9e-05	5.5e-05	0.00016
33	0.00593	0.00036	0.00039	0.00033	0.00037	0.23046	0.06196	0.00373	0.08295	0.00034	0.00021	0.00029	0.00019	0.00019	0.00030	4.8e-05	0.59818	0.00298	6.5e-05	0.01075
34	0.98022	0.00025	0.00019	0.00017	0.00025	0.01649	0.00014	0.00037	0.00022	0.00056	0.00018	0.00021	0.00014	0.00012	7.9e-05	3.9e-05	0.00010	6.9e-05	7.8e-05	0.00014
35	0.00016	0.00011	0.00015	0.00017	0.00018	0.00011	0.00012	0.00018	0.00024	0.00032	0.01000	0.84109	0.01525	0.09355	0.00021	5.8e-05	8e-05	0.03780	0.00011	0.00010
36	0.00017	0.00013	0.00016	0.00019	0.00021	0.01325	0.00509	0.00020	0.00026	0.00034	0.00069	0.76134	0.00528	0.00038	0.00016	5.3e-05	8.5e-05	0.21180	0.00012	0.00011
37	0.00024	0.00023	0.00038	0.99524	0.00087	0.00028	0.00035	0.00032	0.00025	0.00032	0.00023	0.00034	0.00017	0.00013	0.00013	4.2e-05	0.00017	0.00011	5.6e-05	0.00014
38	0.00029	0.00262	0.01829	0.00308	0.57270	0.00024	0.03072	0.01024	0.00441	0.08537	0.00039	0.21392	0.01781	0.00558	0.00884	0.00979	0.00470	0.01075	8.5e-05	0.00017
39	0.37289	0.10382	0.00274	0.00389	0.00535	0.40359	0.01210	0.00323	0.01637	0.00431	0.00020	0.01002	0.00017	0.00014	0.01495	3.9e-05	0.04589	8.3e-05	7.1e-05	0.00015
40	0.00026	0.01676	0.97880	0.00036	0.00055	0.00030	0.00046	0.00040	0.00027	0.00040	0.00023	0.00027	0.00016	0.00012	0.00012	4e-05	0.00019	9.3e-05	5.4e-05	0.00019
41	0.28297	0.00023	0.00026	0.07976	0.02077	0.00938	0.00618	0.04709	0.01961	0.32925	0.04229	0.00040	0.00259	0.08556	0.00813	4.7e-05	0.00011	0.00011	0.00206	0.06322
42	0.00514	0.32637	0.43411	0.02342	0.04188	0.01462	0.05505	0.01091	0.01118	0.05068	0.00559	0.00261	0.00966	0.00013	0.00639	3.7e-05	0.00016	9.5e-05	6.3e-05	0.00191
43	0.02509	0.04131	0.17171	0.04405	0.02576	0.04114	0.50409	0.05840	0.01050	0.00867	0.00027	0.00467	0.00180	0.01757	0.00015	0.00155	0.00245	0.04058	7e-05	0.00017
44	0.00018	0.00013	0.00017	0.00016	0.00019	0.00012	0.00012	0.00024	0.01923	0.00049	0.86282	0.07014	0.04500	0.00027	0.00015	4.1e-05	6.2e-05	0.00024	0.00014	0.00012
45	0.00021	0.00213	0.20458	0.01959	0.03598	0.00018	0.02174	0.00029	0.00483	0.00317	0.13967	0.12411	0.04467	0.00028	0.00227	4.9e-05	0.00012	0.39107	0.00494	0.00013
46	0.02049	0.13545	0.20889	0.09154	0.16413	0.03919	0.07845	0.05189	0.03247	0.12955	0.00429	0.00355	0.00021	0.00013	0.00013	0.00478	0.03450	0.00011	7.7e-05	0.00018
47	0.00233	0.15217	0.00302	0.00193	0.00030	0.00390	0.04855	0.05128	0.16565	0.09536	0.05761	0.09699	0.06703	0.01907	0.00175	4.6e-05	0.00011	0.23263	0.00011	0.00015

[dist]
# distance from previous block
# <min> <max>
7	12

[block]
# block no. 9 follows, 2732 sequences, length 42
# corresponding to MSA columns:
# 2442-2445,2448-2476,2480-2488
name=unknown_J
#
# <colnr> <probs for GDERKNQSTAVLIFYWHMCP>
#	G	D	E	R	K	N	Q	S	T	A	V	L	I	F	Y	W	H	M	C	P
0	0.00016	0.00012	0.00015	0.00016	0.00018	0.00011	0.00011	0.00020	0.00029	0.00039	0.35865	0.32631	0.24025	0.06290	0.00018	5e-05	7e-05	0.00480	0.00481	0.00011
1	0.00018	0.00603	0.06457	0.00950	0.05850	0.00202	0.00864	0.00024	0.01083	0.00370	0.28444	0.01118	0.51898	0.00233	0.00838	4.3e-05	0.00823	0.00197	0.00011	0.00012
2	0.08067	0.00023	0.00033	0.24223	0.11199	0.00028	0.00295	0.00292	0.09307	0.02585	0.05100	0.00737	0.00448	0.01966	0.10235	6.3e-05	0.23436	0.00356	0.01378	0.00286
3	0.00022	0.00015	0.00663	0.01214	0.00503	0.00013	0.00013	0.00366	0.00035	0.11060	0.75264	0.00523	0.09351	0.00025	0.00015	4e-05	0.00248	0.00278	0.00376	0.00013
4	0.00037	0.65129	0.02925	0.01553	0.01885	0.21823	0.01283	0.00609	0.00262	0.01589	0.00020	0.00248	0.00017	0.00012	9.5e-05	3e-05	0.00428	0.00455	6e-05	0.01707
5	0.01323	0.00443	0.08435	0.00024	0.00034	0.00020	0.00021	0.02335	0.00381	0.83432	0.02518	0.00042	0.00032	0.00016	0.00013	3.9e-05	0.00011	0.00013	0.00885	0.00021
6	0.01816	0.00391	0.26889	0.14498	0.09948	0.00030	0.08785	0.22263	0.02491	0.10576	0.00985	0.00033	0.00301	0.00013	0.00013	4e-05	0.00485	0.00011	8.7e-05	0.00458
7	0.01007	0.38582	0.32972	0.00827	0.07373	0.03330	0.05471	0.01640	0.00749	0.06575	0.00023	0.00355	0.00018	0.00012	0.00011	3.5e-05	0.00350	0.00215	6.5e-05	0.00481
8	0.00025	0.02385	0.01777	0.62748	0.04884	0.00228	0.07885	0.00209	0.03431	0.02551	0.01079	0.08984	0.00714	0.00016	0.00890	4.4e-05	0.00784	0.01194	7e-05	0.00203
9	0.00018	0.00012	0.00014	0.00014	0.00014	0.00012	8e-05	0.00019	0.00019	0.00025	0.00040	0.00082	0.00046	0.95996	0.03622	0.00013	0.00013	0.00018	7.7e-05	7.8e-05
10	0.00017	0.00012	0.00016	0.00018	0.00019	0.00011	0.00453	0.00327	0.00025	0.00464	0.00655	0.72070	0.05963	0.04067	0.06415	6.4e-05	9.7e-05	0.09430	0.00011	0.00011
11	0.17250	0.18080	0.07082	0.03068	0.06065	0.11692	0.02199	0.15361	0.06070	0.11323	0.00326	0.00029	0.00020	0.00201	0.00011	3.7e-05	0.00988	9.7e-05	0.00206	0.00018
12	0.01440	0.02796	0.08471	0.07205	0.28413	0.01931	0.03550	0.00274	0.00530	0.39897	0.00326	0.01988	0.00366	0.00014	0.00013	3.9e-05	0.02339	0.00414	0.00010	0.00019
13	0.00016	0.00011	0.00015	0.00018	0.00019	0.00010	0.00012	0.00018	0.00025	0.00033	0.01510	0.93160	0.03166	0.00039	0.00016	5.1e-05	7.4e-05	0.01898	0.00012	0.00010
14	0.00737	0.03105	0.13877	0.00776	0.22479	0.01026	0.01175	0.05088	0.01639	0.48083	0.01065	0.00323	0.00026	0.00014	0.00013	3.9e-05	0.00338	0.00012	0.00201	0.00020
15	0.95237	0.01256	0.00305	0.00337	0.00316	0.01221	0.00014	0.00424	0.00312	0.00056	0.00018	0.00021	0.00014	0.00012	8.1e-05	3.9e-05	0.00416	7e-05	7.8e-05	0.00014
16	0.00019	0.00020	0.12070	0.00020	0.01773	0.00015	0.01487	0.00026	0.00716	0.00339	0.66549	0.02956	0.13270	0.00025	0.00015	4.1e-05	0.00385	0.00286	0.00012	0.00013
17	0.00453	0.05834	0.04201	0.01246	0.01442	0.03358	0.00283	0.35304	0.36117	0.04882	0.02600	0.00040	0.01501	0.00169	0.01145	4.2e-05	0.00844	0.00245	0.00311	0.00020
18	0.00444	0.80106	0.14523	0.00024	0.00425	0.03163	0.00025	0.00039	0.00026	0.00655	0.00019	0.00022	0.00016	0.00011	8.9e-05	2.9e-05	0.00015	7.3e-05	0.00451	0.00017
19	0.00027	0.00023	0.00026	0.00019	0.00030	0.00017	0.00015	0.01236	0.00027	0.00042	0.00023	0.00026	0.00019	9.5e-05	9.4e-05	1.9e-05	9.4e-05	7.6e-05	7.6e-05	0.98426
20	0.00025	0.00066	0.99489	0.00036	0.00055	0.00029	0.00047	0.00040	0.00027	0.00040	0.00023	0.00027	0.00016	0.00012	0.00012	4e-05	0.00019	9.4e-05	5.4e-05	0.00019
21	0.03003	0.01353	0.16465	0.05814	0.15451	0.00219	0.16647	0.01052	0.12310	0.22354	0.02298	0.01403	0.00601	0.00014	0.00013	0.00169	0.00389	0.00250	0.00178	0.00019
22	0.00031	0.00030	0.00051	0.00078	0.99475	0.00030	0.00039	0.00039	0.00029	0.00041	0.00024	0.00031	0.00020	0.00011	0.00013	3.8e-05	0.00015	0.00011	6.3e-05	0.00020
23	0.00024	0.00023	0.00038	0.99524	0.00087	0.00028	0.00035	0.00032	0.00025	0.00032	0.00023	0.00034	0.00017	0.00013	0.00013	4.2e-05	0.00017	0.00011	5.6e-05	0.00014
24	0.00031	0.00030	0.00050	0.05132	0.92103	0.00030	0.00477	0.00038	0.00029	0.00041	0.00025	0.00033	0.00999	0.00012	0.00013	3.8e-05	0.00445	0.00483	6.3e-05	0.00020
25	0.00713	0.00016	0.00222	0.04084	0.00622	0.00014	0.00013	0.00362	0.09239	0.06949	0.01776	0.02049	0.71940	0.01259	0.00015	4.4e-05	0.00272	0.00427	0.00012	0.00013
26	0.00015	0.00013	0.00013	0.00013	0.00017	0.00011	9.7e-05	0.00019	0.00029	0.00891	0.01067	0.00121	0.97675	0.00032	0.00015	4.3e-05	6.5e-05	0.00027	0.00012	0.00011
27	0.99644	0.00025	0.00019	0.00017	0.00025	0.00028	0.00014	0.00037	0.00022	0.00057	0.00018	0.00021	0.00014	0.00012	7.8e-05	3.9e-05	9.8e-05	6.9e-05	7.8e-05	0.00014
28	0.02767	0.00594	0.11382	0.39009	0.09276	0.18024	0.00344	0.01094	0.00813	0.05845	0.00023	0.00030	0.00018	0.00014	0.00340	4.1e-05	0.10128	0.00010	0.00268	0.00016
29	0.01577	0.02213	0.50788	0.00354	0.01800	0.00236	0.03250	0.01366	0.07763	0.01765	0.12974	0.14059	0.00852	0.00201	0.00013	4.2e-05	0.00468	0.00290	8.4e-05	0.00017
30	0.00018	0.00012	0.00014	0.00014	0.00014	0.00012	7.7e-05	0.00018	0.00018	0.00025	0.00040	0.00083	0.00046	0.99554	0.00065	0.00012	0.00012	0.00018	7.7e-05	7.7e-05
31	0.00016	0.00013	0.00014	0.00014	0.00018	0.00011	0.00010	0.00952	0.00031	0.00039	0.25062	0.00114	0.73600	0.00030	0.00015	4.2e-05	6.4e-05	0.00026	0.00012	0.00011
