[name]
unknown

[dist]
# distance from previous block
# <min> <max>
0	66

[block]
# block no. 0 follows, 3513 sequences, length 40
# corresponding to MSA columns:
# 77-116
name=unknown_A
#
# <colnr> <probs for GDERKNQSTAVLIFYWHMCP>
#	G	D	E	R	K	N	Q	S	T	A	V	L	I	F	Y	W	H	M	C	P
0	0.02687	0.00229	0.01686	0.68653	0.06713	0.01973	0.01846	0.03337	0.04092	0.01723	0.01411	0.00030	0.00310	0.00307	0.00435	0.00212	0.00523	0.03044	0.00149	0.00639
1	0.00013	9.4e-05	0.00012	0.00014	0.00659	0.00780	0.00202	0.00387	0.00339	0.00229	0.00622	0.86164	0.00988	0.04662	0.01031	0.00250	6.4e-05	0.03228	8.9e-05	0.00396
2	0.01295	0.00211	0.07579	0.08276	0.56810	0.01567	0.10372	0.00684	0.00022	0.01457	0.00365	0.01741	0.00183	0.00383	0.02130	0.00429	0.06201	0.00277	5e-05	0.00014
3	0.00713	0.12385	0.30028	0.01099	0.14892	0.02252	0.10806	0.05238	0.12162	0.04745	0.02997	0.00849	0.00678	0.00011	0.00654	3.1e-05	0.00247	0.00219	6.1e-05	0.00014
4	0.00019	0.00553	0.06365	0.12662	0.29443	0.00200	0.05118	0.00359	0.01588	0.01730	0.02990	0.13567	0.03912	0.07126	0.08750	4.9e-05	0.04494	0.01100	6.1e-05	0.00012
5	0.00015	0.00011	0.00016	0.00016	0.00018	0.00657	0.00012	0.00709	0.00787	0.00023	0.00027	0.00334	0.00492	0.04038	0.91955	0.00015	0.00313	0.00011	0.00543	8.8e-05
6	0.00435	0.04898	0.05318	0.15261	0.26618	0.09919	0.09856	0.01345	0.05142	0.02814	0.03513	0.07656	0.01410	0.01399	0.01549	0.00240	0.01872	0.00374	0.00370	0.00013
7	0.00972	0.16131	0.33786	0.00677	0.14823	0.14518	0.03970	0.08461	0.03106	0.02705	0.00242	0.00325	0.00015	9.7e-05	9e-05	2.9e-05	0.00013	7.6e-05	0.00214	0.00014
8	0.00023	0.02900	0.51195	0.04352	0.13442	0.03058	0.04474	0.04668	0.07596	0.01821	0.04226	0.00281	0.01442	0.00011	9.8e-05	3.1e-05	0.00472	8.8e-05	5.6e-05	0.00014
9	0.00371	0.00010	0.00012	0.00012	0.00014	9.2e-05	8.7e-05	0.00018	0.01165	0.02062	0.44840	0.02633	0.46022	0.00326	0.00499	3.3e-05	5.1e-05	0.00490	0.01491	9e-05
10	0.00196	0.00015	0.00021	0.17912	0.09947	0.00335	0.01529	0.01452	0.04337	0.13774	0.34808	0.03916	0.09307	0.01405	0.00011	3.3e-05	0.00222	0.00531	0.00268	0.00012
11	0.03695	0.03277	0.03070	0.00438	0.11827	0.02652	0.03561	0.03522	0.01971	0.11962	0.00832	0.01638	0.00271	0.00389	0.00308	2.3e-05	0.00254	7.7e-05	6.7e-05	0.50315
12	0.02079	0.02157	0.12396	0.02364	0.17123	0.02446	0.08779	0.08245	0.02340	0.36683	0.00890	0.00296	0.00643	0.01103	0.00986	3.3e-05	0.00967	0.00330	8.2e-05	0.00162
13	0.00012	8.9e-05	0.00012	0.00014	0.00015	8.4e-05	9.8e-05	0.00014	0.00019	0.00026	0.01520	0.87311	0.01371	0.00030	0.00013	4e-05	6e-05	0.09588	9.2e-05	8.1e-05
14	0.00021	0.00200	0.02142	0.03595	0.16147	0.02752	0.16213	0.01275	0.09687	0.03892	0.06157	0.04057	0.07482	0.01475	0.00012	3.6e-05	0.01035	0.23651	0.00192	0.00012
15	0.00544	0.05443	0.36904	0.00861	0.32444	0.01621	0.06503	0.06408	0.02812	0.05242	0.00020	0.00437	0.00015	9.7e-05	9.6e-05	3e-05	0.00293	0.00203	0.00213	0.00015
16	0.00022	0.03683	0.34709	0.04649	0.35275	0.00451	0.15938	0.00663	0.01820	0.00375	0.00263	0.00622	0.00786	9.4e-05	0.00010	3.1e-05	0.00694	8.9e-05	4.8e-05	0.00014
17	0.00217	0.00010	0.00012	0.00298	0.00365	0.00680	0.00340	0.00015	0.00016	0.00021	0.01239	0.15760	0.00495	0.75506	0.02494	8.5e-05	0.01239	0.01053	0.00226	6.6e-05
18	0.42621	0.05455	0.02801	0.00372	0.07430	0.20683	0.05481	0.10376	0.00255	0.02709	0.00017	0.00241	0.00013	0.00211	8.3e-05	2.9e-05	0.01104	6.8e-05	0.00203	0.00012
19	0.00014	0.00011	0.00016	0.00847	0.00709	0.00012	0.00466	0.00253	0.00017	0.00024	0.02390	0.06726	0.05950	0.05369	0.73544	0.00013	0.02417	0.00582	0.00631	8.8e-05
20	0.02974	0.04020	0.05056	0.01715	0.43674	0.02879	0.02284	0.18050	0.10683	0.05769	0.00460	0.00025	0.00018	0.00010	0.00238	3e-05	0.01159	8.8e-05	6.8e-05	0.00966
21	0.00037	0.00038	0.00028	0.00024	0.00030	0.56896	0.00019	0.39756	0.01907	0.00040	0.00019	0.00021	0.00015	0.00011	9.4e-05	2.7e-05	0.00575	7.5e-05	0.00551	0.00014
22	0.00230	0.01205	0.02776	0.01126	0.01286	0.00467	0.00580	0.03889	0.03192	0.02007	0.49833	0.01549	0.17688	0.00185	0.00011	2.9e-05	0.00228	0.00245	9.3e-05	0.13491
23	0.00017	0.00013	0.00017	0.00019	0.00021	0.02905	0.00275	0.00467	0.00248	0.00029	0.00655	0.01960	0.00649	0.00573	0.00649	0.00497	0.08030	0.82671	0.00297	9.3e-05
24	0.00023	0.00568	0.24195	0.00698	0.01556	0.00414	0.58419	0.00717	0.00528	0.05205	0.00023	0.04767	0.00018	0.00010	0.00011	3.3e-05	0.00015	0.02315	0.00502	0.00013
25	0.00592	0.00011	0.00013	0.00012	0.00015	9.6e-05	9.2e-05	0.00019	0.01301	0.05356	0.61177	0.04491	0.25416	0.00021	0.00012	3.2e-05	5.1e-05	0.00416	0.01113	9.5e-05
26	0.01478	0.00018	0.00020	0.00015	0.00023	0.00013	0.00012	0.00025	0.00021	0.01821	0.00018	0.00021	0.00015	7.4e-05	7.3e-05	1.5e-05	7.3e-05	5.9e-05	6e-05	0.96465
27	0.06217	0.00021	0.00265	0.36212	0.45927	0.00342	0.01755	0.00935	0.02120	0.01295	0.03465	0.00183	0.00221	0.00178	0.00194	3.1e-05	0.00196	0.00265	0.00194	0.00013
28	0.00012	9.5e-05	0.00011	0.00012	0.00014	8.5e-05	8.7e-05	0.00015	0.00022	0.00028	0.18449	0.44766	0.32125	0.02282	0.00013	3.7e-05	5.4e-05	0.00882	9.4e-05	0.01323
29	0.00203	0.12728	0.42119	0.01149	0.07693	0.01118	0.03137	0.01400	0.14554	0.00859	0.11506	0.01748	0.01213	0.00012	9.6e-05	3e-05	0.00333	0.00196	6.2e-05	0.00014
30	0.00025	0.00023	0.00040	0.00502	0.96449	0.00023	0.00398	0.00699	0.00023	0.00755	0.00019	0.00025	0.00016	0.00456	0.0001	3e-05	0.00012	8.8e-05	0.00500	0.00016
31	0.00013	0.00010	0.00011	0.00011	0.00014	8.7e-05	8.1e-05	0.00016	0.00024	0.01114	0.27428	0.00089	0.71173	0.00024	0.00012	3.3e-05	4.9e-05	0.00020	9.7e-05	8.7e-05
32	0.00017	0.00013	0.00016	0.00015	0.00315	0.00595	0.00011	0.03061	0.21356	0.00667	0.65621	0.00062	0.03393	0.00018	0.00427	3.2e-05	0.00676	0.00016	0.03706	0.00011
33	0.00012	9.5e-05	0.00011	0.00012	0.00014	8.5e-05	8.7e-05	0.00015	0.00023	0.00030	0.27940	0.36928	0.34194	0.00026	0.00012	3.5e-05	5.2e-05	0.00729	9.6e-05	8.5e-05
34	0.00037	0.00044	0.00028	0.00025	0.00030	0.86546	0.00019	0.11291	0.00775	0.00029	0.00016	0.00019	0.00013	0.00010	9.3e-05	2.6e-05	0.01080	6.7e-05	5.7e-05	0.00012
35	0.00017	0.00013	0.00375	0.04325	0.00871	0.00013	0.05451	0.01436	0.00873	0.00545	0.09333	0.00093	0.09813	0.00024	0.00013	4.1e-05	8.8e-05	0.64857	0.01927	9.6e-05
36	0.93511	0.00019	0.00015	0.00684	0.00019	0.00022	0.00011	0.00029	0.01941	0.00929	0.00015	0.00017	0.00012	9.3e-05	6.3e-05	3e-05	7.6e-05	5.6e-05	0.02733	0.00011
37	0.00015	0.00010	0.00013	0.00013	0.00015	9.6e-05	9.6e-05	0.00315	0.01493	0.05719	0.54899	0.23997	0.08336	0.00583	0.00012	3.4e-05	5.4e-05	0.02530	0.02012	9.4e-05
38	0.92850	0.00020	0.00015	0.00442	0.00732	0.00687	0.00011	0.02745	0.00627	0.01424	0.00015	0.00017	0.00011	9.3e-05	6.4e-05	3e-05	7.9e-05	5.6e-05	6.3e-05	0.00365
39	0.01742	0.19782	0.51657	0.00803	0.03556	0.01817	0.01348	0.02918	0.00425	0.10384	0.00480	0.00979	0.02208	0.00312	9.1e-05	2.9e-05	0.00012	0.01338	5.6e-05	0.00225

[dist]
# distance from previous block
# <min> <max>
3	8

[block]
# block no. 1 follows, 3513 sequences, length 74
# corresponding to MSA columns:
# 128-131,136-168,171-205,207,208
name=unknown_B
#
# <colnr> <probs for GDERKNQSTAVLIFYWHMCP>
#	G	D	E	R	K	N	Q	S	T	A	V	L	I	F	Y	W	H	M	C	P
0	0.00463	0.00022	0.00279	0.03897	0.31165	0.02224	0.02477	0.24845	0.02143	0.16093	0.01169	0.00030	0.01963	0.00011	0.00384	3e-05	0.00936	0.02591	7.8e-05	0.09296
1	0.00464	0.01275	0.01058	0.02045	0.89519	0.02546	0.01327	0.00263	0.00023	0.00779	0.00234	0.00388	0.00016	9e-05	9.7e-05	2.9e-05	0.00012	8.8e-05	5e-05	0.00015
2	0.00494	0.00014	0.00215	0.00443	0.07778	0.03513	0.00946	0.01614	0.00636	0.16663	0.16558	0.26620	0.17372	0.03085	0.01814	3.8e-05	0.01054	0.01008	9.2e-05	0.00161
3	0.00013	9.9e-05	0.00012	0.00013	0.00015	8.9e-05	9.5e-05	0.00363	0.00257	0.02349	0.06515	0.44334	0.32879	0.01452	0.00013	3.8e-05	5.9e-05	0.09662	9.2e-05	0.02074
4	0.00494	0.36864	0.41847	0.00481	0.02698	0.05892	0.07603	0.01192	0.01245	0.01575	0.00017	0.00020	0.00013	9.1e-05	8.4e-05	2.7e-05	0.00013	7e-05	4.6e-05	0.00014
5	0.11349	0.03492	0.07620	0.01490	0.05321	0.16175	0.01807	0.16216	0.02921	0.14518	0.05236	0.01789	0.01951	0.02413	0.01674	3.4e-05	0.05024	0.00314	0.00138	0.00548
6	0.01788	0.00017	0.00022	0.00017	0.00024	0.00016	0.00014	0.08139	0.01392	0.70993	0.05041	0.00328	0.04882	0.00482	0.00011	3.1e-05	0.02817	0.00577	0.02599	0.00838
7	0.00401	0.00013	0.03197	0.00594	0.01007	0.00012	0.01561	0.00982	0.02738	0.18272	0.42212	0.10406	0.11771	0.01459	0.00427	3.4e-05	0.00338	0.04586	0.00010	0.00011
8	0.04535	0.07486	0.20539	0.07766	0.08433	0.13082	0.06186	0.07934	0.01693	0.18584	0.01544	0.00765	0.00217	0.00149	0.00266	3e-05	0.00643	0.00154	6.7e-05	0.00014
9	0.00024	0.45133	0.44354	0.00371	0.00034	0.00949	0.01712	0.00883	0.04611	0.00755	0.00017	0.00489	0.00014	9.3e-05	8.2e-05	2.7e-05	0.00330	6.8e-05	0.00283	0.00014
10	0.00013	9.1e-05	0.00012	0.00014	0.00015	8.5e-05	9.8e-05	0.00015	0.00020	0.00026	0.00919	0.73681	0.10727	0.01457	0.00013	4.1e-05	6.1e-05	0.13034	9.1e-05	8.2e-05
11	0.03902	0.00023	0.09970	0.03144	0.01016	0.00022	0.03139	0.13032	0.31384	0.29324	0.00214	0.00033	0.02041	0.00013	0.00319	3.2e-05	0.00887	0.01510	9.4e-05	0.00015
12	0.00024	0.00342	0.00745	0.01762	0.12826	0.01005	0.05729	0.01931	0.07620	0.22485	0.02229	0.34147	0.05358	0.00605	0.00011	3.5e-05	8.4e-05	0.02993	0.00164	0.00012
13	0.00012	0.0001	0.00010	0.00010	0.00013	8.4e-05	7.6e-05	0.00014	0.00022	0.00027	0.01756	0.02594	0.94942	0.00515	0.00012	3.4e-05	5e-05	0.00021	9.2e-05	8.3e-05
14	0.00280	0.00021	0.00024	0.00020	0.00026	0.00022	0.00016	0.21306	0.45927	0.29996	0.01915	0.00034	0.00027	0.00013	0.0001	3.2e-05	8.6e-05	0.00010	0.00325	0.00016
15	0.95583	0.00019	0.00015	0.00345	0.00020	0.00436	0.00011	0.00931	0.00017	0.01987	0.00015	0.00562	0.00011	9.4e-05	6.3e-05	3.1e-05	7.7e-05	5.6e-05	6.3e-05	0.00011
16	0.00023	0.00026	0.00058	0.00622	0.00051	0.00025	0.98402	0.00031	0.00023	0.00032	0.00020	0.00601	0.00015	8.5e-05	0.00012	3.3e-05	0.00017	0.00012	5e-05	0.00013
17	0.00024	0.00023	0.00700	0.09442	0.81627	0.00204	0.03325	0.00183	0.00711	0.00629	0.00019	0.00266	0.00184	9.3e-05	0.00181	0.00137	0.01459	0.00165	0.00697	0.00015
18	0.00260	0.00017	0.00021	0.00015	0.00024	0.00014	0.00012	0.00634	0.00308	0.22931	0.02406	0.00025	0.00019	8.8e-05	8e-05	1.9e-05	7.5e-05	7.1e-05	0.00219	0.73062
19	0.00015	0.00012	0.01798	0.00439	0.01099	0.00011	0.03236	0.00952	0.01440	0.02520	0.54512	0.17491	0.10223	0.01564	0.02228	3.7e-05	6.4e-05	0.02150	0.00290	9.6e-05
20	0.00736	0.00013	0.01635	0.00476	0.03491	0.00531	0.01736	0.01250	0.01960	0.06818	0.40136	0.05931	0.31845	0.00453	0.00012	3.3e-05	0.00169	0.01400	9.7e-05	0.01392
21	0.00169	0.00239	0.00023	0.07201	0.01600	0.01066	0.00016	0.00516	0.82513	0.01564	0.00569	0.00196	0.00631	0.00013	9.9e-05	3.3e-05	8.2e-05	0.00011	0.03636	0.00015
22	0.00021	0.00270	0.00551	0.32325	0.44649	0.01132	0.00117	0.01009	0.01583	0.00328	0.03394	0.03221	0.02503	0.01645	0.04784	0.00098	0.01440	0.00575	0.00242	0.00112
23	0.00043	0.00018	0.00024	0.00018	0.00026	0.00017	0.00015	0.12301	0.01271	0.84624	0.00634	0.00033	0.00024	0.00893	0.00010	3.1e-05	8.7e-05	9.9e-05	0.00012	0.00017
24	0.00022	0.00021	0.00036	0.35492	0.62021	0.00023	0.00286	0.00326	0.00777	0.00340	0.00209	0.00025	0.00015	9.3e-05	9.9e-05	3.1e-05	0.00356	8.8e-05	4.8e-05	0.00014
25	0.00599	0.00024	0.00164	0.03893	0.84718	0.04693	0.01096	0.00732	0.00375	0.00698	0.00942	0.00153	0.00778	9.3e-05	9.9e-05	3e-05	0.00592	0.00157	0.00348	0.00015
26	0.00038	0.06381	0.00030	0.00022	0.00030	0.00790	0.00018	0.81320	0.00043	0.10864	0.00025	0.00024	0.00017	0.00012	9.6e-05	2.9e-05	0.00011	8.7e-05	9.7e-05	0.00346
27	0.00013	0.00012	0.02508	0.00011	0.00015	0.01550	9e-05	0.00016	0.00024	0.00030	0.27109	0.03255	0.65366	0.00023	0.00012	3.3e-05	5.4e-05	0.00020	9.4e-05	8.8e-05
28	0.00043	0.00018	0.00024	0.00018	0.00026	0.00017	0.00015	0.12368	0.00031	0.87275	0.00037	0.00032	0.00023	0.00012	9.9e-05	3e-05	8.7e-05	9.8e-05	0.00012	0.00017
29	0.40426	0.00028	0.01734	0.00021	0.00300	0.23301	0.08598	0.09253	0.08438	0.07374	0.00431	0.00021	0.00015	0.00010	8.3e-05	3e-05	0.00011	7.4e-05	6.9e-05	0.00013
30	0.00014	9.6e-05	0.00011	0.00011	0.00011	9.6e-05	6.1e-05	0.00014	0.00014	0.00019	0.00031	0.00063	0.00035	0.95881	0.00799	0.03035	9.7e-05	0.00014	5.9e-05	6e-05
31	0.00344	0.00570	0.00039	0.10393	0.86352	0.00024	0.00030	0.00275	0.00022	0.00031	0.00018	0.00025	0.00015	9.1e-05	0.00010	3e-05	0.01811	8.8e-05	4.8e-05	0.00015
32	0.00012	9.3e-05	0.00011	0.00013	0.00014	8.5e-05	8.8e-05	0.00015	0.01218	0.00028	0.12145	0.58361	0.27468	0.00028	0.00012	3.7e-05	5.4e-05	0.00621	9.4e-05	8.4e-05
33	0.00019	0.00018	0.00030	0.98915	0.00782	0.00022	0.00027	0.00025	0.00020	0.00025	0.00018	0.00026	0.00013	9.9e-05	9.9e-05	3.3e-05	0.00013	8.8e-05	4.4e-05	0.00011
34	0.00022	0.04279	0.62195	0.00389	0.15962	0.00416	0.10973	0.00032	0.01004	0.04249	0.00213	0.00023	0.00014	9.3e-05	9.6e-05	3.1e-05	0.00181	8.1e-05	4.8e-05	0.00015
35	0.86447	0.02933	0.00671	0.00275	0.03184	0.04750	0.00386	0.00374	0.00018	0.00174	0.00014	0.00132	0.00011	0.00131	0.00166	3e-05	0.00201	0.00113	6e-05	0.00011
36	0.00018	0.00705	0.00749	0.00121	0.00024	0.00894	0.14606	0.00679	0.00687	0.02125	0.01794	0.00960	0.00585	0.02434	0.08339	0.05779	0.00410	0.58723	0.00357	9.7e-05
37	0.01308	0.00143	0.02287	0.00131	0.01963	0.01851	0.00013	0.03571	0.01357	0.11339	0.00798	0.00608	0.01568	8.8e-05	8e-05	1.9e-05	8e-05	0.00134	6.8e-05	0.72897
38	0.00013	0.00010	0.00011	0.00011	0.00014	8.7e-05	8.3e-05	0.00016	0.00304	0.00909	0.17719	0.05845	0.72132	0.00024	0.00012	3.4e-05	5.1e-05	0.02937	9.5e-05	8.6e-05
39	0.98716	0.00019	0.00015	0.00013	0.00019	0.00022	0.00011	0.00029	0.00017	0.01050	0.00014	0.00016	0.00011	9.2e-05	6.2e-05	3.1e-05	7.6e-05	5.4e-05	6.2e-05	0.00011
40	0.02246	0.00013	0.00015	0.00013	0.00018	0.00012	0.00010	0.00371	0.04140	0.31870	0.15989	0.07538	0.01873	0.00015	0.00478	3e-05	6.3e-05	0.00295	0.35084	0.00012
41	0.00023	0.00021	0.00035	0.08477	0.68675	0.00211	0.00027	0.02497	0.01008	0.00877	0.00023	0.00036	0.00021	0.00528	0.01407	3.4e-05	0.03646	0.11869	0.00603	0.00014
42	0.00015	0.00010	0.00014	0.00013	0.00015	9.7e-05	9.5e-05	0.00398	0.01385	0.01802	0.95450	0.00710	0.00091	0.00020	0.00012	3.1e-05	4.8e-05	0.00018	0.00011	9.6e-05
43	0.00025	0.00412	0.00023	0.00020	0.00026	0.00429	0.00016	0.00667	0.98164	0.00041	0.00040	0.00037	0.00030	0.00013	0.00010	3.3e-05	7.9e-05	0.00011	0.00010	0.00016
44	0.00012	8.6e-05	0.00012	0.00014	0.00014	8.1e-05	9.2e-05	0.00014	0.00019	0.00025	0.00437	0.97943	0.00440	0.00031	0.00013	4e-05	5.8e-05	0.00974	9.2e-05	8e-05
45	0.00019	0.00018	0.00030	0.99629	0.00068	0.00022	0.00027	0.00025	0.00020	0.00025	0.00018	0.00026	0.00013	9.9e-05	9.9e-05	3.3e-05	0.00013	8.8e-05	4.4e-05	0.00011
46	0.59206	0.01098	0.00569	0.16462	0.11924	0.05095	0.00517	0.02727	0.00020	0.01794	0.00016	0.00019	0.00012	9.4e-05	7.7e-05	3e-05	0.00497	6.6e-05	5.8e-05	0.00012
47	0.00259	0.29461	0.32932	0.02209	0.05813	0.06278	0.06129	0.01744	0.02055	0.06560	0.01447	0.00375	0.01282	0.00010	0.00391	0.00267	0.01125	0.00457	0.00089	0.01115
48	0.00021	0.00020	0.00032	0.66924	0.16141	0.03429	0.04834	0.00279	0.00512	0.01328	0.00711	0.00943	0.01022	0.00011	0.00925	3.4e-05	0.01274	0.01575	4.9e-05	0.00012
49	0.00016	0.00012	0.00016	0.00579	0.01146	0.00012	0.00016	0.00021	0.00023	0.01397	0.00052	0.00109	0.00056	0.00027	0.00014	4.5e-05	9.1e-05	0.96474	9.1e-05	9.3e-05
50	0.00015	0.00570	0.00776	0.00015	0.00016	0.00291	0.00011	0.00016	0.00015	0.00021	0.00024	0.00252	0.00023	0.06072	0.63257	0.28582	0.00020	0.00010	5e-05	7.4e-05
51	0.00183	0.16310	0.62383	0.00025	0.00037	0.06944	0.01699	0.02962	0.00700	0.04716	0.00634	0.00022	0.00500	0.00970	0.01108	3.1e-05	0.00776	7.4e-05	4.9e-05	0.00014
52	0.00014	9.6e-05	0.00011	0.00011	0.00011	9.6e-05	6e-05	0.00014	0.00014	0.00019	0.00031	0.00064	0.00036	0.98958	0.00745	9.6e-05	9.7e-05	0.00014	6e-05	6e-05
53	0.00013	9.1e-05	0.00012	0.00014	0.00015	8.5e-05	9.3e-05	0.00015	0.00221	0.02541	0.03357	0.78229	0.03288	0.07305	0.00348	4.4e-05	6.2e-05	0.04376	0.00219	8.2e-05
54	0.00174	0.67164	0.21847	0.00020	0.00508	0.03020	0.00811	0.00470	0.01134	0.00631	0.00016	0.00146	0.00013	0.00011	0.03826	2.9e-05	0.00181	6.2e-05	4.4e-05	0.00013
55	0.00021	0.00020	0.00033	0.64193	0.34048	0.00023	0.00028	0.00375	0.00351	0.00028	0.00018	0.00026	0.00014	9.6e-05	0.00010	3.2e-05	0.00774	8.8e-05	4.6e-05	0.00013
56	0.00012	8.8e-05	0.00012	0.00014	0.00014	8.3e-05	9e-05	0.00014	0.00733	0.00025	0.00555	0.88515	0.00509	0.08626	0.00016	4.5e-05	6.1e-05	0.00902	8.9e-05	7.9e-05
57	0.00013	0.00010	0.00012	0.00012	0.00014	0.00313	0.00182	0.00017	0.02045	0.00409	0.27816	0.08952	0.49916	0.05097	0.00014	3.7e-05	5.5e-05	0.03683	0.01477	8.7e-05
58	0.00302	0.00779	0.00204	0.02468	0.01658	0.36533	0.00293	0.24141	0.18897	0.02819	0.03219	0.00128	0.01222	0.00442	0.02190	0.00268	0.03350	0.00283	0.00789	0.00014
59	0.00014	0.00772	0.00013	0.00012	0.00015	0.00479	9e-05	0.02228	0.01885	0.00978	0.32533	0.13896	0.42936	0.02399	0.00013	3.5e-05	5.5e-05	0.01791	9.7e-05	9e-05
60	0.01139	0.00018	0.00023	0.00018	0.00025	0.00226	0.00015	0.16885	0.02297	0.72023	0.06904	0.00035	0.00319	0.00013	0.00010	3.1e-05	8.6e-05	0.00010	0.00012	0.00016
61	0.00191	9.2e-05	0.00012	0.00014	0.00015	8.6e-05	9.4e-05	0.01314	0.00020	0.00383	0.03167	0.81558	0.08496	0.00674	0.00013	3.9e-05	5.8e-05	0.03315	0.00783	8.3e-05
62	0.00021	0.00018	0.00021	0.00015	0.00023	0.00013	0.00012	0.00492	0.00021	0.01325	0.00018	0.00021	0.00015	7.4e-05	7.4e-05	1.5e-05	7.3e-05	5.9e-05	6e-05	0.97951
63	0.00019	0.00420	0.00030	0.95703	0.01591	0.00776	0.00652	0.00026	0.00248	0.00025	0.00018	0.00026	0.00013	9.9e-05	9.9e-05	3.3e-05	0.00013	8.8e-05	0.00397	0.00011
64	0.00325	0.00011	0.01880	0.00012	0.00015	9.5e-05	0.00471	0.00812	0.00346	0.00329	0.55313	0.00967	0.38601	0.00369	0.00012	3.2e-05	5.2e-05	0.00501	0.0001	9.1e-05
65	0.00019	0.00018	0.00031	0.86071	0.12836	0.00022	0.00811	0.00026	0.00020	0.00026	0.00018	0.00026	0.00013	9.7e-05	9.9e-05	3.2e-05	0.00013	8.8e-05	4.5e-05	0.00012
66	0.00026	0.97936	0.01083	0.00017	0.00026	0.00730	0.00017	0.00030	0.00020	0.00023	0.00014	0.00016	0.00013	8.5e-05	6.4e-05	2.1e-05	0.00011	5.3e-05	4.2e-05	0.00013
67	0.00014	9.6e-05	0.00011	0.00011	0.00011	9.6e-05	6e-05	0.00014	0.00014	0.00019	0.00031	0.01456	0.00036	0.98261	0.00050	9.5e-05	9.5e-05	0.00015	6e-05	6e-05
68	0.00235	0.00159	0.00821	0.74105	0.11858	0.02233	0.03754	0.01377	0.00021	0.00234	0.00018	0.00026	0.00014	0.00010	0.00011	0.00695	0.04273	0.00140	4.6e-05	0.00012
69	0.98330	0.00019	0.00015	0.00013	0.00019	0.00022	0.00011	0.00029	0.00017	0.00044	0.00014	0.00016	0.00011	9.1e-05	6.1e-05	3e-05	7.6e-05	5.4e-05	6.1e-05	0.01404
70	0.00013	9.7e-05	0.00012	0.00012	0.00014	8.8e-05	8.7e-05	0.00016	0.00736	0.01057	0.31225	0.33972	0.25610	0.06460	0.00014	3.9e-05	5.5e-05	0.00803	9.5e-05	8.5e-05
71	0.00583	0.01520	0.02058	0.00444	0.06118	0.23555	0.00204	0.55514	0.00693	0.00465	0.00021	0.00022	0.00015	0.00011	9.3e-05	2.7e-05	0.00012	7.9e-05	7.8e-05	0.08736
72	0.09948	0.07706	0.02704	0.06356	0.07452	0.02021	0.00326	0.08180	0.04743	0.12049	0.01596	0.02006	0.00913	0.00113	0.01092	2.7e-05	0.00148	0.00416	0.00536	0.31690
73	0.00256	0.04082	0.00340	0.14370	0.55192	0.16153	0.01073	0.02619	0.04497	0.00147	0.00019	0.00144	0.00016	9.6e-05	9.7e-05	2.9e-05	0.00575	0.00476	5.2e-05	0.00014

[dist]
# distance from previous block
# <min> <max>
1	2

[block]
# block no. 2 follows, 3513 sequences, length 56
# corresponding to MSA columns:
# 211-233,239-254,261-277
name=unknown_C
#
# <colnr> <probs for GDERKNQSTAVLIFYWHMCP>
#	G	D	E	R	K	N	Q	S	T	A	V	L	I	F	Y	W	H	M	C	P
0	0.00026	0.99659	0.00052	0.00017	0.00025	0.00039	0.00017	0.00030	0.00020	0.00023	0.00014	0.00016	0.00013	8.4e-05	6.3e-05	2.1e-05	0.00011	5.3e-05	4.2e-05	0.00013
1	0.90946	0.00998	0.00016	0.00889	0.02158	0.00618	0.00399	0.01494	0.00018	0.01816	0.00015	0.00017	0.00011	9.3e-05	6.5e-05	3e-05	0.00563	5.6e-05	6.2e-05	0.00011
2	0.00352	0.00166	0.00434	0.68329	0.03356	0.09143	0.05274	0.00483	0.00787	0.00273	0.00701	0.00141	0.00015	0.02051	0.00797	0.00257	0.06079	0.00348	0.01002	0.00011
3	0.98492	0.00019	0.00015	0.00013	0.00019	0.00022	0.00011	0.00029	0.00017	0.01274	0.00014	0.00016	0.00011	9.2e-05	6.2e-05	3.1e-05	7.6e-05	5.4e-05	6.2e-05	0.00011
4	0.00036	0.00501	0.00028	0.00025	0.00030	0.95031	0.00019	0.01601	0.00028	0.00025	0.00016	0.00018	0.00013	0.00010	8.9e-05	2.5e-05	0.00017	6.5e-05	0.02572	0.00011
5	0.00014	0.00010	0.00015	0.00015	0.00017	0.00012	0.00012	0.00017	0.00016	0.00023	0.00029	0.03282	0.00884	0.08774	0.85453	0.00015	0.00024	0.00819	0.00560	8.5e-05
6	0.00494	0.00028	0.00026	0.00022	0.00028	0.19771	0.00017	0.30700	0.35123	0.13643	0.00030	0.00028	0.00022	0.00012	9.7e-05	3e-05	0.00011	9.3e-05	9.3e-05	0.00015
7	0.00014	9.7e-05	0.00012	0.00014	0.00015	9.3e-05	9.8e-05	0.00016	0.00938	0.00336	0.02342	0.43967	0.08065	0.22995	0.00021	0.00215	7.3e-05	0.20646	0.00362	7.9e-05
8	0.95647	0.00019	0.00015	0.00013	0.00020	0.00023	0.00011	0.04098	0.00018	0.00045	0.00014	0.00016	0.00011	9.3e-05	6.3e-05	3.1e-05	7.8e-05	5.5e-05	6.3e-05	0.00011
9	0.00012	9.6e-05	0.00011	0.00012	0.00014	8.5e-05	8.5e-05	0.00015	0.00022	0.00029	0.21742	0.33194	0.43322	0.00911	0.00012	3.6e-05	5.2e-05	0.00649	9.5e-05	8.4e-05
10	0.00025	0.04612	0.00988	0.17440	0.47326	0.05052	0.01448	0.05943	0.12545	0.01912	0.00471	0.00458	0.00481	0.00010	9.8e-05	3e-05	0.00336	0.00388	5.9e-05	0.00545
11	0.00020	0.07617	0.91432	0.00027	0.00041	0.00633	0.00035	0.00031	0.00021	0.00031	0.00017	0.00020	0.00013	9.3e-05	9.1e-05	3e-05	0.00014	7.1e-05	4.2e-05	0.00014
12	0.00023	0.00242	0.01834	0.00038	0.00047	0.00408	0.80138	0.00343	0.00022	0.00353	0.00020	0.00610	0.00391	0.00010	0.00239	3.5e-05	0.15045	0.00216	5e-05	0.00013
13	0.00229	0.00012	0.00014	0.00014	0.00017	0.00346	0.03787	0.06069	0.04626	0.00982	0.06135	0.28063	0.48283	0.00428	0.00309	3.5e-05	6.3e-05	0.00500	9.2e-05	0.00165
14	0.00013	0.00011	0.00012	0.00012	0.00015	9.3e-05	8.9e-05	0.02154	0.00415	0.00030	0.20190	0.00442	0.67904	0.00024	0.00012	3.4e-05	5.4e-05	0.08722	9.5e-05	8.8e-05
15	0.00014	9.6e-05	0.00011	0.00011	0.00011	9.6e-05	6.1e-05	0.00014	0.00014	0.00019	0.00031	0.00064	0.00036	0.97410	0.02293	9.7e-05	0.0001	0.00014	6e-05	6e-05
16	0.00021	0.00018	0.00021	0.00343	0.00024	0.00015	0.00013	0.00997	0.02617	0.00836	0.00019	0.02664	0.00016	9.6e-05	0.01045	2e-05	0.07052	6.9e-05	6e-05	0.84276
17	0.00020	0.00744	0.98025	0.00028	0.00043	0.00023	0.00920	0.00031	0.00021	0.00031	0.00018	0.00021	0.00013	9.4e-05	9.4e-05	3.1e-05	0.00015	7.3e-05	4.2e-05	0.00015
18	0.00012	9.9e-05	0.00011	0.00011	0.00014	8.5e-05	7.9e-05	0.00015	0.00023	0.00029	0.15618	0.06106	0.77374	0.00025	0.00012	3.3e-05	5e-05	0.00699	9.4e-05	8.5e-05
19	0.00027	0.46987	0.15058	0.00216	0.03609	0.21062	0.00747	0.04903	0.01317	0.00210	0.04120	0.00021	0.00991	9.9e-05	8.2e-05	2.5e-05	0.00685	6.9e-05	5.1e-05	0.00013
20	0.00015	0.00011	0.00016	0.00397	0.00018	0.00012	0.03619	0.00018	0.00018	0.00987	0.07405	0.05122	0.10173	0.16864	0.48276	0.00010	0.00017	0.00300	6.5e-05	0.06715
21	0.00027	0.93463	0.02957	0.00017	0.00026	0.02172	0.00018	0.00679	0.00020	0.00528	0.00014	0.00016	0.00013	8.6e-05	6.5e-05	2.2e-05	0.00011	5.4e-05	4.3e-05	0.00013
22	0.00267	0.07035	0.02480	0.06621	0.64894	0.03447	0.04798	0.04896	0.02933	0.00853	0.00020	0.00862	0.00016	9.5e-05	9.7e-05	2.9e-05	0.00012	0.00825	5.3e-05	0.00015
23	0.00014	0.00011	0.00012	0.00012	0.00015	9.6e-05	8.8e-05	0.00698	0.03547	0.01410	0.43655	0.00774	0.47698	0.01402	0.00388	3.4e-05	5.2e-05	0.00319	9.9e-05	9.2e-05
24	0.00812	0.49641	0.08236	0.02919	0.13975	0.08710	0.00368	0.04038	0.03678	0.00326	0.00617	0.00910	0.00931	0.00011	0.00817	2.7e-05	0.00248	0.02797	5.2e-05	0.00958
25	0.02309	0.00443	0.02431	0.31360	0.34595	0.01549	0.05329	0.02265	0.05338	0.06858	0.02513	0.00384	0.00385	0.00700	0.00191	3.2e-05	0.02624	0.00373	0.00335	0.00013
26	0.00016	0.00014	0.00614	0.00251	0.00018	0.03029	0.01632	0.03721	0.09402	0.01072	0.26394	0.15721	0.30329	0.00271	0.00189	3.3e-05	6.5e-05	0.01904	9.3e-05	0.05405
27	0.00020	0.00338	0.00191	0.56218	0.06626	0.00621	0.08973	0.02106	0.00663	0.00827	0.00174	0.04567	0.01605	0.00464	0.03931	0.04154	0.05599	0.02437	0.00204	0.00283
28	0.97969	0.00019	0.00015	0.00013	0.00019	0.00022	0.00011	0.01780	0.00017	0.00045	0.00014	0.00016	0.00011	9.2e-05	6.2e-05	3.1e-05	7.7e-05	5.4e-05	6.2e-05	0.00011
29	0.00015	0.00011	0.00015	0.00017	0.00019	0.00010	0.00014	0.00019	0.00022	0.00028	0.00534	0.22144	0.03362	0.03461	0.00015	4.6e-05	8.2e-05	0.70286	9e-05	8.7e-05
30	0.00905	0.62569	0.01957	0.00020	0.00028	0.30875	0.01769	0.01114	0.00023	0.00024	0.00014	0.00017	0.00013	9.1e-05	7.5e-05	2.3e-05	0.00630	5.8e-05	4.6e-05	0.00012
31	0.00012	0.00010	0.00011	0.00011	0.00014	8.6e-05	8e-05	0.00015	0.00023	0.00029	0.17799	0.00840	0.78717	0.00024	0.00012	3.3e-05	5e-05	0.02440	9.5e-05	8.5e-05
32	0.00024	0.00020	0.00021	0.00018	0.00024	0.02908	0.01219	0.09142	0.57853	0.02875	0.13933	0.00567	0.09283	0.00015	0.00010	3.2e-05	7.7e-05	0.00441	0.01622	0.00014
33	0.00013	9.9e-05	0.00011	0.00011	0.00013	8.9e-05	7.9e-05	0.00015	0.00021	0.00027	0.19539	0.04756	0.46830	0.22960	0.00021	0.02572	6.2e-05	0.02891	0.00278	7.9e-05
34	0.00246	0.00012	0.00372	0.00014	0.00017	0.00418	0.00335	0.00704	0.15247	0.01303	0.71105	0.00065	0.03379	0.00018	0.00011	3.1e-05	0.00779	0.00176	0.05785	0.00010
35	0.00024	0.00021	0.00022	0.00019	0.00025	0.00024	0.00015	0.01355	0.91699	0.00041	0.01006	0.00039	0.02954	0.01767	0.00011	3.4e-05	7.7e-05	0.00012	0.00942	0.00015
36	0.00030	0.00603	0.00026	0.00987	0.00398	0.06092	0.00734	0.33427	0.57500	0.00047	0.00033	0.00031	0.00024	0.00013	9.9e-05	3.2e-05	9.6e-05	0.00010	9.5e-05	0.00016
37	0.00677	0.00018	0.00023	0.00018	0.00025	0.01328	0.00015	0.05729	0.11384	0.78969	0.00531	0.00701	0.00025	0.00012	0.00010	3.1e-05	0.00491	0.00010	0.00012	0.00016
38	0.02398	0.04191	0.06270	0.04560	0.42394	0.12047	0.05855	0.03800	0.07659	0.02839	0.01630	0.01615	0.00206	0.00010	0.00134	2.9e-05	0.00754	8.9e-05	5.8e-05	0.03620
39	0.00524	0.03678	0.01995	0.00197	0.01724	0.19962	0.00206	0.16483	0.53028	0.00289	0.01372	0.00218	0.00024	0.00012	9.7e-05	3.1e-05	0.00242	9.6e-05	8.6e-05	0.00015
40	0.00027	0.79304	0.00645	0.02071	0.02712	0.10312	0.00018	0.00031	0.00265	0.01775	0.02063	0.00018	0.00015	9e-05	7e-05	2.2e-05	0.00011	5.9e-05	4.6e-05	0.00705
41	0.00321	0.17261	0.49428	0.00412	0.14249	0.03146	0.03509	0.00626	0.00677	0.05810	0.02554	0.00361	0.00834	0.00010	0.00202	2.9e-05	0.00186	0.00392	5.1e-05	0.00014
42	0.00876	0.02746	0.81804	0.00028	0.00041	0.00023	0.04918	0.00571	0.00287	0.02138	0.00736	0.00831	0.00014	0.00011	0.00805	3.3e-05	0.03631	0.00518	4.6e-05	0.00014
43	0.27265	0.00019	0.00021	0.00017	0.00024	0.00814	0.00014	0.13268	0.00333	0.53893	0.00030	0.00028	0.00020	0.00011	8.7e-05	3e-05	8.4e-05	8.5e-05	0.04202	0.00015
44	0.00019	0.00018	0.01039	0.41008	0.25616	0.00020	0.01946	0.00399	0.01561	0.00686	0.00504	0.06225	0.02519	0.08798	0.06706	4.7e-05	0.02448	0.00341	0.00132	0.00012
45	0.00344	0.01132	0.22208	0.02244	0.06078	0.00398	0.00355	0.09940	0.03554	0.43133	0.01770	0.01897	0.00472	0.01667	0.02231	0.00734	0.00471	0.01208	0.00148	0.00015
46	0.00012	8.7e-05	0.00012	0.00014	0.00014	8.1e-05	9.3e-05	0.00014	0.00019	0.00025	0.00054	0.95490	0.00554	0.01087	0.00013	4.1e-05	5.9e-05	0.02638	9.1e-05	8e-05
47	0.00012	8.7e-05	0.00011	0.00014	0.00014	8.1e-05	9.1e-05	0.00014	0.00019	0.00025	0.00054	0.94603	0.00883	0.03150	0.00014	4.2e-05	5.9e-05	0.01133	9.1e-05	8e-05
48	0.00899	0.03127	0.15383	0.14358	0.19357	0.00355	0.02702	0.09650	0.12005	0.16563	0.01411	0.02325	0.00172	0.00575	0.00010	3.2e-05	0.00196	0.00885	7.3e-05	0.00015
49	0.05142	0.00129	0.12454	0.01659	0.05801	0.00629	0.09482	0.02215	0.00419	0.28803	0.00248	0.21927	0.00154	0.00628	0.01329	3.6e-05	0.05808	0.01180	0.01978	0.00013
50	0.00014	9.4e-05	0.00012	0.00013	0.00013	9.1e-05	8.5e-05	0.00015	0.00018	0.00267	0.01541	0.40001	0.03272	0.42487	0.01099	6.5e-05	7.9e-05	0.10690	0.00510	7.3e-05
51	0.76814	0.01899	0.00282	0.01037	0.04756	0.12179	0.00634	0.01010	0.00406	0.00226	0.00015	0.00017	0.00012	9.4e-05	6.9e-05	3e-05	0.00500	0.00177	5.9e-05	0.00011
52	0.00015	0.00010	0.00013	0.00014	0.00016	0.00333	0.00011	0.00018	0.00019	0.01686	0.01896	0.14015	0.03149	0.35867	0.00026	6.1e-05	8.5e-05	0.40470	0.02419	7.9e-05
53	0.00020	0.00018	0.00021	0.02580	0.00673	0.00013	0.00012	0.00025	0.00020	0.00032	0.00018	0.00021	0.00015	7.4e-05	7.4e-05	1.5e-05	7.5e-05	5.9e-05	5.8e-05	0.96497
54	0.00014	9.6e-05	0.00011	0.00011	0.00011	9.6e-05	6.4e-05	0.00015	0.00015	0.00020	0.00033	0.03292	0.01117	0.90719	0.04243	9.6e-05	0.00010	0.00442	6.1e-05	6.2e-05
55	0.00205	0.00195	0.01650	0.30628	0.30319	0.01342	0.04970	0.04527	0.02026	0.14624	0.02358	0.00031	0.03604	0.00518	0.00822	3.2e-05	0.00137	0.00878	0.00121	0.01042

[dist]
# distance from previous block
# <min> <max>
0	24

# created by:
# /home/cegg/simao/soft/augustus-3.2.1/scripts/msa2prfl.pl ./align_prep/POG091H007J.fa
