[name]
unknown

[dist]
# distance from previous block
# <min> <max>
1	167

[block]
# block no. 0 follows, 2491 sequences, length 10
# corresponding to MSA columns:
# 582,583,585-587,589,591-594
name=unknown_A
#
# <colnr> <probs for GDERKNQSTAVLIFYWHMCP>
#	G	D	E	R	K	N	Q	S	T	A	V	L	I	F	Y	W	H	M	C	P
0	0.00033	0.03638	0.01462	0.00023	0.00035	0.03572	0.01252	0.05703	0.01544	0.03773	0.01468	0.00031	0.00023	0.00012	0.00011	2.5e-05	0.01098	9.2e-05	8.9e-05	0.76301
1	0.00019	0.00017	0.03001	0.00017	0.00022	0.00014	0.01041	0.00025	0.01136	0.02926	0.20186	0.01162	0.66620	0.00033	0.01586	4.9e-05	8.3e-05	0.01036	0.00013	0.01134
2	0.00017	0.00013	0.00017	0.00019	0.00021	0.00012	0.00013	0.00021	0.01725	0.00036	0.00076	0.87713	0.03127	0.01918	0.02983	6.3e-05	9.2e-05	0.02248	0.00013	0.00011
3	0.09449	0.06409	0.08577	0.04196	0.01126	0.03352	0.01365	0.29209	0.11138	0.20482	0.00667	0.01275	0.00656	0.00651	0.00713	4.4e-05	0.00686	0.00013	0.00012	0.00021
4	0.23896	0.01267	0.00033	0.00030	0.02498	0.47799	0.00022	0.02318	0.02216	0.03105	0.00026	0.00029	0.00021	0.00016	0.01162	4.1e-05	0.05406	9.7e-05	0.10127	0.00016
5	0.00019	0.00014	0.00017	0.00017	0.00020	0.00013	0.00012	0.00024	0.01319	0.01499	0.36610	0.14609	0.29342	0.11161	0.01390	6e-05	8.5e-05	0.03892	0.00013	0.00012
6	0.00023	0.00020	0.00029	0.04483	0.22330	0.02138	0.00974	0.00027	0.00028	0.00038	0.02628	0.56431	0.01550	0.01166	0.01384	5.5e-05	0.03391	0.03330	0.00011	0.00014
7	0.00018	0.00014	0.00016	0.00017	0.00020	0.00012	0.00012	0.00022	0.00029	0.02006	0.06351	0.35775	0.38134	0.12301	0.00024	6.2e-05	8.6e-05	0.05210	0.00013	0.00012
8	0.00741	0.11463	0.29705	0.08464	0.06144	0.03220	0.09627	0.07395	0.10487	0.01776	0.05620	0.01407	0.00750	0.00910	0.00014	4.4e-05	0.00896	0.00666	0.00692	0.00019
9	0.01666	0.00021	0.00027	0.00711	0.03227	0.00655	0.00707	0.02413	0.04467	0.39671	0.21748	0.12419	0.07413	0.01849	0.00695	4.8e-05	0.00649	0.00021	0.00924	0.00714

[dist]
# distance from previous block
# <min> <max>
2	11

[block]
# block no. 1 follows, 2491 sequences, length 16
# corresponding to MSA columns:
# 625-627,634,635,638,639,642,644-646,656,658-660,662
name=unknown_B
#
# <colnr> <probs for GDERKNQSTAVLIFYWHMCP>
#	G	D	E	R	K	N	Q	S	T	A	V	L	I	F	Y	W	H	M	C	P
0	0.17046	0.02106	0.10509	0.06391	0.06542	0.03442	0.13554	0.08490	0.11460	0.05386	0.03463	0.01561	0.03663	0.02614	0.00451	0.00343	0.00665	0.00750	0.00767	0.00796
1	0.00019	0.00014	0.00017	0.00019	0.00021	0.00013	0.00013	0.01993	0.01992	0.01201	0.16373	0.57520	0.16161	0.01129	0.00018	5.3e-05	8.1e-05	0.02752	0.00721	0.00012
2	0.00525	0.01021	0.06942	0.06903	0.08313	0.01196	0.10157	0.17743	0.20629	0.03342	0.06445	0.04895	0.04697	0.02485	0.01602	0.00712	0.00843	0.00886	0.00645	0.00019
3	0.00019	0.00013	0.00017	0.00018	0.00020	0.00012	0.00013	0.00022	0.00029	0.01602	0.13695	0.50159	0.13044	0.12438	0.00024	0.01192	8.8e-05	0.06168	0.01494	0.00011
4	0.01175	0.00993	0.00753	0.04161	0.05337	0.01055	0.00951	0.19944	0.44930	0.03882	0.02156	0.05338	0.04179	0.00386	0.00524	4.7e-05	0.00379	0.01543	0.02289	0.00020
5	0.33217	0.00026	0.00029	0.00876	0.00033	0.00026	0.00019	0.09166	0.03573	0.49438	0.01768	0.00040	0.00832	0.00016	0.00012	4.3e-05	0.00012	0.00012	0.00882	0.00020
6	0.03769	0.00031	0.00031	0.00898	0.00035	0.04862	0.00021	0.25245	0.46032	0.01105	0.00045	0.01321	0.00037	0.14471	0.02029	6.1e-05	0.00014	0.00015	0.00013	0.00020
7	0.00038	0.82587	0.03426	0.00027	0.01690	0.10584	0.00025	0.00044	0.01411	0.00034	0.00020	0.00023	0.00018	0.00012	9.6e-05	3.1e-05	0.00016	7.9e-05	6.2e-05	0.00018
8	0.04415	0.00021	0.03383	0.00562	0.00645	0.02335	0.01215	0.10325	0.03614	0.02821	0.00484	0.40145	0.03167	0.01356	0.14235	7.7e-05	0.00758	0.09391	0.00012	0.01108
9	0.03396	0.21454	0.61111	0.00037	0.01830	0.00950	0.05901	0.00044	0.01664	0.01295	0.00025	0.00031	0.00020	0.00014	0.00692	4.3e-05	0.00019	0.01488	6.5e-05	0.00020
10	0.03387	0.00018	0.00020	0.00632	0.00500	0.03470	0.00518	0.00691	0.09275	0.01983	0.23805	0.15245	0.31645	0.02134	0.00017	5e-05	9e-05	0.05586	0.01047	0.00014
11	0.08979	0.00835	0.21248	0.04704	0.00414	0.00878	0.07932	0.34756	0.07301	0.06074	0.02953	0.00412	0.00673	0.00406	0.01199	4.6e-05	0.00438	0.00397	0.00376	0.00020
12	0.00749	0.00017	0.00020	0.00019	0.00024	0.00016	0.00015	0.04638	0.03232	0.12890	0.10110	0.13355	0.38307	0.02253	0.00018	0.01369	9.2e-05	0.12931	0.00014	0.00014
13	0.00031	0.00812	0.18022	0.16719	0.05286	0.01394	0.07807	0.09939	0.11850	0.02076	0.14047	0.00872	0.05120	0.00523	0.00726	4.7e-05	0.03158	0.00855	0.00743	0.00018
14	0.05147	0.05204	0.09185	0.00617	0.00036	0.03573	0.01820	0.07655	0.28840	0.13127	0.09344	0.01519	0.04142	0.00808	0.00594	4.6e-05	0.03287	0.00978	0.04100	0.00019
15	0.00875	0.02207	0.07277	0.11049	0.09435	0.05143	0.06555	0.14661	0.13155	0.04684	0.04576	0.00843	0.03377	0.05647	0.01936	0.00337	0.06674	0.00498	0.00654	0.00418

[dist]
# distance from previous block
# <min> <max>
7	19

[block]
# block no. 2 follows, 2491 sequences, length 19
# corresponding to MSA columns:
# 743-745,768-770,772-779,781-785
name=unknown_C
#
# <colnr> <probs for GDERKNQSTAVLIFYWHMCP>
#	G	D	E	R	K	N	Q	S	T	A	V	L	I	F	Y	W	H	M	C	P
0	0.03454	0.11144	0.18560	0.01463	0.02888	0.06812	0.02603	0.07088	0.07738	0.12058	0.01764	0.01499	0.01552	0.01525	0.00014	3.9e-05	0.00754	0.00328	0.00310	0.18441
1	0.82702	0.00369	0.00707	0.01490	0.00028	0.01181	0.00016	0.00646	0.01396	0.03036	0.01495	0.00687	0.00972	0.03374	0.00353	4.7e-05	0.00357	0.00459	0.00711	0.00015
2	0.02484	0.02126	0.10242	0.09983	0.08341	0.01988	0.02404	0.28421	0.07835	0.17808	0.02461	0.01522	0.01593	0.00017	0.00332	4.4e-05	0.00377	0.01128	0.00320	0.00615
3	0.00677	0.00018	0.00020	0.00019	0.00023	0.00017	0.00014	0.01212	0.18326	0.05322	0.23131	0.03861	0.34390	0.10356	0.00530	5.6e-05	8.9e-05	0.00939	0.01115	0.00014
4	0.00036	0.00024	0.00028	0.00025	0.00763	0.00025	0.00019	0.04910	0.43005	0.19413	0.10026	0.17263	0.01830	0.00024	0.00015	4.7e-05	0.00010	0.01122	0.01438	0.00019
5	0.00021	0.00014	0.00018	0.00018	0.00021	0.00013	0.00013	0.00027	0.02459	0.04387	0.52530	0.25696	0.13509	0.00033	0.00017	4.8e-05	7.4e-05	0.01184	0.00014	0.00013
6	0.02762	0.03186	0.05564	0.00340	0.00038	0.07754	0.04412	0.14777	0.01655	0.07164	0.00588	0.01838	0.00344	0.02345	0.00441	3.6e-05	0.00627	0.01120	0.00624	0.44418
7	0.18462	0.00026	0.00570	0.00024	0.00034	0.02001	0.00020	0.07080	0.01244	0.63030	0.02107	0.01011	0.00495	0.00018	0.00658	4.4e-05	0.00012	0.00704	0.02481	0.00021
8	0.00804	0.03212	0.00636	0.37410	0.37223	0.02080	0.02303	0.03012	0.01973	0.01782	0.00869	0.00418	0.00446	0.00439	0.00860	4.6e-05	0.06489	0.00013	7.2e-05	0.00018
9	0.00027	0.00887	0.00680	0.04087	0.32057	0.00834	0.03314	0.00475	0.11308	0.01537	0.01743	0.18960	0.07960	0.10603	0.02103	6e-05	0.00489	0.02902	0.0001	0.00017
10	0.00019	0.00013	0.00016	0.00018	0.00019	0.00012	0.00012	0.00021	0.00634	0.00871	0.01420	0.56782	0.04362	0.32028	0.00661	0.00624	0.00010	0.02457	0.00011	0.00011
11	0.01660	0.00023	0.01022	0.00390	0.00414	0.02496	0.05460	0.15264	0.03302	0.10386	0.03025	0.25320	0.08290	0.09094	0.08350	7.1e-05	0.02078	0.02742	0.00012	0.00664
12	0.02120	0.57555	0.22713	0.00030	0.00776	0.06744	0.02762	0.05693	0.00753	0.00709	0.00022	0.00026	0.00018	0.00013	0.00011	3.5e-05	0.00017	8.9e-05	6.7e-05	0.00019
13	0.01058	0.00016	0.00017	0.00711	0.00021	0.00014	0.00012	0.01356	0.03567	0.04863	0.05853	0.02913	0.71704	0.04346	0.01428	5.3e-05	8.4e-05	0.00773	0.00013	0.01320
14	0.00509	0.00015	0.00018	0.00018	0.00021	0.00014	0.00013	0.01929	0.04547	0.03713	0.34378	0.21817	0.12711	0.03747	0.00018	0.00970	7.9e-05	0.01571	0.13969	0.00013
15	0.01660	0.00030	0.00048	0.45144	0.40953	0.01749	0.01026	0.06096	0.00678	0.01774	0.00026	0.00036	0.00021	0.00014	0.00014	4.4e-05	0.00691	0.00012	7.2e-05	0.00019
16	0.04790	0.00410	0.12833	0.04629	0.21813	0.05500	0.01012	0.21068	0.09725	0.13091	0.01571	0.02123	0.00406	0.00016	0.00014	4.3e-05	0.00508	0.00455	0.00011	0.00021
17	0.00019	0.00013	0.00017	0.00020	0.00021	0.00013	0.00620	0.01340	0.00772	0.01293	0.00866	0.73705	0.08158	0.07062	0.00766	6.2e-05	9.1e-05	0.05275	0.00013	0.00012
18	0.01779	0.01131	0.00631	0.00898	0.01029	0.01168	0.00427	0.06494	0.02930	0.01408	0.00027	0.00913	0.00605	0.00012	0.00012	2.6e-05	0.02674	9.4e-05	8.8e-05	0.77843

[dist]
# distance from previous block
# <min> <max>
21	30

[block]
# block no. 3 follows, 2491 sequences, length 15
# corresponding to MSA columns:
# 924,925,928,935-937,939,943-948,952,953
name=unknown_D
#
# <colnr> <probs for GDERKNQSTAVLIFYWHMCP>
#	G	D	E	R	K	N	Q	S	T	A	V	L	I	F	Y	W	H	M	C	P
0	0.00022	0.00015	0.00018	0.00018	0.00019	0.00738	0.00815	0.02882	0.01859	0.00779	0.00701	0.01328	0.06351	0.64594	0.17916	0.00590	0.00017	0.00674	0.00653	0.00010
1	0.00793	0.02029	0.03579	0.03573	0.11470	0.14526	0.04939	0.19960	0.21900	0.05843	0.03043	0.00900	0.02095	0.00968	0.00741	0.00559	0.02337	0.00713	0.00011	0.00020
2	0.00017	0.00013	0.00016	0.00018	0.00020	0.00012	0.00013	0.00020	0.00028	0.00037	0.05930	0.65399	0.17955	0.05700	0.00021	5.9e-05	8.3e-05	0.04762	0.00013	0.00011
3	0.02737	0.00032	0.00039	0.01350	0.06341	0.12290	0.13129	0.13728	0.04314	0.13958	0.03590	0.02930	0.05450	0.00997	0.00015	4.3e-05	0.01942	0.04785	0.00011	0.12356
4	0.37650	0.00027	0.00534	0.00023	0.00488	0.02818	0.00583	0.05519	0.25820	0.05505	0.04898	0.04495	0.02298	0.00513	0.03654	5.1e-05	0.00012	0.01121	0.04019	0.00017
5	0.00023	0.01171	0.03097	0.02643	0.07250	0.00019	0.08147	0.01128	0.01013	0.02753	0.04791	0.40992	0.05841	0.02439	0.01621	5.8e-05	0.00479	0.16563	0.00012	0.00014
6	0.01950	0.25827	0.02022	0.00746	0.01830	0.08085	0.00944	0.09154	0.01288	0.06491	0.02494	0.00031	0.00601	0.00013	0.00012	3.1e-05	0.01312	9.7e-05	8.8e-05	0.37180
7	0.14150	0.01393	0.03079	0.01780	0.04063	0.00481	0.01021	0.08394	0.00727	0.39854	0.09360	0.05101	0.01220	0.00019	0.01163	4.4e-05	0.00012	0.00441	0.00013	0.07725
8	0.01630	0.25604	0.36409	0.00625	0.01079	0.08761	0.02710	0.07660	0.02208	0.07445	0.02034	0.01009	0.01019	0.00015	0.00013	4e-05	0.00493	0.00820	8.1e-05	0.00454
9	0.00669	0.39403	0.35775	0.00034	0.03581	0.06696	0.04199	0.03516	0.01939	0.00985	0.00025	0.00711	0.00967	0.00014	0.00012	3.8e-05	0.00910	0.00535	6.8e-05	0.00019
10	0.00020	0.00014	0.00018	0.00018	0.00020	0.00015	0.00012	0.00022	0.00022	0.00030	0.00045	0.01584	0.03965	0.50289	0.42492	0.01373	0.00023	0.00018	8.2e-05	0.00010
11	0.00030	0.00026	0.00030	0.00024	0.03955	0.00732	0.00858	0.02181	0.01353	0.01319	0.00732	0.00032	0.00964	0.00777	0.00011	2.4e-05	0.00011	9.1e-05	8.6e-05	0.86945
12	0.00402	0.05784	0.06532	0.08589	0.06906	0.07366	0.07507	0.04307	0.09996	0.06379	0.08680	0.07318	0.02485	0.00395	0.06789	5.7e-05	0.04668	0.02547	0.00485	0.02859
13	0.00542	0.00437	0.00441	0.00021	0.01063	0.00713	0.01952	0.03247	0.01492	0.03331	0.06744	0.49719	0.13970	0.03656	0.00457	0.00421	0.01209	0.08506	0.00013	0.02065
14	0.01150	0.06171	0.10345	0.00466	0.02807	0.01538	0.07793	0.06936	0.04748	0.06311	0.02989	0.02158	0.00483	0.00014	0.00466	3.4e-05	0.01010	0.00925	9.3e-05	0.43677

[dist]
# distance from previous block
# <min> <max>
5	24

[block]
# block no. 4 follows, 2491 sequences, length 21
# corresponding to MSA columns:
# 998-1015,1029,1030,1032
name=unknown_E
#
# <colnr> <probs for GDERKNQSTAVLIFYWHMCP>
#	G	D	E	R	K	N	Q	S	T	A	V	L	I	F	Y	W	H	M	C	P
0	0.01192	0.02507	0.08308	0.06690	0.02573	0.04190	0.04941	0.21577	0.14422	0.06221	0.06536	0.04113	0.03793	0.03183	0.02399	0.00371	0.01595	0.00516	0.00528	0.04345
1	0.15303	0.00017	0.00018	0.00018	0.00432	0.00017	0.00012	0.02556	0.02095	0.00607	0.11809	0.15355	0.13243	0.33335	0.01466	0.00689	0.00854	0.01309	0.00852	0.00012
2	0.00544	0.02740	0.07578	0.03249	0.07716	0.04360	0.07832	0.17404	0.25666	0.05384	0.07149	0.01967	0.02323	0.00880	0.00663	4.6e-05	0.02240	0.01102	0.00587	0.00612
3	0.00020	0.00014	0.00017	0.00018	0.00021	0.00013	0.00013	0.00606	0.00893	0.02822	0.22316	0.36078	0.23590	0.04897	0.00020	5.5e-05	8.3e-05	0.07866	0.00771	0.00012
4	0.02044	0.13230	0.09134	0.00429	0.05615	0.03922	0.02035	0.16677	0.04788	0.04952	0.00843	0.01289	0.00397	0.00014	0.00012	3.4e-05	0.00335	0.00506	9.4e-05	0.33766
5	0.09508	0.02190	0.03747	0.01738	0.00873	0.01062	0.25981	0.09622	0.06012	0.24740	0.04967	0.00362	0.01555	0.00016	0.00014	4.3e-05	0.00015	0.01340	0.02803	0.03452
6	0.05521	0.14423	0.09957	0.04365	0.12210	0.04513	0.05287	0.10095	0.04882	0.14212	0.01069	0.01650	0.00352	0.03408	0.00381	4.5e-05	0.02448	0.00370	0.00315	0.04537
7	0.01103	0.08904	0.10164	0.01538	0.03208	0.00905	0.02969	0.04778	0.15647	0.06701	0.16839	0.17394	0.06316	0.00458	0.00335	4.7e-05	0.00658	0.01725	0.00012	0.00344
8	0.00018	0.00013	0.00016	0.00019	0.00020	0.00012	0.00012	0.00021	0.00652	0.00713	0.01907	0.67777	0.04156	0.20158	0.00029	0.01364	9.3e-05	0.03083	0.00012	0.00011
9	0.01183	0.00029	0.00404	0.15731	0.41231	0.02536	0.01763	0.05857	0.03416	0.13006	0.03069	0.05573	0.03396	0.00437	0.00497	4.5e-05	0.00531	0.00717	0.00600	0.00020
10	0.02794	0.10502	0.17906	0.14992	0.10047	0.07255	0.08482	0.08188	0.06563	0.04681	0.00370	0.00389	0.01166	0.00302	0.00941	0.00328	0.04086	0.00706	0.00285	0.00019
11	0.03903	0.00018	0.00023	0.00022	0.00027	0.01647	0.02394	0.01406	0.00796	0.21446	0.04872	0.37609	0.09311	0.00402	0.01096	5.4e-05	0.00659	0.13923	0.00425	0.00015
12	0.00018	0.00014	0.00016	0.00016	0.00020	0.00589	0.00012	0.00022	0.00582	0.01065	0.12842	0.16391	0.59585	0.06850	0.00578	5.5e-05	8e-05	0.01363	0.00013	0.00012
13	0.05988	0.15188	0.14283	0.12984	0.06300	0.12937	0.03999	0.09827	0.03691	0.09602	0.01720	0.00983	0.00024	0.00401	0.00421	4.2e-05	0.01083	0.00537	8.8e-05	0.00019
14	0.00450	0.00546	0.06792	0.19185	0.21559	0.01480	0.32675	0.04807	0.00517	0.04661	0.00031	0.00885	0.00024	0.00339	0.00433	4.6e-05	0.00613	0.03826	0.01154	0.00019
15	0.00033	0.00026	0.00028	0.00025	0.00032	0.00028	0.00020	0.05458	0.62388	0.04413	0.22975	0.01822	0.01751	0.00022	0.00015	4.6e-05	0.00010	0.00018	0.00910	0.00020
16	0.01941	0.00323	0.01223	0.03059	0.06404	0.01220	0.13136	0.14070	0.01007	0.16302	0.12053	0.07189	0.12323	0.01004	0.02950	5.2e-05	0.04634	0.00537	0.00602	0.00018
17	0.00022	0.00015	0.00017	0.00463	0.00019	0.01773	0.00011	0.00914	0.01357	0.01145	0.06714	0.00474	0.06266	0.70205	0.08747	0.00012	0.00801	0.00430	9.3e-05	0.00605
18	0.01260	0.00026	0.00033	0.00026	0.00036	0.00025	0.00021	0.19924	0.01116	0.72729	0.02949	0.00046	0.00035	0.00017	0.00014	4.3e-05	0.00012	0.00014	0.01689	0.00023
19	0.00030	0.00019	0.00023	0.00022	0.00028	0.00018	0.00786	0.01654	0.10986	0.18442	0.18837	0.01432	0.19949	0.00029	0.00016	5e-05	0.00010	0.26151	0.01547	0.00016
20	0.12754	0.00980	0.00877	0.00027	0.00037	0.02304	0.00022	0.41579	0.00048	0.36639	0.00040	0.00814	0.00027	0.01345	0.00014	4.3e-05	0.00013	0.00013	0.01296	0.01167

[dist]
# distance from previous block
# <min> <max>
5	5

[block]
# block no. 5 follows, 2491 sequences, length 11
# corresponding to MSA columns:
# 1059,1061,1064-1072
name=unknown_F
#
# <colnr> <probs for GDERKNQSTAVLIFYWHMCP>
#	G	D	E	R	K	N	Q	S	T	A	V	L	I	F	Y	W	H	M	C	P
0	0.00753	0.00022	0.00029	0.01365	0.05848	0.00770	0.01397	0.00033	0.00027	0.03739	0.01577	0.01167	0.00916	0.05709	0.29988	9.3e-05	0.01421	0.00012	8.4e-05	0.45212
1	0.00024	0.00018	0.00784	0.00022	0.01087	0.03322	0.00016	0.00771	0.02116	0.05240	0.21869	0.09605	0.15283	0.04996	0.23357	9.4e-05	0.03277	0.07511	0.00680	0.00013
2	0.00019	0.00013	0.00017	0.00020	0.00022	0.00013	0.00014	0.00022	0.01643	0.00037	0.02392	0.67619	0.02062	0.07360	0.00022	6.3e-05	9.3e-05	0.18685	0.00013	0.00012
3	0.03081	0.00044	0.00035	0.00902	0.00986	0.39333	0.00876	0.04547	0.42903	0.02770	0.01457	0.00041	0.00947	0.00017	0.00014	4.2e-05	0.01056	0.00955	0.00011	0.00019
4	0.85638	0.00028	0.00022	0.00020	0.00028	0.01625	0.00016	0.06402	0.01667	0.02818	0.00022	0.00025	0.00017	0.00013	9.3e-05	4.3e-05	0.00011	8.3e-05	0.01609	0.00016
5	0.01124	0.00019	0.07642	0.00020	0.00025	0.00015	0.00017	0.00029	0.02029	0.04496	0.41131	0.10698	0.21732	0.00030	0.00016	4.8e-05	8.9e-05	0.09830	0.01118	0.00014
6	0.00024	0.00021	0.00027	0.09524	0.02607	0.06895	0.03409	0.01416	0.00027	0.00036	0.00047	0.32800	0.00051	0.10434	0.17394	9e-05	0.08266	0.01874	0.05126	0.00013
7	0.00020	0.00014	0.00017	0.00018	0.00020	0.00013	0.00013	0.00023	0.01421	0.01119	0.07050	0.26980	0.12146	0.29998	0.00963	0.05994	0.00011	0.12253	0.01917	0.00011
8	0.00664	0.05759	0.43978	0.02881	0.02807	0.02301	0.08486	0.01718	0.04739	0.02122	0.06049	0.01841	0.03588	0.01219	0.00606	4.8e-05	0.10085	0.00576	0.00559	0.00018
9	0.00586	0.00524	0.00500	0.00709	0.01435	0.00599	0.01046	0.02710	0.07952	0.04150	0.15221	0.15623	0.28073	0.11207	0.00556	0.02585	0.00485	0.02578	0.00978	0.02484
10	0.02018	0.15669	0.20027	0.02159	0.08514	0.09857	0.03812	0.14490	0.06235	0.07245	0.01444	0.01582	0.01462	0.01319	0.00680	4.3e-05	0.01605	0.00662	0.00496	0.00721

[dist]
# distance from previous block
# <min> <max>
1	12

[block]
# block no. 6 follows, 2491 sequences, length 18
# corresponding to MSA columns:
# 1102-1105,1108-1110,1116-1118,1120,1137-1140,1142-1144
name=unknown_G
#
# <colnr> <probs for GDERKNQSTAVLIFYWHMCP>
#	G	D	E	R	K	N	Q	S	T	A	V	L	I	F	Y	W	H	M	C	P
0	0.05083	0.04481	0.12852	0.05799	0.16189	0.07099	0.07239	0.06343	0.12085	0.03284	0.04025	0.03758	0.05552	0.01024	0.00997	4.7e-05	0.01502	0.01702	0.00963	0.00018
1	0.00713	0.00014	0.00018	0.00019	0.00022	0.00014	0.00014	0.02026	0.02656	0.03139	0.12215	0.52905	0.12137	0.06110	0.00020	5.8e-05	8.8e-05	0.07936	0.00013	0.00012
2	0.00683	0.00373	0.00925	0.25841	0.12406	0.03113	0.00913	0.08985	0.20410	0.05250	0.06179	0.02221	0.06182	0.00561	0.01300	0.01306	0.00791	0.01432	0.01112	0.00018
3	0.00893	0.00018	0.00022	0.00020	0.00025	0.00017	0.00015	0.02851	0.07282	0.20153	0.13891	0.17515	0.02959	0.20744	0.00932	6.8e-05	0.00011	0.07619	0.05013	0.00015
4	0.00026	0.00016	0.00021	0.00019	0.00023	0.00015	0.00014	0.01500	0.04312	0.12094	0.70901	0.02566	0.06582	0.00027	0.00016	4.4e-05	7.6e-05	0.01029	0.00811	0.00015
5	0.08117	0.00026	0.00032	0.00025	0.00035	0.00025	0.00021	0.14779	0.02644	0.71555	0.01265	0.00044	0.00033	0.00017	0.00014	4.3e-05	0.00012	0.00013	0.01316	0.00023
6	0.00035	0.00029	0.00031	0.00028	0.00035	0.00033	0.00022	0.08246	0.80997	0.02107	0.00057	0.06224	0.00997	0.00020	0.00014	4.7e-05	0.00011	0.00017	0.01070	0.00021
7	0.00037	0.95465	0.01957	0.00024	0.00036	0.02222	0.00024	0.00042	0.00028	0.00033	0.00019	0.00022	0.00018	0.00012	9.1e-05	3e-05	0.00015	7.5e-05	6e-05	0.00018
8	0.58191	0.00028	0.00028	0.17507	0.00778	0.00032	0.00021	0.12315	0.05642	0.03810	0.00763	0.00031	0.00774	0.00014	0.00011	4.4e-05	0.00013	0.00010	9.5e-05	0.00017
9	0.00029	0.00028	0.00039	0.04305	0.01870	0.02353	0.02380	0.01105	0.00510	0.00034	0.00496	0.00556	0.00504	0.06251	0.11086	8.1e-05	0.68412	0.00013	6.7e-05	0.00015
10	0.00027	0.00026	0.00042	0.85130	0.08666	0.02080	0.00038	0.00036	0.00028	0.00036	0.00028	0.02042	0.01735	0.00015	0.00014	4.6e-05	0.00018	0.00013	6.5e-05	0.00016
11	0.00017	0.00013	0.00016	0.00019	0.00021	0.00012	0.00013	0.00020	0.00027	0.00036	0.01681	0.79672	0.08667	0.02013	0.01269	6e-05	8.7e-05	0.06463	0.00013	0.00011
12	0.01193	0.00025	0.00031	0.00024	0.00034	0.00023	0.00020	0.18574	0.01095	0.59233	0.13695	0.00776	0.02377	0.00019	0.00014	4.3e-05	0.00011	0.00016	0.02814	0.00021
13	0.00025	0.00021	0.00435	0.16187	0.12407	0.00373	0.08353	0.02029	0.01027	0.01780	0.16464	0.11155	0.11938	0.04552	0.03317	0.00413	0.01050	0.07071	0.01387	0.00015
14	0.00439	0.00432	0.00032	0.32087	0.04627	0.03489	0.01738	0.07422	0.01807	0.09439	0.05474	0.01735	0.06751	0.01731	0.09191	6.1e-05	0.00016	0.00986	0.12581	0.00016
15	0.00859	0.05403	0.25840	0.10622	0.15853	0.03932	0.04411	0.11741	0.08941	0.02865	0.02039	0.01107	0.01789	0.00394	0.00484	0.01191	0.01689	0.00367	0.00455	0.00020
16	0.00556	0.05773	0.00884	0.12091	0.01455	0.03108	0.00810	0.01311	0.07013	0.06790	0.09399	0.16201	0.17039	0.08317	0.00636	5.6e-05	0.00469	0.07505	0.00622	0.00015
17	0.01216	0.06333	0.14000	0.02437	0.07283	0.03957	0.05561	0.03889	0.15900	0.05668	0.05426	0.05057	0.01013	0.02513	0.00797	0.00371	0.03262	0.01398	0.00394	0.13524

[dist]
# distance from previous block
# <min> <max>
8	19

[block]
# block no. 7 follows, 2491 sequences, length 17
# corresponding to MSA columns:
# 1188-1190,1192-1196,1198-1200,1202-1207
name=unknown_H
#
# <colnr> <probs for GDERKNQSTAVLIFYWHMCP>
#	G	D	E	R	K	N	Q	S	T	A	V	L	I	F	Y	W	H	M	C	P
0	0.01079	0.00017	0.00020	0.00019	0.00484	0.00016	0.00014	0.01354	0.03704	0.15280	0.35023	0.08176	0.15910	0.12725	0.02371	0.00436	9.7e-05	0.01603	0.00986	0.00774
1	0.00021	0.00017	0.00018	0.00019	0.00023	0.01003	0.00014	0.00024	0.00906	0.00043	0.15033	0.22518	0.57510	0.00038	0.00018	5.4e-05	0.00980	0.00833	0.00964	0.00014
2	0.00022	0.00016	0.00019	0.00019	0.00023	0.00015	0.00014	0.00026	0.01018	0.00902	0.38007	0.19083	0.36030	0.01430	0.00019	5.5e-05	8.6e-05	0.03313	0.00015	0.00014
3	0.00030	0.00951	0.00031	0.05794	0.02852	0.00021	0.00019	0.02089	0.00030	0.01119	0.00025	0.00030	0.00021	0.00011	0.00011	2.4e-05	0.00905	8.8e-05	8.2e-05	0.86043
4	0.20896	0.00028	0.01780	0.27336	0.14151	0.00590	0.01288	0.06799	0.00531	0.18681	0.01005	0.00647	0.02879	0.00015	0.00013	4.3e-05	0.00614	0.00012	9.8e-05	0.02721
5	0.00035	0.00925	0.00774	0.10925	0.76373	0.00792	0.01016	0.04545	0.01011	0.02669	0.00027	0.00035	0.00022	0.00013	0.00014	4.2e-05	0.00017	0.00012	7.5e-05	0.00783
6	0.11647	0.00028	0.00030	0.01331	0.00034	0.02028	0.00436	0.15766	0.26597	0.17357	0.04776	0.03984	0.03861	0.00954	0.00014	4.4e-05	0.00949	0.00487	0.00721	0.08994
7	0.00022	0.00014	0.00018	0.00019	0.00022	0.00013	0.00013	0.00026	0.01070	0.08030	0.24527	0.48951	0.12134	0.01197	0.00017	5.2e-05	8e-05	0.02091	0.01809	0.00013
8	0.05301	0.01350	0.03757	0.09428	0.04691	0.15984	0.06291	0.11242	0.07396	0.08230	0.03143	0.13094	0.04304	0.02406	0.00531	4.8e-05	0.00849	0.01971	0.00011	0.00017
9	0.00028	0.13046	0.63304	0.00035	0.01378	0.00602	0.02305	0.00895	0.01073	0.00546	0.00646	0.10009	0.04970	0.00018	0.00479	4.4e-05	0.00018	0.00619	7.3e-05	0.00019
10	0.00021	0.00015	0.00018	0.00019	0.00022	0.01339	0.00014	0.01231	0.04211	0.04020	0.08689	0.49429	0.18546	0.06230	0.00020	0.00620	8.9e-05	0.04731	0.00804	0.00013
11	0.01723	0.00855	0.00522	0.06846	0.13451	0.02929	0.09883	0.17312	0.01998	0.24673	0.04553	0.05477	0.02859	0.00775	0.01508	4.8e-05	0.00015	0.03719	0.00536	0.00362
12	0.04458	0.00031	0.00045	0.39742	0.35480	0.06770	0.00806	0.03872	0.00797	0.04080	0.00581	0.00828	0.00022	0.00014	0.00014	4.4e-05	0.02417	0.00012	7.5e-05	0.00018
13	0.01059	0.00020	0.00023	0.01572	0.00028	0.02005	0.00800	0.12579	0.07023	0.05555	0.08247	0.31535	0.19004	0.01055	0.00017	0.00627	0.00595	0.08226	0.00013	0.00015
14	0.01552	0.00015	0.00018	0.00019	0.00022	0.00494	0.00534	0.01589	0.00715	0.04767	0.06826	0.57216	0.10044	0.07873	0.00453	6e-05	9.2e-05	0.04818	0.01725	0.01304
15	0.12682	0.21107	0.10797	0.00792	0.01687	0.03902	0.02098	0.14507	0.11561	0.07040	0.00743	0.01712	0.01582	0.00015	0.00012	3.9e-05	0.01008	0.00546	0.00371	0.07833
16	0.12689	0.29070	0.16273	0.02670	0.06262	0.03822	0.02113	0.10538	0.04276	0.04264	0.01664	0.01022	0.01189	0.00333	0.00657	4.1e-05	0.00956	0.00327	0.00381	0.01488

[dist]
# distance from previous block
# <min> <max>
19	65

[block]
# block no. 8 follows, 2491 sequences, length 9
# corresponding to MSA columns:
# 1369,1370,1375-1381
name=unknown_I
#
# <colnr> <probs for GDERKNQSTAVLIFYWHMCP>
#	G	D	E	R	K	N	Q	S	T	A	V	L	I	F	Y	W	H	M	C	P
0	0.00029	0.02580	0.09102	0.17824	0.04766	0.02194	0.03740	0.07889	0.13780	0.01278	0.13049	0.07376	0.09514	0.01318	0.01926	5e-05	0.02000	0.00874	0.00739	0.00017
1	0.00024	0.00018	0.00021	0.00021	0.00024	0.01276	0.00015	0.03388	0.14689	0.02615	0.09098	0.30048	0.04398	0.21815	0.01672	0.02186	0.00971	0.07696	0.00012	0.00013
2	0.00736	0.00025	0.00027	0.00982	0.00743	0.02560	0.00796	0.06939	0.42647	0.02645	0.11857	0.03693	0.14281	0.01494	0.06970	0.00720	0.00833	0.02020	0.00013	0.00018
3	0.00042	0.00030	0.00033	0.00027	0.00035	0.00033	0.00022	0.50765	0.20662	0.03406	0.04060	0.02870	0.01453	0.01367	0.00014	4.4e-05	0.00012	0.01486	0.13659	0.00021
4	0.00030	0.00027	0.00045	0.52007	0.27149	0.01370	0.04103	0.01360	0.02595	0.02046	0.03693	0.05455	0.00029	0.00016	0.00014	4.5e-05	0.00017	0.00015	7.6e-05	0.00018
5	0.00018	0.00014	0.00019	0.01266	0.02171	0.00013	0.01447	0.00022	0.02000	0.00037	0.03681	0.81241	0.02815	0.01287	0.00018	5.6e-05	8.8e-05	0.03912	0.00013	0.00012
6	0.00019	0.00016	0.00018	0.00018	0.00022	0.02492	0.01683	0.01471	0.01969	0.00040	0.12495	0.29023	0.47685	0.00035	0.00017	4.9e-05	8.4e-05	0.02958	0.00013	0.00012
7	0.01321	0.52173	0.30537	0.01350	0.03058	0.03767	0.00033	0.02948	0.03283	0.01380	0.00024	0.00027	0.00019	0.00013	0.00011	3.6e-05	0.00017	9.1e-05	6.7e-05	0.00019
8	0.79852	0.01148	0.02133	0.00020	0.00029	0.00030	0.01695	0.02029	0.00026	0.07407	0.01931	0.01326	0.00020	0.00014	9.6e-05	4.3e-05	0.00011	9.1e-05	0.01142	0.01162

[dist]
# distance from previous block
# <min> <max>
1	2

[block]
# block no. 9 follows, 2491 sequences, length 11
# corresponding to MSA columns:
# 1385,1386,1395-1399,1402,1405,1406,1408
name=unknown_J
#
# <colnr> <probs for GDERKNQSTAVLIFYWHMCP>
#	G	D	E	R	K	N	Q	S	T	A	V	L	I	F	Y	W	H	M	C	P
0	0.00020	0.00014	0.00018	0.00018	0.00019	0.00015	0.00012	0.00022	0.00021	0.00030	0.00043	0.06583	0.00047	0.53889	0.39172	0.00016	0.00022	0.00019	8.3e-05	0.00010
1	0.00027	0.00023	0.00027	0.00020	0.00031	0.00018	0.00016	0.00033	0.00028	0.00044	0.03583	0.02049	0.02146	0.06952	0.01946	3.5e-05	0.00011	0.00011	8.7e-05	0.83024
2	0.00038	0.47502	0.03320	0.04922	0.16774	0.11962	0.01197	0.03870	0.01049	0.03512	0.01164	0.00029	0.00021	0.00013	0.00012	3.5e-05	0.01313	9.7e-05	7.2e-05	0.03281
3	0.00022	0.00017	0.00022	0.00021	0.00024	0.00019	0.00016	0.00032	0.14456	0.01029	0.16141	0.01454	0.08693	0.08639	0.44738	0.01121	0.01903	0.00019	0.01621	0.00014
4	0.02672	0.16606	0.13667	0.24144	0.07703	0.07133	0.04091	0.11911	0.03939	0.02927	0.00672	0.01273	0.00659	0.00015	0.00014	4.2e-05	0.01901	0.00642	8.1e-05	0.00019
5	0.01252	0.01733	0.00835	0.41670	0.06433	0.02969	0.13463	0.11134	0.04688	0.06203	0.00742	0.00617	0.00023	0.00016	0.01292	4.7e-05	0.03408	0.00013	0.00596	0.02908
6	0.00020	0.00014	0.00019	0.02755	0.00024	0.00013	0.00015	0.00025	0.00033	0.03002	0.39146	0.36260	0.04695	0.02268	0.00019	0.01799	8.5e-05	0.09860	0.00014	0.00012
7	0.00018	0.00014	0.00016	0.00017	0.00019	0.00013	0.00012	0.00021	0.01165	0.00036	0.02712	0.26162	0.40613	0.21911	0.01815	7.2e-05	9.6e-05	0.04238	0.00012	0.01190
8	0.00788	0.02920	0.00032	0.00023	0.00034	0.01046	0.00825	0.11537	0.02549	0.05034	0.01609	0.00845	0.01820	0.00732	0.00012	2.8e-05	0.00011	0.01059	9.7e-05	0.69111
9	0.02155	0.06601	0.07930	0.04869	0.18098	0.05781	0.09177	0.10423	0.17951	0.05128	0.02643	0.03035	0.03010	0.00017	0.00014	4.3e-05	0.00718	0.01628	0.00010	0.00808
10	0.09734	0.17169	0.21357	0.01941	0.02844	0.14921	0.05022	0.10907	0.07413	0.03282	0.01055	0.00593	0.00573	0.00597	0.00642	4.2e-05	0.01150	0.00011	8.5e-05	0.00776

[dist]
# distance from previous block
# <min> <max>
2	5

[block]
# block no. 10 follows, 2491 sequences, length 21
# corresponding to MSA columns:
# 1423-1426,1428,1429,1431-1437,1441-1447,1449
name=unknown_K
#
# <colnr> <probs for GDERKNQSTAVLIFYWHMCP>
#	G	D	E	R	K	N	Q	S	T	A	V	L	I	F	Y	W	H	M	C	P
0	0.00716	0.01350	0.09350	0.05205	0.16265	0.01471	0.05683	0.10997	0.08395	0.03138	0.07598	0.06707	0.09677	0.01681	0.01788	5.1e-05	0.07223	0.01729	0.00366	0.00656
1	0.00027	0.00016	0.00020	0.00019	0.00023	0.00015	0.00014	0.00681	0.02032	0.17881	0.26179	0.26715	0.14036	0.08110	0.00021	5.6e-05	8.9e-05	0.04169	0.00014	0.00014
2	0.01173	0.02958	0.12284	0.10538	0.04701	0.03343	0.02837	0.04557	0.20239	0.01111	0.14962	0.07378	0.10099	0.00809	0.00506	0.00394	0.00470	0.00944	0.00011	0.00686
3	0.02610	0.00016	0.00019	0.00018	0.00022	0.00015	0.00013	0.01500	0.01347	0.11549	0.28449	0.11301	0.30034	0.09168	0.00021	5.5e-05	8.6e-05	0.03080	0.00810	0.00014
4	0.08587	0.29585	0.10417	0.02035	0.02302	0.24753	0.01104	0.08435	0.00773	0.02946	0.02005	0.00349	0.00352	0.00308	0.00786	3.9e-05	0.02511	9.9e-05	7.9e-05	0.02730
5	0.00691	0.00026	0.00037	0.39988	0.12264	0.02214	0.00734	0.02359	0.12709	0.07848	0.06887	0.01232	0.01616	0.00017	0.00371	0.01422	0.01917	0.00014	0.06051	0.01602
6	0.03446	0.10422	0.16302	0.04062	0.14829	0.04380	0.08076	0.05838	0.04823	0.14919	0.03462	0.02439	0.01030	0.00016	0.00297	4.3e-05	0.01717	0.00954	0.00405	0.02578
7	0.01820	0.12367	0.24528	0.01057	0.02293	0.03182	0.06211	0.07625	0.04313	0.12184	0.04560	0.07906	0.02633	0.00552	0.00844	0.00509	0.01421	0.01118	9.8e-05	0.04865
8	0.00018	0.00013	0.00016	0.00018	0.00019	0.00012	0.00012	0.00020	0.00853	0.00033	0.01234	0.60902	0.02003	0.32906	0.00035	8.2e-05	9.9e-05	0.01866	0.00011	0.00010
9	0.00398	0.01037	0.01358	0.12663	0.12836	0.00396	0.08096	0.03057	0.02338	0.08351	0.04757	0.28722	0.08863	0.01445	0.02472	5.4e-05	0.00343	0.02836	0.00011	0.00016
10	0.05623	0.09949	0.15388	0.03459	0.02253	0.08125	0.20508	0.12488	0.03078	0.07996	0.01597	0.01014	0.01498	0.00425	0.00708	4.5e-05	0.05178	0.00354	9e-05	0.00346
11	0.02448	0.00490	0.00033	0.00515	0.00036	0.01020	0.00021	0.22772	0.02508	0.59287	0.02555	0.01624	0.01372	0.01226	0.00821	4.5e-05	0.00013	0.00395	0.02838	0.00022
12	0.00020	0.01067	0.00018	0.00018	0.00021	0.00014	0.00013	0.00555	0.01933	0.01861	0.20696	0.34507	0.21669	0.09959	0.00022	5.9e-05	8.6e-05	0.06777	0.00824	0.00012
13	0.00831	0.20307	0.11839	0.17417	0.17529	0.02052	0.11198	0.06622	0.01416	0.04580	0.01710	0.00995	0.00887	0.00014	0.00014	4.2e-05	0.01964	0.00595	7.8e-05	0.00019
14	0.00027	0.00025	0.00043	0.86685	0.00090	0.00030	0.06795	0.00727	0.00028	0.00652	0.00027	0.01456	0.01175	0.00569	0.00014	4.7e-05	0.00018	0.00013	0.00551	0.01069
15	0.00039	0.00020	0.00025	0.00021	0.00028	0.01032	0.00017	0.01598	0.05321	0.40854	0.42332	0.01214	0.05009	0.00024	0.00015	4.4e-05	9.5e-05	0.02402	0.00016	0.00018
16	0.01168	0.00029	0.00374	0.03622	0.00802	0.00438	0.00609	0.36863	0.02447	0.38920	0.00676	0.07182	0.00430	0.00568	0.01447	4.7e-05	0.01146	0.02429	0.00825	0.00021
17	0.00021	0.00016	0.00019	0.00019	0.00023	0.00975	0.00843	0.01204	0.09636	0.02379	0.04900	0.37907	0.39728	0.00035	0.00016	5e-05	8.4e-05	0.00030	0.00013	0.02221
18	0.00020	0.00014	0.00018	0.00019	0.00021	0.00013	0.00013	0.01571	0.00030	0.03694	0.20609	0.46714	0.11222	0.10204	0.02035	6.3e-05	9.2e-05	0.02927	0.00850	0.00012
19	0.00050	0.00030	0.00035	0.00028	0.00846	0.00513	0.00023	0.44093	0.10938	0.33219	0.03784	0.01637	0.02712	0.00019	0.00501	4.4e-05	0.00013	0.00795	0.00735	0.00022
20	0.00347	0.04817	0.14841	0.08443	0.03672	0.35162	0.01476	0.14184	0.05364	0.01432	0.01062	0.00706	0.00353	0.00915	0.00499	4.3e-05	0.05702	0.00315	8.4e-05	0.00696

[dist]
# distance from previous block
# <min> <max>
39	49

[block]
# block no. 11 follows, 2491 sequences, length 11
# corresponding to MSA columns:
# 1618-1628
name=unknown_L
#
# <colnr> <probs for GDERKNQSTAVLIFYWHMCP>
#	G	D	E	R	K	N	Q	S	T	A	V	L	I	F	Y	W	H	M	C	P
0	0.00746	0.06300	0.26858	0.07398	0.06678	0.03659	0.02840	0.09770	0.16119	0.05263	0.03510	0.01791	0.03794	0.00018	0.00014	4.4e-05	0.00638	0.03990	9.8e-05	0.00599
1	0.00019	0.00015	0.00016	0.00016	0.00020	0.00013	0.00012	0.00024	0.03436	0.02386	0.11180	0.06798	0.70670	0.02156	0.00018	5e-05	7.6e-05	0.03184	0.00013	0.00012
2	0.38045	0.00029	0.00030	0.01192	0.00034	0.00999	0.00020	0.23396	0.01232	0.28067	0.01694	0.00974	0.00026	0.00017	0.01344	4.6e-05	0.02853	0.00012	0.00012	0.00019
3	0.00021	0.00014	0.00016	0.00016	0.00016	0.00014	9.4e-05	0.00022	0.00022	0.02867	0.01734	0.07020	0.02106	0.82734	0.01844	0.00012	0.00013	0.00021	0.01490	9.3e-05
4	0.00048	0.02198	0.00043	0.01793	0.11330	0.72606	0.01758	0.04242	0.00038	0.01179	0.00023	0.00027	0.00019	0.00015	0.00014	3.8e-05	0.04629	9.9e-05	7.4e-05	0.00017
5	0.09352	0.00024	0.00028	0.00022	0.00031	0.01174	0.00018	0.11101	0.00744	0.19972	0.12742	0.00845	0.02920	0.00767	0.03225	4.2e-05	0.01500	0.00013	0.02136	0.33379
6	0.09680	0.09877	0.03444	0.12320	0.14115	0.02836	0.07810	0.10142	0.08892	0.03842	0.02088	0.03476	0.03524	0.02409	0.01543	4.8e-05	0.01661	0.01349	9.3e-05	0.00978
7	0.00022	0.00017	0.00022	0.00022	0.00024	0.02956	0.00016	0.02199	0.00024	0.02004	0.02444	0.01838	0.00040	0.16193	0.70907	0.00019	0.00030	0.01201	8.3e-05	0.00012
8	0.00018	0.00013	0.00017	0.00019	0.00021	0.00012	0.00014	0.00021	0.00028	0.00037	0.05622	0.66045	0.08840	0.06032	0.00021	0.01524	8.8e-05	0.11683	0.00013	0.00011
9	0.01354	0.00617	0.05749	0.02086	0.07186	0.01557	0.04988	0.05260	0.03213	0.01277	0.02435	0.36311	0.18196	0.00032	0.00901	5.2e-05	0.00661	0.08146	0.00012	0.00015
10	0.01119	0.64919	0.24785	0.00029	0.01062	0.01076	0.01178	0.00043	0.01917	0.01961	0.00023	0.00028	0.00020	0.00013	0.00011	3.5e-05	0.00016	0.01772	6.5e-05	0.00019

[dist]
# distance from previous block
# <min> <max>
0	3

[block]
# block no. 12 follows, 2491 sequences, length 6
# corresponding to MSA columns:
# 1632,1634,1636,1637,1639,1641
name=unknown_M
#
# <colnr> <probs for GDERKNQSTAVLIFYWHMCP>
#	G	D	E	R	K	N	Q	S	T	A	V	L	I	F	Y	W	H	M	C	P
0	0.10108	0.00019	0.00022	0.00019	0.00025	0.00017	0.00015	0.02468	0.01551	0.21891	0.26116	0.04555	0.22012	0.02071	0.00016	4.7e-05	9.1e-05	0.04804	0.02101	0.02175
1	0.00022	0.00014	0.00019	0.00021	0.00023	0.00014	0.02000	0.00026	0.04855	0.06489	0.02955	0.73547	0.02714	0.02745	0.00019	5.6e-05	8.9e-05	0.02400	0.02110	0.00013
2	0.11443	0.04143	0.02569	0.14295	0.17826	0.16207	0.02923	0.14884	0.02401	0.07477	0.00030	0.01228	0.00023	0.00016	0.01448	4.5e-05	0.01448	0.01606	9.1e-05	0.00019
3	0.01937	0.00032	0.01854	0.01077	0.01247	0.13442	0.12662	0.07929	0.03155	0.27633	0.16386	0.01133	0.02414	0.01108	0.00016	4.5e-05	0.04088	0.01426	0.02439	0.00019
4	0.00022	0.00016	0.00018	0.00019	0.00022	0.00015	0.00014	0.05252	0.02594	0.03342	0.09972	0.30792	0.30057	0.07495	0.00021	5.7e-05	8.9e-05	0.07760	0.02563	0.00013
5	0.11235	0.22563	0.10803	0.04174	0.13791	0.06046	0.02569	0.06877	0.06855	0.02863	0.02127	0.00034	0.01539	0.00016	0.01157	4.2e-05	0.03620	0.00011	8.3e-05	0.03709

[dist]
# distance from previous block
# <min> <max>
21	55

[block]
# block no. 13 follows, 2491 sequences, length 10
# corresponding to MSA columns:
# 1758-1767
name=unknown_N
#
# <colnr> <probs for GDERKNQSTAVLIFYWHMCP>
#	G	D	E	R	K	N	Q	S	T	A	V	L	I	F	Y	W	H	M	C	P
0	0.00682	0.01026	0.02945	0.00596	0.00593	0.00914	0.01303	0.04977	0.01003	0.10014	0.06746	0.13507	0.07740	0.18027	0.22088	0.00010	0.04260	0.01671	0.01262	0.00636
1	0.00026	0.00023	0.01781	0.12671	0.08112	0.01506	0.12214	0.02642	0.06672	0.02965	0.05299	0.26716	0.10643	0.02945	0.01625	5.4e-05	0.00758	0.02401	0.00979	0.00015
2	0.00698	0.00021	0.00712	0.00028	0.00031	0.02298	0.08781	0.01614	0.00916	0.01622	0.08404	0.01252	0.00857	0.03618	0.42285	0.00013	0.13956	0.11273	0.01605	0.00014
3	0.00020	0.00015	0.00020	0.00020	0.00022	0.00015	0.00015	0.00024	0.01469	0.01488	0.32151	0.47791	0.06699	0.00036	0.00019	5.2e-05	0.08380	0.01784	0.00013	0.00013
4	0.00020	0.00015	0.00019	0.08388	0.00027	0.00015	0.00015	0.02414	0.00033	0.01500	0.29832	0.20760	0.33147	0.02460	0.00018	5e-05	8.6e-05	0.01298	0.00013	0.00013
5	0.00025	0.08392	0.00029	0.00026	0.00030	0.00021	0.02839	0.02646	0.06497	0.00043	0.03389	0.12096	0.00071	0.00035	0.02422	6.1e-05	0.00013	0.61394	0.00012	0.00014
6	0.00032	0.00025	0.00029	0.00021	0.00033	0.00019	0.00017	0.03817	0.00031	0.08411	0.00029	0.03521	0.00024	0.00012	0.00011	2.5e-05	0.00011	0.0001	9.4e-05	0.83934
7	0.00024	0.08391	0.00026	0.02427	0.00028	0.02113	0.00019	0.00965	0.01640	0.00958	0.28960	0.04941	0.08102	0.00032	0.01520	5.4e-05	0.00011	0.39812	0.00013	0.00014
8	0.00771	0.00026	0.00808	0.54269	0.07079	0.03946	0.02310	0.01285	0.00855	0.08900	0.03328	0.05465	0.03515	0.00019	0.00015	4.7e-05	0.01370	0.06008	8.7e-05	0.00016
9	0.02620	0.00023	0.00741	0.01394	0.00801	0.09123	0.02320	0.00856	0.15156	0.00952	0.06685	0.32947	0.13626	0.06854	0.01549	5.7e-05	0.00012	0.01119	0.00012	0.03206

[dist]
# distance from previous block
# <min> <max>
0	9

# created by:
# /home/cegg/simao/soft/augustus-3.2.1/scripts/msa2prfl.pl ./align_prep/POG091H02B3.fa
