[name]
unknown

[dist]
# distance from previous block
# <min> <max>
0	64

[block]
# block no. 0 follows, 2334 sequences, length 50
# corresponding to MSA columns:
# 83-88,143-153,162-177,190-202,205,206,208,209
name=unknown_A
#
# <colnr> <probs for GDERKNQSTAVLIFYWHMCP>
#	G	D	E	R	K	N	Q	S	T	A	V	L	I	F	Y	W	H	M	C	P
0	0.03899	0.05256	0.19614	0.00035	0.02785	0.23960	0.03431	0.04952	0.04228	0.27627	0.01320	0.00040	0.00028	0.00017	0.00014	4.4e-05	0.00216	0.01945	0.00011	0.00615
1	0.00019	0.00015	0.00017	0.00017	0.00021	0.00014	0.00012	0.00023	0.00033	0.00603	0.16763	0.00123	0.61355	0.09969	0.10943	7.9e-05	0.00012	0.00028	0.00013	0.00013
2	0.00739	0.00545	0.00037	0.00032	0.00972	0.01991	0.00025	0.27822	0.66590	0.00418	0.00052	0.00355	0.00039	0.00019	0.00015	4.8e-05	0.00013	0.00016	0.00015	0.00303
3	0.00308	0.00024	0.00032	0.00026	0.00036	0.00021	0.00021	0.00354	0.02167	0.77554	0.02190	0.01076	0.05912	0.00022	0.00016	4.8e-05	0.00012	0.08820	0.00017	0.01387
4	0.01503	0.02160	0.06801	0.00040	0.12903	0.00392	0.08611	0.15548	0.00978	0.47706	0.01321	0.00368	0.01566	0.00017	0.00015	4.6e-05	0.00015	0.00015	0.00014	0.00024
5	0.00030	0.29129	0.01051	0.01096	0.00878	0.00030	0.05705	0.00335	0.04446	0.03627	0.00688	0.31469	0.00382	0.00030	0.00016	5.1e-05	0.00013	0.21041	0.00011	0.00016
6	0.00020	0.00015	0.00019	0.00018	0.00022	0.00014	0.00013	0.00026	0.00040	0.00055	0.75412	0.05354	0.18872	0.00033	0.00018	4.8e-05	7.2e-05	0.00028	0.00016	0.00014
7	0.01045	0.00035	0.00058	0.00578	0.82689	0.01196	0.03926	0.00844	0.02136	0.05214	0.00031	0.00040	0.00026	0.00014	0.00015	4.5e-05	0.00017	0.02101	8.3e-05	0.00023
8	0.00189	0.05656	0.51932	0.04526	0.17099	0.02024	0.05198	0.01041	0.01363	0.07332	0.00592	0.02039	0.00024	0.00015	0.00015	4.6e-05	0.00561	0.00358	7.9e-05	0.00022
9	0.00018	0.00013	0.00017	0.00021	0.00022	0.00012	0.00014	0.00021	0.00029	0.00038	0.02283	0.96572	0.00794	0.00046	0.00019	6e-05	8.6e-05	0.00042	0.00014	0.00012
10	0.00028	0.00026	0.00044	0.98202	0.00101	0.00033	0.00041	0.00038	0.00030	0.00038	0.00027	0.00041	0.00021	0.00015	0.00015	5e-05	0.00020	0.01253	6.7e-05	0.00016
11	0.00751	0.12519	0.59975	0.00579	0.05304	0.00724	0.07706	0.01730	0.01000	0.07406	0.00506	0.00920	0.00022	0.00015	0.00014	4.5e-05	0.00568	0.00225	7.7e-05	0.00022
12	0.00031	0.00720	0.02199	0.29554	0.20030	0.00230	0.07882	0.02286	0.01907	0.05875	0.00492	0.13054	0.03615	0.00023	0.00016	5.2e-05	0.00016	0.12036	9.9e-05	0.00018
13	0.00038	0.00032	0.00034	0.00030	0.00039	0.00037	0.00024	0.07060	0.89242	0.00064	0.00059	0.02404	0.00045	0.00021	0.00015	5e-05	0.00012	0.00802	0.00015	0.00023
14	0.83375	0.11529	0.00029	0.00021	0.00031	0.01120	0.00751	0.01325	0.00027	0.01655	0.00022	0.00025	0.00017	0.00014	9.5e-05	4.4e-05	0.00012	8.3e-05	9e-05	0.00017
15	0.00058	0.00025	0.01236	0.00026	0.00036	0.00022	0.00554	0.05355	0.02207	0.74857	0.08747	0.05453	0.00670	0.00021	0.00015	4.7e-05	0.00012	0.00017	0.00660	0.00023
16	0.88263	0.00028	0.00023	0.00020	0.00659	0.00032	0.00016	0.00044	0.00026	0.01826	0.00022	0.00025	0.00017	0.00014	9.5e-05	4.4e-05	0.00011	8.2e-05	9.3e-05	0.08942
17	0.00023	0.00017	0.00023	0.00026	0.00029	0.00016	0.00022	0.00029	0.00034	0.00044	0.05487	0.07507	0.03169	0.00463	0.00020	6.6e-05	0.00013	0.83042	0.00014	0.00013
18	0.00704	0.00018	0.00024	0.00027	0.00745	0.00018	0.00023	0.00987	0.03875	0.03010	0.01895	0.09371	0.00083	0.00039	0.00020	6.5e-05	0.00013	0.79113	0.00014	0.00014
19	0.00038	0.70878	0.21645	0.00032	0.03827	0.00475	0.00032	0.00349	0.00031	0.02213	0.00023	0.00027	0.00020	0.00013	0.00339	3.7e-05	0.00017	9e-05	6.7e-05	0.00020
20	0.00030	0.00015	0.00016	0.00016	0.00020	0.00015	0.00012	0.01035	0.02198	0.06348	0.08917	0.00060	0.00047	0.00019	0.00011	3.7e-05	7.5e-05	0.00015	0.81200	0.00015
21	0.00037	0.00035	0.00060	0.00091	0.99387	0.00035	0.00045	0.00045	0.00034	0.00048	0.00028	0.00037	0.00023	0.00013	0.00015	4.4e-05	0.00018	0.00013	7.3e-05	0.00023
22	0.00415	0.00355	0.04377	0.02391	0.77307	0.09502	0.01078	0.00669	0.01107	0.02065	0.00222	0.00036	0.00023	0.00014	0.00015	4.4e-05	0.00375	0.00013	7.7e-05	0.00023
23	0.00066	0.00025	0.00034	0.00026	0.00037	0.00022	0.00022	0.00071	0.00042	0.97256	0.01087	0.00052	0.00038	0.01132	0.00016	4.7e-05	0.00013	0.00015	0.00018	0.00025
24	0.00018	0.00013	0.00017	0.00021	0.00021	0.00012	0.00014	0.00021	0.00028	0.00038	0.00082	0.99469	0.00098	0.00046	0.00019	6e-05	8.6e-05	0.00042	0.00014	0.00012
25	0.01128	0.05605	0.14309	0.00031	0.02374	0.03534	0.04154	0.03848	0.27655	0.08383	0.24123	0.00855	0.03428	0.00021	0.00015	4.7e-05	0.00014	0.00487	0.00013	0.00020
26	0.00252	0.01571	0.82698	0.00041	0.01548	0.00807	0.00669	0.01070	0.00380	0.09215	0.00230	0.00033	0.00021	0.00015	0.00015	4.7e-05	0.01389	0.00011	7.6e-05	0.00022
27	0.00053	0.00030	0.00034	0.00028	0.00302	0.06355	0.00022	0.06486	0.27338	0.49740	0.04941	0.00053	0.00042	0.00019	0.00015	4.6e-05	0.00753	0.00396	0.03364	0.00023
28	0.10364	0.34710	0.17038	0.00281	0.02764	0.26492	0.01704	0.01109	0.00034	0.04845	0.00025	0.00028	0.00020	0.00014	0.00012	3.9e-05	0.00321	9.6e-05	0.00206	0.00019
29	0.96201	0.00029	0.00022	0.00020	0.00029	0.01730	0.00016	0.00044	0.00026	0.01186	0.00021	0.00025	0.00016	0.00014	9.3e-05	4.6e-05	0.00012	8.2e-05	0.00570	0.00016
30	0.00310	0.82416	0.00585	0.00028	0.00435	0.14221	0.00026	0.01054	0.00032	0.00036	0.00368	0.00025	0.00020	0.00013	0.00010	3.3e-05	0.00384	8.3e-05	6.7e-05	0.00019
31	0.00022	0.00017	0.00531	0.00844	0.00481	0.00016	0.01842	0.01049	0.00445	0.02523	0.06523	0.13440	0.29772	0.18170	0.00844	7.4e-05	0.00238	0.22899	0.00013	0.00325
32	0.00570	0.29823	0.51914	0.00225	0.01135	0.00893	0.04815	0.00313	0.01455	0.07130	0.00993	0.00032	0.00022	0.00014	0.00013	4.2e-05	0.00019	0.00011	7.5e-05	0.00612
33	0.00757	0.01749	0.06241	0.06227	0.55178	0.00534	0.01976	0.00292	0.00834	0.15777	0.00797	0.09503	0.00033	0.00018	0.00015	4.6e-05	0.00016	0.00016	9.7e-05	0.00022
34	0.00873	0.00026	0.00035	0.00027	0.00038	0.00023	0.00022	0.03053	0.00043	0.95609	0.00057	0.00050	0.00036	0.00018	0.00015	4.6e-05	0.00013	0.00015	0.00018	0.00025
35	0.00307	0.00023	0.09596	0.00024	0.04511	0.00018	0.00697	0.00497	0.02633	0.04217	0.31332	0.01824	0.40579	0.00407	0.00017	4.9e-05	9.9e-05	0.03274	0.00014	0.00015
36	0.00272	0.29953	0.57582	0.01464	0.01092	0.00631	0.01374	0.00620	0.00931	0.00889	0.04229	0.00034	0.00612	0.00015	0.00013	4.2e-05	0.00019	0.00239	7.1e-05	0.00021
37	0.00027	0.02014	0.03227	0.00022	0.00520	0.09207	0.00577	0.00635	0.00238	0.04341	0.03016	0.18042	0.25420	0.07230	0.10304	0.14368	0.00763	0.00024	0.00011	0.00013
38	0.00019	0.00014	0.00018	0.00021	0.00023	0.00013	0.00015	0.00022	0.00030	0.00039	0.01323	0.73236	0.11853	0.00044	0.00019	6e-05	9.1e-05	0.13270	0.00014	0.00012
39	0.00028	0.00027	0.01113	0.95989	0.01527	0.00033	0.00041	0.00038	0.00030	0.00038	0.00026	0.00039	0.00020	0.00015	0.00015	4.9e-05	0.00979	0.00013	6.6e-05	0.00017
40	0.00032	0.01363	0.23734	0.00593	0.31141	0.00028	0.01788	0.00240	0.04108	0.07790	0.11951	0.03847	0.13280	0.00021	0.00015	4.7e-05	0.00015	0.00018	0.00010	0.00020
41	0.00039	0.00529	0.00258	0.06601	0.65801	0.02660	0.01164	0.13916	0.00549	0.02392	0.00293	0.04261	0.00340	0.00016	0.00015	4.5e-05	0.00247	0.00882	9e-05	0.00022
42	0.87450	0.00028	0.00022	0.00020	0.00029	0.01103	0.00016	0.03587	0.00027	0.00065	0.00025	0.06160	0.00022	0.01381	0.00011	4.8e-05	0.00012	0.00011	9.6e-05	0.00016
43	0.11094	0.00359	0.00651	0.00029	0.01515	0.00021	0.13643	0.00309	0.01524	0.19789	0.00835	0.34253	0.10107	0.00222	0.00017	5.3e-05	0.00012	0.05585	0.00013	0.00017
44	0.01536	0.00031	0.00614	0.00039	0.17865	0.05477	0.01622	0.08503	0.01862	0.52969	0.00754	0.03070	0.04629	0.00019	0.00015	4.6e-05	0.00014	0.00939	0.00015	0.00023
45	0.07449	0.07359	0.00049	0.00799	0.51997	0.00416	0.00976	0.06278	0.02052	0.10771	0.06715	0.00617	0.03958	0.00272	0.00014	4.4e-05	0.00015	0.00226	0.00010	0.00022
46	0.00059	0.00025	0.00033	0.00026	0.00037	0.02370	0.01470	0.01635	0.00302	0.79944	0.10434	0.01157	0.01527	0.00385	0.00016	4.7e-05	0.00012	0.00520	0.00017	0.00023
47	0.15839	0.08453	0.02337	0.00027	0.00038	0.00827	0.01250	0.09624	0.03191	0.54544	0.03328	0.00044	0.00398	0.00017	0.00014	4.5e-05	0.00013	0.00013	0.00015	0.00023
48	0.00037	0.00975	0.00564	0.00428	0.94858	0.00447	0.00045	0.00624	0.00034	0.01806	0.00028	0.00037	0.00024	0.00013	0.00015	4.4e-05	0.00018	0.00013	7.6e-05	0.00023
49	0.00411	0.00031	0.00052	0.33218	0.56685	0.00033	0.00042	0.00364	0.00033	0.06935	0.00561	0.01008	0.00025	0.00015	0.00015	4.6e-05	0.00018	0.00520	8e-05	0.00021

[dist]
# distance from previous block
# <min> <max>
1	2

[block]
# block no. 1 follows, 2334 sequences, length 11
# corresponding to MSA columns:
# 214-216,225-230,233,235
name=unknown_B
#
# <colnr> <probs for GDERKNQSTAVLIFYWHMCP>
#	G	D	E	R	K	N	Q	S	T	A	V	L	I	F	Y	W	H	M	C	P
0	0.47105	0.23462	0.09276	0.00866	0.00037	0.01197	0.00866	0.06751	0.03536	0.04157	0.00862	0.00029	0.00021	0.00015	0.00011	4.3e-05	0.01767	9.6e-05	9.2e-05	0.00019
1	0.00031	0.00031	0.00044	0.80384	0.03752	0.10549	0.00039	0.00040	0.00031	0.00039	0.02205	0.00039	0.00022	0.00015	0.00016	4.8e-05	0.02720	0.00013	6.9e-05	0.00017
2	0.00031	0.05131	0.11725	0.00027	0.02431	0.01737	0.01632	0.07129	0.13136	0.05480	0.24158	0.01690	0.22881	0.00025	0.00017	4.8e-05	0.02712	0.00021	0.00013	0.00018
3	0.00059	0.00027	0.00034	0.00027	0.00038	0.00025	0.00022	0.03477	0.18265	0.74491	0.03333	0.00053	0.00041	0.00019	0.00015	4.7e-05	0.00012	0.00016	0.00018	0.00025
4	0.01749	0.02915	0.02173	0.01062	0.03731	0.03106	0.02076	0.16697	0.03125	0.59100	0.00677	0.01366	0.00674	0.00018	0.00015	4.6e-05	0.00836	0.00015	0.00639	0.00024
5	0.00034	0.07016	0.75867	0.00041	0.01368	0.09428	0.01488	0.00048	0.00033	0.02937	0.00028	0.00033	0.00021	0.00015	0.00014	4.5e-05	0.00022	0.01576	6.9e-05	0.00021
6	0.99584	0.00029	0.00022	0.00019	0.00029	0.00033	0.00016	0.00044	0.00025	0.00067	0.00021	0.00024	0.00016	0.00014	9.2e-05	4.6e-05	0.00011	8e-05	9.2e-05	0.00016
7	0.00774	0.00018	0.00023	0.02298	0.00807	0.00017	0.00794	0.02622	0.04867	0.11229	0.20603	0.41276	0.05706	0.00850	0.00018	5.4e-05	9.7e-05	0.04054	0.04014	0.00015
8	0.00023	0.00017	0.00020	0.00019	0.00023	0.00016	0.00014	0.01806	0.06373	0.03002	0.46889	0.03708	0.34707	0.00032	0.00017	4.8e-05	7.9e-05	0.01221	0.02086	0.00015
9	0.13448	0.01225	0.01195	0.01537	0.04678	0.00676	0.01330	0.03399	0.04625	0.33255	0.10515	0.08792	0.05860	0.05108	0.01765	5.6e-05	0.00013	0.01235	0.01320	0.00019
10	0.01328	0.01050	0.00684	0.00024	0.00031	0.00938	0.00742	0.07809	0.11998	0.27717	0.22075	0.04907	0.13761	0.02453	0.01408	5.3e-05	0.00798	0.00989	0.00654	0.00627

[dist]
# distance from previous block
# <min> <max>
1	11

[block]
# block no. 2 follows, 2334 sequences, length 33
# corresponding to MSA columns:
# 259-291
name=unknown_C
#
# <colnr> <probs for GDERKNQSTAVLIFYWHMCP>
#	G	D	E	R	K	N	Q	S	T	A	V	L	I	F	Y	W	H	M	C	P
0	0.08250	0.02151	0.00835	0.04913	0.16930	0.04033	0.02581	0.09676	0.08788	0.05691	0.17377	0.01195	0.01999	0.07364	0.05457	6.4e-05	0.00918	0.00539	0.01279	0.00018
1	0.47928	0.00028	0.00029	0.00024	0.00825	0.02422	0.00452	0.01662	0.01689	0.41128	0.02723	0.00448	0.00551	0.00017	0.00012	4.6e-05	0.00012	0.00012	0.00013	0.00020
2	0.00840	0.00023	0.00029	0.00026	0.02523	0.00022	0.00520	0.06099	0.08360	0.37749	0.30850	0.01676	0.04635	0.01417	0.02735	5.4e-05	0.00012	0.01614	0.00847	0.00020
3	0.00022	0.00015	0.00019	0.00020	0.00024	0.00014	0.00520	0.00027	0.00034	0.05564	0.14263	0.34881	0.27310	0.00039	0.00018	5.6e-05	9.2e-05	0.15719	0.01483	0.00014
4	0.00021	0.00015	0.00019	0.00019	0.00022	0.00014	0.00014	0.01243	0.01732	0.01555	0.52399	0.18641	0.22792	0.00526	0.00018	5e-05	7.8e-05	0.00503	0.00439	0.00014
5	0.01286	0.00828	0.86845	0.00041	0.00061	0.00034	0.01655	0.01378	0.00032	0.05810	0.00492	0.00033	0.00021	0.00015	0.00014	4.7e-05	0.01027	0.00011	0.00391	0.00022
6	0.00020	0.00015	0.00019	0.00019	0.00022	0.00014	0.00014	0.00026	0.00616	0.00997	0.50092	0.27614	0.15174	0.03044	0.00020	5.4e-05	8e-05	0.02254	0.00015	0.00013
7	0.02351	0.00827	0.00043	0.00366	0.06406	0.80354	0.02287	0.00948	0.00799	0.04262	0.00026	0.00828	0.00021	0.00016	0.00014	4e-05	0.00025	0.00396	8.3e-05	0.00018
8	0.00042	0.00025	0.00028	0.00023	0.00030	0.00027	0.00018	0.36909	0.00847	0.09306	0.03845	0.00050	0.00037	0.00018	0.00013	4e-05	0.00011	0.00014	0.48734	0.00019
9	0.00030	0.00072	0.87465	0.00045	0.00066	0.00035	0.11987	0.00047	0.00032	0.00047	0.00027	0.00032	0.00019	0.00014	0.00014	4.7e-05	0.00022	0.00012	6.4e-05	0.00022
10	0.00037	0.00032	0.00034	0.00030	0.00039	0.00037	0.00023	0.00079	0.99360	0.00062	0.00060	0.00055	0.00045	0.00020	0.00015	5e-05	0.00012	0.00017	0.00015	0.00023
11	0.00039	0.95790	0.03773	0.00026	0.00039	0.00058	0.00026	0.00044	0.00030	0.00035	0.00021	0.00024	0.00019	0.00013	9.7e-05	3.2e-05	0.00016	8e-05	6.3e-05	0.00019
12	0.00022	0.00015	0.00017	0.00017	0.00017	0.00015	9.6e-05	0.01857	0.00023	0.00030	0.00046	0.00094	0.00052	0.94258	0.00961	0.00014	0.00015	0.00021	9.1e-05	0.02506
13	0.00022	0.00015	0.00020	0.00019	0.00023	0.00014	0.00014	0.00029	0.00844	0.02884	0.90801	0.04000	0.00133	0.00030	0.00017	4.7e-05	7.3e-05	0.00027	0.01079	0.00014
14	0.03800	0.00027	0.00035	0.00027	0.00038	0.00024	0.00022	0.07427	0.02550	0.84954	0.00903	0.00049	0.00036	0.00018	0.00015	4.6e-05	0.00013	0.00015	0.00018	0.00025
15	0.01308	0.00034	0.00053	0.15079	0.61932	0.06516	0.02801	0.01047	0.01553	0.01156	0.01294	0.05265	0.00689	0.00016	0.00015	4.6e-05	0.00289	0.00919	8.1e-05	0.00021
16	0.07342	0.16765	0.00591	0.00034	0.00043	0.60261	0.03241	0.02929	0.04759	0.01373	0.02517	0.00031	0.00024	0.00015	0.00013	3.9e-05	0.00022	0.00010	8.4e-05	0.00018
17	0.02779	0.28932	0.32714	0.00033	0.02038	0.01122	0.02225	0.01728	0.01178	0.19043	0.00696	0.00535	0.00468	0.00015	0.00013	4.1e-05	0.00389	0.00011	9.3e-05	0.06068
18	0.10944	0.24198	0.13566	0.01112	0.13323	0.08700	0.07859	0.06004	0.01643	0.04158	0.02904	0.03249	0.00800	0.00016	0.00013	4.3e-05	0.00548	0.00418	8.8e-05	0.00530
19	0.00022	0.00015	0.00017	0.00017	0.00017	0.00015	9.4e-05	0.00022	0.00749	0.00029	0.00047	0.00651	0.00707	0.95782	0.01216	0.00014	0.00632	0.00022	9.1e-05	9.2e-05
20	0.00848	0.00026	0.00243	0.05116	0.14363	0.00427	0.25478	0.00787	0.03812	0.01437	0.16956	0.10465	0.16925	0.00025	0.00242	5e-05	0.00392	0.01410	0.00815	0.00227
21	0.09334	0.07972	0.13928	0.00453	0.06467	0.11948	0.02507	0.06033	0.05489	0.34075	0.01045	0.00315	0.00028	0.00016	0.00014	4.4e-05	0.00323	0.00013	0.00012	0.00022
22	0.00021	0.00014	0.00018	0.00019	0.00020	0.00014	0.00012	0.00567	0.00790	0.02059	0.03370	0.38901	0.01640	0.45930	0.02107	0.00010	0.00012	0.04070	0.00412	0.00011
23	0.07671	0.00023	0.00447	0.00024	0.00032	0.00022	0.00019	0.05138	0.07837	0.40368	0.35307	0.00861	0.01138	0.00023	0.00015	4.7e-05	0.00011	0.00368	0.00672	0.00020
24	0.02061	0.15264	0.09481	0.04723	0.16316	0.19454	0.10966	0.03192	0.02990	0.11262	0.00327	0.01086	0.00025	0.00016	0.01220	4.5e-05	0.01289	0.00294	9e-05	0.00020
25	0.04641	0.09404	0.14790	0.03472	0.21869	0.08240	0.07029	0.07540	0.06724	0.12646	0.01026	0.00638	0.00267	0.00499	0.00014	4.5e-05	0.00018	0.01147	9.9e-05	0.00021
26	0.00024	0.00017	0.00020	0.00020	0.00024	0.00016	0.00015	0.03429	0.06859	0.05364	0.37175	0.15640	0.28497	0.01063	0.00018	5.1e-05	8.4e-05	0.00447	0.01344	0.00015
27	0.01296	0.00022	0.00028	0.00024	0.00347	0.00288	0.00019	0.02614	0.06447	0.49505	0.12437	0.21829	0.02750	0.00353	0.00016	5e-05	0.00011	0.01425	0.00565	0.00020
28	0.02620	0.20601	0.22401	0.00663	0.17739	0.06554	0.05830	0.04018	0.03385	0.12196	0.00921	0.00548	0.00324	0.00302	0.00223	4.4e-05	0.00538	0.00434	0.00678	0.00021
29	0.00339	0.02342	0.01690	0.00728	0.05041	0.00485	0.06872	0.01110	0.07255	0.28708	0.14304	0.13620	0.04923	0.01265	0.01095	5.4e-05	0.08272	0.01594	0.00332	0.00019
30	0.02089	0.00022	0.00028	0.00384	0.00032	0.00019	0.00019	0.00791	0.00832	0.59666	0.19201	0.02686	0.13277	0.00498	0.00016	4.8e-05	0.00011	0.00387	0.00017	0.00021
31	0.00340	0.01420	0.02060	0.00652	0.02585	0.00414	0.01594	0.01431	0.00728	0.26673	0.17883	0.28368	0.03513	0.07201	0.00354	5.9e-05	0.00569	0.03879	0.00313	0.00017
32	0.02986	0.07021	0.16504	0.01574	0.08073	0.05202	0.02209	0.08126	0.08085	0.35959	0.01155	0.00749	0.01106	0.00528	0.00212	4.6e-05	0.00232	0.00014	0.00239	0.00023

[dist]
# distance from previous block
# <min> <max>
2	6

[block]
# block no. 3 follows, 2334 sequences, length 7
# corresponding to MSA columns:
# 307-312,317
name=unknown_D
#
# <colnr> <probs for GDERKNQSTAVLIFYWHMCP>
#	G	D	E	R	K	N	Q	S	T	A	V	L	I	F	Y	W	H	M	C	P
0	0.01596	0.42280	0.02406	0.00030	0.01394	0.08642	0.01302	0.18824	0.15767	0.01385	0.00034	0.00035	0.01571	0.00016	0.00013	4e-05	0.01231	0.00011	0.03438	0.00021
1	0.01607	0.01292	0.01088	0.01563	0.01556	0.04284	0.00972	0.01380	0.06295	0.11080	0.29857	0.16772	0.15467	0.01264	0.00018	5.1e-05	0.00863	0.02965	0.00014	0.01658
2	0.01688	0.19125	0.47477	0.00036	0.01560	0.01482	0.02667	0.02126	0.02691	0.15460	0.02851	0.01376	0.00027	0.00016	0.00014	4.4e-05	0.00018	0.00012	9.1e-05	0.01361
3	0.04387	0.05054	0.26994	0.00034	0.04139	0.01299	0.02727	0.04938	0.03790	0.35036	0.03618	0.01104	0.00953	0.00017	0.00015	4.5e-05	0.00919	0.00920	0.01044	0.03008
4	0.01626	0.00016	0.00020	0.00021	0.00024	0.00015	0.00015	0.00029	0.02068	0.11388	0.10443	0.59062	0.06381	0.04258	0.00021	6e-05	0.01896	0.02682	0.00014	0.00014
5	0.01720	0.02525	0.05438	0.01118	0.14902	0.07457	0.06687	0.07624	0.01519	0.09809	0.03315	0.25675	0.03289	0.00927	0.00901	5.3e-05	0.01283	0.04970	0.00818	0.00018
6	0.02739	0.03187	0.13983	0.01273	0.04291	0.05663	0.02477	0.06527	0.02855	0.45743	0.01515	0.05387	0.01072	0.00020	0.01956	5e-05	0.00016	0.00015	0.00014	0.01262

[dist]
# distance from previous block
# <min> <max>
0	17

[block]
# block no. 4 follows, 2334 sequences, length 10
# corresponding to MSA columns:
# 339-348
name=unknown_E
#
# <colnr> <probs for GDERKNQSTAVLIFYWHMCP>
#	G	D	E	R	K	N	Q	S	T	A	V	L	I	F	Y	W	H	M	C	P
0	0.00845	0.03990	0.03250	0.00691	0.06561	0.02335	0.03444	0.13561	0.49291	0.06560	0.00797	0.01694	0.01136	0.00019	0.00651	4.8e-05	0.00689	0.00015	0.00013	0.04453
1	0.00024	0.00018	0.01723	0.01675	0.00026	0.00016	0.03850	0.00030	0.01723	0.04528	0.50735	0.10640	0.09678	0.12964	0.01011	6.3e-05	0.00010	0.01316	0.00014	0.00014
2	0.02364	0.08407	0.44828	0.00787	0.06802	0.01429	0.10145	0.04798	0.02335	0.12613	0.01485	0.01299	0.01174	0.00016	0.00015	4.6e-05	0.00764	0.00013	0.00700	0.00021
3	0.01807	0.21192	0.39638	0.00779	0.00912	0.01021	0.05301	0.03994	0.05213	0.14738	0.01223	0.01811	0.00719	0.00016	0.00014	4.4e-05	0.00018	0.00783	9.4e-05	0.00807
4	0.00750	0.03562	0.08251	0.03070	0.04881	0.00796	0.04397	0.01798	0.06951	0.31305	0.08495	0.09043	0.01469	0.02662	0.09605	6.9e-05	0.01258	0.01666	0.00013	0.00020
5	0.00023	0.00019	0.00028	0.29569	0.01386	0.00021	0.02136	0.00030	0.02372	0.01369	0.16007	0.19939	0.19145	0.02514	0.03358	6e-05	0.00013	0.01162	0.00889	0.00015
6	0.01277	0.06641	0.10228	0.01447	0.14317	0.03379	0.08970	0.02924	0.15176	0.11562	0.11905	0.04080	0.04026	0.00020	0.00016	4.7e-05	0.03980	0.00017	0.00011	0.00020
7	0.03824	0.14589	0.23523	0.01580	0.00795	0.05731	0.03887	0.07709	0.03227	0.25048	0.04657	0.01113	0.00927	0.00720	0.00015	4.5e-05	0.02606	0.00013	0.00011	0.00021
8	0.01531	0.00023	0.02926	0.04945	0.03274	0.02441	0.07155	0.00964	0.04070	0.17531	0.01571	0.41315	0.01643	0.01246	0.00837	5.7e-05	0.00611	0.07212	0.00680	0.00017
9	0.01925	0.00023	0.00808	0.00870	0.00029	0.02631	0.01600	0.10761	0.08569	0.05177	0.28797	0.00100	0.32832	0.00808	0.00017	4.9e-05	0.00010	0.03318	0.01705	0.00016

[dist]
# distance from previous block
# <min> <max>
0	1

[block]
# block no. 5 follows, 2334 sequences, length 14
# corresponding to MSA columns:
# 350-363
name=unknown_F
#
# <colnr> <probs for GDERKNQSTAVLIFYWHMCP>
#	G	D	E	R	K	N	Q	S	T	A	V	L	I	F	Y	W	H	M	C	P
0	0.19242	0.00027	0.00035	0.00653	0.00039	0.00756	0.06920	0.02788	0.01138	0.58289	0.00659	0.03174	0.00680	0.00019	0.00015	4.8e-05	0.02397	0.03126	0.00015	0.00022
1	0.00579	0.00029	0.00594	0.04597	0.38213	0.02278	0.00950	0.00925	0.21270	0.00858	0.13086	0.05830	0.09562	0.00022	0.00016	4.8e-05	0.00584	0.00571	0.00011	0.00020
2	0.00021	0.00017	0.00018	0.00018	0.00023	0.00016	0.00013	0.00904	0.11050	0.00838	0.04515	0.12594	0.59714	0.05160	0.00021	0.01943	8.8e-05	0.01737	0.01374	0.00014
3	0.93240	0.00029	0.00023	0.01616	0.01626	0.00034	0.00017	0.01503	0.00026	0.00066	0.00021	0.00025	0.00016	0.00014	0.00010	4.6e-05	0.01695	8.4e-05	9.1e-05	0.00016
4	0.00030	0.00077	0.99402	0.00042	0.00064	0.00034	0.00055	0.00047	0.00031	0.00047	0.00027	0.00031	0.00019	0.00014	0.00014	4.7e-05	0.00022	0.00011	6.3e-05	0.00022
5	0.00046	0.00053	0.00049	0.01117	0.37997	0.51916	0.01097	0.00052	0.00038	0.01150	0.00025	0.00032	0.00021	0.00015	0.00016	4.2e-05	0.05191	0.00011	0.01150	0.00020
6	0.00021	0.00017	0.00021	0.00021	0.00025	0.00015	0.02887	0.00027	0.03877	0.00044	0.13048	0.12953	0.42678	0.01100	0.00019	5.6e-05	9.8e-05	0.23203	0.00014	0.00014
7	0.01299	0.02016	0.20622	0.02456	0.10948	0.14017	0.07673	0.12874	0.08373	0.02925	0.11676	0.02949	0.00673	0.00018	0.00015	4.6e-05	0.00597	0.00833	0.00010	0.00020
8	0.00020	0.00015	0.00018	0.00018	0.00022	0.00013	0.00013	0.00025	0.01072	0.01753	0.27348	0.34071	0.28070	0.05433	0.00021	5.7e-05	8.3e-05	0.00032	0.00014	0.02026
9	0.09276	0.07235	0.00044	0.64868	0.02985	0.01962	0.00700	0.04163	0.00725	0.04872	0.00840	0.00844	0.00741	0.00015	0.00014	4.7e-05	0.00018	0.00013	8e-05	0.00671
10	0.05902	0.00728	0.02082	0.72681	0.04352	0.01824	0.06107	0.01397	0.00031	0.01785	0.00670	0.00039	0.00021	0.00647	0.00867	5.1e-05	0.00823	0.00013	7.2e-05	0.00017
11	0.00833	0.00018	0.00022	0.00020	0.00024	0.00017	0.00015	0.04053	0.02194	0.12170	0.18907	0.10225	0.07172	0.30134	0.10645	9.8e-05	0.00014	0.02697	0.00818	0.00014
12	0.04228	0.01105	0.10407	0.01200	0.07759	0.02957	0.04765	0.02695	0.03831	0.39155	0.13491	0.01203	0.02597	0.01102	0.00016	4.8e-05	0.01062	0.01688	0.00712	0.00021
13	0.00646	0.00028	0.00896	0.22277	0.13216	0.03434	0.03659	0.05038	0.09750	0.04102	0.11305	0.05091	0.03930	0.04024	0.07882	6.7e-05	0.03284	0.00554	0.00858	0.00018

[dist]
# distance from previous block
# <min> <max>
4	10

[block]
# block no. 6 follows, 2334 sequences, length 6
# corresponding to MSA columns:
# 379-384
name=unknown_G
#
# <colnr> <probs for GDERKNQSTAVLIFYWHMCP>
#	G	D	E	R	K	N	Q	S	T	A	V	L	I	F	Y	W	H	M	C	P
0	0.00023	0.00017	0.00021	0.01223	0.00025	0.01274	0.01394	0.01535	0.04548	0.02162	0.37636	0.21088	0.16781	0.06950	0.01362	6e-05	0.01214	0.01330	0.01398	0.00014
1	0.23340	0.02461	0.06256	0.00027	0.01150	0.04880	0.02279	0.06022	0.04649	0.27226	0.10885	0.01117	0.01950	0.01335	0.01972	5.1e-05	0.02204	0.01166	0.01057	0.00020
2	0.08863	0.02412	0.01466	0.00967	0.00973	0.01306	0.01933	0.22937	0.12023	0.17165	0.12513	0.01829	0.05117	0.01079	0.00980	4.9e-05	0.01753	0.01033	0.01549	0.04097
3	0.00021	0.00016	0.00024	0.00024	0.00026	0.00019	0.00019	0.00026	0.00024	0.00034	0.00040	0.00058	0.00037	0.00111	0.99420	0.00024	0.00040	0.00016	7.9e-05	0.00013
4	0.00028	0.02245	0.00031	0.05942	0.03060	0.04763	0.08599	0.03543	0.01799	0.04639	0.16040	0.25157	0.16884	0.00031	0.00017	5.1e-05	0.00012	0.05877	0.01313	0.00016
5	0.00032	0.00032	0.00045	0.00039	0.00039	0.00045	0.00032	0.00036	0.00023	0.00036	0.00019	0.00032	0.00019	0.00026	0.00049	6.5e-05	0.99452	0.00013	6.5e-05	0.00016

[dist]
# distance from previous block
# <min> <max>
16	29

[block]
# block no. 7 follows, 2334 sequences, length 10
# corresponding to MSA columns:
# 424-433
name=unknown_H
#
# <colnr> <probs for GDERKNQSTAVLIFYWHMCP>
#	G	D	E	R	K	N	Q	S	T	A	V	L	I	F	Y	W	H	M	C	P
0	0.22340	0.00024	0.00028	0.00024	0.00979	0.00023	0.00019	0.01791	0.01053	0.51585	0.05167	0.10680	0.02776	0.00960	0.00015	4.9e-05	0.00012	0.01561	0.00015	0.00943
1	0.00034	0.01259	0.04432	0.23976	0.46911	0.01082	0.01355	0.00988	0.01532	0.00044	0.01115	0.00038	0.00023	0.00017	0.01276	5.1e-05	0.15873	0.00013	7.3e-05	0.00020
2	0.06328	0.24414	0.04595	0.00889	0.08724	0.14940	0.18689	0.03828	0.01172	0.07438	0.00029	0.01133	0.00023	0.00017	0.02450	4.8e-05	0.05285	0.00012	8.5e-05	0.00020
3	0.00023	0.00016	0.00019	0.00018	0.00022	0.00014	0.00013	0.00028	0.01764	0.07376	0.33609	0.11119	0.42940	0.01500	0.00018	5.1e-05	8e-05	0.00029	0.01464	0.00014
4	0.04603	0.00025	0.00033	0.00026	0.00036	0.00023	0.00021	0.05179	0.02176	0.78894	0.01791	0.00050	0.00037	0.00018	0.00014	4.5e-05	0.00012	0.00015	0.07017	0.00024
5	0.00024	0.00020	0.02462	0.00029	0.00033	0.00019	0.07145	0.00032	0.01726	0.00045	0.07954	0.10701	0.00084	0.00038	0.00020	6.4e-05	0.00014	0.69621	0.00013	0.00014
6	0.00033	0.00035	0.00060	0.00047	0.00052	0.00043	0.33718	0.00040	0.00027	0.00040	0.00023	0.00035	0.00020	0.00021	0.00038	6e-05	0.65723	0.00015	6.8e-05	0.00017
7	0.00023	0.00017	0.00019	0.00018	0.00023	0.00015	0.00014	0.02061	0.02621	0.06498	0.43087	0.00118	0.45365	0.00032	0.00017	4.8e-05	7.9e-05	0.00028	0.00015	0.00015
8	0.00062	0.00026	0.00034	0.00027	0.00037	0.00023	0.00022	0.06752	0.01809	0.82712	0.03409	0.00055	0.00041	0.00019	0.00015	4.6e-05	0.00013	0.03171	0.01746	0.00024
9	0.02551	0.00025	0.00033	0.00026	0.00037	0.00022	0.00021	0.04500	0.00042	0.84310	0.00057	0.03938	0.00039	0.02616	0.00017	4.9e-05	0.00013	0.01706	0.00017	0.00024

[dist]
# distance from previous block
# <min> <max>
2	5

[block]
# block no. 8 follows, 2334 sequences, length 25
# corresponding to MSA columns:
# 447-450,452-454,456-473
name=unknown_I
#
# <colnr> <probs for GDERKNQSTAVLIFYWHMCP>
#	G	D	E	R	K	N	Q	S	T	A	V	L	I	F	Y	W	H	M	C	P
0	0.00032	0.00026	0.00031	0.00022	0.00035	0.00020	0.00018	0.00039	0.00032	0.05010	0.03339	0.00034	0.00027	0.00012	0.00011	2.4e-05	0.00011	9.7e-05	9.5e-05	0.91281
1	0.00826	0.01483	0.11886	0.05930	0.14582	0.00758	0.13131	0.05690	0.08444	0.03964	0.11636	0.12243	0.05967	0.00022	0.00016	4.9e-05	0.00585	0.01287	0.00011	0.01534
2	0.00389	0.00020	0.00524	0.00023	0.00028	0.00020	0.00018	0.06361	0.01683	0.24479	0.21053	0.00071	0.00516	0.13557	0.24307	0.01891	0.01434	0.00018	0.03592	0.00017
3	0.00778	0.00015	0.00019	0.00388	0.00023	0.00790	0.00014	0.00026	0.02154	0.03404	0.22868	0.50626	0.16561	0.00413	0.00019	0.00901	8.5e-05	0.00614	0.00366	0.00013
4	0.00951	0.25351	0.00558	0.02973	0.06097	0.08322	0.00412	0.37844	0.10835	0.01239	0.00734	0.01534	0.00027	0.00733	0.00495	4.4e-05	0.00694	0.00270	0.00905	0.00022
5	0.00836	0.01572	0.11741	0.19867	0.07938	0.00571	0.00719	0.05249	0.01358	0.11675	0.06800	0.00432	0.00999	0.00937	0.10843	6.5e-05	0.00461	0.00935	0.02024	0.15037
6	0.01691	0.22256	0.26833	0.00699	0.11198	0.02309	0.02327	0.13971	0.04819	0.11709	0.00330	0.00486	0.00439	0.00015	0.00014	4.3e-05	0.00542	0.00012	0.00323	0.00022
7	0.10483	0.35987	0.25628	0.00034	0.01806	0.01205	0.09075	0.07653	0.00900	0.02500	0.00970	0.00339	0.00023	0.00444	0.00294	4.3e-05	0.00804	0.01533	0.00298	0.00020
8	0.00020	0.00015	0.00019	0.00019	0.00022	0.00014	0.00014	0.00026	0.00037	0.00051	0.58736	0.20685	0.09527	0.05861	0.00756	5.7e-05	8.3e-05	0.03238	0.00935	0.00013
9	0.00627	0.36274	0.00848	0.00026	0.00480	0.01473	0.00023	0.15982	0.02531	0.01284	0.00027	0.00030	0.00022	0.00452	0.00012	3.1e-05	0.00014	9.6e-05	9.1e-05	0.39874
10	0.00368	0.04404	0.10772	0.00033	0.02577	0.00448	0.10460	0.02827	0.03648	0.43733	0.00959	0.02747	0.00485	0.00017	0.00417	4.4e-05	0.00515	0.00796	0.00013	0.14775
11	0.00826	0.29313	0.38101	0.00340	0.02423	0.01836	0.06072	0.06414	0.01733	0.10898	0.00560	0.00495	0.00023	0.00015	0.00013	4.2e-05	0.00542	0.00363	8.6e-05	0.00021
12	0.00027	0.03627	0.03570	0.00747	0.00796	0.00295	0.01264	0.01839	0.04170	0.07838	0.28690	0.10682	0.09233	0.20613	0.03970	0.00337	0.00437	0.01837	0.00013	0.00015
13	0.00022	0.00016	0.00021	0.00795	0.04688	0.00015	0.00015	0.00027	0.00829	0.02818	0.43434	0.20395	0.25455	0.00034	0.00018	5e-05	8.3e-05	0.01377	0.00015	0.00014
14	0.00355	0.10256	0.45212	0.00526	0.08981	0.01996	0.05305	0.00545	0.02141	0.21268	0.00831	0.00417	0.00025	0.00016	0.00330	4.6e-05	0.01748	0.00012	9.4e-05	0.00022
15	0.00037	0.07219	0.06623	0.19554	0.37970	0.06056	0.02067	0.04987	0.01689	0.03456	0.00527	0.00037	0.00446	0.00016	0.00017	4.6e-05	0.09254	0.00013	7.9e-05	0.00021
16	0.00030	0.00074	0.93314	0.01217	0.01815	0.00034	0.02221	0.00047	0.00031	0.00047	0.00027	0.00033	0.00020	0.00014	0.00014	4.7e-05	0.00022	0.01007	6.4e-05	0.00022
17	0.00030	0.00028	0.01089	0.34753	0.33000	0.00622	0.00961	0.00873	0.06649	0.00451	0.00424	0.11540	0.01631	0.01758	0.03684	5.8e-05	0.00957	0.01206	0.00320	0.00019
18	0.00758	0.05100	0.30545	0.09828	0.07503	0.02781	0.05960	0.05284	0.02344	0.21264	0.01476	0.03432	0.01498	0.00017	0.00015	4.7e-05	0.01228	0.00931	0.00010	0.00021
19	0.01898	0.00018	0.00023	0.00021	0.01133	0.00016	0.05440	0.00030	0.01009	0.07085	0.28315	0.02221	0.49255	0.00750	0.01662	5.3e-05	0.01063	0.00027	0.00014	0.00015
20	0.01749	0.00023	0.04653	0.01534	0.00034	0.00020	0.08230	0.00420	0.01218	0.26709	0.01276	0.22047	0.06214	0.10294	0.09987	8e-05	0.00607	0.04443	0.00517	0.00017
21	0.00316	0.00372	0.12244	0.11669	0.08181	0.08057	0.00535	0.03975	0.07011	0.05860	0.06109	0.10495	0.14614	0.01160	0.00017	5.1e-05	0.00527	0.08192	0.00644	0.00018
22	0.04596	0.12311	0.27346	0.00405	0.03673	0.00418	0.09643	0.01974	0.02479	0.23522	0.03507	0.00995	0.00614	0.00017	0.00017	4.7e-05	0.08434	0.00013	0.00010	0.00021
23	0.00034	0.00548	0.09900	0.02529	0.26890	0.00414	0.30390	0.01455	0.08079	0.03953	0.02214	0.03120	0.09188	0.00018	0.00016	4.8e-05	0.00018	0.01200	9.5e-05	0.00020
24	0.00364	0.02498	0.00872	0.00025	0.00034	0.02516	0.00429	0.04915	0.08449	0.47414	0.01967	0.05385	0.17238	0.00786	0.01215	5e-05	0.00012	0.03011	0.00015	0.02851

[dist]
# distance from previous block
# <min> <max>
2	65

[block]
# block no. 9 follows, 2334 sequences, length 7
# corresponding to MSA columns:
# 550-556
name=unknown_J
#
# <colnr> <probs for GDERKNQSTAVLIFYWHMCP>
#	G	D	E	R	K	N	Q	S	T	A	V	L	I	F	Y	W	H	M	C	P
0	0.00035	0.00032	0.00053	0.01889	0.68525	0.00032	0.03594	0.01750	0.01764	0.02917	0.00037	0.10255	0.00034	0.00019	0.00017	4.8e-05	0.03351	0.04147	8.8e-05	0.01538
1	0.00036	0.03011	0.00038	0.00031	0.09072	0.06031	0.02282	0.09110	0.00036	0.02149	0.00028	0.00032	0.00022	0.00012	0.00012	2.8e-05	0.00014	9.9e-05	9.2e-05	0.68063
2	0.01202	0.11126	0.51160	0.01577	0.04732	0.03882	0.02641	0.01157	0.00034	0.12242	0.01123	0.00038	0.01290	0.00016	0.00976	4.6e-05	0.00975	0.01674	8.5e-05	0.04140
3	0.01996	0.10553	0.23255	0.01177	0.16303	0.12816	0.11448	0.01384	0.01576	0.13435	0.00031	0.00036	0.00023	0.01373	0.00016	4.5e-05	0.02439	0.00012	8.8e-05	0.02114
4	0.00025	0.00017	0.00021	0.00022	0.03357	0.00016	0.00016	0.01975	0.00036	0.09809	0.14005	0.03791	0.45539	0.04902	0.00020	5.7e-05	9.8e-05	0.16404	0.00014	0.00015
5	0.00026	0.00017	0.00022	0.01337	0.02620	0.00016	0.02744	0.00031	0.01637	0.11425	0.15175	0.16287	0.38290	0.03921	0.00021	0.03738	9.7e-05	0.01463	0.01206	0.00015
6	0.01133	0.09078	0.42958	0.01000	0.00053	0.04484	0.10516	0.01410	0.01751	0.08795	0.01599	0.03394	0.00027	0.00017	0.00977	4.5e-05	0.01016	0.01050	8.6e-05	0.10729

[dist]
# distance from previous block
# <min> <max>
4	11

[block]
# block no. 10 follows, 2334 sequences, length 8
# corresponding to MSA columns:
# 569,570,572-577
name=unknown_K
#
# <colnr> <probs for GDERKNQSTAVLIFYWHMCP>
#	G	D	E	R	K	N	Q	S	T	A	V	L	I	F	Y	W	H	M	C	P
0	0.88672	0.00031	0.00024	0.00021	0.00031	0.04831	0.00017	0.06138	0.00029	0.00067	0.00022	0.00025	0.00017	0.00014	9.7e-05	4.5e-05	0.00012	8.4e-05	9.4e-05	0.00017
1	0.11898	0.00031	0.00047	0.39059	0.29740	0.01432	0.03768	0.05625	0.02161	0.04645	0.00029	0.00038	0.00022	0.00016	0.01424	4.9e-05	0.00018	0.00013	8.4e-05	0.00020
2	0.00021	0.00015	0.00019	0.00021	0.00024	0.00015	0.00016	0.00027	0.03167	0.00045	0.19947	0.30399	0.18672	0.02512	0.00020	5.9e-05	9.6e-05	0.25038	0.00014	0.00013
3	0.02796	0.06396	0.08723	0.07391	0.25312	0.18897	0.08411	0.04825	0.02998	0.09135	0.03165	0.00038	0.00027	0.00015	0.00015	4.4e-05	0.01810	0.00013	9.1e-05	0.00021
4	0.06862	0.00033	0.00049	0.10972	0.56339	0.00034	0.00037	0.03619	0.12135	0.09723	0.00034	0.00040	0.00027	0.00015	0.00014	4.6e-05	0.00016	0.00013	9.7e-05	0.00022
5	0.00022	0.00018	0.03036	0.01535	0.01313	0.00017	0.01319	0.00025	0.00023	0.00032	0.00046	0.01736	0.02688	0.57516	0.27406	0.01939	0.01289	0.00020	8.7e-05	0.00011
6	0.00023	0.00017	0.00022	0.01346	0.01463	0.00017	0.01026	0.01001	0.05643	0.02076	0.03634	0.26615	0.09391	0.15567	0.26382	0.00012	0.00019	0.04487	0.01249	0.00013
7	0.06944	0.01846	0.06096	0.01235	0.47407	0.04275	0.06460	0.05457	0.01101	0.11541	0.01168	0.05311	0.01059	0.00016	0.00015	4.6e-05	0.00017	0.00015	9.7e-05	0.00022

[dist]
# distance from previous block
# <min> <max>
1	8

[block]
# block no. 11 follows, 2334 sequences, length 9
# corresponding to MSA columns:
# 586,588-595
name=unknown_L
#
# <colnr> <probs for GDERKNQSTAVLIFYWHMCP>
#	G	D	E	R	K	N	Q	S	T	A	V	L	I	F	Y	W	H	M	C	P
0	0.00031	0.00027	0.02192	0.00025	0.00845	0.12542	0.01283	0.06957	0.02277	0.04725	0.44539	0.03629	0.07272	0.05570	0.04572	6.1e-05	0.00967	0.01027	0.01500	0.00016
1	0.00037	0.00024	0.00027	0.00023	0.00030	0.00025	0.00018	0.15353	0.21757	0.11315	0.24926	0.00066	0.00063	0.00021	0.00014	4.4e-05	0.00010	0.00018	0.26251	0.00019
2	0.00018	0.00013	0.00017	0.00020	0.00021	0.00012	0.00014	0.00021	0.00029	0.00039	0.05188	0.90649	0.00099	0.03758	0.00021	6.3e-05	8.7e-05	0.00041	0.00014	0.00012
3	0.00023	0.02476	0.02110	0.00023	0.00894	0.01433	0.00723	0.00919	0.09306	0.00962	0.11533	0.58879	0.04133	0.01340	0.01918	6e-05	0.00788	0.01773	0.00013	0.00749
4	0.17848	0.19862	0.24842	0.04444	0.01905	0.10668	0.02820	0.09313	0.00035	0.05410	0.00026	0.00030	0.00020	0.00015	0.00013	4.3e-05	0.01655	0.00010	8.5e-05	0.01071
5	0.00035	0.00040	0.00087	0.00062	0.00077	0.00037	0.99333	0.00047	0.00035	0.00047	0.00030	0.00040	0.00022	0.00012	0.00017	5e-05	0.00025	0.00017	7.5e-05	0.00020
6	0.01716	0.06587	0.08641	0.00029	0.04262	0.04256	0.01995	0.02726	0.02345	0.19246	0.09098	0.03150	0.05522	0.03699	0.00706	4.6e-05	0.01026	0.03557	0.00012	0.21423
7	0.00025	0.02022	0.01211	0.00021	0.00023	0.01148	0.00015	0.06174	0.01147	0.01538	0.00044	0.03319	0.00046	0.50665	0.29388	0.03152	0.00022	0.00019	9.2e-05	0.00012
8	0.00024	0.00016	0.00021	0.00019	0.00024	0.00015	0.02430	0.00030	0.00039	0.07257	0.60086	0.03536	0.22121	0.02674	0.00019	5e-05	8.2e-05	0.00027	0.01636	0.00014

[dist]
# distance from previous block
# <min> <max>
4	9

[block]
# block no. 12 follows, 2334 sequences, length 8
# corresponding to MSA columns:
# 614,615,617,618,622-624,629
name=unknown_M
#
# <colnr> <probs for GDERKNQSTAVLIFYWHMCP>
#	G	D	E	R	K	N	Q	S	T	A	V	L	I	F	Y	W	H	M	C	P
0	0.00040	0.01560	0.00038	0.03045	0.06814	0.02288	0.01185	0.15911	0.61619	0.02326	0.00052	0.01228	0.01468	0.00019	0.00015	4.8e-05	0.00014	0.00016	0.00014	0.02343
1	0.00021	0.00016	0.00019	0.00018	0.00022	0.00015	0.00014	0.00028	0.04263	0.00054	0.69068	0.00117	0.26226	0.00032	0.00017	4.8e-05	7.3e-05	0.00028	0.00016	0.00014
2	0.21465	0.01860	0.17135	0.03134	0.12305	0.01213	0.07708	0.05244	0.01760	0.21922	0.00036	0.00972	0.00820	0.01559	0.00015	4.8e-05	0.01182	0.00013	0.00838	0.00815
3	0.03149	0.15645	0.17864	0.00049	0.17014	0.01417	0.24960	0.02073	0.01344	0.11593	0.01268	0.01086	0.00025	0.00015	0.00015	4.5e-05	0.02433	0.00014	8.8e-05	0.00021
4	0.00025	0.00016	0.00022	0.01109	0.00025	0.00016	0.00983	0.01008	0.01793	0.07400	0.22808	0.26176	0.03694	0.11440	0.15722	0.03232	0.01095	0.03409	0.00013	0.00014
5	0.00024	0.00015	0.00020	0.00021	0.00024	0.00014	0.00015	0.01518	0.01844	0.08314	0.15243	0.55167	0.11401	0.02406	0.00019	5.7e-05	9e-05	0.02512	0.01416	0.00014
6	0.02440	0.12741	0.13690	0.01790	0.42276	0.05146	0.03996	0.01910	0.01397	0.10490	0.00032	0.01156	0.01057	0.00015	0.00015	4.4e-05	0.01802	0.00013	8.6e-05	0.00022
7	0.01492	0.13583	0.31065	0.01586	0.09535	0.03055	0.12132	0.09601	0.01793	0.11430	0.01127	0.01258	0.00026	0.00015	0.00014	4.4e-05	0.00019	0.00927	9.3e-05	0.01327

[dist]
# distance from previous block
# <min> <max>
1	10

[block]
# block no. 13 follows, 2334 sequences, length 12
# corresponding to MSA columns:
# 644-655
name=unknown_N
#
# <colnr> <probs for GDERKNQSTAVLIFYWHMCP>
#	G	D	E	R	K	N	Q	S	T	A	V	L	I	F	Y	W	H	M	C	P
0	0.00754	0.04477	0.13368	0.01080	0.25741	0.02096	0.04406	0.10291	0.27667	0.05799	0.01758	0.00044	0.00704	0.00017	0.00015	4.6e-05	0.00720	0.01025	0.00011	0.00023
1	0.01164	0.00016	0.00019	0.00019	0.00023	0.00014	0.00014	0.00029	0.00037	0.06466	0.48675	0.12327	0.23984	0.02243	0.00019	5.1e-05	8.1e-05	0.02215	0.01045	0.01677
2	0.01526	0.00563	0.03790	0.00958	0.17367	0.01702	0.01521	0.05587	0.22678	0.07776	0.24040	0.03948	0.04851	0.00587	0.00657	4.9e-05	0.01826	0.00019	0.00579	0.00020
3	0.22195	0.08244	0.04690	0.10440	0.07449	0.05711	0.03692	0.11572	0.01726	0.19523	0.00686	0.00036	0.00025	0.00647	0.00014	4.6e-05	0.02533	0.00012	0.00781	0.00020
4	0.00023	0.00015	0.00018	0.00018	0.00018	0.00015	0.00011	0.00024	0.01097	0.02240	0.02103	0.00095	0.01337	0.80575	0.08353	0.00014	0.00016	0.02820	0.01200	0.00010
5	0.02228	0.01862	0.02458	0.01064	0.12983	0.00934	0.02246	0.01935	0.10541	0.18004	0.32186	0.01450	0.09547	0.00606	0.00016	4.8e-05	0.00516	0.00849	0.00550	0.00019
6	0.00027	0.00025	0.00041	0.77618	0.00869	0.00836	0.02224	0.00036	0.00030	0.00038	0.00035	0.05877	0.02076	0.02734	0.01529	5.6e-05	0.02055	0.02866	0.01062	0.00016
7	0.00022	0.00015	0.00018	0.00018	0.00019	0.00015	0.00012	0.00023	0.00025	0.01036	0.07514	0.11207	0.05041	0.55127	0.13238	0.04495	0.00016	0.01204	0.00947	0.00011
8	0.00767	0.00752	0.36268	0.05430	0.11143	0.00715	0.03896	0.07699	0.10578	0.06828	0.08541	0.02382	0.02671	0.00018	0.00016	4.8e-05	0.01658	0.00602	0.00010	0.00021
9	0.00022	0.00016	0.00021	0.02445	0.03504	0.00015	0.00016	0.00028	0.02155	0.01546	0.48652	0.34228	0.02969	0.01182	0.00018	5.3e-05	8.7e-05	0.02238	0.00916	0.00014
10	0.85782	0.00030	0.00025	0.02956	0.01542	0.03462	0.00018	0.02987	0.00028	0.01718	0.01331	0.00027	0.00019	0.00014	9.9e-05	4.6e-05	0.00012	8.8e-05	9.4e-05	0.00017
11	0.01015	0.03324	0.61152	0.00764	0.02918	0.00934	0.03126	0.02024	0.00688	0.19218	0.01387	0.01342	0.02009	0.00016	0.00014	4.6e-05	0.00019	0.00013	9.3e-05	0.00022

[dist]
# distance from previous block
# <min> <max>
0	85

# created by:
# /home/cegg/simao/soft/augustus-3.2.1/scripts/msa2prfl.pl ./align_prep/POG091H02HG.fa
