[name]
unknown

[dist]
# distance from previous block
# <min> <max>
0	672

[block]
# block no. 0 follows, 3269 sequences, length 17
# corresponding to MSA columns:
# 1079-1095
name=unknown_A
#
# <colnr> <probs for GDERKNQSTAVLIFYWHMCP>
#	G	D	E	R	K	N	Q	S	T	A	V	L	I	F	Y	W	H	M	C	P
0	0.00684	0.00011	0.00013	0.00012	0.00016	0.00010	9.3e-05	0.00698	0.04051	0.00034	0.30880	0.03367	0.56628	0.00897	0.00013	3.6e-05	5.6e-05	0.01405	0.01253	9.7e-05
1	0.00013	9.5e-05	0.00013	0.00015	0.00016	8.9e-05	0.00010	0.00016	0.00021	0.00895	0.01010	0.87775	0.04005	0.00933	0.00014	4.3e-05	6.3e-05	0.04196	0.01032	8.8e-05
2	0.60257	0.00021	0.00020	0.00016	0.00024	0.00022	0.00014	0.09403	0.01522	0.28576	0.00024	0.00024	0.00017	0.00011	8.2e-05	3.3e-05	8.8e-05	7.6e-05	8.9e-05	0.00014
3	0.00013	0.00011	0.00011	0.00012	0.00014	9.2e-05	8.4e-05	0.00016	0.00023	0.00028	0.05500	0.10868	0.70310	0.10397	0.01677	4.6e-05	6.4e-05	0.01072	9.5e-05	8.7e-05
4	0.00022	0.03259	0.96370	0.00030	0.00045	0.00025	0.00039	0.00034	0.00022	0.00033	0.00019	0.00022	0.00013	0.00010	0.0001	3.3e-05	0.00016	7.8e-05	4.5e-05	0.00016
5	0.00035	0.00027	0.00028	0.00023	0.00031	0.00030	0.00019	0.55018	0.42585	0.02040	0.00033	0.00032	0.00024	0.00013	0.00011	3.4e-05	0.00010	0.00011	0.00011	0.00018
6	0.00040	0.00029	0.00031	0.00024	0.00033	0.00033	0.00020	0.94400	0.05177	0.00066	0.00026	0.00026	0.00019	0.00013	0.00011	3.2e-05	0.00012	9.7e-05	0.00011	0.00018
7	0.00021	0.00010	0.00010	0.00010	0.00013	0.00010	7.7e-05	0.00026	0.00023	0.03480	0.00035	0.00039	0.00027	0.00012	7.5e-05	2.5e-05	5.1e-05	9.9e-05	0.96241	0.00010
8	0.00028	0.99634	0.00056	0.00018	0.00027	0.00042	0.00018	0.00032	0.00022	0.00025	0.00015	0.00017	0.00014	9.1e-05	6.8e-05	2.3e-05	0.00011	5.7e-05	4.5e-05	0.00014
9	0.00023	0.21201	0.78439	0.00028	0.00042	0.00028	0.00035	0.00033	0.00022	0.00032	0.00018	0.00021	0.00013	9.9e-05	9.4e-05	3.1e-05	0.00015	7.4e-05	4.5e-05	0.00015
10	0.00027	0.00023	0.00024	0.00021	0.00027	0.01263	0.00017	0.07155	0.86384	0.00045	0.00041	0.00040	0.00031	0.00014	0.00011	3.5e-05	8.7e-05	0.01501	0.03345	0.00016
11	0.30251	0.00022	0.00024	0.00019	0.00026	0.00023	0.00015	0.30969	0.00032	0.34578	0.00028	0.00027	0.00019	0.00012	9.3e-05	3.2e-05	9.4e-05	8.8e-05	0.03907	0.00016
12	0.00026	0.00014	0.00018	0.00015	0.00020	0.00012	0.00012	0.01475	0.02353	0.32565	0.40695	0.08697	0.08668	0.00779	0.00012	3.5e-05	6.8e-05	0.02758	0.01859	0.00013
13	0.11091	0.00019	0.00024	0.00019	0.00027	0.00018	0.00015	0.10757	0.00031	0.75367	0.01231	0.00033	0.00025	0.00013	0.00010	3.3e-05	9.1e-05	0.00010	0.01280	0.00017
14	0.00014	0.00011	0.00013	0.00013	0.00015	9.5e-05	9.4e-05	0.00018	0.00026	0.01288	0.41007	0.20718	0.34698	0.01044	0.01066	3.8e-05	5.7e-05	0.00022	0.00011	9.4e-05
15	0.00016	0.00012	0.00015	0.00014	0.00017	0.00539	0.00011	0.00531	0.05397	0.01288	0.45950	0.11916	0.14530	0.01790	0.14063	0.00529	9.1e-05	0.02455	0.00910	0.00010
16	0.00483	0.20641	0.14890	0.23056	0.19222	0.02980	0.02403	0.02621	0.01769	0.03843	0.01458	0.00659	0.00682	0.00350	0.00010	0.00401	0.01753	0.00364	0.02404	0.00014

[dist]
# distance from previous block
# <min> <max>
3	20

[block]
# block no. 1 follows, 3269 sequences, length 9
# corresponding to MSA columns:
# 1117-1125
name=unknown_B
#
# <colnr> <probs for GDERKNQSTAVLIFYWHMCP>
#	G	D	E	R	K	N	Q	S	T	A	V	L	I	F	Y	W	H	M	C	P
0	0.00015	0.00012	0.00897	0.00812	0.00978	0.00887	0.01211	0.00018	0.00914	0.01541	0.20180	0.38485	0.27887	0.00844	0.00013	3.8e-05	6.3e-05	0.01275	0.02615	0.01406
1	0.00016	0.00013	0.02029	0.04336	0.03055	0.01526	0.00787	0.00828	0.01063	0.00981	0.07499	0.60835	0.09661	0.01349	0.01652	4.3e-05	0.01688	0.00953	0.01715	9.7e-05
2	0.05453	0.01137	0.00951	0.00022	0.01134	0.00776	0.00896	0.48489	0.01735	0.24481	0.03193	0.01265	0.01415	0.02163	0.03819	0.00896	0.01286	0.00011	0.00862	0.00016
3	0.00792	0.10033	0.04794	0.00025	0.00031	0.45031	0.02860	0.08848	0.00853	0.03090	0.00934	0.01769	0.00017	0.01530	0.02892	0.00986	0.14594	8.5e-05	0.00899	0.00013
4	0.00868	0.00017	0.04927	0.02820	0.08883	0.00717	0.04387	0.02438	0.02308	0.08812	0.31489	0.05393	0.18959	0.02609	0.00624	0.01002	0.00908	0.00619	0.01521	0.00699
5	0.00017	0.00013	0.00017	0.01373	0.11240	0.00012	0.00013	0.01289	0.03131	0.02232	0.38133	0.17114	0.22499	0.00023	0.00012	3.6e-05	6.7e-05	0.02850	0.00010	0.00011
6	0.01629	0.00797	0.00653	0.00999	0.00790	0.00960	0.00668	0.13362	0.00780	0.41269	0.01259	0.04276	0.12118	0.04452	0.08475	0.00769	0.05255	0.00871	0.00604	0.00014
7	0.05036	0.01056	0.00030	0.01159	0.00032	0.03320	0.01031	0.68869	0.14434	0.01079	0.01621	0.00028	0.00021	0.00013	0.00011	3.2e-05	0.01195	9.7e-05	0.00010	0.01044
8	0.00027	0.00029	0.00059	0.00042	0.00053	0.00028	0.87615	0.11940	0.00028	0.00038	0.00022	0.00028	0.00016	9.4e-05	0.00012	3.5e-05	0.00017	0.00012	6e-05	0.00015

[dist]
# distance from previous block
# <min> <max>
0	1

[block]
# block no. 2 follows, 3269 sequences, length 32
# corresponding to MSA columns:
# 1127-1156,1158,1159
name=unknown_C
#
# <colnr> <probs for GDERKNQSTAVLIFYWHMCP>
#	G	D	E	R	K	N	Q	S	T	A	V	L	I	F	Y	W	H	M	C	P
0	0.00563	0.26011	0.18331	0.00731	0.15274	0.04258	0.02049	0.02886	0.03745	0.14361	0.01951	0.02385	0.00339	0.00011	0.00215	3e-05	0.01152	0.00352	0.00201	0.05181
1	0.00247	0.02704	0.16656	0.00577	0.00733	0.00317	0.03062	0.10055	0.03946	0.01765	0.09903	0.19747	0.18534	0.03495	0.00225	0.00253	0.02171	0.05587	8.7e-05	0.00012
2	0.00023	0.00023	0.00032	0.00028	0.00028	0.00825	0.01095	0.00026	0.00016	0.00026	0.00014	0.00024	0.00014	0.00742	0.01902	4.9e-05	0.95151	9.4e-05	4.7e-05	0.00012
3	0.00527	0.00265	0.06842	0.09196	0.19170	0.03831	0.08270	0.11719	0.05584	0.29945	0.02117	0.00470	0.00469	0.00012	0.00011	3.3e-05	0.00266	0.00889	0.00398	0.00016
4	0.00251	0.06109	0.11367	0.23757	0.13356	0.01552	0.04214	0.03080	0.00892	0.07867	0.03658	0.05038	0.06333	0.00814	0.00525	3.4e-05	0.01689	0.00677	0.00437	0.08380
5	0.00016	0.00011	0.00015	0.00690	0.00017	0.00012	0.00011	0.00018	0.00016	0.00023	0.00030	0.00516	0.00031	0.35872	0.58574	0.01765	0.01777	0.00013	0.00584	8.3e-05
6	0.95165	0.00396	0.00412	0.00015	0.00562	0.00566	0.00379	0.00749	0.00018	0.00047	0.00015	0.00396	0.00012	0.00011	0.01222	3.4e-05	8.6e-05	6e-05	6.6e-05	0.00012
7	0.99702	0.00021	0.00016	0.00014	0.00021	0.00024	0.00011	0.00031	0.00018	0.00048	0.00015	0.00017	0.00011	9.8e-05	6.6e-05	3.3e-05	8.2e-05	5.7e-05	6.6e-05	0.00011
8	0.00015	0.00011	0.00014	0.00013	0.00016	9.9e-05	9.8e-05	0.00020	0.00030	0.00041	0.91228	0.00081	0.08428	0.00022	0.00013	3.4e-05	5e-05	0.00019	0.00012	9.9e-05
9	0.00015	0.00011	0.00014	0.00013	0.00016	0.00710	0.0001	0.00020	0.00029	0.00040	0.85844	0.00081	0.09595	0.00694	0.02005	3.7e-05	5.7e-05	0.00871	0.00011	9.9e-05
10	0.00022	0.00019	0.00022	0.00016	0.00025	0.00014	0.00013	0.00027	0.00022	0.00035	0.00019	0.00022	0.00016	7.9e-05	7.9e-05	1.6e-05	7.9e-05	6.3e-05	6.3e-05	0.99692
11	0.00022	0.02027	0.93104	0.00031	0.02967	0.00025	0.00038	0.00034	0.00023	0.01607	0.00019	0.00023	0.00014	0.00010	0.00010	3.3e-05	0.00015	7.9e-05	4.6e-05	0.00016
12	0.00014	0.00011	0.00418	0.00014	0.01165	9.5e-05	0.00862	0.00017	0.00023	0.00387	0.17537	0.38948	0.35492	0.03378	0.00555	4.1e-05	6.2e-05	0.01141	9.9e-05	9.1e-05
13	0.00047	0.00019	0.00025	0.00019	0.00027	0.00017	0.00016	0.05408	0.00031	0.94211	0.00041	0.00036	0.00026	0.00013	0.00011	3.3e-05	9.2e-05	0.00011	0.00013	0.00018
14	0.00616	0.00028	0.00031	0.00024	0.01605	0.00030	0.00019	0.80452	0.01155	0.15303	0.00028	0.00027	0.00019	0.00013	0.00011	3.2e-05	0.00011	9.7e-05	0.00597	0.00018
15	0.00020	0.00019	0.00740	0.94820	0.01220	0.00023	0.00029	0.00027	0.00021	0.00027	0.00020	0.00030	0.01185	0.01764	0.00011	3.6e-05	0.00014	9.7e-05	4.8e-05	0.00012
16	0.00238	0.13691	0.09256	0.02950	0.10626	0.01763	0.05369	0.02041	0.00260	0.25518	0.00337	0.10666	0.00443	0.00297	0.05495	4.2e-05	0.09307	0.01483	0.00240	0.00014
17	0.00023	0.00023	0.00033	0.00028	0.00028	0.00032	0.01141	0.00025	0.00016	0.00026	0.00014	0.00024	0.00014	0.01523	0.00035	4.7e-05	0.96985	9.4e-05	4.7e-05	0.00012
18	0.00019	0.00368	0.00665	0.00017	0.00020	0.00012	0.06148	0.01596	0.05506	0.08913	0.24127	0.30866	0.17324	0.00024	0.00765	3.8e-05	7.3e-05	0.02603	0.01004	0.00011
19	0.00264	0.03200	0.48963	0.15929	0.09315	0.03888	0.08494	0.01613	0.00962	0.02112	0.01245	0.02165	0.00845	0.00011	0.00011	3.4e-05	0.00615	0.00345	5.3e-05	0.00015
20	0.01014	0.02721	0.00695	0.06741	0.14082	0.16305	0.04971	0.04311	0.04898	0.18469	0.07521	0.02314	0.02524	0.01544	0.02044	0.03864	0.04344	0.01178	0.00447	0.00014
21	0.00014	0.00011	0.00013	0.00013	0.00016	0.0001	9.7e-05	0.00018	0.03870	0.01563	0.07289	0.30511	0.45011	0.05577	0.00015	4.2e-05	6.3e-05	0.06030	9.9e-05	9.3e-05
22	0.03923	0.07494	0.00360	0.00500	0.00191	0.08015	0.03248	0.05263	0.10127	0.03835	0.16600	0.11245	0.11669	0.00647	0.00786	0.00199	0.00937	0.02455	0.00481	0.12024
23	0.04381	0.01812	0.01523	0.02747	0.02970	0.00941	0.06454	0.04666	0.02638	0.04159	0.03137	0.08970	0.02567	0.02194	0.02112	0.00551	0.01372	0.00458	0.00184	0.46162
24	0.00327	0.00012	0.00319	0.00015	0.00017	0.00011	0.00313	0.00359	0.08645	0.04337	0.32960	0.34903	0.09881	0.00025	0.00012	3.7e-05	6.1e-05	0.01296	0.06547	0.00010
25	0.00015	0.00011	0.00013	0.00014	0.00016	0.00010	9.9e-05	0.00427	0.05015	0.01535	0.24538	0.24551	0.32688	0.04196	0.00890	0.00410	6.3e-05	0.03792	0.01852	9.6e-05
26	0.00591	0.13902	0.29250	0.09587	0.15560	0.03775	0.09650	0.03271	0.02033	0.04932	0.00451	0.01585	0.00977	0.00011	0.00261	3.3e-05	0.03651	0.00277	0.00219	0.00015
27	0.01177	0.04024	0.24967	0.11590	0.12395	0.05400	0.17558	0.05321	0.01708	0.11657	0.00699	0.01692	0.00348	0.00011	0.00219	3.4e-05	0.00552	0.00299	0.00362	0.00015
28	0.00466	0.00016	0.00021	0.00017	0.00024	0.00015	0.00014	0.02621	0.02864	0.66476	0.09790	0.07561	0.05169	0.01520	0.00012	3.5e-05	8.2e-05	0.00423	0.02963	0.00016
29	0.00015	0.00011	0.00703	0.01733	0.05920	0.00260	0.00904	0.00018	0.00556	0.00366	0.02459	0.65167	0.06359	0.06920	0.00281	0.00566	7.4e-05	0.07045	0.00700	9.3e-05
30	0.01760	0.08694	0.15823	0.06125	0.18096	0.02726	0.08202	0.04607	0.04388	0.15538	0.02195	0.02887	0.02551	0.02793	0.00216	3.5e-05	0.01395	0.00336	0.00251	0.01413
31	0.00867	0.08895	0.33682	0.05833	0.17429	0.04262	0.10225	0.04442	0.02753	0.04869	0.01092	0.00765	0.00194	0.00935	0.02020	0.00315	0.00499	0.00724	0.00184	0.00015

[dist]
# distance from previous block
# <min> <max>
3	49

[block]
# block no. 3 follows, 3269 sequences, length 50
# corresponding to MSA columns:
# 1212-1218,1222-1259,1261-1265
name=unknown_D
#
# <colnr> <probs for GDERKNQSTAVLIFYWHMCP>
#	G	D	E	R	K	N	Q	S	T	A	V	L	I	F	Y	W	H	M	C	P
0	0.00014	0.00011	0.00012	0.00013	0.00015	9.3e-05	9.2e-05	0.00016	0.00024	0.00305	0.14539	0.33930	0.44936	0.00805	0.00013	3.8e-05	5.8e-05	0.01319	0.00298	0.03723
1	0.01550	0.66402	0.02051	0.00509	0.05260	0.03959	0.00630	0.10051	0.05918	0.01210	0.00203	0.00207	0.00016	0.00010	0.00157	2.6e-05	0.00594	0.00232	0.01024	0.00014
2	0.18308	0.00018	0.00282	0.00169	0.00262	0.00248	0.00534	0.00307	0.00551	0.63145	0.04842	0.05917	0.00832	0.00716	0.01574	3.6e-05	0.01283	0.00169	0.00823	0.00015
3	0.00014	0.00011	0.00012	0.00012	0.00015	9.5e-05	8.9e-05	0.00017	0.00455	0.00034	0.40594	0.01845	0.55302	0.01606	0.00013	3.6e-05	5.3e-05	0.00021	0.00011	9.4e-05
4	0.04921	0.00018	0.00024	0.00019	0.00027	0.00017	0.00015	0.03627	0.00506	0.88442	0.00864	0.00035	0.00026	0.00013	0.00010	3.3e-05	9e-05	0.00010	0.01395	0.00018
5	0.00427	0.00012	0.00016	0.00015	0.00018	0.00012	0.00011	0.01637	0.00715	0.15030	0.51388	0.00313	0.03772	0.08519	0.17077	0.00218	0.00010	0.00016	0.00782	0.00011
6	0.00408	0.00023	0.00024	0.00021	0.00027	0.00026	0.00017	0.02447	0.90875	0.04608	0.00459	0.00039	0.00032	0.00014	0.00011	3.6e-05	8.5e-05	0.00012	0.00929	0.00017
7	0.01072	0.00412	0.03360	0.11603	0.03056	0.07707	0.08686	0.07791	0.03874	0.24831	0.04101	0.00918	0.02949	0.00388	0.15374	5.5e-05	0.01511	0.00393	0.01956	0.00014
8	0.80823	0.00021	0.02454	0.02633	0.00273	0.00023	0.03230	0.00450	0.03369	0.05224	0.00018	0.00021	0.00014	0.00010	0.00197	3.3e-05	0.00193	0.00523	0.00508	0.00012
9	0.00022	0.00019	0.00022	0.00016	0.00025	0.00014	0.00013	0.00027	0.00022	0.00035	0.00019	0.00022	0.00016	7.9e-05	7.9e-05	1.6e-05	7.9e-05	6.3e-05	6.3e-05	0.99692
10	0.99702	0.00021	0.00016	0.00014	0.00021	0.00024	0.00011	0.00031	0.00018	0.00048	0.00015	0.00017	0.00011	9.8e-05	6.6e-05	3.3e-05	8.2e-05	5.7e-05	6.6e-05	0.00011
11	0.00013	9.2e-05	0.00012	0.00015	0.00015	8.6e-05	9.8e-05	0.00015	0.00020	0.00027	0.00058	0.99620	0.00070	0.00033	0.00014	4.3e-05	6.2e-05	0.00030	9.8e-05	8.6e-05
12	0.00941	0.00014	0.00907	0.00016	0.00020	0.00577	0.01059	0.06799	0.00320	0.17089	0.34867	0.04948	0.22636	0.00022	0.00888	3.6e-05	7.2e-05	0.07498	0.00011	0.01376
13	0.89098	0.00020	0.00016	0.00305	0.00021	0.00425	0.00485	0.00392	0.00617	0.00635	0.06065	0.00311	0.00817	0.00011	7.1e-05	3.3e-05	8.1e-05	6.9e-05	7e-05	0.00751
14	0.10329	0.00021	0.00025	0.00019	0.00027	0.00021	0.00016	0.24857	0.04523	0.54791	0.00034	0.00032	0.00023	0.00013	0.00010	3.2e-05	9.4e-05	9.9e-05	0.04062	0.01173
15	0.00013	9.3e-05	0.00012	0.00015	0.00015	8.7e-05	9.8e-05	0.00015	0.00021	0.00028	0.06054	0.92616	0.01078	0.00032	0.00013	4.2e-05	6.1e-05	0.00029	0.0001	8.7e-05
16	0.00015	0.00011	0.00014	0.00613	0.00017	0.00262	0.00379	0.01240	0.01647	0.03351	0.04618	0.64905	0.10678	0.00337	0.00014	0.00696	0.01553	0.09630	9.9e-05	9.5e-05
17	0.00831	0.00014	0.04918	0.00015	0.00018	0.00012	0.00390	0.01620	0.02702	0.01790	0.73682	0.00494	0.12527	0.00021	0.00012	3.4e-05	6e-05	0.00923	0.00011	0.00011
18	0.97890	0.00021	0.00016	0.00014	0.00021	0.00024	0.00012	0.00032	0.00718	0.01157	0.00015	0.00018	0.00012	9.9e-05	6.6e-05	3.3e-05	8.2e-05	5.8e-05	6.7e-05	0.00012
19	0.00995	0.00014	0.00290	0.00016	0.00466	0.00592	0.00012	0.05904	0.04442	0.17486	0.35251	0.22357	0.07972	0.01146	0.00534	3.7e-05	0.00259	0.02044	0.00204	0.00012
20	0.03957	0.00025	0.00178	0.00022	0.00540	0.09472	0.02399	0.31658	0.14225	0.15564	0.03725	0.01902	0.00928	0.00016	0.00887	3.6e-05	0.00391	0.12657	0.01436	0.00015
21	0.02584	0.00016	0.01419	0.00017	0.00022	0.00015	0.00013	0.01321	0.08784	0.31015	0.08076	0.01047	0.05247	0.25878	0.04306	6.2e-05	0.00176	0.07878	0.02164	0.00013
22	0.11905	0.00020	0.00025	0.00020	0.00028	0.00018	0.00016	0.00728	0.00878	0.85707	0.00515	0.00036	0.00026	0.00014	0.00011	3.6e-05	9.5e-05	0.00011	0.00013	0.00018
23	0.00025	0.00025	0.01090	0.12603	0.76081	0.02127	0.02360	0.00435	0.00256	0.00323	0.00229	0.00221	0.00017	0.00011	0.01067	3.4e-05	0.01296	9.5e-05	0.01805	0.00016
24	0.20798	0.00021	0.00623	0.00019	0.00027	0.00022	0.00016	0.16897	0.12752	0.46751	0.00636	0.00443	0.00338	0.00013	9.8e-05	3.3e-05	9.2e-05	0.00289	0.00315	0.00016
25	0.00014	0.00010	0.00013	0.00014	0.00016	9.4e-05	9.8e-05	0.00016	0.00258	0.01771	0.02364	0.61949	0.12906	0.10895	0.05894	5.6e-05	8e-05	0.03554	0.00285	8.7e-05
26	0.03400	0.00020	0.00025	0.00020	0.00028	0.00019	0.00016	0.19626	0.00361	0.72889	0.00598	0.00034	0.00025	0.00013	0.00011	3.3e-05	0.00423	0.00010	0.02463	0.00018
27	0.00020	0.00013	0.00173	0.02984	0.00323	0.00262	0.00993	0.04543	0.02659	0.09237	0.02379	0.21742	0.03681	0.15074	0.14231	0.12695	0.01146	0.07336	0.00501	9.8e-05
28	0.08788	0.00020	0.00264	0.00465	0.00625	0.00245	0.00295	0.15070	0.02741	0.59692	0.05226	0.02755	0.01190	0.00356	0.00697	0.00257	0.00383	0.00545	0.00370	0.00016
29	0.00466	0.00015	0.00020	0.03993	0.01792	0.02494	0.00639	0.01986	0.07482	0.08503	0.00237	0.39766	0.00811	0.01060	0.02408	0.13666	0.12922	0.00617	0.01115	0.00010
30	0.31879	0.16645	0.02995	0.02398	0.09106	0.23429	0.06677	0.01792	0.00528	0.00921	0.00017	0.00020	0.00014	0.00010	9.3e-05	3e-05	0.03177	0.00177	0.00188	0.00013
31	0.00021	0.00017	0.00025	0.02913	0.34793	0.00017	0.00281	0.00296	0.01687	0.01316	0.16236	0.19930	0.21924	0.00229	0.00013	3.8e-05	9e-05	0.00019	0.00257	0.00013
32	0.00024	0.00992	0.00242	0.00790	0.00563	0.00016	0.00233	0.00610	0.00587	0.00322	0.00021	0.00268	0.00018	9.1e-05	8.7e-05	1.9e-05	8.6e-05	7e-05	6.9e-05	0.95272
33	0.00018	0.00011	0.00014	0.00015	0.00016	0.00372	0.00010	0.00860	0.01771	0.10209	0.04865	0.54017	0.08123	0.16305	0.00339	0.00445	7.3e-05	0.02227	0.00368	9.6e-05
34	0.00014	0.00011	0.00013	0.00262	0.00016	0.00199	9.6e-05	0.00017	0.00384	0.00680	0.21519	0.11885	0.48718	0.02189	0.12458	0.00178	0.00475	0.00672	0.00292	9.3e-05
35	0.49115	0.02841	0.03125	0.00206	0.00328	0.00391	0.00227	0.02406	0.00628	0.19083	0.00210	0.02726	0.00017	0.00011	8.1e-05	3e-05	8.7e-05	7.7e-05	0.00874	0.17784
36	0.00015	0.00012	0.02662	0.00014	0.00017	0.00010	0.00011	0.00260	0.00965	0.01099	0.76251	0.01532	0.16215	0.00022	0.00012	3.4e-05	5.5e-05	0.00563	0.00322	0.00010
37	0.00033	0.07435	0.00033	0.00027	0.00030	0.56106	0.00021	0.00376	0.00025	0.00026	0.00327	0.00323	0.00331	0.00014	0.00018	3.4e-05	0.34847	7.8e-05	5.2e-05	0.00012
38	0.00023	0.00023	0.00032	0.00028	0.00028	0.00032	0.00023	0.00026	0.00016	0.00026	0.00014	0.00023	0.00014	0.00019	0.00035	4.6e-05	0.99608	9.3e-05	4.6e-05	0.00012
39	0.00014	0.00010	0.00013	0.00015	0.00017	9.7e-05	0.00011	0.00017	0.00022	0.00029	0.05672	0.54090	0.15704	0.00031	0.00014	4.3e-05	0.00518	0.23390	0.00410	9e-05
40	0.03639	0.00259	0.46925	0.04873	0.03909	0.00406	0.05551	0.00895	0.00948	0.17323	0.02571	0.02834	0.04144	0.00412	0.00238	0.00712	0.02734	0.01368	0.00245	0.00015
41	0.78884	0.00020	0.00018	0.00015	0.00022	0.00022	0.00012	0.01776	0.00021	0.19097	0.00020	0.00021	0.00014	0.00011	7.4e-05	3.3e-05	8.4e-05	6.8e-05	7.9e-05	0.00013
42	0.00023	0.00023	0.00032	0.00028	0.00028	0.00032	0.00023	0.00026	0.00016	0.00026	0.00014	0.00023	0.00014	0.00019	0.00035	4.6e-05	0.99608	9.3e-05	4.6e-05	0.00012
43	0.00017	0.00011	0.00014	0.00014	0.00017	9.9e-05	0.00010	0.00020	0.00827	0.10337	0.15802	0.36140	0.33943	0.00791	0.00013	3.9e-05	6.1e-05	0.02005	0.00010	0.00010
44	0.00867	0.00013	0.00017	0.00017	0.00019	0.00171	0.00277	0.04660	0.00578	0.13625	0.00883	0.37483	0.00045	0.04610	0.26242	0.00370	0.01125	0.05650	0.03337	0.00011
45	0.01216	0.00020	0.00025	0.00020	0.00027	0.00020	0.00016	0.22739	0.07620	0.56348	0.10682	0.00479	0.00358	0.00014	0.00011	3.3e-05	9.1e-05	0.00011	0.00365	0.00017
46	0.01075	0.08498	0.00212	0.00019	0.00026	0.17478	0.00016	0.02280	0.02821	0.20317	0.04415	0.07076	0.03308	0.00014	0.00011	2.9e-05	0.06932	0.00490	0.00335	0.24672
47	0.02074	0.00378	0.01575	0.15957	0.01138	0.02661	0.07501	0.01008	0.03046	0.01313	0.01860	0.12710	0.01087	0.24365	0.08662	0.01729	0.01363	0.11008	0.00555	0.00010
48	0.00154	0.00293	0.00762	0.00014	0.00016	0.00188	0.00419	0.01043	0.00022	0.00441	0.01255	0.60509	0.22998	0.04845	0.01364	4.6e-05	0.00167	0.04373	0.00177	0.00957
49	0.02977	0.05915	0.31395	0.01527	0.04766	0.05681	0.04056	0.09105	0.09249	0.08418	0.10548	0.01289	0.01338	0.00918	0.00567	3.4e-05	0.00826	0.00548	0.00300	0.00573

[dist]
# distance from previous block
# <min> <max>
4	63

[block]
# block no. 4 follows, 3269 sequences, length 19
# corresponding to MSA columns:
# 1340-1345,1347-1358,1363
name=unknown_E
#
# <colnr> <probs for GDERKNQSTAVLIFYWHMCP>
#	G	D	E	R	K	N	Q	S	T	A	V	L	I	F	Y	W	H	M	C	P
0	0.00667	0.03247	0.01398	0.01463	0.00504	0.00831	0.00529	0.00670	0.00511	0.00483	0.00019	0.00022	0.00016	8.2e-05	8.3e-05	1.7e-05	0.01138	6.5e-05	6.2e-05	0.88471
1	0.00348	0.00012	0.00015	0.00458	0.00345	0.00358	0.00487	0.02176	0.02640	0.09499	0.01208	0.11736	0.01011	0.44776	0.16797	0.00337	0.00893	0.02638	0.04255	9.3e-05
2	0.03910	0.00491	0.00014	0.00014	0.00017	0.00011	0.00010	0.02540	0.00988	0.00808	0.20194	0.44288	0.17147	0.00545	0.00013	3.9e-05	6.3e-05	0.06309	0.02230	0.00461
3	0.12546	0.00016	0.00019	0.00016	0.00022	0.00016	0.00013	0.06818	0.02076	0.37891	0.07694	0.10210	0.02126	0.01273	0.00011	3.4e-05	7.8e-05	0.03770	0.15458	0.00014
4	0.00014	0.00010	0.00618	0.00015	0.00016	9.4e-05	0.00010	0.01084	0.01251	0.00865	0.01751	0.89408	0.00870	0.01744	0.00014	4.4e-05	6.5e-05	0.02290	9.8e-05	9e-05
5	0.00015	0.00011	0.00014	0.00015	0.00017	0.00010	0.01224	0.00019	0.04125	0.02066	0.17960	0.60848	0.10233	0.00029	0.00013	4e-05	6.2e-05	0.01539	0.01843	9.5e-05
6	0.00017	0.00011	0.00015	0.00014	0.00016	0.00010	0.00010	0.00021	0.00029	0.06001	0.82917	0.03020	0.06747	0.00022	0.00012	3.4e-05	5.4e-05	0.01106	0.00012	0.00010
7	0.00040	0.00030	0.00032	0.00024	0.00033	0.00033	0.00020	0.96895	0.02681	0.00066	0.00026	0.00026	0.00018	0.00013	0.00011	3.2e-05	0.00012	9.6e-05	0.00011	0.00018
8	0.99702	0.00021	0.00016	0.00014	0.00021	0.00024	0.00011	0.00031	0.00018	0.00048	0.00015	0.00017	0.00011	9.8e-05	6.6e-05	3.3e-05	8.2e-05	5.7e-05	6.6e-05	0.00011
9	0.94592	0.00021	0.00016	0.00015	0.01872	0.00024	0.00012	0.00032	0.00019	0.03299	0.00016	0.00018	0.00012	9.9e-05	6.8e-05	3.3e-05	8.3e-05	6e-05	6.8e-05	0.00012
10	0.00024	0.00025	0.00032	0.00028	0.00028	0.05176	0.00023	0.00027	0.02204	0.00026	0.00015	0.00023	0.00014	0.00018	0.00033	4.5e-05	0.92274	9.2e-05	4.8e-05	0.00012
11	0.00029	0.00023	0.00024	0.00021	0.00028	0.00026	0.00017	0.17225	0.74733	0.01377	0.00040	0.00037	0.00029	0.00014	0.00011	3.5e-05	8.8e-05	0.00011	0.06326	0.00017
12	0.00025	0.01166	0.16491	0.00031	0.00594	0.03029	0.33951	0.09985	0.01000	0.04372	0.01248	0.05483	0.02164	0.00968	0.00957	3.9e-05	0.09857	0.08243	0.00418	0.00014
13	0.00014	0.00010	0.00012	0.00014	0.00015	9.3e-05	9.5e-05	0.00550	0.00855	0.00806	0.03664	0.55541	0.28424	0.05889	0.00917	4.5e-05	6.5e-05	0.02524	0.00727	8.9e-05
14	0.00563	0.00011	0.00014	0.00014	0.00016	0.00010	0.00010	0.00524	0.00573	0.03594	0.38728	0.27087	0.15484	0.04519	0.03684	4.5e-05	6.9e-05	0.03792	0.01357	9.7e-05
15	0.01726	0.04053	0.08325	0.08929	0.10471	0.00677	0.01724	0.03055	0.00442	0.11111	0.01979	0.17657	0.04344	0.01746	0.12417	0.01015	0.09119	0.00555	0.00644	0.00012
16	0.00019	0.00012	0.00016	0.00015	0.00018	0.00011	0.01797	0.01460	0.00029	0.10038	0.62317	0.03748	0.05508	0.01049	0.00013	0.00738	6.5e-05	0.12030	0.01163	0.00011
17	0.01690	0.09127	0.13209	0.16257	0.19603	0.08011	0.02923	0.03338	0.05773	0.02072	0.00620	0.02257	0.00379	0.00385	0.02934	3.7e-05	0.06957	0.00294	0.00487	0.03681
18	0.27023	0.29100	0.08514	0.01141	0.03736	0.06586	0.00783	0.11932	0.00578	0.08325	0.00393	0.00444	0.00386	0.00011	8.5e-05	3e-05	0.00636	7.3e-05	6.7e-05	0.00387

[dist]
# distance from previous block
# <min> <max>
2	7

[block]
# block no. 5 follows, 3269 sequences, length 37
# corresponding to MSA columns:
# 1376-1401,1403-1407,1410-1415
name=unknown_F
#
# <colnr> <probs for GDERKNQSTAVLIFYWHMCP>
#	G	D	E	R	K	N	Q	S	T	A	V	L	I	F	Y	W	H	M	C	P
0	0.00015	0.00011	0.00015	0.00207	0.00017	0.00216	0.00012	0.00215	0.00410	0.00327	0.05080	0.02275	0.10978	0.18775	0.48003	0.00220	0.00820	0.11217	0.00746	0.00439
1	0.00267	0.02943	0.36254	0.11354	0.13979	0.01849	0.07863	0.03439	0.06927	0.01957	0.04378	0.01287	0.02282	0.01150	0.01529	3.7e-05	0.01777	0.00209	0.00348	0.00206
2	0.00016	0.00221	0.04501	0.10064	0.02340	0.01488	0.00820	0.00577	0.02044	0.00032	0.21193	0.21366	0.31151	0.00310	0.00186	0.00375	0.00559	0.00971	9.2e-05	0.01777
3	0.00014	0.0001	0.00013	0.00308	0.00264	9.2e-05	0.00235	0.00016	0.00231	0.00487	0.10622	0.62898	0.19544	0.00293	0.00341	0.01612	0.00217	0.02645	0.00232	8.9e-05
4	0.89090	0.00020	0.00017	0.00015	0.00021	0.00023	0.00012	0.01150	0.00020	0.09528	0.00017	0.00019	0.00013	0.00010	7e-05	3.3e-05	8.3e-05	6.3e-05	7.2e-05	0.00012
5	0.06025	0.05753	0.32804	0.09789	0.04485	0.01038	0.09193	0.09079	0.15482	0.04136	0.00270	0.00235	0.00018	0.00011	0.00275	3.4e-05	0.00872	0.00194	0.00322	0.00015
6	0.00029	0.00024	0.00025	0.00022	0.00028	0.00027	0.00017	0.19807	0.77849	0.00981	0.00040	0.00037	0.00029	0.00014	0.00011	3.5e-05	9e-05	0.00011	0.01018	0.00017
7	0.00404	0.00014	0.00020	0.29183	0.02394	0.00739	0.01743	0.00540	0.00767	0.00213	0.08920	0.26900	0.24658	0.00376	0.00216	3.8e-05	0.00920	0.01756	0.00222	0.00010
8	0.00028	0.99634	0.00056	0.00018	0.00027	0.00042	0.00018	0.00032	0.00022	0.00025	0.00015	0.00017	0.00014	9.1e-05	6.8e-05	2.3e-05	0.00011	5.7e-05	4.5e-05	0.00014
9	0.00028	0.98041	0.00055	0.00018	0.00027	0.00041	0.00018	0.00032	0.00022	0.00025	0.01606	0.00018	0.00015	9.3e-05	6.9e-05	2.3e-05	0.00011	5.9e-05	4.7e-05	0.00014
10	0.00047	0.00019	0.00025	0.00020	0.00028	0.00018	0.00016	0.11985	0.00033	0.87632	0.00040	0.00035	0.00025	0.00013	0.00011	3.3e-05	9.3e-05	0.00011	0.00013	0.00018
11	0.00035	0.00016	0.00021	0.00017	0.00023	0.00014	0.00013	0.01003	0.00417	0.61453	0.15694	0.07192	0.03451	0.05953	0.00297	3.8e-05	8.1e-05	0.00537	0.01489	0.02364
12	0.99702	0.00021	0.00016	0.00014	0.00021	0.00024	0.00011	0.00031	0.00018	0.00048	0.00015	0.00017	0.00011	9.8e-05	6.6e-05	3.3e-05	8.2e-05	5.7e-05	6.6e-05	0.00011
13	0.00021	0.01608	0.98020	0.00030	0.00046	0.00025	0.00039	0.00034	0.00022	0.00033	0.00019	0.00022	0.00013	0.00010	0.00010	3.3e-05	0.00016	7.8e-05	4.5e-05	0.00016
14	0.00508	0.00019	0.00025	0.00019	0.00027	0.00017	0.00016	0.08806	0.03763	0.81836	0.01264	0.00036	0.00027	0.00013	0.00011	3.3e-05	9e-05	0.00011	0.03575	0.00018
15	0.00533	0.00011	0.00013	0.00013	0.00013	0.00011	7.9e-05	0.00016	0.00016	0.00022	0.00035	0.02374	0.01999	0.73901	0.19053	0.00011	0.00013	0.00505	0.01445	7.2e-05
16	0.00028	0.99634	0.00056	0.00018	0.00027	0.00042	0.00018	0.00032	0.00022	0.00025	0.00015	0.00017	0.00014	9.1e-05	6.8e-05	2.3e-05	0.00011	5.7e-05	4.5e-05	0.00014
17	0.00026	0.00025	0.00043	0.00065	0.99561	0.00025	0.00033	0.00033	0.00024	0.00035	0.00020	0.00026	0.00017	9.5e-05	0.00011	3.2e-05	0.00013	9.5e-05	5.3e-05	0.00017
18	0.01783	0.00014	0.00016	0.00015	0.00019	0.00014	0.00012	0.02529	0.20778	0.03897	0.51660	0.00619	0.13980	0.00505	0.00012	3.4e-05	6.2e-05	0.00521	0.03604	0.00012
19	0.12771	0.00019	0.00024	0.00019	0.00027	0.00018	0.00015	0.07402	0.00745	0.78792	0.00037	0.00033	0.00024	0.00013	0.00010	3.3e-05	9.1e-05	0.0001	0.00012	0.00017
20	0.00023	0.00022	0.00038	0.46312	0.49997	0.00584	0.01173	0.00030	0.00385	0.00400	0.00020	0.00028	0.00563	0.00010	0.00011	3.3e-05	0.00371	9.5e-05	5.1e-05	0.00014
21	0.00018	0.00012	0.00386	0.00221	0.00546	0.00012	0.00525	0.01071	0.04416	0.07585	0.20071	0.37424	0.06333	0.01921	0.00342	4.2e-05	0.01172	0.17563	0.00367	0.00010
22	0.00014	0.00010	0.00013	0.00015	0.00017	9.5e-05	0.00011	0.00017	0.00022	0.00676	0.01518	0.67133	0.07326	0.01222	0.01865	4.6e-05	7.3e-05	0.19726	0.00384	8.9e-05
23	0.74777	0.07213	0.01267	0.00487	0.03403	0.07805	0.00747	0.01842	0.00020	0.01200	0.00016	0.00018	0.00012	0.00010	0.00253	3.2e-05	0.00636	6.2e-05	0.00271	0.00012
24	0.00014	9.7e-05	0.00013	0.00015	0.00016	9.1e-05	0.00268	0.00360	0.00349	0.00372	0.01880	0.85268	0.02751	0.03668	0.00996	0.00371	6.7e-05	0.03618	9.7e-05	8.7e-05
25	0.41795	0.07985	0.01325	0.00400	0.01385	0.03505	0.00613	0.05786	0.05077	0.01917	0.00266	0.00230	0.00015	0.00011	0.01796	3e-05	9.6e-05	6.9e-05	6.8e-05	0.27867
26	0.00016	0.00012	0.00018	0.00017	0.00020	0.00372	0.02096	0.00019	0.00017	0.00025	0.00028	0.00043	0.00027	0.05315	0.88565	0.00383	0.00495	0.00618	5.7e-05	0.01909
27	0.00022	0.00019	0.00022	0.00016	0.00025	0.00014	0.00012	0.00027	0.00022	0.00035	0.00019	0.00023	0.00016	8e-05	7.8e-05	1.6e-05	7.8e-05	6.4e-05	0.03082	0.96616
28	0.86987	0.00021	0.00017	0.00015	0.00022	0.01769	0.00012	0.01939	0.01345	0.07769	0.00017	0.00019	0.00013	0.00010	7.1e-05	3.3e-05	8.5e-05	6.3e-05	7.2e-05	0.00012
29	0.99702	0.00021	0.00016	0.00014	0.00021	0.00024	0.00011	0.00031	0.00018	0.00048	0.00015	0.00017	0.00011	9.8e-05	6.6e-05	3.3e-05	8.2e-05	5.7e-05	6.6e-05	0.00011
30	0.00320	0.00019	0.00271	0.03777	0.06806	0.00015	0.00699	0.00874	0.00389	0.05288	0.06371	0.03055	0.00508	0.00010	8.9e-05	2.1e-05	0.00217	0.00261	7e-05	0.71100
31	0.00176	0.00689	0.15747	0.03145	0.07325	0.03005	0.04921	0.01707	0.02102	0.14958	0.10111	0.09575	0.11976	0.00637	0.01850	0.00467	0.07340	0.02454	0.00160	0.01653
32	0.00013	0.00010	0.00012	0.00012	0.00015	9.2e-05	9e-05	0.00016	0.00025	0.00032	0.23609	0.20726	0.53763	0.00027	0.00013	3.7e-05	5.5e-05	0.01680	0.00010	9.1e-05
33	0.00462	0.47248	0.24773	0.00023	0.00034	0.00679	0.03001	0.14860	0.00027	0.08773	0.00020	0.00022	0.00015	0.00010	8.7e-05	2.8e-05	0.00012	7.4e-05	6.2e-05	0.00015
34	0.00455	0.00870	0.07270	0.29576	0.35353	0.03645	0.06101	0.01893	0.00640	0.07339	0.00376	0.00859	0.00667	0.00333	0.00378	3.4e-05	0.02904	0.00384	0.00940	0.00015
35	0.00018	0.00013	0.02132	0.02061	0.02033	0.00628	0.00779	0.00368	0.00644	0.10529	0.01254	0.57957	0.03883	0.02325	0.03385	0.01703	0.01831	0.08035	0.00411	0.00010
36	0.01974	0.00019	0.00025	0.00019	0.00027	0.00017	0.00016	0.07041	0.00432	0.88181	0.00449	0.00035	0.00026	0.00014	0.01271	3.4e-05	9.4e-05	0.00011	0.00413	0.00018

[dist]
# distance from previous block
# <min> <max>
6	42

[block]
# block no. 6 follows, 3269 sequences, length 6
# corresponding to MSA columns:
# 1480-1482,1484,1486,1487
name=unknown_G
#
# <colnr> <probs for GDERKNQSTAVLIFYWHMCP>
#	G	D	E	R	K	N	Q	S	T	A	V	L	I	F	Y	W	H	M	C	P
0	0.01030	0.00971	0.00956	0.01027	0.06983	0.00897	0.01104	0.01025	0.00974	0.01500	0.06157	0.07659	0.14879	0.32074	0.18355	8.2e-05	0.01278	0.00948	0.01274	0.00899
1	0.01044	0.07483	0.07761	0.03522	0.12792	0.06218	0.03796	0.07480	0.04129	0.06996	0.04091	0.05677	0.01508	0.07203	0.01350	3.8e-05	0.03176	0.03425	0.00931	0.11415
2	0.00015	0.00011	0.00013	0.00013	0.00014	0.00010	8.1e-05	0.00016	0.00018	0.00024	0.03848	0.19925	0.03344	0.61691	0.02460	8.1e-05	9.4e-05	0.02462	7.5e-05	0.06101
3	0.01696	0.00020	0.00023	0.02153	0.02909	0.02158	0.00014	0.04595	0.05060	0.02771	0.06108	0.00030	0.03100	0.00010	8.8e-05	2.1e-05	8.4e-05	8.3e-05	7.3e-05	0.69318
4	0.01294	0.02292	0.03993	0.41461	0.14362	0.01642	0.03301	0.01020	0.01598	0.06771	0.03370	0.05606	0.03834	0.02782	0.00012	3.6e-05	0.01688	0.02026	0.00934	0.02010
5	0.11803	0.00018	0.00022	0.06106	0.03105	0.00017	0.00015	0.03158	0.03021	0.16108	0.05213	0.02507	0.03143	0.00012	9.2e-05	2.6e-05	8.5e-05	0.01618	0.01489	0.42625

[dist]
# distance from previous block
# <min> <max>
4	21

[block]
# block no. 7 follows, 3269 sequences, length 18
# corresponding to MSA columns:
# 1513-1517,1521-1533
name=unknown_H
#
# <colnr> <probs for GDERKNQSTAVLIFYWHMCP>
#	G	D	E	R	K	N	Q	S	T	A	V	L	I	F	Y	W	H	M	C	P
0	0.00016	0.00379	0.00015	0.00414	0.00405	0.00531	0.00584	0.00019	0.00908	0.02401	0.01236	0.42225	0.01938	0.08591	0.27620	0.00444	0.01686	0.00867	0.06118	0.03604
1	0.00633	0.64395	0.06147	0.01743	0.00488	0.12619	0.01049	0.01668	0.00782	0.05821	0.00473	0.00021	0.00015	0.00011	0.00484	2.7e-05	0.03096	0.00532	5.4e-05	0.00014
2	0.00553	0.00011	0.00013	0.00013	0.00013	0.00011	7.9e-05	0.01240	0.00791	0.00587	0.02198	0.03083	0.00681	0.78516	0.05332	0.00771	0.00011	0.05529	0.00633	7.3e-05
3	0.00040	0.00030	0.00032	0.00024	0.00033	0.00033	0.00020	0.99526	0.00050	0.00067	0.00025	0.00025	0.00018	0.00013	0.00011	3.2e-05	0.00012	9.6e-05	0.00011	0.00018
4	0.00015	0.00010	0.00012	0.00012	0.00012	0.00010	6.9e-05	0.00016	0.00016	0.00021	0.00034	0.04918	0.00040	0.90422	0.04405	0.00010	0.00011	0.00016	6.6e-05	6.7e-05
5	0.00041	0.00029	0.00031	0.00024	0.00033	0.00032	0.00020	0.92852	0.00049	0.06742	0.00027	0.00026	0.00019	0.00013	0.00011	3.2e-05	0.00011	9.6e-05	0.00011	0.00018
6	0.99702	0.00021	0.00016	0.00014	0.00021	0.00024	0.00011	0.00031	0.00018	0.00048	0.00015	0.00017	0.00011	9.8e-05	6.6e-05	3.3e-05	8.2e-05	5.7e-05	6.6e-05	0.00011
7	0.00013	9.5e-05	0.00012	0.00015	0.00015	8.8e-05	9.8e-05	0.00015	0.00021	0.00028	0.03824	0.86152	0.06156	0.01764	0.00014	4.3e-05	6.2e-05	0.01913	9.9e-05	8.7e-05
8	0.00026	0.00025	0.00043	0.00065	0.99561	0.00025	0.00033	0.00033	0.00024	0.00035	0.00020	0.00026	0.00017	9.5e-05	0.00011	3.2e-05	0.00013	9.5e-05	5.3e-05	0.00017
9	0.00030	0.00026	0.00026	0.00023	0.00029	0.05882	0.00018	0.20796	0.72945	0.00048	0.00038	0.00035	0.00028	0.00014	0.00011	3.5e-05	9.7e-05	0.00011	0.00010	0.00017
10	0.00965	0.00669	0.00453	0.00580	0.00577	0.00549	0.02472	0.10050	0.00439	0.71743	0.00038	0.00037	0.00026	0.08238	0.01422	4.1e-05	0.01215	0.00011	0.00497	0.00017
11	0.00738	0.00012	0.00015	0.00014	0.00017	0.00011	0.00011	0.00685	0.03928	0.10193	0.63777	0.04244	0.03814	0.09837	0.00016	4.1e-05	6.3e-05	0.01144	0.01523	0.00011
12	0.00684	0.00014	0.00019	0.15313	0.01426	0.00558	0.00633	0.03053	0.00837	0.16418	0.01832	0.36819	0.16280	0.00734	0.00385	0.00532	0.00943	0.03499	9.4e-05	0.00011
13	0.00387	0.00030	0.00028	0.20672	0.01231	0.36805	0.04867	0.00708	0.09475	0.00442	0.02488	0.07133	0.01284	0.00020	0.09503	0.00503	0.03088	0.00955	0.00368	0.00012
14	0.00023	0.00020	0.07189	0.01474	0.01063	0.01054	0.11195	0.01524	0.17095	0.10684	0.02403	0.14271	0.01135	0.08304	0.13318	0.03711	0.02768	0.01587	0.01169	0.00012
15	0.00018	0.00881	0.00016	0.02528	0.00988	0.00393	0.00833	0.01069	0.01347	0.08819	0.27328	0.18260	0.25824	0.00862	0.00668	0.03886	0.02544	0.02362	0.01363	0.00010
16	0.00896	0.05242	0.22523	0.12016	0.09449	0.11044	0.12939	0.01969	0.02409	0.03368	0.00509	0.01257	0.00354	0.00398	0.00491	3.5e-05	0.12797	0.01570	0.00379	0.00388
17	0.04653	0.06750	0.04308	0.07733	0.25234	0.13350	0.10997	0.08457	0.03171	0.09363	0.00463	0.00814	0.00382	0.00011	0.00011	3.2e-05	0.02997	0.00449	0.00386	0.00469

[dist]
# distance from previous block
# <min> <max>
4	51

[block]
# block no. 8 follows, 3269 sequences, length 22
# corresponding to MSA columns:
# 1594-1615
name=unknown_I
#
# <colnr> <probs for GDERKNQSTAVLIFYWHMCP>
#	G	D	E	R	K	N	Q	S	T	A	V	L	I	F	Y	W	H	M	C	P
0	0.01432	0.02986	0.13069	0.02634	0.02308	0.10134	0.04380	0.04433	0.01187	0.42689	0.00753	0.01126	0.00434	0.00679	0.01805	3.4e-05	0.00467	0.00304	0.03154	0.06024
1	0.01014	0.75409	0.00999	0.01798	0.03522	0.09367	0.00542	0.00868	0.00464	0.03119	0.00565	0.00519	0.00015	0.00010	0.00343	2.5e-05	0.00982	0.00442	5.1e-05	0.00014
2	0.00497	0.00010	0.00012	0.00013	0.00015	9.4e-05	9.4e-05	0.00017	0.00477	0.00713	0.18682	0.33796	0.38630	0.02275	0.00761	0.00510	6.1e-05	0.02949	0.00607	9.1e-05
3	0.02548	0.00016	0.00020	0.00016	0.00023	0.00015	0.00013	0.03772	0.00028	0.61662	0.01326	0.01944	0.00950	0.00013	9.8e-05	3.1e-05	7.8e-05	0.00011	0.27607	0.00015
4	0.00495	0.00018	0.00025	0.06810	0.02116	0.00371	0.00376	0.01125	0.01607	0.75135	0.00039	0.02539	0.00026	0.01448	0.05629	0.00401	0.00930	0.00011	0.00882	0.00016
5	0.07412	0.00930	0.00990	0.00536	0.00031	0.00029	0.00019	0.68209	0.01022	0.15588	0.00027	0.00027	0.00019	0.00545	0.00011	3.3e-05	0.03763	9.4e-05	0.00812	0.00017
6	0.00016	0.00011	0.00012	0.00012	0.00013	0.00010	7.3e-05	0.00017	0.01105	0.01410	0.03157	0.05993	0.03325	0.81683	0.02597	9.5e-05	0.00010	0.00600	7.1e-05	7.1e-05
7	0.00654	0.00031	0.11025	0.00923	0.00051	0.03574	0.75732	0.01299	0.00717	0.01962	0.01488	0.01097	0.00018	9.9e-05	0.00012	3.5e-05	0.00447	0.00519	0.00423	0.00014
8	0.01337	0.08752	0.20523	0.05360	0.12570	0.04075	0.07780	0.04913	0.01567	0.17230	0.00761	0.02903	0.00318	0.02405	0.03224	0.00462	0.04002	0.01547	0.00257	0.00015
9	0.00580	0.00020	0.00025	0.02557	0.00662	0.01464	0.00016	0.10360	0.15269	0.61502	0.04197	0.00037	0.01007	0.00014	0.00615	3.4e-05	9.3e-05	0.00011	0.01634	0.00017
10	0.00020	0.00012	0.00015	0.00014	0.00017	0.00011	0.00011	0.00683	0.00759	0.14681	0.62339	0.02405	0.17114	0.00021	0.00012	3.4e-05	5.8e-05	0.00805	0.01059	0.00011
11	0.02052	0.00364	0.00493	0.00382	0.00695	0.00913	0.00012	0.03084	0.06003	0.14794	0.43001	0.04618	0.15533	0.03088	0.00013	3.6e-05	6.7e-05	0.01018	0.03915	0.00012
12	0.02030	0.50878	0.26482	0.04663	0.02212	0.01574	0.03068	0.01979	0.01837	0.02687	0.00019	0.00661	0.00376	0.00010	8.7e-05	2.8e-05	0.00702	0.00792	5.2e-05	0.00014
13	0.00387	0.00881	0.00752	0.00018	0.00430	0.01213	0.00370	0.05180	0.21506	0.04782	0.33613	0.00457	0.15765	0.00453	0.00284	3.6e-05	0.09193	0.03201	0.01211	0.00302
14	0.00013	9.9e-05	0.00013	0.00015	0.00016	9.2e-05	0.01448	0.00016	0.01321	0.00028	0.02165	0.85019	0.07210	0.00877	0.00014	4.3e-05	6.3e-05	0.01195	0.00611	8.9e-05
15	0.00752	0.00395	0.01319	0.02128	0.01814	0.00335	0.00536	0.06150	0.12628	0.13658	0.26005	0.07479	0.09805	0.01332	0.01843	3.9e-05	0.00739	0.09974	0.03091	0.00012
16	0.01928	0.15745	0.10894	0.06424	0.09260	0.02880	0.09232	0.05926	0.05883	0.09192	0.01878	0.01399	0.11800	0.00825	0.01353	3.5e-05	0.02635	0.00602	0.00338	0.01802
17	0.00496	0.00025	0.00436	0.17192	0.68132	0.03683	0.04177	0.00538	0.00500	0.00495	0.01429	0.00027	0.00017	0.00010	0.00011	3.2e-05	0.01721	9.6e-05	5.4e-05	0.01092
18	0.00654	0.00016	0.00019	0.00017	0.00022	0.00016	0.00013	0.07117	0.24059	0.18991	0.10546	0.19693	0.04208	0.01151	0.00012	3.6e-05	7.5e-05	0.01794	0.11647	0.00013
19	0.03035	0.00841	0.07641	0.12458	0.18027	0.00932	0.02731	0.01643	0.02972	0.02991	0.09382	0.12284	0.11453	0.02525	0.01091	0.00283	0.01273	0.06505	0.00555	0.01376
20	0.00911	0.03963	0.03384	0.38455	0.18035	0.04186	0.04267	0.01831	0.01599	0.08158	0.01894	0.05608	0.01529	0.00013	0.00604	0.00288	0.02843	0.02057	0.00362	0.00013
21	0.04574	0.00017	0.00023	0.00018	0.00025	0.00016	0.00571	0.01379	0.01008	0.76802	0.01327	0.01641	0.02996	0.00532	0.04714	4e-05	9.6e-05	0.00658	0.03668	0.00016

[dist]
# distance from previous block
# <min> <max>
5	64

[block]
# block no. 9 follows, 3269 sequences, length 21
# corresponding to MSA columns:
# 1682-1692,1697-1704,1708,1709
name=unknown_J
#
# <colnr> <probs for GDERKNQSTAVLIFYWHMCP>
#	G	D	E	R	K	N	Q	S	T	A	V	L	I	F	Y	W	H	M	C	P
0	0.00932	0.00434	0.00953	0.01917	0.01761	0.00991	0.00735	0.02425	0.01195	0.06914	0.19963	0.12446	0.15457	0.06331	0.03726	0.01536	0.01525	0.03164	0.08307	0.09288
1	0.02839	0.09219	0.02600	0.11765	0.37122	0.08819	0.03551	0.04055	0.07304	0.01682	0.00623	0.00603	0.00307	0.00467	0.00959	3.2e-05	0.01496	0.00308	0.00330	0.05949
2	0.00565	0.03406	0.03198	0.18489	0.06845	0.04433	0.10770	0.07256	0.23252	0.07957	0.01968	0.00469	0.03625	0.00014	0.00838	0.00312	0.04200	0.00712	0.00780	0.00912
3	0.00014	0.00010	0.00012	0.00014	0.00015	9.2e-05	9.3e-05	0.00016	0.00022	0.00765	0.14283	0.51267	0.18450	0.12544	0.01223	4.9e-05	6.7e-05	0.01317	9.7e-05	8.7e-05
4	0.06761	0.00013	0.00016	0.00015	0.00018	0.00012	0.00498	0.00880	0.01492	0.17143	0.46103	0.10507	0.09151	0.00400	0.01363	3.7e-05	0.00397	0.01643	0.03572	0.00011
5	0.00016	0.00011	0.00013	0.00013	0.00016	9.8e-05	0.0001	0.00019	0.00632	0.04612	0.34840	0.22016	0.30782	0.00995	0.00013	3.8e-05	5.9e-05	0.05128	0.00856	9.7e-05
6	0.23055	0.00019	0.00022	0.00017	0.00025	0.00018	0.00014	0.06948	0.01273	0.57060	0.08027	0.00036	0.01693	0.00013	9.8e-05	3.3e-05	8.6e-05	0.00010	0.01734	0.00016
7	0.99702	0.00021	0.00016	0.00014	0.00021	0.00024	0.00011	0.00031	0.00018	0.00048	0.00015	0.00017	0.00011	9.8e-05	6.6e-05	3.3e-05	8.2e-05	5.7e-05	6.6e-05	0.00011
8	0.99702	0.00021	0.00016	0.00014	0.00021	0.00024	0.00011	0.00031	0.00018	0.00048	0.00015	0.00017	0.00011	9.8e-05	6.6e-05	3.3e-05	8.2e-05	5.7e-05	6.6e-05	0.00011
9	0.01697	0.00011	0.00015	0.00014	0.00017	0.00011	0.00010	0.00022	0.00029	0.06785	0.87845	0.00075	0.00091	0.02208	0.01120	3.6e-05	5.7e-05	0.00018	0.00012	0.00010
10	0.05707	0.00022	0.00026	0.00020	0.00028	0.00022	0.00017	0.34111	0.02738	0.54118	0.00930	0.00762	0.00728	0.00013	0.00010	3.3e-05	9.8e-05	0.00010	0.00707	0.00017
11	0.00706	0.00020	0.00026	0.00020	0.00687	0.02853	0.02701	0.06360	0.00031	0.83900	0.00580	0.00035	0.00673	0.00013	0.00011	3.3e-05	9.6e-05	0.00011	0.01344	0.00018
12	0.00039	0.00050	0.00030	0.00027	0.00032	0.96233	0.00020	0.01780	0.00030	0.00027	0.00017	0.00020	0.00014	0.00011	9.5e-05	2.7e-05	0.00019	6.9e-05	0.01619	0.00012
13	0.02752	0.01359	0.01351	0.12984	0.11283	0.03364	0.12896	0.31932	0.04784	0.02330	0.00675	0.06885	0.00456	0.00296	0.00873	0.00578	0.01740	0.00343	0.00450	0.02669
14	0.17232	0.00282	0.04330	0.20078	0.02195	0.00884	0.06499	0.02536	0.05238	0.16894	0.03100	0.04993	0.00370	0.01939	0.05570	0.00849	0.02132	0.01105	0.01568	0.02206
15	0.00013	9.5e-05	0.00012	0.00014	0.00015	8.8e-05	9.6e-05	0.00015	0.00021	0.00028	0.03581	0.79648	0.12297	0.03273	0.00015	4.4e-05	6.2e-05	0.01010	9.8e-05	8.6e-05
16	0.01025	0.00020	0.00886	0.88001	0.03748	0.00024	0.02593	0.00689	0.00513	0.01061	0.00654	0.00029	0.00692	0.00011	0.00011	3.5e-05	0.00014	9.6e-05	5e-05	0.00012
17	0.03339	0.04778	0.21461	0.05841	0.09161	0.06844	0.07845	0.10704	0.03933	0.20158	0.01017	0.01097	0.00386	0.00291	0.00390	3.4e-05	0.01465	0.00944	0.00327	0.00015
18	0.02811	0.01450	0.05181	0.15681	0.09314	0.02268	0.04598	0.03866	0.06501	0.22779	0.02528	0.14457	0.01104	0.00380	0.00578	0.00387	0.02840	0.02869	0.00396	0.00014
