[name]
unknown

[dist]
# distance from previous block
# <min> <max>
0	87

[block]
# block no. 0 follows, 2494 sequences, length 13
# corresponding to MSA columns:
# 246-250,256,258,260-265
name=unknown_A
#
# <colnr> <probs for GDERKNQSTAVLIFYWHMCP>
#	G	D	E	R	K	N	Q	S	T	A	V	L	I	F	Y	W	H	M	C	P
0	0.00769	0.05334	0.16783	0.04380	0.09125	0.01121	0.05053	0.03386	0.09888	0.07409	0.11859	0.05884	0.09622	0.00923	0.00526	4.7e-05	0.00752	0.04906	0.00488	0.01788
1	0.01799	0.10588	0.21346	0.05364	0.10548	0.04897	0.12051	0.05551	0.05431	0.12370	0.01324	0.01070	0.01418	0.00795	0.00014	4.2e-05	0.00547	0.01077	9e-05	0.03798
2	0.00971	0.07261	0.05294	0.19279	0.18318	0.01683	0.12615	0.02430	0.06973	0.05062	0.04308	0.05227	0.04537	0.00820	0.01196	4.7e-05	0.01289	0.00697	0.01215	0.00819
3	0.00020	0.00015	0.00763	0.00018	0.00021	0.00014	0.00013	0.00025	0.03938	0.01574	0.32502	0.33696	0.20988	0.01431	0.00018	0.00949	0.01212	0.01692	0.01097	0.00013
4	0.00782	0.00853	0.24190	0.07537	0.08306	0.01673	0.06698	0.03113	0.13828	0.09403	0.02184	0.04345	0.04613	0.02793	0.01914	0.02737	0.02106	0.00853	0.01470	0.00601
5	0.02563	0.11085	0.35309	0.02298	0.07137	0.05436	0.05682	0.04152	0.03549	0.15877	0.01512	0.00910	0.00752	0.00015	0.00013	4.2e-05	0.00974	0.00571	8.9e-05	0.02152
6	0.00444	0.01153	0.01500	0.01828	0.01981	0.00767	0.00663	0.00715	0.01556	0.03296	0.07291	0.44891	0.17693	0.03958	0.01133	0.00553	0.01684	0.08389	0.00491	0.00013
7	0.01849	0.00016	0.00019	0.00019	0.00023	0.00015	0.00014	0.01206	0.02285	0.13929	0.26380	0.26109	0.23723	0.02138	0.00017	5e-05	8.3e-05	0.01130	0.01102	0.00014
8	0.02717	0.05119	0.33516	0.03923	0.06300	0.02039	0.09164	0.05572	0.10775	0.11558	0.00866	0.04145	0.01301	0.00590	0.00774	4.6e-05	0.00557	0.01052	9.4e-05	0.00020
9	0.05172	0.02852	0.10376	0.02792	0.06049	0.01569	0.02277	0.02938	0.01581	0.05654	0.01291	0.00700	0.00884	0.00013	0.00012	3.1e-05	0.00666	0.00010	8.7e-05	0.55153
10	0.00959	0.01578	0.03501	0.01198	0.01503	0.00537	0.00770	0.03144	0.06483	0.08894	0.25305	0.09632	0.22314	0.01718	0.01930	0.03006	0.00795	0.00676	0.00414	0.05643
11	0.01165	0.00016	0.00019	0.00019	0.00023	0.00014	0.00749	0.00989	0.02452	0.10575	0.31864	0.25924	0.19175	0.02853	0.00018	5e-05	8.3e-05	0.02177	0.01941	0.00014
12	0.01912	0.07818	0.34454	0.03652	0.06483	0.04219	0.05661	0.04304	0.05568	0.14476	0.04035	0.01481	0.01328	0.00016	0.00014	4.3e-05	0.01589	0.00845	9.2e-05	0.02130

[dist]
# distance from previous block
# <min> <max>
1	4

[block]
# block no. 1 follows, 2494 sequences, length 10
# corresponding to MSA columns:
# 298-307
name=unknown_B
#
# <colnr> <probs for GDERKNQSTAVLIFYWHMCP>
#	G	D	E	R	K	N	Q	S	T	A	V	L	I	F	Y	W	H	M	C	P
0	0.64035	0.09039	0.03909	0.00772	0.00953	0.04765	0.01585	0.04965	0.01311	0.01607	0.00771	0.00026	0.00018	0.00014	0.00011	4.1e-05	0.02701	8.7e-05	0.00753	0.02752
1	0.00021	0.01748	0.00020	0.00746	0.00842	0.00995	0.00014	0.00024	0.00806	0.01155	0.04406	0.25304	0.02615	0.25957	0.26965	0.00012	0.00962	0.02291	0.05104	0.00012
2	0.00639	0.09677	0.46377	0.06467	0.02852	0.00884	0.02545	0.02101	0.02174	0.02643	0.02272	0.02020	0.01146	0.11743	0.03469	6e-05	0.00714	0.01642	0.00610	0.00018
3	0.00019	0.00013	0.00017	0.00019	0.00021	0.00012	0.00013	0.01010	0.00916	0.01326	0.06458	0.72678	0.07502	0.02579	0.00917	0.01793	8.5e-05	0.01027	0.02379	0.01293
4	0.00023	0.03240	0.08498	0.00825	0.00026	0.00017	0.00803	0.00028	0.02139	0.01182	0.47872	0.01987	0.05313	0.02652	0.07959	0.13907	0.01606	0.00020	0.01890	0.00013
5	0.24980	0.35703	0.08246	0.09923	0.00873	0.02351	0.02660	0.05236	0.00940	0.03064	0.00024	0.00996	0.00020	0.00694	0.01106	4.2e-05	0.01653	0.00656	0.00854	0.00017
6	0.00894	0.00015	0.00018	0.00018	0.00783	0.00014	0.00013	0.00794	0.00918	0.02461	0.45135	0.15222	0.24607	0.02539	0.00818	0.00934	0.00735	0.02966	0.01103	0.00013
7	0.00777	0.03369	0.50919	0.05192	0.06246	0.03013	0.04091	0.05688	0.03961	0.04582	0.06313	0.00966	0.01714	0.00017	0.01172	4.6e-05	0.00785	0.01163	8.2e-05	0.00019
8	0.00764	0.00015	0.00020	0.02627	0.00023	0.00016	0.00821	0.01449	0.02447	0.00735	0.12209	0.12896	0.12798	0.25103	0.21251	0.01808	0.00839	0.02243	0.01927	0.00012
9	0.03028	0.02861	0.03130	0.04765	0.05103	0.02003	0.06348	0.11255	0.08018	0.03506	0.22064	0.10301	0.05900	0.02777	0.01882	5.2e-05	0.03954	0.02183	0.00012	0.00905

[dist]
# distance from previous block
# <min> <max>
2	16

[block]
# block no. 2 follows, 2494 sequences, length 8
# corresponding to MSA columns:
# 333-340
name=unknown_C
#
# <colnr> <probs for GDERKNQSTAVLIFYWHMCP>
#	G	D	E	R	K	N	Q	S	T	A	V	L	I	F	Y	W	H	M	C	P
0	0.00756	0.03077	0.01331	0.06863	0.04620	0.01182	0.02818	0.02365	0.18858	0.02048	0.13446	0.07730	0.12869	0.07693	0.11213	7.3e-05	0.01064	0.01226	0.00818	0.00016
1	0.00019	0.02215	0.00018	0.00018	0.00021	0.00013	0.00013	0.00022	0.00030	0.01694	0.14471	0.57462	0.18239	0.01608	0.00018	5.3e-05	8e-05	0.01853	0.02262	0.00012
2	0.00968	0.00799	0.05438	0.52879	0.03003	0.01152	0.14273	0.03094	0.04577	0.01109	0.05473	0.01310	0.02535	0.00781	0.00015	4.7e-05	0.00972	0.00839	0.00762	0.00017
3	0.01416	0.00014	0.00017	0.00017	0.00020	0.00013	0.00012	0.00025	0.00035	0.02967	0.46835	0.05343	0.36455	0.02547	0.01427	5e-05	7.7e-05	0.01412	0.01419	0.00013
4	0.00025	0.02839	0.06363	0.02019	0.00030	0.00949	0.01198	0.05204	0.04322	0.03725	0.08425	0.04401	0.07190	0.09667	0.30144	0.00011	0.00832	0.11622	0.01018	0.00014
5	0.00023	0.00015	0.00018	0.00017	0.00022	0.00013	0.00013	0.00028	0.01762	0.11466	0.18213	0.12376	0.50345	0.01630	0.00017	4.8e-05	7.9e-05	0.01623	0.02393	0.00013
6	0.01057	0.64423	0.13097	0.05612	0.02932	0.00977	0.03262	0.00042	0.01732	0.01047	0.00024	0.00030	0.00922	0.00949	0.01706	3.9e-05	0.00016	0.01218	0.00933	0.00018
7	0.11159	0.01389	0.01492	0.16009	0.25103	0.07046	0.00847	0.10888	0.01443	0.01860	0.02353	0.02711	0.03058	0.00713	0.00762	4.7e-05	0.09731	0.01934	0.00681	0.00817

[dist]
# distance from previous block
# <min> <max>
3	64

[block]
# block no. 3 follows, 2494 sequences, length 13
# corresponding to MSA columns:
# 408-414,421-426
name=unknown_D
#
# <colnr> <probs for GDERKNQSTAVLIFYWHMCP>
#	G	D	E	R	K	N	Q	S	T	A	V	L	I	F	Y	W	H	M	C	P
0	0.01101	0.00016	0.00019	0.00018	0.00022	0.00751	0.00014	0.01148	0.05440	0.03283	0.33608	0.08351	0.36445	0.01021	0.00017	4.8e-05	8.1e-05	0.06414	0.00014	0.02305
1	0.10315	0.23589	0.03452	0.00907	0.00831	0.05694	0.01272	0.21072	0.21320	0.01757	0.02693	0.01967	0.00030	0.00785	0.00503	0.01905	0.00014	0.00498	0.00658	0.00738
2	0.00020	0.00015	0.00018	0.00018	0.00021	0.00014	0.00013	0.03396	0.01248	0.01160	0.22878	0.38806	0.25584	0.02861	0.00019	5.3e-05	0.01919	0.01978	0.00013	0.00013
3	0.00904	0.54070	0.25188	0.00773	0.01789	0.06860	0.03456	0.01628	0.01076	0.01120	0.00597	0.00749	0.00020	0.00013	0.00011	3.6e-05	0.00626	0.00536	0.00562	0.00018
4	0.01105	0.59762	0.12007	0.01392	0.00682	0.01544	0.03091	0.01065	0.04791	0.05662	0.03027	0.00829	0.01788	0.00559	0.00012	3.7e-05	0.01905	0.00751	7.7e-05	0.00018
5	0.00025	0.00014	0.00015	0.00015	0.00018	0.00014	0.00011	0.00032	0.03697	0.01936	0.05731	0.09698	0.06940	0.00021	0.00012	3.7e-05	6.9e-05	0.00017	0.71781	0.00013
6	0.03987	0.00659	0.26507	0.00561	0.00790	0.00026	0.04732	0.03702	0.05561	0.38682	0.09642	0.01083	0.01498	0.00017	0.00014	4.4e-05	0.00014	0.00868	0.01089	0.00566
7	0.02102	0.12733	0.17753	0.10388	0.07467	0.03380	0.06228	0.02427	0.05563	0.15097	0.02964	0.05787	0.02484	0.01013	0.00714	0.00772	0.00781	0.01867	9.6e-05	0.00471
8	0.00022	0.00015	0.00020	0.00019	0.00023	0.00014	0.01635	0.00871	0.01725	0.06378	0.43138	0.22868	0.12341	0.05874	0.00020	5.3e-05	8.4e-05	0.04144	0.00868	0.00013
9	0.00050	0.01153	0.00042	0.00032	0.00043	0.03120	0.02848	0.79551	0.07598	0.02708	0.00036	0.00036	0.01000	0.00017	0.00014	4.2e-05	0.01700	0.00013	0.00013	0.00023
10	0.00930	0.03068	0.16960	0.45180	0.06370	0.03572	0.04194	0.01100	0.02634	0.03498	0.01152	0.00629	0.00538	0.00016	0.01230	0.00496	0.06215	0.00846	0.01355	0.00017
11	0.00808	0.03385	0.09065	0.05381	0.06882	0.01203	0.15297	0.04713	0.05106	0.22613	0.02760	0.03785	0.04253	0.02018	0.02472	0.03963	0.02674	0.01253	0.00417	0.01952
12	0.00020	0.00014	0.00017	0.00017	0.00021	0.00013	0.00013	0.00989	0.00032	0.05429	0.23364	0.25982	0.36596	0.04105	0.01038	5.4e-05	8.2e-05	0.02309	0.00013	0.00013

[dist]
# distance from previous block
# <min> <max>
0	11

[block]
# block no. 4 follows, 2494 sequences, length 6
# corresponding to MSA columns:
# 438-442,445
name=unknown_E
#
# <colnr> <probs for GDERKNQSTAVLIFYWHMCP>
#	G	D	E	R	K	N	Q	S	T	A	V	L	I	F	Y	W	H	M	C	P
0	0.08868	0.05939	0.17732	0.00032	0.00044	0.03969	0.04087	0.48358	0.02851	0.02161	0.01636	0.02565	0.01663	0.00016	0.00013	4.2e-05	0.00016	0.00013	0.00011	0.00021
1	0.02512	0.07222	0.23780	0.10145	0.01861	0.01814	0.03274	0.06265	0.02367	0.14829	0.01244	0.01760	0.00907	0.02222	0.01364	4.6e-05	0.06343	0.00960	0.02152	0.08973
2	0.00894	0.01104	0.02918	0.04223	0.07956	0.03002	0.03232	0.01401	0.02400	0.10485	0.25539	0.14949	0.09673	0.01352	0.01449	0.01173	0.02617	0.03763	0.00938	0.00931
3	0.00018	0.00013	0.00016	0.00019	0.00020	0.00012	0.00013	0.00020	0.00027	0.00035	0.03441	0.62175	0.11090	0.13835	0.03151	7.1e-05	9.8e-05	0.06075	0.00012	0.00011
4	0.01833	0.62791	0.15456	0.00027	0.00040	0.02805	0.01965	0.03165	0.03501	0.04595	0.00027	0.00031	0.01722	0.00014	0.00011	3.5e-05	0.00016	0.01971	7.3e-05	0.00019
5	0.03693	0.02301	0.13346	0.13242	0.03832	0.04116	0.02678	0.04603	0.02875	0.10673	0.31541	0.01446	0.01869	0.00021	0.01057	4.6e-05	0.01187	0.01486	0.00011	0.00017

[dist]
# distance from previous block
# <min> <max>
2	28

[block]
# block no. 5 follows, 2494 sequences, length 25
# corresponding to MSA columns:
# 485-492,494,495,501,502,519-529,531,532
name=unknown_F
#
# <colnr> <probs for GDERKNQSTAVLIFYWHMCP>
#	G	D	E	R	K	N	Q	S	T	A	V	L	I	F	Y	W	H	M	C	P
0	0.03079	0.14337	0.15371	0.02387	0.04735	0.03657	0.04393	0.08592	0.01341	0.23822	0.00558	0.00958	0.00431	0.00915	0.04786	5e-05	0.01365	0.01664	0.00010	0.07592
1	0.00492	0.00860	0.00726	0.00333	0.01274	0.00282	0.00378	0.00391	0.00297	0.00468	0.00632	0.00496	0.00512	0.09908	0.82094	0.00787	0.00033	0.00015	7.7e-05	0.00012
2	0.00299	0.02462	0.05034	0.07888	0.00037	0.08412	0.01291	0.10389	0.12950	0.03781	0.13690	0.02331	0.06395	0.09476	0.08621	6.9e-05	0.03731	0.02803	0.00387	0.00016
3	0.00017	0.00012	0.00016	0.00019	0.00020	0.00011	0.00013	0.00020	0.00027	0.00036	0.01535	0.92723	0.01348	0.02481	0.00019	5.8e-05	8.2e-05	0.01664	0.00013	0.00011
4	0.00531	0.03802	0.90484	0.00038	0.00058	0.00033	0.01250	0.00488	0.00721	0.00044	0.00894	0.00031	0.00438	0.00014	0.00013	4.4e-05	0.00020	0.00691	0.00426	0.00020
5	0.00019	0.00014	0.00018	0.00017	0.00021	0.00013	0.00013	0.00026	0.00737	0.00053	0.80819	0.02265	0.14298	0.00030	0.00016	4.4e-05	6.7e-05	0.00744	0.00874	0.00013
6	0.10135	0.00035	0.01259	0.00029	0.00040	0.00038	0.00024	0.70066	0.07707	0.06516	0.00036	0.01026	0.00027	0.00017	0.00013	4.3e-05	0.00014	0.01998	0.00992	0.00022
7	0.00051	0.00038	0.00041	0.00032	0.00043	0.00042	0.00026	0.92136	0.07310	0.00085	0.00035	0.00035	0.00025	0.00017	0.00014	4.2e-05	0.00015	0.00013	0.00014	0.00023
8	0.00375	0.00024	0.00448	0.00553	0.00033	0.00019	0.00538	0.01856	0.00030	0.09417	0.01094	0.00337	0.00372	0.00803	0.01738	2.9e-05	0.00011	0.01604	0.00420	0.80322
9	0.95896	0.02209	0.00022	0.00019	0.00027	0.00032	0.00015	0.01569	0.00024	0.00062	0.00020	0.00023	0.00015	0.00013	8.7e-05	4.3e-05	0.00011	7.6e-05	8.6e-05	0.00015
10	0.00026	0.00016	0.00807	0.00019	0.00023	0.00014	0.00014	0.00030	0.01280	0.17856	0.10272	0.33341	0.27084	0.01160	0.00018	0.02501	8.8e-05	0.04751	0.00014	0.00764
11	0.09276	0.36811	0.29099	0.00300	0.00043	0.03251	0.00435	0.09037	0.06228	0.01887	0.00026	0.00314	0.00021	0.00892	0.00501	4e-05	0.00419	0.00489	0.00342	0.00624
12	0.00306	0.02238	0.03790	0.76539	0.03698	0.00560	0.03390	0.02347	0.01601	0.01780	0.00027	0.00802	0.00020	0.00332	0.00696	4.7e-05	0.01110	0.00363	6.8e-05	0.00391
13	0.00627	0.00533	0.05054	0.01689	0.02761	0.00666	0.03101	0.02091	0.03095	0.01920	0.01693	0.02968	0.00663	0.00928	0.00866	3e-05	0.00833	0.00011	0.00267	0.70231
14	0.00017	0.00012	0.00016	0.00019	0.00020	0.00012	0.00012	0.00020	0.00026	0.00035	0.00985	0.78227	0.06021	0.11810	0.00024	6.5e-05	8.7e-05	0.02704	0.00012	0.00011
15	0.00030	0.00356	0.01273	0.08502	0.31448	0.00807	0.01910	0.03394	0.16901	0.01203	0.10388	0.01596	0.00902	0.18309	0.01454	6.3e-05	0.00959	0.00534	9.7e-05	0.00017
16	0.00627	0.03754	0.04627	0.12870	0.23242	0.06703	0.03835	0.08015	0.21057	0.01877	0.04977	0.03424	0.00678	0.00868	0.00382	4.5e-05	0.01616	0.00898	0.00527	0.00019
17	0.00337	0.12820	0.16608	0.03373	0.07470	0.00262	0.01266	0.01652	0.01181	0.09802	0.02641	0.16500	0.03859	0.02322	0.00405	0.00241	0.02077	0.00522	9.5e-05	0.16651
18	0.01651	0.05045	0.18015	0.27010	0.16582	0.00712	0.06857	0.07071	0.01199	0.10202	0.00916	0.00302	0.01817	0.00015	0.00395	0.01084	0.00739	0.00013	8.3e-05	0.00366
19	0.00524	0.37849	0.05573	0.00037	0.00526	0.01297	0.26353	0.01245	0.00029	0.02319	0.00023	0.00029	0.00019	0.00015	0.00020	4.3e-05	0.24102	0.00011	6.6e-05	0.00018
20	0.00021	0.00014	0.00018	0.00018	0.00019	0.00014	0.00012	0.00022	0.00022	0.01029	0.02931	0.07071	0.01493	0.46627	0.29113	0.08027	0.00020	0.02960	0.00558	0.00010
21	0.00617	0.02330	0.16308	0.12243	0.12130	0.01799	0.10671	0.02326	0.03031	0.11558	0.10065	0.02849	0.07111	0.01188	0.01246	4.8e-05	0.02181	0.01016	0.00247	0.01078
22	0.03441	0.02707	0.01297	0.38790	0.20083	0.05975	0.03561	0.03872	0.02853	0.07162	0.01594	0.02562	0.01352	0.00458	0.00237	0.01327	0.00716	0.00956	0.00427	0.00630
23	0.00036	0.00026	0.00441	0.00588	0.00029	0.14868	0.00904	0.06427	0.00349	0.20237	0.00986	0.01497	0.00317	0.29282	0.12297	0.05882	0.04068	0.00366	0.01384	0.00015
24	0.00377	0.00642	0.02176	0.06833	0.10471	0.00617	0.04669	0.01228	0.04818	0.09279	0.15546	0.12370	0.27859	0.00027	0.00288	4.7e-05	0.00593	0.01913	0.00273	0.00016

[dist]
# distance from previous block
# <min> <max>
0	2

[block]
# block no. 6 follows, 2494 sequences, length 9
# corresponding to MSA columns:
# 535,538-545
name=unknown_G
#
# <colnr> <probs for GDERKNQSTAVLIFYWHMCP>
#	G	D	E	R	K	N	Q	S	T	A	V	L	I	F	Y	W	H	M	C	P
0	0.80245	0.03292	0.01236	0.01031	0.00805	0.03500	0.00810	0.01456	0.01370	0.00886	0.00022	0.01425	0.00018	0.01280	0.00827	4.6e-05	0.01015	0.00754	8.6e-05	0.00015
1	0.00692	0.02277	0.16239	0.23215	0.14732	0.02530	0.07698	0.04072	0.00724	0.00989	0.00692	0.01568	0.00025	0.08105	0.03811	0.00699	0.09817	0.00657	0.00844	0.00614
2	0.00786	0.04404	0.20426	0.02659	0.10584	0.03249	0.04407	0.02017	0.03607	0.01134	0.02981	0.18906	0.02084	0.01033	0.08355	0.00659	0.01919	0.01122	8.9e-05	0.09661
3	0.00026	0.00016	0.00020	0.00018	0.00023	0.00014	0.00014	0.00032	0.01802	0.14318	0.61077	0.04489	0.14403	0.00028	0.00016	4.5e-05	7.6e-05	0.01953	0.01725	0.00014
4	0.01985	0.04708	0.16347	0.09226	0.23007	0.02747	0.03198	0.03590	0.02777	0.05458	0.04315	0.02352	0.02863	0.03847	0.03045	0.00624	0.07779	0.01153	0.00961	0.00018
5	0.00022	0.00015	0.00018	0.00018	0.00021	0.00013	0.00013	0.00027	0.01336	0.06230	0.47084	0.11955	0.23657	0.03384	0.01339	5.2e-05	8e-05	0.02220	0.02621	0.00013
6	0.02208	0.02782	0.14435	0.11697	0.18147	0.02047	0.04065	0.08550	0.10814	0.02947	0.05325	0.06871	0.02581	0.00821	0.00631	4.7e-05	0.03873	0.00853	0.00633	0.00717
7	0.01115	0.01756	0.00620	0.00893	0.00742	0.00632	0.01155	0.01805	0.21279	0.01797	0.02065	0.53780	0.01313	0.02318	0.01151	5.5e-05	0.01535	0.03172	0.00838	0.02029
8	0.02334	0.03284	0.01995	0.14282	0.10823	0.03377	0.02287	0.08405	0.06452	0.09185	0.03697	0.02314	0.04484	0.03090	0.17956	7.9e-05	0.03401	0.00726	0.00724	0.01178

[dist]
# distance from previous block
# <min> <max>
0	37

[block]
# block no. 7 follows, 2494 sequences, length 10
# corresponding to MSA columns:
# 588,591-596,599-601
name=unknown_H
#
# <colnr> <probs for GDERKNQSTAVLIFYWHMCP>
#	G	D	E	R	K	N	Q	S	T	A	V	L	I	F	Y	W	H	M	C	P
0	0.03046	0.02597	0.06339	0.25229	0.39770	0.01065	0.02713	0.04078	0.04842	0.02824	0.01442	0.01421	0.01341	0.00015	0.00014	4.3e-05	0.00725	0.00890	0.00638	0.01005
1	0.01154	0.02920	0.15227	0.16057	0.23014	0.05182	0.05025	0.03992	0.05205	0.02925	0.07906	0.01582	0.01775	0.01349	0.00702	0.00549	0.01611	0.01576	8.6e-05	0.02243
2	0.00022	0.00016	0.02338	0.00901	0.00849	0.00015	0.01789	0.00024	0.00756	0.02095	0.07194	0.12515	0.06997	0.44534	0.07372	0.09123	0.01335	0.01394	0.00721	0.00011
3	0.00630	0.01153	0.18516	0.11466	0.11114	0.03132	0.10689	0.07292	0.12904	0.01956	0.07592	0.02788	0.05622	0.00940	0.01027	4.7e-05	0.01392	0.00744	0.01020	0.00018
4	0.80816	0.01031	0.01169	0.00019	0.00028	0.00029	0.00016	0.01079	0.00026	0.09172	0.01799	0.00028	0.00020	0.01051	0.01337	0.01298	0.00011	8.8e-05	0.01046	0.00016
5	0.00915	0.02626	0.05324	0.20971	0.08879	0.01413	0.02284	0.00964	0.11856	0.01224	0.14444	0.09036	0.12054	0.01743	0.01742	0.01833	0.01131	0.00972	0.00010	0.00577
6	0.00018	0.00013	0.00017	0.00019	0.00021	0.00012	0.00013	0.01278	0.01300	0.01296	0.07659	0.64435	0.20405	0.01466	0.00018	5.4e-05	8.1e-05	0.01990	0.00013	0.00012
7	0.11323	0.02621	0.04242	0.06821	0.13206	0.02342	0.05291	0.01377	0.08009	0.03398	0.12458	0.16503	0.05880	0.00821	0.01241	4.9e-05	0.02672	0.01178	0.00594	0.00016
8	0.23679	0.06502	0.13225	0.03138	0.04687	0.02216	0.01484	0.15887	0.01949	0.18013	0.01838	0.01572	0.00800	0.00860	0.00577	4.4e-05	0.01170	0.00796	0.00691	0.00911
9	0.00997	0.00019	0.01181	0.07632	0.02263	0.00614	0.00991	0.01372	0.02952	0.13360	0.26283	0.10366	0.08941	0.09493	0.07818	6.8e-05	0.00610	0.01343	0.02291	0.01469

[dist]
# distance from previous block
# <min> <max>
10	112

[block]
# block no. 8 follows, 2494 sequences, length 14
# corresponding to MSA columns:
# 736-749
name=unknown_I
#
# <colnr> <probs for GDERKNQSTAVLIFYWHMCP>
#	G	D	E	R	K	N	Q	S	T	A	V	L	I	F	Y	W	H	M	C	P
0	0.02785	0.03482	0.15070	0.07973	0.08070	0.02793	0.04953	0.09951	0.11908	0.10015	0.08995	0.04989	0.03964	0.00809	0.00583	4.6e-05	0.01166	0.01102	0.00560	0.00828
1	0.01532	0.00015	0.00792	0.00017	0.00020	0.00013	0.00547	0.00022	0.00830	0.00722	0.10086	0.19779	0.41735	0.18580	0.02389	0.00775	0.00664	0.00867	0.00604	0.00011
2	0.01838	0.09169	0.08473	0.04216	0.02194	0.03491	0.01746	0.06197	0.02474	0.11972	0.01408	0.01356	0.00567	0.00014	0.00012	3.3e-05	0.00893	0.01047	0.00535	0.42393
3	0.00612	0.00833	0.00609	0.17557	0.06119	0.00857	0.00928	0.01563	0.00632	0.00720	0.03315	0.18691	0.06102	0.17947	0.13364	0.03074	0.01390	0.04659	0.00633	0.00396
4	0.03349	0.22228	0.12493	0.01767	0.11748	0.07233	0.02636	0.16150	0.03881	0.10767	0.00599	0.01345	0.00614	0.00015	0.00013	3.9e-05	0.02027	0.00011	0.00878	0.02243
5	0.01653	0.19083	0.13871	0.01025	0.10307	0.17454	0.05735	0.04096	0.01818	0.05135	0.02492	0.08534	0.01787	0.00527	0.00418	0.02750	0.00732	0.01407	0.00503	0.00672
6	0.02630	0.00015	0.00017	0.00016	0.00021	0.00013	0.00012	0.00025	0.01685	0.02453	0.27529	0.10869	0.50898	0.00033	0.00016	4.7e-05	7.4e-05	0.02601	0.01142	0.00013
7	0.03280	0.09320	0.05210	0.04646	0.18264	0.01551	0.03981	0.10369	0.04355	0.25246	0.03939	0.03382	0.02762	0.00550	0.00688	4.4e-05	0.00577	0.00616	0.00645	0.00615
8	0.01609	0.04819	0.04278	0.10500	0.38974	0.04467	0.04152	0.06580	0.04661	0.00970	0.00939	0.04063	0.01064	0.02867	0.04834	0.00407	0.01293	0.01478	0.00574	0.01471
9	0.03510	0.00022	0.01538	0.00023	0.00031	0.00644	0.00019	0.01071	0.06039	0.55651	0.18127	0.00682	0.08167	0.01136	0.00015	4.5e-05	0.00888	0.01286	0.01126	0.00020
10	0.00033	0.01147	0.01316	0.35866	0.21034	0.15648	0.04059	0.02345	0.01685	0.00636	0.05372	0.03487	0.01211	0.00017	0.00572	4.5e-05	0.04313	0.00567	0.00672	0.00017
11	0.00020	0.00015	0.01525	0.01196	0.00024	0.00014	0.01554	0.01468	0.03272	0.00768	0.15208	0.60107	0.06136	0.01252	0.03693	0.00519	0.00894	0.01106	0.00492	0.00737
12	0.00662	0.04228	0.07021	0.02303	0.03209	0.00691	0.07263	0.03416	0.03863	0.17923	0.20182	0.05927	0.12262	0.02321	0.02027	0.00594	0.01360	0.01718	0.01915	0.01114
13	0.03686	0.04427	0.02683	0.00021	0.00914	0.01027	0.00471	0.01788	0.01423	0.02643	0.16976	0.15647	0.20524	0.06061	0.02498	5.3e-05	0.03078	0.01280	0.00445	0.14403

[dist]
# distance from previous block
# <min> <max>
0	119

# created by:
# /home/cegg/simao/soft/augustus-3.2.1/scripts/msa2prfl.pl ./align_prep/POG091H029I.fa
