[name]
unknown

[dist]
# distance from previous block
# <min> <max>
0	350

[block]
# block no. 0 follows, 3188 sequences, length 9
# corresponding to MSA columns:
# 1099-1103,1105-1108
name=unknown_A
#
# <colnr> <probs for GDERKNQSTAVLIFYWHMCP>
#	G	D	E	R	K	N	Q	S	T	A	V	L	I	F	Y	W	H	M	C	P
0	0.00890	0.14282	0.25314	0.04851	0.07641	0.00719	0.04251	0.00787	0.08583	0.02343	0.03435	0.07667	0.09445	0.01208	0.02585	0.01506	0.01212	0.03260	7e-05	0.00014
1	0.01067	0.00012	0.00015	0.01872	0.01432	0.00946	0.00979	0.00019	0.00980	0.01234	0.21570	0.45352	0.20054	0.01373	0.00014	4.1e-05	6.6e-05	0.03051	0.00010	9.7e-05
2	0.01783	0.01597	0.01153	0.15269	0.67240	0.01245	0.01415	0.01184	0.00025	0.04158	0.00857	0.00860	0.00815	0.00011	0.00011	3.3e-05	0.01536	0.0001	0.00813	0.00016
3	0.02942	0.01082	0.05697	0.29420	0.25032	0.02332	0.09121	0.06406	0.01537	0.05538	0.02141	0.01988	0.01602	0.00647	0.00012	3.5e-05	0.02089	0.00768	0.00647	0.00996
4	0.00016	0.00012	0.00015	0.00016	0.00938	0.01403	0.00012	0.00969	0.01942	0.01913	0.04274	0.37485	0.14493	0.04934	0.19232	7.1e-05	0.00932	0.10211	0.01186	9.7e-05
5	0.02942	0.02371	0.10432	0.18617	0.14762	0.05789	0.16359	0.05486	0.02017	0.01977	0.00878	0.03761	0.01799	0.01962	0.03039	0.01669	0.03798	0.01711	0.00617	0.00014
6	0.02689	0.03070	0.01251	0.06225	0.37725	0.02741	0.03708	0.02891	0.01415	0.04271	0.01593	0.01649	0.00776	0.00735	0.00708	3e-05	0.01484	9.4e-05	6.5e-05	0.27050
7	0.01756	0.01040	0.02052	0.06653	0.06161	0.01214	0.02462	0.01134	0.08684	0.02821	0.08055	0.12883	0.31318	0.02113	0.05739	0.01519	0.00855	0.02374	0.00571	0.00597
8	0.00023	0.00013	0.00018	0.00016	0.01329	0.00012	0.01243	0.01260	0.01595	0.20034	0.62106	0.04145	0.05845	0.00021	0.00012	3.5e-05	6.5e-05	0.01132	0.01172	0.00012

[dist]
# distance from previous block
# <min> <max>
1	2

[block]
# block no. 1 follows, 3188 sequences, length 15
# corresponding to MSA columns:
# 1133-1147
name=unknown_B
#
# <colnr> <probs for GDERKNQSTAVLIFYWHMCP>
#	G	D	E	R	K	N	Q	S	T	A	V	L	I	F	Y	W	H	M	C	P
0	0.00428	0.02450	0.08570	0.07519	0.30506	0.02123	0.18015	0.01917	0.02213	0.11023	0.01972	0.03390	0.01918	0.00403	0.01463	3.7e-05	0.02742	0.01186	6.9e-05	0.02151
1	0.00015	0.00012	0.00013	0.00012	0.00016	0.00010	9.4e-05	0.00019	0.02584	0.01847	0.29326	0.00095	0.64557	0.00025	0.00013	3.6e-05	5.6e-05	0.01416	0.00011	9.9e-05
2	0.01354	0.04005	0.10293	0.00544	0.07498	0.63110	0.00610	0.01286	0.01045	0.02040	0.00682	0.03488	0.01112	0.00629	0.00441	3.1e-05	0.00539	0.01304	6e-05	0.00013
3	0.02789	0.02518	0.09788	0.02584	0.06086	0.03148	0.02177	0.16882	0.04039	0.43195	0.00892	0.02385	0.00646	0.00750	0.00603	3.5e-05	0.00570	0.00409	0.00010	0.00525
4	0.00016	0.00013	0.02813	0.00918	0.03356	0.00012	0.01094	0.00019	0.00593	0.03195	0.02696	0.56213	0.05932	0.07952	0.06463	0.00629	0.01941	0.05578	0.00559	9.8e-05
5	0.01207	0.02657	0.74016	0.02289	0.00765	0.00514	0.01278	0.02354	0.00504	0.05496	0.00022	0.00931	0.00017	0.02340	0.04415	0.00620	0.00546	8.8e-05	5.5e-05	0.00015
6	0.02520	0.15946	0.19752	0.01333	0.05667	0.01952	0.02060	0.09010	0.02486	0.08049	0.00671	0.00594	0.00510	0.00011	0.00432	2.8e-05	0.01047	0.00540	6.8e-05	0.27410
7	0.01032	0.11820	0.31675	0.02118	0.08363	0.01540	0.11300	0.07457	0.07999	0.06971	0.01088	0.00638	0.00531	0.00388	0.00426	0.04912	0.00771	0.00367	6.6e-05	0.00597
8	0.00017	0.00012	0.00015	0.00016	0.00018	0.00012	0.00012	0.00021	0.02611	0.04480	0.07693	0.11549	0.21085	0.13420	0.12544	0.00691	0.00621	0.24446	0.00729	9.8e-05
9	0.01602	0.01362	0.26547	0.03653	0.14239	0.00612	0.15090	0.09464	0.02251	0.12434	0.04119	0.04151	0.01053	0.00520	0.00012	3.5e-05	0.01122	0.01743	7.4e-05	0.00016
10	0.04194	0.02930	0.06103	0.02567	0.22921	0.05409	0.04180	0.11961	0.01828	0.28819	0.01447	0.02875	0.00869	0.00495	0.00011	3.3e-05	0.00595	0.00457	8.8e-05	0.02330
11	0.00014	0.00011	0.00573	0.00593	0.01775	0.0001	0.00011	0.00540	0.00567	0.00587	0.00966	0.80789	0.02533	0.01496	0.01256	4.6e-05	7.2e-05	0.07642	0.00613	9.3e-05
12	0.00887	0.05179	0.02009	0.00687	0.01167	0.02771	0.01092	0.60379	0.19818	0.02257	0.00649	0.00702	0.00022	0.00013	0.00011	3.3e-05	0.00011	0.00010	0.00010	0.02322
13	0.00538	0.79809	0.01551	0.00570	0.00692	0.09504	0.00504	0.00715	0.00023	0.01210	0.00017	0.00669	0.00577	0.00010	0.00507	2.6e-05	0.01739	6.5e-05	5e-05	0.01352
14	0.01352	0.27581	0.37468	0.00823	0.01630	0.00970	0.01852	0.04933	0.02456	0.13035	0.01439	0.02866	0.01101	0.00416	0.00426	3.2e-05	0.01170	9.1e-05	6.6e-05	0.00463

[dist]
# distance from previous block
# <min> <max>
6	56

[block]
# block no. 2 follows, 3188 sequences, length 6
# corresponding to MSA columns:
# 1234-1238,1240
name=unknown_C
#
# <colnr> <probs for GDERKNQSTAVLIFYWHMCP>
#	G	D	E	R	K	N	Q	S	T	A	V	L	I	F	Y	W	H	M	C	P
0	0.00016	0.00012	0.01300	0.01368	0.00016	0.00011	9.9e-05	0.01312	0.01786	0.01321	0.01358	0.35552	0.02336	0.45875	0.03100	0.01554	0.01439	0.01617	8.1e-05	8.4e-05
1	0.01024	0.00024	0.04310	0.29696	0.40045	0.01990	0.04503	0.01059	0.01077	0.02143	0.02159	0.01155	0.01069	0.01591	0.02138	3.9e-05	0.03661	0.01018	0.01321	0.00014
2	0.02447	0.06673	0.20932	0.04531	0.16448	0.02782	0.17076	0.03749	0.03522	0.10208	0.01464	0.01801	0.01378	0.01413	0.02497	3.9e-05	0.01909	0.01143	6.7e-05	0.00015
3	0.01300	0.03173	0.07754	0.46186	0.12711	0.01462	0.15097	0.01956	0.01322	0.01437	0.00023	0.01687	0.01070	0.00012	0.01217	3.7e-05	0.01250	0.01273	0.01053	0.00014
4	0.01152	0.00013	0.00017	0.00016	0.00019	0.01200	0.01364	0.01240	0.01149	0.11467	0.14132	0.32408	0.19145	0.02163	0.06585	0.01258	0.04396	0.01146	0.01121	0.00011
5	0.01890	0.07585	0.23623	0.03179	0.07459	0.06080	0.09853	0.05276	0.02980	0.22701	0.01436	0.02214	0.01239	0.01062	0.00012	3.5e-05	0.01283	0.02103	7.8e-05	0.00016

[dist]
# distance from previous block
# <min> <max>
3	47

[block]
# block no. 3 follows, 3188 sequences, length 19
# corresponding to MSA columns:
# 1304-1322
name=unknown_D
#
# <colnr> <probs for GDERKNQSTAVLIFYWHMCP>
#	G	D	E	R	K	N	Q	S	T	A	V	L	I	F	Y	W	H	M	C	P
0	0.00015	0.00397	0.01651	0.00408	0.00644	0.00010	0.00491	0.01148	0.01597	0.00426	0.04065	0.81294	0.05135	0.00438	0.00014	4.3e-05	6.7e-05	0.01370	0.0001	0.00877
1	0.00868	0.63050	0.14390	0.00482	0.00569	0.11334	0.00768	0.01039	0.01041	0.00428	0.00707	0.02566	0.00814	0.00579	8.8e-05	0.00354	0.00330	0.00654	5.2e-05	0.00014
2	0.02020	0.34751	0.30140	0.00796	0.06274	0.04655	0.04297	0.08615	0.00737	0.04442	0.00441	0.00577	0.00468	0.00011	9.6e-05	3e-05	0.00994	0.00748	5.9e-05	0.00015
3	0.00015	0.00012	0.01284	0.00015	0.00556	0.00011	0.00011	0.00941	0.00523	0.00835	0.18095	0.40592	0.31706	0.00849	0.00014	4e-05	0.02230	0.02289	0.00010	9.6e-05
4	0.00014	0.00011	0.00899	0.00680	0.00520	0.00010	0.00945	0.00017	0.00534	0.00537	0.01957	0.80188	0.03005	0.00673	0.00461	4.5e-05	0.00716	0.08807	9.9e-05	9.3e-05
5	0.00023	0.00818	0.03338	0.00017	0.00344	0.02290	0.00332	0.00690	0.01666	0.03623	0.07624	0.01977	0.02374	0.00705	0.01944	2.5e-05	0.00505	0.00366	0.00415	0.70948
6	0.00022	0.06590	0.70237	0.02773	0.01765	0.00486	0.02625	0.00382	0.02438	0.00497	0.05251	0.01271	0.00522	0.00012	0.00011	0.00396	0.00686	0.00768	5.5e-05	0.03263
7	0.00925	0.00018	0.00024	0.00019	0.00026	0.00016	0.00015	0.04048	0.01772	0.79294	0.11349	0.00043	0.00730	0.00015	0.00011	3.4e-05	8.8e-05	0.00854	0.00811	0.00017
8	0.00016	0.00011	0.00012	0.00012	0.00012	0.00011	7e-05	0.00016	0.00016	0.00021	0.00035	0.02122	0.00040	0.93318	0.04301	0.00011	0.00011	0.00016	6.6e-05	6.8e-05
9	0.02376	0.00020	0.00025	0.00020	0.00028	0.00942	0.00016	0.05887	0.01623	0.87622	0.00041	0.00036	0.00026	0.00013	0.00011	3.3e-05	9.4e-05	0.00011	0.01273	0.00018
10	0.00019	0.00014	0.00016	0.00015	0.00019	0.01214	0.00012	0.00556	0.17603	0.04835	0.38814	0.11571	0.21723	0.00023	0.00013	3.7e-05	0.00554	0.02256	0.00728	0.00012
11	0.00776	0.00022	0.00025	0.00023	0.00028	0.00020	0.00017	0.02604	0.05733	0.11036	0.59460	0.01158	0.03651	0.00028	0.00017	5.5e-05	0.00010	0.06459	0.08910	0.00018
12	0.00033	0.00029	0.00043	0.76689	0.19087	0.00031	0.00035	0.00038	0.00030	0.00041	0.01163	0.00045	0.00027	0.00018	0.00016	5.6e-05	0.01521	0.00014	0.01117	0.00019
13	0.00035	0.07746	0.83063	0.00038	0.00053	0.00820	0.00857	0.01555	0.00031	0.03077	0.00031	0.00038	0.00025	0.00018	0.00016	5.4e-05	0.02549	0.00012	8.8e-05	0.00022
14	0.05030	0.00020	0.00957	0.00020	0.00027	0.00019	0.00016	0.03638	0.21484	0.59989	0.05272	0.00042	0.00032	0.00015	0.00011	3.5e-05	9e-05	0.03387	0.00012	0.00017
15	0.09480	0.00669	0.00027	0.00021	0.00029	0.00023	0.00017	0.36178	0.00906	0.47913	0.00658	0.00033	0.00764	0.00013	0.00010	3.3e-05	0.00010	0.00602	0.02626	0.00017
16	0.00994	0.02757	0.01806	0.31716	0.40432	0.00446	0.00829	0.01322	0.00995	0.00700	0.04977	0.01775	0.01305	0.00578	0.01843	0.05361	0.01542	0.00316	0.00291	0.00014
17	0.00020	0.00019	0.00032	0.95153	0.00072	0.00024	0.00029	0.00027	0.00021	0.00028	0.00020	0.00030	0.00015	0.02541	0.00012	3.8e-05	0.01924	9.8e-05	4.9e-05	0.00012
18	0.00020	0.00014	0.00384	0.02113	0.02805	0.00590	0.01072	0.01956	0.12515	0.05904	0.43434	0.04146	0.06291	0.15775	0.01421	0.01123	8e-05	0.00407	0.00010	0.00011

[dist]
# distance from previous block
# <min> <max>
3	59

[block]
# block no. 4 follows, 3188 sequences, length 15
# corresponding to MSA columns:
# 1385-1399
name=unknown_E
#
# <colnr> <probs for GDERKNQSTAVLIFYWHMCP>
#	G	D	E	R	K	N	Q	S	T	A	V	L	I	F	Y	W	H	M	C	P
0	0.00021	0.00019	0.01339	0.65693	0.07931	0.00518	0.00934	0.00764	0.01138	0.00551	0.05459	0.00449	0.03770	0.03966	0.05675	0.00447	0.00486	0.00412	0.00417	0.00012
1	0.00025	0.00022	0.00030	0.00025	0.00028	0.00026	0.03146	0.00029	0.00020	0.08188	0.00020	0.01096	0.00909	0.00798	0.00775	4e-05	0.60501	0.01030	6.1e-05	0.23322
2	0.00016	0.00011	0.00015	0.00015	0.00016	0.00012	0.00010	0.00018	0.00017	0.00023	0.00032	0.00058	0.00034	0.53574	0.43772	0.00013	0.02338	0.00014	6.2e-05	8.1e-05
3	0.00687	0.71557	0.00649	0.09235	0.05226	0.00487	0.00503	0.00463	0.00454	0.00027	0.00507	0.00770	0.00463	0.00561	0.00589	2.8e-05	0.04474	7.1e-05	5e-05	0.03334
4	0.00017	0.00013	0.02455	0.00015	0.00018	0.00012	0.00012	0.01003	0.05135	0.01755	0.87162	0.00076	0.00094	0.00021	0.00013	3.4e-05	5.8e-05	0.01088	0.01091	0.00011
5	0.00026	0.00029	0.00064	0.00046	0.00057	0.00028	0.99510	0.00035	0.00026	0.00035	0.00022	0.00029	0.00017	9.2e-05	0.00013	3.7e-05	0.00018	0.00013	5.5e-05	0.00015
6	0.00014	0.00010	0.00013	0.00015	0.00016	9.3e-05	0.00010	0.00016	0.00023	0.00030	0.07578	0.65024	0.18112	0.01621	0.00014	4.3e-05	6.4e-05	0.07464	0.00010	9.1e-05
7	0.00015	0.00012	0.00015	0.00016	0.00912	0.00011	0.01703	0.00019	0.00972	0.00812	0.04109	0.14219	0.42895	0.03238	0.00727	4.5e-05	7.7e-05	0.30293	9.9e-05	9.7e-05
8	0.94260	0.00021	0.00017	0.00015	0.00022	0.00024	0.00012	0.02450	0.00020	0.03058	0.00016	0.00018	0.00012	0.00010	7e-05	3.4e-05	8.5e-05	6.1e-05	7e-05	0.00012
9	0.85150	0.00021	0.00018	0.00015	0.00022	0.00024	0.00013	0.04698	0.00021	0.09908	0.00018	0.00020	0.00014	0.00011	7.3e-05	3.4e-05	8.7e-05	6.6e-05	7.6e-05	0.00013
10	0.00618	0.00013	0.00016	0.00016	0.00658	0.00012	0.00819	0.00582	0.02160	0.11693	0.07945	0.09328	0.37846	0.01247	0.01100	4.2e-05	7.7e-05	0.25356	0.00570	0.00011
11	0.00025	0.00014	0.00018	0.00015	0.00020	0.00940	0.00012	0.02095	0.02988	0.25208	0.50210	0.01081	0.09520	0.05746	0.00015	3.9e-05	7e-05	0.01147	0.00924	0.00012
12	0.00014	9.9e-05	0.00014	0.00016	0.00017	9.3e-05	0.01677	0.00016	0.00021	0.00028	0.00062	0.90895	0.04530	0.00033	0.00014	4.4e-05	6.6e-05	0.02616	0.00010	9e-05
13	0.00025	0.01073	0.00033	0.00028	0.00029	0.07829	0.00862	0.00671	0.01078	0.00731	0.00016	0.00656	0.00015	0.01208	0.00747	4.7e-05	0.84348	9.6e-05	0.00626	0.00012
14	0.03464	0.09046	0.19653	0.04248	0.06588	0.05521	0.26379	0.06997	0.01087	0.01317	0.00426	0.04150	0.00020	0.03722	0.02079	0.01384	0.02347	0.01553	6.1e-05	0.00014

[dist]
# distance from previous block
# <min> <max>
0	20

[block]
# block no. 5 follows, 3188 sequences, length 27
# corresponding to MSA columns:
# 1420-1446
name=unknown_F
#
# <colnr> <probs for GDERKNQSTAVLIFYWHMCP>
#	G	D	E	R	K	N	Q	S	T	A	V	L	I	F	Y	W	H	M	C	P
0	0.86540	0.00021	0.00018	0.05910	0.00025	0.01803	0.00581	0.00728	0.00019	0.01030	0.00016	0.00019	0.00013	0.00010	7.3e-05	3.4e-05	0.00526	6.4e-05	0.02712	0.00012
1	0.02294	0.04244	0.01815	0.18990	0.30002	0.21929	0.05210	0.00771	0.00886	0.00875	0.00022	0.00389	0.00442	0.00234	0.01654	0.00252	0.01061	0.02611	0.06305	0.00014
2	0.00013	0.00011	0.00011	0.00011	0.00015	9.3e-05	8.5e-05	0.00016	0.00025	0.00031	0.10944	0.01597	0.87215	0.00027	0.00013	3.7e-05	5.5e-05	0.00023	0.00010	9.3e-05
3	0.01176	0.00019	0.00025	0.00019	0.00028	0.00017	0.00016	0.07402	0.02472	0.81282	0.01069	0.00728	0.01911	0.00014	0.00011	3.4e-05	9.3e-05	0.01474	0.00013	0.02311
4	0.00022	0.00056	0.99561	0.00031	0.00047	0.00025	0.00040	0.00034	0.00023	0.00034	0.00020	0.00023	0.00014	0.00010	0.00010	3.4e-05	0.00016	8e-05	4.6e-05	0.00016
5	0.00018	0.00013	0.00018	0.00020	0.00023	0.00013	0.01221	0.00023	0.00025	0.00032	0.00058	0.01219	0.01022	0.00030	0.00015	5e-05	0.00010	0.96217	0.0001	0.00010
6	0.00700	0.00023	0.00038	0.34836	0.52009	0.00024	0.01852	0.00937	0.00024	0.06462	0.00022	0.00330	0.00017	0.00347	0.00311	3.5e-05	0.00544	0.00753	0.00304	0.00463
7	0.00027	0.00023	0.00025	0.00022	0.00028	0.00027	0.00017	0.00058	0.99530	0.00045	0.00044	0.00041	0.00033	0.00015	0.00011	3.7e-05	8.6e-05	0.00012	0.00011	0.00017
8	0.99695	0.00021	0.00016	0.00014	0.00021	0.00024	0.00012	0.00032	0.00019	0.00049	0.00015	0.00018	0.00012	0.00010	6.7e-05	3.4e-05	8.4e-05	5.9e-05	6.7e-05	0.00012
9	0.00022	0.00056	0.99561	0.00031	0.00047	0.00025	0.00040	0.00034	0.00023	0.00034	0.00020	0.00023	0.00014	0.00010	0.00010	3.4e-05	0.00016	8e-05	4.6e-05	0.00016
10	0.99695	0.00021	0.00016	0.00014	0.00021	0.00024	0.00012	0.00032	0.00019	0.00049	0.00015	0.00018	0.00012	0.00010	6.7e-05	3.4e-05	8.4e-05	5.9e-05	6.7e-05	0.00012
11	0.00027	0.00026	0.00044	0.00067	0.99550	0.00026	0.00033	0.00033	0.00025	0.00036	0.00020	0.00027	0.00017	9.7e-05	0.00011	3.2e-05	0.00013	9.7e-05	5.4e-05	0.00017
12	0.00027	0.00023	0.00025	0.00022	0.00028	0.00027	0.00017	0.00057	0.97669	0.00045	0.00044	0.00040	0.00033	0.00015	0.00011	3.7e-05	8.6e-05	0.00012	0.00011	0.01881
13	0.00013	9.7e-05	0.00013	0.00015	0.00016	9.1e-05	0.00941	0.00015	0.00021	0.00028	0.00704	0.95150	0.00993	0.01329	0.00014	4.5e-05	6.5e-05	0.00698	0.00010	8.9e-05
14	0.00506	0.00016	0.00018	0.00017	0.00021	0.00016	0.00013	0.02963	0.30246	0.01244	0.56774	0.00069	0.01123	0.00020	0.00012	3.6e-05	6.8e-05	0.06317	0.00601	0.00013
15	0.08164	0.00021	0.00779	0.00020	0.00028	0.00019	0.00672	0.15182	0.01081	0.69706	0.00038	0.00034	0.00593	0.00013	0.00010	3.3e-05	9.5e-05	0.00010	0.03600	0.00018
16	0.00026	0.00021	0.00023	0.00021	0.00026	0.00024	0.00016	0.02629	0.78024	0.01755	0.10072	0.03232	0.00800	0.00016	0.00011	3.6e-05	8.2e-05	0.00013	0.01493	0.01786
17	0.00336	0.00011	0.00015	0.00016	0.00018	0.00010	0.01479	0.00961	0.00935	0.06254	0.00530	0.74091	0.01325	0.02220	0.00014	4.4e-05	7.2e-05	0.09696	0.01114	0.00963
18	0.00914	0.00019	0.00023	0.00017	0.00026	0.00015	0.00014	0.02116	0.00782	0.28952	0.00571	0.00027	0.00020	9.9e-05	9e-05	2.2e-05	8.5e-05	8e-05	0.00698	0.65768
19	0.01186	0.00016	0.00020	0.00017	0.00023	0.00015	0.00014	0.06956	0.03521	0.42060	0.34640	0.02907	0.02894	0.00018	0.00012	3.4e-05	7.6e-05	0.00840	0.04837	0.00014
20	0.00017	0.00012	0.00017	0.00017	0.00019	0.00013	0.00013	0.00690	0.00537	0.02701	0.02328	0.00046	0.01942	0.06240	0.84619	0.00016	0.00026	0.00012	0.00724	9.9e-05
21	0.00014	9.8e-05	0.00013	0.00015	0.00016	9.2e-05	0.00010	0.00716	0.00700	0.00962	0.01424	0.94310	0.00735	0.00991	0.00014	4.4e-05	6.4e-05	0.00030	0.00010	9.1e-05
22	0.00363	0.00347	0.00678	0.01691	0.00989	0.91974	0.00417	0.00439	0.00789	0.00027	0.00422	0.00021	0.00698	0.00012	0.00010	2.9e-05	0.00546	0.00555	5.7e-05	0.00013
23	0.06535	0.00019	0.00025	0.00019	0.00028	0.00018	0.00016	0.06094	0.01025	0.86042	0.00040	0.00035	0.00025	0.00013	0.00011	3.4e-05	9.4e-05	0.00011	0.00013	0.00018
24	0.00013	9.7e-05	0.00013	0.00015	0.00016	9.1e-05	0.00010	0.00016	0.00021	0.00028	0.01521	0.86594	0.06949	0.00034	0.01274	4.5e-05	6.7e-05	0.03446	0.00010	8.9e-05
25	0.01377	0.01055	0.14586	0.00423	0.02554	0.00790	0.00494	0.26930	0.31513	0.11196	0.00494	0.01861	0.00325	0.00013	0.00011	3.4e-05	0.00011	0.00372	0.00445	0.05548
26	0.88357	0.01830	0.01979	0.00658	0.00637	0.00723	0.00511	0.01247	0.00019	0.02138	0.00016	0.00019	0.00012	0.00010	7.5e-05	3.4e-05	0.01453	6.2e-05	0.00361	0.00012

[dist]
# distance from previous block
# <min> <max>
1	3

[block]
# block no. 6 follows, 3188 sequences, length 16
# corresponding to MSA columns:
# 1450-1465
name=unknown_G
#
# <colnr> <probs for GDERKNQSTAVLIFYWHMCP>
#	G	D	E	R	K	N	Q	S	T	A	V	L	I	F	Y	W	H	M	C	P
0	0.00954	0.00011	0.00015	0.00014	0.00017	0.00011	0.00010	0.00022	0.00994	0.02217	0.90397	0.00079	0.01043	0.00022	0.00013	3.4e-05	5.3e-05	0.00933	0.03231	0.00011
1	0.00023	0.00023	0.00032	0.00028	0.00028	0.00734	0.01269	0.00026	0.00017	0.00026	0.00017	0.00810	0.00961	0.01132	0.01919	5e-05	0.91494	0.00712	0.00731	0.00012
2	0.00015	0.00011	0.00014	0.00013	0.00016	9.9e-05	9.9e-05	0.00019	0.00028	0.01303	0.57497	0.13846	0.25567	0.00025	0.00013	3.6e-05	5.5e-05	0.01583	0.00011	9.9e-05
3	0.00016	0.00011	0.00014	0.00013	0.00016	0.00010	0.00010	0.00021	0.00030	0.03285	0.81050	0.00083	0.15352	0.00023	0.00013	3.5e-05	5.3e-05	0.00020	0.00012	0.00010
4	0.00028	0.00024	0.00025	0.00022	0.00028	0.00027	0.00017	0.03310	0.96277	0.00046	0.00044	0.00040	0.00033	0.00015	0.00011	3.7e-05	8.7e-05	0.00012	0.00011	0.00017
5	0.00016	0.00012	0.00015	0.00014	0.00017	0.00011	0.00011	0.00022	0.02192	0.00951	0.88095	0.00079	0.04119	0.00022	0.00013	3.4e-05	0.01759	0.01078	0.00012	0.01559
6	0.00041	0.00051	0.00031	0.00028	0.00034	0.96009	0.00021	0.03606	0.00032	0.00028	0.00017	0.00020	0.00014	0.00011	9.8e-05	2.8e-05	0.00019	7.1e-05	5.8e-05	0.00013
7	0.01608	0.83221	0.12279	0.00020	0.00030	0.02633	0.00021	0.00033	0.00022	0.00027	0.00016	0.00018	0.00014	9.5e-05	7.5e-05	2.5e-05	0.00012	6.1e-05	4.7e-05	0.00014
8	0.00016	0.00012	0.00017	0.00017	0.00019	0.00013	0.00013	0.00019	0.00017	0.00025	0.00029	0.00044	0.00028	0.03585	0.96072	0.00017	0.00028	0.00012	5.9e-05	9.6e-05
9	0.00013	9.5e-05	0.00013	0.00015	0.00016	8.8e-05	0.00010	0.00015	0.00021	0.00028	0.00060	0.99611	0.00072	0.00034	0.00014	4.4e-05	6.3e-05	0.00031	0.00010	8.8e-05
10	0.00046	0.00019	0.00025	0.00020	0.00028	0.00017	0.00016	0.08000	0.01724	0.84011	0.04690	0.00038	0.00030	0.00014	0.00011	3.3e-05	9.3e-05	0.00011	0.00013	0.01275
11	0.01805	0.00668	0.07312	0.20351	0.34455	0.01590	0.08802	0.11683	0.06788	0.01375	0.00023	0.00489	0.00556	0.00441	0.00012	3.5e-05	0.03188	0.00010	0.00433	0.00016
12	0.00020	0.00018	0.00030	0.82372	0.00065	0.00022	0.00027	0.01016	0.01170	0.00029	0.04838	0.00034	0.00925	0.01029	0.08358	4.8e-05	0.00015	0.00011	5.5e-05	0.00012
13	0.04172	0.81141	0.01315	0.00022	0.00031	0.00040	0.11762	0.00033	0.00022	0.00028	0.00016	0.00019	0.00014	9.5e-05	8.1e-05	2.6e-05	0.01340	6.7e-05	4.8e-05	0.00014
14	0.02143	0.00022	0.01252	0.02941	0.01133	0.00022	0.00612	0.30575	0.01217	0.52438	0.00652	0.01084	0.00025	0.00014	0.00011	3.4e-05	0.00010	0.01804	0.04024	0.00017
15	0.05012	0.06972	0.56127	0.00738	0.03674	0.06086	0.04991	0.01436	0.05204	0.05596	0.00463	0.01484	0.00632	0.00012	0.00535	3.4e-05	0.00510	0.00505	5.9e-05	0.00015

[dist]
# distance from previous block
# <min> <max>
0	1

[block]
# block no. 7 follows, 3188 sequences, length 17
# corresponding to MSA columns:
# 1467,1469-1484
name=unknown_H
#
# <colnr> <probs for GDERKNQSTAVLIFYWHMCP>
#	G	D	E	R	K	N	Q	S	T	A	V	L	I	F	Y	W	H	M	C	P
0	0.00636	0.00872	0.11868	0.00019	0.00692	0.05470	0.04525	0.00786	0.06155	0.00817	0.00457	0.05970	0.03869	0.00587	0.00875	0.54541	0.00388	0.01459	6e-05	8.7e-05
1	0.00020	0.00017	0.00019	0.00021	0.01427	0.09798	0.00018	0.01753	0.01067	0.00728	0.01766	0.02309	0.01087	0.00028	0.00849	4.8e-05	0.00011	0.79057	9.6e-05	0.00011
2	0.55806	0.00613	0.02980	0.15098	0.04839	0.01474	0.01896	0.06370	0.01511	0.08584	0.00020	0.00024	0.00015	0.00011	8.6e-05	3.4e-05	0.00010	0.00716	7.2e-05	0.00013
3	0.00527	0.00623	0.04871	0.22433	0.13647	0.00533	0.09032	0.00896	0.00897	0.01546	0.01186	0.01588	0.00465	0.00010	0.00010	2.7e-05	0.00534	0.00392	6.1e-05	0.40800
4	0.00014	0.00010	0.00013	0.00014	0.00016	9.5e-05	9.9e-05	0.00017	0.00025	0.00887	0.31114	0.44640	0.20130	0.01087	0.00014	4e-05	5.9e-05	0.01121	0.00860	9.4e-05
5	0.00017	0.00013	0.00019	0.00018	0.00019	0.00016	0.01000	0.00020	0.00017	0.00025	0.00029	0.01743	0.00030	0.25207	0.56821	0.00013	0.13642	0.01337	6e-05	9.3e-05
6	0.03634	0.05530	0.26541	0.21145	0.04569	0.14910	0.04413	0.05200	0.02117	0.04908	0.00563	0.00540	0.00017	0.00012	0.00011	3.4e-05	0.03637	0.02229	6e-05	0.00014
7	0.00548	0.00012	0.00454	0.00014	0.00557	0.00012	0.01084	0.02142	0.01064	0.05333	0.00481	0.01134	0.00037	0.76001	0.04397	0.04789	0.00515	0.01412	7e-05	8e-05
8	0.00015	0.00011	0.00015	0.00017	0.00017	0.01432	0.00012	0.00017	0.00021	0.00028	0.00942	0.82613	0.00065	0.01003	0.00016	4.5e-05	0.08880	0.03810	0.01072	9.2e-05
9	0.91574	0.01601	0.00914	0.00730	0.00964	0.01531	0.00718	0.00753	0.00019	0.00047	0.00016	0.00019	0.00012	0.01058	7.5e-05	3.4e-05	8.9e-05	6.2e-05	6.7e-05	0.00012
10	0.00014	0.00010	0.00014	0.00016	0.00017	0.0001	0.00773	0.00017	0.00884	0.00029	0.04767	0.67660	0.03404	0.02717	0.02785	4.9e-05	7.7e-05	0.15912	0.00947	9.2e-05
11	0.00587	0.01724	0.03763	0.03422	0.03440	0.01780	0.01722	0.43393	0.38714	0.00707	0.00032	0.00032	0.00024	0.00013	0.00011	3.4e-05	0.00011	0.00593	0.00010	0.00017
12	0.00532	0.00014	0.00017	0.01459	0.00019	0.00510	0.00012	0.02306	0.14195	0.00684	0.71679	0.00073	0.05206	0.00587	0.00625	0.00619	6.3e-05	0.00018	0.01428	0.00011
13	0.78922	0.10156	0.01215	0.00016	0.01466	0.00917	0.00014	0.02591	0.00021	0.04579	0.00017	0.00019	0.00013	0.00010	7.2e-05	3.3e-05	9.1e-05	6.3e-05	6.9e-05	0.00013
14	0.00018	0.00012	0.00014	0.00468	0.00668	0.00436	0.00010	0.01159	0.06276	0.02345	0.39049	0.11759	0.10612	0.02892	0.01448	3.8e-05	6.4e-05	0.00449	0.21778	0.00595
15	0.00020	0.00020	0.00016	0.00015	0.00019	0.20080	0.00011	0.01025	0.00027	0.01641	0.11982	0.02801	0.62257	0.00023	0.00012	3.5e-05	8.5e-05	0.00019	9.5e-05	0.00010
16	0.01869	0.11375	0.00811	0.00554	0.01420	0.01998	0.07652	0.01197	0.08278	0.01051	0.17936	0.29179	0.06572	0.00562	0.06354	0.01509	0.00530	0.01134	8.9e-05	0.00011

[dist]
# distance from previous block
# <min> <max>
5	55

[block]
# block no. 8 follows, 3188 sequences, length 29
# corresponding to MSA columns:
# 1543-1570,1572
name=unknown_I
#
# <colnr> <probs for GDERKNQSTAVLIFYWHMCP>
#	G	D	E	R	K	N	Q	S	T	A	V	L	I	F	Y	W	H	M	C	P
0	0.02003	0.17443	0.28050	0.01445	0.01753	0.01855	0.06112	0.05328	0.01470	0.13555	0.02466	0.02140	0.01724	0.01153	0.01718	0.00186	0.02826	0.01606	0.01641	0.05526
1	0.01613	0.07194	0.51030	0.01083	0.01502	0.00300	0.14614	0.02110	0.01966	0.11721	0.01991	0.01685	0.00956	0.00012	0.00279	3.5e-05	0.00363	0.01336	6.4e-05	0.00234
2	0.00023	0.00022	0.00037	0.56607	0.40909	0.00025	0.00031	0.00030	0.00023	0.00031	0.00020	0.00028	0.00016	0.00011	0.00011	3.5e-05	0.01264	9.7e-05	0.00885	0.00014
3	0.00264	0.00257	0.00334	0.46642	0.28672	0.00275	0.12213	0.00492	0.00023	0.01749	0.00463	0.03830	0.02560	0.00304	0.00367	3.6e-05	0.01110	0.00418	5.7e-05	0.00014
4	0.00396	0.02596	0.27931	0.02526	0.14625	0.02351	0.06349	0.02607	0.00903	0.31168	0.01736	0.00995	0.01804	0.00329	0.00222	3.4e-05	0.00467	0.00406	0.00239	0.02348
5	0.00318	0.00021	0.01282	0.00022	0.00578	0.03627	0.08944	0.01696	0.00413	0.77036	0.01106	0.00313	0.03039	0.00014	0.00011	3.4e-05	0.00306	0.01241	0.00012	0.00017
6	0.00016	0.00012	0.00017	0.00017	0.00019	0.00014	0.00013	0.00019	0.00017	0.00025	0.00029	0.00044	0.00028	0.02853	0.96804	0.00017	0.00029	0.00012	5.8e-05	9.6e-05
7	0.03868	0.03080	0.05018	0.06327	0.05191	0.17006	0.09553	0.05644	0.00439	0.33617	0.00256	0.05188	0.00268	0.00253	0.00230	0.00202	0.01034	0.02610	0.00200	0.00015
8	0.00037	0.00018	0.01199	0.01084	0.04335	0.00402	0.00428	0.08845	0.00367	0.51428	0.00037	0.00037	0.00026	0.00337	0.00010	3.1e-05	0.00493	0.00492	0.30406	0.00016
9	0.00536	0.95112	0.00643	0.00019	0.00028	0.00875	0.00019	0.00600	0.00022	0.01408	0.00016	0.00018	0.00014	9.5e-05	7.3e-05	2.4e-05	0.00646	6e-05	4.8e-05	0.00014
10	0.00013	0.00011	0.00011	0.00011	0.00015	9.3e-05	8.5e-05	0.00016	0.00025	0.00031	0.12481	0.01342	0.85933	0.00027	0.00013	3.7e-05	5.5e-05	0.00023	0.00010	9.3e-05
11	0.00026	0.00022	0.00024	0.00021	0.00027	0.00025	0.00017	0.00840	0.87894	0.00736	0.06156	0.01616	0.01045	0.00016	0.00011	3.7e-05	8.4e-05	0.01044	0.00452	0.00016
12	0.00016	0.00012	0.00017	0.00017	0.00019	0.00014	0.00013	0.00019	0.00017	0.00025	0.00029	0.00044	0.00028	0.04750	0.92821	0.00930	0.01201	0.00012	5.8e-05	9.5e-05
13	0.73810	0.00021	0.00018	0.00016	0.00023	0.00415	0.00013	0.09762	0.03137	0.07149	0.03369	0.00024	0.01229	0.00011	7.9e-05	3.4e-05	8.7e-05	0.00399	0.00568	0.00013
14	0.00027	0.00023	0.00025	0.00022	0.00028	0.00026	0.00958	0.00774	0.94021	0.00045	0.01958	0.00042	0.01972	0.00015	0.00011	3.7e-05	8.6e-05	0.00013	0.00011	0.00017
15	0.03693	0.00050	0.00030	0.00027	0.00033	0.93630	0.00021	0.01368	0.00031	0.00997	0.00017	0.00020	0.00014	0.00011	9.7e-05	2.8e-05	0.00019	7e-05	5.8e-05	0.00013
16	0.00576	0.00046	0.00030	0.00027	0.00033	0.76340	0.00021	0.15717	0.02976	0.01803	0.00020	0.00022	0.00016	0.00949	0.00408	0.00405	0.00582	7.8e-05	6.7e-05	0.00014
17	0.00023	0.01687	0.94225	0.00031	0.00046	0.01304	0.01308	0.00035	0.00023	0.01193	0.00020	0.00023	0.00014	0.00010	0.00010	3.4e-05	0.00016	8.1e-05	4.7e-05	0.00016
18	0.00015	0.00549	0.00013	0.00013	0.00014	0.00011	8.3e-05	0.00016	0.00018	0.00024	0.01493	0.21282	0.04851	0.61546	0.09430	9.4e-05	0.00011	0.00682	7.5e-05	7.6e-05
19	0.96580	0.00021	0.00016	0.00014	0.00021	0.00024	0.00012	0.00032	0.00019	0.01341	0.00928	0.00019	0.00013	0.00010	6.8e-05	3.4e-05	8.4e-05	6.1e-05	0.00913	0.00012
20	0.00016	0.00011	0.00012	0.00012	0.00012	0.00011	6.6e-05	0.00016	0.00016	0.00021	0.00034	0.00071	0.00040	0.99618	0.00055	0.00011	0.00011	0.00016	6.6e-05	6.6e-05
21	0.00029	0.99624	0.00057	0.00019	0.00028	0.00043	0.00019	0.00033	0.00022	0.00026	0.00015	0.00017	0.00014	9.3e-05	7e-05	2.3e-05	0.00012	5.8e-05	4.7e-05	0.00014
22	0.00016	0.00012	0.00017	0.00017	0.00019	0.00014	0.00013	0.00019	0.00017	0.00025	0.00029	0.00043	0.00027	0.02163	0.97494	0.00017	0.00029	0.00012	5.8e-05	9.6e-05
23	0.00013	9.7e-05	0.00013	0.02600	0.00017	9.2e-05	0.00011	0.00015	0.00021	0.00028	0.00059	0.97025	0.00070	0.00033	0.00014	4.4e-05	6.5e-05	0.00030	0.0001	8.9e-05
24	0.00021	0.00020	0.00033	0.95139	0.00975	0.00024	0.00030	0.02611	0.00022	0.00029	0.00020	0.00029	0.00015	0.00011	0.00011	0.00970	0.00014	9.7e-05	5e-05	0.00012
25	0.00029	0.96238	0.00056	0.00019	0.00028	0.01673	0.00019	0.00904	0.00905	0.00026	0.00016	0.00018	0.00014	9.4e-05	7.1e-05	2.4e-05	0.00012	5.9e-05	4.8e-05	0.00014
26	0.00040	0.00051	0.00031	0.00028	0.00033	0.96463	0.00021	0.00043	0.00030	0.00027	0.00017	0.00020	0.00014	0.00011	0.00011	2.9e-05	0.03132	7.1e-05	5.6e-05	0.00013
27	0.00017	0.00012	0.00017	0.00020	0.00022	0.00012	0.00017	0.00022	0.01406	0.00032	0.00058	0.07355	0.01019	0.00030	0.00015	4.9e-05	9.7e-05	0.89909	0.00010	0.00010
28	0.00032	0.00018	0.00992	0.01516	0.16001	0.00349	0.01662	0.01466	0.01092	0.41302	0.33354	0.00050	0.01028	0.00016	0.00012	3.4e-05	8.7e-05	0.00014	0.01069	0.00015

[dist]
# distance from previous block
# <min> <max>
10	30

[block]
# block no. 9 follows, 3188 sequences, length 26
# corresponding to MSA columns:
# 1642-1667
name=unknown_J
#
# <colnr> <probs for GDERKNQSTAVLIFYWHMCP>
#	G	D	E	R	K	N	Q	S	T	A	V	L	I	F	Y	W	H	M	C	P
0	0.00018	0.00015	0.00020	0.01437	0.00021	0.00382	0.00535	0.00384	0.00019	0.00027	0.00040	0.46718	0.00046	0.11825	0.02581	5.5e-05	0.32056	0.02358	0.00400	0.01112
1	0.00617	0.00736	0.00294	0.00623	0.00391	0.47228	0.01603	0.02602	0.00578	0.03499	0.01176	0.00027	0.00348	0.03902	0.06744	4.7e-05	0.27701	9e-05	0.01565	0.00353
2	0.00016	0.00011	0.00015	0.00015	0.00016	0.00012	0.00011	0.00018	0.00017	0.00024	0.01281	0.00056	0.00034	0.44107	0.52389	0.00014	0.01074	0.00875	6.3e-05	8.4e-05
3	0.00869	0.00018	0.00023	0.00018	0.00026	0.00016	0.00015	0.01520	0.01766	0.80154	0.04673	0.00040	0.00632	0.00014	0.00011	3.3e-05	8.6e-05	0.00011	0.10166	0.00017
4	0.00013	0.00011	0.00012	0.00012	0.00015	9.3e-05	8.9e-05	0.00016	0.00025	0.00031	0.10916	0.13770	0.72796	0.00028	0.00013	3.8e-05	5.6e-05	0.01480	0.00825	9.3e-05
5	0.00015	0.00011	0.00013	0.00013	0.00016	9.9e-05	9.7e-05	0.00019	0.00029	0.00039	0.67451	0.01898	0.30390	0.00024	0.00013	3.5e-05	5.3e-05	0.00021	0.00011	9.9e-05
6	0.00029	0.99624	0.00057	0.00019	0.00028	0.00043	0.00019	0.00033	0.00022	0.00026	0.00015	0.00017	0.00014	9.3e-05	7e-05	2.3e-05	0.00012	5.8e-05	4.7e-05	0.00014
7	0.00022	0.00056	0.99561	0.00031	0.00047	0.00025	0.00040	0.00034	0.00023	0.00034	0.00020	0.00023	0.00014	0.00010	0.00010	3.4e-05	0.00016	8e-05	4.6e-05	0.00016
8	0.00017	0.00012	0.00015	0.00014	0.00017	0.00011	0.00010	0.00022	0.00922	0.04338	0.84653	0.00081	0.08989	0.00022	0.00013	3.4e-05	5.4e-05	0.00019	0.00827	0.00011
9	0.00029	0.99624	0.00057	0.00019	0.00028	0.00043	0.00019	0.00033	0.00022	0.00026	0.00015	0.00017	0.00014	9.3e-05	7e-05	2.3e-05	0.00012	5.8e-05	4.7e-05	0.00014
10	0.00041	0.00031	0.00032	0.00025	0.00033	0.03073	0.00020	0.94510	0.00050	0.00067	0.00026	0.01013	0.00019	0.00013	0.00011	3.3e-05	0.00012	9.9e-05	0.00993	0.00018
11	0.00014	0.00011	0.00012	0.00012	0.00015	0.00792	8.7e-05	0.00017	0.00026	0.00032	0.14457	0.02310	0.81091	0.00027	0.00013	3.6e-05	5.6e-05	0.00022	0.01124	9.4e-05
12	0.00013	9.5e-05	0.00013	0.00015	0.00016	8.9e-05	0.00010	0.00015	0.00021	0.00028	0.00059	0.97626	0.00071	0.02020	0.00015	4.5e-05	6.4e-05	0.00031	0.00010	8.8e-05
13	0.00013	0.00011	0.00011	0.00011	0.00015	9.3e-05	8.4e-05	0.00016	0.00025	0.00030	0.07635	0.01394	0.90728	0.00027	0.00013	3.7e-05	5.5e-05	0.00023	0.00010	9.3e-05
14	0.00029	0.99624	0.00057	0.00019	0.00028	0.00043	0.00019	0.00033	0.00022	0.00026	0.00015	0.00017	0.00014	9.3e-05	7e-05	2.3e-05	0.00012	5.8e-05	4.7e-05	0.00014
15	0.00814	0.05758	0.89817	0.00030	0.00045	0.00026	0.00038	0.02187	0.01125	0.00035	0.00020	0.00023	0.00014	0.00010	0.00010	3.4e-05	0.00016	8e-05	4.8e-05	0.00016
16	0.00048	0.00019	0.00026	0.00020	0.00028	0.00017	0.00016	0.04635	0.00032	0.94974	0.00042	0.00037	0.00027	0.00013	0.00011	3.4e-05	9.4e-05	0.00011	0.00013	0.00019
17	0.00021	0.00020	0.00033	0.95131	0.04533	0.00024	0.00030	0.00028	0.00022	0.00028	0.00019	0.00029	0.00015	0.00011	0.00011	3.6e-05	0.00014	9.7e-05	4.9e-05	0.00012
18	0.00027	0.00023	0.00024	0.00022	0.00028	0.00027	0.00017	0.00057	0.97603	0.00045	0.01971	0.00041	0.00035	0.00015	0.00011	3.7e-05	8.5e-05	0.00012	0.00011	0.00017
19	0.00023	0.00019	0.00023	0.00016	0.00026	0.00014	0.00013	0.00027	0.00023	0.00035	0.00019	0.00023	0.00016	8.1e-05	8.1e-05	1.6e-05	8.1e-05	6.4e-05	6.4e-05	0.99684
20	0.00013	9.5e-05	0.00013	0.00015	0.00016	8.9e-05	0.00010	0.00015	0.00021	0.00028	0.00061	0.96747	0.01571	0.00034	0.00014	4.4e-05	6.3e-05	0.01394	0.00010	8.9e-05
21	0.00013	0.00011	0.00011	0.00011	0.00015	9.2e-05	8.4e-05	0.00016	0.00025	0.00030	0.04867	0.01532	0.93360	0.00027	0.00013	3.7e-05	5.5e-05	0.00023	0.00010	9.2e-05
22	0.00013	0.00011	0.00011	0.00011	0.00015	9.3e-05	8.5e-05	0.00016	0.00025	0.00030	0.03538	0.00104	0.94653	0.00027	0.00013	3.7e-05	5.6e-05	0.01487	0.00010	9.2e-05
23	0.02197	0.00030	0.00032	0.00024	0.00033	0.00032	0.00020	0.91509	0.00049	0.05922	0.00027	0.00027	0.00019	0.00013	0.00011	3.3e-05	0.00012	9.8e-05	0.00011	0.00018
24	0.95322	0.00021	0.00017	0.00015	0.00021	0.00998	0.00012	0.01042	0.00019	0.02432	0.00016	0.00018	0.00012	0.00010	6.9e-05	3.4e-05	8.6e-05	6.1e-05	6.9e-05	0.00012
25	0.03390	0.00767	0.01953	0.00438	0.04657	0.00289	0.21428	0.04507	0.00649	0.06018	0.00557	0.00296	0.00328	9.4e-05	9.6e-05	2.5e-05	0.00011	0.00580	6.9e-05	0.54102

[dist]
# distance from previous block
# <min> <max>
7	11

[block]
# block no. 10 follows, 3188 sequences, length 9
# corresponding to MSA columns:
# 1683-1691
name=unknown_K
#
# <colnr> <probs for GDERKNQSTAVLIFYWHMCP>
#	G	D	E	R	K	N	Q	S	T	A	V	L	I	F	Y	W	H	M	C	P
0	0.00017	0.00013	0.00018	0.00017	0.00019	0.00014	0.01888	0.02006	0.00018	0.00026	0.02165	0.00047	0.00030	0.17000	0.73643	0.00015	0.03036	0.00012	6.2e-05	9.5e-05
1	0.02916	0.04470	0.11360	0.06528	0.08655	0.07985	0.07931	0.02245	0.07575	0.02616	0.06024	0.05136	0.05893	0.01597	0.09983	5e-05	0.03921	0.04133	7.2e-05	0.01019
2	0.02892	0.03505	0.15562	0.12926	0.08522	0.01135	0.09376	0.02446	0.06000	0.07395	0.10338	0.06112	0.08642	0.01049	0.00674	3.7e-05	0.01028	0.02373	7.8e-05	0.00014
3	0.01545	0.00013	0.00016	0.00015	0.00019	0.00013	0.00011	0.02103	0.01724	0.24712	0.10017	0.11312	0.18341	0.14825	0.03151	5.1e-05	8.5e-05	0.05870	0.06285	0.00012
4	0.00034	0.27493	0.01132	0.02967	0.10885	0.23131	0.03051	0.03993	0.00942	0.18995	0.00802	0.01245	0.01065	0.01598	0.00936	3.2e-05	0.00716	8.9e-05	0.00988	0.00015
5	0.02659	0.02052	0.07720	0.16688	0.14267	0.03247	0.06974	0.03863	0.06133	0.07678	0.01665	0.03091	0.02620	0.00977	0.01269	3.5e-05	0.01775	0.01878	7.1e-05	0.15433
6	0.00017	0.00622	0.00697	0.01960	0.02302	0.01792	0.01264	0.01195	0.00638	0.02950	0.13780	0.25775	0.24169	0.16598	0.01753	0.00863	0.00634	0.01481	0.00626	0.00884
7	0.01289	0.00014	0.00017	0.00015	0.00020	0.00012	0.00012	0.01703	0.02136	0.22137	0.45186	0.01574	0.18831	0.00021	0.00012	3.4e-05	6.6e-05	0.02647	0.00012	0.04352
8	0.01457	0.02356	0.11214	0.09319	0.19356	0.02610	0.03394	0.08151	0.01915	0.05635	0.01013	0.03666	0.00899	0.00970	0.00742	0.00657	0.00599	0.00778	0.00703	0.24565

[dist]
# distance from previous block
# <min> <max>
7	97

[block]
# block no. 11 follows, 3188 sequences, length 18
# corresponding to MSA columns:
# 1810-1827
name=unknown_L
#
# <colnr> <probs for GDERKNQSTAVLIFYWHMCP>
#	G	D	E	R	K	N	Q	S	T	A	V	L	I	F	Y	W	H	M	C	P
0	0.00024	0.03049	0.27064	0.00429	0.08514	0.00921	0.00710	0.06100	0.25834	0.02754	0.09849	0.01865	0.05515	0.00651	0.01073	0.04763	0.00422	0.00012	0.00437	0.00015
1	0.00016	0.00012	0.00015	0.00603	0.02947	0.00011	0.00011	0.00020	0.01571	0.01545	0.46115	0.08026	0.29359	0.02231	0.03640	4.3e-05	0.00616	0.02659	0.00011	0.00589
2	0.00029	0.84462	0.05682	0.00021	0.01569	0.05499	0.00828	0.00033	0.00023	0.00027	0.00827	0.00019	0.00923	9.7e-05	7.5e-05	2.5e-05	0.00012	6.4e-05	4.8e-05	0.00014
3	0.00370	0.00497	0.80889	0.00897	0.01237	0.00539	0.00453	0.00032	0.00557	0.00443	0.03813	0.03365	0.02933	0.00013	0.00869	0.01488	0.00821	0.00364	5.4e-05	0.00414
4	0.00799	0.00636	0.03737	0.04404	0.81454	0.00025	0.01644	0.00827	0.00761	0.02440	0.00021	0.00027	0.00017	9.9e-05	0.00011	3.2e-05	0.00013	9.6e-05	5.7e-05	0.03155
5	0.02674	0.06655	0.06061	0.01205	0.13343	0.07315	0.14896	0.10993	0.14376	0.13906	0.00779	0.03225	0.00454	0.00704	0.00347	3.5e-05	0.01249	0.01790	8.2e-05	0.00016
6	0.00773	0.00026	0.00609	0.36180	0.44478	0.09421	0.01262	0.00647	0.00605	0.00032	0.00020	0.00027	0.00016	0.00011	0.00012	3.4e-05	0.05251	0.00608	5.3e-05	0.00015
7	0.01894	0.00419	0.00796	0.01832	0.01134	0.07931	0.18992	0.14484	0.38740	0.05405	0.04666	0.00492	0.01438	0.00014	0.00460	3.6e-05	0.00486	0.00788	9.3e-05	0.00016
8	0.00019	0.00012	0.00015	0.00014	0.00018	0.00011	0.00011	0.02330	0.02495	0.08947	0.57837	0.01251	0.24440	0.00022	0.00012	3.5e-05	5.8e-05	0.00019	0.02527	0.00011
9	0.10440	0.05007	0.07417	0.00022	0.00764	0.06898	0.03057	0.12428	0.10606	0.12434	0.03004	0.06391	0.04112	0.02690	0.03410	4.2e-05	0.06393	0.04125	0.00785	0.00014
10	0.00015	0.00011	0.00014	0.00015	0.00017	9.9e-05	0.00010	0.00018	0.00881	0.01297	0.07615	0.64445	0.06964	0.06962	0.00738	0.00670	7e-05	0.03414	9.7e-05	0.06888
11	0.00434	0.00024	0.00025	0.00889	0.01312	0.02791	0.00447	0.07684	0.73178	0.03924	0.01168	0.04160	0.00454	0.00429	0.00012	3.7e-05	0.02377	0.00662	0.00011	0.00016
12	0.01058	0.29872	0.57974	0.01163	0.00445	0.01292	0.00835	0.00707	0.00497	0.02868	0.00510	0.00601	0.00015	0.00011	0.00573	3.2e-05	0.00790	7.7e-05	5.1e-05	0.00773
13	0.00735	0.06911	0.23114	0.07241	0.12571	0.06624	0.06970	0.11320	0.03765	0.09309	0.02691	0.01462	0.01512	0.00365	0.00398	3.4e-05	0.01423	0.00868	0.00355	0.02362
14	0.94029	0.00021	0.00016	0.00015	0.00021	0.00024	0.00012	0.00033	0.01473	0.02364	0.01904	0.00020	0.00014	0.00010	7e-05	3.4e-05	8.4e-05	6.4e-05	7.1e-05	0.00012
15	0.00500	0.00015	0.00376	0.01350	0.00021	0.02472	0.03760	0.01458	0.05111	0.01363	0.27203	0.08464	0.29797	0.03696	0.01726	0.00556	0.08546	0.03565	9.6e-05	0.00011
16	0.01100	0.08133	0.31637	0.02058	0.09867	0.04225	0.03371	0.07573	0.04023	0.13445	0.03756	0.01725	0.01512	0.00012	0.00011	3.3e-05	0.01840	0.00388	7.3e-05	0.05314
17	0.00025	0.00417	0.02320	0.06931	0.53239	0.03116	0.00740	0.00724	0.01758	0.02752	0.01338	0.04588	0.00551	0.08401	0.03417	0.02550	0.06271	0.00841	6.1e-05	0.00014

[dist]
# distance from previous block
# <min> <max>
14	52

[block]
# block no. 12 follows, 3188 sequences, length 24
# corresponding to MSA columns:
# 1947-1970
name=unknown_M
#
# <colnr> <probs for GDERKNQSTAVLIFYWHMCP>
#	G	D	E	R	K	N	Q	S	T	A	V	L	I	F	Y	W	H	M	C	P
0	0.03268	0.08184	0.21356	0.00881	0.01018	0.03771	0.06844	0.07113	0.10638	0.12672	0.00969	0.01102	0.03010	0.00790	0.00442	3.3e-05	0.02218	0.02526	7.7e-05	0.13190
1	0.00015	0.00012	0.00337	0.07548	0.01657	0.00011	0.00488	0.00372	0.01269	0.01447	0.03975	0.58410	0.10725	0.02076	0.04020	0.05422	0.00296	0.01902	9.2e-05	9.4e-05
2	0.00022	0.00016	0.00021	0.00810	0.00904	0.04084	0.06398	0.03757	0.06115	0.09978	0.25524	0.14608	0.13482	0.01089	0.02456	4.2e-05	0.00583	0.09705	0.00010	0.00435
3	0.04546	0.00025	0.00032	0.01532	0.01065	0.03374	0.01070	0.04834	0.02033	0.01368	0.00017	0.00025	0.00349	0.01131	0.00542	4.6e-05	0.77665	9.5e-05	5.5e-05	0.00373
4	0.00311	0.00021	0.00028	0.00389	0.01354	0.02837	0.01252	0.00673	0.06439	0.01901	0.00349	0.01634	0.00432	0.05552	0.19371	7.3e-05	0.54530	0.01445	0.01463	0.00012
5	0.00015	0.00011	0.00013	0.00014	0.00016	0.00010	0.00010	0.00606	0.01920	0.01339	0.31709	0.31311	0.27529	0.02120	0.00014	4e-05	6e-05	0.03332	0.00011	9.7e-05
6	0.00674	0.10814	0.01518	0.01976	0.01461	0.36568	0.05689	0.03655	0.11299	0.00474	0.01930	0.04715	0.04059	0.02984	0.05691	4.3e-05	0.03075	0.03393	7e-05	0.00013
7	0.00515	0.00031	0.00728	0.00034	0.01305	0.21565	0.47384	0.02560	0.02407	0.18402	0.01287	0.02455	0.00563	0.00012	0.00012	3.4e-05	0.00016	0.00352	0.00356	0.00015
8	0.04113	0.00019	0.00024	0.00019	0.00027	0.00017	0.00015	0.06631	0.00031	0.78829	0.00042	0.08167	0.00029	0.00015	0.00011	3.4e-05	9.1e-05	0.00012	0.01969	0.00017
9	0.00013	9.7e-05	0.00012	0.00015	0.00016	9e-05	9.9e-05	0.00015	0.00022	0.00028	0.01986	0.81748	0.13429	0.00963	0.00014	4.3e-05	6.2e-05	0.00958	0.00733	8.9e-05
10	0.00024	0.00022	0.00038	0.47776	0.46293	0.00025	0.00741	0.01040	0.00534	0.00562	0.00021	0.00951	0.00574	0.00011	0.00513	3.5e-05	0.00442	0.00010	0.00403	0.00015
11	0.01552	0.00019	0.00025	0.00019	0.00028	0.00016	0.00016	0.01368	0.00031	0.95372	0.01410	0.00037	0.00028	0.00014	0.00011	3.4e-05	9.2e-05	0.00011	0.00013	0.00018
12	0.00026	0.00027	0.01355	0.02959	0.17469	0.15546	0.03032	0.00332	0.00307	0.00367	0.00887	0.01717	0.00574	0.00400	0.08903	0.00683	0.44830	0.00570	5.4e-05	0.00013
13	0.02143	0.00381	0.15772	0.00571	0.09988	0.06177	0.01027	0.03850	0.12208	0.10198	0.09842	0.01489	0.01537	0.04191	0.13640	5.7e-05	0.05418	0.00554	0.00995	0.00014
14	0.00374	0.00011	0.00014	0.00015	0.00017	0.00617	0.00011	0.00780	0.02275	0.01252	0.04545	0.69944	0.10133	0.01974	0.00492	4.5e-05	0.00646	0.06468	0.00419	9.4e-05
15	0.00016	0.00011	0.00015	0.00015	0.00016	0.00012	0.01028	0.00018	0.00018	0.00025	0.00039	0.01474	0.00043	0.57589	0.17786	0.00010	0.00014	0.21857	7.2e-05	8e-05
16	0.00380	0.00694	0.11047	0.04683	0.20979	0.03352	0.11749	0.01393	0.08413	0.01670	0.01552	0.06651	0.03732	0.05687	0.00403	4.2e-05	0.17006	0.00586	6.6e-05	0.00014
17	0.00273	0.00352	0.00586	0.51474	0.30274	0.02708	0.00389	0.00454	0.00274	0.00692	0.01102	0.05919	0.03357	0.00254	0.00381	3.6e-05	0.00380	0.00011	0.00801	0.00316
18	0.01799	0.83705	0.04562	0.00020	0.00029	0.09679	0.00020	0.00034	0.00023	0.00027	0.00015	0.00018	0.00014	9.5e-05	7.4e-05	2.4e-05	0.00013	6e-05	4.8e-05	0.00014
