[name]
unknown

[dist]
# distance from previous block
# <min> <max>
0	148

[block]
# block no. 0 follows, 3283 sequences, length 6
# corresponding to MSA columns:
# 440,442,446,447,449,450
name=unknown_A
#
# <colnr> <probs for GDERKNQSTAVLIFYWHMCP>
#	G	D	E	R	K	N	Q	S	T	A	V	L	I	F	Y	W	H	M	C	P
0	0.00015	0.00011	0.00014	0.00015	0.00017	0.00010	0.00011	0.00018	0.02403	0.02434	0.04757	0.51731	0.12936	0.06305	0.00016	4.6e-05	7.1e-05	0.19277	9.8e-05	9.2e-05
1	0.33729	0.01430	0.00028	0.14331	0.23855	0.02790	0.01418	0.04370	0.01580	0.10768	0.02226	0.00025	0.00018	0.00011	9.5e-05	3.2e-05	0.01454	8.4e-05	6.9e-05	0.01939
2	0.06810	0.17071	0.05420	0.01440	0.14483	0.12699	0.05983	0.12156	0.03810	0.09737	0.01099	0.02603	0.01072	0.00013	0.01078	3.2e-05	0.02470	0.00998	7.1e-05	0.01048
3	0.00016	0.00012	0.01309	0.00016	0.00018	0.01341	0.01388	0.01576	0.02321	0.02107	0.13516	0.54764	0.06268	0.03481	0.01402	4.4e-05	7.3e-05	0.08687	0.01758	9.6e-05
4	0.02686	0.06582	0.02156	0.01557	0.01297	0.03408	0.01448	0.31635	0.04545	0.09475	0.01353	0.01512	0.00020	0.00011	9.4e-05	2.7e-05	0.00010	8.7e-05	0.01224	0.31058
5	0.02033	0.01140	0.01922	0.00985	0.07145	0.05447	0.02835	0.01972	0.01594	0.16647	0.04377	0.06642	0.09401	0.01042	0.01141	3e-05	0.00958	0.01001	8.2e-05	0.33706

[dist]
# distance from previous block
# <min> <max>
1	2

[block]
# block no. 1 follows, 3283 sequences, length 19
# corresponding to MSA columns:
# 453-461,473-482
name=unknown_B
#
# <colnr> <probs for GDERKNQSTAVLIFYWHMCP>
#	G	D	E	R	K	N	Q	S	T	A	V	L	I	F	Y	W	H	M	C	P
0	0.00512	0.09406	0.54242	0.00973	0.04387	0.01808	0.14742	0.00696	0.02669	0.04091	0.00698	0.01990	0.00762	0.00011	0.00011	3.3e-05	0.01245	0.01734	5.5e-05	0.00015
1	0.00022	0.00021	0.00035	0.66884	0.29441	0.00024	0.01130	0.00029	0.00022	0.00030	0.01160	0.00029	0.00016	0.00011	0.00011	3.4e-05	0.00014	0.01102	5e-05	0.00013
2	0.01102	0.00021	0.00031	0.07794	0.31664	0.00020	0.04033	0.02935	0.00433	0.11776	0.00761	0.01503	0.00561	0.00010	0.00415	2.7e-05	0.00635	9e-05	0.00440	0.35854
3	0.00545	0.06207	0.20029	0.03120	0.14271	0.00869	0.06792	0.04060	0.09822	0.14654	0.08927	0.04147	0.03600	0.00343	0.00342	3.4e-05	0.00512	0.00937	7.9e-05	0.00811
4	0.00412	0.00304	0.02516	0.04631	0.01998	0.00014	0.03523	0.00441	0.01762	0.22833	0.20760	0.06490	0.10857	0.10819	0.05316	0.00401	0.01159	0.05147	0.00295	0.00322
5	0.94337	0.00020	0.00016	0.00014	0.00021	0.00024	0.00012	0.02094	0.00019	0.01944	0.00016	0.00018	0.00012	0.01411	7.4e-05	3.4e-05	8.3e-05	6e-05	6.7e-05	0.00012
6	0.01144	0.00873	0.02953	0.05473	0.26615	0.00395	0.20743	0.03781	0.00421	0.22412	0.01436	0.01348	0.03446	0.00012	0.00011	3.3e-05	0.00391	0.02154	7.7e-05	0.06382
7	0.00367	0.00626	0.04120	0.11402	0.10271	0.01385	0.03540	0.01977	0.01699	0.14545	0.08751	0.18818	0.10685	0.03278	0.01166	0.01198	0.01809	0.03005	8.6e-05	0.01347
8	0.01135	0.00012	0.00015	0.00014	0.00017	0.00011	0.00011	0.00785	0.00910	0.15609	0.22047	0.16984	0.33039	0.04825	0.00015	3.9e-05	0.01380	0.02658	0.00520	0.00011
9	0.06741	0.00046	0.00030	0.00027	0.01082	0.84270	0.02174	0.01958	0.00029	0.00028	0.00800	0.00020	0.00014	0.00011	0.00010	2.8e-05	0.02731	7.1e-05	5.6e-05	0.00012
10	0.05631	0.05123	0.32639	0.02719	0.09041	0.00766	0.13093	0.03043	0.03636	0.10393	0.04413	0.03762	0.01390	0.00422	0.00704	3.5e-05	0.00643	0.01753	0.00306	0.00519
11	0.00534	0.00013	0.00017	0.00636	0.01216	0.00358	0.00012	0.01558	0.01786	0.27810	0.19954	0.30018	0.08466	0.03566	0.00419	0.00851	0.00347	0.01026	0.01400	0.00012
12	0.00024	0.00023	0.00037	0.39316	0.52698	0.01012	0.01120	0.01674	0.01177	0.00032	0.00566	0.00736	0.00017	0.00586	0.00011	3.4e-05	0.00938	9.7e-05	5.2e-05	0.00015
13	0.08497	0.15294	0.15964	0.02521	0.07194	0.07155	0.17103	0.03401	0.06760	0.10242	0.02257	0.00672	0.00961	0.00438	0.00406	3.3e-05	0.00385	0.00376	0.00357	0.00014
14	0.00863	0.06164	0.17431	0.12356	0.10015	0.02495	0.06069	0.04200	0.04495	0.19271	0.03701	0.05194	0.01457	0.01197	0.02590	0.00673	0.00618	0.00637	0.00560	0.00014
15	0.00017	0.00011	0.00014	0.00013	0.00016	0.00010	9.9e-05	0.00739	0.02288	0.08768	0.28726	0.20021	0.29397	0.07100	0.00576	4.2e-05	6.4e-05	0.01229	0.01043	0.00010
16	0.02629	0.01682	0.27972	0.01784	0.02178	0.08599	0.19719	0.06314	0.14060	0.03839	0.00540	0.03986	0.04476	0.00328	0.00429	0.00371	0.00304	0.00481	0.00297	0.00014
17	0.03889	0.07644	0.17653	0.03737	0.08376	0.09356	0.12721	0.06418	0.06682	0.17813	0.01220	0.01729	0.00488	0.00711	0.00319	3.3e-05	0.00540	0.00335	0.00352	0.00015
18	0.00861	0.00930	0.02769	0.04475	0.11668	0.01338	0.04519	0.04907	0.01962	0.42892	0.03920	0.12171	0.01821	0.01931	0.00415	0.00432	0.01357	0.01296	0.00321	0.00015

[dist]
# distance from previous block
# <min> <max>
25	41

[block]
# block no. 2 follows, 3283 sequences, length 25
# corresponding to MSA columns:
# 573-597
name=unknown_C
#
# <colnr> <probs for GDERKNQSTAVLIFYWHMCP>
#	G	D	E	R	K	N	Q	S	T	A	V	L	I	F	Y	W	H	M	C	P
0	0.95023	0.00020	0.00016	0.00014	0.00021	0.00024	0.00012	0.01295	0.00826	0.01767	0.00899	0.00018	0.00013	0.00010	6.7e-05	3.3e-05	8.2e-05	6e-05	6.8e-05	0.00012
1	0.21013	0.00024	0.00323	0.07623	0.03944	0.03684	0.02282	0.20989	0.09971	0.13559	0.00688	0.00369	0.00337	0.00290	0.00661	3.6e-05	0.12746	0.00265	0.01216	0.00015
2	0.00275	0.00018	0.02368	0.22484	0.09382	0.00249	0.01689	0.01622	0.01169	0.01538	0.06151	0.29475	0.14500	0.01505	0.00417	4.2e-05	0.02339	0.00968	0.00521	0.03328
3	0.00026	0.00026	0.00034	0.00029	0.00030	0.03297	0.00024	0.01115	0.00019	0.01108	0.00017	0.00026	0.00016	0.00020	0.00034	5e-05	0.94146	0.0001	5.6e-05	0.00013
4	0.00021	0.00017	0.00020	0.00015	0.00023	0.00013	0.00012	0.00025	0.00023	0.00878	0.09020	0.05499	0.03617	0.00011	8.7e-05	2e-05	7.4e-05	9.3e-05	7.1e-05	0.80771
5	0.00014	0.00429	0.00401	0.00013	0.00016	0.01792	9.8e-05	0.00443	0.01272	0.00477	0.23246	0.34978	0.35434	0.00422	0.00013	3.8e-05	6e-05	0.01010	0.00010	9.3e-05
6	0.00479	0.01858	0.01546	0.01823	0.02129	0.10298	0.04817	0.18552	0.45785	0.02103	0.01136	0.01122	0.01940	0.00801	0.00760	3.6e-05	0.01473	0.02773	9.3e-05	0.00591
7	0.01223	0.00022	0.02045	0.16991	0.10370	0.00858	0.30914	0.02359	0.04111	0.02918	0.02802	0.11176	0.11436	0.00016	0.00677	3.7e-05	0.00916	0.01144	7e-05	0.00013
8	0.00458	0.00017	0.00019	0.00018	0.00022	0.00018	0.00014	0.01272	0.35513	0.04982	0.29222	0.07225	0.17666	0.00539	0.00013	4e-05	7.6e-05	0.02081	0.00895	0.00014
9	0.00378	0.00016	0.02399	0.04645	0.03717	0.00628	0.07674	0.04716	0.05808	0.02713	0.05602	0.22307	0.21295	0.00613	0.00526	0.03310	0.00350	0.13283	8.9e-05	0.00011
10	0.01238	0.24061	0.42702	0.06189	0.02625	0.08123	0.04257	0.01150	0.00681	0.02639	0.00299	0.00703	0.00898	0.00767	0.01339	3.3e-05	0.01019	0.01055	0.00237	0.00014
11	0.00342	0.08218	0.45338	0.27802	0.01962	0.00852	0.07563	0.00793	0.00877	0.00438	0.00269	0.01367	0.00016	0.00507	0.00841	0.00481	0.01449	0.00599	0.00273	0.00014
12	0.00014	0.00011	0.00012	0.00013	0.00016	9.5e-05	9.5e-05	0.00017	0.00664	0.01880	0.16122	0.18560	0.53058	0.01513	0.00013	3.8e-05	5.9e-05	0.07437	0.00631	9.3e-05
13	0.00491	0.00273	0.39306	0.00436	0.08311	0.00386	0.02824	0.02326	0.06631	0.08307	0.09015	0.08171	0.07523	0.00709	0.00453	3.5e-05	0.00251	0.00975	0.03593	0.00014
14	0.01952	0.38598	0.12545	0.04834	0.03578	0.04009	0.07547	0.12632	0.02411	0.07927	0.00316	0.00341	0.00341	0.00011	0.00326	3e-05	0.01444	0.00322	0.00849	0.00015
15	0.00014	0.00011	0.00013	0.00012	0.00015	0.00010	0.00459	0.00494	0.01832	0.01200	0.09000	0.09799	0.56427	0.15371	0.02632	0.00378	0.01281	0.00699	0.00343	8.9e-05
16	0.00015	0.00010	0.00012	0.00012	0.00012	0.00010	6.8e-05	0.00016	0.00016	0.00681	0.00940	0.05079	0.00040	0.90405	0.01169	0.00720	0.00010	0.00833	6.7e-05	6.7e-05
17	0.08846	0.00258	0.01652	0.05967	0.03466	0.01269	0.04190	0.09163	0.09091	0.11089	0.15363	0.09424	0.14342	0.00788	0.00294	3.6e-05	0.01333	0.02547	0.00902	0.00013
18	0.28066	0.05080	0.10285	0.10891	0.06266	0.04633	0.03179	0.14858	0.02851	0.06540	0.00022	0.00026	0.00017	0.00798	0.00422	0.00261	0.02374	0.02545	0.00628	0.00259
19	0.00017	0.00012	0.00016	0.00501	0.00020	0.00709	0.00469	0.00487	0.00023	0.02932	0.00644	0.24396	0.10121	0.03311	0.00015	0.00373	0.00374	0.55560	9.6e-05	9.6e-05
20	0.95573	0.00021	0.01035	0.00014	0.00021	0.01977	0.00012	0.01185	0.00019	0.00047	0.00015	0.00017	0.00012	9.9e-05	6.7e-05	3.3e-05	8.5e-05	5.8e-05	6.5e-05	0.00012
21	0.00016	0.00011	0.00013	0.00013	0.00014	0.00011	8.7e-05	0.00016	0.00016	0.00022	0.00031	0.02011	0.00034	0.61330	0.27109	0.08474	0.00844	0.00014	6.1e-05	7.2e-05
22	0.01156	0.11297	0.19136	0.02382	0.03037	0.03126	0.13062	0.20735	0.13570	0.06526	0.02167	0.00761	0.00661	0.00278	0.00010	3.2e-05	0.00309	0.00397	0.01370	0.00015
23	0.00016	0.00012	0.00454	0.00371	0.00016	0.00010	0.00010	0.00849	0.01610	0.02892	0.58794	0.04570	0.27434	0.00809	0.00422	0.00320	0.00403	0.00587	0.00011	0.00411
24	0.00535	0.00330	0.10270	0.02819	0.02128	0.00409	0.01060	0.04013	0.01441	0.40303	0.25715	0.01345	0.02992	0.01324	0.01634	0.01402	0.00498	0.01479	0.00287	0.00014

[dist]
# distance from previous block
# <min> <max>
0	4

[block]
# block no. 3 follows, 3283 sequences, length 33
# corresponding to MSA columns:
# 602-609,632-656
name=unknown_D
#
# <colnr> <probs for GDERKNQSTAVLIFYWHMCP>
#	G	D	E	R	K	N	Q	S	T	A	V	L	I	F	Y	W	H	M	C	P
0	0.00610	0.19917	0.53995	0.00369	0.00242	0.01505	0.03994	0.03849	0.08729	0.01202	0.01063	0.00666	0.00293	0.00290	0.02439	3.5e-05	0.00578	0.00237	5.6e-05	0.00015
1	0.92934	0.00021	0.01543	0.00015	0.00021	0.00024	0.00012	0.03269	0.00019	0.01387	0.00016	0.00018	0.00012	0.00665	7.1e-05	3.3e-05	8.4e-05	6e-05	6.7e-05	0.00012
2	0.00951	0.00998	0.00268	0.01852	0.00026	0.01990	0.00473	0.00883	0.01451	0.00280	0.00020	0.00356	0.00017	0.01861	0.01862	2.2e-05	0.00250	6.8e-05	6.3e-05	0.86449
3	0.00022	0.06157	0.80028	0.01023	0.00044	0.02553	0.06186	0.00033	0.00022	0.00032	0.00306	0.00284	0.00014	0.00537	0.01261	0.00278	0.00806	0.00393	4.6e-05	0.00015
4	0.00014	0.00011	0.00012	0.00012	0.00015	9.6e-05	9.2e-05	0.00018	0.00767	0.01190	0.38049	0.07313	0.50272	0.00530	0.00013	3.6e-05	5.4e-05	0.01309	0.00438	9.5e-05
5	0.00022	0.05118	0.92692	0.00029	0.00045	0.00025	0.00801	0.00033	0.00022	0.00033	0.01076	0.00023	0.00014	0.00010	9.9e-05	3.3e-05	0.00015	7.9e-05	4.5e-05	0.00015
6	0.00548	0.25848	0.03001	0.00805	0.03284	0.03790	0.02752	0.09882	0.27865	0.06443	0.00330	0.07816	0.00026	0.00656	0.02872	0.01655	0.01644	0.00365	0.00202	0.00216
7	0.01441	0.58453	0.22515	0.00021	0.00031	0.00411	0.00346	0.02354	0.02615	0.03576	0.06910	0.00286	0.00447	0.00011	0.00251	2.7e-05	0.00012	7.7e-05	5.7e-05	0.00305
8	0.00019	0.01938	0.07861	0.01660	0.05860	0.00671	0.01221	0.01322	0.00914	0.00532	0.00895	0.02073	0.00311	0.09337	0.31737	0.25946	0.07678	0.00011	5.5e-05	9.4e-05
9	0.00020	0.00017	0.00022	0.00330	0.00022	0.05918	0.00301	0.00023	0.01722	0.02170	0.00329	0.03109	0.00025	0.10842	0.48254	0.00011	0.26232	0.00636	5.9e-05	0.00010
10	0.00037	0.01240	0.00029	0.00026	0.00031	0.88190	0.00019	0.00784	0.00851	0.00749	0.04447	0.00023	0.00501	0.00012	9.6e-05	2.8e-05	0.00018	7.6e-05	0.03011	0.00012
11	0.00015	0.00010	0.00012	0.00012	0.00012	0.00010	6.5e-05	0.00015	0.00015	0.00021	0.00033	0.00069	0.00038	0.97515	0.02167	0.00010	0.00011	0.00015	6.4e-05	6.5e-05
12	0.03640	0.36947	0.29809	0.00433	0.00294	0.00570	0.01958	0.06347	0.17716	0.00419	0.01466	0.00024	0.00018	0.00011	0.00303	3e-05	0.00012	8.1e-05	6.2e-05	0.00015
13	0.01756	0.00969	0.00025	0.07739	0.05357	0.00458	0.00269	0.03585	0.00500	0.65466	0.00039	0.04278	0.00254	0.00637	0.01106	3.6e-05	9.8e-05	0.06134	0.01400	0.00016
14	0.00014	9.9e-05	0.00786	0.00015	0.00016	9.1e-05	0.00011	0.00016	0.00021	0.01395	0.00634	0.88344	0.00604	0.00032	0.00013	4.3e-05	6.5e-05	0.08050	9.8e-05	8.9e-05
15	0.01845	0.00049	0.00030	0.00582	0.00033	0.95646	0.00020	0.00566	0.00030	0.00550	0.00017	0.00554	0.00014	0.00011	9.5e-05	2.7e-05	0.00019	7e-05	5.5e-05	0.00012
16	0.00017	0.00013	0.00014	0.00014	0.00016	0.01605	9.9e-05	0.02322	0.06551	0.04975	0.02971	0.14732	0.37381	0.23956	0.00950	5.4e-05	0.01008	0.03440	9.1e-05	9.6e-05
17	0.08751	0.02036	0.02472	0.00017	0.00909	0.00235	0.00274	0.00838	0.01887	0.05803	0.00401	0.01479	0.00527	0.00227	8.3e-05	2e-05	0.00241	7.2e-05	6.8e-05	0.73879
18	0.04473	0.04812	0.20154	0.00530	0.23140	0.00022	0.03117	0.03519	0.00742	0.12737	0.00797	0.02447	0.01343	0.00193	0.00391	0.00349	0.00188	0.00886	6.8e-05	0.20154
19	0.06151	0.52912	0.06432	0.00021	0.00387	0.10456	0.00246	0.01702	0.02004	0.00622	0.00017	0.00021	0.00015	0.00838	0.03588	0.01192	0.13138	0.00241	5.1e-05	0.00013
20	0.00023	0.00024	0.00032	0.00028	0.00028	0.01932	0.00023	0.00026	0.00016	0.00025	0.00014	0.00023	0.00014	0.00018	0.00034	4.6e-05	0.97710	9.2e-05	4.6e-05	0.00012
21	0.00023	0.00019	0.00022	0.00016	0.00025	0.00015	0.00013	0.02225	0.00023	0.01099	0.00019	0.00022	0.00016	8e-05	7.9e-05	1.6e-05	7.9e-05	6.4e-05	6.4e-05	0.96425
22	0.00046	0.00019	0.00025	0.00019	0.00027	0.00017	0.00016	0.09492	0.01195	0.86405	0.02598	0.00036	0.00027	0.00013	0.00011	3.3e-05	9.1e-05	0.00011	0.00013	0.00018
23	0.00020	0.00019	0.00032	0.95593	0.02305	0.00023	0.00029	0.00027	0.00021	0.00027	0.00019	0.00796	0.00015	0.00011	0.00011	3.5e-05	0.00014	0.01018	4.8e-05	0.00012
24	0.04127	0.50835	0.07204	0.00568	0.00031	0.00360	0.07009	0.09933	0.05420	0.13419	0.00022	0.00659	0.00017	0.00344	8.7e-05	2.8e-05	0.00012	7.9e-05	6.8e-05	0.00015
25	0.00304	0.06276	0.09318	0.00549	0.01169	0.00920	0.00019	0.02448	0.01452	0.03690	0.01719	0.06921	0.00779	0.00024	0.00013	0.00727	0.00010	0.61341	0.00209	0.02113
26	0.00299	0.00026	0.00048	0.01202	0.01160	0.00462	0.57544	0.07248	0.01937	0.01542	0.00023	0.01610	0.00019	0.00280	0.00018	0.01525	0.21329	0.03709	6e-05	0.00014
27	0.00028	0.95314	0.01880	0.00019	0.00028	0.00041	0.01012	0.00032	0.00022	0.01525	0.00015	0.00017	0.00014	9.1e-05	7e-05	2.3e-05	0.00011	5.8e-05	4.7e-05	0.00014
28	0.00028	0.00024	0.00025	0.00022	0.00028	0.01472	0.00017	0.08735	0.89418	0.00046	0.00041	0.00038	0.00031	0.00014	0.00011	3.5e-05	8.8e-05	0.00012	0.00011	0.00017
29	0.00015	0.00010	0.00012	0.00012	0.00012	0.00010	6.8e-05	0.00015	0.00016	0.00021	0.00036	0.05268	0.01348	0.91399	0.00895	9.9e-05	0.00010	0.00891	6.6e-05	6.6e-05
30	0.00016	0.00011	0.00016	0.00016	0.00017	0.00013	0.00514	0.00018	0.00017	0.00024	0.00612	0.00047	0.00650	0.19158	0.68830	0.07349	0.02182	0.00497	5.8e-05	8.6e-05
31	0.00014	0.00011	0.00013	0.00013	0.00015	9.7e-05	9.1e-05	0.00018	0.01047	0.01756	0.23051	0.18634	0.36964	0.13992	0.01540	4.8e-05	6.7e-05	0.02885	9.8e-05	9e-05
32	0.02943	0.23911	0.11662	0.02616	0.03595	0.12134	0.04407	0.06827	0.15066	0.08139	0.01772	0.00965	0.00020	0.00012	0.00384	3.1e-05	0.01995	8.8e-05	0.00362	0.03178

[dist]
# distance from previous block
# <min> <max>
2	33

[block]
# block no. 4 follows, 3283 sequences, length 14
# corresponding to MSA columns:
# 713-726
name=unknown_E
#
# <colnr> <probs for GDERKNQSTAVLIFYWHMCP>
#	G	D	E	R	K	N	Q	S	T	A	V	L	I	F	Y	W	H	M	C	P
0	0.00015	0.00011	0.00014	0.00015	0.00017	0.01386	0.00010	0.00018	0.00897	0.01222	0.28249	0.58833	0.02388	0.00028	0.00013	4e-05	6.3e-05	0.02270	0.03300	0.01303
1	0.00013	9.6e-05	0.00013	0.00015	0.00016	9e-05	0.00010	0.00016	0.00021	0.00028	0.01677	0.84439	0.02312	0.01470	0.00014	4.4e-05	6.5e-05	0.09909	9.8e-05	8.7e-05
2	0.02626	0.00019	0.00031	0.90869	0.00069	0.00024	0.00028	0.02704	0.00022	0.01488	0.00019	0.00028	0.00014	0.00011	0.00011	3.5e-05	0.02006	9.3e-05	5e-05	0.00012
3	0.00027	0.00023	0.00024	0.00021	0.00028	0.00026	0.00017	0.08497	0.84689	0.00045	0.00040	0.00037	0.00030	0.00014	0.00011	3.4e-05	8.6e-05	0.00011	0.00010	0.06436
4	0.00024	0.00024	0.00038	0.00031	0.00033	0.00031	0.18393	0.00028	0.00018	0.03301	0.00016	0.00025	0.00015	0.00017	0.00030	4.4e-05	0.77947	9.9e-05	5e-05	0.00012
5	0.00026	0.00021	0.00023	0.00021	0.00026	0.00024	0.00016	0.01272	0.85966	0.02310	0.01408	0.00041	0.00033	0.00015	0.00011	3.5e-05	8.2e-05	0.02097	0.06662	0.00016
6	0.00038	0.00028	0.00030	0.00024	0.00032	0.00032	0.00019	0.81652	0.17929	0.00063	0.00029	0.00028	0.00021	0.00013	0.00011	3.2e-05	0.00011	9.9e-05	0.00011	0.00018
7	0.08886	0.00886	0.00025	0.00019	0.00027	0.11667	0.00015	0.14773	0.02274	0.10416	0.00022	0.00024	0.00017	0.00010	9.4e-05	2.4e-05	0.02689	7.4e-05	0.00807	0.47424
8	0.04090	0.08633	0.00019	0.00015	0.00019	0.02116	0.00013	0.00845	0.01081	0.01591	0.47893	0.00937	0.10102	0.00022	0.00012	3.6e-05	7.2e-05	0.21906	0.00687	0.00010
9	0.00025	0.00030	0.07782	0.00041	0.00052	0.00027	0.82898	0.00036	0.08932	0.00035	0.00023	0.00029	0.00017	9.5e-05	0.00012	3.5e-05	0.00017	0.00012	5.8e-05	0.00015
10	0.00766	0.00014	0.00018	0.00015	0.00020	0.00013	0.00914	0.06660	0.02344	0.23696	0.27327	0.00882	0.29465	0.00020	0.00012	3.5e-05	7.1e-05	0.06121	0.00011	0.01691
11	0.00020	0.00020	0.01979	0.76782	0.02382	0.00024	0.00028	0.00027	0.00021	0.00027	0.01364	0.00031	0.00017	0.00013	0.01094	3.8e-05	0.13542	0.02610	4.9e-05	0.00012
12	0.00671	0.02330	0.03600	0.00483	0.00025	0.00019	0.01270	0.03873	0.30721	0.12398	0.15321	0.01468	0.02130	0.00878	0.16848	5.9e-05	0.01142	0.06326	0.00479	0.00014
13	0.00018	0.00012	0.01473	0.00018	0.00020	0.00012	0.00015	0.00868	0.00823	0.06998	0.00055	0.31258	0.01020	0.00826	0.00014	4.5e-05	8.5e-05	0.54585	0.01961	0.00010

[dist]
# distance from previous block
# <min> <max>
5	41

[block]
# block no. 5 follows, 3283 sequences, length 8
# corresponding to MSA columns:
# 770-777
name=unknown_F
#
# <colnr> <probs for GDERKNQSTAVLIFYWHMCP>
#	G	D	E	R	K	N	Q	S	T	A	V	L	I	F	Y	W	H	M	C	P
0	0.01497	0.01791	0.01856	0.00017	0.00026	0.03207	0.01612	0.01719	0.00023	0.01978	0.00020	0.01424	0.00016	8.6e-05	8.1e-05	1.8e-05	8.6e-05	6.9e-05	6.4e-05	0.84774
1	0.00015	0.00011	0.00013	0.00013	0.00016	0.0001	9.5e-05	0.01713	0.01516	0.01286	0.13803	0.29092	0.40021	0.06642	0.02148	4.5e-05	6.6e-05	0.02380	0.01294	9.2e-05
2	0.01278	0.00019	0.00030	0.51217	0.17076	0.00021	0.01514	0.00029	0.00022	0.08263	0.00023	0.00032	0.00019	0.01331	0.14926	5.6e-05	0.01336	0.01576	0.01270	0.00013
3	0.00016	0.00012	0.00014	0.01230	0.00018	0.00011	0.00011	0.01793	0.03156	0.03619	0.23588	0.03438	0.40482	0.03401	0.01174	4.1e-05	6.9e-05	0.16292	0.01723	0.0001
4	0.00015	0.00011	0.00012	0.00012	0.00015	9.7e-05	9.1e-05	0.00018	0.01600	0.03537	0.19965	0.08507	0.61150	0.01663	0.00013	3.7e-05	5.7e-05	0.01858	0.01585	9.5e-05
5	0.01943	0.00018	0.00022	0.00018	0.00024	0.00019	0.00014	0.26402	0.01533	0.31579	0.08394	0.01327	0.03084	0.01489	0.00011	3.3e-05	0.01201	0.03423	0.19481	0.00015
6	0.00022	0.00018	0.00022	0.01229	0.00025	0.00015	0.01103	0.03126	0.01405	0.03247	0.02507	0.01496	0.02668	0.01067	0.04287	2.7e-05	8.9e-05	0.01078	6.9e-05	0.76664
7	0.99703	0.00020	0.00016	0.00014	0.00020	0.00024	0.00011	0.00031	0.00018	0.00047	0.00015	0.00017	0.00011	9.8e-05	6.5e-05	3.3e-05	8.2e-05	5.7e-05	6.5e-05	0.00011

[dist]
# distance from previous block
# <min> <max>
0	1

[block]
# block no. 6 follows, 3283 sequences, length 6
# corresponding to MSA columns:
# 779,780,783-786
name=unknown_G
#
# <colnr> <probs for GDERKNQSTAVLIFYWHMCP>
#	G	D	E	R	K	N	Q	S	T	A	V	L	I	F	Y	W	H	M	C	P
0	0.01549	0.00021	0.01803	0.54148	0.26837	0.01280	0.01254	0.00029	0.02016	0.01465	0.01417	0.02318	0.01206	0.01154	0.00011	3.5e-05	0.01131	0.01200	5.5e-05	0.01152
1	0.00019	0.00013	0.00016	0.00015	0.00018	0.00013	0.00011	0.00029	0.18677	0.05525	0.63462	0.00064	0.00074	0.00019	0.00011	3.3e-05	5.8e-05	0.00016	0.11996	0.00012
2	0.02404	0.00012	0.00016	0.00016	0.00017	0.00013	0.00012	0.00019	0.00017	0.02766	0.00030	0.00050	0.00030	0.27582	0.59679	0.02413	0.02509	0.02403	6.1e-05	8.8e-05
3	0.00020	0.00019	0.00032	0.99603	0.00073	0.00023	0.00029	0.00027	0.00021	0.00027	0.00019	0.00028	0.00014	0.00011	0.00011	3.5e-05	0.00014	9.4e-05	4.7e-05	0.00012
4	0.00027	0.00025	0.01014	0.23993	0.01662	0.20540	0.01937	0.06902	0.12547	0.05976	0.04172	0.00035	0.01664	0.01623	0.04907	0.01188	0.01202	0.02105	0.06439	0.02042
5	0.00027	0.81142	0.18537	0.00020	0.00031	0.00039	0.00022	0.00032	0.00022	0.00026	0.00015	0.00018	0.00014	9.2e-05	7.4e-05	2.5e-05	0.00012	6e-05	4.5e-05	0.00014

[dist]
# distance from previous block
# <min> <max>
2	3

[block]
# block no. 7 follows, 3283 sequences, length 36
# corresponding to MSA columns:
# 790-806,810-828
name=unknown_H
#
# <colnr> <probs for GDERKNQSTAVLIFYWHMCP>
#	G	D	E	R	K	N	Q	S	T	A	V	L	I	F	Y	W	H	M	C	P
0	0.00288	0.00726	0.00028	0.00626	0.00424	0.00230	0.12275	0.04471	0.00988	0.65806	0.02321	0.02493	0.03570	0.00015	0.01873	3.6e-05	0.00010	0.02042	0.00011	0.01798
1	0.00026	0.00023	0.00026	0.15218	0.00953	0.00740	0.00019	0.06706	0.73651	0.00043	0.00037	0.00036	0.00028	0.00014	0.00339	3.6e-05	0.00715	0.00305	0.00351	0.00766
2	0.00026	0.00023	0.00032	0.00692	0.01195	0.00031	0.00023	0.08993	0.00769	0.04673	0.00017	0.00024	0.00015	0.00018	0.00031	4.4e-05	0.83407	9.4e-05	5.6e-05	0.00013
3	0.00032	0.00802	0.07122	0.00024	0.00031	0.00589	0.00020	0.46358	0.26089	0.01745	0.00352	0.03001	0.00314	0.00336	0.01104	3.7e-05	0.11790	0.00262	9.4e-05	0.00016
4	0.00023	0.00018	0.00022	0.00017	0.00024	0.00578	0.00014	0.01197	0.01616	0.05236	0.03997	0.00029	0.00795	0.01296	0.00245	0.00485	0.14905	0.00902	0.08053	0.60548
5	0.00019	0.00015	0.00024	0.00021	0.00025	0.00341	0.15613	0.01487	0.04408	0.00847	0.16958	0.01180	0.06264	0.05504	0.00016	4.5e-05	0.00492	0.46258	0.00513	0.00011
6	0.00015	0.00010	0.00012	0.00012	0.00012	0.00010	6.4e-05	0.00015	0.00015	0.00020	0.00033	0.00069	0.00038	0.99629	0.00054	0.00010	0.00010	0.00015	6.4e-05	6.4e-05
7	0.00406	0.00022	0.00030	0.00994	0.00028	0.01991	0.01061	0.00717	0.05324	0.00324	0.00440	0.00030	0.00018	0.00613	0.05673	5.2e-05	0.77171	0.04851	0.00288	0.00012
8	0.00025	0.00028	0.00062	0.00045	0.00055	0.00027	0.99524	0.00034	0.00025	0.00034	0.00021	0.00028	0.00016	8.9e-05	0.00012	3.6e-05	0.00018	0.00012	5.3e-05	0.00014
9	0.00015	0.00011	0.00013	0.00013	0.00016	0.0001	0.00010	0.00019	0.00635	0.01706	0.43056	0.08351	0.29869	0.02966	0.00338	3.9e-05	6e-05	0.09838	0.03115	9.6e-05
10	0.00021	0.03052	0.96578	0.00030	0.00045	0.00025	0.00038	0.00033	0.00022	0.00033	0.00019	0.00022	0.00013	0.00010	9.9e-05	3.3e-05	0.00015	7.7e-05	4.5e-05	0.00016
11	0.80413	0.00019	0.00016	0.00014	0.00020	0.00021	0.00011	0.00031	0.00019	0.07418	0.02256	0.04990	0.02485	0.00710	7.8e-05	3.4e-05	8e-05	0.00402	0.01142	0.00012
12	0.00013	9.6e-05	0.00013	0.00015	0.00016	9.1e-05	0.00788	0.00015	0.00020	0.00027	0.00645	0.82557	0.02379	0.07219	0.00016	4.7e-05	6.7e-05	0.06229	9.5e-05	8.6e-05
13	0.00021	0.00012	0.00016	0.00015	0.00284	0.00012	0.00012	0.00440	0.00025	0.18576	0.36029	0.08911	0.04693	0.00774	0.16757	0.05474	0.00575	0.05154	0.02207	0.00011
14	0.00014	0.00011	0.00489	0.00012	0.00015	9.6e-05	9.4e-05	0.00018	0.00027	0.00037	0.58912	0.03132	0.36179	0.00024	0.00012	3.4e-05	5.2e-05	0.00518	0.00560	9.6e-05
15	0.17521	0.73559	0.02046	0.00018	0.00026	0.01144	0.00017	0.01027	0.00525	0.03562	0.00016	0.00018	0.00014	9.5e-05	7.2e-05	2.5e-05	0.00463	6e-05	5.3e-05	0.00013
16	0.00232	0.01077	0.30090	0.12421	0.44830	0.01498	0.02242	0.01282	0.02625	0.00251	0.00331	0.00026	0.00016	0.00011	0.01085	3.4e-05	0.01019	9e-05	0.00309	0.00643
17	0.24478	0.18436	0.00930	0.01692	0.06823	0.31411	0.01285	0.02201	0.02700	0.00563	0.00293	0.00021	0.00220	0.00011	0.00442	3.1e-05	0.07905	7.1e-05	0.00565	0.00013
18	0.00017	0.00012	0.00014	0.00013	0.00017	0.00011	0.0001	0.03711	0.02522	0.05399	0.32831	0.11094	0.43128	0.00346	0.00012	3.6e-05	5.9e-05	0.00479	0.00364	0.00010
19	0.01566	0.00875	0.00029	0.03724	0.00970	0.12596	0.00326	0.37637	0.38703	0.00820	0.00030	0.00030	0.00023	0.00013	0.00011	3.3e-05	0.02607	0.00010	9.5e-05	0.00016
20	0.00016	0.00011	0.00014	0.00014	0.00016	0.00011	0.00010	0.00018	0.00020	0.02416	0.06171	0.08729	0.02532	0.49728	0.00503	7.4e-05	9.3e-05	0.29758	8.3e-05	8.2e-05
21	0.13556	0.00021	0.00482	0.00704	0.02756	0.00630	0.00268	0.15491	0.09487	0.54237	0.00482	0.00448	0.00023	0.00343	0.00010	3.3e-05	9.4e-05	9.9e-05	0.00462	0.00576
22	0.00435	0.55778	0.05750	0.00022	0.00030	0.15740	0.02190	0.00415	0.01543	0.00438	0.00298	0.00020	0.00014	0.00012	0.00718	3e-05	0.16570	6.9e-05	4.9e-05	0.00013
23	0.00013	9.3e-05	0.00012	0.00015	0.00016	8.8e-05	0.00010	0.00015	0.00020	0.00027	0.00915	0.92748	0.00938	0.01471	0.00014	4.4e-05	6.3e-05	0.03739	9.8e-05	8.6e-05
24	0.00025	0.00023	0.00039	0.09743	0.76982	0.00024	0.01276	0.00031	0.03080	0.00034	0.00473	0.01963	0.02961	0.00847	0.00011	3.3e-05	0.00346	0.02118	5.7e-05	0.00016
25	0.62522	0.02309	0.01596	0.00018	0.01470	0.01020	0.06716	0.02356	0.00625	0.06005	0.00781	0.00023	0.00015	0.00500	0.03559	0.09165	0.00898	0.00402	6.7e-05	0.00012
26	0.00290	0.00356	0.00307	0.00018	0.00023	0.00020	0.00014	0.00812	0.56497	0.02452	0.17696	0.06472	0.09346	0.00456	0.00407	3.7e-05	0.00257	0.02748	0.01812	0.00014
27	0.00013	9.9e-05	0.00013	0.00015	0.00016	9.4e-05	0.00010	0.00016	0.00021	0.00028	0.04527	0.69153	0.13391	0.03027	0.02126	4.6e-05	0.01462	0.06140	9.6e-05	8.8e-05
28	0.00454	0.12731	0.26772	0.01035	0.05234	0.03818	0.07973	0.03181	0.08991	0.04329	0.01797	0.08167	0.02617	0.00409	0.04280	4e-05	0.06808	0.01379	6.6e-05	0.00014
29	0.01047	0.14249	0.19107	0.01037	0.01460	0.03628	0.02367	0.02836	0.08774	0.08268	0.07352	0.08614	0.01888	0.03276	0.07041	4.6e-05	0.06909	0.01896	0.00236	0.00013
30	0.00015	0.00010	0.00012	0.00013	0.00013	0.00010	7.7e-05	0.00303	0.00677	0.00711	0.02490	0.12449	0.04014	0.72952	0.00505	0.00363	9.4e-05	0.05040	0.00398	7.2e-05
31	0.00355	0.00013	0.00016	0.00015	0.00019	0.00012	0.00012	0.01093	0.02930	0.27240	0.12862	0.30272	0.08065	0.02189	0.03138	4.2e-05	7.6e-05	0.02030	0.09717	0.00012
32	0.00907	0.01290	0.05069	0.26877	0.31558	0.03275	0.11281	0.04559	0.02927	0.02352	0.01037	0.00204	0.00278	0.00012	0.01208	3.5e-05	0.05354	0.00202	0.01009	0.00597
33	0.01661	0.01073	0.15912	0.11442	0.12788	0.06450	0.08591	0.05514	0.05438	0.20118	0.02949	0.00498	0.01270	0.00317	0.01362	3.5e-05	0.03227	0.00455	0.00917	0.00015
34	0.00015	0.00011	0.00802	0.00015	0.00016	0.00011	0.00382	0.00017	0.00413	0.00370	0.04808	0.22882	0.07837	0.37381	0.02352	6.8e-05	9e-05	0.22655	8.5e-05	8.3e-05
35	0.00015	0.00010	0.00012	0.00012	0.00012	0.00010	6.7e-05	0.00015	0.00016	0.00021	0.00034	0.01154	0.00649	0.95045	0.02354	0.00010	0.00011	0.00602	6.5e-05	6.5e-05

[dist]
# distance from previous block
# <min> <max>
3	6

[block]
# block no. 8 follows, 3283 sequences, length 20
# corresponding to MSA columns:
# 838-855,858,859
name=unknown_I
#
# <colnr> <probs for GDERKNQSTAVLIFYWHMCP>
#	G	D	E	R	K	N	Q	S	T	A	V	L	I	F	Y	W	H	M	C	P
0	0.01689	0.01182	0.13323	0.10302	0.39481	0.02707	0.11338	0.01652	0.04231	0.05404	0.02692	0.01306	0.00601	0.00011	0.00011	3.2e-05	0.00606	0.00357	6.1e-05	0.03098
1	0.00019	0.00014	0.00017	0.00016	0.00020	0.00015	0.00012	0.01562	0.27184	0.02032	0.34857	0.05832	0.20299	0.00588	0.00621	3.7e-05	6.7e-05	0.06880	0.00011	0.00012
2	0.00020	0.00019	0.00032	0.82642	0.08401	0.00519	0.00847	0.00027	0.00483	0.00028	0.00495	0.01403	0.00017	0.01311	0.01724	3.8e-05	0.00511	0.01500	5e-05	0.00012
3	0.00015	0.00010	0.00012	0.00013	0.00013	9.9e-05	7.9e-05	0.00015	0.00017	0.00023	0.00951	0.27087	0.01591	0.63421	0.02207	0.01219	9.4e-05	0.03363	7.5e-05	7.2e-05
4	0.00655	0.00019	0.00034	0.83586	0.02041	0.00023	0.08593	0.00027	0.00818	0.00028	0.00021	0.00030	0.01727	0.01537	0.00815	3.7e-05	0.00014	0.0001	4.9e-05	0.00012
5	0.00601	0.00019	0.00022	0.00016	0.00486	0.00015	0.00515	0.00867	0.01106	0.05456	0.00594	0.00024	0.00017	8.7e-05	8.6e-05	1.8e-05	0.01689	0.00476	0.01468	0.86610
6	0.04338	0.02977	0.00031	0.00024	0.00030	0.04007	0.00020	0.64284	0.02308	0.00772	0.02033	0.00026	0.01151	0.00014	0.00015	3.4e-05	0.17932	9.5e-05	9e-05	0.00016
7	0.00016	0.00013	0.00018	0.00017	0.00019	0.01211	0.01893	0.00019	0.00017	0.00024	0.00028	0.00889	0.00028	0.27383	0.58104	0.00013	0.10280	0.00012	5.8e-05	8.9e-05
8	0.00015	0.00010	0.00012	0.00012	0.00012	0.00010	6.7e-05	0.00015	0.00015	0.00021	0.00033	0.00068	0.00038	0.95897	0.03785	0.00010	0.00011	0.00015	6.4e-05	6.5e-05
9	0.00022	0.00019	0.00023	0.00016	0.00025	0.01024	0.01249	0.01620	0.00022	0.00035	0.00019	0.00022	0.00016	9.3e-05	0.01889	1.9e-05	8.5e-05	6.5e-05	6.3e-05	0.93965
10	0.00015	0.00010	0.00012	0.00012	0.00012	0.00010	6.6e-05	0.00015	0.00015	0.00021	0.00033	0.00068	0.00038	0.96667	0.03016	0.00010	0.00011	0.00015	6.4e-05	6.5e-05
11	0.00024	0.00020	0.00022	0.00020	0.00025	0.00023	0.00015	0.00048	0.77037	0.00044	0.22550	0.00048	0.00047	0.00016	0.00011	3.5e-05	7.6e-05	0.00014	0.00011	0.00015
12	0.00022	0.00053	0.94872	0.00030	0.00045	0.01322	0.00875	0.00876	0.00862	0.00034	0.00905	0.00023	0.00014	0.00010	0.00010	3.3e-05	0.00015	8e-05	4.6e-05	0.00016
13	0.00022	0.00019	0.00022	0.00016	0.00025	0.00014	0.00013	0.00027	0.01707	0.00034	0.00020	0.01693	0.00017	8.4e-05	8e-05	1.6e-05	7.8e-05	6.8e-05	6.4e-05	0.96333
14	0.20628	0.00027	0.00028	0.00022	0.00030	0.00031	0.00018	0.77025	0.00043	0.02013	0.00023	0.00024	0.00017	0.00012	9.7e-05	3.2e-05	0.00011	8.7e-05	9.8e-05	0.00017
15	0.00499	0.00016	0.00021	0.00017	0.00023	0.00465	0.00014	0.00464	0.00642	0.64032	0.14257	0.04161	0.03028	0.07577	0.01046	4e-05	8.5e-05	0.02418	0.01294	0.00015
16	0.00022	0.10200	0.85409	0.00029	0.00044	0.00026	0.04061	0.00033	0.00022	0.00033	0.00019	0.00022	0.00014	9.9e-05	9.8e-05	3.2e-05	0.00015	7.8e-05	4.5e-05	0.00015
17	0.00016	0.00011	0.00014	0.00014	0.00017	0.00011	0.00011	0.00549	0.01840	0.01032	0.52779	0.08467	0.06471	0.10120	0.00651	4.5e-05	6.8e-05	0.17453	0.00522	9.6e-05
18	0.00030	0.81278	0.00050	0.00019	0.00028	0.00038	0.02344	0.02475	0.00023	0.09192	0.00019	0.00726	0.01188	0.00011	0.01721	2.7e-05	0.00830	6.9e-05	5.6e-05	0.00014
19	0.00015	0.00011	0.00013	0.00013	0.00016	0.0001	9.9e-05	0.00019	0.00859	0.03228	0.44780	0.07521	0.34274	0.02215	0.00013	3.7e-05	5.8e-05	0.06240	0.00742	9.7e-05

[dist]
# distance from previous block
# <min> <max>
6	28

[block]
# block no. 9 follows, 3283 sequences, length 16
# corresponding to MSA columns:
# 901-916
name=unknown_J
#
# <colnr> <probs for GDERKNQSTAVLIFYWHMCP>
#	G	D	E	R	K	N	Q	S	T	A	V	L	I	F	Y	W	H	M	C	P
0	0.00013	0.00010	0.00013	0.00014	0.01029	9.3e-05	9.8e-05	0.00016	0.01158	0.00029	0.08433	0.51833	0.32974	0.00947	0.00013	4e-05	6e-05	0.03470	9.9e-05	9e-05
1	0.00021	0.00055	0.99574	0.00030	0.00046	0.00025	0.00039	0.00033	0.00022	0.00033	0.00019	0.00022	0.00013	0.00010	0.00010	3.3e-05	0.00016	7.8e-05	4.5e-05	0.00016
2	0.00014	0.00011	0.00012	0.00013	0.00015	9.4e-05	9.2e-05	0.00017	0.00025	0.01128	0.29305	0.11062	0.47093	0.00027	0.00015	0.08217	5.8e-05	0.03003	9.9e-05	9e-05
3	0.16524	0.00013	0.00015	0.00016	0.00018	0.00013	0.00011	0.04296	0.00022	0.03228	0.00635	0.60993	0.01019	0.00649	0.00775	0.00597	7.4e-05	0.10233	0.00927	9.9e-05
4	0.94571	0.00020	0.00016	0.00014	0.00021	0.00023	0.00011	0.00031	0.00018	0.00047	0.00015	0.00017	0.00012	9.7e-05	6.6e-05	3.2e-05	8.2e-05	5.7e-05	6.5e-05	0.05144
5	0.01554	0.00016	0.00018	0.00015	0.00020	0.00016	0.00012	0.15728	0.00029	0.22186	0.00036	0.01086	0.00027	0.00014	9.3e-05	3e-05	7.4e-05	0.01939	0.57271	0.00014
6	0.99703	0.00020	0.00016	0.00014	0.00020	0.00024	0.00011	0.00031	0.00018	0.00047	0.00015	0.00017	0.00011	9.8e-05	6.5e-05	3.3e-05	8.2e-05	5.7e-05	6.5e-05	0.00011
7	0.00017	0.00013	0.00904	0.00020	0.00023	0.00013	0.04759	0.00772	0.00776	0.00755	0.03409	0.07098	0.02825	0.00028	0.00014	4.6e-05	9.6e-05	0.78541	9.6e-05	0.00010
8	0.00015	0.00011	0.00014	0.00013	0.00016	0.00010	0.0001	0.00020	0.02523	0.00041	0.83022	0.01907	0.08911	0.00022	0.00012	3.4e-05	5.2e-05	0.01291	0.02142	0.00010
9	0.00027	0.16811	0.00036	0.00026	0.00029	0.15931	0.01085	0.00030	0.00020	0.01865	0.00015	0.00022	0.00014	0.00016	0.01134	4e-05	0.62911	8.3e-05	4.9e-05	0.00012
10	0.00023	0.01486	0.00913	0.01919	0.00732	0.00867	0.00793	0.01786	0.00023	0.00662	0.00019	0.00023	0.00596	8.3e-05	8.2e-05	1.7e-05	0.00606	6.6e-05	6.3e-05	0.89522
11	0.00032	0.01690	0.08276	0.07723	0.11259	0.50228	0.04612	0.02203	0.02345	0.02464	0.00761	0.00025	0.00981	0.00012	0.00775	0.00491	0.05084	0.00618	0.00408	0.00013
12	0.00015	0.01696	0.00015	0.00013	0.00016	0.00010	0.00010	0.00020	0.00029	0.00041	0.92490	0.02692	0.01613	0.00022	0.00012	3.4e-05	5.2e-05	0.01273	0.00011	0.0001
13	0.00014	9.8e-05	0.00013	0.00015	0.00016	9.4e-05	0.00810	0.00016	0.00020	0.00027	0.03209	0.75862	0.03590	0.09680	0.02897	5.2e-05	0.00950	0.02839	9.3e-05	8.6e-05
14	0.00972	0.00911	0.21350	0.34772	0.17108	0.00611	0.04499	0.05613	0.02586	0.03790	0.01872	0.00958	0.02591	0.00469	0.00011	3.4e-05	0.00988	0.00405	0.00476	0.00014
15	0.02103	0.00505	0.00615	0.00720	0.01075	0.27684	0.01685	0.05341	0.00604	0.27830	0.00632	0.03387	0.00572	0.01635	0.02477	3.9e-05	0.09828	0.12813	0.00477	0.00014

[dist]
# distance from previous block
# <min> <max>
1	13

[block]
# block no. 10 follows, 3283 sequences, length 34
# corresponding to MSA columns:
# 930-932,934,935,939-958,961-967,982,983
name=unknown_K
#
# <colnr> <probs for GDERKNQSTAVLIFYWHMCP>
#	G	D	E	R	K	N	Q	S	T	A	V	L	I	F	Y	W	H	M	C	P
0	0.83295	0.01242	0.00510	0.00016	0.01105	0.07165	0.00441	0.00600	0.01009	0.01120	0.00345	0.00018	0.00013	0.00010	7.1e-05	3.2e-05	0.00522	6.1e-05	0.00296	0.02279
1	0.00014	0.00011	0.00013	0.02858	0.00017	0.00010	0.00010	0.00017	0.00023	0.00029	0.11517	0.11040	0.50337	0.02969	0.18555	6.3e-05	0.00592	0.00602	0.00443	0.00936
2	0.00333	0.89715	0.00762	0.00018	0.00027	0.03430	0.00331	0.00535	0.00441	0.01225	0.01112	0.00019	0.01491	9.6e-05	7.1e-05	2.3e-05	0.00011	6.2e-05	4.9e-05	0.00518
3	0.00474	0.00706	0.00528	0.00018	0.00478	0.00436	0.00841	0.15399	0.03838	0.02729	0.00022	0.00025	0.00333	0.00012	0.04219	0.00529	0.00302	7.5e-05	7.2e-05	0.69097
4	0.00971	0.16358	0.49795	0.01514	0.08004	0.05602	0.02985	0.03612	0.04186	0.03981	0.00384	0.00491	0.00208	0.00316	9.8e-05	3.1e-05	0.00239	0.00198	5.6e-05	0.01140
5	0.03598	0.00721	0.26023	0.09853	0.19152	0.00990	0.02533	0.00292	0.02581	0.01170	0.22208	0.00861	0.08141	0.00392	0.00380	3.4e-05	0.00683	0.00216	0.00189	0.00013
6	0.00016	0.00012	0.00017	0.00017	0.02367	0.00594	0.00013	0.00019	0.00494	0.00465	0.08165	0.00694	0.01412	0.05232	0.71916	0.06236	0.00675	0.00597	0.01050	9.3e-05
7	0.02240	0.00027	0.00032	0.01476	0.01079	0.02142	0.13461	0.46127	0.27749	0.00705	0.00464	0.00711	0.02801	0.00013	0.00011	3.4e-05	0.00317	0.00614	9.5e-05	0.00016
8	0.96125	0.00020	0.00016	0.00014	0.00021	0.00024	0.00012	0.01026	0.00019	0.02626	0.00016	0.00018	0.00012	9.9e-05	6.7e-05	3.3e-05	8.2e-05	5.9e-05	6.7e-05	0.00012
9	0.00015	0.00010	0.00012	0.00012	0.00012	0.00010	7.1e-05	0.00016	0.00016	0.00021	0.00506	0.02023	0.00745	0.85202	0.07495	0.02484	0.00011	0.00015	0.01381	6.7e-05
10	0.00047	0.00018	0.00025	0.00019	0.00027	0.00016	0.00016	0.00051	0.00030	0.99570	0.00042	0.00036	0.00026	0.00013	0.00011	3.3e-05	9e-05	0.00011	0.00013	0.00018
11	0.00565	0.00011	0.00012	0.00012	0.00013	0.00011	7.2e-05	0.00017	0.00016	0.05227	0.01443	0.02420	0.00546	0.85033	0.00049	0.04191	9.9e-05	0.00403	6.9e-05	7.1e-05
12	0.99703	0.00020	0.00016	0.00014	0.00020	0.00024	0.00011	0.00031	0.00018	0.00047	0.00015	0.00017	0.00011	9.8e-05	6.5e-05	3.3e-05	8.2e-05	5.7e-05	6.5e-05	0.00011
13	0.00415	0.00012	0.00015	0.00017	0.00019	0.00012	0.00013	0.02620	0.01185	0.00658	0.05890	0.22112	0.08771	0.07396	0.00338	0.00279	8.4e-05	0.49842	0.00388	9.5e-05
14	0.99703	0.00020	0.00016	0.00014	0.00020	0.00024	0.00011	0.00031	0.00018	0.00047	0.00015	0.00017	0.00011	9.8e-05	6.5e-05	3.3e-05	8.2e-05	5.7e-05	6.5e-05	0.00011
15	0.00016	0.00012	0.00015	0.00014	0.00017	0.00010	0.02198	0.00019	0.00440	0.02413	0.33327	0.19652	0.29560	0.00024	0.00012	3.5e-05	6.1e-05	0.03446	0.00010	0.08804
16	0.00643	0.21590	0.75431	0.00027	0.00041	0.01018	0.00034	0.00033	0.01033	0.00032	0.00018	0.00021	0.00014	9.9e-05	9.3e-05	3.1e-05	0.00015	7.4e-05	4.6e-05	0.00015
17	0.00020	0.00019	0.00032	0.99603	0.00073	0.00023	0.00029	0.00027	0.00021	0.00027	0.00019	0.00028	0.00014	0.00011	0.00011	3.5e-05	0.00014	9.4e-05	4.7e-05	0.00012
18	0.00326	0.00012	0.00014	0.00014	0.00017	0.00012	0.00559	0.00733	0.12563	0.02264	0.07277	0.27481	0.34059	0.10249	0.00017	4.5e-05	6.8e-05	0.04082	9.7e-05	0.00299
19	0.00792	0.00017	0.00022	0.00018	0.00025	0.00016	0.00014	0.00878	0.17994	0.58111	0.06000	0.13376	0.00570	0.00017	0.00011	3.4e-05	8.2e-05	0.00014	0.01700	0.00412
20	0.00018	0.00014	0.00019	0.00020	0.00023	0.03099	0.04558	0.00339	0.00550	0.01492	0.00054	0.05693	0.02410	0.00350	0.00014	4.6e-05	0.00010	0.80853	0.00469	0.00010
21	0.00865	0.00010	0.00013	0.00836	0.00269	0.00252	0.00647	0.00016	0.00526	0.00284	0.06181	0.74042	0.02484	0.09133	0.00017	4.7e-05	6.8e-05	0.04092	9.5e-05	0.00312
22	0.00022	0.00021	0.00034	0.47138	0.38625	0.00944	0.01004	0.00399	0.00421	0.01016	0.00268	0.06392	0.00954	0.00013	0.01235	3.6e-05	0.00290	0.01202	5.5e-05	0.00014
23	0.00019	0.00724	0.00443	0.00444	0.00022	0.05963	0.00296	0.02530	0.00449	0.00026	0.00026	0.00599	0.00024	0.04508	0.68982	0.00013	0.14904	0.00011	5.7e-05	0.00010
24	0.65370	0.06442	0.04414	0.01964	0.02431	0.07412	0.07159	0.01689	0.00643	0.01609	0.00336	0.00020	0.00013	0.0001	7.8e-05	3.2e-05	0.00452	6.8e-05	6.3e-05	0.00012
25	0.00014	0.00011	0.00012	0.00012	0.00015	9.6e-05	9.3e-05	0.00018	0.00640	0.01305	0.31056	0.05510	0.56263	0.00025	0.00013	3.6e-05	5.6e-05	0.05058	0.00010	9.4e-05
26	0.03072	0.27183	0.05346	0.01857	0.04708	0.16307	0.02395	0.08112	0.07393	0.03893	0.00208	0.00236	0.00194	0.00011	0.00325	2.7e-05	0.01737	0.00200	0.00533	0.16287
27	0.00696	0.93625	0.01462	0.00019	0.00027	0.03367	0.00018	0.00032	0.00022	0.00025	0.00015	0.00624	0.00014	9.3e-05	7e-05	2.3e-05	0.00012	5.9e-05	4.6e-05	0.00013
28	0.00013	0.00010	0.00012	0.00014	0.00016	9.4e-05	0.00010	0.00016	0.00641	0.00029	0.01061	0.38963	0.43058	0.00029	0.00013	4.1e-05	6.4e-05	0.16074	9.8e-05	9e-05
29	0.01091	0.00019	0.00032	0.90981	0.01153	0.00024	0.00029	0.00027	0.00021	0.00629	0.00019	0.00028	0.00014	0.00011	0.00532	3.6e-05	0.05361	9.4e-05	4.8e-05	0.00012
30	0.02283	0.18865	0.02305	0.04451	0.01871	0.02791	0.03565	0.04923	0.01133	0.08364	0.00533	0.26688	0.00836	0.00382	0.06772	0.00568	0.05336	0.06845	0.00424	0.01066
31	0.00015	0.00011	0.00012	0.00013	0.00014	0.00569	8.4e-05	0.00016	0.00018	0.00024	0.01205	0.17981	0.04604	0.62438	0.01708	8.2e-05	9.5e-05	0.10500	0.00840	7.4e-05
32	0.00687	0.00012	0.00016	0.00015	0.00017	0.00013	0.01483	0.04513	0.02151	0.00775	0.14248	0.01016	0.01531	0.35689	0.35404	0.00619	0.00419	0.00459	0.00483	0.00449
33	0.02326	0.10955	0.55537	0.00585	0.00635	0.03119	0.06159	0.05552	0.08310	0.03812	0.00023	0.02407	0.00275	0.00011	9.9e-05	3.3e-05	0.00014	0.00246	5.9e-05	0.00015

[dist]
# distance from previous block
# <min> <max>
0	1

[block]
# block no. 11 follows, 3283 sequences, length 8
# corresponding to MSA columns:
# 985-992
name=unknown_L
#
# <colnr> <probs for GDERKNQSTAVLIFYWHMCP>
#	G	D	E	R	K	N	Q	S	T	A	V	L	I	F	Y	W	H	M	C	P
0	0.27858	0.01738	0.00026	0.00022	0.00028	0.51762	0.00017	0.06179	0.01477	0.06073	0.00019	0.00021	0.00015	0.00011	9.1e-05	2.9e-05	0.01402	7e-05	0.01899	0.01434
1	0.00028	0.84530	0.01962	0.03109	0.01826	0.04180	0.00019	0.01826	0.00022	0.00026	0.00015	0.00018	0.00014	9.5e-05	7.9e-05	2.4e-05	0.02380	6.1e-05	4.7e-05	0.00014
2	0.00804	0.00741	0.00957	0.01702	0.03143	0.00726	0.01580	0.00866	0.04360	0.02646	0.25767	0.34900	0.11187	0.00726	0.02143	0.00711	7.5e-05	0.05649	9.8e-05	0.01377
3	0.01146	0.01297	0.01549	0.75326	0.07119	0.01635	0.02140	0.02015	0.01015	0.02992	0.00020	0.00028	0.00015	0.01576	0.00011	3.5e-05	0.00976	9.4e-05	5.2e-05	0.01122
4	0.00016	0.00010	0.00012	0.00013	0.00013	0.00010	7.7e-05	0.00016	0.01583	0.00022	0.02576	0.02131	0.02638	0.68636	0.03991	0.16420	0.00010	0.01881	6.5e-05	6.6e-05
5	0.01054	0.00980	0.00015	0.00016	0.00018	0.01226	0.00011	0.05974	0.05405	0.01208	0.01270	0.73188	0.03301	0.00029	0.00014	0.01745	0.01392	0.02137	9.6e-05	0.01007
6	0.03723	0.03245	0.15852	0.14652	0.20110	0.08023	0.06140	0.08162	0.04898	0.04746	0.00919	0.06261	0.01022	0.00013	0.00011	3.3e-05	0.01338	0.00862	6.6e-05	0.00014
7	0.03057	0.00027	0.02397	0.00908	0.00997	0.01268	0.60716	0.04149	0.01071	0.02352	0.00023	0.00885	0.01820	0.00012	0.00888	3.7e-05	0.13460	0.00858	5.9e-05	0.05102

[dist]
# distance from previous block
# <min> <max>
0	76

# created by:
# /home/cegg/simao/soft/augustus-3.2.1/scripts/msa2prfl.pl ./align_prep/POG091H00QY.fa
