[name]
unknown

[dist]
# distance from previous block
# <min> <max>
0	116

[block]
# block no. 0 follows, 1994 sequences, length 27
# corresponding to MSA columns:
# 219-225,241,242,247-249,287-299,302,303
name=unknown_A
#
# <colnr> <probs for GDERKNQSTAVLIFYWHMCP>
#	G	D	E	R	K	N	Q	S	T	A	V	L	I	F	Y	W	H	M	C	P
0	0.01674	0.13015	0.15724	0.04089	0.09231	0.04198	0.06981	0.08133	0.06892	0.04848	0.03769	0.02490	0.01327	0.00468	0.00312	5.6e-05	0.00515	0.12341	0.00012	0.03974
1	0.02183	0.23029	0.20772	0.06107	0.10167	0.14252	0.08485	0.03283	0.02954	0.02748	0.01475	0.00741	0.00354	0.00018	0.00294	0.00248	0.00480	0.00549	9.3e-05	0.01850
2	0.00033	0.01300	0.03537	0.10391	0.08293	0.00294	0.01815	0.01320	0.01840	0.04907	0.01216	0.17012	0.02922	0.07630	0.14077	0.08092	0.01350	0.02755	0.00981	0.10238
3	0.00311	0.00019	0.01521	0.00412	0.00340	0.00017	0.00016	0.00302	0.01031	0.00386	0.25638	0.23525	0.27907	0.11274	0.06089	0.00352	0.00013	0.00524	0.00310	0.00015
4	0.00369	0.02585	0.14490	0.07012	0.03633	0.07727	0.07532	0.00954	0.06989	0.03234	0.20414	0.11113	0.04503	0.00270	0.02972	6.2e-05	0.00280	0.00324	0.04317	0.01275
5	0.00025	0.00018	0.00022	0.00022	0.00026	0.00017	0.00017	0.00483	0.02036	0.01485	0.47509	0.16527	0.24773	0.00683	0.00021	6e-05	9.4e-05	0.05843	0.00462	0.00016
6	0.82901	0.00032	0.00027	0.00024	0.00035	0.00036	0.00020	0.00055	0.00032	0.13905	0.00031	0.00033	0.00023	0.00017	0.00012	5.3e-05	0.00013	0.00011	0.02767	0.00020
7	0.00531	0.00284	0.04758	0.21850	0.38817	0.00387	0.05584	0.00660	0.04940	0.04921	0.05794	0.00376	0.04725	0.00640	0.04042	0.00325	0.00650	0.00341	0.00352	0.00023
8	0.00022	0.00018	0.00020	0.00020	0.00025	0.00016	0.00015	0.00529	0.00541	0.00540	0.16000	0.11762	0.63704	0.02731	0.00023	6.3e-05	9.4e-05	0.03987	0.00016	0.00015
9	0.27932	0.00459	0.00297	0.02163	0.02014	0.01011	0.01093	0.04678	0.07911	0.08873	0.30683	0.06251	0.03865	0.00513	0.01008	5.8e-05	0.00267	0.00431	0.00525	0.00020
10	0.17888	0.04275	0.00342	0.09525	0.08681	0.17118	0.00388	0.17584	0.05346	0.15698	0.00328	0.00810	0.00030	0.00421	0.00016	5.2e-05	0.00396	0.00757	0.00013	0.00377
11	0.00620	0.00032	0.00037	0.00031	0.00042	0.00031	0.00024	0.06868	0.29538	0.32005	0.09749	0.01433	0.00813	0.00647	0.00387	5.3e-05	0.00528	0.00367	0.00822	0.16022
12	0.00034	0.00032	0.00050	0.01078	0.00882	0.00038	0.15944	0.00551	0.00030	0.00043	0.00724	0.00440	0.00910	0.12013	0.21164	0.02983	0.43040	0.00018	8.7e-05	0.00018
13	0.96343	0.00034	0.00026	0.00983	0.00035	0.00039	0.00019	0.01272	0.00030	0.01060	0.00025	0.00029	0.00019	0.00016	0.00011	5.4e-05	0.00014	9.6e-05	0.00011	0.00019
14	0.00023	0.00018	0.00021	0.00022	0.00026	0.01646	0.00016	0.00028	0.01276	0.00052	0.23909	0.33320	0.37159	0.00529	0.00497	6.3e-05	0.00545	0.00876	0.00017	0.00015
15	0.00893	0.00548	0.01123	0.37480	0.39858	0.05739	0.06023	0.00927	0.00708	0.00997	0.00319	0.01004	0.00383	0.00018	0.00889	5.7e-05	0.02090	0.00368	0.00604	0.00023
16	0.99514	0.00034	0.00025	0.00023	0.00034	0.00039	0.00019	0.00051	0.00029	0.00078	0.00024	0.00028	0.00019	0.00016	0.00011	5.4e-05	0.00013	9.4e-05	0.00011	0.00019
17	0.01469	0.06148	0.54407	0.00384	0.00565	0.00787	0.02374	0.00534	0.00486	0.02346	0.00294	0.00342	0.00026	0.00895	0.00334	0.28288	0.00281	0.00014	8e-05	0.00020
18	0.00024	0.00017	0.00022	0.00023	0.00026	0.00016	0.00017	0.00641	0.00043	0.01320	0.51689	0.28395	0.08741	0.02948	0.00023	6.4e-05	9.6e-05	0.06005	0.00018	0.00016
19	0.00561	0.00035	0.00057	0.35074	0.47298	0.00761	0.00046	0.00875	0.03844	0.01921	0.02044	0.02511	0.00033	0.00758	0.00020	0.03323	0.00020	0.00017	0.00780	0.00023
20	0.00025	0.00018	0.00022	0.00022	0.00026	0.00016	0.00016	0.00031	0.00045	0.01773	0.68484	0.11097	0.15034	0.00917	0.00892	6e-05	9.1e-05	0.01532	0.00018	0.00016
21	0.00722	0.01535	0.05731	0.06601	0.13630	0.03475	0.06438	0.01594	0.03018	0.03657	0.03402	0.10229	0.06242	0.11960	0.14815	0.01829	0.02516	0.01695	0.00892	0.00019
22	0.00050	0.00036	0.00041	0.00515	0.00044	0.00518	0.00026	0.41024	0.04490	0.09183	0.08106	0.03813	0.04229	0.00023	0.00365	0.00584	0.00015	0.00398	0.00468	0.26071
23	0.00320	0.02684	0.02952	0.04792	0.00952	0.04251	0.01361	0.08440	0.07340	0.00571	0.04465	0.12684	0.04140	0.19797	0.14298	0.04277	0.06276	0.00371	0.00012	0.00017
24	0.02414	0.01355	0.00040	0.00034	0.00044	0.00042	0.00027	0.12739	0.70041	0.05504	0.01495	0.00061	0.00644	0.00023	0.00017	5.6e-05	0.00014	0.00019	0.04668	0.00814
25	0.03506	0.57509	0.19126	0.01456	0.00645	0.01635	0.01703	0.02948	0.00747	0.07873	0.00031	0.00820	0.00025	0.00016	0.00013	4.4e-05	0.00365	0.00012	9.1e-05	0.01555
26	0.01781	0.22434	0.10687	0.00493	0.02645	0.05154	0.02422	0.05558	0.01258	0.03203	0.01478	0.01129	0.01615	0.23124	0.04206	8.3e-05	0.01727	0.00340	0.00271	0.10469

[dist]
# distance from previous block
# <min> <max>
7	10

[block]
# block no. 1 follows, 1994 sequences, length 7
# corresponding to MSA columns:
# 320-326
name=unknown_B
#
# <colnr> <probs for GDERKNQSTAVLIFYWHMCP>
#	G	D	E	R	K	N	Q	S	T	A	V	L	I	F	Y	W	H	M	C	P
0	0.08901	0.04781	0.05300	0.04443	0.15590	0.10095	0.09466	0.11818	0.05142	0.07021	0.02948	0.01716	0.02080	0.00844	0.00018	5.3e-05	0.01013	0.01881	0.02662	0.04277
1	0.02386	0.02427	0.10034	0.16311	0.07599	0.02187	0.04578	0.02750	0.09146	0.02334	0.06000	0.02428	0.02594	0.01115	0.01931	0.01061	0.03874	0.01158	0.00890	0.19197
2	0.02375	0.00017	0.00023	0.00024	0.00026	0.00017	0.01601	0.00029	0.01466	0.02188	0.12986	0.38529	0.03940	0.04076	0.01639	0.28339	0.00013	0.01356	0.01342	0.00013
3	0.01264	0.01102	0.01788	0.02225	0.02510	0.00883	0.02651	0.03337	0.07460	0.05212	0.05075	0.11656	0.08624	0.10629	0.22904	0.05490	0.04053	0.01379	0.00902	0.00853
4	0.01891	0.02626	0.00901	0.02006	0.01415	0.00967	0.03707	0.03219	0.04631	0.03664	0.12272	0.33939	0.20652	0.03591	0.01086	0.01177	0.00013	0.01362	0.00015	0.00867
5	0.08471	0.09278	0.10826	0.09086	0.13124	0.01938	0.07285	0.06278	0.01919	0.03009	0.03842	0.03427	0.01563	0.09518	0.04483	0.01027	0.01096	0.01723	0.01170	0.00938
6	0.08225	0.15995	0.02275	0.09344	0.10852	0.04572	0.06479	0.03407	0.08202	0.06593	0.02703	0.04185	0.02115	0.01033	0.01348	5.5e-05	0.02255	0.01885	0.00781	0.07746

[dist]
# distance from previous block
# <min> <max>
13	55

[block]
# block no. 2 follows, 1994 sequences, length 7
# corresponding to MSA columns:
# 412-414,416,417,419,420
name=unknown_C
#
# <colnr> <probs for GDERKNQSTAVLIFYWHMCP>
#	G	D	E	R	K	N	Q	S	T	A	V	L	I	F	Y	W	H	M	C	P
0	0.17388	0.05330	0.03629	0.03964	0.01630	0.02923	0.02032	0.03695	0.06519	0.03775	0.05154	0.11243	0.02560	0.19122	0.01152	8.1e-05	0.03931	0.04275	0.01652	0.00018
1	0.00029	0.06345	0.01763	0.00025	0.00030	0.01202	0.00019	0.00035	0.01657	0.04613	0.25504	0.21852	0.07864	0.08062	0.08419	0.04754	0.01349	0.02917	0.00986	0.02577
2	0.01287	0.00020	0.00024	0.00023	0.00028	0.00018	0.01623	0.02413	0.02008	0.03830	0.31663	0.19184	0.29462	0.01496	0.01478	0.01498	0.01050	0.01832	0.01046	0.00016
3	0.03612	0.00021	0.00027	0.00025	0.00031	0.00019	0.00019	0.00046	0.01765	0.27666	0.23309	0.23159	0.13536	0.01697	0.00021	6.1e-05	0.00011	0.02842	0.02168	0.00019
4	0.01469	0.01033	0.03213	0.12614	0.35189	0.00039	0.07898	0.06047	0.12364	0.02708	0.01854	0.02035	0.00863	0.03300	0.01197	0.01611	0.04083	0.01220	0.01239	0.00024
5	0.00027	0.00018	0.00022	0.00022	0.00025	0.00017	0.00015	0.02274	0.01506	0.03850	0.04836	0.31200	0.07970	0.42560	0.00050	0.00011	0.00013	0.01953	0.01467	0.02165
6	0.03309	0.05954	0.25196	0.03002	0.25553	0.01533	0.05860	0.05575	0.02216	0.08765	0.03418	0.01480	0.00832	0.00872	0.00856	5.6e-05	0.01625	0.00858	0.00011	0.03078

[dist]
# distance from previous block
# <min> <max>
1	5

[block]
# block no. 3 follows, 1994 sequences, length 7
# corresponding to MSA columns:
# 435,441,443-446,465
name=unknown_D
#
# <colnr> <probs for GDERKNQSTAVLIFYWHMCP>
#	G	D	E	R	K	N	Q	S	T	A	V	L	I	F	Y	W	H	M	C	P
0	0.00026	0.00021	0.00025	0.01454	0.00984	0.00951	0.00859	0.02092	0.01239	0.01007	0.25548	0.10247	0.29334	0.04583	0.07906	0.00858	0.02995	0.06297	0.01481	0.02090
1	0.01787	0.31261	0.07844	0.01182	0.01834	0.12629	0.04097	0.06548	0.10375	0.03239	0.01706	0.01368	0.00910	0.00840	0.04481	5.8e-05	0.02205	0.00780	0.00785	0.06123
2	0.02140	0.40261	0.01839	0.01032	0.00892	0.14874	0.00898	0.11919	0.12689	0.00985	0.02068	0.00895	0.00994	0.01083	0.01096	5.1e-05	0.05408	0.00014	0.00886	0.00023
3	0.00030	0.00025	0.00038	0.43826	0.03124	0.00027	0.01483	0.00038	0.00038	0.03471	0.05425	0.02972	0.30216	0.01333	0.00019	5.8e-05	0.00016	0.02707	0.01568	0.03637
4	0.02607	0.18597	0.24712	0.00042	0.01158	0.32775	0.01993	0.03574	0.07438	0.01660	0.00033	0.01249	0.00027	0.00018	0.00016	4.8e-05	0.01531	0.00013	0.01114	0.01441
5	0.03671	0.22919	0.17344	0.01216	0.01674	0.00985	0.12846	0.04899	0.03077	0.19468	0.02679	0.03085	0.01240	0.01041	0.00018	5.3e-05	0.02389	0.01408	0.00012	0.00024
6	0.02037	0.00026	0.00034	0.00028	0.00038	0.00024	0.00023	0.02707	0.01842	0.60284	0.20835	0.02048	0.08089	0.00027	0.00018	5.5e-05	0.00013	0.01876	0.00020	0.00025

[dist]
# distance from previous block
# <min> <max>
0	1

[block]
# block no. 4 follows, 1994 sequences, length 13
# corresponding to MSA columns:
# 467-477,480,481
name=unknown_E
#
# <colnr> <probs for GDERKNQSTAVLIFYWHMCP>
#	G	D	E	R	K	N	Q	S	T	A	V	L	I	F	Y	W	H	M	C	P
0	0.01159	0.05904	0.54829	0.05831	0.01098	0.04370	0.06799	0.00966	0.01420	0.04268	0.00956	0.04765	0.00864	0.00974	0.00542	5.7e-05	0.01210	0.02901	0.00431	0.00706
1	0.02098	0.01216	0.04978	0.04377	0.15997	0.02596	0.02830	0.07712	0.05077	0.30233	0.01051	0.09594	0.02084	0.01349	0.00707	5.8e-05	0.02550	0.01248	0.00531	0.03766
2	0.00025	0.00018	0.00024	0.00583	0.00600	0.00594	0.00598	0.00578	0.00579	0.01478	0.01308	0.56788	0.03249	0.09048	0.16657	0.01730	0.00914	0.05201	0.00014	0.00015
3	0.00885	0.00035	0.00049	0.23974	0.28317	0.05465	0.01274	0.01997	0.11725	0.04541	0.09226	0.00996	0.05249	0.00691	0.00526	5.7e-05	0.00982	0.01491	0.02550	0.00023
4	0.56173	0.06477	0.02590	0.02365	0.02498	0.18393	0.02055	0.02228	0.01731	0.00733	0.00028	0.00034	0.00023	0.00604	0.00014	5.2e-05	0.01127	0.01430	0.00010	0.01480
5	0.06105	0.00698	0.00793	0.03183	0.10577	0.01557	0.03044	0.07193	0.05481	0.16134	0.05530	0.07278	0.02989	0.05817	0.06027	0.01358	0.02985	0.02945	0.10285	0.00021
6	0.00876	0.10897	0.28603	0.06308	0.04286	0.03583	0.03000	0.03914	0.06921	0.01684	0.06162	0.05172	0.04528	0.02140	0.06302	0.00591	0.00819	0.01914	0.00011	0.02287
7	0.00023	0.00017	0.00020	0.00022	0.00025	0.00015	0.00015	0.01082	0.00038	0.01163	0.11510	0.45538	0.34283	0.03422	0.00023	6.7e-05	9.9e-05	0.01755	0.01017	0.00015
8	0.03413	0.00476	0.03458	0.01579	0.13232	0.00763	0.02032	0.03740	0.02067	0.10065	0.05889	0.06516	0.01621	0.10755	0.21396	0.06406	0.01114	0.02089	0.03372	0.00019
9	0.02062	0.00019	0.00024	0.00023	0.01448	0.00018	0.00017	0.00035	0.01454	0.07811	0.48511	0.02815	0.32357	0.01176	0.00021	5.8e-05	9.6e-05	0.02159	0.00018	0.00017
10	0.00944	0.23124	0.10010	0.04655	0.04032	0.02545	0.01346	0.10712	0.05336	0.08861	0.00554	0.02033	0.00653	0.01278	0.01202	0.00510	0.02840	0.00646	0.00540	0.18180
11	0.02300	0.01347	0.15655	0.38194	0.08770	0.00037	0.01586	0.06979	0.01452	0.09532	0.01950	0.02515	0.00867	0.00595	0.01020	5.7e-05	0.00526	0.00747	0.00011	0.05913
12	0.03106	0.21211	0.22817	0.00767	0.02740	0.05411	0.03007	0.21346	0.04193	0.09127	0.01236	0.01317	0.00598	0.00019	0.00468	0.00537	0.00771	0.00014	0.00520	0.00796

[dist]
# distance from previous block
# <min> <max>
4	74

[block]
# block no. 5 follows, 1994 sequences, length 14
# corresponding to MSA columns:
# 571-573,575-585
name=unknown_F
#
# <colnr> <probs for GDERKNQSTAVLIFYWHMCP>
#	G	D	E	R	K	N	Q	S	T	A	V	L	I	F	Y	W	H	M	C	P
0	0.02092	0.06480	0.69680	0.01743	0.01452	0.00764	0.01770	0.03366	0.02491	0.03593	0.01892	0.00747	0.00028	0.00670	0.00471	5.6e-05	0.01215	0.00542	0.00973	0.00025
1	0.01601	0.00019	0.00025	0.00025	0.00027	0.00871	0.00018	0.00712	0.00028	0.01388	0.02110	0.00822	0.00723	0.32175	0.49330	0.06934	0.01650	0.00933	0.00595	0.00014
2	0.00026	0.00019	0.00028	0.00027	0.00030	0.00022	0.00021	0.00030	0.00028	0.00039	0.00049	0.01999	0.01617	0.14619	0.68898	0.04304	0.06128	0.02092	9.7e-05	0.00015
3	0.00029	0.05433	0.01040	0.00625	0.00031	0.00023	0.02972	0.00530	0.00687	0.00828	0.10784	0.06148	0.16634	0.05352	0.14423	0.25352	0.05612	0.00513	0.00550	0.02435
4	0.02613	0.04362	0.01110	0.09489	0.09047	0.00671	0.03110	0.07960	0.03169	0.16150	0.07766	0.01303	0.02323	0.05411	0.03524	7.2e-05	0.18667	0.00705	0.02048	0.00566
5	0.00044	0.65231	0.17752	0.01630	0.01271	0.01106	0.11109	0.00054	0.01579	0.00046	0.00028	0.00033	0.00023	0.00015	0.00013	4.4e-05	0.00021	0.00011	7.7e-05	0.00023
6	0.00021	0.00016	0.00020	0.00023	0.00025	0.00015	0.00016	0.00025	0.00035	0.00046	0.02540	0.72271	0.18754	0.00053	0.01974	7.2e-05	0.00011	0.04118	0.00016	0.00014
7	0.00025	0.00024	0.05869	0.02309	0.02883	0.00549	0.02323	0.00032	0.01124	0.00677	0.14607	0.10192	0.50415	0.02137	0.01053	6.4e-05	0.00012	0.05095	0.00015	0.00654
8	0.87290	0.04254	0.01796	0.01152	0.00037	0.02219	0.00021	0.01100	0.00933	0.01036	0.00025	0.00029	0.00020	0.00016	0.00011	5.3e-05	0.00014	9.8e-05	0.00011	0.00019
9	0.00027	0.00017	0.00021	0.00024	0.00026	0.00016	0.00017	0.01786	0.00036	0.02055	0.02136	0.54057	0.01275	0.01852	0.00021	6.5e-05	0.00011	0.13729	0.22872	0.00015
10	0.00871	0.09335	0.21374	0.08789	0.09585	0.04080	0.12347	0.06114	0.11202	0.06687	0.01424	0.01072	0.01064	0.00020	0.00433	5.4e-05	0.01194	0.01701	0.00789	0.01914
11	0.00030	0.00019	0.00025	0.00023	0.00028	0.00017	0.00017	0.00038	0.01179	0.09463	0.83048	0.01244	0.02615	0.01101	0.00021	5.6e-05	9.1e-05	0.01079	0.00019	0.00018
12	0.00027	0.00626	0.04035	0.06443	0.02603	0.00428	0.01866	0.00600	0.01355	0.00689	0.25811	0.08682	0.10152	0.10414	0.21678	0.01414	0.01222	0.01429	0.00510	0.00016
13	0.02597	0.29989	0.05841	0.01658	0.00482	0.10365	0.00956	0.03598	0.27280	0.00887	0.00724	0.07027	0.01847	0.00539	0.00427	5.3e-05	0.03015	0.02202	0.00537	0.00023

[dist]
# distance from previous block
# <min> <max>
1	21

[block]
# block no. 6 follows, 1994 sequences, length 10
# corresponding to MSA columns:
# 650,654,655,660,662-666,677
name=unknown_G
#
# <colnr> <probs for GDERKNQSTAVLIFYWHMCP>
#	G	D	E	R	K	N	Q	S	T	A	V	L	I	F	Y	W	H	M	C	P
0	0.03615	0.03282	0.16608	0.06361	0.10227	0.03908	0.08599	0.02497	0.07938	0.04574	0.11388	0.01174	0.03527	0.00744	0.10851	8e-05	0.02572	0.00843	0.00670	0.00614
1	0.00747	0.09617	0.13473	0.04658	0.05031	0.05504	0.01337	0.05699	0.04133	0.07283	0.09212	0.14076	0.02896	0.03180	0.04306	0.00598	0.02025	0.01285	0.02145	0.02795
2	0.00023	0.00018	0.00754	0.00997	0.00787	0.00017	0.00017	0.00792	0.00795	0.00861	0.07586	0.50978	0.21574	0.04779	0.05041	0.00760	0.00755	0.03435	0.00015	0.00015
3	0.99514	0.00034	0.00025	0.00023	0.00034	0.00039	0.00019	0.00051	0.00029	0.00078	0.00024	0.00028	0.00019	0.00016	0.00011	5.4e-05	0.00013	9.4e-05	0.00011	0.00019
4	0.00038	0.00930	0.09011	0.07727	0.22667	0.00800	0.08331	0.02084	0.19117	0.02205	0.13739	0.00821	0.05818	0.00609	0.00651	0.00555	0.02726	0.00866	0.00635	0.00670
5	0.00024	0.00018	0.00022	0.00021	0.00026	0.00016	0.00016	0.00031	0.00045	0.02267	0.58566	0.11771	0.24845	0.00040	0.00021	5.8e-05	8.9e-05	0.02224	0.00018	0.00016
6	0.00830	0.07553	0.03908	0.03262	0.20566	0.01204	0.02007	0.15135	0.12776	0.05336	0.11410	0.01514	0.06492	0.01369	0.01445	5.9e-05	0.03223	0.00678	0.01264	0.00024
7	0.07093	0.35547	0.24764	0.01708	0.01012	0.02703	0.02226	0.04378	0.01319	0.07777	0.00802	0.00758	0.00717	0.00020	0.01288	5.3e-05	0.07185	0.00665	9.7e-05	0.00023
8	0.00024	0.00018	0.00022	0.00023	0.00026	0.00016	0.00017	0.01710	0.00042	0.00056	0.35630	0.21260	0.26447	0.03382	0.00023	6.6e-05	0.00010	0.11257	0.00017	0.00015
9	0.00621	0.03671	0.01806	0.00783	0.00032	0.00634	0.02767	0.01133	0.01041	0.00970	0.03775	0.31010	0.14910	0.14438	0.03242	0.00864	0.03067	0.14345	0.00014	0.00877

[dist]
# distance from previous block
# <min> <max>
3	5

[block]
# block no. 7 follows, 1994 sequences, length 7
# corresponding to MSA columns:
# 686,687,694,703-705,707
name=unknown_H
#
# <colnr> <probs for GDERKNQSTAVLIFYWHMCP>
#	G	D	E	R	K	N	Q	S	T	A	V	L	I	F	Y	W	H	M	C	P
0	0.17651	0.02570	0.00052	0.01195	0.01148	0.38015	0.13144	0.02225	0.01477	0.04825	0.02744	0.00041	0.01778	0.00021	0.01142	5.6e-05	0.11923	0.00014	0.00010	0.00021
1	0.01003	0.62457	0.06060	0.00900	0.00865	0.01118	0.06341	0.05336	0.03456	0.02374	0.00031	0.01314	0.00027	0.00819	0.01110	0.01256	0.01168	0.00811	0.00928	0.02624
2	0.00026	0.00022	0.00025	0.01460	0.00030	0.06052	0.01560	0.00033	0.02470	0.00056	0.41127	0.25151	0.17188	0.01473	0.00022	0.01654	0.00011	0.01609	0.00016	0.00016
3	0.00025	0.00019	0.00023	0.00025	0.00027	0.03245	0.00018	0.00029	0.00033	0.01702	0.03542	0.51624	0.05730	0.04091	0.15768	0.08756	0.00017	0.05297	0.00014	0.00014
4	0.00905	0.01487	0.27388	0.05519	0.03858	0.00876	0.03331	0.02315	0.01802	0.02739	0.32953	0.05910	0.04898	0.00029	0.00851	0.01552	0.01060	0.01322	0.01186	0.00020
5	0.00026	0.00019	0.00023	0.03251	0.00029	0.00018	0.00017	0.01490	0.01633	0.02918	0.42910	0.09289	0.31480	0.02454	0.01447	6.3e-05	0.00010	0.01443	0.01521	0.00016
6	0.02785	0.05046	0.08106	0.19931	0.23840	0.01134	0.05742	0.04046	0.06853	0.06677	0.02490	0.04610	0.02063	0.00788	0.00019	0.00778	0.02512	0.00874	0.00850	0.00856

[dist]
# distance from previous block
# <min> <max>
3	54

[block]
# block no. 8 follows, 1994 sequences, length 7
# corresponding to MSA columns:
# 771,773,774,788,790,791,793
name=unknown_I
#
# <colnr> <probs for GDERKNQSTAVLIFYWHMCP>
#	G	D	E	R	K	N	Q	S	T	A	V	L	I	F	Y	W	H	M	C	P
0	0.01172	0.11925	0.39531	0.02351	0.11641	0.02213	0.01747	0.04125	0.10485	0.01439	0.02532	0.02584	0.01240	0.00020	0.00017	5.3e-05	0.02833	0.01058	0.00010	0.03071
1	0.00848	0.00023	0.01286	0.15708	0.01995	0.00823	0.00958	0.00038	0.01407	0.06931	0.28611	0.12789	0.08015	0.04951	0.06734	0.02456	0.02858	0.01700	0.01034	0.00833
2	0.00025	0.00018	0.00024	0.01417	0.00029	0.01782	0.01344	0.00028	0.00034	0.01469	0.01685	0.68693	0.01375	0.01633	0.04966	0.03114	0.00014	0.10567	0.01768	0.00015
3	0.00023	0.00017	0.00020	0.00020	0.00025	0.00015	0.00015	0.00028	0.00040	0.02338	0.17556	0.17433	0.54359	0.03806	0.02060	6.9e-05	0.00010	0.02197	0.00016	0.00015
4	0.00038	0.00032	0.00037	0.00027	0.00042	0.00025	0.00021	0.07167	0.00039	0.00060	0.00032	0.00036	0.00026	0.00013	0.00013	2.8e-05	0.00013	0.00011	0.00011	0.92354
5	0.01435	0.01175	0.00027	0.00925	0.01137	0.02374	0.00017	0.01326	0.00032	0.13472	0.03666	0.03368	0.01638	0.46739	0.13329	0.05330	0.01133	0.01950	0.00911	0.00015
6	0.00033	0.01085	0.00031	0.02572	0.01082	0.01119	0.01957	0.10551	0.11201	0.03033	0.25335	0.10373	0.26429	0.00035	0.01058	6e-05	0.02988	0.00029	0.01065	0.00019

[dist]
# distance from previous block
# <min> <max>
0	1

[block]
# block no. 9 follows, 1994 sequences, length 9
# corresponding to MSA columns:
# 795,816,818-821,831-833
name=unknown_J
#
# <colnr> <probs for GDERKNQSTAVLIFYWHMCP>
#	G	D	E	R	K	N	Q	S	T	A	V	L	I	F	Y	W	H	M	C	P
0	0.08282	0.16458	0.17165	0.06760	0.22319	0.01862	0.02217	0.05020	0.00944	0.03239	0.00034	0.01294	0.00752	0.00018	0.00936	5.1e-05	0.01509	0.01145	9.6e-05	0.10031
1	0.01425	0.11510	0.15191	0.01926	0.02060	0.01893	0.15668	0.09432	0.03415	0.22827	0.03438	0.00756	0.02302	0.00021	0.00745	0.00863	0.01682	0.00977	0.00013	0.03857
2	0.00030	0.01256	0.00025	0.00023	0.00027	0.00916	0.00017	0.02083	0.01797	0.07382	0.32643	0.02758	0.15986	0.18280	0.07598	9.3e-05	0.01456	0.01223	0.06475	0.00016
3	0.00025	0.00018	0.00022	0.00021	0.00026	0.00017	0.00016	0.00033	0.01938	0.03265	0.62204	0.05192	0.23287	0.03831	0.00023	6.1e-05	9.1e-05	0.00033	0.00018	0.00016
4	0.02211	0.02886	0.02694	0.03749	0.19476	0.00666	0.03889	0.01026	0.02755	0.02089	0.04959	0.19052	0.03615	0.00027	0.01685	5.3e-05	0.01353	0.00831	0.00660	0.26373
5	0.03063	0.10528	0.22889	0.03339	0.10186	0.06506	0.03985	0.08656	0.10449	0.05143	0.05551	0.01085	0.02275	0.00737	0.00651	5.5e-05	0.02338	0.01290	0.00607	0.00714
6	0.00025	0.00019	0.00024	0.01573	0.01671	0.00018	0.00017	0.00033	0.01818	0.01181	0.61870	0.02051	0.23906	0.01664	0.00023	0.01643	0.01030	0.01400	0.00017	0.00016
7	0.00047	0.71297	0.02697	0.01236	0.03479	0.09489	0.01004	0.03514	0.00039	0.01137	0.00873	0.00873	0.00876	0.00017	0.00843	4.3e-05	0.00915	0.00011	0.01625	0.00022
8	0.00027	0.00021	0.00903	0.03540	0.02130	0.01251	0.02181	0.00877	0.02874	0.01694	0.13317	0.43542	0.14338	0.02571	0.01170	6.8e-05	0.01176	0.04067	0.00015	0.04299

[dist]
# distance from previous block
# <min> <max>
1	7

[block]
# block no. 10 follows, 1994 sequences, length 10
# corresponding to MSA columns:
# 857,859,861,862,865-867,874-876
name=unknown_K
#
# <colnr> <probs for GDERKNQSTAVLIFYWHMCP>
#	G	D	E	R	K	N	Q	S	T	A	V	L	I	F	Y	W	H	M	C	P
0	0.00034	0.00641	0.05934	0.27374	0.13906	0.00033	0.03762	0.01256	0.11789	0.00989	0.08106	0.05539	0.09253	0.03148	0.04241	0.00722	0.01425	0.00944	0.00885	0.00021
1	0.00027	0.00019	0.00024	0.00025	0.03440	0.00017	0.00018	0.00032	0.00042	0.05959	0.21315	0.10229	0.45587	0.00041	0.00021	6.1e-05	0.00010	0.13154	0.00017	0.00016
2	0.00679	0.05517	0.08278	0.05543	0.06191	0.01154	0.02673	0.01774	0.14693	0.00619	0.23515	0.05270	0.13526	0.00801	0.04440	0.00698	0.03270	0.00736	0.00603	0.00020
3	0.00029	0.00021	0.00024	0.00023	0.00028	0.03432	0.00017	0.01346	0.01149	0.05977	0.51133	0.05822	0.26030	0.01095	0.00966	6e-05	0.00010	0.01674	0.01201	0.00017
4	0.00045	0.35106	0.11546	0.03907	0.06297	0.08127	0.01505	0.07572	0.04800	0.02838	0.01991	0.02312	0.02381	0.00617	0.00624	5.2e-05	0.08082	0.00639	0.00599	0.01009
5	0.00765	0.01151	0.02019	0.05706	0.03450	0.00642	0.00705	0.00939	0.01494	0.01212	0.05223	0.15040	0.03943	0.00690	0.00031	0.27605	0.00014	0.01290	0.00011	0.28070
6	0.05041	0.12665	0.02665	0.00868	0.01187	0.04362	0.02352	0.00784	0.00632	0.02129	0.05061	0.10979	0.07856	0.03547	0.00716	0.00562	0.00954	0.09847	0.01660	0.26135
7	0.03956	0.04260	0.31187	0.01534	0.04189	0.00879	0.02557	0.01745	0.01601	0.12490	0.03360	0.06569	0.02547	0.01065	0.00019	0.03427	0.00684	0.00794	0.00011	0.17124
8	0.46262	0.15306	0.12480	0.00771	0.00042	0.02055	0.00909	0.01247	0.01043	0.07364	0.04759	0.00043	0.01859	0.00669	0.02346	0.00850	0.01076	0.00886	0.00011	0.00021
9	0.06700	0.01452	0.01488	0.00025	0.00809	0.00020	0.00810	0.00667	0.00754	0.01965	0.03377	0.40443	0.03978	0.16567	0.11762	0.05891	0.00665	0.02597	0.00013	0.00015

[dist]
# distance from previous block
# <min> <max>
0	50

# created by:
# /home/cegg/simao/soft/augustus-3.2.1/scripts/msa2prfl.pl ./align_prep/POG091H012K.fa
