[name]
unknown

[dist]
# distance from previous block
# <min> <max>
0	459

[block]
# block no. 0 follows, 2361 sequences, length 15
# corresponding to MSA columns:
# 502-516
name=unknown_A
#
# <colnr> <probs for GDERKNQSTAVLIFYWHMCP>
#	G	D	E	R	K	N	Q	S	T	A	V	L	I	F	Y	W	H	M	C	P
0	0.02876	0.00562	0.01845	0.00688	0.09305	0.03357	0.03617	0.07207	0.07722	0.06670	0.01009	0.01528	0.03468	0.00741	0.00479	0.02460	0.01101	0.43293	0.00359	0.01713
1	0.00912	0.01717	0.02093	0.69404	0.12892	0.00609	0.01850	0.00990	0.01336	0.00610	0.01220	0.00871	0.03303	0.00016	0.00015	4.9e-05	0.00477	0.00014	7.6e-05	0.01659
2	0.00531	0.00592	0.01137	0.13949	0.45077	0.01638	0.06876	0.00826	0.13720	0.01199	0.02174	0.00629	0.04450	0.00017	0.00445	4.7e-05	0.02795	0.00440	9e-05	0.03493
3	0.00548	0.00026	0.00034	0.03624	0.15011	0.01695	0.01689	0.02382	0.03912	0.01192	0.04422	0.06530	0.08446	0.01683	0.01696	4.1e-05	0.01017	0.00593	9.9e-05	0.45487
4	0.00021	0.00015	0.00019	0.01313	0.00023	0.00014	0.00575	0.00608	0.00029	0.00578	0.12054	0.26912	0.21965	0.10244	0.10679	0.10417	0.00862	0.02459	0.01202	0.00012
5	0.00020	0.00015	0.00018	0.00018	0.00021	0.00013	0.00013	0.00025	0.00035	0.01289	0.39725	0.10057	0.37293	0.07045	0.00022	5.6e-05	8.1e-05	0.04351	0.00014	0.00013
6	0.16153	0.00022	0.00027	0.00023	0.00031	0.00021	0.00018	0.00695	0.00908	0.49165	0.13981	0.02308	0.07609	0.02331	0.00677	5.1e-05	0.00011	0.05265	0.00730	0.00020
7	0.67566	0.00028	0.00025	0.00022	0.00031	0.00031	0.00018	0.04348	0.10548	0.08915	0.00034	0.01108	0.01452	0.00017	0.00011	4.7e-05	0.00012	0.05800	0.00011	0.00018
8	0.00055	0.00067	0.00042	0.00037	0.00045	0.88217	0.00028	0.11257	0.00045	0.00042	0.00024	0.00027	0.00020	0.00015	0.00013	3.8e-05	0.00025	9.9e-05	8.4e-05	0.00018
9	0.00025	0.00013	0.00019	0.00019	0.00020	0.00013	0.00013	0.00021	0.02541	0.00027	0.00030	0.05953	0.00031	0.01973	0.00054	0.89206	0.00012	0.00015	7.1e-05	7.2e-05
10	0.00038	0.00034	0.00058	0.00086	0.93600	0.00034	0.00044	0.00047	0.00034	0.05842	0.00029	0.00037	0.00024	0.00013	0.00015	4.4e-05	0.00017	0.00013	7.9e-05	0.00023
11	0.00023	0.00017	0.00024	0.00026	0.00030	0.00017	0.01113	0.01006	0.01072	0.00044	0.00078	0.13091	0.01496	0.00040	0.00020	6.5e-05	0.00013	0.80857	0.01015	0.00014
12	0.00044	0.00053	0.00039	0.05833	0.00045	0.62566	0.00863	0.00049	0.01028	0.00036	0.00026	0.00035	0.00023	0.02447	0.12748	7e-05	0.13268	0.00867	7.5e-05	0.00016
13	0.20252	0.00031	0.00736	0.00493	0.39749	0.02739	0.08569	0.00041	0.01292	0.00542	0.00530	0.11208	0.00460	0.01327	0.01224	5e-05	0.01236	0.04272	0.00520	0.04773
14	0.05004	0.07217	0.00832	0.04036	0.01634	0.26619	0.01008	0.11030	0.29672	0.01791	0.00920	0.03765	0.00611	0.00018	0.00014	4.4e-05	0.00017	0.01711	0.00456	0.03641

[dist]
# distance from previous block
# <min> <max>
6	7

[block]
# block no. 1 follows, 2361 sequences, length 7
# corresponding to MSA columns:
# 536-542
name=unknown_B
#
# <colnr> <probs for GDERKNQSTAVLIFYWHMCP>
#	G	D	E	R	K	N	Q	S	T	A	V	L	I	F	Y	W	H	M	C	P
0	0.00022	0.00919	0.01003	0.00924	0.00023	0.01002	0.00936	0.01339	0.02328	0.00969	0.03714	0.42171	0.01885	0.30765	0.04919	0.02465	0.01557	0.03035	0.00011	0.00012
1	0.00029	0.00019	0.01736	0.00021	0.00027	0.01177	0.01152	0.01593	0.03855	0.16472	0.27014	0.18370	0.16022	0.04230	0.00020	0.01144	9.9e-05	0.04473	0.02618	0.00016
2	0.01870	0.05234	0.16660	0.04395	0.12214	0.08176	0.20221	0.07408	0.05691	0.07426	0.01550	0.01115	0.01349	0.00913	0.00984	4.9e-05	0.03869	0.00891	9.2e-05	0.00020
3	0.10894	0.05722	0.20136	0.04568	0.15281	0.03668	0.07226	0.03955	0.03299	0.14819	0.01814	0.01741	0.02275	0.00823	0.01044	4.8e-05	0.00924	0.00013	0.00836	0.00956
4	0.00020	0.00014	0.00018	0.00019	0.00021	0.00014	0.00013	0.00024	0.02392	0.02176	0.14660	0.50124	0.12188	0.15871	0.00027	6.9e-05	9.3e-05	0.02375	0.00013	0.00012
5	0.01472	0.03576	0.02054	0.09358	0.22764	0.05948	0.01914	0.06208	0.03053	0.20200	0.06916	0.06515	0.02102	0.00802	0.00016	0.01034	0.01046	0.00986	0.02399	0.01638
6	0.06594	0.07015	0.09941	0.02134	0.06644	0.09478	0.05561	0.07576	0.04060	0.10846	0.01377	0.02258	0.02075	0.08613	0.00987	0.03200	0.02008	0.01257	0.00781	0.07597

[dist]
# distance from previous block
# <min> <max>
4	42

[block]
# block no. 2 follows, 2361 sequences, length 14
# corresponding to MSA columns:
# 606-612,615-618,626-628
name=unknown_C
#
# <colnr> <probs for GDERKNQSTAVLIFYWHMCP>
#	G	D	E	R	K	N	Q	S	T	A	V	L	I	F	Y	W	H	M	C	P
0	0.00623	0.01059	0.00476	0.02214	0.01909	0.01025	0.00701	0.02868	0.02415	0.09005	0.44956	0.02080	0.06773	0.00917	0.00562	4.6e-05	0.00938	0.01350	0.19281	0.00846
1	0.02360	0.28625	0.37046	0.02708	0.04243	0.02049	0.03165	0.01450	0.04146	0.02050	0.02901	0.01849	0.02901	0.00016	0.00014	4.3e-05	0.03590	0.00012	0.00850	0.00020
2	0.00028	0.00019	0.00024	0.00022	0.01855	0.00018	0.01461	0.06550	0.03578	0.09698	0.46882	0.05940	0.16016	0.01483	0.02069	0.00644	9.8e-05	0.00874	0.01329	0.01498
3	0.18803	0.00020	0.00024	0.00021	0.00637	0.00020	0.00017	0.01262	0.01730	0.22211	0.28236	0.04925	0.08263	0.04000	0.00706	0.01165	0.00010	0.06676	0.01257	0.00017
4	0.00020	0.00015	0.00017	0.00017	0.00021	0.00013	0.00013	0.00025	0.00036	0.01245	0.37970	0.09928	0.42332	0.03111	0.01267	5.5e-05	8.2e-05	0.02882	0.01062	0.00013
5	0.05232	0.00020	0.00023	0.00020	0.00027	0.01140	0.00016	0.01269	0.03331	0.32482	0.00754	0.04702	0.06586	0.08080	0.00970	5.4e-05	0.00657	0.03906	0.30764	0.00017
6	0.01313	0.00025	0.00030	0.00022	0.00034	0.00020	0.00018	0.03323	0.03094	0.14765	0.11970	0.00865	0.00942	0.00016	0.00013	3.1e-05	0.00011	0.00751	0.00894	0.61893
7	0.01593	0.01083	0.00034	0.00025	0.00037	0.00983	0.03043	0.10835	0.07582	0.04668	0.01977	0.00038	0.02226	0.00014	0.00012	3e-05	0.00012	0.00011	0.00010	0.65813
8	0.00035	0.02137	0.01809	0.00022	0.00027	0.00621	0.00477	0.06973	0.05391	0.21416	0.02917	0.01597	0.01109	0.42217	0.08044	0.00010	0.00717	0.02772	0.01151	0.00557
9	0.01822	0.00021	0.00024	0.00022	0.00028	0.00021	0.00017	0.01599	0.28553	0.00966	0.13924	0.22599	0.15788	0.01047	0.00017	5e-05	9.7e-05	0.04379	0.00826	0.08332
10	0.00569	0.15041	0.00038	0.00027	0.00033	0.04772	0.02277	0.07889	0.01967	0.13731	0.02171	0.03768	0.00663	0.10462	0.21194	9.6e-05	0.10498	0.01268	0.03606	0.00017
11	0.00019	0.00014	0.00018	0.00020	0.00022	0.00013	0.00825	0.00843	0.01373	0.01239	0.03918	0.74122	0.15465	0.01140	0.00019	5.8e-05	8.7e-05	0.00908	0.00014	0.00013
12	0.03535	0.09790	0.07279	0.09639	0.01999	0.02535	0.04963	0.11975	0.07059	0.13307	0.02350	0.01911	0.01384	0.01248	0.07461	0.00855	0.04045	0.00889	0.01186	0.06589
13	0.02631	0.04079	0.03891	0.04419	0.04680	0.01739	0.11666	0.15778	0.12539	0.15214	0.02176	0.05889	0.00764	0.01083	0.01450	4.9e-05	0.00807	0.02074	0.00576	0.08541

[dist]
# distance from previous block
# <min> <max>
3	19

[block]
# block no. 3 follows, 2361 sequences, length 9
# corresponding to MSA columns:
# 660,672-679
name=unknown_D
#
# <colnr> <probs for GDERKNQSTAVLIFYWHMCP>
#	G	D	E	R	K	N	Q	S	T	A	V	L	I	F	Y	W	H	M	C	P
0	0.07527	0.07586	0.06227	0.07640	0.08235	0.14557	0.02095	0.07230	0.03518	0.05171	0.04466	0.05627	0.01923	0.00781	0.00769	4.5e-05	0.05343	0.00990	0.00723	0.09587
1	0.01045	0.00015	0.00018	0.00018	0.00021	0.00014	0.00013	0.00024	0.00034	0.01227	0.25078	0.23505	0.39748	0.03079	0.01148	5.6e-05	0.01054	0.01612	0.01264	0.01077
2	0.08608	0.00705	0.05332	0.08585	0.17010	0.01049	0.05654	0.07100	0.05361	0.14429	0.03193	0.05958	0.04955	0.01999	0.02358	0.01100	0.04410	0.01426	0.00749	0.00019
3	0.00927	0.00016	0.00020	0.00020	0.00024	0.00016	0.00015	0.00907	0.06658	0.01763	0.26395	0.26377	0.14192	0.02404	0.11305	0.05332	0.01010	0.01626	0.00013	0.00978
4	0.70292	0.00027	0.00023	0.00020	0.00029	0.01161	0.00017	0.02659	0.00029	0.13153	0.03731	0.01333	0.01800	0.01408	0.01226	4.9e-05	0.00012	0.00011	0.03047	0.00017
5	0.05338	0.00026	0.00033	0.00026	0.00036	0.00023	0.00021	0.04586	0.03378	0.80719	0.03704	0.00052	0.01951	0.00019	0.00015	4.6e-05	0.00012	0.00015	0.00017	0.00024
6	0.00034	0.00044	0.13056	0.00059	0.00075	0.00037	0.86376	0.00047	0.00034	0.00047	0.00029	0.00038	0.00022	0.00013	0.00017	4.9e-05	0.00024	0.00016	7.3e-05	0.00020
7	0.00049	0.28283	0.01646	0.00034	0.00043	0.59967	0.00028	0.01840	0.04160	0.02054	0.00024	0.00028	0.00020	0.00015	0.00013	3.7e-05	0.01758	9.5e-05	7.8e-05	0.00018
8	0.01403	0.00017	0.00021	0.00020	0.00025	0.01113	0.00016	0.02669	0.03295	0.04175	0.34901	0.09694	0.08246	0.01204	0.00017	5.1e-05	9.3e-05	0.18235	0.14919	0.00015

[dist]
# distance from previous block
# <min> <max>
3	5

[block]
# block no. 4 follows, 2361 sequences, length 15
# corresponding to MSA columns:
# 691-705
name=unknown_E
#
# <colnr> <probs for GDERKNQSTAVLIFYWHMCP>
#	G	D	E	R	K	N	Q	S	T	A	V	L	I	F	Y	W	H	M	C	P
0	0.09500	0.19896	0.23891	0.00671	0.04781	0.07808	0.00865	0.03488	0.03997	0.06407	0.03927	0.05197	0.01071	0.00588	0.00811	4.4e-05	0.00432	0.01201	9.2e-05	0.05456
1	0.01143	0.03583	0.12566	0.00570	0.10633	0.07224	0.09960	0.27075	0.03043	0.07716	0.00699	0.07332	0.00469	0.03008	0.00374	0.00462	0.02566	0.00487	0.00405	0.00683
2	0.92320	0.00028	0.00022	0.00020	0.00029	0.00033	0.00016	0.00045	0.04202	0.03143	0.00023	0.00026	0.00018	0.00014	9.5e-05	4.6e-05	0.00011	8.5e-05	9.6e-05	0.00016
3	0.00063	0.00026	0.01467	0.00027	0.00039	0.00022	0.02510	0.01853	0.00042	0.89216	0.00055	0.00048	0.00035	0.00018	0.00015	4.4e-05	0.00013	0.00014	0.00017	0.04515
4	0.00022	0.00016	0.00021	0.03415	0.00024	0.00017	0.00015	0.00024	0.00023	0.00032	0.00045	0.04262	0.00048	0.45315	0.37790	0.01195	0.02636	0.05079	8.7e-05	0.00011
5	0.00036	0.00031	0.00033	0.00030	0.00038	0.00036	0.00023	0.00078	0.99367	0.00061	0.00060	0.00055	0.00045	0.00020	0.00015	5e-05	0.00012	0.00017	0.00015	0.00023
6	0.93933	0.00029	0.00023	0.00020	0.00029	0.00033	0.00016	0.03440	0.00027	0.02314	0.00022	0.00025	0.00017	0.00014	9.4e-05	4.5e-05	0.00012	8.3e-05	9.5e-05	0.00016
7	0.00031	0.07032	0.86852	0.00041	0.01585	0.00036	0.02037	0.00047	0.00031	0.02140	0.00027	0.00031	0.00019	0.00014	0.00014	4.5e-05	0.00021	0.00011	6.5e-05	0.00022
8	0.00024	0.00020	0.00734	0.00020	0.00025	0.03696	0.00015	0.00965	0.15784	0.00050	0.33152	0.01964	0.39835	0.00729	0.00959	5.1e-05	9.2e-05	0.01363	0.00635	0.00015
9	0.01746	0.00039	0.00730	0.00033	0.00044	0.00835	0.00770	0.82968	0.00896	0.09560	0.00037	0.00719	0.00026	0.00018	0.00015	4.4e-05	0.00016	0.00013	0.00823	0.00708
10	0.08325	0.00025	0.00030	0.00023	0.00034	0.00022	0.00019	0.02039	0.03115	0.33205	0.03154	0.01558	0.04345	0.00017	0.00013	0.00620	0.00011	0.01541	0.01739	0.40167
11	0.03991	0.13377	0.15317	0.04192	0.07211	0.01951	0.02866	0.12254	0.03062	0.15970	0.04714	0.04415	0.01753	0.00405	0.00588	0.00488	0.00365	0.00378	0.00532	0.06172
12	0.00971	0.00021	0.00033	0.00031	0.00036	0.00729	0.12630	0.03067	0.00735	0.06707	0.04204	0.04544	0.00770	0.02182	0.00020	6.3e-05	0.01221	0.62063	0.00013	0.00015
13	0.00019	0.00013	0.00017	0.00020	0.00022	0.00012	0.00014	0.00022	0.00029	0.01976	0.04481	0.84100	0.05403	0.01139	0.00879	6e-05	8.8e-05	0.00962	0.00864	0.00012
14	0.00697	0.00476	0.03026	0.07182	0.31150	0.02165	0.03471	0.04691	0.04476	0.25776	0.05618	0.07117	0.01219	0.00410	0.00756	4.8e-05	0.00729	0.00415	0.00599	0.00021

[dist]
# distance from previous block
# <min> <max>
0	15

[block]
# block no. 5 follows, 2361 sequences, length 20
# corresponding to MSA columns:
# 721-732,734-736,752-755,760
name=unknown_F
#
# <colnr> <probs for GDERKNQSTAVLIFYWHMCP>
#	G	D	E	R	K	N	Q	S	T	A	V	L	I	F	Y	W	H	M	C	P
0	0.00937	0.40787	0.25459	0.00617	0.10353	0.00876	0.01974	0.13379	0.00547	0.03562	0.00026	0.00030	0.00021	0.00442	0.00013	4e-05	0.00933	0.00010	8e-05	0.00021
1	0.00409	0.00018	0.00567	0.00021	0.00025	0.00370	0.00425	0.04278	0.04693	0.07484	0.11589	0.29327	0.20175	0.12520	0.00412	6.5e-05	0.00434	0.06548	0.00686	0.00014
2	0.77197	0.02436	0.00767	0.00555	0.04010	0.05093	0.02874	0.02115	0.00028	0.01252	0.00367	0.00027	0.00018	0.00581	0.00379	0.00312	0.00765	0.00333	0.00319	0.00574
3	0.01952	0.00018	0.00021	0.00019	0.00024	0.00017	0.00015	0.01981	0.04771	0.16564	0.29688	0.04444	0.10824	0.00025	0.00015	4.4e-05	8.5e-05	0.01399	0.28195	0.00016
4	0.02847	0.17223	0.09160	0.06009	0.17105	0.03848	0.08649	0.11947	0.16209	0.02235	0.00440	0.00419	0.00026	0.00385	0.00015	4.4e-05	0.02383	0.00013	0.00632	0.00451
5	0.04429	0.00018	0.00024	0.00024	0.00430	0.00348	0.00367	0.00615	0.02449	0.00833	0.01736	0.04470	0.03476	0.07791	0.62414	0.02614	0.05997	0.01326	0.00627	0.00013
6	0.01199	0.00018	0.00022	0.00020	0.00024	0.00585	0.00015	0.04932	0.01617	0.06430	0.73891	0.00739	0.07176	0.00028	0.00017	4.6e-05	8e-05	0.00025	0.03235	0.00015
7	0.00020	0.00017	0.03964	0.00019	0.00023	0.00014	0.00596	0.00025	0.00850	0.01713	0.15334	0.21084	0.52898	0.00036	0.00017	5.1e-05	8.5e-05	0.02777	0.00586	0.00013
8	0.00019	0.00015	0.00017	0.00018	0.00021	0.00013	0.00013	0.00024	0.00817	0.00979	0.29093	0.23257	0.43590	0.00037	0.00018	5.1e-05	7.7e-05	0.01057	0.00987	0.00013
9	0.96917	0.00028	0.00022	0.00019	0.00029	0.00033	0.00016	0.00044	0.00025	0.02732	0.00021	0.00025	0.00016	0.00014	9.2e-05	4.5e-05	0.00011	8.1e-05	9.3e-05	0.00016
10	0.00032	0.00032	0.00045	0.00038	0.00038	0.00045	0.00032	0.00035	0.00022	0.00035	0.00019	0.00032	0.00019	0.00026	0.00048	6.4e-05	0.99458	0.00013	6.4e-05	0.00016
11	0.00054	0.00040	0.00043	0.00033	0.00044	0.00044	0.00027	0.93480	0.00067	0.00735	0.00778	0.00734	0.00838	0.00795	0.00632	0.00952	0.00016	0.00014	0.00651	0.00024
12	0.00029	0.00076	0.99409	0.00042	0.00063	0.00034	0.00054	0.00046	0.00031	0.00046	0.00026	0.00031	0.00019	0.00014	0.00014	4.6e-05	0.00022	0.00011	6.2e-05	0.00022
13	0.00028	0.00026	0.00044	0.95018	0.00098	0.00032	0.01779	0.00038	0.00029	0.00038	0.00027	0.00039	0.00020	0.00015	0.00015	4.8e-05	0.00019	0.00013	0.02701	0.00016
14	0.00029	0.00027	0.00044	0.94440	0.00098	0.01494	0.00040	0.02231	0.00030	0.00039	0.00028	0.00040	0.01370	0.00015	0.00015	4.9e-05	0.00019	0.00013	6.8e-05	0.00016
15	0.02285	0.06462	0.20626	0.02229	0.03997	0.02172	0.22052	0.03283	0.12565	0.09194	0.00372	0.06041	0.00994	0.00339	0.00017	0.00317	0.05663	0.01362	9.8e-05	0.00020
16	0.00737	0.01362	0.00571	0.00375	0.00605	0.00592	0.00412	0.00454	0.00327	0.02599	0.02047	0.13152	0.10901	0.03715	0.55266	0.00434	0.01343	0.05085	0.0001	0.00013
17	0.00025	0.00389	0.00026	0.00816	0.00026	0.00697	0.00942	0.00428	0.00023	0.00433	0.00042	0.07324	0.01673	0.47460	0.10104	0.00405	0.27602	0.01096	0.00476	0.00012
18	0.40038	0.00634	0.00452	0.01618	0.07512	0.15853	0.01431	0.01116	0.00411	0.08760	0.00351	0.00409	0.00021	0.00382	0.01009	4.9e-05	0.15617	0.00011	0.02657	0.01713
19	0.00030	0.05781	0.93709	0.00041	0.00062	0.00035	0.00052	0.00046	0.00031	0.00046	0.00026	0.00031	0.00019	0.00014	0.00014	4.6e-05	0.00021	0.00011	6.2e-05	0.00021

[dist]
# distance from previous block
# <min> <max>
2	2

[block]
# block no. 6 follows, 2361 sequences, length 12
# corresponding to MSA columns:
# 781,785-795
name=unknown_G
#
# <colnr> <probs for GDERKNQSTAVLIFYWHMCP>
#	G	D	E	R	K	N	Q	S	T	A	V	L	I	F	Y	W	H	M	C	P
0	0.01655	0.04893	0.50823	0.00987	0.01469	0.01330	0.05344	0.05088	0.01463	0.18970	0.01865	0.00749	0.00863	0.01029	0.00577	4.7e-05	0.00699	0.00531	0.00593	0.01069
1	0.01956	0.06475	0.04065	0.01186	0.00782	0.05277	0.03429	0.03461	0.13355	0.04453	0.08871	0.17386	0.13533	0.09802	0.00625	0.00608	0.01053	0.02985	0.00681	0.00016
2	0.00021	0.02145	0.02037	0.00755	0.00024	0.00016	0.02052	0.00027	0.01184	0.01016	0.41887	0.15426	0.26684	0.00032	0.00017	0.00733	0.00751	0.00028	0.05149	0.00014
3	0.01650	0.00044	0.01295	0.04534	0.04173	0.40463	0.02115	0.02488	0.01540	0.29833	0.05778	0.01466	0.00959	0.00551	0.00535	4.5e-05	0.01203	0.00682	0.00666	0.00020
4	0.00858	0.05942	0.10542	0.12939	0.33246	0.01233	0.08506	0.01639	0.01656	0.14393	0.01417	0.04510	0.00535	0.00546	0.00015	4.6e-05	0.00696	0.00775	0.00527	0.00021
5	0.00036	0.00035	0.00060	0.05680	0.89617	0.00035	0.04233	0.00045	0.00033	0.00047	0.00028	0.00037	0.00023	0.00013	0.00015	4.4e-05	0.00018	0.00013	7.2e-05	0.00023
6	0.00029	0.00019	0.00794	0.00021	0.00025	0.00726	0.00016	0.00808	0.06737	0.16305	0.34961	0.06723	0.11008	0.15350	0.01862	6.6e-05	0.00011	0.03848	0.00736	0.00015
7	0.02405	0.02228	0.06893	0.11176	0.25401	0.01729	0.06250	0.04184	0.02354	0.15135	0.01694	0.08401	0.02684	0.00020	0.00872	0.00465	0.06318	0.00521	0.00742	0.00528
8	0.00829	0.00028	0.00689	0.04488	0.06576	0.06261	0.03811	0.04377	0.03697	0.47500	0.04998	0.05406	0.01483	0.02753	0.02867	5.5e-05	0.01333	0.01882	0.00995	0.00021
9	0.01383	0.00021	0.00028	0.00023	0.00031	0.00019	0.00018	0.01448	0.01624	0.59332	0.13176	0.13747	0.05685	0.02152	0.00017	5e-05	0.00011	0.00021	0.01237	0.00020
10	0.00023	0.00018	0.00608	0.02554	0.07078	0.00018	0.08016	0.00027	0.00840	0.01984	0.02694	0.50681	0.06426	0.12744	0.03023	0.00618	0.00802	0.01198	0.00636	0.00014
11	0.01273	0.05385	0.16283	0.07315	0.17370	0.08198	0.03100	0.03846	0.01607	0.30090	0.00982	0.00942	0.00559	0.00016	0.00015	4.5e-05	0.01763	0.00634	0.00596	0.00022

[dist]
# distance from previous block
# <min> <max>
1	2

[block]
# block no. 7 follows, 2361 sequences, length 29
# corresponding to MSA columns:
# 798-816,819,833-841
name=unknown_H
#
# <colnr> <probs for GDERKNQSTAVLIFYWHMCP>
#	G	D	E	R	K	N	Q	S	T	A	V	L	I	F	Y	W	H	M	C	P
0	0.68172	0.06711	0.06198	0.00518	0.02717	0.08930	0.00714	0.01906	0.00428	0.00758	0.00331	0.00027	0.00018	0.01521	0.00012	4.5e-05	0.00999	9e-05	8.7e-05	0.00017
1	0.00512	0.00014	0.00018	0.00021	0.01470	0.00013	0.00015	0.00023	0.00030	0.01156	0.02898	0.62015	0.13212	0.04798	0.00021	6.2e-05	9.5e-05	0.13740	0.00013	0.00012
2	0.00342	0.01857	0.01615	0.08972	0.12735	0.01560	0.02319	0.01819	0.36435	0.01272	0.07575	0.02628	0.17423	0.00265	0.01731	5.2e-05	0.00944	0.00470	0.00012	0.00019
3	0.00031	0.00024	0.00029	0.00022	0.00033	0.00019	0.00017	0.00502	0.01221	0.04942	0.09000	0.01578	0.03099	0.00015	0.00012	2.7e-05	0.00010	0.00420	0.00488	0.78533
4	0.00018	0.00651	0.00017	0.00016	0.00021	0.00013	0.00012	0.00023	0.00866	0.00043	0.15733	0.09285	0.70809	0.00592	0.00018	5.1e-05	7.7e-05	0.01843	0.00014	0.00013
5	0.00020	0.00014	0.00018	0.00019	0.00021	0.00013	0.00013	0.00675	0.00031	0.00486	0.19797	0.40129	0.19725	0.12175	0.04650	7.3e-05	0.00010	0.01735	0.00013	0.00447
6	0.00029	0.02876	0.00016	0.00014	0.00018	0.00015	0.00011	0.00036	0.00031	0.04123	0.00047	0.00054	0.00037	0.00017	0.00010	3.5e-05	7.3e-05	0.00014	0.92625	0.00014
7	0.00021	0.00015	0.00017	0.00017	0.00021	0.00676	0.00013	0.00028	0.02224	0.00051	0.43977	0.01502	0.32024	0.02970	0.00018	4.8e-05	7.6e-05	0.00589	0.15812	0.00013
8	0.90582	0.07028	0.00026	0.00020	0.00029	0.00034	0.00017	0.00044	0.00026	0.02061	0.00021	0.00024	0.00016	0.00014	9.2e-05	4.4e-05	0.00012	8.1e-05	9.1e-05	0.00016
9	0.00030	0.03091	0.96397	0.00041	0.00063	0.00035	0.00053	0.00046	0.00031	0.00046	0.00026	0.00031	0.00019	0.00014	0.00014	4.6e-05	0.00021	0.00011	6.2e-05	0.00022
10	0.03475	0.05299	0.04945	0.01412	0.04154	0.03655	0.01200	0.23065	0.36721	0.02902	0.02400	0.03839	0.00802	0.00019	0.00342	4.6e-05	0.01377	0.00693	0.00013	0.03682
11	0.01502	0.02307	0.08467	0.00462	0.01730	0.00275	0.00999	0.00408	0.02027	0.05141	0.00337	0.64086	0.02663	0.01244	0.00949	0.00579	0.00402	0.06395	0.00013	0.00014
12	0.00838	0.08857	0.46244	0.00635	0.06775	0.01046	0.04434	0.06166	0.03384	0.13077	0.01797	0.00805	0.01535	0.00265	0.00345	0.00362	0.01141	0.00457	9.2e-05	0.01829
13	0.00031	0.08715	0.38611	0.02418	0.00472	0.00617	0.19608	0.00046	0.09584	0.01305	0.09766	0.00616	0.06062	0.00017	0.00015	4.6e-05	0.00605	0.00368	9e-05	0.01131
14	0.00029	0.00642	0.00692	0.66971	0.10707	0.04696	0.00798	0.00922	0.01071	0.00039	0.00029	0.01167	0.00406	0.01346	0.09827	6.7e-05	0.00613	0.00014	7.1e-05	0.00017
15	0.00033	0.08032	0.63930	0.03412	0.08301	0.04071	0.03971	0.01280	0.00674	0.03804	0.00959	0.00738	0.00381	0.00015	0.00014	4.5e-05	0.00020	0.00333	7.2e-05	0.00021
16	0.02920	0.04266	0.03666	0.01068	0.03313	0.04417	0.08928	0.12571	0.01444	0.42230	0.01830	0.00694	0.01101	0.01337	0.02791	0.02775	0.01185	0.01017	0.00426	0.02023
17	0.64185	0.05746	0.02403	0.01098	0.01759	0.11556	0.04564	0.01612	0.00643	0.00756	0.00023	0.00292	0.00019	0.03039	0.00013	4.7e-05	0.01576	0.00270	0.00423	0.00017
18	0.04129	0.05841	0.09303	0.06407	0.27161	0.07757	0.08939	0.01276	0.05158	0.02709	0.06784	0.01841	0.06379	0.00447	0.00809	4.8e-05	0.01368	0.02960	0.00708	0.00019
19	0.00521	0.02958	0.05615	0.01523	0.00972	0.00256	0.05762	0.05808	0.40394	0.10142	0.00647	0.00898	0.02522	0.00917	0.02108	0.00358	0.16085	0.01559	0.00335	0.00620
20	0.00460	0.04552	0.21150	0.02700	0.07210	0.05857	0.02422	0.02946	0.00728	0.07648	0.13636	0.09619	0.04200	0.12410	0.00290	0.00219	0.01328	0.02358	0.00011	0.00256
21	0.00837	0.16819	0.37555	0.00831	0.03646	0.03427	0.04983	0.05003	0.02399	0.11599	0.00746	0.02534	0.00482	0.00247	0.00278	4.5e-05	0.04070	0.02681	8.9e-05	0.01848
22	0.00024	0.00018	0.00465	0.01063	0.02086	0.00346	0.00867	0.00817	0.03532	0.02673	0.43592	0.03400	0.06852	0.11402	0.06636	0.06724	0.05950	0.00662	0.00013	0.02878
23	0.00025	0.00019	0.00021	0.00020	0.00024	0.03870	0.00015	0.03346	0.03624	0.01661	0.44710	0.13717	0.15318	0.00030	0.00506	4.8e-05	8.9e-05	0.01200	0.08738	0.03143
24	0.06960	0.02422	0.09476	0.08795	0.11447	0.01509	0.01541	0.05006	0.03186	0.16343	0.16110	0.10662	0.01015	0.02303	0.00528	0.00310	0.00580	0.00851	0.00936	0.00019
25	0.09231	0.03341	0.09134	0.15779	0.06418	0.09901	0.03873	0.07940	0.08489	0.16111	0.01408	0.01035	0.01317	0.01580	0.01752	5.1e-05	0.01109	0.01288	0.00271	0.00020
26	0.00034	0.00042	0.06219	0.00060	0.01005	0.00037	0.90165	0.00928	0.00035	0.00047	0.00030	0.00040	0.00022	0.00013	0.00017	4.9e-05	0.00647	0.00628	7.4e-05	0.00020
27	0.00020	0.00015	0.00018	0.00019	0.00022	0.00014	0.00014	0.00026	0.04763	0.00638	0.24219	0.39443	0.25698	0.00567	0.00018	5.4e-05	8.2e-05	0.03993	0.00485	0.00013
28	0.01874	0.11890	0.10885	0.12711	0.22791	0.02911	0.03277	0.05406	0.06411	0.08897	0.01961	0.01630	0.03526	0.01062	0.00629	0.00216	0.01414	0.00962	0.01525	0.00020

[dist]
# distance from previous block
# <min> <max>
1	2

[block]
# block no. 8 follows, 2361 sequences, length 6
# corresponding to MSA columns:
# 847-851,873
name=unknown_I
#
# <colnr> <probs for GDERKNQSTAVLIFYWHMCP>
#	G	D	E	R	K	N	Q	S	T	A	V	L	I	F	Y	W	H	M	C	P
0	0.00023	0.00016	0.00022	0.01431	0.01643	0.00016	0.03035	0.01439	0.03476	0.04620	0.05319	0.54561	0.13639	0.07073	0.01574	6.4e-05	0.00010	0.02072	0.00013	0.00014
1	0.01974	0.08963	0.09786	0.03913	0.12186	0.07680	0.04795	0.07263	0.05804	0.19985	0.01545	0.01473	0.00943	0.06965	0.01505	5.4e-05	0.01564	0.01036	0.00923	0.01692
2	0.28519	0.10177	0.03253	0.02166	0.04033	0.05076	0.01750	0.05004	0.05163	0.06172	0.07804	0.06079	0.02003	0.03492	0.00928	5.1e-05	0.05476	0.00937	0.01014	0.00951
3	0.00023	0.00018	0.01302	0.03651	0.00028	0.01905	0.02712	0.01415	0.01104	0.02645	0.23948	0.37296	0.11601	0.03237	0.02953	0.01390	0.01276	0.01914	0.01568	0.00014
4	0.26087	0.06644	0.03877	0.01836	0.06076	0.03331	0.01660	0.21573	0.10912	0.02871	0.03676	0.01418	0.00971	0.00966	0.00994	4.7e-05	0.01239	0.00013	0.01662	0.04190
5	0.03511	0.02886	0.11506	0.01569	0.06269	0.02908	0.01355	0.07470	0.04043	0.25036	0.10354	0.01775	0.06978	0.01114	0.00015	4.5e-05	0.01179	0.01292	0.00012	0.10722

[dist]
# distance from previous block
# <min> <max>
2	23

[block]
# block no. 9 follows, 2361 sequences, length 15
# corresponding to MSA columns:
# 913-927
name=unknown_J
#
# <colnr> <probs for GDERKNQSTAVLIFYWHMCP>
#	G	D	E	R	K	N	Q	S	T	A	V	L	I	F	Y	W	H	M	C	P
0	0.01239	0.00018	0.00022	0.00021	0.00026	0.00018	0.00016	0.03642	0.08242	0.14248	0.20118	0.18047	0.28024	0.01736	0.00710	0.00532	9.4e-05	0.01838	0.00938	0.00556
1	0.00021	0.00016	0.00582	0.01192	0.00547	0.00015	0.00015	0.00886	0.01957	0.01274	0.56796	0.02993	0.25365	0.00773	0.00543	0.03397	8.3e-05	0.03591	0.00015	0.00014
2	0.00018	0.00015	0.00016	0.00016	0.00020	0.00013	0.00012	0.00022	0.00034	0.00043	0.20836	0.08103	0.64906	0.03600	0.00020	0.01130	7.8e-05	0.01162	0.00014	0.00012
3	0.00064	0.00026	0.00034	0.00026	0.00038	0.00023	0.00022	0.05533	0.00043	0.91701	0.02295	0.00050	0.00038	0.00018	0.00015	4.5e-05	0.00013	0.00015	0.00018	0.00025
4	0.00021	0.00016	0.00023	0.00023	0.00026	0.00018	0.00018	0.00026	0.00024	0.00035	0.00040	0.00057	0.00037	0.00107	0.96094	0.00023	0.00038	0.00016	0.03345	0.00013
5	0.00030	0.00072	0.90062	0.00041	0.00061	0.00034	0.00051	0.00049	0.09374	0.00048	0.00029	0.00033	0.00021	0.00014	0.00014	4.7e-05	0.00021	0.00011	7e-05	0.00022
6	0.00030	0.00026	0.00030	0.00022	0.00035	0.00020	0.00017	0.00037	0.00030	0.00048	0.00026	0.00030	0.00022	0.00011	0.00011	2.2e-05	0.00011	8.7e-05	8.7e-05	0.99575
7	0.00025	0.00019	0.00023	0.00023	0.05405	0.00018	0.00016	0.05272	0.07553	0.02686	0.42921	0.03191	0.31886	0.00030	0.00017	4.7e-05	8.7e-05	0.00026	0.00862	0.00015
8	0.00027	0.00014	0.00021	0.00020	0.00021	0.00014	0.02583	0.00021	0.00020	0.02816	0.00026	0.00045	0.00026	0.00049	0.00055	0.94202	0.00013	0.00013	6.7e-05	7.2e-05
9	0.00063	0.00025	0.00034	0.00026	0.00037	0.00023	0.00022	0.06452	0.00044	0.88206	0.04867	0.00052	0.00040	0.00019	0.00015	4.5e-05	0.00012	0.00015	0.00018	0.00024
10	0.00018	0.00015	0.00016	0.00016	0.00020	0.00013	0.00012	0.00022	0.00035	0.00043	0.18916	0.00135	0.80618	0.00036	0.00017	4.9e-05	7.3e-05	0.00030	0.00014	0.00013
11	0.92822	0.00030	0.00023	0.00020	0.00029	0.04567	0.00017	0.00044	0.00026	0.02286	0.00021	0.00025	0.00016	0.00014	9.4e-05	4.5e-05	0.00012	8.2e-05	9.2e-05	0.00016
12	0.00038	0.00035	0.04591	0.00037	0.10622	0.01839	0.01676	0.11002	0.62577	0.02255	0.05129	0.00051	0.00043	0.00019	0.00015	4.8e-05	0.00013	0.00016	0.00014	0.00023
13	0.74204	0.02161	0.00028	0.00024	0.01269	0.04224	0.01425	0.06167	0.08914	0.00064	0.00025	0.00028	0.00019	0.00015	0.00011	4.5e-05	0.01382	9.4e-05	9.7e-05	0.00017
14	0.08508	0.01758	0.06729	0.08645	0.43808	0.00693	0.09004	0.00597	0.01234	0.00047	0.01169	0.11016	0.00688	0.00018	0.00016	4.7e-05	0.02619	0.01439	0.01988	0.00020

[dist]
# distance from previous block
# <min> <max>
0	1

[block]
# block no. 10 follows, 2361 sequences, length 21
# corresponding to MSA columns:
# 929,932-942,944,946,947,949-954
name=unknown_K
#
# <colnr> <probs for GDERKNQSTAVLIFYWHMCP>
#	G	D	E	R	K	N	Q	S	T	A	V	L	I	F	Y	W	H	M	C	P
0	0.00039	0.00030	0.00033	0.00529	0.00485	0.02985	0.00776	0.18400	0.41702	0.07122	0.16703	0.00060	0.03186	0.00021	0.00015	4.6e-05	0.01060	0.00017	0.00442	0.06390
1	0.00061	0.00025	0.00034	0.00026	0.00037	0.00022	0.00021	0.05250	0.00042	0.83812	0.01352	0.00051	0.00037	0.00018	0.00015	4.4e-05	0.00012	0.01739	0.01545	0.05895
2	0.02337	0.05578	0.01815	0.00893	0.00788	0.02930	0.00533	0.30796	0.50256	0.00784	0.00046	0.00485	0.00035	0.00018	0.00015	4.6e-05	0.00918	0.00014	0.01314	0.00441
3	0.00840	0.03281	0.01344	0.00490	0.03325	0.00853	0.02203	0.10246	0.05387	0.25259	0.02844	0.01416	0.02553	0.00683	0.00593	3.8e-05	0.00013	0.00013	0.00012	0.38642
4	0.01432	0.16772	0.39842	0.00546	0.04726	0.03471	0.11488	0.01631	0.01925	0.12038	0.01430	0.01263	0.00360	0.00593	0.00014	4.4e-05	0.00520	0.00012	8.5e-05	0.01922
5	0.00522	0.34506	0.06412	0.00038	0.00050	0.01368	0.32393	0.02940	0.00657	0.00664	0.00956	0.04202	0.05030	0.01390	0.04930	5.4e-05	0.02170	0.01739	8.1e-05	0.00018
6	0.00056	0.00023	0.00031	0.00024	0.00034	0.00020	0.00020	0.00062	0.01323	0.77697	0.11575	0.00065	0.08962	0.00021	0.00015	4.6e-05	0.00011	0.00018	0.00017	0.00023
7	0.01545	0.04494	0.16052	0.00904	0.01039	0.12544	0.53853	0.00512	0.00404	0.04388	0.00691	0.01562	0.00782	0.00014	0.00016	4.7e-05	0.01153	0.00015	7.9e-05	0.00020
8	0.00413	0.11610	0.48740	0.03096	0.07436	0.03755	0.03367	0.03010	0.02538	0.09497	0.00509	0.01649	0.00306	0.01044	0.00015	4.6e-05	0.01491	0.00336	0.00501	0.00683
9	0.02127	0.00019	0.00023	0.00846	0.01474	0.00018	0.00544	0.02186	0.06374	0.07634	0.39605	0.00580	0.17240	0.00031	0.00017	5.1e-05	0.00709	0.19568	0.00986	0.00015
10	0.00747	0.00025	0.00032	0.00028	0.00031	0.00944	0.01180	0.01173	0.01551	0.06131	0.01256	0.03476	0.06256	0.00024	0.00030	5.2e-05	0.47224	0.00016	0.29856	0.00016
11	0.08039	0.01107	0.03952	0.06612	0.16778	0.02671	0.05200	0.04600	0.02483	0.39056	0.01144	0.01931	0.00420	0.00720	0.00828	4.8e-05	0.01552	0.02056	0.00823	0.00022
12	0.00925	0.00853	0.02252	0.01409	0.02189	0.00574	0.01892	0.01836	0.02044	0.23129	0.07050	0.04644	0.03007	0.33180	0.06812	9.3e-05	0.06095	0.01634	0.00450	0.00016
13	0.00019	0.00015	0.00016	0.00016	0.00020	0.00013	0.00012	0.00023	0.00742	0.00821	0.10840	0.07982	0.75974	0.00036	0.00017	5e-05	7.6e-05	0.00745	0.02683	0.00013
14	0.00028	0.00027	0.00044	0.87664	0.04554	0.01005	0.01407	0.00038	0.00029	0.00038	0.00027	0.00040	0.00020	0.00824	0.02669	5.4e-05	0.01544	0.00013	6.6e-05	0.00016
15	0.06967	0.10756	0.12900	0.02604	0.15385	0.08481	0.12815	0.09474	0.03957	0.10919	0.00801	0.02103	0.00026	0.00349	0.00014	4.4e-05	0.00927	0.00394	0.01102	0.00021
16	0.02708	0.02048	0.08555	0.05301	0.04749	0.01063	0.03679	0.02024	0.18971	0.04692	0.16138	0.08390	0.04385	0.01108	0.05882	0.01655	0.04291	0.01183	0.03161	0.00018
17	0.00019	0.00014	0.00017	0.00019	0.00021	0.00013	0.00013	0.00574	0.00767	0.00788	0.22945	0.41749	0.30166	0.00843	0.00553	5.5e-05	8.2e-05	0.01456	0.00014	0.00013
18	0.03304	0.00759	0.06389	0.04414	0.07656	0.01073	0.01052	0.06001	0.03138	0.48970	0.04021	0.04276	0.02852	0.02822	0.00321	4.9e-05	0.00497	0.00541	0.01887	0.00022
19	0.05019	0.12840	0.26659	0.04248	0.14843	0.04345	0.06016	0.09511	0.01501	0.09344	0.01098	0.01847	0.00838	0.00328	0.00014	4.4e-05	0.00736	0.00408	9.1e-05	0.00392
20	0.00391	0.03875	0.02276	0.03971	0.12652	0.01420	0.05220	0.01451	0.02571	0.02823	0.02796	0.31647	0.11698	0.01760	0.02870	0.00335	0.02849	0.08691	0.00690	0.00016

[dist]
# distance from previous block
# <min> <max>
1	10

[block]
# block no. 11 follows, 2361 sequences, length 10
# corresponding to MSA columns:
# 971,973-981
name=unknown_L
#
# <colnr> <probs for GDERKNQSTAVLIFYWHMCP>
#	G	D	E	R	K	N	Q	S	T	A	V	L	I	F	Y	W	H	M	C	P
0	0.03264	0.24993	0.28139	0.06493	0.06872	0.04222	0.06111	0.03441	0.00843	0.09500	0.01073	0.00672	0.00646	0.00584	0.00607	4.4e-05	0.00564	0.00554	0.00657	0.00761
1	0.09852	0.08058	0.10361	0.02798	0.13692	0.13343	0.08323	0.12163	0.02488	0.12639	0.00923	0.01569	0.00697	0.00017	0.00617	4.5e-05	0.01143	0.00648	0.00645	0.00020
2	0.00022	0.00017	0.00020	0.00984	0.00024	0.00016	0.00015	0.00952	0.08540	0.01186	0.41356	0.12421	0.25095	0.01740	0.00019	0.00941	8.4e-05	0.04321	0.02311	0.00014
3	0.00032	0.00026	0.00037	0.44646	0.01068	0.00774	0.01774	0.11088	0.03427	0.02942	0.03395	0.04408	0.07426	0.01178	0.00709	4.7e-05	0.00762	0.00016	0.00768	0.15521
4	0.00019	0.00015	0.00017	0.00017	0.00021	0.00013	0.00012	0.00024	0.01715	0.01735	0.14159	0.12787	0.67596	0.00037	0.00017	5.1e-05	7.8e-05	0.01776	0.00014	0.00013
5	0.00024	0.00022	0.00039	0.00033	0.00039	0.00021	0.31502	0.00029	0.00031	0.00041	0.01846	0.56112	0.05705	0.01496	0.00019	5.7e-05	0.01464	0.01546	0.00012	0.00014
6	0.00021	0.00016	0.00023	0.00023	0.00026	0.00018	0.00018	0.00026	0.00023	0.00034	0.00040	0.00060	0.00037	0.05172	0.94366	0.00023	0.00038	0.00016	7.9e-05	0.00013
7	0.99589	0.00028	0.00022	0.00019	0.00028	0.00033	0.00016	0.00043	0.00025	0.00066	0.00020	0.00024	0.00016	0.00014	9.1e-05	4.5e-05	0.00011	7.9e-05	9.1e-05	0.00016
8	0.99589	0.00028	0.00022	0.00019	0.00028	0.00033	0.00016	0.00043	0.00025	0.00066	0.00020	0.00024	0.00016	0.00014	9.1e-05	4.5e-05	0.00011	7.9e-05	9.1e-05	0.00016
9	0.03508	0.00040	0.00043	0.00033	0.00045	0.00044	0.00027	0.92489	0.00066	0.03505	0.00035	0.00035	0.00025	0.00017	0.00014	4.4e-05	0.00016	0.00013	0.00015	0.00025

[dist]
# distance from previous block
# <min> <max>
0	39

[block]
# block no. 12 follows, 2361 sequences, length 28
# corresponding to MSA columns:
# 1021-1026,1028-1032,1034,1043-1047,1057-1061,1067,1073-1077
name=unknown_M
#
# <colnr> <probs for GDERKNQSTAVLIFYWHMCP>
#	G	D	E	R	K	N	Q	S	T	A	V	L	I	F	Y	W	H	M	C	P
0	0.00022	0.00015	0.00020	0.00019	0.00022	0.00014	0.00014	0.00029	0.00040	0.01918	0.82778	0.01888	0.02832	0.00030	0.00017	4.7e-05	7.5e-05	0.06150	0.04165	0.00014
1	0.00043	0.00993	0.00543	0.00474	0.52899	0.31650	0.00508	0.05588	0.06436	0.00685	0.00029	0.00034	0.00023	0.00014	0.00014	4.2e-05	0.00020	0.00012	8.3e-05	0.00021
2	0.01702	0.03068	0.02034	0.01078	0.01303	0.00770	0.01763	0.08004	0.02988	0.20555	0.03014	0.02052	0.00867	0.00016	0.00405	3.5e-05	0.00677	0.00417	0.00011	0.49271
3	0.09233	0.21596	0.22623	0.01112	0.08186	0.05543	0.03155	0.10576	0.01189	0.11641	0.00304	0.01397	0.00284	0.00016	0.00014	0.00282	0.01761	0.00723	0.00347	0.00021
4	0.01144	0.00067	0.00041	0.00037	0.00779	0.90188	0.00028	0.03099	0.04412	0.00039	0.00025	0.00028	0.00020	0.00015	0.00013	3.9e-05	0.00025	9.9e-05	8.1e-05	0.00018
5	0.00043	0.00021	0.00027	0.00022	0.00030	0.00019	0.00018	0.04191	0.02383	0.46631	0.19336	0.01294	0.20880	0.03126	0.00693	5.1e-05	0.00011	0.00394	0.00859	0.00019
6	0.05384	0.02748	0.06232	0.05195	0.18993	0.05367	0.06515	0.03326	0.02128	0.29319	0.05706	0.02317	0.01450	0.00504	0.00920	4.7e-05	0.00256	0.00303	0.00620	0.02712
7	0.06171	0.12788	0.44001	0.00526	0.03646	0.01071	0.05800	0.08179	0.01635	0.11749	0.00413	0.02891	0.00025	0.00016	0.00014	4.5e-05	0.00380	0.00377	0.00292	0.00021
8	0.00019	0.00014	0.00018	0.00020	0.00022	0.00013	0.01769	0.00022	0.00028	0.00037	0.00658	0.54848	0.23372	0.08900	0.09612	8.1e-05	0.00012	0.00601	0.00013	0.00012
9	0.00702	0.00016	0.00020	0.00021	0.00023	0.00015	0.00015	0.01685	0.00742	0.04371	0.07745	0.23340	0.14229	0.21523	0.00552	7.7e-05	0.00011	0.24582	0.00388	0.00013
10	0.08681	0.01302	0.06199	0.04660	0.06348	0.02588	0.03526	0.15902	0.03874	0.35172	0.05000	0.02325	0.01286	0.00019	0.00538	4.7e-05	0.00268	0.00822	0.00603	0.00884
11	0.00567	0.01767	0.09586	0.00708	0.13046	0.02221	0.48276	0.00822	0.00392	0.01083	0.02124	0.02790	0.01767	0.00513	0.00016	4.8e-05	0.00354	0.06147	0.07794	0.00019
12	0.00954	0.05974	0.11483	0.01620	0.08374	0.01188	0.02561	0.06568	0.01567	0.05809	0.00381	0.00724	0.00024	0.00013	0.00013	3.2e-05	0.00671	0.00011	9.1e-05	0.52056
13	0.01175	0.71557	0.03668	0.00028	0.00040	0.14632	0.00504	0.01759	0.00874	0.01357	0.00022	0.00026	0.00020	0.00015	0.01425	3.7e-05	0.02501	8.7e-05	0.00365	0.00019
14	0.00019	0.00015	0.00017	0.00016	0.00021	0.00013	0.00012	0.00024	0.00036	0.00047	0.38881	0.01747	0.59033	0.00034	0.00017	4.8e-05	7.2e-05	0.00029	0.00015	0.00013
15	0.00040	0.89977	0.01064	0.00026	0.00039	0.07064	0.00026	0.01557	0.00031	0.00036	0.00021	0.00024	0.00019	0.00013	9.8e-05	3.2e-05	0.00016	8.1e-05	6.5e-05	0.00019
16	0.99589	0.00028	0.00022	0.00019	0.00028	0.00033	0.00016	0.00043	0.00025	0.00066	0.00020	0.00024	0.00016	0.00014	9.1e-05	4.5e-05	0.00011	7.9e-05	9.1e-05	0.00016
17	0.30457	0.00022	0.00025	0.00022	0.00029	0.00022	0.00017	0.00047	0.00033	0.36808	0.08789	0.17323	0.02200	0.03336	0.00016	5.1e-05	0.00011	0.00019	0.00801	0.00018
18	0.00018	0.00013	0.00017	0.00020	0.00021	0.00012	0.00013	0.00021	0.00027	0.00036	0.00077	0.87474	0.00092	0.12054	0.00025	6.9e-05	9.2e-05	0.00039	0.00013	0.00012
19	0.00021	0.00016	0.00019	0.00018	0.00022	0.00014	0.00014	0.00028	0.04128	0.01780	0.61474	0.01961	0.30387	0.00032	0.00017	4.8e-05	7.4e-05	0.00028	0.00015	0.00014
20	0.96529	0.00028	0.00022	0.00020	0.00029	0.00033	0.00016	0.00044	0.03078	0.00066	0.00022	0.00025	0.00017	0.00014	9.2e-05	4.5e-05	0.00011	8.2e-05	9.2e-05	0.00016
21	0.75331	0.00813	0.00027	0.14888	0.02902	0.01681	0.00021	0.01913	0.01420	0.00860	0.00023	0.00027	0.00017	0.00014	0.00010	4.6e-05	0.00013	9.1e-05	8.8e-05	0.00017
22	0.00062	0.00026	0.00034	0.00027	0.00038	0.00024	0.00557	0.08832	0.03097	0.83198	0.00751	0.00050	0.00037	0.02419	0.00016	4.8e-05	0.00013	0.00015	0.00775	0.00024
23	0.03112	0.00037	0.00041	0.00032	0.00043	0.00040	0.00026	0.75745	0.00062	0.19497	0.00039	0.00038	0.00027	0.00018	0.00014	4.4e-05	0.00015	0.00013	0.01171	0.00025
24	0.00020	0.00014	0.00020	0.00022	0.00023	0.00014	0.02536	0.01412	0.00760	0.00038	0.00074	0.80569	0.02376	0.03101	0.00023	0.07288	0.01018	0.00669	0.00013	0.00012
25	0.00038	0.24110	0.08827	0.00869	0.30925	0.08719	0.11208	0.04185	0.01288	0.00891	0.05685	0.00493	0.00979	0.00015	0.00014	4.2e-05	0.01329	0.00392	8.1e-05	0.00020
26	0.05198	0.00496	0.00955	0.00024	0.00033	0.00022	0.00261	0.05082	0.03235	0.41437	0.11112	0.03999	0.04996	0.00620	0.01484	4.5e-05	0.00424	0.00815	0.01378	0.18425
27	0.02466	0.29074	0.31102	0.02612	0.05513	0.04638	0.05080	0.02598	0.03643	0.09098	0.00707	0.01456	0.00342	0.00015	0.00013	4.2e-05	0.00018	0.00294	8.3e-05	0.01320

[dist]
# distance from previous block
# <min> <max>
6	107

# created by:
# /home/cegg/simao/soft/augustus-3.2.1/scripts/msa2prfl.pl ./align_prep/POG091H02GL.fa
