[name]
unknown

[dist]
# distance from previous block
# <min> <max>
0	69

[block]
# block no. 0 follows, 3420 sequences, length 15
# corresponding to MSA columns:
# 81,84,85,87-90,95-102
name=unknown_A
#
# <colnr> <probs for GDERKNQSTAVLIFYWHMCP>
#	G	D	E	R	K	N	Q	S	T	A	V	L	I	F	Y	W	H	M	C	P
0	0.00015	0.00437	0.00611	0.00017	0.06400	0.00720	0.00970	0.01164	0.00584	0.00618	0.05873	0.51668	0.19896	0.01066	0.00731	0.00431	0.00724	0.07585	9e-05	0.00483
1	0.03284	0.12244	0.02559	0.01250	0.01509	0.05902	0.01060	0.22468	0.33633	0.07133	0.01300	0.02393	0.02644	0.00395	0.00412	3.2e-05	0.00783	0.00437	8.8e-05	0.00580
2	0.00447	0.03323	0.03902	0.01659	0.25934	0.03455	0.09861	0.04607	0.10022	0.17924	0.08338	0.02427	0.01357	0.00442	0.00011	3.1e-05	0.00647	0.01548	7.9e-05	0.04085
3	0.01383	0.07055	0.56103	0.01261	0.01673	0.01489	0.03885	0.02253	0.02850	0.09811	0.01628	0.03948	0.05087	0.00012	9.9e-05	3.2e-05	0.00013	0.01037	6.1e-05	0.00492
4	0.00601	0.05884	0.17127	0.15178	0.18765	0.04453	0.09969	0.01302	0.05943	0.07277	0.04493	0.00937	0.02711	0.00415	0.00499	3.3e-05	0.01220	0.02616	6.3e-05	0.00601
5	0.00025	0.00023	0.00039	0.02319	0.84726	0.00023	0.00973	0.02334	0.03640	0.00890	0.03301	0.00029	0.01611	0.0001	0.00010	3.1e-05	0.00012	9.7e-05	5.7e-05	0.00016
6	0.00984	0.03984	0.06541	0.01930	0.13883	0.06016	0.22161	0.09015	0.05190	0.24460	0.01040	0.01033	0.00790	0.00012	0.00389	0.00699	0.00840	0.00456	7.7e-05	0.00571
7	0.00932	0.04224	0.43966	0.02180	0.10732	0.01617	0.09631	0.05695	0.01481	0.13052	0.01492	0.00559	0.02680	0.00011	0.00010	3.1e-05	0.00490	9.1e-05	6.3e-05	0.01231
8	0.00013	0.00011	0.00013	0.00013	0.00016	9.8e-05	0.04577	0.00017	0.01785	0.00029	0.12329	0.16494	0.61941	0.00885	0.00012	3.6e-05	5.9e-05	0.00986	0.00850	9e-05
9	0.00014	0.00012	0.02279	0.00830	0.00016	9.9e-05	9.5e-05	0.00017	0.02184	0.00949	0.19823	0.04310	0.57016	0.08111	0.00015	4e-05	6.1e-05	0.04378	9.4e-05	9e-05
10	0.03600	0.03937	0.09449	0.04732	0.22849	0.07815	0.03040	0.11894	0.05518	0.23347	0.00749	0.01459	0.00469	0.00011	0.0001	3.1e-05	0.00468	0.00629	7.8e-05	0.00015
11	0.01425	0.15261	0.31540	0.01878	0.20299	0.02220	0.11357	0.03355	0.05029	0.04893	0.00662	0.00512	0.00528	0.00010	9.6e-05	3e-05	0.00013	0.00986	5.6e-05	0.00015
12	0.00017	0.00014	0.00016	0.00016	0.00862	0.05298	0.00689	0.00844	0.00017	0.00996	0.00030	0.01123	0.02332	0.42229	0.38384	0.00011	0.07097	0.00013	5.9e-05	8.3e-05
13	0.31006	0.00020	0.00028	0.05530	0.08534	0.00021	0.15864	0.01458	0.00023	0.33453	0.00025	0.00026	0.00018	0.00012	0.02276	3.5e-05	0.00799	8.8e-05	0.00881	0.00014
14	0.03072	0.00602	0.00580	0.31330	0.09586	0.02118	0.04689	0.02003	0.19069	0.02625	0.05783	0.11273	0.04015	0.01238	0.00011	3.5e-05	0.00951	0.00512	0.00526	0.00012

[dist]
# distance from previous block
# <min> <max>
1	4

[block]
# block no. 1 follows, 3420 sequences, length 54
# corresponding to MSA columns:
# 107-160
name=unknown_B
#
# <colnr> <probs for GDERKNQSTAVLIFYWHMCP>
#	G	D	E	R	K	N	Q	S	T	A	V	L	I	F	Y	W	H	M	C	P
0	0.33548	0.01109	0.00641	0.00603	0.14445	0.17408	0.02295	0.06025	0.16659	0.03086	0.00293	0.01999	0.00018	0.00608	0.00326	3.2e-05	0.00907	8.3e-05	7e-05	0.00013
1	0.00028	0.90839	0.00051	0.00018	0.00027	0.08847	0.00018	0.00031	0.00021	0.00024	0.00014	0.00016	0.00013	8.8e-05	6.7e-05	2.2e-05	0.00012	5.5e-05	4.4e-05	0.00013
2	0.00026	0.00022	0.00715	0.00021	0.00027	0.00025	0.00016	0.05344	0.91834	0.00043	0.01224	0.00037	0.00031	0.00014	0.00010	3.4e-05	8.2e-05	0.00011	0.00572	0.00016
3	0.98768	0.00020	0.00015	0.00013	0.00020	0.00023	0.00011	0.00030	0.00017	0.00992	0.00014	0.00017	0.00011	9.4e-05	6.3e-05	3.1e-05	7.9e-05	5.5e-05	6.3e-05	0.00011
4	0.00209	0.00560	0.00030	0.00356	0.01615	0.02752	0.00469	0.87955	0.00968	0.00541	0.00026	0.02219	0.01228	0.00013	0.00719	3.2e-05	0.00301	9.7e-05	9.8e-05	0.00017
5	0.00027	0.00019	0.00022	0.00017	0.00025	0.00017	0.00014	0.09942	0.14124	0.18927	0.06899	0.00031	0.00501	0.00011	9e-05	2.4e-05	7.9e-05	8.9e-05	0.02202	0.47194
6	0.00452	0.05159	0.83864	0.00669	0.02286	0.00554	0.01366	0.00423	0.00369	0.01566	0.00187	0.00023	0.00014	0.01526	0.00809	3.4e-05	0.00304	7.7e-05	0.00198	0.00221
7	0.03833	0.00012	0.00015	0.00014	0.00017	0.00012	0.00010	0.05750	0.00029	0.05847	0.82014	0.01778	0.00591	0.00020	0.00012	3.2e-05	5.5e-05	0.00017	0.00011	0.00010
8	0.00024	0.00028	0.01107	0.00043	0.00053	0.00026	0.98496	0.00032	0.00024	0.00032	0.00020	0.00027	0.00015	8.6e-05	0.00012	3.4e-05	0.00017	0.00012	5.1e-05	0.00014
9	0.00014	0.00010	0.00012	0.00012	0.00015	9.2e-05	8.7e-05	0.00018	0.00429	0.00470	0.52053	0.00084	0.44025	0.00023	0.00012	3.3e-05	5e-05	0.00019	0.02770	9.2e-05
10	0.00812	0.00017	0.00023	0.00018	0.00026	0.00015	0.00015	0.01106	0.00381	0.95659	0.01242	0.00035	0.00026	0.00564	0.00010	3.2e-05	8.6e-05	0.00010	0.00012	0.00017
11	0.00013	9.5e-05	0.00012	0.00013	0.00015	8.7e-05	9.3e-05	0.00015	0.00022	0.00028	0.12462	0.58039	0.23596	0.01444	0.00013	3.9e-05	5.8e-05	0.04272	9.6e-05	8.5e-05
12	0.00013	9.1e-05	0.00012	0.00014	0.00014	8.6e-05	9.1e-05	0.00015	0.00019	0.00303	0.00054	0.80094	0.02873	0.12201	0.00810	4.9e-05	6.6e-05	0.02214	0.01318	8.1e-05
13	0.00028	0.01968	0.00025	0.00021	0.00027	0.01612	0.00017	0.17571	0.78512	0.00046	0.00037	0.00035	0.00028	0.00013	0.00010	3.3e-05	8.8e-05	0.00011	0.00010	0.00016
14	0.01695	0.02528	0.32966	0.02772	0.06708	0.02620	0.02677	0.03286	0.01639	0.27123	0.00649	0.00557	0.00154	0.02045	0.07925	0.02167	0.02339	9.2e-05	0.00127	0.00014
15	0.00021	0.03965	0.07706	0.71280	0.02179	0.04557	0.07466	0.01066	0.00370	0.00027	0.00018	0.00026	0.00014	0.00010	0.00010	3.3e-05	0.01257	8.9e-05	4.7e-05	0.00012
16	0.00012	0.00010	0.00010	0.00010	0.00014	8.6e-05	7.7e-05	0.00015	0.00023	0.00028	0.01203	0.00760	0.97813	0.00026	0.00012	3.4e-05	5.1e-05	0.00021	9.4e-05	8.6e-05
17	0.00281	0.01708	0.01973	0.04411	0.13080	0.42601	0.02406	0.10874	0.06399	0.10446	0.01432	0.01357	0.01273	0.00012	0.00508	3e-05	0.00386	0.00707	7e-05	0.00136
18	0.01737	0.11651	0.12137	0.03209	0.03681	0.18245	0.08436	0.03633	0.02438	0.02740	0.00261	0.03138	0.00202	0.00189	0.06321	4.1e-05	0.21731	0.00229	5.5e-05	0.00013
19	0.00012	8.9e-05	0.00012	0.00014	0.00015	8.3e-05	9.5e-05	0.00014	0.00020	0.00026	0.00744	0.96316	0.01494	0.00032	0.00013	4.1e-05	5.9e-05	0.01234	9.4e-05	8.3e-05
20	0.00338	0.00026	0.00205	0.00258	0.02166	0.13184	0.12109	0.07401	0.62806	0.00403	0.00215	0.00033	0.00400	0.00013	0.00010	3.3e-05	0.00011	0.00393	8.9e-05	0.00015
21	0.12502	0.08265	0.57369	0.00463	0.02233	0.02547	0.02098	0.03149	0.01846	0.03528	0.00930	0.00369	0.01738	0.00010	9.2e-05	3.1e-05	0.00304	0.00209	0.00328	0.02100
22	0.00022	0.00022	0.00031	0.00667	0.00027	0.00031	0.00022	0.00024	0.00016	0.00024	0.00013	0.00022	0.00013	0.00018	0.00698	4.5e-05	0.98319	8.9e-05	4.4e-05	0.00011
23	0.00014	9.8e-05	0.00432	0.00013	0.00014	9.4e-05	8.8e-05	0.00309	0.00489	0.00986	0.02309	0.47589	0.03591	0.35705	0.00027	6.1e-05	7.5e-05	0.06068	0.02405	7.8e-05
24	0.00228	0.00841	0.00798	0.09940	0.71406	0.01159	0.06213	0.03196	0.00468	0.03974	0.00346	0.00839	0.00525	9.7e-05	0.00010	3.1e-05	0.00012	9.5e-05	5.5e-05	0.00015
25	0.01720	0.03639	0.12341	0.02077	0.07325	0.04857	0.06140	0.07947	0.17696	0.11760	0.13490	0.03411	0.04503	0.00900	0.00269	3.3e-05	0.00010	0.01891	8.4e-05	0.00014
26	0.00027	0.00030	0.00030	0.00026	0.00291	0.30296	0.00248	0.01243	0.00020	0.01787	0.00707	0.00023	0.00015	0.02491	0.00874	4.1e-05	0.61864	8.4e-05	5e-05	0.00011
27	0.01470	0.00267	0.00174	0.09502	0.63121	0.00382	0.01383	0.01046	0.01562	0.02180	0.00737	0.00648	0.02537	0.00342	0.00011	3e-05	0.03190	0.00450	5.6e-05	0.10990
28	0.01080	0.00024	0.00039	0.00054	0.75216	0.01838	0.02742	0.00300	0.00260	0.00604	0.00018	0.00025	0.00016	0.00011	0.00512	3.3e-05	0.17230	9e-05	5e-05	0.00015
29	0.00027	0.99650	0.00053	0.00017	0.00026	0.00040	0.00017	0.00030	0.00021	0.00024	0.00014	0.00016	0.00013	8.7e-05	6.5e-05	2.2e-05	0.00011	5.4e-05	4.3e-05	0.00013
30	0.00022	0.00022	0.00217	0.00349	0.04314	0.10698	0.01341	0.01129	0.00720	0.00557	0.03147	0.00396	0.01414	0.16330	0.08996	6e-05	0.50038	0.00288	5.4e-05	0.00010
31	0.02353	0.00373	0.00029	0.00024	0.00027	0.07244	0.00823	0.13331	0.01289	0.07674	0.01732	0.00025	0.00542	0.00016	0.00288	3.9e-05	0.61654	9e-05	0.01100	0.01463
32	0.03606	0.00026	0.00028	0.00022	0.00030	0.00574	0.00018	0.72793	0.18633	0.02462	0.00028	0.00027	0.00020	0.00012	0.0001	3.1e-05	0.00010	9.5e-05	0.01671	0.00017
33	0.00229	0.00197	0.06142	0.69656	0.08826	0.01848	0.04623	0.00788	0.01655	0.00514	0.00019	0.00027	0.00207	0.00013	0.04601	3.9e-05	0.00478	0.00154	4.8e-05	0.00012
34	0.00019	0.00018	0.00029	0.79894	0.00634	0.00021	0.02100	0.01173	0.03215	0.00284	0.01584	0.06582	0.01147	0.00013	0.00333	3.5e-05	0.01157	0.01107	0.00677	0.00011
35	0.84159	0.00020	0.00017	0.00015	0.00021	0.00595	0.00012	0.08615	0.00897	0.05548	0.00017	0.00018	0.00012	9.9e-05	6.9e-05	3.1e-05	8.2e-05	6.1e-05	7e-05	0.00012
36	0.00012	8.9e-05	0.00012	0.00014	0.00015	8.3e-05	0.00433	0.00014	0.00020	0.00026	0.00494	0.97532	0.00540	0.00032	0.00013	4.1e-05	6e-05	0.00798	9.4e-05	8.3e-05
37	0.00644	0.00011	0.00015	0.00624	0.01009	0.01044	0.02528	0.00519	0.03280	0.00028	0.03721	0.66000	0.07849	0.01089	0.01278	4.2e-05	7.1e-05	0.10330	9.2e-05	9e-05
38	0.01382	0.00235	0.00360	0.20053	0.45828	0.00785	0.02667	0.00505	0.02144	0.03430	0.02788	0.07749	0.02716	0.00250	0.00011	3.4e-05	0.00434	0.08640	6.3e-05	0.00013
39	0.00015	0.00012	0.00017	0.00021	0.09824	0.00011	0.00349	0.00019	0.00022	0.00453	0.00827	0.45133	0.02682	0.00028	0.00013	4.2e-05	7.9e-05	0.40545	9e-05	9.5e-05
40	0.00014	0.00011	0.00013	0.00013	0.00015	0.00576	9.4e-05	0.00019	0.00473	0.00407	0.82483	0.00437	0.15450	0.00021	0.00012	3.2e-05	4.9e-05	0.00019	0.00011	9.5e-05
41	0.60808	0.00023	0.00209	0.00291	0.00024	0.07557	0.00175	0.20150	0.00258	0.07825	0.00019	0.00021	0.00516	0.00308	0.00299	3.1e-05	0.00282	6.9e-05	0.01213	0.00013
42	0.00192	0.00890	0.00478	0.23032	0.26899	0.00315	0.33837	0.01759	0.01411	0.02360	0.00021	0.02314	0.00017	0.00010	0.00012	3.4e-05	0.06419	0.00010	5.3e-05	0.00014
43	0.00019	0.00018	0.00030	0.99619	0.00070	0.00023	0.00028	0.00026	0.00020	0.00026	0.00018	0.00027	0.00014	0.00010	0.00010	3.4e-05	0.00014	9e-05	4.5e-05	0.00011
44	0.00021	0.00020	0.00032	0.79815	0.16969	0.01252	0.00028	0.01243	0.00471	0.00028	0.00018	0.00027	0.00014	0.0001	0.00010	3.3e-05	0.00013	9e-05	4.7e-05	0.00012
45	0.04681	0.00338	0.00033	0.30496	0.29783	0.13446	0.00715	0.11879	0.00297	0.04642	0.00020	0.00025	0.00015	0.00010	0.00011	3.1e-05	0.03579	8.6e-05	5.9e-05	0.00014
46	0.00486	9.5e-05	0.00445	0.00478	0.00016	8.9e-05	0.00696	0.00015	0.00020	0.00273	0.00440	0.90440	0.00733	0.01576	0.00014	4.2e-05	0.00871	0.03457	9.2e-05	8.4e-05
47	0.00013	9.1e-05	0.00012	0.00014	0.00015	8.5e-05	0.00442	0.00463	0.00390	0.00026	0.00506	0.95733	0.00823	0.00031	0.00013	4.1e-05	6e-05	0.01473	9.4e-05	8.4e-05
48	0.02210	0.37026	0.02682	0.05154	0.15537	0.13897	0.03146	0.04403	0.03017	0.12254	0.00393	0.00202	0.00016	0.0001	8.6e-05	2.7e-05	0.00012	7.6e-05	6.1e-05	0.00014
49	0.00015	0.00011	0.00016	0.00016	0.00018	0.00013	0.00013	0.00018	0.00016	0.00023	0.00027	0.00040	0.00025	0.01653	0.96418	0.00016	0.01636	0.00011	5.4e-05	9e-05
50	0.00013	9.4e-05	0.00012	0.00014	0.00229	8.8e-05	9.5e-05	0.00346	0.01311	0.00257	0.05181	0.79003	0.10331	0.00873	0.01524	4.2e-05	6.2e-05	0.00852	9.4e-05	8.5e-05
51	0.00024	0.00024	0.03980	0.16901	0.49454	0.03865	0.08228	0.01783	0.01808	0.04322	0.01555	0.00567	0.01523	0.00266	0.02644	3.5e-05	0.00524	0.02509	5.7e-05	0.00014
52	0.08603	0.05425	0.04303	0.24385	0.31887	0.10725	0.02057	0.07437	0.00426	0.03027	0.00173	0.00341	0.00015	0.00010	9.6e-05	3.1e-05	0.00468	0.00686	5.6e-05	0.00014
53	0.00490	0.00242	0.04160	0.06304	0.46113	0.08785	0.02063	0.02576	0.17634	0.00323	0.06640	0.00194	0.02601	0.00012	0.00210	3.2e-05	0.01301	0.00157	0.00178	0.00015

[dist]
# distance from previous block
# <min> <max>
0	1

[block]
# block no. 2 follows, 3420 sequences, length 10
# corresponding to MSA columns:
# 162-171
name=unknown_C
#
# <colnr> <probs for GDERKNQSTAVLIFYWHMCP>
#	G	D	E	R	K	N	Q	S	T	A	V	L	I	F	Y	W	H	M	C	P
0	0.01933	0.64894	0.04848	0.01249	0.02778	0.14165	0.01782	0.05076	0.00023	0.01541	0.00016	0.00018	0.00014	9.4e-05	7.9e-05	2.5e-05	0.01619	6.3e-05	5e-05	0.00013
1	0.00824	0.01227	0.05374	0.01774	0.01255	0.01927	0.03273	0.01595	0.03584	0.03712	0.14967	0.14574	0.22712	0.02580	0.05037	4.1e-05	0.05011	0.01078	8.3e-05	0.09484
2	0.03598	0.15206	0.27895	0.00845	0.01811	0.10019	0.08730	0.05106	0.04514	0.15960	0.01286	0.01278	0.00632	0.00658	9.9e-05	3.1e-05	0.00647	0.00832	6.7e-05	0.00963
3	0.01898	0.01320	0.01442	0.69135	0.05780	0.00879	0.00880	0.04919	0.02911	0.05167	0.01646	0.01856	0.00017	0.00011	0.00010	3.3e-05	0.01350	9.5e-05	0.00751	0.00012
4	0.00015	0.00011	0.00016	0.00016	0.00018	0.00013	0.00013	0.00019	0.00016	0.02025	0.00027	0.00040	0.00025	0.04116	0.89113	0.02435	0.02055	0.00011	5.6e-05	9e-05
5	0.00669	0.00679	0.01377	0.40836	0.09194	0.02710	0.13109	0.07365	0.08394	0.01848	0.04077	0.04131	0.01396	0.00651	0.00011	3.4e-05	0.01841	0.01068	6.3e-05	0.00635
6	0.01289	0.10446	0.19553	0.00997	0.08486	0.04666	0.02240	0.09118	0.09738	0.26715	0.02681	0.00663	0.01079	0.00661	0.00698	3.2e-05	0.00011	0.00933	8.1e-05	0.00015
7	0.00013	9.5e-05	0.00012	0.00014	0.00015	8.9e-05	9.4e-05	0.00016	0.02687	0.00027	0.05369	0.74181	0.14111	0.01712	0.00013	4.1e-05	5.9e-05	0.01775	9.5e-05	8.5e-05
8	0.01192	0.00011	0.00013	0.01094	0.03228	0.00010	9.4e-05	0.01187	0.01644	0.01359	0.11483	0.04312	0.73356	0.00024	0.00012	3.4e-05	5.6e-05	0.00020	0.01027	9.3e-05
9	0.05697	0.07616	0.26648	0.01179	0.18726	0.03661	0.06573	0.06537	0.04507	0.15607	0.00879	0.00826	0.00736	0.00011	9.8e-05	3.1e-05	0.00755	8.9e-05	6.7e-05	0.00015

[dist]
# distance from previous block
# <min> <max>
0	2

[block]
# block no. 3 follows, 3420 sequences, length 6
# corresponding to MSA columns:
# 174-179
name=unknown_D
#
# <colnr> <probs for GDERKNQSTAVLIFYWHMCP>
#	G	D	E	R	K	N	Q	S	T	A	V	L	I	F	Y	W	H	M	C	P
0	0.01233	0.03870	0.05706	0.22685	0.38136	0.01370	0.01421	0.12065	0.01827	0.05712	0.01188	0.01243	0.01246	0.00011	0.00010	3.2e-05	0.01134	0.01120	6.2e-05	0.00014
1	0.00014	0.00011	0.00014	0.00016	0.00017	0.02784	0.02784	0.00016	0.00020	0.00026	0.00054	0.80815	0.03885	0.00030	0.00014	4.1e-05	0.03243	0.06235	9e-05	8.7e-05
2	0.64114	0.09043	0.06164	0.00019	0.03544	0.08523	0.01965	0.02587	0.00020	0.01996	0.00016	0.00018	0.00012	9.7e-05	7.7e-05	3e-05	0.01935	6.2e-05	6e-05	0.00012
3	0.00013	9.5e-05	0.00011	0.00013	0.00014	8.6e-05	8.9e-05	0.00015	0.00021	0.00027	0.03869	0.52511	0.33202	0.06889	0.00015	4.3e-05	6e-05	0.03345	9.3e-05	8.3e-05
4	0.00020	0.00019	0.00032	0.76203	0.07005	0.00022	0.06237	0.03422	0.00022	0.00029	0.06875	0.00030	0.00020	0.00011	0.00010	3.3e-05	0.00013	9.8e-05	5.2e-05	0.00012
5	0.08744	0.07751	0.01477	0.31604	0.24231	0.01590	0.00023	0.01440	0.01521	0.08213	0.07711	0.01422	0.00022	0.00011	0.00011	3.2e-05	0.04196	9.5e-05	6.2e-05	0.00013

[dist]
# distance from previous block
# <min> <max>
0	17

# created by:
# /home/cegg/simao/soft/augustus-3.2.1/scripts/msa2prfl.pl ./align_prep/POG091H00IA.fa
