[name]
unknown

[dist]
# distance from previous block
# <min> <max>
0	143

[block]
# block no. 0 follows, 2384 sequences, length 82
# corresponding to MSA columns:
# 271-293,305,307-332,339-341,346-351,354-359,363,364,366-380
name=unknown_A
#
# <colnr> <probs for GDERKNQSTAVLIFYWHMCP>
#	G	D	E	R	K	N	Q	S	T	A	V	L	I	F	Y	W	H	M	C	P
0	0.00023	0.00018	0.00025	0.00159	0.11289	0.00017	0.00631	0.00029	0.00778	0.00048	0.39861	0.04810	0.07842	0.01575	0.09364	7e-05	0.00013	0.23353	0.00144	0.00014
1	0.00729	0.02811	0.01457	0.06706	0.05071	0.02744	0.00675	0.41301	0.07310	0.04745	0.00034	0.00981	0.00026	0.00688	0.01723	4.3e-05	0.00595	0.00012	0.00109	0.22278
2	0.00589	0.00022	0.00027	0.05242	0.07146	0.00023	0.00020	0.05742	0.21501	0.03406	0.05607	0.22083	0.24638	0.01668	0.00151	5.1e-05	0.00011	0.00146	0.00013	0.01959
3	0.01280	0.09151	0.11076	0.21611	0.11743	0.05821	0.09538	0.09180	0.01328	0.12706	0.01307	0.00233	0.01018	0.01373	0.00217	4.6e-05	0.00836	0.01096	9.3e-05	0.00473
4	0.00135	0.25876	0.48198	0.02195	0.07142	0.00138	0.06541	0.01305	0.01974	0.01679	0.03197	0.00150	0.00687	0.00014	0.00151	4.3e-05	0.00393	0.00193	7.2e-05	0.00020
5	0.00844	0.00025	0.00034	0.00026	0.00037	0.00021	0.00021	0.00412	0.00041	0.97958	0.00389	0.00049	0.00036	0.00018	0.00015	4.5e-05	0.00012	0.00015	0.00018	0.00025
6	0.00020	0.00016	0.00024	0.03624	0.01292	0.00223	0.07583	0.00024	0.00346	0.00328	0.00786	0.69463	0.06239	0.02904	0.00561	6.1e-05	0.00011	0.06525	0.00013	0.00013
7	0.00843	0.07459	0.17087	0.23102	0.14692	0.06122	0.08654	0.02549	0.01314	0.14420	0.00367	0.01095	0.00310	0.00187	0.00254	4.6e-05	0.00836	0.00676	8.8e-05	0.00020
8	0.00025	0.00019	0.00774	0.04240	0.06702	0.00018	0.05175	0.00497	0.00628	0.06025	0.02749	0.31168	0.20644	0.01506	0.00312	0.00496	0.00188	0.18808	0.00013	0.00014
9	0.00065	0.00025	0.00034	0.00026	0.00037	0.00022	0.00022	0.03201	0.00042	0.96278	0.00057	0.00049	0.00036	0.00018	0.00015	4.5e-05	0.00012	0.00015	0.00018	0.00025
10	0.02240	0.09273	0.39290	0.07357	0.03953	0.03707	0.11157	0.01803	0.01031	0.08747	0.01259	0.01796	0.01352	0.00721	0.03985	5.3e-05	0.00848	0.01448	8.3e-05	0.00020
11	0.00744	0.15999	0.55320	0.04077	0.02196	0.04598	0.05966	0.04668	0.00672	0.04587	0.00257	0.00185	0.00330	0.00014	0.00013	4.3e-05	0.00330	0.00011	7.4e-05	0.00021
12	0.00165	0.00780	0.02287	0.05238	0.08563	0.01341	0.09443	0.04008	0.00191	0.44684	0.07676	0.09198	0.00952	0.01116	0.01371	5.1e-05	0.01357	0.01072	0.00535	0.00021
13	0.36906	0.19234	0.13790	0.00610	0.03046	0.16427	0.02506	0.02818	0.00455	0.01671	0.00023	0.00027	0.00018	0.00014	0.00012	4.2e-05	0.02402	9.3e-05	8e-05	0.00018
14	0.00142	0.00014	0.00207	0.00135	0.00146	0.00013	0.00645	0.00141	0.00706	0.00625	0.13810	0.76679	0.00694	0.00352	0.00018	5.7e-05	8.7e-05	0.05632	0.00014	0.00012
15	0.00039	0.98383	0.00505	0.00025	0.00037	0.00743	0.00025	0.00044	0.00030	0.00034	0.00020	0.00023	0.00019	0.00012	9.4e-05	3.1e-05	0.00016	7.8e-05	6.2e-05	0.00019
16	0.00018	0.00013	0.00017	0.00020	0.00021	0.00012	0.00013	0.00020	0.00028	0.00038	0.02307	0.96808	0.00541	0.00045	0.00018	5.9e-05	8.4e-05	0.00041	0.00014	0.00012
17	0.00021	0.00015	0.00019	0.00018	0.00022	0.00014	0.00014	0.00028	0.00401	0.00640	0.95921	0.01111	0.01418	0.00030	0.00017	4.6e-05	6.9e-05	0.00270	0.00016	0.00014
18	0.00028	0.00058	0.67267	0.00040	0.06511	0.01999	0.00334	0.00041	0.00170	0.00744	0.02105	0.17134	0.00422	0.00020	0.00015	4.8e-05	0.00018	0.02510	0.00560	0.00019
19	0.00018	0.00015	0.00016	0.00016	0.00020	0.00013	0.00012	0.00023	0.00036	0.00046	0.35502	0.01479	0.61454	0.00315	0.00017	4.8e-05	7.3e-05	0.00977	0.00014	0.00013
20	0.00056	0.00593	0.00040	0.00030	0.00042	0.01258	0.05038	0.41492	0.00942	0.44430	0.05891	0.00046	0.00036	0.00018	0.00015	4.4e-05	0.00014	0.00015	0.00016	0.00024
21	0.00882	0.02259	0.00375	0.00023	0.00701	0.00022	0.00018	0.03162	0.00225	0.11292	0.00329	0.00033	0.00024	0.00012	0.00011	2.6e-05	0.00011	9.5e-05	9.8e-05	0.80602
22	0.03214	0.07315	0.01634	0.00213	0.07950	0.49398	0.12007	0.03380	0.11076	0.01329	0.00145	0.00187	0.00024	0.00015	0.00014	4.1e-05	0.00613	0.01454	8.6e-05	0.00019
23	0.01771	0.00026	0.00215	0.00026	0.00037	0.00755	0.00477	0.06192	0.01335	0.87017	0.01398	0.00608	0.00036	0.00018	0.00015	4.5e-05	0.00013	0.00015	0.00017	0.00024
24	0.00035	0.10220	0.19332	0.07021	0.34920	0.07508	0.04619	0.02852	0.03002	0.01011	0.07841	0.00285	0.00633	0.00145	0.00236	4.4e-05	0.00292	0.00013	8.1e-05	0.00020
25	0.00030	0.00026	0.00030	0.00022	0.00034	0.00019	0.00017	0.00037	0.00647	0.00306	0.00772	0.00032	0.00023	0.00677	0.00011	2.3e-05	0.00011	0.00311	8.7e-05	0.96985
26	0.00030	0.00026	0.00030	0.00022	0.00034	0.00019	0.00192	0.00275	0.00256	0.00839	0.00229	0.00032	0.00426	0.00501	0.01093	2.5e-05	0.00011	0.00244	8.7e-05	0.95728
27	0.00020	0.00015	0.00019	0.00018	0.00022	0.00014	0.00014	0.00027	0.00041	0.00058	0.97727	0.00109	0.01802	0.00030	0.00017	4.6e-05	6.9e-05	0.00026	0.00016	0.00014
28	0.00310	0.00016	0.00018	0.00016	0.00021	0.00015	0.00013	0.00347	0.00461	0.19541	0.03037	0.00055	0.00040	0.00018	0.00011	3.6e-05	7.9e-05	0.00014	0.76040	0.00016
29	0.00033	0.00031	0.00053	0.39946	0.59145	0.00034	0.00467	0.00042	0.00031	0.00043	0.00027	0.00037	0.00022	0.00014	0.00014	4.5e-05	0.00018	0.00013	6.9e-05	0.00020
30	0.00018	0.00014	0.00016	0.00016	0.00020	0.00012	0.00012	0.00022	0.00033	0.00396	0.10383	0.18549	0.67392	0.02784	0.00019	5.3e-05	7.7e-05	0.00275	0.00014	0.00012
31	0.00287	0.00016	0.00021	0.00024	0.00027	0.00016	0.00020	0.00028	0.01178	0.00371	0.03408	0.14693	0.10378	0.00543	0.00020	6.3e-05	0.00012	0.68922	0.00013	0.00013
32	0.00379	0.93247	0.00881	0.00026	0.00038	0.05160	0.00025	0.00044	0.00030	0.00034	0.00020	0.00023	0.00019	0.00013	9.5e-05	3.2e-05	0.00016	7.9e-05	6.3e-05	0.00019
33	0.00021	0.00015	0.00022	0.00022	0.00025	0.00017	0.00017	0.00025	0.00024	0.00034	0.01571	0.04301	0.01093	0.09340	0.82130	0.00941	0.00363	0.00017	8.3e-05	0.00012
34	0.81501	0.00031	0.00027	0.00386	0.06561	0.03109	0.02214	0.04297	0.00199	0.01277	0.00022	0.00026	0.00017	0.00014	0.00010	4.5e-05	0.00270	8.8e-05	9.1e-05	0.00017
35	0.00036	0.00034	0.00058	0.02228	0.96587	0.00035	0.00044	0.00044	0.00033	0.00047	0.00027	0.00036	0.00023	0.00013	0.00015	4.3e-05	0.00692	0.00013	7.2e-05	0.00023
36	0.00022	0.00015	0.00189	0.00019	0.00020	0.00016	0.00013	0.01162	0.00023	0.00949	0.00044	0.03456	0.00048	0.61226	0.29044	0.00332	0.02815	0.00586	8.8e-05	0.00011
37	0.00029	0.00026	0.00043	0.23848	0.46404	0.00285	0.00394	0.00164	0.00031	0.00315	0.01201	0.21796	0.04444	0.00022	0.00016	4.8e-05	0.00163	0.00372	0.00423	0.00018
38	0.00021	0.00015	0.00021	0.00021	0.00023	0.00017	0.00015	0.00025	0.00023	0.00032	0.00041	0.00068	0.00041	0.28232	0.71316	0.00021	0.00032	0.00017	8.1e-05	0.00012
39	0.00193	0.04580	0.68522	0.00237	0.00428	0.02645	0.17540	0.01853	0.00032	0.02047	0.00273	0.00982	0.00021	0.00014	0.00014	4.6e-05	0.00440	0.00147	6.9e-05	0.00021
40	0.00137	0.00258	0.10544	0.00549	0.09371	0.04437	0.41174	0.05416	0.02345	0.11726	0.00613	0.08853	0.00711	0.00164	0.02533	5.3e-05	0.00116	0.01020	9.7e-05	0.00020
41	0.00706	0.00671	0.04851	0.00385	0.20699	0.01856	0.36937	0.13049	0.02523	0.16568	0.00199	0.00338	0.00907	0.00015	0.00015	4.6e-05	0.00019	0.00225	0.00010	0.00022
42	0.00035	0.00033	0.00058	0.05117	0.80067	0.00033	0.09003	0.00043	0.00033	0.00047	0.00728	0.00861	0.01453	0.00014	0.00015	4.5e-05	0.00018	0.02408	7.5e-05	0.00022
43	0.00036	0.00150	0.00445	0.16484	0.70600	0.00212	0.02720	0.03261	0.01333	0.02577	0.00029	0.00171	0.00140	0.00014	0.00015	4.5e-05	0.01767	0.00013	7.7e-05	0.00022
44	0.00041	0.04291	0.25882	0.02499	0.06147	0.00467	0.18995	0.01999	0.01045	0.28093	0.02121	0.04787	0.02608	0.00017	0.00015	4.6e-05	0.00784	0.00174	0.00011	0.00021
45	0.00039	0.00521	0.00052	0.16850	0.54188	0.06695	0.02707	0.01315	0.00221	0.12699	0.00030	0.00037	0.00024	0.00015	0.00016	4.5e-05	0.04544	0.00013	8.5e-05	0.00021
46	0.00210	0.04961	0.81879	0.00250	0.00545	0.00167	0.01699	0.00208	0.00031	0.06574	0.00478	0.01488	0.01000	0.00015	0.00014	4.5e-05	0.00020	0.00428	7.2e-05	0.00021
47	0.00398	0.00028	0.00268	0.00032	0.00042	0.01121	0.15921	0.07880	0.01887	0.59907	0.00493	0.03817	0.03661	0.01108	0.00016	4.8e-05	0.00014	0.03365	0.00015	0.00022
48	0.00032	0.00030	0.00052	0.46044	0.52764	0.00033	0.00042	0.00041	0.00031	0.00400	0.00027	0.00037	0.00021	0.00014	0.00014	4.6e-05	0.00018	0.00013	0.00361	0.00020
49	0.00038	0.00032	0.00053	0.07584	0.72429	0.00698	0.01725	0.01748	0.00188	0.10948	0.00536	0.03736	0.00028	0.00015	0.00015	4.4e-05	0.00017	0.00175	8.7e-05	0.00022
50	0.00042	0.00044	0.00052	0.03039	0.62445	0.29544	0.00039	0.00492	0.02039	0.01605	0.00027	0.00034	0.00022	0.00014	0.00014	4.2e-05	0.00504	0.00012	7.6e-05	0.00021
51	0.00036	0.00038	0.00081	0.00601	0.00072	0.00036	0.89202	0.03131	0.01394	0.04508	0.00031	0.00543	0.00023	0.00013	0.00017	4.9e-05	0.00222	0.00017	8.2e-05	0.00020
52	0.00037	0.00033	0.00053	0.02557	0.64522	0.00751	0.05342	0.06515	0.02904	0.05634	0.06795	0.00234	0.01221	0.00016	0.00016	4.5e-05	0.03321	0.00014	9.1e-05	0.00022
53	0.00030	0.00028	0.00043	0.00568	0.11748	0.04978	0.23449	0.00726	0.14124	0.00627	0.28153	0.00861	0.12323	0.00022	0.00134	4.7e-05	0.01572	0.00580	0.00012	0.00018
54	0.00024	0.00019	0.00023	0.00194	0.00026	0.00504	0.04175	0.00725	0.14795	0.02338	0.37335	0.00706	0.37139	0.00688	0.00017	4.8e-05	8.9e-05	0.01249	0.00014	0.00015
55	0.00189	0.04312	0.24819	0.01650	0.00876	0.10460	0.24046	0.05890	0.06678	0.00681	0.16698	0.00360	0.02310	0.00018	0.00015	4.5e-05	0.00950	0.00016	9.6e-05	0.00019
56	0.00019	0.00015	0.00018	0.00018	0.00021	0.00014	0.00282	0.00025	0.02160	0.00048	0.46360	0.10656	0.38801	0.00034	0.00017	4.9e-05	7.5e-05	0.01471	0.00015	0.00013
57	0.00036	0.00034	0.00059	0.00899	0.98590	0.00034	0.00045	0.00044	0.00033	0.00047	0.00027	0.00036	0.00023	0.00013	0.00014	4.3e-05	0.00017	0.00013	7.2e-05	0.00023
58	0.00029	0.00359	0.97835	0.00041	0.00063	0.00034	0.00457	0.00664	0.00305	0.00046	0.00026	0.00031	0.00019	0.00014	0.00014	4.6e-05	0.00021	0.00011	6.2e-05	0.00021
59	0.00019	0.00016	0.00019	0.00018	0.00023	0.00014	0.03316	0.00024	0.00299	0.00046	0.33160	0.01699	0.56851	0.00034	0.00017	4.9e-05	8e-05	0.04405	0.00014	0.00013
60	0.00032	0.00031	0.00052	0.43621	0.54510	0.00033	0.00890	0.00041	0.00031	0.00043	0.00027	0.00037	0.00021	0.00014	0.00015	0.00545	0.00018	0.00013	6.9e-05	0.00020
61	0.00020	0.00014	0.00017	0.00019	0.00020	0.00013	0.00013	0.00022	0.00511	0.00035	0.01578	0.42573	0.01449	0.41201	0.00042	9.3e-05	0.00011	0.11931	0.00510	0.00011
62	0.14516	0.00031	0.00444	0.53924	0.01634	0.00329	0.00309	0.26388	0.01734	0.00056	0.00028	0.00036	0.00021	0.00202	0.00014	4.7e-05	0.00290	0.00012	9.1e-05	0.00019
63	0.00030	0.00025	0.00029	0.00022	0.00034	0.00019	0.00017	0.00458	0.03266	0.01661	0.02054	0.05725	0.00360	0.00014	0.00012	2.6e-05	0.00011	0.00293	9.4e-05	0.85958
64	0.20422	0.00041	0.00042	0.01426	0.14819	0.26708	0.11430	0.04229	0.11588	0.02018	0.04531	0.00039	0.00029	0.00451	0.00014	4.4e-05	0.00582	0.01596	9.5e-05	0.00019
65	0.00025	0.00021	0.00022	0.00020	0.00027	0.00021	0.00016	0.00043	0.38441	0.00048	0.01726	0.00106	0.59369	0.00030	0.00016	4.9e-05	8.9e-05	0.00025	0.00014	0.00016
66	0.02455	0.71559	0.19797	0.00028	0.00042	0.00398	0.00515	0.00998	0.00031	0.04029	0.00023	0.00026	0.00019	0.00013	0.00011	3.5e-05	0.00017	8.7e-05	6.8e-05	0.00019
67	0.01841	0.30452	0.32798	0.00036	0.04969	0.00219	0.05771	0.02906	0.09823	0.01600	0.04228	0.00676	0.01580	0.00015	0.00013	4.1e-05	0.00178	0.00012	8.3e-05	0.02872
68	0.24443	0.00037	0.00038	0.00033	0.00037	0.17718	0.00027	0.00454	0.00027	0.02475	0.00021	0.00029	0.00019	0.00020	0.00031	5.4e-05	0.54551	0.00011	7.5e-05	0.00016
69	0.00039	0.99499	0.00076	0.00025	0.00037	0.00057	0.00025	0.00043	0.00029	0.00034	0.00020	0.00023	0.00019	0.00012	9.3e-05	3.1e-05	0.00016	7.8e-05	6.2e-05	0.00019
70	0.01110	0.00015	0.00020	0.00020	0.00022	0.00016	0.00015	0.00024	0.00024	0.00033	0.00869	0.06683	0.05667	0.29465	0.55619	0.00018	0.00027	0.00330	8.9e-05	0.00012
71	0.02056	0.13240	0.24977	0.00545	0.02987	0.26022	0.22911	0.01755	0.00171	0.02058	0.00130	0.00925	0.00190	0.00309	0.01141	4.5e-05	0.00326	0.00226	7.4e-05	0.00019
72	0.00026	0.00021	0.00024	0.00401	0.00027	0.00022	0.00016	0.00044	0.35265	0.00053	0.40072	0.00087	0.06823	0.13033	0.04017	6.7e-05	0.00011	0.00022	0.00014	0.00016
73	0.00036	0.00034	0.00059	0.02102	0.97387	0.00034	0.00044	0.00044	0.00033	0.00047	0.00027	0.00036	0.00023	0.00013	0.00014	4.3e-05	0.00017	0.00013	7.2e-05	0.00023
74	0.00235	0.00018	0.00146	0.01627	0.14594	0.00017	0.00171	0.00372	0.01305	0.07003	0.07557	0.49170	0.03814	0.00280	0.00218	5.5e-05	0.00011	0.13261	0.00180	0.00015
75	0.09926	0.00032	0.00047	0.41762	0.38835	0.06132	0.00038	0.01677	0.00666	0.00231	0.00026	0.00036	0.00319	0.00014	0.00014	4.5e-05	0.00018	0.00012	0.00192	0.00019
76	0.00202	0.00427	0.00045	0.01368	0.03795	0.41161	0.05599	0.06921	0.00471	0.12089	0.00028	0.00033	0.00022	0.00018	0.00023	4.7e-05	0.27411	0.00356	8.9e-05	0.00018
77	0.03266	0.00020	0.00025	0.00022	0.00029	0.00018	0.00018	0.00245	0.00660	0.44925	0.19094	0.18163	0.06991	0.00028	0.00016	4.9e-05	0.00010	0.05785	0.00662	0.00018
78	0.00734	0.00029	0.09087	0.26186	0.09314	0.02228	0.05015	0.01223	0.04399	0.01035	0.12787	0.05432	0.17394	0.00816	0.00462	5e-05	0.02632	0.01020	0.00185	0.00017
79	0.04235	0.01403	0.07372	0.42390	0.36121	0.02279	0.00656	0.03307	0.01043	0.00877	0.00027	0.00036	0.00021	0.00014	0.00014	4.5e-05	0.00162	0.00012	7.3e-05	0.00019
80	0.00021	0.00014	0.00016	0.00016	0.00016	0.00014	8.8e-05	0.00021	0.00021	0.00028	0.00046	0.00095	0.00053	0.99490	0.00074	0.00014	0.00014	0.00021	8.8e-05	8.8e-05
81	0.00018	0.00013	0.00017	0.00019	0.00021	0.00012	0.00013	0.00021	0.00028	0.00260	0.00823	0.80498	0.11242	0.06646	0.00022	6.3e-05	8.7e-05	0.00309	0.00013	0.00012

[dist]
# distance from previous block
# <min> <max>
2	3

[block]
# block no. 1 follows, 2384 sequences, length 33
# corresponding to MSA columns:
# 385-393,395,396,398-402,404,406,407,409-420,422,423
name=unknown_B
#
# <colnr> <probs for GDERKNQSTAVLIFYWHMCP>
#	G	D	E	R	K	N	Q	S	T	A	V	L	I	F	Y	W	H	M	C	P
0	0.90229	0.01198	0.01203	0.00021	0.00889	0.05405	0.00788	0.00044	0.00026	0.00063	0.00021	0.00024	0.00016	0.00014	9.4e-05	4.4e-05	0.00012	8.1e-05	8.8e-05	0.00016
1	0.00043	0.54165	0.01151	0.00035	0.11212	0.17912	0.00028	0.04134	0.00034	0.06980	0.00025	0.00029	0.00021	0.00717	0.00805	3.8e-05	0.01733	9.7e-05	0.00944	0.00019
2	0.00035	0.00034	0.00057	0.03867	0.82924	0.00663	0.00712	0.00043	0.00032	0.00046	0.00026	0.00036	0.00022	0.00014	0.00018	4.6e-05	0.11424	0.00013	7.1e-05	0.00022
3	0.00955	0.00016	0.00021	0.00019	0.00023	0.00015	0.00014	0.00032	0.03181	0.07586	0.79064	0.03995	0.02605	0.00029	0.00017	4.6e-05	7.5e-05	0.00025	0.02375	0.00015
4	0.00035	0.00034	0.00058	0.09076	0.89359	0.00034	0.01103	0.00044	0.00033	0.00046	0.00027	0.00036	0.00023	0.00013	0.00014	4.4e-05	0.00018	0.00013	7.1e-05	0.00022
5	0.00027	0.00016	0.00020	0.00019	0.00023	0.00015	0.00014	0.00584	0.00825	0.15750	0.46118	0.01651	0.20332	0.12148	0.00024	5.8e-05	8.8e-05	0.00529	0.01876	0.00015
6	0.00039	0.00407	0.00673	0.03791	0.07771	0.01842	0.00233	0.22955	0.45256	0.01441	0.00297	0.00269	0.00709	0.01522	0.09845	0.00688	0.00016	0.01881	0.00343	0.00021
7	0.00019	0.00014	0.00017	0.00018	0.00021	0.00013	0.00013	0.00023	0.00034	0.00045	0.33264	0.31029	0.30558	0.00037	0.00017	5.1e-05	7.7e-05	0.02631	0.02221	0.00013
8	0.00026	0.00023	0.00037	0.58115	0.02376	0.00350	0.03173	0.00034	0.00398	0.00039	0.07427	0.00797	0.00595	0.11775	0.00404	0.00260	0.02753	0.11393	8.4e-05	0.00015
9	0.00021	0.00014	0.00016	0.00017	0.00017	0.00014	9.6e-05	0.00021	0.00022	0.00029	0.00050	0.12844	0.00058	0.84837	0.01962	0.00013	0.00014	0.00024	9.4e-05	9.3e-05
10	0.00030	0.00028	0.00046	0.72857	0.22894	0.00032	0.00040	0.00669	0.00031	0.00704	0.02515	0.00040	0.00023	0.00015	0.00015	4.7e-05	0.00018	0.00013	7e-05	0.00018
11	0.96425	0.00028	0.00023	0.00021	0.01205	0.00033	0.02000	0.00043	0.00025	0.00065	0.00020	0.00024	0.00016	0.00013	9.2e-05	4.5e-05	0.00012	8.1e-05	8.9e-05	0.00016
12	0.02631	0.00026	0.00043	0.96855	0.00098	0.00032	0.00040	0.00037	0.00029	0.00038	0.00026	0.00038	0.00019	0.00014	0.00014	4.8e-05	0.00019	0.00013	6.5e-05	0.00016
13	0.00035	0.00743	0.72358	0.00038	0.00057	0.00033	0.01248	0.07133	0.03273	0.11464	0.00033	0.00039	0.00024	0.00016	0.00014	4.6e-05	0.00019	0.03437	8.6e-05	0.00022
14	0.00025	0.00020	0.00027	0.00568	0.00031	0.01050	0.08891	0.05160	0.00917	0.02092	0.02415	0.11164	0.32661	0.00035	0.00018	5.6e-05	0.00715	0.34180	0.00013	0.00014
15	0.02436	0.01544	0.01247	0.00453	0.00500	0.02212	0.05772	0.15132	0.18563	0.33157	0.09406	0.03404	0.03608	0.00328	0.00015	4.7e-05	0.00673	0.01509	0.00015	0.00021
16	0.00031	0.01243	0.00799	0.09325	0.00307	0.06605	0.00028	0.00334	0.01321	0.00035	0.00028	0.01099	0.01660	0.08995	0.09032	8.2e-05	0.59113	0.00014	7.1e-05	0.00015
17	0.00996	0.00032	0.00052	0.00994	0.27227	0.00340	0.23126	0.06211	0.06187	0.01619	0.01745	0.00839	0.01417	0.00015	0.00015	4.1e-05	0.02074	0.03796	9.2e-05	0.23302
18	0.00354	0.18105	0.47513	0.00457	0.05475	0.02338	0.13995	0.03682	0.00333	0.00977	0.00390	0.00034	0.01008	0.01654	0.00372	4.6e-05	0.03269	0.00012	7e-05	0.00020
19	0.02118	0.00483	0.00030	0.04791	0.03517	0.00543	0.09544	0.03213	0.00366	0.10525	0.01597	0.30397	0.26370	0.02141	0.00019	5.4e-05	0.02280	0.02035	0.00012	0.00015
20	0.90992	0.00029	0.00023	0.00020	0.00029	0.00942	0.00017	0.04576	0.00769	0.02466	0.00022	0.00025	0.00017	0.00014	9.5e-05	4.5e-05	0.00012	8.3e-05	9.5e-05	0.00016
21	0.00603	0.00029	0.11678	0.10237	0.09603	0.01166	0.10208	0.01582	0.01401	0.05593	0.08167	0.12361	0.04236	0.03831	0.04189	6.2e-05	0.01271	0.13811	0.00011	0.00017
22	0.00960	0.12732	0.18828	0.16823	0.18007	0.03256	0.06821	0.00568	0.01264	0.04630	0.03912	0.01009	0.04825	0.00018	0.01437	4.8e-05	0.03423	0.00984	0.00281	0.00216
23	0.00020	0.00015	0.00020	0.00021	0.00588	0.00014	0.02032	0.00026	0.01833	0.00590	0.37216	0.38407	0.12134	0.00037	0.00018	5.3e-05	8.5e-05	0.06989	0.00014	0.00013
24	0.00019	0.00013	0.00017	0.00020	0.00022	0.00012	0.00014	0.00406	0.00029	0.01362	0.01633	0.87695	0.03179	0.01099	0.00019	5.9e-05	0.00408	0.02964	0.01070	0.00012
25	0.00690	0.15975	0.21345	0.03306	0.07848	0.10231	0.11667	0.00480	0.00801	0.03668	0.01799	0.14295	0.00668	0.02495	0.01824	5.1e-05	0.02018	0.00859	8.5e-05	0.00018
26	0.00838	0.06305	0.02403	0.58544	0.23608	0.02371	0.02200	0.01676	0.00031	0.00041	0.01231	0.00038	0.00022	0.00014	0.00014	4.6e-05	0.00307	0.00327	6.9e-05	0.00018
27	0.00020	0.00014	0.00017	0.00018	0.00020	0.00014	0.00012	0.00023	0.00030	0.00560	0.23996	0.17753	0.13467	0.35109	0.00841	8.5e-05	0.00011	0.08061	0.00012	0.00011
28	0.01867	0.00029	0.06323	0.07996	0.09659	0.00026	0.05606	0.05170	0.01295	0.47702	0.01499	0.01911	0.04703	0.00780	0.01305	0.02829	0.00296	0.00258	0.00726	0.00021
29	0.02530	0.10309	0.34141	0.00380	0.05998	0.05964	0.10385	0.03921	0.08831	0.12318	0.01228	0.00427	0.00307	0.00015	0.00015	4.5e-05	0.02407	0.00302	9.2e-05	0.00509
30	0.02949	0.32048	0.18968	0.00894	0.05824	0.00550	0.03327	0.01713	0.00407	0.14843	0.00698	0.03280	0.01225	0.00830	0.00298	4.5e-05	0.00373	0.11738	9.6e-05	0.00019
31	0.00022	0.00016	0.00020	0.00021	0.00024	0.00404	0.00015	0.00031	0.12222	0.01806	0.18401	0.46773	0.06260	0.00907	0.00018	5.4e-05	8.9e-05	0.07096	0.05936	0.00014
32	0.03986	0.04213	0.33305	0.00578	0.09960	0.01709	0.09653	0.11398	0.02226	0.16561	0.00962	0.01322	0.00686	0.00016	0.00015	4.5e-05	0.02618	0.00346	0.00421	0.00021

[dist]
# distance from previous block
# <min> <max>
9	14

[block]
# block no. 2 follows, 2384 sequences, length 8
# corresponding to MSA columns:
# 444,445,449,450,452-455
name=unknown_C
#
# <colnr> <probs for GDERKNQSTAVLIFYWHMCP>
#	G	D	E	R	K	N	Q	S	T	A	V	L	I	F	Y	W	H	M	C	P
0	0.00035	0.00033	0.02442	0.18134	0.59452	0.02140	0.01078	0.01643	0.02215	0.03403	0.02875	0.01905	0.01864	0.00016	0.00015	4.5e-05	0.01203	0.01514	8.3e-05	0.00021
1	0.00024	0.00019	0.00026	0.01184	0.01049	0.00018	0.06104	0.01565	0.03670	0.01497	0.04401	0.30526	0.05000	0.07041	0.00022	6.1e-05	0.00988	0.27535	0.00012	0.09314
2	0.00032	0.10933	0.72479	0.00041	0.00060	0.02916	0.10693	0.00047	0.00031	0.02599	0.00026	0.00031	0.00019	0.00014	0.00014	4.4e-05	0.00021	0.00011	6.6e-05	0.00021
3	0.82042	0.02259	0.00025	0.00022	0.00030	0.02384	0.00018	0.00043	0.00026	0.02174	0.00022	0.00028	0.00018	0.00015	0.00013	4.7e-05	0.08767	0.02086	8.9e-05	0.00016
4	0.00031	0.08786	0.00048	0.73465	0.12399	0.04954	0.00039	0.00040	0.00030	0.00038	0.00025	0.00036	0.00020	0.00014	0.00014	4.6e-05	0.00019	0.00012	6.6e-05	0.00017
5	0.00038	0.00038	0.00051	0.09634	0.02345	0.16545	0.27421	0.15018	0.02537	0.01210	0.01073	0.02700	0.00923	0.04209	0.05145	6.1e-05	0.09840	0.01237	9e-05	0.00018
6	0.08789	0.00017	0.00022	0.00024	0.00028	0.00017	0.00020	0.00030	0.00033	0.02395	0.08820	0.10883	0.02967	0.00038	0.01861	6.4e-05	0.00012	0.64009	0.00013	0.00014
7	0.01320	0.00026	0.00027	0.00024	0.00030	0.05999	0.00981	0.15460	0.16332	0.01027	0.18291	0.02402	0.22146	0.08170	0.01234	5.8e-05	0.03405	0.03091	0.00013	0.00017

[dist]
# distance from previous block
# <min> <max>
0	5

[block]
# block no. 3 follows, 2384 sequences, length 6
# corresponding to MSA columns:
# 461-466
name=unknown_D
#
# <colnr> <probs for GDERKNQSTAVLIFYWHMCP>
#	G	D	E	R	K	N	Q	S	T	A	V	L	I	F	Y	W	H	M	C	P
0	0.00023	0.00019	0.05210	0.00024	0.00028	0.00016	0.00021	0.00030	0.02006	0.02335	0.06209	0.14686	0.10173	0.00038	0.00021	0.05832	0.00012	0.50491	0.02813	0.00014
1	0.01455	0.00018	0.00023	0.00022	0.00026	0.01416	0.04845	0.01582	0.03057	0.01445	0.33811	0.08496	0.15158	0.09498	0.02484	6.5e-05	0.00011	0.16619	0.00013	0.00014
2	0.00019	0.00014	0.00019	0.05210	0.00025	0.00014	0.00015	0.00023	0.00030	0.00039	0.11478	0.50306	0.15571	0.08603	0.02778	6.8e-05	0.00010	0.05814	0.00013	0.00012
3	0.13844	0.03433	0.02119	0.00026	0.00036	0.01854	0.01579	0.08873	0.10599	0.42238	0.10527	0.01690	0.01485	0.00019	0.00014	4.5e-05	0.00012	0.01612	0.00015	0.00021
4	0.01923	0.00028	0.02696	0.00025	0.02185	0.00022	0.01904	0.02691	0.02013	0.02623	0.02099	0.00033	0.00025	0.00012	0.00011	2.6e-05	0.00012	9.7e-05	9.2e-05	0.81677
5	0.03608	0.01031	0.01321	0.04380	0.54903	0.05794	0.01981	0.01466	0.02446	0.02319	0.02373	0.03664	0.04502	0.00017	0.00015	4.4e-05	0.02780	0.01055	0.05206	0.01134

[dist]
# distance from previous block
# <min> <max>
0	252

# created by:
# /home/cegg/simao/soft/augustus-3.2.1/scripts/msa2prfl.pl ./align_prep/POG091H028E.fa
