[name]
unknown

[dist]
# distance from previous block
# <min> <max>
0	72

[block]
# block no. 0 follows, 3378 sequences, length 38
# corresponding to MSA columns:
# 85-122
name=unknown_A
#
# <colnr> <probs for GDERKNQSTAVLIFYWHMCP>
#	G	D	E	R	K	N	Q	S	T	A	V	L	I	F	Y	W	H	M	C	P
0	0.00018	0.00012	0.00017	0.00019	0.00021	0.00012	0.00016	0.01809	0.00024	0.03312	0.01834	0.00717	0.00058	0.00027	0.00014	4.6e-05	9.4e-05	0.92055	9.6e-05	9.9e-05
1	0.00043	0.00017	0.00023	0.00018	0.00025	0.00015	0.00015	0.00569	0.01448	0.87404	0.04542	0.00038	0.02960	0.00013	0.00010	3.1e-05	8.4e-05	0.00011	0.00012	0.02825
2	0.00020	0.00019	0.00031	0.97427	0.01210	0.00023	0.00029	0.00027	0.00021	0.00027	0.00020	0.00029	0.01050	0.00011	0.00011	3.6e-05	0.00014	9.6e-05	5e-05	0.00012
3	0.00012	0.00010	0.00011	0.00011	0.00014	8.7e-05	8e-05	0.00015	0.00023	0.00028	0.02819	0.07999	0.87996	0.00983	0.00013	3.6e-05	5.3e-05	0.00022	9.6e-05	8.6e-05
4	0.00539	0.00018	0.00941	0.00018	0.00026	0.00912	0.00425	0.09335	0.00031	0.76270	0.06404	0.03288	0.00618	0.00494	0.00011	3.2e-05	8.8e-05	0.00631	0.00012	0.00016
5	0.95355	0.00021	0.00016	0.00014	0.00020	0.02594	0.00011	0.01811	0.00018	0.00046	0.00015	0.00017	0.00011	9.6e-05	6.5e-05	3.2e-05	8.3e-05	5.7e-05	6.4e-05	0.00011
6	0.00015	0.00011	0.00014	0.00815	0.00016	0.00010	0.0001	0.00020	0.01273	0.00039	0.76475	0.00082	0.21135	0.00023	0.00013	3.5e-05	5.4e-05	0.00019	0.00011	0.00010
7	0.00031	0.54822	0.04232	0.00022	0.00029	0.38779	0.00019	0.00035	0.00516	0.00025	0.00518	0.00018	0.00014	9.7e-05	8e-05	2.4e-05	0.00897	6.1e-05	4.8e-05	0.00013
8	0.00012	9.9e-05	0.00011	0.00012	0.00014	8.6e-05	8.5e-05	0.00015	0.00022	0.00028	0.04470	0.37769	0.57528	0.00028	0.00013	3.7e-05	5.5e-05	0.00024	9.6e-05	8.6e-05
9	0.00022	0.00018	0.00021	0.00015	0.00024	0.00014	0.00012	0.01718	0.00022	0.01231	0.00019	0.00022	0.00015	7.7e-05	7.7e-05	1.6e-05	7.7e-05	6.2e-05	6.2e-05	0.96808
10	0.01126	0.16808	0.04437	0.31290	0.09580	0.12648	0.03617	0.02754	0.09916	0.01565	0.02566	0.00587	0.00825	0.00011	9.6e-05	3e-05	0.00242	0.00237	5.9e-05	0.01771
11	0.01667	0.16080	0.15646	0.01035	0.05751	0.38450	0.05854	0.01615	0.00406	0.02547	0.00017	0.00021	0.00014	0.00012	0.01395	3.1e-05	0.09460	7.5e-05	5.2e-05	0.00013
12	0.00026	0.00025	0.00686	0.00061	0.93578	0.00024	0.03436	0.00572	0.00024	0.01441	0.00020	0.00026	0.00016	9.2e-05	0.00010	3.1e-05	0.00012	9.3e-05	5.2e-05	0.00016
13	0.00021	0.00020	0.00032	0.64218	0.03422	0.00025	0.05139	0.00287	0.00409	0.00027	0.00810	0.00390	0.00274	0.00012	0.00261	3.7e-05	0.23243	9.4e-05	0.00244	0.01153
14	0.09883	0.00013	0.00015	0.00014	0.00018	0.00013	0.00011	0.00580	0.07719	0.12010	0.42657	0.05306	0.18067	0.00020	0.00011	3.4e-05	6.2e-05	0.03155	0.00488	0.00011
15	0.00452	0.01366	0.39564	0.00995	0.00886	0.00506	0.00227	0.00416	0.00383	0.00971	0.36019	0.03030	0.03780	0.00764	0.01468	0.03436	0.01721	0.01012	0.00212	0.02793
16	0.00013	0.00011	0.00012	0.00964	0.00015	9.4e-05	8.7e-05	0.00016	0.00654	0.00543	0.16570	0.00090	0.73871	0.01476	0.05340	4.2e-05	0.00364	0.00020	9.5e-05	9e-05
17	0.24780	0.00020	0.00023	0.00018	0.00026	0.00020	0.00015	0.17990	0.00030	0.56930	0.00031	0.00029	0.00020	0.00012	9.3e-05	3.2e-05	9e-05	8.9e-05	0.00011	0.00016
18	0.00012	9e-05	0.00012	0.00014	0.00015	8.4e-05	9.5e-05	0.00014	0.00020	0.00026	0.00058	0.96404	0.03295	0.00032	0.00013	4.1e-05	5.9e-05	0.00029	9.5e-05	8.4e-05
19	0.00025	0.00022	0.00028	0.01754	0.00889	0.00025	0.11279	0.00773	0.80352	0.00571	0.00038	0.00038	0.00029	0.00013	0.00011	3.5e-05	9.3e-05	0.01628	0.01016	0.01496
20	0.00287	0.00626	0.00019	0.00865	0.00584	0.00510	0.00014	0.09189	0.00266	0.11187	0.00029	0.00295	0.00025	0.00061	0.74485	0.00013	0.00339	0.00011	0.01185	0.00011
21	0.00012	0.00011	0.00011	0.00011	0.01191	8.9e-05	8.3e-05	0.00015	0.00024	0.00029	0.07949	0.04320	0.86323	0.00026	0.00012	3.5e-05	5.3e-05	0.00022	9.6e-05	8.8e-05
22	0.00016	0.00012	0.00017	0.00344	0.00364	0.01191	0.00012	0.00019	0.01573	0.00023	0.00028	0.00439	0.00027	0.21960	0.65712	0.00014	0.07788	0.00012	0.00439	8.9e-05
23	0.99712	0.00020	0.00015	0.00014	0.00020	0.00023	0.00011	0.00030	0.00017	0.00046	0.00014	0.00017	0.00011	9.5e-05	6.4e-05	3.2e-05	7.9e-05	5.6e-05	6.4e-05	0.00011
24	0.00012	0.00010	0.00011	0.00011	0.00014	8.8e-05	8.1e-05	0.00015	0.00024	0.00029	0.11136	0.02378	0.85589	0.00026	0.00012	3.5e-05	5.2e-05	0.00689	9.7e-05	8.8e-05
25	0.97092	0.00020	0.00015	0.00014	0.00020	0.00023	0.00011	0.01596	0.00018	0.00046	0.00015	0.00017	0.00011	9.6e-05	6.4e-05	3.2e-05	8e-05	5.7e-05	0.01057	0.00011
26	0.00022	0.01262	0.00715	0.35141	0.17633	0.05045	0.02279	0.02003	0.01687	0.02953	0.00354	0.14674	0.02047	0.00877	0.00011	0.00869	0.00686	0.00012	0.00289	0.11442
27	0.00402	0.01074	0.00028	0.00387	0.13912	0.00742	0.01615	0.25697	0.40607	0.06205	0.01062	0.00243	0.00608	0.00684	0.01148	3.4e-05	0.01807	0.00188	9.2e-05	0.03578
28	0.00239	0.00020	0.00026	0.35305	0.03246	0.02254	0.00540	0.13928	0.23797	0.01142	0.00730	0.11028	0.00765	0.03032	0.00977	3.8e-05	0.00756	0.02002	0.00198	0.00013
29	0.02007	0.00022	0.00026	0.00020	0.00028	0.00022	0.00017	0.40601	0.00037	0.56391	0.00701	0.00031	0.00022	0.00013	0.00010	3.1e-05	9.7e-05	9.8e-05	0.00012	0.00017
30	0.00938	0.01091	0.04302	0.16062	0.29143	0.05237	0.21882	0.03212	0.01386	0.07332	0.01230	0.03103	0.00605	0.01302	0.00012	3.4e-05	0.01851	0.01049	0.00247	0.00014
31	0.00329	0.06592	0.25601	0.03363	0.34651	0.02176	0.06737	0.05118	0.01091	0.08402	0.00703	0.03263	0.00282	0.00242	0.00282	3.2e-05	0.00951	0.00192	6e-05	0.00015
32	0.00014	0.00011	0.00012	0.00011	0.00015	9.8e-05	8.6e-05	0.00403	0.04843	0.01412	0.10347	0.02950	0.79389	0.00025	0.00012	3.5e-05	5.4e-05	0.00509	9.8e-05	9.3e-05
33	0.00015	9.6e-05	0.00012	0.00318	0.00014	9.3e-05	9e-05	0.00019	0.02094	0.00892	0.03117	0.56140	0.02852	0.01246	0.00012	3.6e-05	5.7e-05	0.00598	0.32625	9e-05
34	0.00631	0.07974	0.20894	0.02301	0.12349	0.04096	0.01856	0.03929	0.05220	0.32478	0.02859	0.01282	0.00418	0.02471	0.00478	3.4e-05	0.00727	9.7e-05	8.1e-05	0.00015
35	0.01633	0.03460	0.13714	0.03495	0.24367	0.03578	0.03664	0.04070	0.02613	0.35080	0.00971	0.00275	0.00557	0.00511	0.00171	3.2e-05	0.00757	0.00237	0.00831	0.00016
36	0.00032	0.00017	0.00021	0.00018	0.00024	0.00513	0.00014	0.02308	0.29237	0.41783	0.15236	0.05498	0.02630	0.00016	0.00011	3.3e-05	7.7e-05	0.00327	0.02289	0.00015
37	0.71995	0.01406	0.02620	0.00464	0.07283	0.10082	0.02340	0.02103	0.00251	0.00890	0.00016	0.00018	0.00012	9.7e-05	7.4e-05	3.1e-05	0.00245	6.3e-05	0.00237	0.00012

[dist]
# distance from previous block
# <min> <max>
0	13

[block]
# block no. 1 follows, 3378 sequences, length 23
# corresponding to MSA columns:
# 142-160,178-181
name=unknown_B
#
# <colnr> <probs for GDERKNQSTAVLIFYWHMCP>
#	G	D	E	R	K	N	Q	S	T	A	V	L	I	F	Y	W	H	M	C	P
0	0.00013	0.00010	0.00012	0.00012	0.00014	9.1e-05	8.6e-05	0.00017	0.00025	0.00033	0.39428	0.03029	0.56005	0.01323	0.00013	3.5e-05	5.1e-05	0.00021	0.00010	9e-05
1	0.00836	0.22547	0.02754	0.00539	0.01059	0.17107	0.00406	0.26252	0.02134	0.13826	0.01814	0.00494	0.00368	0.00011	9e-05	2.7e-05	0.00012	0.00309	7.7e-05	0.09512
2	0.02173	0.00796	0.27020	0.04321	0.02279	0.00245	0.01343	0.02502	0.02001	0.04499	0.01730	0.01766	0.01627	0.04177	0.03120	0.02332	0.01085	0.00513	0.00780	0.35692
3	0.01121	0.49307	0.07238	0.00378	0.00395	0.11623	0.00580	0.11634	0.09031	0.03244	0.00435	0.00388	0.00400	0.00556	0.01354	0.00256	0.01606	0.00436	6.1e-05	0.00014
4	0.00022	0.00018	0.00024	0.09754	0.16376	0.00019	0.01075	0.01823	0.31278	0.03968	0.14010	0.07079	0.12019	0.00017	0.00011	3.4e-05	8.6e-05	0.01952	0.00531	0.00013
5	0.00472	0.00021	0.00035	0.55289	0.37761	0.01513	0.01209	0.00736	0.00436	0.00030	0.00019	0.00516	0.00582	0.00010	0.00378	3.3e-05	0.00472	9.3e-05	4.9e-05	0.00503
6	0.00017	0.00012	0.00015	0.00014	0.00017	0.00011	0.00613	0.03419	0.04892	0.03858	0.59582	0.01984	0.21994	0.00794	0.00012	3.4e-05	5.7e-05	0.01257	0.00892	0.00608
7	0.04816	0.04980	0.01163	0.17272	0.40220	0.06544	0.02894	0.09199	0.00025	0.01181	0.00693	0.00775	0.00740	0.00687	0.01908	3.5e-05	0.06084	9.1e-05	0.00792	0.00014
8	0.00489	0.60677	0.20615	0.00023	0.01058	0.03369	0.06566	0.03335	0.01259	0.01194	0.00466	0.00020	0.00014	0.00423	8.3e-05	2.6e-05	0.00455	6.8e-05	4.9e-05	0.00014
9	0.00013	9.1e-05	0.00012	0.00014	0.00015	8.5e-05	9.6e-05	0.00015	0.00020	0.00850	0.01154	0.88881	0.01571	0.00032	0.00015	0.06157	6.2e-05	0.01201	9.3e-05	8.2e-05
10	0.01193	0.08756	0.01700	0.00022	0.00686	0.05864	0.00397	0.32304	0.45853	0.01239	0.00875	0.00631	0.00409	0.00013	0.0001	3.2e-05	0.00010	0.00010	9.4e-05	0.00016
11	0.00701	0.44484	0.42018	0.00023	0.00937	0.02137	0.00403	0.02398	0.00379	0.01871	0.00384	0.00361	0.00370	9.6e-05	8.3e-05	2.7e-05	0.00013	0.00335	4.9e-05	0.03161
12	0.03267	0.29650	0.32720	0.00337	0.00603	0.01749	0.02391	0.04676	0.01428	0.17715	0.01177	0.00375	0.01364	0.00011	0.00651	3e-05	0.00012	8e-05	6.5e-05	0.01856
13	0.00023	0.13846	0.43894	0.00032	0.01685	0.00778	0.33198	0.00573	0.01161	0.00397	0.00428	0.00401	0.00849	0.00011	0.01291	3.4e-05	0.01401	9.2e-05	4.9e-05	0.00014
14	0.00016	0.00014	0.06977	0.00015	0.00018	0.00011	0.01226	0.01188	0.01774	0.04067	0.30139	0.31981	0.19959	0.00633	0.00012	3.7e-05	6.6e-05	0.01940	9.8e-05	0.0001
15	0.03936	0.20604	0.16371	0.01214	0.03284	0.09397	0.03258	0.07218	0.03668	0.12027	0.07202	0.06742	0.04187	0.00013	9.8e-05	3e-05	0.00391	0.00453	7.3e-05	0.00014
16	0.00478	0.00546	0.03747	0.11344	0.32904	0.01502	0.08782	0.05993	0.05498	0.20822	0.01660	0.03216	0.01453	0.00012	0.00011	3.2e-05	0.00723	0.00527	7.5e-05	0.00772
17	0.00012	9.8e-05	0.00011	0.00012	0.00014	8.6e-05	8.7e-05	0.00015	0.00022	0.00028	0.03951	0.44688	0.49075	0.00907	0.00013	3.8e-05	5.6e-05	0.01197	9.6e-05	8.5e-05
18	0.00021	0.00019	0.00031	0.90067	0.00713	0.00638	0.01041	0.02847	0.01368	0.02544	0.00020	0.00028	0.00015	0.00011	0.00010	3.4e-05	0.00013	0.00596	5.1e-05	0.00012
19	0.04120	0.22096	0.25904	0.03899	0.11091	0.07650	0.02709	0.03527	0.05013	0.09103	0.01042	0.00581	0.01295	0.00011	9.4e-05	3e-05	0.01031	0.00361	0.00539	0.00014
20	0.00981	0.00502	0.32017	0.00350	0.03247	0.00639	0.04060	0.00970	0.03540	0.11805	0.10977	0.01564	0.10343	0.03024	0.10744	0.00683	0.03500	0.00712	0.00330	0.00013
21	0.00014	0.00011	0.00012	0.00012	0.00015	9.4e-05	8.9e-05	0.00018	0.01231	0.02615	0.33775	0.06499	0.54889	0.00024	0.00012	3.4e-05	5.3e-05	0.00826	0.00010	9.3e-05
22	0.10809	0.26974	0.23386	0.01853	0.01944	0.01777	0.04858	0.05521	0.01819	0.18256	0.00367	0.00935	0.00695	0.00011	8.9e-05	2.9e-05	0.00344	8.1e-05	0.00417	0.00014

[dist]
# distance from previous block
# <min> <max>
2	10

[block]
# block no. 2 follows, 3378 sequences, length 29
# corresponding to MSA columns:
# 195-205,207-224
name=unknown_C
#
# <colnr> <probs for GDERKNQSTAVLIFYWHMCP>
#	G	D	E	R	K	N	Q	S	T	A	V	L	I	F	Y	W	H	M	C	P
0	0.00365	0.00457	0.01408	0.04486	0.40360	0.00556	0.07429	0.02483	0.17636	0.01085	0.08956	0.06404	0.02681	0.00014	0.00011	3.3e-05	0.00910	0.03267	7.3e-05	0.01481
1	0.00015	0.00011	0.00014	0.00013	0.00016	0.00011	0.00010	0.00022	0.09155	0.00039	0.75104	0.03534	0.11973	0.00021	0.00012	3.3e-05	5.2e-05	0.00019	0.00011	0.00010
2	0.00021	0.00053	0.99586	0.00029	0.00044	0.00024	0.00038	0.00033	0.00022	0.00033	0.00018	0.00022	0.00013	9.8e-05	9.8e-05	3.3e-05	0.00015	7.6e-05	4.3e-05	0.00015
3	0.97769	0.00020	0.00015	0.00014	0.00020	0.00023	0.00011	0.00031	0.00018	0.01986	0.00015	0.00017	0.00011	9.6e-05	6.4e-05	3.2e-05	8e-05	5.7e-05	6.5e-05	0.00011
4	0.00027	0.84834	0.10308	0.00019	0.00656	0.00476	0.00911	0.00470	0.00021	0.01292	0.00900	0.00018	0.00014	9.1e-05	7.1e-05	2.3e-05	0.00011	6e-05	4.6e-05	0.00013
5	0.00013	9.1e-05	0.00012	0.00933	0.00015	8.5e-05	9.7e-05	0.00015	0.00020	0.00026	0.00056	0.96881	0.00067	0.00032	0.00013	4.2e-05	6e-05	0.00912	0.00960	8.4e-05
6	0.00020	0.00019	0.00032	0.93068	0.03726	0.00889	0.01127	0.00027	0.00021	0.00027	0.00018	0.00027	0.00014	0.00010	0.00010	3.4e-05	0.00937	9.1e-05	4.6e-05	0.00012
7	0.00413	0.00020	0.00032	0.72471	0.11522	0.00440	0.01422	0.10182	0.01116	0.01738	0.00020	0.00027	0.00015	0.00527	0.00010	3.4e-05	0.00013	9.2e-05	5.4e-05	0.00013
8	0.00494	0.04361	0.77125	0.00289	0.04095	0.00707	0.05994	0.00562	0.00678	0.01145	0.00671	0.01307	0.00601	0.00293	0.00010	0.01359	0.00014	0.00273	4.8e-05	0.00015
9	0.00387	0.00014	0.05257	0.00920	0.00548	0.01012	0.01103	0.00271	0.06059	0.00291	0.56409	0.01315	0.25002	0.00273	0.00843	3.4e-05	6.3e-05	0.00264	0.00010	0.00010
10	0.04892	0.02176	0.00502	0.04557	0.01160	0.08664	0.21142	0.21209	0.10696	0.22998	0.00554	0.00029	0.00301	0.00012	0.00274	3.2e-05	0.00012	0.00795	8.7e-05	0.00015
11	0.00672	0.00013	0.00019	0.01506	0.01012	0.00719	0.05818	0.01379	0.00625	0.11797	0.00468	0.34335	0.01666	0.00455	0.00777	4.3e-05	8.8e-05	0.38706	9.4e-05	0.00011
12	0.00475	0.21822	0.00035	0.00024	0.01351	0.63977	0.00019	0.07652	0.00634	0.03251	0.00017	0.00019	0.00014	0.00010	9e-05	2.6e-05	0.00662	6.8e-05	5.7e-05	0.00013
13	0.00012	0.00011	0.00011	0.00011	0.00610	9e-05	8.2e-05	0.00015	0.01016	0.00028	0.02937	0.02071	0.91738	0.00026	0.00012	3.5e-05	5.3e-05	0.01456	9.6e-05	8.8e-05
14	0.00025	0.00024	0.00040	0.12536	0.82698	0.00024	0.01311	0.01021	0.00605	0.01589	0.00020	0.00026	0.00016	9.4e-05	0.00010	3.1e-05	0.00012	9.2e-05	5.2e-05	0.00016
15	0.00533	0.00019	0.00464	0.89237	0.01422	0.00386	0.00027	0.02062	0.00394	0.01851	0.00019	0.00428	0.00015	0.02168	0.00011	3.6e-05	0.00933	9.3e-05	4.9e-05	0.00012
16	0.00015	0.00011	0.00016	0.00021	0.13261	0.00011	0.00013	0.00017	0.00020	0.00538	0.00051	0.83192	0.00576	0.00029	0.00596	4.1e-05	0.00531	0.01080	8.9e-05	9.5e-05
17	0.00449	0.00014	0.00019	0.01898	0.04100	0.00013	0.06325	0.00872	0.02792	0.00900	0.07230	0.02095	0.20232	0.00024	0.00013	4.1e-05	8.8e-05	0.52992	9.1e-05	0.00010
18	0.00025	0.58909	0.36524	0.00022	0.00034	0.00034	0.02106	0.01312	0.00022	0.00906	0.00016	0.00019	0.00013	9.2e-05	7.9e-05	2.6e-05	0.00013	6.5e-05	4.5e-05	0.00014
19	0.00013	0.00010	0.00011	0.00012	0.00015	0.00613	8.6e-05	0.00015	0.00613	0.00028	0.01652	0.28178	0.66695	0.00028	0.00012	3.7e-05	5.6e-05	0.02070	9.5e-05	8.7e-05
20	0.80800	0.00022	0.00018	0.03031	0.03537	0.05822	0.01318	0.01504	0.00019	0.03828	0.00016	0.00018	0.00012	9.8e-05	7.1e-05	3.2e-05	9.1e-05	6.2e-05	6.5e-05	0.00012
21	0.00535	0.00015	0.00015	0.00014	0.00018	0.02328	0.00011	0.19396	0.05728	0.02335	0.00550	0.00035	0.00025	0.00012	8.1e-05	2.6e-05	6.7e-05	9.6e-05	0.68945	0.00012
22	0.00015	0.00011	0.00017	0.00017	0.00018	0.00759	0.00722	0.00019	0.00462	0.00024	0.01418	0.01688	0.00027	0.02943	0.90334	0.00936	0.00564	0.00011	5.7e-05	9.1e-05
23	0.00020	0.00020	0.02893	0.83842	0.01446	0.00023	0.09503	0.00027	0.00021	0.00783	0.00783	0.00028	0.00548	0.00010	0.00010	3.4e-05	0.00014	9.5e-05	4.8e-05	0.00012
24	0.99712	0.00020	0.00015	0.00014	0.00020	0.00023	0.00011	0.00030	0.00017	0.00046	0.00014	0.00017	0.00011	9.5e-05	6.4e-05	3.2e-05	7.9e-05	5.6e-05	6.4e-05	0.00011
25	0.00014	0.00011	0.00015	0.07658	0.01244	0.00287	0.01785	0.01063	0.01876	0.00028	0.04378	0.49693	0.24280	0.01885	0.01325	0.00277	0.00479	0.03683	9e-05	9.2e-05
26	0.00019	0.00018	0.00031	0.99614	0.00071	0.00023	0.00029	0.00026	0.00021	0.00026	0.00018	0.00027	0.00014	0.00010	0.00010	3.4e-05	0.00014	9.1e-05	4.6e-05	0.00011
27	0.00022	0.00022	0.00031	0.00027	0.00027	0.00031	0.00022	0.00024	0.00016	0.00025	0.00014	0.00023	0.00014	0.00018	0.00034	0.01937	0.97690	9e-05	4.5e-05	0.00011
28	0.00020	0.00018	0.00031	0.87424	0.07155	0.00022	0.00385	0.00027	0.00389	0.00862	0.00404	0.00716	0.01374	0.00011	0.00428	3.5e-05	0.00013	0.00699	4.9e-05	0.00012

[dist]
# distance from previous block
# <min> <max>
0	1

[block]
# block no. 3 follows, 3378 sequences, length 24
# corresponding to MSA columns:
# 226-237,240-248,252-254
name=unknown_D
#
# <colnr> <probs for GDERKNQSTAVLIFYWHMCP>
#	G	D	E	R	K	N	Q	S	T	A	V	L	I	F	Y	W	H	M	C	P
0	0.00292	0.00306	0.00359	0.58207	0.22229	0.01805	0.01953	0.01243	0.00354	0.01981	0.00399	0.02616	0.01280	0.00288	0.00011	3.4e-05	0.00603	0.06051	5.5e-05	0.00013
1	0.75133	0.00503	0.00019	0.00979	0.01957	0.07509	0.00607	0.09647	0.00022	0.00045	0.00016	0.00018	0.00012	0.00010	7.6e-05	3.1e-05	0.01869	6.3e-05	0.01624	0.00012
2	0.00013	9.3e-05	0.00013	0.00015	0.00016	8.7e-05	0.01401	0.00015	0.00020	0.00026	0.00056	0.95012	0.00067	0.00032	0.00013	4.2e-05	6.2e-05	0.03256	9.5e-05	8.5e-05
3	0.00022	0.00018	0.00021	0.00015	0.00024	0.00014	0.00012	0.01419	0.01553	0.00034	0.00019	0.00022	0.00015	7.8e-05	7.7e-05	1.6e-05	7.7e-05	6.2e-05	6.2e-05	0.96774
4	0.00015	0.00011	0.00014	0.00013	0.00016	0.00010	0.00010	0.01069	0.01466	0.01774	0.83165	0.08637	0.00089	0.00022	0.00012	3.3e-05	5.2e-05	0.01462	0.02197	9.9e-05
5	0.00020	0.00019	0.00031	0.90998	0.00067	0.02642	0.00028	0.00026	0.00020	0.00026	0.00018	0.00027	0.00014	0.00011	0.00012	0.01052	0.04963	9.1e-05	4.6e-05	0.00011
6	0.99712	0.00020	0.00015	0.00014	0.00020	0.00023	0.00011	0.00030	0.00017	0.00046	0.00014	0.00017	0.00011	9.5e-05	6.4e-05	3.2e-05	7.9e-05	5.6e-05	6.4e-05	0.00011
7	0.00024	0.00028	0.00061	0.00043	0.00054	0.00026	0.99538	0.00033	0.00024	0.00033	0.00021	0.00028	0.00016	8.7e-05	0.00012	3.5e-05	0.00017	0.00012	5.2e-05	0.00014
8	0.00449	0.00024	0.00031	0.65332	0.09366	0.13387	0.00564	0.06062	0.01472	0.00030	0.00820	0.00026	0.00015	0.00011	0.00011	3.3e-05	0.01789	8.9e-05	0.00586	0.00012
9	0.00026	0.00022	0.00024	0.00021	0.00027	0.00026	0.00016	0.04778	0.94832	0.00044	0.00041	0.00038	0.00031	0.00014	0.00010	3.5e-05	8.3e-05	0.00011	0.00010	0.00016
10	0.00786	0.00023	0.00038	0.26242	0.54709	0.00025	0.02672	0.01625	0.00022	0.00031	0.00018	0.00026	0.00015	0.00011	0.00013	3.4e-05	0.13714	9.2e-05	5e-05	0.00014
11	0.00029	0.00029	0.00026	0.00023	0.01905	0.24273	0.00847	0.03361	0.67481	0.00593	0.00034	0.00033	0.00026	0.00013	0.00010	3.3e-05	0.00583	0.00010	0.00705	0.00015
12	0.00038	0.00049	0.00029	0.00026	0.00032	0.99598	0.00020	0.00041	0.00029	0.00025	0.00016	0.00019	0.00013	0.00011	9.3e-05	2.6e-05	0.00019	6.6e-05	5.3e-05	0.00012
13	0.01062	0.00018	0.00024	0.00018	0.00026	0.00016	0.00015	0.04054	0.00914	0.92768	0.00040	0.00034	0.00025	0.00013	0.00010	3.2e-05	8.8e-05	0.00010	0.00924	0.00017
14	0.00020	0.00018	0.00031	0.95799	0.01366	0.00023	0.00028	0.00026	0.00021	0.00026	0.00018	0.00027	0.00014	0.00010	0.00011	3.4e-05	0.01228	9.1e-05	0.01310	0.00011
15	0.00866	0.00022	0.00023	0.00021	0.00027	0.00025	0.00910	0.01484	0.95436	0.00043	0.00042	0.00038	0.00989	0.00014	0.00010	3.5e-05	8.2e-05	0.00012	0.00010	0.00016
16	0.00019	0.00018	0.00029	0.87522	0.00668	0.00022	0.00026	0.01033	0.00021	0.00028	0.04790	0.00031	0.01148	0.00011	0.00010	0.00675	0.00013	9.7e-05	0.03915	0.00011
17	0.00025	0.00024	0.00041	0.09369	0.90274	0.00024	0.00031	0.00031	0.00023	0.00033	0.00019	0.00026	0.00016	9.3e-05	0.00010	3.1e-05	0.00012	9.1e-05	5e-05	0.00016
18	0.91366	0.00020	0.00016	0.02674	0.01977	0.01473	0.00012	0.00812	0.00018	0.00045	0.01504	0.00018	0.00013	9.8e-05	6.7e-05	3.2e-05	8.3e-05	6e-05	6.4e-05	0.00011
19	0.02129	0.00019	0.00025	0.09830	0.17646	0.00017	0.00017	0.02331	0.00957	0.02354	0.00883	0.01374	0.02296	0.00997	9.1e-05	2.3e-05	9.1e-05	8e-05	6.2e-05	0.59090
20	0.03214	0.00547	0.00032	0.49170	0.25997	0.01589	0.00995	0.02239	0.00828	0.11334	0.01558	0.00357	0.00434	0.00011	0.00010	3.2e-05	0.00012	9.4e-05	6e-05	0.01655
21	0.01824	0.00022	0.00780	0.24076	0.57943	0.01550	0.00961	0.00642	0.00865	0.00702	0.05599	0.00709	0.01511	0.00011	0.00010	3.1e-05	0.00012	9.9e-05	5.6e-05	0.02766
22	0.08196	0.00021	0.00023	0.01586	0.01058	0.01112	0.01869	0.04909	0.44080	0.19811	0.00720	0.02384	0.01049	0.00339	0.00010	3.2e-05	8.7e-05	0.00840	9.7e-05	0.11972
23	0.04495	0.00012	0.00015	0.03293	0.01037	0.00321	0.00348	0.01608	0.01797	0.04946	0.41730	0.00573	0.36097	0.00022	0.00981	3.4e-05	6.2e-05	0.01015	0.0001	0.01692

[dist]
# distance from previous block
# <min> <max>
0	13

# created by:
# /home/cegg/simao/soft/augustus-3.2.1/scripts/msa2prfl.pl ./align_prep/POG091H00SC.fa
