[name]
unknown

[dist]
# distance from previous block
# <min> <max>
0	34

[block]
# block no. 0 follows, 3006 sequences, length 18
# corresponding to MSA columns:
# 39-49,51-54,56-58
name=unknown_A
#
# <colnr> <probs for GDERKNQSTAVLIFYWHMCP>
#	G	D	E	R	K	N	Q	S	T	A	V	L	I	F	Y	W	H	M	C	P
0	0.00020	0.00014	0.00020	0.00022	0.00025	0.00014	0.01745	0.00025	0.00976	0.03318	0.01026	0.01077	0.00064	0.00031	0.00016	5.2e-05	0.00011	0.91570	0.00011	0.00011
1	0.00044	0.00032	0.00034	0.00026	0.00035	0.00035	0.00022	0.95162	0.01990	0.02460	0.00028	0.00028	0.00020	0.00014	0.00012	3.5e-05	0.00013	0.00010	0.00012	0.00020
2	0.00022	0.00021	0.00035	0.94059	0.02469	0.00026	0.00032	0.00030	0.00023	0.00030	0.00020	0.00031	0.00015	0.00012	0.00012	3.9e-05	0.03132	0.00010	5.1e-05	0.00013
3	0.00015	0.00012	0.00014	0.00015	0.03928	0.00011	0.00011	0.00019	0.01322	0.00035	0.25803	0.03848	0.64871	0.00027	0.00014	3.8e-05	6.1e-05	0.00023	0.00011	0.00010
4	0.71708	0.00022	0.00020	0.00017	0.00024	0.00023	0.00014	0.01452	0.00023	0.24702	0.00024	0.01889	0.00018	0.00012	8.4e-05	3.6e-05	9.2e-05	8.1e-05	9e-05	0.00014
5	0.00028	0.04465	0.00043	0.11260	0.67961	0.08880	0.00031	0.00606	0.00026	0.00035	0.00854	0.02869	0.00620	0.00697	0.01574	3.7e-05	0.00014	0.00011	5.9e-05	0.00016
6	0.00029	0.01307	0.01714	0.08580	0.30777	0.09510	0.04393	0.01671	0.00756	0.13112	0.02966	0.13823	0.01533	0.00018	0.01433	0.00357	0.02415	0.05242	0.00350	0.00015
7	0.00024	0.00021	0.01681	0.00018	0.00027	0.00016	0.00624	0.02604	0.01751	0.02408	0.05350	0.01369	0.05128	0.00011	9.6e-05	2.2e-05	0.00654	9.2e-05	7.7e-05	0.78286
8	0.00015	0.00012	0.00014	0.00013	0.00017	0.00011	9.9e-05	0.00020	0.02464	0.00037	0.38301	0.04425	0.54567	0.00027	0.00014	3.8e-05	5.8e-05	0.00023	0.00011	0.00010
9	0.00514	0.09130	0.12075	0.00517	0.10099	0.03913	0.02986	0.08159	0.10959	0.14893	0.09860	0.00984	0.04509	0.00412	0.00011	3.4e-05	0.00598	0.00359	9.1e-05	0.10008
10	0.00015	0.00012	0.00014	0.00014	0.00580	0.00011	0.00603	0.00018	0.00027	0.00597	0.23792	0.21358	0.47055	0.03648	0.00016	4.3e-05	0.00817	0.00783	0.00011	0.00627
11	0.03490	0.00841	0.00024	0.00603	0.00027	0.00016	0.00014	0.01479	0.00616	0.02122	0.01574	0.00812	0.00583	9.5e-05	8.8e-05	1.9e-05	8.6e-05	7.5e-05	7.2e-05	0.87755
12	0.01906	0.11141	0.05506	0.00466	0.07610	0.08595	0.04879	0.18173	0.02890	0.35452	0.00851	0.00744	0.00023	0.00013	0.00011	3.4e-05	0.00013	0.00010	0.00010	0.01705
13	0.74855	0.02295	0.03535	0.00021	0.06736	0.05145	0.01483	0.03779	0.01211	0.00828	0.00018	0.00021	0.00014	0.00011	8.1e-05	3.5e-05	0.00011	7e-05	7.1e-05	0.00014
14	0.00018	0.00012	0.00016	0.00015	0.00018	0.00012	0.00011	0.00024	0.02736	0.03364	0.90157	0.01380	0.02146	0.00023	0.00013	3.7e-05	5.7e-05	0.00021	0.00013	0.00011
15	0.00533	0.08686	0.41594	0.00032	0.07860	0.01464	0.05030	0.04990	0.26980	0.00779	0.00606	0.00610	0.00022	0.00012	0.00011	3.6e-05	0.00752	0.00010	7.4e-05	0.00017
16	0.00567	0.00013	0.00016	0.00015	0.00018	0.00012	0.00011	0.00025	0.00878	0.11055	0.67232	0.04407	0.10458	0.01330	0.00642	3.9e-05	6.3e-05	0.00537	0.02226	0.00546
17	0.00032	0.04409	0.05699	0.01310	0.20364	0.06250	0.01996	0.18996	0.32580	0.03483	0.00966	0.00424	0.01822	0.00014	0.00012	3.6e-05	0.00423	0.00522	0.00678	0.00018

[dist]
# distance from previous block
# <min> <max>
3	6

[block]
# block no. 1 follows, 3006 sequences, length 17
# corresponding to MSA columns:
# 67-69,72-83,86,87
name=unknown_B
#
# <colnr> <probs for GDERKNQSTAVLIFYWHMCP>
#	G	D	E	R	K	N	Q	S	T	A	V	L	I	F	Y	W	H	M	C	P
0	0.00682	0.04166	0.06496	0.01530	0.12631	0.05539	0.07568	0.04178	0.15329	0.02565	0.15716	0.11969	0.01395	0.01735	0.01053	4.1e-05	0.03983	0.01473	0.01974	0.00014
1	0.00016	0.00011	0.00014	0.00014	0.00017	0.00010	0.00010	0.00019	0.00028	0.01174	0.39803	0.19974	0.31869	0.03611	0.00754	4.3e-05	6.4e-05	0.01788	0.00867	0.00010
2	0.00452	0.00925	0.08132	0.01195	0.11238	0.02544	0.01106	0.17422	0.34745	0.03846	0.05504	0.05137	0.04114	0.00396	0.00013	3.8e-05	0.02698	0.00503	9.9e-05	0.00017
3	0.00019	0.00012	0.00016	0.00015	0.00017	0.00011	0.00011	0.00023	0.00934	0.06374	0.66666	0.01212	0.09255	0.13938	0.00020	4.7e-05	6.7e-05	0.01443	0.00012	0.00011
4	0.00028	0.00029	0.05566	0.00739	0.84116	0.00742	0.00921	0.01521	0.03160	0.00876	0.00714	0.00585	0.00929	0.00011	0.00011	3.5e-05	0.00014	0.00011	6.1e-05	0.00018
5	0.82139	0.00025	0.00021	0.00021	0.07706	0.05545	0.00015	0.01689	0.01199	0.00049	0.00017	0.00020	0.00013	0.00011	8.2e-05	3.5e-05	0.01490	6.8e-05	7.1e-05	0.00013
6	0.10231	0.01621	0.00605	0.00993	0.10315	0.03482	0.00977	0.08967	0.02917	0.06543	0.00566	0.00501	0.01023	0.00011	9.5e-05	2.6e-05	0.00010	8.4e-05	7.8e-05	0.51208
7	0.01599	0.00028	0.00449	0.03107	0.68248	0.10287	0.00911	0.01286	0.00027	0.01050	0.00692	0.09473	0.00515	0.00692	0.00012	0.00544	0.00605	0.00453	6.5e-05	0.00016
8	0.80284	0.00589	0.04294	0.00018	0.00605	0.03600	0.00553	0.01051	0.00835	0.03170	0.00867	0.02016	0.00639	0.00012	8.4e-05	3.6e-05	0.01429	7.5e-05	7.4e-05	0.00013
9	0.00029	0.00638	0.27470	0.01530	0.10594	0.00978	0.08860	0.12276	0.26140	0.04454	0.03188	0.01405	0.00874	0.00595	0.00012	3.8e-05	0.00426	0.00503	8.5e-05	0.00017
10	0.00017	0.02493	0.00020	0.01328	0.05932	0.00014	0.03866	0.01359	0.00023	0.00560	0.02532	0.74002	0.01551	0.00542	0.00015	4.5e-05	0.03965	0.01754	9.8e-05	0.00011
11	0.00575	0.03026	0.20466	0.00817	0.03581	0.04022	0.05046	0.29254	0.18014	0.03901	0.06862	0.00407	0.00460	0.01469	0.00411	3.8e-05	0.01074	0.00011	0.00581	0.00017
12	0.00896	0.00018	0.01318	0.21936	0.05616	0.00490	0.11297	0.00654	0.03599	0.00839	0.04406	0.23035	0.00734	0.09560	0.04908	0.01441	0.03901	0.04651	0.00688	0.00012
13	0.00811	0.11268	0.18201	0.01624	0.04104	0.05371	0.05077	0.05245	0.17043	0.06199	0.07193	0.00840	0.01346	0.00862	0.00684	3.5e-05	0.02382	0.00920	0.00438	0.10390
14	0.00423	0.00015	0.00017	0.00747	0.00641	0.00492	0.01281	0.00419	0.15478	0.03399	0.13901	0.22229	0.20530	0.14161	0.01892	5.4e-05	0.00832	0.02636	0.00482	0.00422
15	0.00954	0.02075	0.00031	0.02595	0.07133	0.14355	0.00021	0.10199	0.03755	0.04991	0.04896	0.02375	0.00526	0.01916	0.02113	4.2e-05	0.28816	0.00507	0.00770	0.11968
16	0.11487	0.15068	0.13092	0.02466	0.07051	0.06995	0.01462	0.08612	0.03323	0.08304	0.01230	0.00412	0.00541	0.00012	0.00447	3.1e-05	0.01484	8.7e-05	7.4e-05	0.17996

[dist]
# distance from previous block
# <min> <max>
8	16

[block]
# block no. 2 follows, 3006 sequences, length 7
# corresponding to MSA columns:
# 111,112,114-118
name=unknown_C
#
# <colnr> <probs for GDERKNQSTAVLIFYWHMCP>
#	G	D	E	R	K	N	Q	S	T	A	V	L	I	F	Y	W	H	M	C	P
0	0.31092	0.08131	0.03863	0.02070	0.06794	0.32758	0.02924	0.04857	0.03482	0.02594	0.00020	0.00023	0.00016	0.00011	9.5e-05	3.3e-05	0.00014	7.9e-05	6.9e-05	0.01323
1	0.01786	0.01195	0.25473	0.01568	0.06155	0.06291	0.11704	0.03066	0.12677	0.07880	0.13211	0.01043	0.02308	0.01098	0.00891	3.9e-05	0.01911	0.00914	0.00807	0.00016
2	0.00017	0.00012	0.00014	0.00015	0.00018	0.00011	0.00011	0.00021	0.03292	0.04437	0.20784	0.32206	0.32274	0.01721	0.01602	4.4e-05	6.9e-05	0.01927	0.01616	0.00011
3	0.00794	0.00855	0.02310	0.06936	0.08244	0.03927	0.04763	0.09144	0.23756	0.01971	0.12526	0.08632	0.06102	0.02754	0.00909	0.01257	0.02855	0.01383	0.00867	0.00015
4	0.00017	0.00012	0.00015	0.00015	0.00017	0.00012	0.00010	0.00022	0.03966	0.02159	0.48679	0.09398	0.08445	0.22860	0.00024	5.5e-05	7.3e-05	0.02067	0.02260	0.00010
5	0.02438	0.02541	0.12913	0.01641	0.08580	0.02004	0.05756	0.12991	0.17747	0.11504	0.06389	0.03411	0.02575	0.03285	0.00014	4e-05	0.03957	0.00925	0.01310	0.00016
6	0.00921	0.00021	0.03296	0.39008	0.01162	0.00945	0.01298	0.01377	0.01276	0.07303	0.01607	0.01596	0.01007	0.00892	0.01128	0.02353	0.00012	0.00925	0.01098	0.32775

[dist]
# distance from previous block
# <min> <max>
3	32

[block]
# block no. 3 follows, 3006 sequences, length 39
# corresponding to MSA columns:
# 152,160-196,198
name=unknown_D
#
# <colnr> <probs for GDERKNQSTAVLIFYWHMCP>
#	G	D	E	R	K	N	Q	S	T	A	V	L	I	F	Y	W	H	M	C	P
0	0.03861	0.03421	0.00934	0.00215	0.00442	0.05600	0.00698	0.18031	0.07232	0.30405	0.03848	0.01116	0.01393	0.00705	0.04426	4.4e-05	0.09063	0.06437	0.00371	0.01800
1	0.01127	0.01529	0.00035	0.47926	0.24404	0.05208	0.00839	0.02477	0.00684	0.00595	0.02354	0.00212	0.00901	0.00707	0.00238	0.09572	0.00369	0.00645	0.00163	0.00014
2	0.00507	0.00210	0.03877	0.01725	0.01442	0.00542	0.07931	0.19364	0.04406	0.53431	0.01519	0.00039	0.00230	0.00014	0.00012	3.6e-05	0.00266	0.03165	0.00444	0.00874
3	0.00019	0.00529	0.00256	0.02617	0.04929	0.01306	0.14773	0.00221	0.00024	0.00872	0.00867	0.39740	0.06265	0.06484	0.04770	5.5e-05	0.01285	0.14435	0.00592	0.00011
4	0.00426	0.00022	0.00031	0.00535	0.00028	0.00027	0.03353	0.04246	0.01674	0.13368	0.00925	0.00243	0.00431	0.00987	0.01203	0.17169	0.54996	0.00011	0.00311	0.00013
5	0.98193	0.00022	0.00017	0.00015	0.00022	0.00026	0.00013	0.00034	0.00020	0.01533	0.00016	0.00019	0.00013	0.00011	7.2e-05	3.6e-05	8.9e-05	6.3e-05	7.2e-05	0.00013
6	0.00022	0.00018	0.00020	0.00020	0.00024	0.00020	0.00015	0.00040	0.50248	0.00716	0.00055	0.39997	0.00054	0.00025	0.00013	4.3e-05	8.3e-05	0.08674	0.00011	0.00014
7	0.00528	0.00023	0.01141	0.01185	0.00030	0.00818	0.01582	0.18468	0.39624	0.10751	0.03243	0.02332	0.00895	0.01862	0.10309	5.5e-05	0.00594	0.04754	0.01840	0.00016
8	0.02195	0.00021	0.00034	0.88867	0.00475	0.02804	0.00030	0.00328	0.00967	0.01131	0.00021	0.00030	0.00016	0.00012	0.00012	0.02528	0.00499	0.00010	5.4e-05	0.00013
9	0.00043	0.00023	0.00028	0.01189	0.00481	0.00528	0.01047	0.16943	0.27513	0.50901	0.00665	0.00039	0.00029	0.00015	0.00012	3.7e-05	0.00010	0.00499	0.00013	0.00019
10	0.00017	0.00014	0.00267	0.00839	0.00020	0.07047	0.01735	0.00271	0.00516	0.00030	0.02876	0.75261	0.05406	0.00032	0.00015	4.5e-05	0.01042	0.04586	0.00010	0.00010
11	0.00344	0.00012	0.00014	0.00014	0.00017	0.00011	0.00010	0.00303	0.01082	0.04891	0.29174	0.27035	0.34315	0.01828	0.00015	4.1e-05	6.3e-05	0.00598	0.00316	0.00011
12	0.01367	0.01859	0.03821	0.01676	0.02076	0.39878	0.04168	0.09687	0.00033	0.27994	0.00602	0.00353	0.00021	0.01324	0.00846	3.6e-05	0.02725	0.01543	8.9e-05	0.00016
13	0.02377	0.00783	0.00033	0.00029	0.00035	0.89329	0.00415	0.04467	0.00442	0.01960	0.00019	0.00022	0.00015	0.00012	0.00010	3e-05	0.00020	7.6e-05	6.4e-05	0.00014
14	0.00019	0.00013	0.00018	0.00020	0.00415	0.00827	0.00236	0.00347	0.00327	0.02749	0.00589	0.09750	0.07754	0.00320	0.00250	5e-05	0.00279	0.73432	0.02640	0.00011
15	0.00016	0.00012	0.00015	0.00014	0.00017	0.00333	0.00011	0.00021	0.00352	0.00531	0.74570	0.03532	0.17180	0.02048	0.00015	3.9e-05	5.8e-05	0.00971	0.00343	0.00011
16	0.00023	0.01422	0.16370	0.00809	0.11891	0.02210	0.05895	0.00533	0.15617	0.00609	0.22401	0.01756	0.14748	0.00245	0.00233	3.8e-05	0.03721	0.00587	0.00910	0.00014
17	0.99676	0.00022	0.00017	0.00015	0.00022	0.00026	0.00012	0.00034	0.00020	0.00052	0.00016	0.00019	0.00012	0.00011	7.1e-05	3.6e-05	8.9e-05	6.2e-05	7.1e-05	0.00012
18	0.00017	0.00012	0.00016	0.00015	0.00018	0.00011	0.00011	0.00357	0.01459	0.00825	0.90669	0.04553	0.00639	0.00024	0.00014	3.7e-05	5.6e-05	0.00361	0.00980	0.00011
19	0.00418	0.00830	0.00881	0.00027	0.04514	0.03732	0.01039	0.36611	0.42495	0.01559	0.03000	0.00397	0.00029	0.00257	0.00013	3.7e-05	0.04154	0.00012	0.00011	0.00018
20	0.00305	0.09354	0.31768	0.00363	0.19534	0.06048	0.13898	0.01433	0.09393	0.03973	0.02308	0.00424	0.00287	0.00012	0.00011	3.5e-05	0.00852	0.00010	6.6e-05	0.00017
21	0.96654	0.00023	0.00793	0.00015	0.00023	0.00026	0.00013	0.00667	0.00667	0.00052	0.00016	0.00019	0.00013	0.00011	7.2e-05	3.6e-05	9e-05	6.3e-05	7.2e-05	0.00975
22	0.00017	0.00012	0.00014	0.00014	0.00015	0.00012	9.2e-05	0.00018	0.00017	0.00613	0.00034	0.00066	0.00038	0.68961	0.26473	0.03091	0.00566	0.00015	6.7e-05	7.9e-05
23	0.00212	0.01002	0.35014	0.01494	0.14589	0.00305	0.06321	0.14504	0.20440	0.01369	0.03467	0.00397	0.00304	0.00013	0.00012	3.7e-05	0.00327	0.00201	7.9e-05	0.00017
24	0.00027	0.00026	0.00473	0.15462	0.75632	0.00350	0.00586	0.00277	0.02244	0.00037	0.01482	0.00033	0.02757	0.00011	0.00012	3.5e-05	0.00269	0.00297	6e-05	0.00017
25	0.02396	0.01539	0.11817	0.10112	0.36469	0.07224	0.03288	0.04528	0.14131	0.02722	0.04061	0.00334	0.00508	0.00012	0.00012	3.6e-05	0.00529	0.00011	7.3e-05	0.00296
26	0.00014	0.00010	0.00014	0.00016	0.00017	9.6e-05	0.00011	0.00017	0.00022	0.00030	0.00064	0.92845	0.01102	0.00036	0.00015	4.7e-05	6.9e-05	0.05746	0.00011	9.4e-05
27	0.00024	0.02533	0.61767	0.00033	0.04372	0.01859	0.11606	0.00905	0.05097	0.00691	0.02939	0.02335	0.05048	0.00219	0.00012	3.7e-05	0.00015	0.00518	6.2e-05	0.00016
28	0.00014	0.00011	0.00013	0.00014	0.00017	9.9e-05	0.00010	0.00017	0.00025	0.00032	0.08828	0.36155	0.48862	0.00602	0.00014	4.3e-05	6.4e-05	0.05344	0.00011	9.7e-05
29	0.00025	0.00717	0.01153	0.02709	0.04783	0.19625	0.05799	0.02958	0.06200	0.01726	0.36339	0.00708	0.10906	0.02827	0.00408	3.9e-05	0.02788	0.00304	9.6e-05	0.00013
30	0.96982	0.00023	0.02707	0.00016	0.00023	0.00026	0.00013	0.00034	0.00020	0.00051	0.00016	0.00019	0.00013	0.00011	7.2e-05	3.6e-05	9.1e-05	6.3e-05	7.1e-05	0.00013
31	0.00017	0.00013	0.00017	0.00016	0.02708	0.00012	0.00012	0.00024	0.06069	0.00045	0.84035	0.02457	0.04484	0.00023	0.00013	3.7e-05	5.9e-05	0.00021	0.00012	0.00011
32	0.95980	0.00022	0.00017	0.00015	0.00023	0.00026	0.00013	0.00035	0.02709	0.01053	0.00017	0.00020	0.00013	0.00011	7.3e-05	3.6e-05	8.9e-05	6.5e-05	7.3e-05	0.00013
33	0.00017	0.00013	0.00018	0.00018	0.00020	0.00412	0.00014	0.00727	0.00019	0.00027	0.00032	0.00627	0.00030	0.07282	0.89179	0.00420	0.00029	0.01100	6.3e-05	0.00010
34	0.00023	0.00022	0.00037	0.78764	0.17878	0.00435	0.00967	0.00369	0.00542	0.00031	0.00357	0.00486	0.00017	0.00011	0.00012	3.8e-05	0.00015	0.00010	5.3e-05	0.00014
35	0.03329	0.00018	0.00024	0.00019	0.00027	0.00016	0.00016	0.01064	0.00697	0.76358	0.16334	0.00406	0.00344	0.00430	0.00012	3.6e-05	9e-05	0.00013	0.00861	0.00018
36	0.00230	0.01196	0.07895	0.00430	0.02806	0.02550	0.35037	0.07258	0.04207	0.33929	0.02808	0.00685	0.00402	0.00294	0.00012	3.7e-05	0.00014	0.00212	9.5e-05	0.00017
37	0.00226	0.00381	0.00245	0.00025	0.13470	0.00257	0.01716	0.01213	0.00656	0.19069	0.26632	0.21162	0.04168	0.00943	0.00238	4.1e-05	8.7e-05	0.09327	0.00011	0.00247
38	0.02323	0.01140	0.01423	0.02345	0.39809	0.02337	0.39448	0.04813	0.01504	0.03706	0.00473	0.00030	0.00289	0.00011	0.00012	3.6e-05	0.00016	0.00294	6.5e-05	0.00017

[dist]
# distance from previous block
# <min> <max>
3	9

[block]
# block no. 4 follows, 3006 sequences, length 23
# corresponding to MSA columns:
# 211-232,239
name=unknown_E
#
# <colnr> <probs for GDERKNQSTAVLIFYWHMCP>
#	G	D	E	R	K	N	Q	S	T	A	V	L	I	F	Y	W	H	M	C	P
0	0.00015	0.00011	0.00014	0.00016	0.00017	9.9e-05	0.00011	0.00018	0.00803	0.00934	0.11706	0.76271	0.08222	0.00034	0.00014	4.5e-05	6.6e-05	0.01873	0.00011	9.8e-05
1	0.00965	0.06508	0.16155	0.00574	0.03707	0.12426	0.04226	0.04645	0.09033	0.03296	0.30231	0.00817	0.05382	0.01301	0.00013	3.6e-05	0.00680	0.00014	9.1e-05	0.00014
2	0.00015	0.00011	0.00014	0.00016	0.00017	0.00010	0.00011	0.00017	0.00022	0.00030	0.03339	0.69923	0.03353	0.11622	0.00020	5.5e-05	7.6e-05	0.11546	0.00010	9.3e-05
3	0.00040	0.00408	0.00695	0.01443	0.00527	0.29694	0.08218	0.28996	0.11350	0.14570	0.00376	0.00503	0.01165	0.00910	0.00012	3.5e-05	0.00672	0.00391	9.5e-05	0.00017
4	0.00017	0.00011	0.00015	0.00016	0.00018	0.00010	0.00011	0.00020	0.00026	0.05401	0.26794	0.61745	0.04538	0.00031	0.00014	4.3e-05	6.5e-05	0.01302	0.00011	0.00010
5	0.97163	0.00022	0.00017	0.02525	0.00024	0.00026	0.00013	0.00034	0.00020	0.00051	0.00016	0.00019	0.00013	0.00011	7.2e-05	3.6e-05	9.1e-05	6.3e-05	7.1e-05	0.00012
6	0.00017	0.00013	0.00018	0.00019	0.04166	0.00014	0.00013	0.00020	0.00019	0.00026	0.02704	0.02338	0.00036	0.33395	0.53533	0.00014	0.02865	0.00014	0.00766	9.6e-05
7	0.00043	0.00032	0.00034	0.00026	0.00035	0.00035	0.00022	0.94043	0.01246	0.02852	0.00030	0.00029	0.01490	0.00014	0.00012	3.5e-05	0.00012	0.00011	0.00012	0.00019
8	0.00027	0.00027	0.00035	0.00031	0.01565	0.06752	0.01229	0.01456	0.01513	0.00029	0.00502	0.00432	0.00441	0.00426	0.00034	4.8e-05	0.85022	0.00456	5.4e-05	0.00013
9	0.00441	0.08562	0.03546	0.00020	0.00031	0.00892	0.06873	0.01290	0.03042	0.00629	0.00464	0.01248	0.01043	0.00010	9.3e-05	2.2e-05	0.00010	0.00905	6.9e-05	0.70975
10	0.00016	0.02646	0.00514	0.00014	0.00018	0.00012	0.00011	0.00022	0.01987	0.00042	0.68918	0.02977	0.18153	0.02898	0.00581	4e-05	6.2e-05	0.00613	0.00558	0.00011
11	0.00284	0.07869	0.39034	0.00385	0.06494	0.06940	0.02477	0.01833	0.05405	0.01085	0.09932	0.05444	0.07198	0.00993	0.01278	3.8e-05	0.01651	0.00333	7.2e-05	0.01351
12	0.00017	0.00013	0.00018	0.01079	0.01423	0.00014	0.00014	0.00021	0.00023	0.01004	0.14995	0.08585	0.16402	0.13912	0.21266	8.3e-05	0.08501	0.12685	8.9e-05	0.00010
13	0.00540	0.08411	0.31973	0.00456	0.09929	0.02951	0.04386	0.02921	0.07886	0.06353	0.09533	0.01773	0.02597	0.00013	0.00011	3.4e-05	0.00506	0.00414	7.6e-05	0.09336
14	0.00320	0.06386	0.03735	0.00018	0.00874	0.00469	0.00405	0.00857	0.01874	0.18179	0.09664	0.15393	0.17385	0.00750	0.00012	3.5e-05	8.6e-05	0.04459	0.00765	0.18442
15	0.00342	0.00535	0.04941	0.01558	0.00445	0.00351	0.00315	0.00333	0.01763	0.00508	0.01665	0.00028	0.02516	0.00479	0.00290	0.00272	9.2e-05	0.00282	7e-05	0.83361
16	0.00769	0.09470	0.43022	0.00030	0.05098	0.01457	0.06011	0.05583	0.03391	0.20286	0.01195	0.00424	0.00328	0.00434	0.00011	3.5e-05	0.00014	0.00350	7.7e-05	0.02114
17	0.79682	0.08763	0.05085	0.00017	0.00025	0.02738	0.00569	0.00711	0.00880	0.00519	0.00017	0.00477	0.00014	0.00456	7.8e-05	3.5e-05	0.00010	6.7e-05	6.9e-05	0.00013
18	0.00015	0.00012	0.00013	0.00013	0.00016	0.00010	9.8e-05	0.00019	0.00899	0.00035	0.27651	0.12287	0.56518	0.00028	0.00014	3.9e-05	5.9e-05	0.01098	0.01341	0.00010
19	0.00621	0.03943	0.17991	0.00426	0.13622	0.01218	0.06602	0.09406	0.41802	0.01450	0.00889	0.00523	0.01109	0.00334	0.00012	3.7e-05	0.00012	0.00012	8.9e-05	0.00018
20	0.00869	0.00013	0.00016	0.00015	0.00018	0.00012	0.00011	0.00709	0.02068	0.13865	0.30215	0.04595	0.20768	0.23138	0.00862	5.6e-05	8e-05	0.01618	0.01184	0.00011
21	0.00668	0.04221	0.44378	0.01052	0.09548	0.00674	0.01941	0.06202	0.10591	0.11807	0.07210	0.00371	0.00594	0.00344	0.00011	3.6e-05	0.00014	0.00345	7.9e-05	0.00017
22	0.00020	0.00014	0.00017	0.00016	0.00019	0.00014	0.00012	0.00848	0.13479	0.04892	0.55941	0.08991	0.02982	0.00022	0.00013	0.00975	6.4e-05	0.00800	0.10478	0.00461

[dist]
# distance from previous block
# <min> <max>
3	16

[block]
# block no. 5 follows, 3006 sequences, length 29
# corresponding to MSA columns:
# 256-284
name=unknown_F
#
# <colnr> <probs for GDERKNQSTAVLIFYWHMCP>
#	G	D	E	R	K	N	Q	S	T	A	V	L	I	F	Y	W	H	M	C	P
0	0.00933	0.02001	0.26754	0.05611	0.28855	0.03135	0.03926	0.02942	0.11447	0.01748	0.04051	0.02712	0.01518	0.00258	0.00013	3.7e-05	0.03792	0.00277	7e-05	0.00016
1	0.00015	0.00012	0.00013	0.00013	0.00016	0.00010	9.3e-05	0.00018	0.00027	0.00034	0.21301	0.09203	0.60464	0.07802	0.00017	4.5e-05	6.3e-05	0.01017	0.00011	9.7e-05
2	0.00498	0.00526	0.02123	0.01298	0.04562	0.02778	0.00422	0.10498	0.20522	0.01398	0.26827	0.04414	0.19523	0.00493	0.00335	0.01011	0.02463	0.00284	0.00011	0.00014
3	0.00015	0.00011	0.00014	0.00014	0.00017	0.00010	0.00010	0.00019	0.00029	0.00039	0.54877	0.15587	0.28293	0.00994	0.00014	3.9e-05	5.8e-05	0.00024	0.00012	0.00010
4	0.00033	0.01066	0.09386	0.05720	0.33000	0.01190	0.01639	0.34010	0.06440	0.02531	0.01584	0.00780	0.00746	0.00287	0.00012	3.6e-05	0.00657	0.00890	8.4e-05	0.00018
5	0.91945	0.00023	0.00018	0.00016	0.00023	0.00026	0.00013	0.05856	0.00022	0.01020	0.00017	0.00020	0.00013	0.00011	7.4e-05	3.6e-05	9.1e-05	6.6e-05	0.00938	0.00013
6	0.00022	0.00411	0.00017	0.00256	0.00020	0.01245	0.00012	0.04811	0.01905	0.15554	0.03895	0.00385	0.63565	0.00602	0.01170	4e-05	0.00951	0.01943	0.01981	0.01250
7	0.00844	0.77465	0.01381	0.00022	0.00032	0.11748	0.00021	0.08307	0.00028	0.00032	0.00018	0.00021	0.00016	0.00011	8.6e-05	2.8e-05	0.00014	7e-05	5.9e-05	0.00016
8	0.00029	0.00027	0.00523	0.01719	0.93951	0.00449	0.00664	0.00657	0.00026	0.00555	0.00022	0.00029	0.00447	0.00010	0.00011	3.4e-05	0.00014	0.00010	0.00372	0.00481
9	0.00332	0.00659	0.31801	0.00352	0.00542	0.00028	0.59223	0.00037	0.00335	0.01851	0.00747	0.00032	0.00596	0.00467	0.01093	4.2e-05	0.01170	0.00012	0.00701	0.00016
10	0.00023	0.01031	0.02581	0.08411	0.15065	0.00308	0.09905	0.01947	0.00536	0.08002	0.12349	0.33422	0.02420	0.00267	0.00249	4.1e-05	0.01748	0.01709	9.2e-05	0.00013
11	0.00016	0.00012	0.00015	0.00014	0.00017	0.00011	0.00011	0.00021	0.00031	0.00044	0.84765	0.09308	0.05642	0.00025	0.00014	3.7e-05	5.6e-05	0.00022	0.00012	0.00011
12	0.96751	0.00022	0.00017	0.00015	0.00023	0.00026	0.00013	0.01731	0.01243	0.00052	0.00017	0.00019	0.00013	0.00011	7.3e-05	3.6e-05	9e-05	6.4e-05	7.3e-05	0.00013
13	0.00029	0.03359	0.19392	0.00298	0.00808	0.06749	0.59056	0.00772	0.00425	0.06412	0.00301	0.00592	0.00312	0.00523	0.00013	3.8e-05	0.00921	0.00012	6.3e-05	0.00016
14	0.00019	0.00014	0.00819	0.00016	0.00019	0.00014	0.00299	0.00026	0.12061	0.03515	0.45521	0.05089	0.08586	0.16321	0.03768	0.00400	0.00626	0.02172	0.00704	0.00011
15	0.00050	0.00020	0.00027	0.00021	0.00029	0.00018	0.00017	0.03529	0.01571	0.91725	0.00045	0.00739	0.00029	0.00014	0.00012	3.6e-05	9.8e-05	0.00012	0.02112	0.00019
16	0.00050	0.00020	0.00027	0.00021	0.00030	0.00018	0.00774	0.04244	0.00034	0.92255	0.01001	0.00040	0.00790	0.00014	0.00012	3.6e-05	9.9e-05	0.00012	0.00626	0.00019
17	0.00339	0.10057	0.26717	0.03464	0.12973	0.28161	0.03323	0.01778	0.02246	0.00267	0.03744	0.00817	0.01549	0.00015	0.03876	3.9e-05	0.00283	9.6e-05	0.00364	0.00015
18	0.00015	0.00012	0.00013	0.00013	0.00016	0.01009	9.3e-05	0.00018	0.00027	0.00569	0.11725	0.05373	0.79994	0.00029	0.00014	3.9e-05	6e-05	0.00577	0.00568	9.9e-05
19	0.00022	0.00021	0.00035	0.92999	0.02188	0.00025	0.00570	0.00029	0.00023	0.00030	0.01020	0.00032	0.00527	0.00840	0.00012	3.9e-05	0.01594	0.00010	5.3e-05	0.00013
20	0.08619	0.05085	0.05169	0.12375	0.13711	0.00806	0.00708	0.19053	0.00562	0.31479	0.00384	0.00267	0.00253	0.00336	0.00011	3.6e-05	0.00890	0.00262	9.6e-05	0.00017
21	0.00018	0.00014	0.00726	0.00392	0.07744	0.00014	0.00356	0.01070	0.02200	0.00953	0.17708	0.21386	0.08383	0.12424	0.17931	0.06710	0.01124	0.00545	0.00291	0.00010
22	0.00022	0.00021	0.00035	0.92493	0.03362	0.00026	0.00032	0.00830	0.00023	0.00030	0.00021	0.00933	0.00016	0.00013	0.01505	4.1e-05	0.00606	0.00010	5.3e-05	0.00013
23	0.02977	0.00025	0.04461	0.10668	0.25806	0.00022	0.01375	0.06211	0.01087	0.05384	0.01138	0.01238	0.02052	0.00011	0.00011	2.9e-05	0.00985	9.7e-05	0.00281	0.36257
24	0.00024	0.01168	0.00024	0.00017	0.00027	0.00016	0.00014	0.01139	0.00422	0.01220	0.01716	0.01576	0.00585	9.6e-05	9e-05	1.9e-05	0.00501	7.7e-05	7.1e-05	0.91514
25	0.00025	0.15859	0.76850	0.00030	0.00045	0.02720	0.00037	0.02977	0.00025	0.00036	0.00021	0.00025	0.01278	0.00011	0.00010	3.4e-05	0.00016	8.4e-05	5.2e-05	0.00017
26	0.00025	0.00020	0.00024	0.01266	0.00028	0.00016	0.00014	0.01761	0.00025	0.03559	0.03531	0.00027	0.00021	9.6e-05	9.3e-05	1.9e-05	0.01297	7.6e-05	7.3e-05	0.88350
27	0.00016	0.00012	0.00018	0.00018	0.00020	0.00014	0.00014	0.00020	0.00018	0.00027	0.00031	0.00046	0.00029	0.03419	0.96217	0.00018	0.00030	0.00013	6.2e-05	0.00010
28	0.00548	0.00027	0.00045	0.01790	0.87776	0.00028	0.01085	0.04257	0.00635	0.00039	0.00023	0.00890	0.00019	0.00011	0.00012	3.5e-05	0.01491	0.01298	6.1e-05	0.00018

[dist]
# distance from previous block
# <min> <max>
0	4

[block]
# block no. 6 follows, 3006 sequences, length 19
# corresponding to MSA columns:
# 289-293,299-304,309-316
name=unknown_G
#
# <colnr> <probs for GDERKNQSTAVLIFYWHMCP>
#	G	D	E	R	K	N	Q	S	T	A	V	L	I	F	Y	W	H	M	C	P
0	0.90918	0.00023	0.01551	0.00016	0.00023	0.00880	0.01006	0.00034	0.00020	0.01581	0.01013	0.00020	0.00014	0.00011	7.5e-05	3.5e-05	9.2e-05	6.6e-05	7.2e-05	0.02857
1	0.00028	0.00027	0.00046	0.02909	0.93541	0.00027	0.00035	0.00035	0.00026	0.00037	0.00022	0.00030	0.00019	0.00011	0.00012	3.5e-05	0.01357	0.01810	5.8e-05	0.00018
2	0.99676	0.00022	0.00017	0.00015	0.00022	0.00026	0.00012	0.00034	0.00020	0.00052	0.00016	0.00019	0.00012	0.00011	7.1e-05	3.6e-05	8.9e-05	6.2e-05	7.1e-05	0.00012
3	0.00015	0.00012	0.00013	0.00013	0.00016	0.00010	9.5e-05	0.00018	0.00028	0.00036	0.34832	0.03284	0.60042	0.01602	0.00014	3.9e-05	5.8e-05	0.00023	0.00011	0.00010
4	0.00024	0.00022	0.00037	0.62943	0.25639	0.00026	0.00477	0.00572	0.00468	0.00603	0.00023	0.00447	0.01282	0.00014	0.01546	0.01307	0.03537	0.00576	0.00444	0.00014
5	0.00017	0.00012	0.00018	0.00018	0.00020	0.00015	0.00014	0.00020	0.00019	0.00027	0.00033	0.02709	0.01454	0.02048	0.91721	0.00018	0.01807	0.00013	6.4e-05	0.00010
6	0.00425	0.03883	0.27623	0.01102	0.04534	0.00493	0.02193	0.09022	0.04754	0.30564	0.09224	0.01396	0.01571	0.01863	0.00013	3.7e-05	0.00449	0.00862	9.7e-05	0.00017
7	0.41553	0.38491	0.02345	0.00020	0.00484	0.09008	0.00570	0.00493	0.01136	0.04309	0.00018	0.00021	0.00015	0.00535	0.00497	3.2e-05	0.00476	6.9e-05	6.5e-05	0.00014
8	0.00025	0.00058	0.91814	0.00033	0.00049	0.04051	0.01973	0.00037	0.00025	0.01800	0.00021	0.00025	0.00015	0.00011	0.00011	3.6e-05	0.00017	8.6e-05	5.1e-05	0.00017
9	0.00021	0.00337	0.00621	0.11909	0.06022	0.02950	0.07750	0.00490	0.02743	0.00447	0.28069	0.00540	0.03675	0.04594	0.11056	5.9e-05	0.12204	0.04483	0.00465	0.01617
10	0.00015	0.00012	0.00777	0.01315	0.00018	0.00011	0.00011	0.00789	0.00029	0.00038	0.42100	0.04577	0.46186	0.00029	0.04039	4.4e-05	7e-05	0.00022	0.00011	0.00010
11	0.00024	0.00019	0.00029	0.55688	0.04469	0.00021	0.00675	0.00584	0.01262	0.09250	0.08317	0.03740	0.07214	0.04465	0.00414	4.2e-05	0.01250	0.00438	0.00426	0.01711
12	0.00021	0.00019	0.00523	0.62947	0.02927	0.00022	0.01766	0.00768	0.04610	0.00499	0.04288	0.13458	0.05845	0.00017	0.00012	4e-05	0.00583	0.01671	7e-05	0.00013
13	0.00029	0.00028	0.00046	0.04015	0.93821	0.01787	0.00035	0.00035	0.00026	0.00037	0.00022	0.00028	0.00018	0.00010	0.00011	3.4e-05	0.00014	0.00010	5.7e-05	0.00018
14	0.00028	0.00589	0.48508	0.00028	0.04062	0.00022	0.03557	0.00961	0.00486	0.18512	0.13454	0.00942	0.00499	0.00013	0.00011	3.5e-05	0.00013	0.00459	8.1e-05	0.07844
15	0.71846	0.00021	0.00019	0.00017	0.00024	0.00024	0.00014	0.01098	0.03740	0.17903	0.05181	0.00027	0.00021	0.00012	8.5e-05	3.6e-05	8.9e-05	8.3e-05	8.9e-05	0.00014
16	0.00029	0.00027	0.00047	0.00071	0.99523	0.00027	0.00035	0.00035	0.00026	0.00038	0.00022	0.00029	0.00018	0.00010	0.00011	3.4e-05	0.00014	0.00010	5.7e-05	0.00018
17	0.00034	0.00025	0.00033	0.00956	0.32384	0.00026	0.00024	0.08153	0.34641	0.19517	0.00037	0.04062	0.00029	0.00014	0.00012	3.7e-05	0.00011	0.00012	0.00010	0.00018
18	0.44296	0.00022	0.00027	0.00521	0.27207	0.00024	0.00519	0.02692	0.00025	0.13119	0.07546	0.01834	0.00651	0.00537	0.00010	3.6e-05	0.00010	0.00934	8.3e-05	0.00015

[dist]
# distance from previous block
# <min> <max>
0	12

# created by:
# /home/cegg/simao/soft/augustus-3.2.1/scripts/msa2prfl.pl ./align_prep/POG091H029Q.fa
