[name]
unknown

[dist]
# distance from previous block
# <min> <max>
0	66

[block]
# block no. 0 follows, 3376 sequences, length 36
# corresponding to MSA columns:
# 71-98,229-236
name=unknown_A
#
# <colnr> <probs for GDERKNQSTAVLIFYWHMCP>
#	G	D	E	R	K	N	Q	S	T	A	V	L	I	F	Y	W	H	M	C	P
0	0.00178	0.06161	0.01651	0.01255	0.02071	0.00637	0.01475	0.01148	0.06424	0.02736	0.14119	0.08687	0.46700	0.01395	0.02401	3.8e-05	0.01292	0.00672	0.00713	0.00283
1	0.00184	0.00353	0.01347	0.03092	0.15250	0.01108	0.03697	0.00267	0.03172	0.01042	0.04464	0.32807	0.18278	0.02519	0.06758	4.7e-05	0.01372	0.03573	0.00536	0.00177
2	0.00608	0.11996	0.06710	0.01223	0.30918	0.11604	0.07611	0.05239	0.04868	0.06984	0.01030	0.06749	0.01272	0.02270	0.00011	3.2e-05	0.00205	0.00317	0.00192	0.00193
3	0.01678	0.29165	0.25161	0.00801	0.08886	0.06743	0.05826	0.06347	0.04723	0.02694	0.01647	0.00780	0.01161	0.01024	0.00242	3e-05	0.01619	0.00411	0.00478	0.00609
4	0.01369	0.00017	0.00246	0.00018	0.00024	0.00335	0.01748	0.05554	0.14488	0.44035	0.03561	0.13118	0.03573	0.01618	0.04727	4.1e-05	0.00627	0.02645	0.02280	0.00014
5	0.00915	0.04069	0.40936	0.04166	0.27388	0.04612	0.10521	0.01149	0.02385	0.01116	0.00245	0.00362	0.01011	0.00010	0.00441	3.2e-05	0.00453	0.00197	5.1e-05	0.00015
6	0.01735	0.12207	0.40742	0.07341	0.03565	0.02356	0.06832	0.05876	0.06111	0.04441	0.02251	0.01854	0.01874	0.00011	9.9e-05	3.2e-05	0.00701	0.00734	0.01025	0.00331
7	0.01490	0.00598	0.01153	0.34878	0.40135	0.04355	0.03828	0.03021	0.00798	0.01353	0.00021	0.03352	0.00017	0.00323	0.00242	3.3e-05	0.03744	0.00284	5.4e-05	0.00398
8	0.00294	0.00012	0.00017	0.00019	0.00021	0.00280	0.00016	0.01121	0.00371	0.00404	0.00378	0.01532	0.01200	0.01589	0.00375	4.8e-05	9.4e-05	0.91879	0.00467	9.5e-05
9	0.03776	0.17842	0.22058	0.01842	0.13972	0.07158	0.15118	0.03797	0.05684	0.03653	0.00792	0.02271	0.00377	0.00011	0.0001	3.1e-05	0.01281	0.00335	5.8e-05	0.00014
10	0.08483	0.01165	0.02306	0.02534	0.69480	0.01611	0.03319	0.02523	0.00547	0.03218	0.00403	0.00264	0.00402	0.00563	0.00010	3.2e-05	0.00839	0.02306	5.7e-05	0.00015
11	0.00845	0.00022	0.00025	0.00373	0.00027	0.00022	0.00016	0.34298	0.17536	0.36806	0.03282	0.00034	0.00556	0.00013	0.00010	3.2e-05	0.00515	0.00010	0.05589	0.00016
12	0.00924	0.00012	0.01410	0.00451	0.00454	0.00247	0.00541	0.00400	0.01031	0.01517	0.31272	0.18057	0.35991	0.00428	0.02420	3.9e-05	0.02619	0.01530	0.00684	9.5e-05
13	0.01019	0.15592	0.39323	0.00925	0.04654	0.04261	0.08132	0.06842	0.02330	0.08523	0.02843	0.02033	0.00208	0.00011	0.00241	3.2e-05	0.00854	0.02184	6.2e-05	0.00015
14	0.00517	0.01121	0.00519	0.01019	0.01520	0.07013	0.00428	0.18911	0.02738	0.29517	0.17551	0.01377	0.00413	0.02646	0.03508	3.9e-05	0.10931	0.00245	9.6e-05	0.00014
15	0.00017	0.00011	0.00014	0.00015	0.00016	0.00011	0.00010	0.00310	0.07731	0.06891	0.02507	0.57573	0.01003	0.16770	0.04422	5.5e-05	8e-05	0.02031	0.00644	9.4e-05
16	0.01894	0.05322	0.12504	0.12444	0.34924	0.03337	0.10700	0.06012	0.01500	0.03778	0.02158	0.02610	0.00858	0.00011	0.00198	3.2e-05	0.01073	0.00654	5.9e-05	0.00014
17	0.03274	0.07606	0.16086	0.19801	0.11590	0.07705	0.02121	0.08195	0.07666	0.03022	0.00512	0.00391	0.02381	0.00627	0.00434	0.00169	0.08170	0.00229	6.1e-05	0.00014
18	0.01978	0.26336	0.37617	0.02229	0.01181	0.09288	0.06399	0.02419	0.02072	0.06919	0.00261	0.00022	0.00015	0.00011	0.00676	3e-05	0.02301	0.00253	5.4e-05	0.00014
19	0.00014	9.7e-05	0.00012	0.00013	0.00014	9.4e-05	8.6e-05	0.00395	0.00018	0.00024	0.01308	0.46584	0.08620	0.35844	0.03871	6.7e-05	0.00383	0.02849	8.2e-05	7.7e-05
20	0.12520	0.01501	0.00220	0.01131	0.05663	0.08116	0.02591	0.18376	0.07645	0.34503	0.02458	0.02650	0.00746	0.00013	0.0001	3.2e-05	0.00282	0.01361	0.00196	0.00015
21	0.13173	0.00791	0.00030	0.04476	0.24348	0.05916	0.02921	0.15893	0.23100	0.05122	0.00306	0.00258	0.00020	0.00012	0.00011	3.2e-05	0.03280	0.00318	7.7e-05	0.00015
22	0.00013	0.00010	0.00012	0.00012	0.00015	9e-05	0.00329	0.00016	0.00393	0.00423	0.17447	0.20410	0.58032	0.00372	0.00380	3.7e-05	5.5e-05	0.02099	9.8e-05	8.9e-05
23	0.00020	0.00019	0.00031	0.92099	0.02152	0.01627	0.00028	0.01448	0.00452	0.00027	0.00019	0.00028	0.00014	0.00011	0.00011	3.4e-05	0.01454	0.00541	4.7e-05	0.00012
24	0.00033	0.00021	0.00024	0.00020	0.00027	0.00022	0.00016	0.05870	0.56043	0.34658	0.01404	0.00037	0.00733	0.00014	0.00010	3.3e-05	8.5e-05	0.00011	0.00011	0.01035
25	0.94280	0.00517	0.01018	0.00014	0.00020	0.00721	0.00012	0.00501	0.00906	0.01916	0.00015	0.00017	0.00012	9.7e-05	6.5e-05	3.2e-05	8.1e-05	5.8e-05	6.5e-05	0.00011
26	0.00021	0.00019	0.00033	0.78872	0.15616	0.00023	0.01408	0.01005	0.00021	0.00028	0.01514	0.00028	0.00440	0.00010	0.00011	3.4e-05	0.00921	9.4e-05	4.8e-05	0.00012
27	0.00463	0.00017	0.00023	0.00018	0.00025	0.00015	0.00014	0.00546	0.00029	0.86228	0.07430	0.00818	0.02596	0.00014	0.00010	3.2e-05	8.3e-05	0.00011	0.00012	0.01719
28	0.00036	0.01191	0.00031	0.00686	0.00526	0.39330	0.01353	0.33606	0.07345	0.00747	0.00022	0.01043	0.00018	0.00013	0.00013	3.3e-05	0.13226	0.00789	7.7e-05	0.00015
29	0.01018	0.00415	0.00401	0.00017	0.00024	0.00016	0.00453	0.05205	0.10058	0.19581	0.08563	0.01124	0.02678	0.00011	9.2e-05	2.4e-05	7.9e-05	0.00272	8.6e-05	0.50134
30	0.09244	0.00733	0.01921	0.01512	0.01556	0.11683	0.02193	0.35738	0.03645	0.23925	0.00396	0.00312	0.00213	0.00013	0.00431	3.2e-05	0.05866	0.00591	9.1e-05	0.00015
31	0.00014	0.00010	0.00013	0.00014	0.00016	9.4e-05	0.00011	0.00017	0.00609	0.00543	0.06624	0.43814	0.25100	0.01114	0.00013	4.1e-05	6.5e-05	0.22050	9.6e-05	8.8e-05
32	0.00013	9.2e-05	0.00012	0.00014	0.00015	8.7e-05	9.2e-05	0.00015	0.00020	0.00027	0.08710	0.77604	0.02353	0.09992	0.00647	4.7e-05	6.4e-05	0.00522	9.3e-05	8.3e-05
33	0.02104	0.60446	0.13692	0.00313	0.00871	0.11394	0.01363	0.05071	0.00853	0.01606	0.00016	0.00019	0.00014	0.00238	0.00322	2.6e-05	0.01650	6.5e-05	5e-05	0.00014
34	0.23191	0.03845	0.01314	0.14013	0.15884	0.08038	0.03664	0.07117	0.01282	0.01326	0.00018	0.00367	0.00015	0.00750	0.00012	3.2e-05	0.10464	8e-05	0.00472	0.08218
35	0.00013	0.00010	0.00012	0.00012	0.00015	9.1e-05	8.7e-05	0.00017	0.00025	0.00033	0.40965	0.07378	0.50676	0.00765	0.00013	3.5e-05	5.1e-05	0.00021	0.00010	9.1e-05

[dist]
# distance from previous block
# <min> <max>
6	8

[block]
# block no. 1 follows, 3376 sequences, length 48
# corresponding to MSA columns:
# 247-271,274-286,288-290,292-297,299
name=unknown_B
#
# <colnr> <probs for GDERKNQSTAVLIFYWHMCP>
#	G	D	E	R	K	N	Q	S	T	A	V	L	I	F	Y	W	H	M	C	P
0	0.02079	0.00311	0.01285	0.00239	0.01070	0.01429	0.04287	0.35112	0.21519	0.21503	0.07443	0.00178	0.01199	0.00014	0.00011	3.2e-05	0.00741	0.01185	0.00376	0.00016
1	0.00164	0.05465	0.06657	0.03241	0.06210	0.01908	0.06336	0.04514	0.02081	0.04628	0.02739	0.06086	0.01422	0.00564	0.00159	2.8e-05	0.02137	0.09852	7e-05	0.35828
2	0.00023	0.00019	0.00021	0.00020	0.00024	0.00021	0.01309	0.01841	0.66019	0.00471	0.13678	0.01621	0.01603	0.00017	0.00340	3.6e-05	8e-05	0.12506	0.00440	0.00014
3	0.00583	0.00374	0.00181	0.00747	0.03293	0.00196	0.00456	0.01981	0.00252	0.02893	0.00183	0.00666	0.00158	8.3e-05	8.1e-05	1.8e-05	0.00568	0.00524	6.4e-05	0.86918
4	0.00013	9.5e-05	0.00012	0.00013	0.00015	8.6e-05	9.2e-05	0.00015	0.00021	0.00028	0.07479	0.65207	0.25503	0.00470	0.00013	4e-05	5.7e-05	0.01157	9.7e-05	8.5e-05
5	0.00382	0.00416	0.01362	0.06258	0.10639	0.40830	0.08698	0.16195	0.07655	0.01716	0.00689	0.00653	0.00781	0.00011	0.00400	3e-05	0.00365	0.00382	0.00863	0.01703
6	0.01097	0.00905	0.01262	0.01757	0.02255	0.01874	0.83361	0.02985	0.01241	0.01694	0.00021	0.00210	0.00016	9.2e-05	0.00012	3.4e-05	0.01083	0.00195	5.5e-05	0.00014
7	0.00014	0.00010	0.00013	0.00014	0.00016	9.5e-05	0.0001	0.00018	0.00816	0.01320	0.48400	0.32851	0.09643	0.00025	0.00013	3.7e-05	5.6e-05	0.06227	0.00580	9.3e-05
8	0.10821	0.00019	0.00023	0.00018	0.00026	0.00017	0.00015	0.08419	0.01438	0.78167	0.00549	0.00032	0.00024	0.00012	9.9e-05	3.2e-05	8.8e-05	9.8e-05	0.00370	0.00017
9	0.03000	0.00034	0.00029	0.00822	0.01890	0.35917	0.02759	0.31460	0.17205	0.04608	0.00340	0.01060	0.00020	0.00012	9.9e-05	3e-05	0.00013	0.00795	8.2e-05	0.00015
10	0.00014	0.00011	0.00012	0.00012	0.00015	9.4e-05	8.8e-05	0.00528	0.00708	0.01060	0.37648	0.04931	0.49346	0.05188	0.00014	3.8e-05	5.5e-05	0.00467	0.00010	9.1e-05
11	0.04419	0.00026	0.00176	0.00642	0.01216	0.11826	0.02807	0.35738	0.24678	0.04271	0.05138	0.02040	0.03605	0.00375	0.00011	3.3e-05	0.00441	0.02563	9.4e-05	0.00015
12	0.00022	0.00014	0.00017	0.00015	0.00019	0.00598	0.00241	0.04945	0.14162	0.14225	0.47585	0.06395	0.10976	0.00300	0.00012	3.4e-05	6.4e-05	0.00017	0.00437	0.00012
13	0.01356	0.00171	0.15879	0.00019	0.02296	0.00192	0.01134	0.03822	0.02264	0.02269	0.03433	0.04851	0.02283	0.00328	9e-05	2.3e-05	9e-05	0.00393	6.6e-05	0.59282
14	0.00656	0.46331	0.47739	0.00024	0.00857	0.02905	0.01298	0.00032	0.00022	0.00029	0.00016	0.00019	0.00013	9.3e-05	8.3e-05	2.7e-05	0.00013	6.6e-05	4.4e-05	0.00014
15	0.02336	0.00644	0.00437	0.00018	0.00026	0.02809	0.00015	0.14463	0.00821	0.48170	0.00589	0.00029	0.00217	0.00012	0.00345	0.00801	0.00387	8.8e-05	9.9e-05	0.27862
16	0.00653	0.00608	0.00032	0.77028	0.03487	0.02274	0.03602	0.03234	0.04030	0.00256	0.00205	0.00028	0.00015	0.00011	0.00011	3.4e-05	0.02721	0.00884	0.00905	0.00012
17	0.00022	0.00018	0.00022	0.00020	0.00025	0.01071	0.05709	0.03297	0.49667	0.00335	0.06467	0.14255	0.01927	0.00019	0.00343	3.8e-05	0.00328	0.16246	0.00209	0.00013
18	0.00013	9.7e-05	0.00012	0.00013	0.00015	8.7e-05	9.1e-05	0.00016	0.00022	0.01628	0.09183	0.54684	0.32921	0.00512	0.00013	3.9e-05	5.7e-05	0.00912	9.7e-05	8.7e-05
19	0.03876	0.00018	0.00238	0.00210	0.04517	0.02026	0.05478	0.13284	0.10542	0.10590	0.22752	0.15206	0.05944	0.00229	0.00011	3.5e-05	0.00178	0.04714	0.00170	0.00013
20	0.00013	0.00010	0.00012	0.00011	0.00014	9e-05	8.5e-05	0.00016	0.00025	0.00620	0.33179	0.02466	0.63530	0.00024	0.00012	3.4e-05	5.1e-05	0.00021	0.00010	9.1e-05
21	0.00250	0.01203	0.01526	0.01648	0.12287	0.06034	0.33822	0.11551	0.25401	0.01870	0.03375	0.00236	0.00339	0.00011	0.00011	3.3e-05	0.00166	0.00245	7.5e-05	0.00015
22	0.00020	0.00016	0.00019	0.00015	0.00022	0.00013	0.00012	0.00489	0.00706	0.02727	0.22654	0.00990	0.02710	0.00012	8.9e-05	2.1e-05	7e-05	9.7e-05	7.6e-05	0.69560
23	0.00016	9.7e-05	0.00013	0.00013	0.00014	0.00010	8.8e-05	0.00015	0.00014	0.00020	0.00024	0.00044	0.00025	0.31725	0.17060	0.50220	0.00744	0.00011	5.2e-05	5.9e-05
24	0.00026	0.69100	0.29277	0.00021	0.00032	0.00652	0.00024	0.00032	0.00708	0.00027	0.00016	0.00018	0.00013	9.1e-05	7.6e-05	2.5e-05	0.00012	6.2e-05	4.4e-05	0.00014
25	0.01168	0.00576	0.00247	0.18802	0.53816	0.00794	0.02492	0.02679	0.00958	0.08407	0.02262	0.00687	0.01934	0.00011	0.00011	3.1e-05	0.01390	0.00657	6.1e-05	0.03099
26	0.12711	0.01017	0.01223	0.00439	0.05156	0.16858	0.02147	0.44441	0.11389	0.01301	0.00023	0.00196	0.00224	0.00012	9.7e-05	3.1e-05	0.00755	8.6e-05	8.3e-05	0.02077
27	0.00242	0.00704	0.00182	0.00019	0.00444	0.03868	0.05311	0.09119	0.03254	0.13341	0.04746	0.19906	0.07115	0.00022	0.00012	3.9e-05	9e-05	0.30633	0.01055	0.00012
28	0.01777	0.00012	0.00014	0.00240	0.00329	0.00302	0.00010	0.02672	0.04369	0.04851	0.21181	0.32514	0.24426	0.02040	0.00013	3.8e-05	6.3e-05	0.04872	0.00358	9.9e-05
29	0.16047	0.01421	0.01752	0.05384	0.25114	0.06493	0.06368	0.11798	0.02015	0.10652	0.00592	0.00174	0.00245	0.00010	0.0001	3e-05	0.02383	0.00159	6.9e-05	0.09373
30	0.00596	0.14403	0.14784	0.00206	0.08783	0.03345	0.01203	0.05137	0.02481	0.31340	0.05205	0.03188	0.02401	0.00876	0.00330	3.1e-05	0.00625	0.00373	8.3e-05	0.04713
31	0.00013	0.00011	0.00012	0.00011	0.00015	9.4e-05	8.6e-05	0.00017	0.02081	0.00890	0.27185	0.00579	0.67939	0.00024	0.00012	3.4e-05	5.2e-05	0.00623	0.00552	9.2e-05
32	0.01333	0.05610	0.83049	0.00591	0.03551	0.00024	0.00241	0.00954	0.00820	0.00467	0.01595	0.00459	0.00888	0.00010	9.7e-05	3.2e-05	0.00365	8e-05	4.7e-05	0.00015
33	0.00577	0.00692	0.01211	0.11337	0.70872	0.02005	0.03828	0.01342	0.03482	0.00880	0.00655	0.00027	0.00769	9.9e-05	0.00011	3.2e-05	0.02268	9.4e-05	5.4e-05	0.00015
34	0.04603	0.00019	0.01342	0.00019	0.00027	0.00384	0.00317	0.04730	0.01631	0.86363	0.00433	0.00034	0.00025	0.00013	0.00010	3.2e-05	8.9e-05	0.00010	0.00012	0.00017
35	0.00012	0.00010	0.00011	0.00011	0.00014	8.7e-05	8e-05	0.00015	0.00023	0.00028	0.01620	0.07628	0.90525	0.00026	0.00012	3.5e-05	5.3e-05	0.00022	9.6e-05	8.7e-05
36	0.00732	0.00018	0.01294	0.28973	0.00415	0.05288	0.10883	0.03071	0.01219	0.02924	0.01141	0.20276	0.04575	0.02056	0.01267	4e-05	0.00751	0.15095	7.3e-05	0.00011
37	0.00240	0.16079	0.16777	0.00633	0.14764	0.12730	0.03144	0.04992	0.07256	0.13733	0.00848	0.02226	0.01676	0.00144	0.00139	3.1e-05	0.00159	0.04297	0.00147	0.00014
38	0.00915	0.00026	0.00425	0.00022	0.00030	0.00268	0.00018	0.71894	0.00840	0.23265	0.00029	0.00877	0.00020	0.00233	0.00010	3.1e-05	0.00011	9.7e-05	0.00844	0.00262
39	0.08388	0.57214	0.03621	0.00870	0.01148	0.24640	0.01172	0.01266	0.00023	0.00506	0.00015	0.00018	0.00013	9.4e-05	7.7e-05	2.5e-05	0.00408	6.1e-05	4.9e-05	0.00666
40	0.00013	9.3e-05	0.00012	0.00014	0.00242	8.7e-05	0.00448	0.00015	0.00298	0.00545	0.04380	0.84809	0.07954	0.00418	0.00013	4.1e-05	6e-05	0.00572	0.00231	8.5e-05
41	0.91414	0.02465	0.01044	0.00014	0.00021	0.02399	0.00012	0.02086	0.00019	0.00045	0.00015	0.00017	0.00011	0.00397	6.7e-05	3.2e-05	8.4e-05	5.7e-05	6.3e-05	0.00011
42	0.00014	9.8e-05	0.00012	0.00013	0.00015	9e-05	9.4e-05	0.00017	0.00022	0.02734	0.16836	0.54593	0.13771	0.07618	0.00016	4.3e-05	6.1e-05	0.02748	0.01544	8.8e-05
43	0.00862	0.00039	0.00028	0.00272	0.00030	0.64713	0.01697	0.04763	0.20831	0.01740	0.00671	0.00395	0.01046	0.00012	9.9e-05	2.9e-05	0.00444	0.02075	6.9e-05	0.00361
44	0.00021	0.00018	0.00021	0.00015	0.00024	0.00014	0.00012	0.00439	0.00369	0.00918	0.00347	0.00023	0.01617	0.00655	8.1e-05	1.7e-05	0.00455	6.5e-05	6.2e-05	0.95027
45	0.00579	0.00510	0.02604	0.01443	0.00957	0.13221	0.08928	0.21801	0.13032	0.12175	0.06911	0.00682	0.09465	0.01091	0.00011	3.4e-05	0.00011	0.06551	9e-05	0.00014
46	0.00658	0.02521	0.00728	0.01288	0.00029	0.46538	0.00018	0.19571	0.11902	0.03264	0.06489	0.02309	0.02115	0.00013	0.00010	3e-05	0.00561	0.00379	0.01118	0.00486
47	0.00239	0.58381	0.07556	0.00169	0.00385	0.07335	0.02271	0.02871	0.01443	0.09405	0.01389	0.01706	0.00810	0.00420	0.02266	3e-05	0.00970	0.02362	5.9e-05	0.00013

[dist]
# distance from previous block
# <min> <max>
2	4

[block]
# block no. 2 follows, 3376 sequences, length 45
# corresponding to MSA columns:
# 305-316,318-320,323-325,327-353
name=unknown_C
#
# <colnr> <probs for GDERKNQSTAVLIFYWHMCP>
#	G	D	E	R	K	N	Q	S	T	A	V	L	I	F	Y	W	H	M	C	P
0	0.00012	0.00010	0.00011	0.00011	0.00014	8.8e-05	8.3e-05	0.00015	0.00024	0.00029	0.09920	0.12001	0.76931	0.00026	0.00012	3.5e-05	5.3e-05	0.00938	9.7e-05	8.7e-05
1	0.00019	0.00018	0.00030	0.83908	0.06223	0.00022	0.00027	0.00026	0.00868	0.00027	0.00023	0.01625	0.03758	0.00517	0.00455	3.5e-05	0.01167	0.01265	5e-05	0.00012
2	0.00013	9.8e-05	0.00012	0.00013	0.00015	8.8e-05	9.1e-05	0.00016	0.00023	0.00571	0.24264	0.43030	0.30035	0.00027	0.00013	3.7e-05	5.5e-05	0.00769	0.01151	8.8e-05
3	0.02146	0.00022	0.01171	0.01144	0.03679	0.12035	0.00765	0.08695	0.08193	0.05913	0.16924	0.00892	0.03513	0.05124	0.00254	3.1e-05	0.00360	0.01375	8.1e-05	0.27785
4	0.00014	0.00010	0.00012	0.00013	0.00015	9.4e-05	9.1e-05	0.00016	0.00522	0.00028	0.14500	0.19315	0.37155	0.17708	0.00020	4.9e-05	6.6e-05	0.10626	9.2e-05	8.4e-05
5	0.00022	0.00018	0.00021	0.00015	0.00024	0.00014	0.00012	0.00026	0.00021	0.02171	0.00019	0.00022	0.00015	7.7e-05	7.7e-05	1.6e-05	7.6e-05	6.2e-05	6.2e-05	0.97562
6	0.00532	0.02956	0.16292	0.00247	0.02720	0.00746	0.17216	0.01407	0.00902	0.18869	0.01141	0.01065	0.01142	0.00010	9.7e-05	2.7e-05	0.00173	0.01916	7.1e-05	0.32645
7	0.00013	9.8e-05	0.00013	0.00015	0.00016	9.1e-05	0.00010	0.00016	0.00578	0.00027	0.00468	0.83117	0.00556	0.00030	0.00013	4.1e-05	6.4e-05	0.10516	9.4e-05	0.04572
8	0.00027	0.01148	0.00024	0.00021	0.00027	0.06859	0.00017	0.05619	0.86037	0.00043	0.00039	0.00036	0.00029	0.00014	0.00010	3.4e-05	9.1e-05	0.00011	0.00010	0.00016
9	0.02358	0.00337	0.79496	0.00576	0.01887	0.00024	0.03776	0.03386	0.03565	0.01848	0.01704	0.00025	0.00748	0.00010	9.9e-05	3.3e-05	0.00014	0.00212	5.2e-05	0.00015
10	0.00022	0.07496	0.85810	0.00029	0.00043	0.00544	0.02714	0.02049	0.00022	0.01153	0.00019	0.00022	0.00013	9.7e-05	9.6e-05	3.2e-05	0.00015	7.6e-05	4.6e-05	0.00015
11	0.00568	0.00518	0.01181	0.78537	0.00343	0.00023	0.05493	0.00382	0.09485	0.00029	0.01652	0.00799	0.00556	0.00011	0.00010	3.4e-05	0.00013	0.00379	5.4e-05	0.00012
12	0.00020	0.00018	0.00031	0.98258	0.00070	0.00023	0.00028	0.01381	0.00021	0.00027	0.00018	0.00027	0.00014	0.00010	0.00010	3.4e-05	0.00014	9.1e-05	4.6e-05	0.00011
13	0.00332	0.00451	0.03097	0.20960	0.61731	0.01061	0.05217	0.00499	0.01464	0.00708	0.00399	0.01687	0.00814	0.00619	0.00330	3.3e-05	0.00439	0.00168	5.3e-05	0.00015
14	0.02463	0.22875	0.55251	0.00888	0.04479	0.03344	0.03864	0.01712	0.00943	0.01357	0.00281	0.01749	0.00015	0.00010	9.3e-05	3e-05	0.00518	0.00219	4.9e-05	0.00014
15	0.00288	0.00011	0.00197	0.00403	0.00016	0.01302	0.00577	0.00622	0.00618	0.00356	0.01484	0.62623	0.07849	0.05675	0.08081	0.00814	8.5e-05	0.09058	8.9e-05	8.7e-05
16	0.00846	0.00014	0.00018	0.00808	0.00576	0.00013	0.02221	0.02524	0.10019	0.19257	0.48182	0.00282	0.13523	0.00260	0.00012	3.3e-05	6.6e-05	0.00407	0.01018	0.00012
17	0.00361	0.00024	0.00462	0.03639	0.92314	0.00024	0.00888	0.00747	0.00024	0.00481	0.00929	0.00026	0.00017	9.3e-05	0.00010	3.1e-05	0.00012	9.3e-05	5.2e-05	0.00016
18	0.00834	0.05837	0.04693	0.02081	0.04388	0.01628	0.20931	0.01761	0.02725	0.01568	0.20164	0.16338	0.10711	0.00262	0.00227	3.5e-05	0.02053	0.03776	8e-05	0.00012
19	0.00295	0.00014	0.00018	0.00015	0.00020	0.00013	0.00012	0.01926	0.01860	0.41854	0.38186	0.03290	0.05966	0.00017	0.00011	3.2e-05	6.8e-05	0.01245	0.05233	0.00013
20	0.06655	0.00661	0.00035	0.22044	0.45835	0.05773	0.01004	0.03526	0.00203	0.03196	0.00019	0.00427	0.00016	0.00206	0.00187	0.00281	0.09685	0.00228	5.5e-05	0.00014
21	0.10278	0.02443	0.04335	0.01147	0.39940	0.05339	0.05640	0.09026	0.05529	0.11156	0.00698	0.00026	0.00341	0.00011	0.00011	3.2e-05	0.03699	0.00174	0.00189	0.00015
22	0.00229	0.01450	0.27194	0.02897	0.18673	0.01355	0.00734	0.00478	0.01804	0.02778	0.02811	0.03826	0.06793	0.03302	0.15935	5.7e-05	0.00805	0.08910	6.3e-05	0.00013
23	0.29908	0.00206	0.00277	0.00458	0.00265	0.00233	0.01345	0.06011	0.03268	0.51359	0.01593	0.03124	0.00971	0.00013	9.3e-05	3.2e-05	8.6e-05	0.00268	0.00666	0.00015
24	0.00021	0.02071	0.97569	0.00029	0.00044	0.00024	0.00038	0.00033	0.00022	0.00032	0.00018	0.00022	0.00013	9.7e-05	9.7e-05	3.2e-05	0.00015	7.5e-05	4.3e-05	0.00015
25	0.03418	0.20643	0.28986	0.01570	0.11430	0.12415	0.09278	0.02382	0.03450	0.02985	0.00299	0.00219	0.00275	0.00437	0.0001	3e-05	0.02173	8e-05	5.4e-05	0.00014
26	0.18222	0.00446	0.00771	0.00171	0.00827	0.01657	0.00335	0.08522	0.04801	0.55344	0.00665	0.00031	0.00276	0.02591	0.00881	3.5e-05	0.02359	9.5e-05	0.02073	0.00015
27	0.00023	0.00022	0.00038	0.29757	0.68428	0.00024	0.00030	0.00030	0.00023	0.00031	0.00020	0.00027	0.01481	9.7e-05	0.00010	3.2e-05	0.00013	9.3e-05	5e-05	0.00015
28	0.00014	0.00011	0.00715	0.00013	0.00015	0.00340	0.00320	0.00019	0.00893	0.00416	0.66082	0.00082	0.30686	0.00022	0.00012	3.3e-05	5.2e-05	0.00330	0.00011	9.5e-05
29	0.02714	0.00021	0.02575	0.01617	0.00257	0.00521	0.01880	0.24646	0.01481	0.60483	0.01502	0.00435	0.00427	0.00013	0.00515	3.2e-05	0.00185	0.00176	0.00530	0.00017
30	0.00014	0.00011	0.00012	0.00012	0.00015	9.6e-05	9.1e-05	0.00564	0.01385	0.01682	0.42171	0.05788	0.46951	0.00024	0.00012	3.4e-05	5.3e-05	0.01312	0.00010	9.4e-05
31	0.00019	0.00018	0.00031	0.99614	0.00071	0.00023	0.00029	0.00026	0.00021	0.00026	0.00018	0.00027	0.00014	0.00010	0.00010	3.4e-05	0.00014	9.1e-05	4.6e-05	0.00011
32	0.02465	0.00045	0.00279	0.00026	0.01159	0.83976	0.00628	0.04277	0.00809	0.02348	0.00017	0.00282	0.00014	0.00011	0.00010	2.8e-05	0.03410	0.00224	5.7e-05	0.00012
33	0.00301	0.00796	0.01401	0.00013	0.00317	0.00196	0.00315	0.00555	0.01433	0.06952	0.26617	0.05196	0.53365	0.00201	0.00289	0.00157	0.01698	0.00177	0.0001	9.9e-05
34	0.00019	0.00018	0.00031	0.99614	0.00071	0.00023	0.00029	0.00026	0.00021	0.00026	0.00018	0.00027	0.00014	0.00010	0.00010	3.4e-05	0.00014	9.1e-05	4.6e-05	0.00011
35	0.00941	0.00019	0.00033	0.82549	0.07123	0.00023	0.05723	0.00913	0.00326	0.00964	0.00019	0.00027	0.00014	0.00010	0.00011	3.4e-05	0.01275	9.3e-05	4.8e-05	0.00012
36	0.00188	0.72258	0.09723	0.00678	0.08560	0.01960	0.00431	0.00642	0.01111	0.00682	0.00971	0.00173	0.00454	0.00157	0.00200	0.00153	0.01634	6.5e-05	4.7e-05	0.00014
37	0.15901	0.00475	0.01592	0.00017	0.00024	0.00188	0.00445	0.04722	0.02912	0.59183	0.04518	0.01503	0.04583	0.01093	0.00576	3.4e-05	8.6e-05	0.01445	0.00796	0.00015
38	0.00027	0.00269	0.00025	0.00254	0.09774	0.48744	0.00764	0.00031	0.00265	0.00340	0.01815	0.07495	0.10712	0.00017	0.00011	3.3e-05	0.00013	0.19420	7e-05	0.00011
39	0.03572	0.49574	0.22201	0.00024	0.05814	0.08419	0.02197	0.03396	0.01247	0.01813	0.00398	0.00020	0.00228	9.6e-05	8.4e-05	2.7e-05	0.01052	6.8e-05	5e-05	0.00014
40	0.02221	0.13850	0.16027	0.01488	0.20329	0.01893	0.10013	0.05073	0.05614	0.11198	0.01427	0.02830	0.02349	0.01215	0.00341	3.3e-05	0.02941	0.01167	6.7e-05	0.00014
41	0.00015	0.00011	0.00333	0.00013	0.00211	9.5e-05	9.5e-05	0.00286	0.00860	0.05753	0.15224	0.40933	0.29763	0.04399	0.00931	4.1e-05	6.2e-05	0.00969	0.00261	9.2e-05
42	0.00424	0.06107	0.04612	0.05327	0.80195	0.00312	0.01030	0.00470	0.00244	0.00387	0.00019	0.00025	0.00016	9.3e-05	0.00010	3e-05	0.00778	8.9e-05	5e-05	0.00016
43	0.01205	0.04305	0.04720	0.05860	0.61325	0.02156	0.01809	0.01838	0.03720	0.09705	0.01063	0.00319	0.00636	0.00011	0.00868	3.2e-05	0.00180	0.00256	6.2e-05	0.00016
44	0.00792	0.03378	0.01968	0.00503	0.01264	0.00173	0.08958	0.04373	0.00754	0.13354	0.01135	0.45752	0.05762	0.01717	0.00653	0.00295	0.00904	0.08244	9.1e-05	0.00011

[dist]
# distance from previous block
# <min> <max>
2	8

[block]
# block no. 3 follows, 3376 sequences, length 37
# corresponding to MSA columns:
# 370-398,402,416-422
name=unknown_D
#
# <colnr> <probs for GDERKNQSTAVLIFYWHMCP>
#	G	D	E	R	K	N	Q	S	T	A	V	L	I	F	Y	W	H	M	C	P
0	0.13999	0.00602	0.00026	0.00367	0.00029	0.03548	0.00017	0.52602	0.22781	0.02111	0.00512	0.00027	0.00020	0.00012	9.6e-05	3.1e-05	0.00010	9.1e-05	9.5e-05	0.03305
1	0.00424	0.02178	0.83752	0.00571	0.03908	0.00024	0.05195	0.00333	0.00433	0.01027	0.01298	0.00024	0.00767	0.0001	9.9e-05	3.2e-05	0.00015	8.1e-05	4.7e-05	0.00015
2	0.00028	0.97187	0.00053	0.00018	0.00027	0.02498	0.00018	0.00031	0.00021	0.00024	0.00014	0.00017	0.00013	8.8e-05	6.7e-05	2.2e-05	0.00011	5.5e-05	4.4e-05	0.00013
3	0.00760	0.33260	0.50183	0.00370	0.00036	0.02318	0.03243	0.00850	0.00396	0.01865	0.01832	0.01929	0.01341	0.00202	0.00286	3e-05	0.00247	0.00860	5e-05	0.00014
4	0.05971	0.03267	0.14415	0.03953	0.02782	0.00677	0.08428	0.10397	0.00212	0.08870	0.10876	0.18582	0.04408	0.01883	0.00886	3.7e-05	0.01491	0.01993	0.00893	0.00012
5	0.01278	0.02857	0.01740	0.29816	0.42111	0.01048	0.00631	0.01408	0.01765	0.02806	0.00593	0.00376	0.00423	0.00952	0.01455	3.6e-05	0.10504	0.00213	5.3e-05	0.00014
6	0.05757	0.11712	0.01589	0.36542	0.16511	0.03802	0.01956	0.05679	0.04990	0.04327	0.02139	0.00751	0.00914	0.01083	0.00557	0.00173	0.01234	0.00267	6e-05	0.00013
7	0.12572	0.00201	0.01414	0.01011	0.00491	0.01225	0.02750	0.05947	0.01770	0.35399	0.01789	0.19089	0.03103	0.03364	0.03909	0.02383	0.01237	0.01440	0.00894	0.00013
8	0.01419	0.00543	0.46576	0.00032	0.04557	0.00463	0.24539	0.07231	0.03690	0.02352	0.01116	0.04862	0.00291	0.00209	0.01013	3.5e-05	0.00472	0.00611	5.9e-05	0.00015
9	0.01357	0.31640	0.22500	0.00344	0.23359	0.06301	0.00983	0.01563	0.03555	0.04867	0.00613	0.00719	0.00691	0.00010	0.00523	2.9e-05	0.00450	0.00502	5.5e-05	0.00015
10	0.00704	0.27969	0.34765	0.02720	0.09976	0.01884	0.10445	0.04168	0.00959	0.02995	0.01190	0.00497	0.00697	0.00255	0.00191	3e-05	0.00283	0.00280	5.3e-05	0.00014
11	0.00015	0.00011	0.00013	0.00013	0.00015	9.6e-05	9.4e-05	0.00819	0.01109	0.03186	0.35350	0.17505	0.38383	0.00806	0.00013	3.6e-05	5.6e-05	0.02715	0.00010	9.4e-05
12	0.00025	0.11465	0.03077	0.00040	0.00764	0.00028	0.84383	0.00033	0.00024	0.00032	0.00020	0.00026	0.00015	8.7e-05	0.00011	3.3e-05	0.00016	0.00011	5.1e-05	0.00014
13	0.00718	0.06514	0.05888	0.01145	0.71378	0.04534	0.02107	0.00959	0.02470	0.02638	0.00410	0.00239	0.00479	9.7e-05	0.0001	3e-05	0.00219	0.00258	5.5e-05	0.00016
14	0.00200	0.00833	0.02195	0.00015	0.00869	0.00216	0.00399	0.02107	0.04863	0.06131	0.07973	0.47740	0.17880	0.01045	0.00927	4e-05	0.00400	0.06182	9.6e-05	0.00010
15	0.00025	0.00021	0.00023	0.00021	0.00026	0.00319	0.00016	0.00379	0.88891	0.00457	0.02330	0.02216	0.01355	0.00371	0.00011	3.5e-05	0.03192	0.00316	0.00010	0.00016
16	0.00352	0.75985	0.01204	0.00690	0.07966	0.05701	0.00892	0.01324	0.00022	0.02822	0.00016	0.00018	0.00014	9.4e-05	8.1e-05	2.4e-05	0.02950	6.2e-05	4.8e-05	0.00013
17	0.02693	0.11396	0.11330	0.06602	0.33626	0.03259	0.05072	0.07929	0.03553	0.08140	0.00561	0.01009	0.02443	0.00893	0.00010	3.1e-05	0.01113	0.00346	6.4e-05	0.00015
18	0.01152	0.00015	0.01008	0.00736	0.02362	0.01974	0.00447	0.04712	0.05004	0.11659	0.01651	0.00741	0.01531	0.19168	0.36797	0.01795	0.06781	0.01804	0.00652	0.00011
19	0.00476	0.00373	0.04379	0.00013	0.00018	0.00661	0.00240	0.02782	0.07623	0.00520	0.28322	0.00417	0.52153	0.00022	0.00012	3.4e-05	6.1e-05	0.00920	0.01049	0.00010
20	0.03148	0.05854	0.07045	0.01089	0.48723	0.01842	0.01130	0.04975	0.02702	0.20145	0.00970	0.00524	0.00704	0.00011	0.00010	3.1e-05	0.01093	9.3e-05	7.1e-05	0.00016
21	0.00787	0.05458	0.22432	0.04077	0.33539	0.03459	0.15064	0.02545	0.02352	0.01961	0.00817	0.03497	0.00568	0.00248	0.00199	3.3e-05	0.02445	0.00529	5.5e-05	0.00015
22	0.00014	0.00011	0.00012	0.00012	0.00015	9.5e-05	9e-05	0.00692	0.00713	0.02807	0.29075	0.07703	0.55856	0.00024	0.00012	3.5e-05	5.4e-05	0.02286	0.00731	9.3e-05
23	0.00883	0.79597	0.11354	0.00020	0.00690	0.03363	0.00020	0.01139	0.00587	0.01195	0.00016	0.00311	0.00465	9.3e-05	7.2e-05	2.4e-05	0.00012	0.00311	4.7e-05	0.00013
24	0.02674	0.12756	0.30275	0.02906	0.16203	0.01805	0.07578	0.06935	0.04063	0.10204	0.01482	0.00630	0.00488	0.00011	0.00321	3.1e-05	0.00800	0.00520	0.00330	0.00015
25	0.00221	0.00443	0.00930	0.00969	0.01738	0.00451	0.01185	0.03487	0.02356	0.13359	0.10976	0.30602	0.20124	0.01083	0.00347	3.8e-05	0.01190	0.10304	0.00221	0.00011
26	0.00987	0.00012	0.00486	0.01069	0.00801	0.00012	0.00211	0.01217	0.09320	0.09853	0.17722	0.42956	0.05837	0.04849	0.01075	4.2e-05	0.00191	0.02178	0.01209	0.00010
27	0.01571	0.04660	0.15372	0.00541	0.23865	0.01174	0.01841	0.07929	0.03904	0.32755	0.02897	0.01318	0.01050	0.00012	0.00010	3.1e-05	0.00492	0.00207	0.00382	0.00016
28	0.02207	0.09887	0.17156	0.01930	0.10104	0.07968	0.05160	0.04118	0.05968	0.18923	0.04905	0.02224	0.01984	0.00013	0.00012	3.2e-05	0.07066	0.00349	7.4e-05	0.00014
29	0.00025	0.00024	0.00041	0.01961	0.97678	0.00024	0.00031	0.00031	0.00023	0.00033	0.00019	0.00025	0.00016	9.2e-05	0.00010	3.1e-05	0.00012	9.2e-05	5.1e-05	0.00016
30	0.00436	0.02051	0.85073	0.01253	0.00863	0.00987	0.03692	0.01505	0.01418	0.00603	0.00610	0.00023	0.00973	0.00010	9.9e-05	3.2e-05	0.00224	8e-05	0.00242	0.00015
31	0.02097	0.02151	0.04466	0.02171	0.52447	0.02436	0.05355	0.04435	0.03231	0.17466	0.00551	0.01366	0.00325	0.00186	0.00182	3.2e-05	0.00868	0.00243	6.9e-05	0.00016
32	0.00448	0.15367	0.79082	0.00028	0.00872	0.00733	0.00510	0.01206	0.00022	0.01615	0.00018	0.00021	0.00013	9.7e-05	9.3e-05	3.1e-05	0.00014	7.4e-05	4.6e-05	0.00015
33	0.00013	0.00010	0.00012	0.00012	0.00015	9e-05	8.9e-05	0.01553	0.00023	0.00029	0.09825	0.36498	0.51229	0.00028	0.00012	3.7e-05	5.6e-05	0.00695	9.7e-05	8.8e-05
34	0.00016	0.00394	0.00271	0.00455	0.01349	0.00475	0.00360	0.00860	0.04232	0.00444	0.00264	0.32769	0.01205	0.00028	0.00014	0.00837	8.4e-05	0.56000	9.4e-05	9.6e-05
35	0.01298	0.05176	0.36444	0.00325	0.10677	0.02413	0.08972	0.04530	0.19189	0.06105	0.00460	0.01198	0.00270	0.00011	0.00011	3.3e-05	0.02376	0.00521	6.6e-05	0.00015
36	0.03199	0.01070	0.00669	0.00216	0.01176	0.00851	0.00632	0.01370	0.00417	0.00830	0.62522	0.03030	0.14008	0.08209	0.00205	3.9e-05	0.00467	0.00333	0.00197	0.00597

[dist]
# distance from previous block
# <min> <max>
0	12

# created by:
# /home/cegg/simao/soft/augustus-3.2.1/scripts/msa2prfl.pl ./align_prep/POG091H0220.fa
