[name]
unknown

[dist]
# distance from previous block
# <min> <max>
0	52

[block]
# block no. 0 follows, 3178 sequences, length 19
# corresponding to MSA columns:
# 116-124,126-135
name=unknown_A
#
# <colnr> <probs for GDERKNQSTAVLIFYWHMCP>
#	G	D	E	R	K	N	Q	S	T	A	V	L	I	F	Y	W	H	M	C	P
0	0.24689	0.00020	0.00650	0.00018	0.00026	0.00019	0.00597	0.06025	0.01521	0.53336	0.00581	0.00518	0.00534	0.00013	9.8e-05	3.2e-05	9.2e-05	0.01825	0.00011	0.09595
1	0.00014	0.00011	0.00013	0.00013	0.00016	9.9e-05	9.5e-05	0.00018	0.01872	0.00640	0.18525	0.22007	0.53161	0.01609	0.00618	4e-05	0.00613	0.00827	0.00010	9.5e-05
2	0.00023	0.00021	0.00035	0.26541	0.49513	0.00598	0.01742	0.00029	0.00516	0.00555	0.10987	0.01736	0.05801	0.00013	0.00012	3.5e-05	0.00914	0.00939	6.4e-05	0.00014
3	0.01527	0.01464	0.00631	0.04380	0.57149	0.03398	0.01355	0.10088	0.07731	0.00918	0.03095	0.00825	0.02624	0.00618	0.00716	3.5e-05	0.02894	0.00559	6.8e-05	0.00016
4	0.00018	0.00013	0.00017	0.03439	0.00488	0.00376	0.00747	0.02902	0.02681	0.02351	0.02225	0.10821	0.02044	0.27747	0.32750	0.00010	0.01377	0.01658	0.07931	0.00404
5	0.00764	0.00028	0.00041	0.11743	0.73025	0.10452	0.00677	0.01125	0.00639	0.00780	0.00613	0.00027	0.00017	0.00010	0.00011	3.3e-05	0.00014	9.5e-05	5.6e-05	0.00016
6	0.01254	0.00020	0.00023	0.00907	0.00027	0.01456	0.00013	0.01514	0.00023	0.02648	0.00020	0.00023	0.00016	8.4e-05	8.2e-05	1.7e-05	8.4e-05	6.7e-05	6.7e-05	0.92016
7	0.00023	0.00507	0.00022	0.02187	0.01498	0.00903	0.00016	0.00586	0.58697	0.00560	0.09022	0.04049	0.08526	0.00024	0.10199	5.1e-05	0.01451	0.01701	0.00010	0.00014
8	0.00033	0.00026	0.00028	0.00023	0.00030	0.01198	0.00019	0.40399	0.55662	0.01144	0.00038	0.00035	0.01285	0.00014	0.00011	3.5e-05	0.00010	0.00011	0.00011	0.00018
9	0.00030	0.00904	0.00026	0.00020	0.00928	0.13852	0.01222	0.05968	0.00027	0.13664	0.00023	0.00024	0.00017	9.6e-05	9e-05	2.2e-05	0.00010	7.5e-05	7.5e-05	0.63248
10	0.70962	0.00023	0.00020	0.00017	0.00024	0.00026	0.00014	0.18407	0.02604	0.06348	0.01457	0.00022	0.00016	0.00011	8e-05	3.4e-05	9.1e-05	7.3e-05	8.1e-05	0.00014
11	0.00925	0.00021	0.00033	0.53043	0.03209	0.00877	0.12894	0.03232	0.10320	0.00768	0.01735	0.09266	0.00739	0.00014	0.00012	3.7e-05	0.00926	0.01452	0.00517	0.00013
12	0.00021	0.00019	0.00033	0.99590	0.00075	0.00024	0.00030	0.00028	0.00022	0.00028	0.00019	0.00029	0.00015	0.00011	0.00011	3.6e-05	0.00015	9.7e-05	4.8e-05	0.00012
13	0.13052	0.00642	0.02214	0.00495	0.00550	0.13886	0.16660	0.02373	0.01052	0.02567	0.00023	0.00488	0.00022	0.24229	0.04741	0.00612	0.16364	0.00011	6.2e-05	0.00012
14	0.00513	0.00017	0.00741	0.07705	0.07786	0.00017	0.06283	0.03536	0.06755	0.05385	0.16396	0.09224	0.00378	0.00432	0.02438	0.00480	0.00791	0.30755	0.00356	0.00012
15	0.00025	0.00021	0.02088	0.00589	0.00025	0.01717	0.01731	0.19576	0.28455	0.01559	0.34353	0.01528	0.07473	0.00018	0.00012	3.5e-05	8.4e-05	0.00794	0.00011	0.00014
16	0.06496	0.02481	0.00590	0.04938	0.13833	0.01557	0.02135	0.08343	0.04385	0.02112	0.29097	0.09195	0.07841	0.00423	0.03301	0.00401	0.00334	0.02048	0.00479	0.00013
17	0.02609	0.03206	0.00022	0.00018	0.00023	0.05298	0.00663	0.19673	0.01613	0.05457	0.28481	0.17377	0.05187	0.00788	0.01949	3.8e-05	0.00516	0.00830	0.00836	0.05451
18	0.01440	0.42789	0.01260	0.01939	0.02913	0.02347	0.00561	0.08161	0.13215	0.02962	0.18034	0.00653	0.01239	0.00321	0.00488	3.1e-05	0.00325	0.00569	0.00767	0.00014

[dist]
# distance from previous block
# <min> <max>
6	35

[block]
# block no. 1 follows, 3178 sequences, length 8
# corresponding to MSA columns:
# 178-180,182-186
name=unknown_B
#
# <colnr> <probs for GDERKNQSTAVLIFYWHMCP>
#	G	D	E	R	K	N	Q	S	T	A	V	L	I	F	Y	W	H	M	C	P
0	0.02083	0.02547	0.14739	0.14659	0.31247	0.02421	0.01952	0.01510	0.10700	0.08629	0.04199	0.00032	0.00832	0.00811	0.00770	3.5e-05	0.01030	0.00010	0.00753	0.01071
1	0.02955	0.00020	0.00023	0.02264	0.00027	0.00016	0.00014	0.03282	0.00024	0.03394	0.00021	0.00024	0.00017	0.02095	9.3e-05	2e-05	8.5e-05	7e-05	6.8e-05	0.85792
2	0.00020	0.00034	0.45969	0.00927	0.00033	0.03321	0.01049	0.00028	0.01252	0.00032	0.09960	0.03941	0.01640	0.08963	0.14698	0.00956	0.04521	0.00012	0.01644	0.00999
3	0.01227	0.01065	0.01194	0.06715	0.61067	0.00944	0.00983	0.03909	0.01005	0.16960	0.00026	0.00030	0.00919	0.01259	0.00012	0.01123	0.00012	0.00010	7.1e-05	0.01535
4	0.04312	0.01391	0.00919	0.01713	0.07345	0.00895	0.01218	0.44602	0.05417	0.09471	0.00904	0.01006	0.00021	0.00012	0.00010	3e-05	0.00993	0.00957	9.3e-05	0.18801
5	0.00013	9.5e-05	0.00013	0.00015	0.00016	8.9e-05	0.00010	0.00015	0.00021	0.00028	0.00060	0.99609	0.00072	0.00034	0.00014	4.4e-05	6.3e-05	0.00031	0.00010	8.9e-05
6	0.00019	0.00015	0.00017	0.00017	0.00020	0.00015	0.00013	0.04313	0.26403	0.01678	0.20709	0.39296	0.03765	0.00025	0.00013	3.9e-05	7e-05	0.02030	0.01629	0.00012
7	0.02872	0.03592	0.35430	0.08243	0.09723	0.00022	0.02079	0.03363	0.02584	0.07051	0.13239	0.02189	0.01112	0.04162	0.01849	4e-05	0.00930	0.00011	0.01529	0.00014

[dist]
# distance from previous block
# <min> <max>
4	6

[block]
# block no. 2 follows, 3178 sequences, length 30
# corresponding to MSA columns:
# 193-196,198,200-210,216-229
name=unknown_C
#
# <colnr> <probs for GDERKNQSTAVLIFYWHMCP>
#	G	D	E	R	K	N	Q	S	T	A	V	L	I	F	Y	W	H	M	C	P
0	0.01325	0.00472	0.00229	0.03263	0.21239	0.06649	0.00518	0.27928	0.23065	0.05907	0.00295	0.00318	0.02420	0.00202	0.00012	0.00290	0.04468	0.00199	0.00645	0.00556
1	0.52444	0.00322	0.00021	0.00310	0.03284	0.01829	0.00607	0.08008	0.00363	0.25450	0.01263	0.00026	0.00019	0.00015	0.05611	4.1e-05	0.00010	8.2e-05	0.00390	0.00014
2	0.96713	0.00021	0.00016	0.00015	0.00021	0.00024	0.00012	0.01539	0.00019	0.01518	0.00016	0.00018	0.00012	0.00010	6.9e-05	3.4e-05	8.5e-05	6e-05	6.9e-05	0.00012
3	0.00020	0.00019	0.00032	0.96416	0.00073	0.00024	0.00030	0.00027	0.00022	0.00028	0.00022	0.00032	0.03187	0.00011	0.00011	3.6e-05	0.00014	0.00010	5e-05	0.00012
4	0.03411	0.09727	0.00033	0.01005	0.00033	0.84880	0.00021	0.00716	0.00030	0.00028	0.00017	0.00020	0.00014	0.00011	9.5e-05	2.8e-05	0.00018	6.9e-05	5.6e-05	0.00013
5	0.00712	0.03095	0.00615	0.00249	0.00278	0.71806	0.00641	0.10757	0.00772	0.05458	0.01905	0.00023	0.00017	0.00295	0.00270	3e-05	0.02247	0.00394	0.00447	0.00014
6	0.02840	0.00895	0.02080	0.07464	0.02265	0.15666	0.19196	0.07790	0.10421	0.03315	0.01473	0.03703	0.00023	0.01136	0.12931	5.4e-05	0.07242	0.00852	0.00687	0.00014
7	0.99694	0.00021	0.00016	0.00014	0.00021	0.00024	0.00012	0.00032	0.00019	0.00049	0.00015	0.00018	0.00012	0.00010	6.8e-05	3.4e-05	8.4e-05	5.9e-05	6.8e-05	0.00012
8	0.00776	0.01000	0.00034	0.53223	0.21790	0.00025	0.00557	0.00295	0.00299	0.00031	0.05300	0.00383	0.00428	0.00303	0.00015	3.7e-05	0.15244	0.00010	0.00271	0.00013
9	0.00015	0.00012	0.00659	0.06699	0.00695	0.00011	0.00403	0.00019	0.01466	0.00459	0.07614	0.03272	0.66630	0.00026	0.00013	3.8e-05	6.9e-05	0.11977	9.9e-05	9.9e-05
10	0.00028	0.00024	0.00025	0.00023	0.00781	0.00027	0.00017	0.05390	0.90218	0.01721	0.00590	0.00041	0.00033	0.00516	0.00011	3.7e-05	8.9e-05	0.00515	0.00011	0.00017
11	0.03200	0.00017	0.00019	0.00567	0.00318	0.00328	0.00014	0.11325	0.17336	0.05971	0.39614	0.00957	0.05365	0.00019	0.00012	3.6e-05	7.5e-05	0.08958	0.05955	0.00013
12	0.00021	0.00019	0.00457	0.93047	0.00474	0.00568	0.00561	0.00028	0.00022	0.00028	0.00020	0.00029	0.00015	0.00756	0.00012	0.02432	0.00014	9.7e-05	0.00438	0.01050
13	0.01964	0.01838	0.00030	0.08144	0.00404	0.04994	0.00863	0.00553	0.00018	0.00388	0.00018	0.00318	0.00018	0.07212	0.09002	0.00348	0.63860	0.00010	5.2e-05	0.00012
14	0.00021	0.00020	0.00033	0.43512	0.12174	0.00022	0.13763	0.00328	0.01033	0.00031	0.03394	0.01812	0.16768	0.00633	0.00013	3.7e-05	0.05030	0.01085	0.00312	0.00012
15	0.90041	0.00555	0.00018	0.00016	0.00022	0.00025	0.01906	0.00635	0.00019	0.02245	0.00017	0.00020	0.00013	0.00011	8e-05	3.4e-05	0.03183	0.01244	6.9e-05	0.00012
16	0.90391	0.00506	0.00018	0.00607	0.05758	0.00024	0.00013	0.00624	0.00019	0.00048	0.00016	0.00020	0.00013	0.00010	7.1e-05	3.4e-05	8.8e-05	0.01244	0.00656	0.00012
17	0.93555	0.00021	0.00017	0.04043	0.00716	0.00024	0.00013	0.00032	0.00716	0.00761	0.00016	0.00019	0.00012	0.00010	7e-05	3.4e-05	8.7e-05	6.2e-05	6.7e-05	0.00012
18	0.00874	0.00024	0.00531	0.00027	0.00029	0.03703	0.02025	0.01743	0.00596	0.06039	0.06037	0.00405	0.00021	0.00019	0.00738	4.5e-05	0.76479	0.00280	0.00413	0.00012
19	0.00027	0.00025	0.00043	0.07066	0.90085	0.00026	0.00033	0.00034	0.00912	0.01614	0.00021	0.00027	0.00017	9.9e-05	0.00011	3.3e-05	0.00013	9.8e-05	5.5e-05	0.00017
20	0.00023	0.00023	0.00041	0.56665	0.10335	0.00695	0.24606	0.00489	0.00777	0.00359	0.01366	0.00031	0.01449	0.00011	0.00012	3.6e-05	0.02377	0.00299	5.4e-05	0.00434
21	0.00025	0.00022	0.00033	0.11958	0.29550	0.02492	0.07160	0.02892	0.02624	0.06359	0.01252	0.17001	0.00579	0.02136	0.00404	4e-05	0.14128	0.01359	7.1e-05	0.00014
22	0.00016	0.00012	0.00017	0.00017	0.00019	0.00013	0.00013	0.00019	0.00402	0.00469	0.00678	0.03959	0.02242	0.02584	0.88434	0.00016	0.00674	0.00399	6.2e-05	9.7e-05
23	0.00021	0.00019	0.00033	0.99590	0.00075	0.00024	0.00030	0.00028	0.00022	0.00028	0.00019	0.00029	0.00015	0.00011	0.00011	3.6e-05	0.00015	9.7e-05	4.8e-05	0.00012
24	0.00015	0.00522	0.02036	0.00449	0.00495	0.00545	0.00657	0.00225	0.00696	0.00678	0.20537	0.20458	0.46646	0.03096	0.00481	4.1e-05	0.00221	0.01609	0.00620	9.7e-05
25	0.00014	0.00011	0.00012	0.00012	0.00015	9.5e-05	8.8e-05	0.00017	0.00026	0.00033	0.26333	0.01384	0.72033	0.00026	0.00013	3.6e-05	5.4e-05	0.00022	0.00011	9.5e-05
26	0.00029	0.99623	0.00057	0.00019	0.00028	0.00043	0.00019	0.00033	0.00022	0.00026	0.00015	0.00018	0.00014	9.3e-05	7e-05	2.3e-05	0.00012	5.8e-05	4.7e-05	0.00014
27	0.00016	0.00011	0.00012	0.00012	0.00012	0.00011	6.8e-05	0.00016	0.00016	0.00021	0.00719	0.01092	0.00040	0.93498	0.00784	0.03695	0.00011	0.00016	6.6e-05	6.6e-05
28	0.00584	0.00025	0.00543	0.13418	0.80681	0.00601	0.01099	0.00033	0.00289	0.00417	0.00407	0.00638	0.00018	0.00010	0.00287	3.3e-05	0.00341	9.9e-05	0.00582	0.00016
29	0.01701	0.00019	0.00032	0.97912	0.00074	0.00024	0.00030	0.00028	0.00022	0.00028	0.00019	0.00029	0.00014	0.00011	0.00011	3.6e-05	0.00014	9.6e-05	4.9e-05	0.00012

[dist]
# distance from previous block
# <min> <max>
2	3

[block]
# block no. 3 follows, 3178 sequences, length 26
# corresponding to MSA columns:
# 233,244,245,250-268,272-275
name=unknown_D
#
# <colnr> <probs for GDERKNQSTAVLIFYWHMCP>
#	G	D	E	R	K	N	Q	S	T	A	V	L	I	F	Y	W	H	M	C	P
0	0.00026	0.59268	0.02660	0.03822	0.01576	0.00991	0.00708	0.00439	0.03668	0.01035	0.02185	0.04944	0.01884	0.07946	0.01823	0.01429	0.04656	0.00438	0.00228	0.00275
1	0.56932	0.19666	0.03277	0.00018	0.00026	0.15769	0.00527	0.01628	0.00022	0.01535	0.00016	0.00019	0.00013	0.00010	7.7e-05	3.1e-05	0.00505	6.3e-05	6.2e-05	0.00013
2	0.00015	0.00375	0.00481	0.00013	0.00764	0.00010	0.00491	0.00420	0.00447	0.00983	0.32021	0.00542	0.60462	0.00025	0.00013	3.6e-05	5.8e-05	0.02907	0.00011	9.9e-05
3	0.00803	0.00648	0.06675	0.00403	0.01618	0.03199	0.01432	0.04385	0.03998	0.04454	0.03465	0.01489	0.04289	0.01670	0.00330	2.5e-05	0.00243	0.00245	7.4e-05	0.60644
4	0.18521	0.00019	0.00023	0.00018	0.00026	0.00018	0.00015	0.00049	0.00029	0.79824	0.00038	0.00034	0.00024	0.00013	0.00010	3.4e-05	9.1e-05	0.00010	0.01299	0.00017
5	0.00024	0.00319	0.02965	0.08176	0.30943	0.03792	0.00989	0.00498	0.24440	0.00302	0.13240	0.01400	0.11613	0.00597	0.00308	3.6e-05	0.00010	0.00359	8.3e-05	0.00015
6	0.00018	0.00012	0.00015	0.00014	0.00017	0.00011	0.00011	0.00022	0.00030	0.06919	0.83584	0.00081	0.09181	0.00022	0.00013	3.5e-05	5.5e-05	0.00019	0.00012	0.00011
7	0.00030	0.01685	0.37430	0.00563	0.16891	0.00917	0.02991	0.04367	0.01081	0.24844	0.04280	0.01421	0.01773	0.00456	0.00011	3.4e-05	0.00736	0.00498	7.9e-05	0.00016
8	0.02080	0.00022	0.00775	0.30740	0.00044	0.00970	0.03922	0.13993	0.18891	0.15358	0.00029	0.00032	0.00021	0.00017	0.06229	4.5e-05	0.06837	0.00011	8.3e-05	0.00015
9	0.00013	0.00011	0.00012	0.00012	0.00015	9.2e-05	8.9e-05	0.00016	0.00024	0.00030	0.05237	0.27317	0.64236	0.02184	0.00014	4e-05	5.9e-05	0.00832	0.00010	9.1e-05
10	0.00022	0.00051	0.85580	0.00030	0.00045	0.00025	0.03548	0.00855	0.00023	0.00739	0.00025	0.00029	0.06228	0.00012	0.00011	3.5e-05	0.02743	9.2e-05	5.1e-05	0.00016
11	0.00018	0.00012	0.00018	0.00018	0.00020	0.00014	0.00014	0.00022	0.00018	0.06240	0.00030	0.00042	0.00027	0.00077	0.92017	0.00016	0.01368	0.00012	6.3e-05	0.00010
12	0.00029	0.89826	0.00055	0.06236	0.00031	0.03619	0.00019	0.00033	0.00022	0.00026	0.00015	0.00018	0.00014	9.5e-05	7.3e-05	2.4e-05	0.00012	6.1e-05	4.7e-05	0.00014
13	0.00022	0.00019	0.00022	0.00016	0.00025	0.00014	0.00013	0.00027	0.00023	0.00035	0.00022	0.06240	0.00020	9.7e-05	8.4e-05	1.8e-05	8e-05	8e-05	6.7e-05	0.93460
14	0.06559	0.00047	0.00029	0.00027	0.00388	0.85079	0.00020	0.00041	0.00560	0.00365	0.00018	0.00376	0.00360	0.01123	0.00770	3.1e-05	0.02832	0.00804	0.00585	0.00012
15	0.00021	0.00019	0.00032	0.96011	0.00073	0.00024	0.00029	0.00028	0.00022	0.00028	0.00020	0.00030	0.00015	0.00011	0.00011	3.6e-05	0.00014	9.7e-05	0.03587	0.00012
16	0.00832	0.00029	0.00029	0.00024	0.00862	0.07341	0.00019	0.52020	0.38620	0.00056	0.00032	0.00031	0.00024	0.00014	0.00011	3.4e-05	0.00011	0.00011	0.00011	0.00018
17	0.00645	0.00019	0.00025	0.00019	0.00027	0.00017	0.00016	0.03947	0.00766	0.89014	0.01308	0.00037	0.00028	0.00014	0.00011	3.3e-05	9.2e-05	0.00011	0.03471	0.00613
18	0.00029	0.00033	0.00028	0.21524	0.00038	0.45364	0.00020	0.00033	0.00541	0.00026	0.00560	0.00647	0.00020	0.16753	0.04498	5.2e-05	0.09855	9.8e-05	5.6e-05	0.00011
19	0.00013	0.00011	0.00011	0.00011	0.00015	9.2e-05	8.5e-05	0.00016	0.00025	0.00030	0.05271	0.05399	0.89087	0.00028	0.00013	3.7e-05	5.5e-05	0.00023	0.00010	9.2e-05
20	0.00786	0.00019	0.00025	0.00019	0.00028	0.00017	0.00016	0.04499	0.00032	0.89937	0.00987	0.00038	0.00596	0.00014	0.00011	3.4e-05	9.3e-05	0.00859	0.02087	0.00018
21	0.00014	9.8e-05	0.00013	0.01306	0.01341	9.3e-05	0.00011	0.00016	0.00021	0.00028	0.00059	0.96994	0.00071	0.00034	0.00014	4.4e-05	6.5e-05	0.00030	0.0001	9e-05
22	0.00014	0.00011	0.00013	0.00014	0.00016	9.5e-05	9.9e-05	0.00018	0.00025	0.00984	0.34385	0.42044	0.21576	0.00028	0.00013	3.9e-05	5.8e-05	0.00808	0.00011	9.5e-05
23	0.00299	0.00257	0.02152	0.03400	0.07115	0.07209	0.04096	0.02644	0.02018	0.03992	0.08327	0.20881	0.01345	0.06106	0.06046	5.1e-05	0.17530	0.00248	0.06318	0.00012
24	0.00016	0.00012	0.00017	0.00017	0.00019	0.00014	0.00013	0.00019	0.00017	0.00025	0.00029	0.00044	0.00028	0.03423	0.96233	0.00017	0.00029	0.00012	5.9e-05	9.6e-05
25	0.00372	0.02003	0.10400	0.01474	0.14957	0.00774	0.04162	0.03005	0.06810	0.39419	0.09164	0.03198	0.00951	0.00517	0.00230	3.5e-05	0.00237	0.00291	0.00229	0.01806

[dist]
# distance from previous block
# <min> <max>
1	6

[block]
# block no. 4 follows, 3178 sequences, length 20
# corresponding to MSA columns:
# 282-301
name=unknown_E
#
# <colnr> <probs for GDERKNQSTAVLIFYWHMCP>
#	G	D	E	R	K	N	Q	S	T	A	V	L	I	F	Y	W	H	M	C	P
0	0.93775	0.00967	0.00877	0.00016	0.01712	0.00751	0.00818	0.00917	0.00019	0.00048	0.00015	0.00018	0.00012	0.00010	7e-05	3.4e-05	8.8e-05	6.1e-05	6.7e-05	0.00012
1	0.00351	0.01277	0.77676	0.00030	0.01465	0.00560	0.02154	0.01560	0.03700	0.02960	0.04978	0.00404	0.00914	0.00860	0.00349	3.6e-05	0.00388	9.3e-05	0.00346	0.00016
2	0.00024	0.00022	0.00038	0.24857	0.55472	0.00023	0.03944	0.00030	0.00023	0.00033	0.00625	0.08239	0.00023	0.01576	0.02172	0.00624	0.00499	0.00656	0.01109	0.00015
3	0.00500	0.00021	0.00031	0.64752	0.01531	0.00607	0.00652	0.12180	0.01888	0.14884	0.00682	0.00491	0.00018	0.00012	0.00011	3.6e-05	0.01155	0.00010	0.00556	0.00014
4	0.00016	0.00012	0.00017	0.00017	0.00019	0.00014	0.00013	0.00019	0.00017	0.00025	0.00029	0.00044	0.00028	0.02727	0.96929	0.00017	0.00029	0.00012	5.9e-05	9.7e-05
5	0.00013	0.00011	0.00012	0.00012	0.00015	9.6e-05	8.7e-05	0.00017	0.01472	0.00030	0.05005	0.00103	0.91148	0.00027	0.00013	3.7e-05	5.6e-05	0.02075	0.00010	9.4e-05
6	0.00013	0.00010	0.00012	0.00013	0.00016	9.2e-05	9.4e-05	0.00016	0.00023	0.00029	0.03414	0.52540	0.42043	0.00031	0.00013	4e-05	6e-05	0.00027	0.00010	0.01760
7	0.01126	0.00019	0.00620	0.00020	0.00028	0.00600	0.00856	0.02056	0.00632	0.88531	0.00041	0.00438	0.00027	0.00768	0.00527	0.00602	0.01931	0.00404	0.00755	0.00018
8	0.00024	0.00020	0.00023	0.00017	0.00026	0.00537	0.01803	0.00868	0.02846	0.06097	0.01101	0.00599	0.00751	9.4e-05	8.7e-05	1.9e-05	8.4e-05	0.01129	7.2e-05	0.84121
9	0.00394	0.05979	0.05191	0.05817	0.39826	0.11511	0.17546	0.01525	0.00580	0.03391	0.02900	0.03064	0.00528	0.00012	0.00450	3.4e-05	0.01251	0.00011	6.1e-05	0.00015
10	0.69654	0.03114	0.01412	0.12751	0.04938	0.05048	0.00478	0.00712	0.00685	0.00632	0.00017	0.00020	0.00013	0.00010	7.9e-05	3.4e-05	0.00480	6.8e-05	6.4e-05	0.00012
11	0.00015	0.00010	0.00014	0.00015	0.00017	9.7e-05	0.00702	0.00017	0.00659	0.01422	0.07948	0.69810	0.08427	0.01500	0.00014	4.4e-05	6.7e-05	0.09388	0.00010	9.3e-05
12	0.02896	0.00566	0.08187	0.01813	0.38677	0.02651	0.09365	0.08325	0.07684	0.09300	0.03805	0.02862	0.00024	0.00320	0.01644	3.7e-05	0.01097	0.00443	7.4e-05	0.00329
13	0.00023	0.01212	0.00885	0.00717	0.02150	0.00685	0.08762	0.00554	0.01093	0.16545	0.60319	0.00460	0.05218	0.00019	0.00012	3.4e-05	7.6e-05	0.00017	0.00011	0.01308
14	0.92831	0.02374	0.00752	0.00748	0.00022	0.01378	0.00013	0.00982	0.00019	0.00048	0.00015	0.00018	0.00012	0.00010	7.1e-05	3.4e-05	0.00742	6e-05	6.7e-05	0.00012
15	0.00398	0.52631	0.00774	0.00025	0.00428	0.00873	0.20887	0.03718	0.04846	0.06175	0.00526	0.00490	0.00021	0.00012	0.00383	3.1e-05	0.00432	0.07358	6.4e-05	0.00014
16	0.00025	0.00024	0.07897	0.08100	0.18981	0.01242	0.08407	0.05253	0.20229	0.03545	0.11488	0.01680	0.05065	0.00737	0.01088	0.00481	0.00606	0.02543	8.3e-05	0.02601
17	0.00014	0.00011	0.00013	0.00013	0.00016	9.7e-05	9.6e-05	0.00018	0.00028	0.00037	0.53290	0.11669	0.34781	0.00026	0.00013	3.6e-05	5.4e-05	0.00022	0.00011	9.7e-05
18	0.00395	0.00350	0.17212	0.01356	0.00585	0.00503	0.09617	0.02556	0.01157	0.00982	0.23344	0.04641	0.20675	0.01328	0.01315	4.1e-05	0.00419	0.13540	8.9e-05	0.00012
19	0.00042	0.00030	0.00031	0.00024	0.00033	0.08578	0.01018	0.66525	0.01817	0.20886	0.00029	0.00028	0.00020	0.00013	0.00011	3.3e-05	0.00012	9.9e-05	0.00873	0.00018

[dist]
# distance from previous block
# <min> <max>
2	8

[block]
# block no. 5 follows, 3178 sequences, length 48
# corresponding to MSA columns:
# 314-346,355-359,378-387
name=unknown_F
#
# <colnr> <probs for GDERKNQSTAVLIFYWHMCP>
#	G	D	E	R	K	N	Q	S	T	A	V	L	I	F	Y	W	H	M	C	P
0	0.11836	0.21715	0.17308	0.00915	0.08867	0.17313	0.03282	0.03874	0.03676	0.03483	0.00359	0.02873	0.00526	0.00796	0.00874	3.3e-05	0.00907	0.01228	6.3e-05	0.00159
1	0.00041	0.00019	0.00024	0.00019	0.00026	0.02193	0.00247	0.11659	0.02613	0.63076	0.16848	0.00410	0.02079	0.00015	0.00011	3.4e-05	9e-05	0.00013	0.00259	0.00435
2	0.00029	0.44831	0.10597	0.00020	0.00458	0.00029	0.00949	0.01506	0.01412	0.12744	0.00307	0.00223	0.00216	9.9e-05	8.4e-05	2.5e-05	0.00011	0.00211	6.5e-05	0.26428
3	0.00015	0.00012	0.00013	0.00012	0.00017	0.00010	9.4e-05	0.00019	0.00811	0.01141	0.08775	0.02188	0.65708	0.04905	0.02553	4.1e-05	6.8e-05	0.00270	9.6e-05	0.13520
4	0.00026	0.01022	0.14240	0.08528	0.63660	0.02473	0.01881	0.01137	0.01201	0.00648	0.02329	0.01665	0.00492	0.00011	0.00011	3.3e-05	0.00417	0.00234	5.7e-05	0.00016
5	0.00021	0.01301	0.01478	0.00194	0.00401	0.00622	0.00012	0.01665	0.04374	0.07230	0.32619	0.03734	0.15186	0.00018	0.00011	2.9e-05	7.1e-05	0.00235	9.7e-05	0.30880
6	0.97897	0.00021	0.00016	0.00014	0.00021	0.00024	0.00012	0.00032	0.00019	0.01843	0.00016	0.00018	0.00012	0.00010	6.8e-05	3.4e-05	8.5e-05	6e-05	6.9e-05	0.00012
7	0.00040	0.00928	0.00031	0.00027	0.00033	0.94911	0.00021	0.00848	0.00031	0.00027	0.00017	0.00020	0.00015	0.00011	9.8e-05	2.8e-05	0.00019	7.1e-05	0.02988	0.00013
8	0.00039	0.00022	0.00024	0.01299	0.00027	0.09890	0.00261	0.07299	0.12505	0.50132	0.01436	0.00036	0.00027	0.00013	0.00010	3.2e-05	0.00293	0.00011	0.16656	0.00016
9	0.00337	0.00011	0.00014	0.00217	0.00413	0.00010	0.00012	0.00018	0.01193	0.00839	0.00058	0.72287	0.00416	0.00803	0.01334	4.7e-05	7.6e-05	0.21765	0.00252	9.3e-05
10	0.00023	0.00021	0.02906	0.00406	0.04446	0.00158	0.02716	0.00850	0.02148	0.01968	0.00207	0.01138	0.00184	0.01282	0.00367	2.1e-05	0.00552	0.00412	6.7e-05	0.80206
11	0.00014	0.00010	0.00013	0.00015	0.00016	9.4e-05	0.00011	0.00439	0.00333	0.00029	0.00778	0.78551	0.09232	0.01997	0.00015	4.5e-05	6.7e-05	0.08508	0.00010	9e-05
12	0.08521	0.00646	0.07552	0.29064	0.18472	0.00429	0.02863	0.16337	0.00667	0.08487	0.00427	0.02098	0.01734	0.00177	0.00502	0.00134	0.00959	0.00752	0.00162	0.00015
13	0.01724	0.06062	0.03294	0.02127	0.08055	0.51658	0.03658	0.07811	0.00549	0.03329	0.01414	0.02008	0.01465	0.02971	0.01488	3.5e-05	0.00686	0.01413	0.00272	0.00014
14	0.00014	0.00011	0.00012	0.00012	0.00016	9.7e-05	9.7e-05	0.00017	0.00025	0.00598	0.03125	0.01222	0.80594	0.00834	0.00014	3.9e-05	6.2e-05	0.13457	0.00010	9.4e-05
15	0.00023	0.00019	0.00023	0.00737	0.00026	0.00015	0.00013	0.00027	0.00023	0.00035	0.00020	0.00023	0.00016	9e-05	0.01287	1.8e-05	8.4e-05	6.6e-05	6.4e-05	0.97681
16	0.00017	0.00500	0.02983	0.00015	0.00019	0.00184	0.00422	0.00901	0.03845	0.03344	0.52684	0.21809	0.06823	0.00721	0.00013	3.6e-05	6.4e-05	0.00814	0.00011	0.04884
17	0.97603	0.00021	0.00016	0.00015	0.00021	0.00025	0.00012	0.02119	0.00019	0.00049	0.00015	0.00018	0.00012	0.00010	6.8e-05	3.4e-05	8.5e-05	6e-05	6.8e-05	0.00012
18	0.00239	0.00024	0.00263	0.00566	0.00715	0.00027	0.00643	0.18430	0.70284	0.01248	0.01250	0.02214	0.00243	0.02057	0.01291	4e-05	9.6e-05	0.00465	0.00011	0.00017
19	0.00464	0.01670	0.02313	0.01132	0.01775	0.03413	0.02898	0.04411	0.25336	0.01236	0.21378	0.06491	0.19979	0.03669	0.00268	0.00148	8.5e-05	0.02513	0.00010	0.00888
20	0.00014	0.00011	0.00013	0.00013	0.00016	9.8e-05	9.4e-05	0.00018	0.00028	0.00037	0.50227	0.05251	0.43009	0.00025	0.00013	3.6e-05	5.4e-05	0.00581	0.00706	9.8e-05
21	0.00025	0.00024	0.00033	0.00028	0.00029	0.01308	0.00023	0.04494	0.00019	0.00028	0.00015	0.00025	0.00015	0.00019	0.01402	4.8e-05	0.90590	9.6e-05	0.01897	0.00012
22	0.01856	0.00040	0.00026	0.00024	0.00029	0.68796	0.00018	0.00858	0.00029	0.09861	0.00023	0.00026	0.00018	0.00012	9.5e-05	2.8e-05	0.00016	0.00384	0.17959	0.00013
23	0.00014	0.00011	0.00013	0.00012	0.00015	9.7e-05	9.2e-05	0.00018	0.00027	0.00036	0.43389	0.01562	0.54252	0.00025	0.00013	3.6e-05	5.4e-05	0.00564	0.00011	9.7e-05
24	0.00022	0.00056	0.99560	0.00031	0.00047	0.00025	0.00040	0.00035	0.00023	0.00035	0.00020	0.00023	0.00014	0.00010	0.00010	3.5e-05	0.00016	8.1e-05	4.6e-05	0.00016
25	0.00611	0.00011	0.00014	0.00016	0.00018	0.00010	0.00012	0.00018	0.00564	0.00286	0.00630	0.67900	0.02548	0.01468	0.00266	4.7e-05	7.4e-05	0.25598	0.00010	9.2e-05
26	0.00024	0.00023	0.02260	0.19525	0.44811	0.01976	0.07137	0.00626	0.04569	0.00706	0.04523	0.03838	0.02335	0.00188	0.04948	4.2e-05	0.01699	0.00788	6.3e-05	0.00015
27	0.00023	0.00019	0.01526	0.00677	0.01156	0.00015	0.00681	0.00248	0.00285	0.04186	0.02450	0.02088	0.07241	0.00011	8.9e-05	2e-05	8.1e-05	0.00194	7.2e-05	0.79174
28	0.92139	0.00228	0.01002	0.00535	0.01187	0.01045	0.00339	0.00725	0.00019	0.00320	0.00016	0.00554	0.00013	0.00468	7.4e-05	3.4e-05	0.00653	0.00554	0.00181	0.00012
29	0.07666	0.00025	0.00268	0.12866	0.62101	0.01630	0.08553	0.02949	0.00025	0.02276	0.00021	0.00027	0.00017	0.00010	0.00011	3.3e-05	0.01000	9.7e-05	0.00527	0.00016
30	0.99694	0.00021	0.00016	0.00014	0.00021	0.00024	0.00012	0.00032	0.00019	0.00049	0.00015	0.00018	0.00012	0.00010	6.8e-05	3.4e-05	8.4e-05	5.9e-05	6.8e-05	0.00012
31	0.57224	0.00020	0.00020	0.00017	0.00024	0.00021	0.00014	0.00897	0.00024	0.41604	0.00027	0.00026	0.00018	0.00012	8.5e-05	3.4e-05	8.8e-05	8.1e-05	9.6e-05	0.00015
32	0.00026	0.00028	0.01973	0.00302	0.16943	0.00592	0.68200	0.00435	0.00581	0.03415	0.03442	0.01121	0.02662	0.00213	0.00012	3.6e-05	0.00016	0.00013	6.2e-05	0.00015
33	0.00014	0.00011	0.00013	0.00015	0.00017	9.7e-05	0.00011	0.00017	0.00023	0.00549	0.02049	0.44845	0.32608	0.01830	0.00610	4.5e-05	6.9e-05	0.17348	0.00010	9.2e-05
34	0.02708	0.00016	0.00021	0.00017	0.00023	0.00014	0.00014	0.01033	0.00439	0.58807	0.30984	0.00429	0.02474	0.00017	0.00011	3.4e-05	7.8e-05	0.00279	0.02686	0.00015
35	0.00021	0.00019	0.00033	0.98136	0.00809	0.00024	0.00030	0.00028	0.00022	0.00028	0.00020	0.00749	0.00015	0.00011	0.00011	3.6e-05	0.00014	9.9e-05	4.9e-05	0.00012
36	0.01171	0.00028	0.00031	0.00024	0.00032	0.00031	0.00020	0.78669	0.04883	0.14503	0.00029	0.00028	0.00020	0.00013	0.00011	3.3e-05	0.00011	0.00010	0.00462	0.00018
37	0.00049	0.00019	0.00025	0.00019	0.00028	0.00016	0.00016	0.01111	0.00031	0.98498	0.00043	0.00037	0.00027	0.00013	0.00011	3.4e-05	9.3e-05	0.00011	0.00013	0.00019
38	0.98623	0.00021	0.00016	0.00014	0.00021	0.00024	0.00012	0.00032	0.00019	0.01118	0.00015	0.00018	0.00012	0.00010	6.8e-05	3.4e-05	8.4e-05	6e-05	6.8e-05	0.00012
39	0.05181	0.00023	0.00254	0.00021	0.00028	0.04720	0.00852	0.13576	0.35623	0.31565	0.03570	0.02786	0.00307	0.00015	0.00011	3.5e-05	9.7e-05	0.00649	0.00790	0.00017
40	0.04141	0.00249	0.01527	0.00528	0.00223	0.00190	0.01253	0.43906	0.01127	0.06227	0.01549	0.00646	0.00026	0.12514	0.24574	0.00242	0.00301	0.00599	0.00164	0.00014
41	0.03163	0.00017	0.00022	0.00018	0.00024	0.00015	0.00014	0.00637	0.00497	0.67683	0.18593	0.01146	0.06698	0.00016	0.00011	3.4e-05	8.2e-05	0.00013	0.01405	0.00016
42	0.00025	0.00527	0.02332	0.02989	0.00390	0.00250	0.79413	0.00310	0.04244	0.00035	0.04739	0.01486	0.00775	0.00011	0.00013	3.7e-05	0.00017	0.02420	6.2e-05	0.00014
43	0.00014	0.00010	0.00013	0.00014	0.00016	9.3e-05	9.8e-05	0.00016	0.00023	0.00031	0.17616	0.58181	0.20815	0.01697	0.00412	4.3e-05	6.2e-05	0.01094	0.00010	9.2e-05
44	0.00018	0.00013	0.00017	0.00293	0.00020	0.01025	0.02154	0.01168	0.03887	0.04280	0.32990	0.24016	0.08158	0.00973	0.00014	4.1e-05	7.4e-05	0.20942	0.00011	0.00011
45	0.31100	0.00362	0.00429	0.00018	0.00026	0.01987	0.00015	0.05399	0.00833	0.59367	0.00339	0.00030	0.00022	0.00012	9.6e-05	3.4e-05	9.4e-05	9.3e-05	0.00011	0.00016
46	0.00024	0.00023	0.00038	0.42678	0.46707	0.00453	0.01784	0.02321	0.00251	0.00282	0.02512	0.00605	0.00505	0.00552	0.00186	3.5e-05	0.00884	0.00010	0.00168	0.00015
47	0.00370	0.33025	0.60696	0.00236	0.00281	0.00472	0.00277	0.01632	0.01627	0.00602	0.00188	0.00022	0.00180	0.00175	0.00171	3.1e-05	0.00014	7.5e-05	4.9e-05	0.00015

[dist]
# distance from previous block
# <min> <max>
0	2

[block]
# block no. 6 follows, 3178 sequences, length 71
# corresponding to MSA columns:
# 390-409,411-438,447-457,460-471
name=unknown_G
#
# <colnr> <probs for GDERKNQSTAVLIFYWHMCP>
#	G	D	E	R	K	N	Q	S	T	A	V	L	I	F	Y	W	H	M	C	P
0	0.73172	0.04805	0.02976	0.03076	0.01991	0.01776	0.04398	0.02120	0.00244	0.02776	0.00128	0.00127	0.00013	0.00010	0.00141	3.4e-05	0.01048	6.8e-05	0.00580	0.00609
1	0.16579	0.15733	0.03681	0.03910	0.29527	0.07276	0.01203	0.06947	0.03320	0.05303	0.02948	0.00333	0.02082	0.00106	9.7e-05	3.2e-05	0.00112	0.00138	6.8e-05	0.00782
2	0.00016	0.00166	0.00018	0.01589	0.01049	0.00575	0.00237	0.00260	0.00205	0.00143	0.00031	0.00564	0.00030	0.03692	0.80279	0.01735	0.01779	0.07616	6.2e-05	9.8e-05
3	0.00466	0.00016	0.00020	0.00017	0.00023	0.00014	0.00014	0.00754	0.02579	0.52893	0.37342	0.00056	0.02047	0.00017	0.00012	3.4e-05	7.5e-05	0.00408	0.03297	0.00015
4	0.00021	0.00019	0.00027	0.00023	0.00028	0.00585	0.18445	0.01511	0.31147	0.01070	0.07176	0.19180	0.13883	0.00816	0.00388	4e-05	0.03443	0.02208	9.5e-05	0.00013
5	0.00014	0.00010	0.00013	0.00014	0.00016	9.4e-05	9.8e-05	0.00017	0.00025	0.00033	0.29269	0.49872	0.20228	0.00029	0.00013	4e-05	5.8e-05	0.00398	0.00011	9.4e-05
6	0.00187	0.00022	0.01405	0.71384	0.22995	0.01011	0.00242	0.00192	0.00985	0.00030	0.00440	0.01024	0.00016	0.00011	0.00011	3.5e-05	0.00014	9.9e-05	5.1e-05	0.00013
7	0.00014	0.00010	0.00013	0.00016	0.00017	9.5e-05	0.00011	0.00016	0.00022	0.00029	0.00059	0.81988	0.00070	0.01136	0.00015	4.6e-05	7e-05	0.16543	0.00010	9e-05
8	0.01290	0.00023	0.00028	0.20036	0.02435	0.07819	0.04064	0.06284	0.01649	0.01813	0.00161	0.00162	0.00017	9.8e-05	9.5e-05	2.5e-05	0.00584	0.00464	0.00137	0.53012
9	0.00041	0.00031	0.00033	0.00025	0.00034	0.00034	0.00021	0.99512	0.00051	0.00069	0.00026	0.00026	0.00019	0.00013	0.00011	3.3e-05	0.00012	9.8e-05	0.00011	0.00019
10	0.91513	0.00022	0.00336	0.00269	0.01333	0.00262	0.00013	0.04060	0.02039	0.00049	0.00016	0.00019	0.00013	0.00010	7.1e-05	3.4e-05	8.7e-05	6.3e-05	7e-05	0.00012
11	0.00022	0.00056	0.98382	0.00031	0.00047	0.00025	0.00040	0.00035	0.00628	0.00607	0.00020	0.00023	0.00014	0.00010	0.00010	3.5e-05	0.00016	8.1e-05	4.7e-05	0.00016
12	0.00216	0.00014	0.00375	0.00805	0.00022	0.00194	0.07898	0.00895	0.08085	0.00299	0.33276	0.09389	0.13916	0.02207	0.00211	4.1e-05	8.1e-05	0.22162	0.00010	0.00011
13	0.00021	0.00019	0.00033	0.99590	0.00075	0.00024	0.00030	0.00028	0.00022	0.00028	0.00019	0.00029	0.00015	0.00011	0.00011	3.6e-05	0.00015	9.7e-05	4.8e-05	0.00012
14	0.00021	0.00018	0.00240	0.15436	0.28343	0.02612	0.02313	0.00260	0.00023	0.00900	0.01101	0.20134	0.00375	0.00825	0.06179	4.9e-05	0.00268	0.20927	7.5e-05	0.00012
15	0.00015	0.00011	0.00013	0.00013	0.00016	0.00010	9.6e-05	0.00019	0.00456	0.00324	0.61632	0.02759	0.32081	0.02340	0.00014	3.7e-05	5.5e-05	0.00257	0.00011	9.9e-05
16	0.00021	0.05032	0.02635	0.16665	0.00456	0.04149	0.02390	0.02286	0.00022	0.00283	0.00209	0.35222	0.00250	0.01683	0.00506	4.1e-05	0.19735	0.00726	0.00234	0.07491
17	0.10979	0.01123	0.05356	0.02602	0.05024	0.00622	0.03070	0.18984	0.01654	0.16433	0.12289	0.07873	0.11803	0.00108	0.00011	3.5e-05	0.00346	0.01042	0.00308	0.00369
18	0.01916	0.15602	0.29195	0.08415	0.04723	0.07620	0.00506	0.06580	0.15775	0.05083	0.01909	0.01034	0.00790	0.00012	0.00010	3.3e-05	0.00181	0.00446	0.00184	0.00015
19	0.01144	0.00011	0.00011	0.00011	0.00013	0.00927	8e-05	0.00717	0.00023	0.00600	0.00035	0.00909	0.00028	0.00013	7.7e-05	2.6e-05	5.3e-05	0.00010	0.95515	0.00010
20	0.00020	0.00017	0.00028	0.52953	0.07437	0.00020	0.00375	0.01842	0.01224	0.00275	0.00921	0.03786	0.01308	0.02741	0.11115	0.00135	0.00150	0.14820	0.00820	0.00012
21	0.02390	0.00019	0.00025	0.00019	0.00028	0.00016	0.00016	0.00052	0.00031	0.96028	0.00631	0.00037	0.00027	0.00013	0.00011	3.4e-05	9.2e-05	0.00011	0.00616	0.00018
22	0.00028	0.00023	0.00025	0.00022	0.00028	0.00027	0.00017	0.06004	0.88941	0.00558	0.02923	0.00042	0.00035	0.00015	0.00011	3.7e-05	8.7e-05	0.00800	0.00472	0.00017
23	0.00014	0.00011	0.00012	0.00012	0.00015	9.5e-05	9e-05	0.00017	0.00026	0.00033	0.29150	0.07813	0.60784	0.01392	0.00277	3.8e-05	5.6e-05	0.00396	0.00011	9.5e-05
24	0.99694	0.00021	0.00016	0.00014	0.00021	0.00024	0.00012	0.00032	0.00019	0.00049	0.00015	0.00018	0.00012	0.00010	6.8e-05	3.4e-05	8.4e-05	5.9e-05	6.8e-05	0.00012
25	0.00262	0.00033	0.31445	0.01366	0.00834	0.00164	0.20636	0.08595	0.07010	0.16857	0.09289	0.00175	0.02659	0.00136	0.00011	3.5e-05	0.00013	0.00486	8.2e-05	0.00016
26	0.00015	0.00011	0.00014	0.00014	0.00016	0.00010	0.00010	0.00020	0.00694	0.00042	0.88799	0.02053	0.06553	0.00023	0.00013	3.5e-05	5.2e-05	0.00372	0.01321	0.00010
27	0.63972	0.00024	0.00022	0.00018	0.00026	0.00028	0.00015	0.34530	0.00030	0.00838	0.00019	0.00021	0.00014	0.00011	8.2e-05	3.3e-05	9.7e-05	7.3e-05	0.00389	0.00014
28	0.00040	0.00051	0.00031	0.00854	0.00034	0.97713	0.00021	0.00043	0.00031	0.00329	0.00017	0.00448	0.00014	0.00011	9.9e-05	2.8e-05	0.00324	7.2e-05	5.7e-05	0.00013
29	0.04414	0.02953	0.16802	0.00265	0.01928	0.00244	0.02853	0.17636	0.02349	0.18228	0.05945	0.06736	0.05991	0.00015	0.00114	3.2e-05	0.00485	0.00012	9e-05	0.13018
30	0.00280	0.41365	0.45084	0.00027	0.00514	0.00315	0.07706	0.00964	0.02392	0.00031	0.00243	0.00022	0.00015	0.00179	0.00154	3e-05	0.00477	0.00208	5e-05	0.00015
31	0.00025	0.00175	0.00035	0.00603	0.00408	0.07115	0.07647	0.01423	0.00019	0.01823	0.00737	0.00257	0.00548	0.00210	0.03218	0.00208	0.75359	0.00173	5.3e-05	0.00012
32	0.07262	0.00603	0.19344	0.04151	0.04139	0.08324	0.07233	0.21796	0.00588	0.08033	0.00806	0.00683	0.01763	0.00891	0.00012	3.7e-05	0.00013	0.14333	8.1e-05	0.00015
33	0.00026	0.00356	0.00022	0.00022	0.01054	0.44791	0.00229	0.00886	0.01488	0.00028	0.00041	0.47900	0.02865	0.00023	0.00012	3.6e-05	0.00215	0.00019	8e-05	0.00011
34	0.00018	0.00018	0.07845	0.17793	0.02445	0.00016	0.04755	0.00187	0.04777	0.00591	0.20984	0.05683	0.33159	0.00316	0.00012	3.6e-05	8.9e-05	0.00346	0.01031	0.00011
35	0.00031	0.00720	0.02478	0.06047	0.11000	0.25869	0.05843	0.20179	0.05432	0.00923	0.17171	0.01227	0.01337	0.00014	0.00011	3.3e-05	0.00865	0.00548	0.00288	0.00014
36	0.01085	0.04688	0.01120	0.00016	0.00522	0.01000	0.00012	0.07508	0.00024	0.00918	0.03295	0.39659	0.26580	0.02574	0.03183	0.06063	0.01055	0.00677	9.2e-05	0.00010
37	0.95633	0.00021	0.00016	0.00015	0.00021	0.00024	0.00012	0.00863	0.00019	0.03274	0.00016	0.00018	0.00012	0.00010	6.9e-05	3.4e-05	8.5e-05	6.1e-05	7e-05	0.00012
38	0.00027	0.00026	0.00044	0.00066	0.98074	0.00632	0.00033	0.00902	0.00025	0.00036	0.00021	0.00027	0.00017	9.8e-05	0.00011	3.2e-05	0.00013	9.7e-05	5.5e-05	0.00017
39	0.00049	0.00019	0.00025	0.00019	0.00028	0.00016	0.00016	0.00053	0.00031	0.99556	0.00043	0.00037	0.00027	0.00014	0.00011	3.4e-05	9.3e-05	0.00011	0.00014	0.00019
40	0.99694	0.00021	0.00016	0.00014	0.00021	0.00024	0.00012	0.00032	0.00019	0.00049	0.00015	0.00018	0.00012	0.00010	6.8e-05	3.4e-05	8.4e-05	5.9e-05	6.8e-05	0.00012
41	0.00158	0.00019	0.00032	0.74206	0.04478	0.00023	0.00027	0.00161	0.00480	0.18512	0.00859	0.00031	0.00233	0.00012	0.00011	0.00234	0.00230	0.00010	0.00138	0.00147
42	0.00231	0.00031	0.00224	0.02387	0.21477	0.19934	0.00511	0.31390	0.10503	0.05508	0.01230	0.00201	0.00420	0.00013	0.00011	3.3e-05	0.00327	0.05454	8.6e-05	0.00133
43	0.00021	0.00019	0.00032	0.98057	0.00074	0.00024	0.00030	0.00028	0.00022	0.00028	0.01552	0.00030	0.00016	0.00011	0.00011	3.6e-05	0.00014	9.9e-05	5e-05	0.00012
44	0.00020	0.00012	0.00018	0.00462	0.00503	0.00673	0.00204	0.00017	0.00015	0.00020	0.00019	0.00392	0.00019	0.00462	0.03010	0.79370	0.14766	9.7e-05	4.8e-05	6.1e-05
45	0.00019	0.00016	0.00024	0.21147	0.17336	0.00234	0.01678	0.00181	0.00183	0.00909	0.00284	0.41958	0.00407	0.00335	0.00591	4.2e-05	0.00758	0.13916	8e-05	0.00011
46	0.96026	0.00022	0.00017	0.00710	0.00290	0.01735	0.00012	0.00494	0.00019	0.00300	0.00015	0.00018	0.00012	0.00010	7e-05	3.4e-05	0.00285	6e-05	6.7e-05	0.00012
47	0.00019	0.00017	0.00025	0.25299	0.18110	0.00571	0.01822	0.00325	0.00131	0.00139	0.17920	0.00222	0.27999	0.01823	0.00014	0.04451	0.00562	0.00419	0.00121	0.00012
48	0.00021	0.00020	0.00033	0.94738	0.03954	0.00024	0.00030	0.00028	0.00556	0.00028	0.00020	0.00029	0.00015	0.00011	0.00011	3.6e-05	0.00014	9.7e-05	0.00443	0.00012
49	0.00394	0.00019	0.00023	0.00016	0.00026	0.00015	0.00013	0.00638	0.00023	0.00036	0.00020	0.00023	0.00016	8.2e-05	8.1e-05	1.7e-05	8.1e-05	0.00579	6.5e-05	0.98127
50	0.00831	0.00024	0.01446	0.08502	0.06605	0.00232	0.03017	0.04343	0.49252	0.01313	0.00432	0.02683	0.00278	0.00016	0.00473	3.9e-05	0.20151	0.00375	8.6e-05	0.00015
51	0.00019	0.00016	0.00017	0.00016	0.00019	0.07451	0.00763	0.01691	0.09382	0.00043	0.79473	0.00072	0.00700	0.00021	0.00012	3.4e-05	6.8e-05	0.00018	0.00011	0.00265
52	0.00021	0.00020	0.00033	0.98376	0.00075	0.00759	0.00030	0.00028	0.00022	0.00028	0.00019	0.00029	0.00015	0.00011	0.00011	3.6e-05	0.00015	9.7e-05	0.00485	0.00012
53	0.95662	0.00021	0.00016	0.00014	0.00021	0.00024	0.00012	0.00032	0.00019	0.02391	0.00016	0.00018	0.00012	0.00010	6.9e-05	3.3e-05	8.5e-05	6e-05	6.9e-05	0.01698
54	0.00025	0.00018	0.00021	0.00213	0.00290	0.00019	0.00014	0.26571	0.12298	0.02172	0.51874	0.01415	0.00444	0.00019	0.00012	3.5e-05	7.8e-05	0.04557	0.00011	0.00014
55	0.00033	0.00015	0.00021	0.00752	0.00023	0.00014	0.00014	0.01032	0.01347	0.51348	0.44209	0.00057	0.00674	0.00017	0.00012	3.4e-05	7.5e-05	0.00015	0.00392	0.00015
56	0.00018	0.00013	0.00019	0.00022	0.02670	0.00013	0.01226	0.00023	0.00025	0.00033	0.00056	0.00119	0.00061	0.00029	0.00015	5e-05	0.00010	0.95622	9.9e-05	0.00010
57	0.00041	0.00921	0.00031	0.00028	0.00034	0.96959	0.00021	0.01402	0.00415	0.00027	0.00017	0.00020	0.00014	0.00011	9.8e-05	2.8e-05	0.00019	7.1e-05	5.7e-05	0.00013
58	0.00023	0.00019	0.00023	0.00016	0.00026	0.00015	0.00013	0.00700	0.00023	0.01029	0.00020	0.00023	0.00016	8.2e-05	8.1e-05	1.6e-05	8.1e-05	6.5e-05	6.6e-05	0.98015
59	0.00891	0.00018	0.00017	0.00748	0.00020	0.16770	0.00012	0.00220	0.00233	0.00593	0.66858	0.00071	0.10110	0.00020	0.00012	3.3e-05	0.00570	0.00017	0.02806	0.00011
60	0.00030	0.96212	0.00056	0.00019	0.00028	0.01315	0.00019	0.00902	0.00023	0.01293	0.00016	0.00018	0.00014	9.4e-05	7.1e-05	2.4e-05	0.00012	5.9e-05	4.8e-05	0.00014
61	0.00024	0.00024	0.00033	0.00029	0.00029	0.00033	0.00024	0.00026	0.00017	0.00026	0.00014	0.00024	0.00014	0.00019	0.00036	4.8e-05	0.99597	9.5e-05	4.8e-05	0.00012
62	0.00023	0.00019	0.00023	0.00016	0.00026	0.00015	0.00013	0.00028	0.00023	0.01022	0.00020	0.00023	0.00016	8.1e-05	8.1e-05	1.6e-05	8.1e-05	6.5e-05	6.5e-05	0.98696
63	0.00023	0.00022	0.00030	0.00027	0.00027	0.01095	0.00022	0.00025	0.00018	0.00027	0.00023	0.04107	0.00024	0.00021	0.00032	4.8e-05	0.79744	0.14711	5.8e-05	0.00012
64	0.99694	0.00021	0.00016	0.00014	0.00021	0.00024	0.00012	0.00032	0.00019	0.00049	0.00015	0.00018	0.00012	0.00010	6.8e-05	3.4e-05	8.4e-05	5.9e-05	6.8e-05	0.00012
65	0.99694	0.00021	0.00016	0.00014	0.00021	0.00024	0.00012	0.00032	0.00019	0.00049	0.00015	0.00018	0.00012	0.00010	6.8e-05	3.4e-05	8.4e-05	5.9e-05	6.8e-05	0.00012
66	0.98948	0.00021	0.00016	0.00014	0.00021	0.00024	0.00012	0.00032	0.00019	0.00793	0.00015	0.00018	0.00012	0.00010	6.8e-05	3.4e-05	8.4e-05	5.9e-05	6.8e-05	0.00012
67	0.00391	0.00056	0.97524	0.00031	0.00047	0.00025	0.00984	0.00034	0.00023	0.00035	0.00743	0.00024	0.00014	0.00010	0.00010	3.5e-05	0.00016	8.2e-05	4.7e-05	0.00016
68	0.96538	0.00021	0.00016	0.00014	0.00021	0.00024	0.00012	0.00756	0.00019	0.01205	0.00016	0.00018	0.00012	0.00010	6.8e-05	3.4e-05	8.4e-05	6e-05	0.01281	0.00012
69	0.00023	0.00022	0.00037	0.62243	0.35097	0.00025	0.00031	0.00500	0.00023	0.00596	0.00020	0.00458	0.00016	0.00011	0.00011	3.5e-05	0.00416	9.8e-05	0.00444	0.00014
70	0.01319	0.00026	0.00028	0.00330	0.00658	0.09325	0.03666	0.19586	0.38609	0.23527	0.00036	0.00034	0.00026	0.00014	0.00011	3.5e-05	0.01540	0.00011	0.01233	0.00017

[dist]
# distance from previous block
# <min> <max>
4	8

[block]
# block no. 7 follows, 3178 sequences, length 9
# corresponding to MSA columns:
# 481,492-499
name=unknown_H
#
# <colnr> <probs for GDERKNQSTAVLIFYWHMCP>
#	G	D	E	R	K	N	Q	S	T	A	V	L	I	F	Y	W	H	M	C	P
0	0.00025	0.00021	0.00026	0.00019	0.00028	0.00018	0.03653	0.05515	0.00024	0.03425	0.00021	0.02839	0.00018	0.00010	0.00012	2.3e-05	0.10459	8.1e-05	6.8e-05	0.73870
1	0.00018	0.00015	0.01690	0.21267	0.01652	0.00015	0.03931	0.01865	0.01202	0.01557	0.42558	0.14096	0.00064	0.00021	0.01269	3.9e-05	8.9e-05	0.05211	0.03546	0.00011
2	0.00035	0.04614	0.00032	0.00029	0.10474	0.08600	0.00021	0.45786	0.30198	0.00053	0.00030	0.00030	0.00022	0.00013	0.00011	3.3e-05	0.00012	0.00010	9.6e-05	0.00017
3	0.00024	0.00020	0.00025	0.14587	0.02592	0.00018	0.00017	0.10467	0.00025	0.01468	0.00022	0.01429	0.00018	0.01417	0.02857	2.8e-05	0.00010	8.1e-05	6.8e-05	0.64985
4	0.01975	0.00017	0.00972	0.01017	0.06478	0.06583	0.01396	0.01138	0.06153	0.01282	0.00021	0.00031	0.00019	0.00028	0.00977	0.61421	0.00011	9.2e-05	5.7e-05	0.10467
5	0.78754	0.00021	0.00017	0.00015	0.00021	0.04507	0.00012	0.00031	0.00019	0.02229	0.00017	0.00020	0.00013	0.00013	0.00011	0.10463	0.01880	6.6e-05	0.01937	0.00011
6	0.10482	0.00022	0.00775	0.01116	0.35524	0.04603	0.11897	0.00030	0.04847	0.00036	0.06902	0.11646	0.04033	0.01501	0.00766	0.01828	0.00821	0.03150	7.2e-05	0.00014
7	0.00773	0.00757	0.00027	0.02491	0.09634	0.00018	0.05468	0.01770	0.00023	0.00891	0.01778	0.09870	0.01444	0.00786	0.06062	3.8e-05	0.11066	0.02461	0.02232	0.42445
8	0.00033	0.02872	0.09113	0.00021	0.00029	0.00022	0.00018	0.07476	0.34195	0.32383	0.10480	0.00040	0.00035	0.00015	0.00011	3.5e-05	0.01652	0.00012	0.01572	0.00017

[dist]
# distance from previous block
# <min> <max>
0	2

[block]
# block no. 8 follows, 3178 sequences, length 6
# corresponding to MSA columns:
# 503-508
name=unknown_I
#
# <colnr> <probs for GDERKNQSTAVLIFYWHMCP>
#	G	D	E	R	K	N	Q	S	T	A	V	L	I	F	Y	W	H	M	C	P
