[name]
unknown

[dist]
# distance from previous block
# <min> <max>
0	40

[block]
# block no. 0 follows, 2586 sequences, length 16
# corresponding to MSA columns:
# 43-52,54-57,59,61
name=unknown_A
#
# <colnr> <probs for GDERKNQSTAVLIFYWHMCP>
#	G	D	E	R	K	N	Q	S	T	A	V	L	I	F	Y	W	H	M	C	P
0	0.02201	0.07003	0.05349	0.01901	0.11767	0.13802	0.02396	0.10302	0.05524	0.19271	0.00560	0.00877	0.01401	0.00019	0.00450	4.4e-05	0.01720	0.14246	0.00410	0.00796
1	0.01572	0.01191	0.10151	0.00897	0.08801	0.03209	0.03124	0.07662	0.40194	0.04578	0.02828	0.04787	0.01512	0.00882	0.02829	4.9e-05	0.00987	0.02062	0.00712	0.02018
2	0.00019	0.00014	0.00018	0.00018	0.00020	0.00014	0.01039	0.01034	0.03894	0.00035	0.05520	0.24734	0.14641	0.30871	0.04444	8.3e-05	0.00011	0.12978	0.00676	0.00011
3	0.01466	0.02120	0.04258	0.06570	0.13481	0.06724	0.13984	0.03468	0.13889	0.01822	0.01118	0.03011	0.01622	0.01170	0.02093	0.00571	0.18934	0.01483	0.00412	0.01803
4	0.00019	0.00013	0.00016	0.00017	0.00019	0.00012	0.00012	0.00023	0.00877	0.01378	0.33111	0.40184	0.03403	0.10493	0.00752	5.7e-05	8e-05	0.00894	0.08750	0.00012
5	0.00034	0.24502	0.25816	0.04773	0.07732	0.07723	0.08527	0.07029	0.05138	0.01208	0.01293	0.01242	0.01912	0.00015	0.01602	4.2e-05	0.01413	0.00011	7.4e-05	0.00018
6	0.00018	0.00013	0.00016	0.00016	0.00019	0.00012	0.00012	0.00022	0.00032	0.01586	0.36176	0.15527	0.40581	0.03634	0.00018	4.9e-05	7.2e-05	0.02278	0.00013	0.00012
7	0.00020	0.00015	0.00018	0.01277	0.00022	0.00014	0.00013	0.00661	0.02956	0.02026	0.71728	0.04671	0.11658	0.02354	0.00853	4.7e-05	0.00642	0.01041	0.00014	0.00013
8	0.00900	0.01196	0.00035	0.01166	0.00038	0.00938	0.00712	0.40989	0.39789	0.10527	0.00044	0.01301	0.00790	0.00017	0.00014	4.3e-05	0.00808	0.00014	0.00695	0.00021
9	0.00527	0.00024	0.00029	0.01049	0.00549	0.01216	0.01213	0.04272	0.00752	0.19964	0.06793	0.00995	0.01294	0.00428	0.00814	3.1e-05	0.00011	0.01284	0.00547	0.58238
10	0.01938	0.26615	0.44155	0.00734	0.01607	0.05110	0.02360	0.05470	0.01364	0.03800	0.00788	0.01124	0.00566	0.00443	0.02252	4.3e-05	0.00625	0.00511	0.00516	0.00018
11	0.28699	0.01013	0.08542	0.24969	0.18091	0.01653	0.05386	0.01321	0.00732	0.03367	0.00485	0.00476	0.00020	0.00014	0.00496	4.3e-05	0.02417	0.00474	0.01823	0.00017
12	0.00474	0.01003	0.09913	0.05194	0.10356	0.03400	0.07348	0.09476	0.06919	0.02590	0.09713	0.14519	0.10098	0.00556	0.00433	4.5e-05	0.00987	0.01767	0.00994	0.04255
13	0.00020	0.00015	0.00799	0.00908	0.02108	0.00491	0.00915	0.00429	0.00680	0.02336	0.26847	0.20265	0.25375	0.11264	0.00810	5.8e-05	0.00664	0.05125	0.00426	0.00515
14	0.00021	0.00015	0.00922	0.00954	0.01165	0.00442	0.00014	0.01391	0.00472	0.02075	0.03501	0.08693	0.01763	0.34692	0.33680	0.08698	0.00615	0.00463	0.00414	0.00011
15	0.00532	0.15606	0.12804	0.02725	0.04118	0.07446	0.03571	0.43951	0.01286	0.02161	0.00880	0.00033	0.01219	0.01572	0.00014	0.00509	0.00982	0.00011	0.00561	0.00020

[dist]
# distance from previous block
# <min> <max>
1	3

[block]
# block no. 1 follows, 2586 sequences, length 9
# corresponding to MSA columns:
# 68,69,93,95-100
name=unknown_B
#
# <colnr> <probs for GDERKNQSTAVLIFYWHMCP>
#	G	D	E	R	K	N	Q	S	T	A	V	L	I	F	Y	W	H	M	C	P
0	0.02678	0.00018	0.00023	0.00019	0.00025	0.00017	0.00015	0.02926	0.02824	0.32279	0.44780	0.00076	0.06605	0.01713	0.00015	4.3e-05	8.6e-05	0.00019	0.05938	0.00016
1	0.00800	0.12310	0.25924	0.03813	0.11761	0.03415	0.06185	0.09866	0.11272	0.02877	0.02883	0.01684	0.01591	0.00017	0.01607	4.4e-05	0.02189	0.00675	8.5e-05	0.01119
2	0.01536	0.01351	0.06963	0.02815	0.07641	0.01527	0.04476	0.13269	0.03681	0.03460	0.00963	0.07210	0.05515	0.14856	0.03021	6.5e-05	0.01799	0.19009	0.00888	0.00015
3	0.00020	0.00014	0.00018	0.00017	0.00021	0.00013	0.00013	0.01286	0.01497	0.04363	0.49389	0.19359	0.17191	0.03399	0.00018	4.8e-05	7.4e-05	0.01801	0.01557	0.00013
4	0.01408	0.02357	0.02573	0.02712	0.00809	0.03224	0.10334	0.10066	0.07164	0.05062	0.25896	0.02937	0.17174	0.03455	0.02106	5e-05	0.01192	0.00795	0.00718	0.00015
5	0.01985	0.00016	0.00020	0.00019	0.00023	0.00015	0.00014	0.00034	0.04402	0.21480	0.30003	0.19068	0.10868	0.04107	0.00017	4.9e-05	8.5e-05	0.03826	0.04072	0.00015
6	0.00769	0.01754	0.01883	0.15153	0.11903	0.02077	0.04140	0.04732	0.14124	0.01922	0.02151	0.00948	0.00813	0.00014	0.00013	3.6e-05	0.03531	0.00850	8.7e-05	0.33210
7	0.36344	0.01009	0.01183	0.00023	0.00032	0.01610	0.00924	0.07585	0.28837	0.15934	0.01406	0.02082	0.01026	0.00016	0.00012	4.3e-05	0.00011	0.00983	0.00960	0.00018
8	0.01140	0.02156	0.08651	0.00952	0.04311	0.01965	0.02253	0.15905	0.19100	0.08399	0.09627	0.04006	0.11053	0.02070	0.01935	4.7e-05	0.01324	0.00915	0.00697	0.03535

[dist]
# distance from previous block
# <min> <max>
2	7

[block]
# block no. 2 follows, 2586 sequences, length 15
# corresponding to MSA columns:
# 108-113,115-123
name=unknown_C
#
# <colnr> <probs for GDERKNQSTAVLIFYWHMCP>
#	G	D	E	R	K	N	Q	S	T	A	V	L	I	F	Y	W	H	M	C	P
0	0.01749	0.20457	0.45657	0.01966	0.01653	0.00776	0.07227	0.04206	0.00399	0.01654	0.00643	0.02180	0.00620	0.00980	0.07514	0.00385	0.00464	0.00467	6.8e-05	0.00995
1	0.00019	0.00015	0.00789	0.03557	0.03299	0.00014	0.00810	0.00023	0.01220	0.00676	0.04856	0.34160	0.21532	0.12917	0.01769	0.00984	0.00797	0.12540	0.00011	0.00012
2	0.65405	0.00029	0.06786	0.00022	0.00031	0.00864	0.02520	0.02648	0.09951	0.05567	0.02482	0.00032	0.00023	0.00014	0.00010	4.2e-05	0.00012	0.02466	0.01117	0.00016
3	0.00020	0.00014	0.00016	0.00016	0.00020	0.00012	0.00012	0.00024	0.00032	0.07021	0.30481	0.04249	0.51712	0.04682	0.01625	5.1e-05	7.8e-05	0.00026	0.00013	0.00012
4	0.00623	0.00017	0.00417	0.02298	0.01129	0.01154	0.07953	0.00458	0.00660	0.03080	0.00482	0.52754	0.00486	0.01940	0.06875	0.01416	0.00880	0.16976	0.00391	0.00012
5	0.00580	0.00025	0.01398	0.00863	0.06063	0.01545	0.00020	0.03014	0.01050	0.26519	0.00739	0.01390	0.00027	0.00974	0.05554	0.00443	0.01961	0.00478	0.00010	0.47350
6	0.38457	0.08358	0.03575	0.06557	0.02671	0.21966	0.01350	0.01294	0.00488	0.00045	0.00021	0.00913	0.00018	0.00526	0.00856	4.3e-05	0.11482	0.00742	0.00662	0.00015
7	0.00029	0.00029	0.00040	0.06447	0.01358	0.00039	0.00030	0.01023	0.00022	0.01332	0.00020	0.00032	0.00019	0.00024	0.01263	5.9e-05	0.86624	0.01643	6.2e-05	0.00015
8	0.01384	0.00552	0.12349	0.00618	0.00036	0.00988	0.03696	0.09526	0.10289	0.39470	0.05221	0.02095	0.09767	0.00019	0.00014	4.3e-05	0.00012	0.02672	0.01267	0.00020
9	0.00654	0.03228	0.02087	0.00024	0.00943	0.08514	0.01806	0.04299	0.01358	0.03726	0.00026	0.00830	0.00021	0.00790	0.00012	2.6e-05	0.01615	9.1e-05	8.3e-05	0.70049
10	0.00020	0.00016	0.02117	0.00020	0.00023	0.00015	0.00015	0.00027	0.08809	0.02629	0.06758	0.43342	0.10007	0.08426	0.05258	6.7e-05	0.00011	0.11726	0.00763	0.00012
11	0.00018	0.00014	0.00016	0.00017	0.00020	0.00013	0.00013	0.00774	0.02365	0.00971	0.19200	0.30601	0.32277	0.03990	0.00018	5.2e-05	7.9e-05	0.08106	0.01560	0.00012
12	0.04812	0.00026	0.00957	0.00025	0.00033	0.00562	0.00020	0.15005	0.39024	0.21085	0.05498	0.03012	0.04470	0.00854	0.00974	4.6e-05	0.00011	0.02087	0.01520	0.00020
13	0.02419	0.00919	0.03645	0.05594	0.04208	0.02706	0.03692	0.11244	0.12443	0.25225	0.05158	0.05854	0.02954	0.00489	0.02228	4.5e-05	0.00415	0.00755	0.00468	0.09577
14	0.00017	0.00013	0.00016	0.00018	0.00020	0.00012	0.00012	0.00021	0.02687	0.01012	0.08757	0.61514	0.22474	0.01404	0.00017	5.2e-05	7.7e-05	0.01968	0.00013	0.00012

[dist]
# distance from previous block
# <min> <max>
1	5

[block]
# block no. 3 follows, 2586 sequences, length 7
# corresponding to MSA columns:
# 130,131,133-137
name=unknown_D
#
# <colnr> <probs for GDERKNQSTAVLIFYWHMCP>
#	G	D	E	R	K	N	Q	S	T	A	V	L	I	F	Y	W	H	M	C	P
0	0.06376	0.02574	0.02177	0.01036	0.00029	0.01684	0.00017	0.04577	0.05322	0.05423	0.08758	0.02269	0.20381	0.01239	0.01503	3.9e-05	0.00910	0.01527	0.00010	0.34184
1	0.67733	0.04461	0.01174	0.00021	0.00029	0.01900	0.01453	0.03903	0.04340	0.04344	0.00023	0.00027	0.00018	0.01161	0.01143	0.01574	0.04739	8.8e-05	0.01932	0.00015
2	0.01295	0.01324	0.17342	0.01134	0.02107	0.02377	0.02142	0.03787	0.06616	0.08136	0.17846	0.04209	0.08289	0.04021	0.01209	4.8e-05	0.01505	0.07325	0.00787	0.08543
3	0.00023	0.00015	0.00019	0.00019	0.00022	0.00014	0.00014	0.02028	0.03674	0.08171	0.36683	0.23032	0.12870	0.02470	0.00017	4.9e-05	8.2e-05	0.08957	0.01947	0.00013
4	0.00830	0.02882	0.04312	0.34294	0.21202	0.01876	0.01584	0.04799	0.09610	0.01751	0.04987	0.02182	0.01972	0.01170	0.02251	4.8e-05	0.01917	0.00838	0.01522	0.00017
5	0.00019	0.00014	0.00017	0.00017	0.00020	0.00013	0.00012	0.00024	0.01677	0.02652	0.30730	0.10838	0.34312	0.05919	0.08562	0.01450	0.0001	0.02207	0.01495	0.00012
6	0.01040	0.02765	0.06703	0.15451	0.21614	0.03461	0.03327	0.01287	0.08991	0.01093	0.10932	0.04501	0.09065	0.01268	0.02908	4.9e-05	0.03649	0.01100	0.00822	0.00017

[dist]
# distance from previous block
# <min> <max>
8	22

[block]
# block no. 4 follows, 2586 sequences, length 11
# corresponding to MSA columns:
# 195,196,198,200-204,207,209,217
name=unknown_E
#
# <colnr> <probs for GDERKNQSTAVLIFYWHMCP>
#	G	D	E	R	K	N	Q	S	T	A	V	L	I	F	Y	W	H	M	C	P
0	0.00021	0.00015	0.00018	0.00017	0.00021	0.01035	0.00013	0.02187	0.04082	0.03329	0.49913	0.11093	0.24646	0.00029	0.00016	4.4e-05	7.4e-05	0.01142	0.02397	0.00013
1	0.10582	0.08418	0.01927	0.01813	0.00605	0.09950	0.01617	0.35043	0.03382	0.06031	0.00795	0.01946	0.01846	0.03689	0.01018	0.00491	0.05777	0.02189	0.02322	0.00559
2	0.59143	0.03584	0.03124	0.01551	0.05661	0.02574	0.03051	0.06351	0.03429	0.01999	0.00548	0.00029	0.00651	0.01230	0.01268	0.03848	0.00621	0.00748	8.5e-05	0.00580
3	0.93138	0.00026	0.00021	0.00018	0.00027	0.00030	0.00015	0.03111	0.00025	0.03463	0.00020	0.00023	0.00015	0.00013	8.6e-05	4.1e-05	0.00011	7.6e-05	8.7e-05	0.00015
4	0.00020	0.00015	0.00018	0.00018	0.00020	0.01146	0.01278	0.02758	0.01065	0.00887	0.07335	0.10976	0.18910	0.40083	0.08914	9.6e-05	0.01730	0.04795	0.00010	0.00011
5	0.00028	0.00016	0.00020	0.00019	0.00024	0.00014	0.00015	0.00946	0.00959	0.23206	0.22660	0.26075	0.12445	0.02359	0.01438	5.1e-05	9.1e-05	0.07838	0.01908	0.00014
6	0.00031	0.05810	0.47021	0.01090	0.06655	0.04490	0.08277	0.10879	0.02709	0.00894	0.02709	0.02760	0.01593	0.00822	0.03154	4.8e-05	0.01062	0.00012	7.6e-05	0.00019
7	0.00020	0.00015	0.00018	0.00018	0.00913	0.00869	0.00976	0.01524	0.01178	0.02187	0.56095	0.00924	0.24573	0.07173	0.00019	5e-05	7.8e-05	0.02522	0.00951	0.00013
8	0.02603	0.06545	0.07438	0.05757	0.06574	0.08689	0.16111	0.10489	0.12488	0.08498	0.03484	0.03251	0.02064	0.00852	0.01559	4.6e-05	0.01363	0.02203	9.7e-05	0.00018
9	0.06547	0.12795	0.06962	0.03508	0.07189	0.22317	0.02636	0.04169	0.00740	0.05339	0.00025	0.01052	0.00021	0.01586	0.00013	3.5e-05	0.01793	9.8e-05	7.8e-05	0.23287
10	0.06734	0.16960	0.09546	0.01023	0.03362	0.36461	0.02284	0.06403	0.05187	0.02153	0.01292	0.00764	0.00506	0.00593	0.00525	0.00521	0.03726	0.00010	0.01431	0.00518

[dist]
# distance from previous block
# <min> <max>
0	2

[block]
# block no. 5 follows, 2586 sequences, length 24
# corresponding to MSA columns:
# 222,228,229,231-234,239-242,246-248,251-260
name=unknown_F
#
# <colnr> <probs for GDERKNQSTAVLIFYWHMCP>
#	G	D	E	R	K	N	Q	S	T	A	V	L	I	F	Y	W	H	M	C	P
0	0.00530	0.00014	0.00018	0.00017	0.00020	0.00013	0.00013	0.00480	0.02202	0.05923	0.53254	0.10302	0.12679	0.00514	0.00015	4.3e-05	7.1e-05	0.01226	0.12756	0.00013
1	0.00603	0.02243	0.00737	0.03978	0.07228	0.03420	0.00711	0.18413	0.48539	0.00387	0.03982	0.01913	0.04979	0.00423	0.00537	4.4e-05	0.00529	0.00331	0.01023	0.00020
2	0.00018	0.00014	0.00016	0.00016	0.00019	0.00012	0.00012	0.00023	0.00033	0.00900	0.44816	0.10371	0.39267	0.01973	0.00017	4.6e-05	6.9e-05	0.01320	0.01150	0.00012
3	0.00534	0.00013	0.00016	0.00018	0.00020	0.00012	0.00012	0.00663	0.00432	0.01741	0.06938	0.71740	0.12241	0.02299	0.00442	5.4e-05	8e-05	0.01796	0.01059	0.00011
4	0.01541	0.00023	0.00028	0.00023	0.00032	0.00022	0.00019	0.07340	0.12723	0.55906	0.16308	0.01371	0.00641	0.00019	0.00014	4.2e-05	0.00010	0.00016	0.02616	0.01348
5	0.02181	0.39639	0.30519	0.00831	0.01464	0.08362	0.03759	0.03892	0.02281	0.00764	0.01010	0.00529	0.00020	0.00014	0.01308	3.9e-05	0.01353	0.00434	6.7e-05	0.01629
6	0.10014	0.03036	0.03102	0.05160	0.03527	0.04520	0.04047	0.22320	0.20608	0.08869	0.04400	0.00563	0.02232	0.01351	0.01542	0.00259	0.03201	0.00820	0.00411	0.00019
7	0.03630	0.01338	0.00028	0.00022	0.00031	0.00019	0.00018	0.01363	0.00400	0.72385	0.05956	0.02854	0.06919	0.01511	0.00015	0.00778	0.00011	0.00713	0.01578	0.00431
8	0.00025	0.01537	0.37710	0.01899	0.01101	0.01467	0.05158	0.00644	0.04154	0.02639	0.15741	0.05746	0.15844	0.01147	0.02598	4.9e-05	0.00583	0.01976	9.5e-05	0.00016
9	0.00029	0.01679	0.04806	0.27132	0.04239	0.01463	0.00600	0.06995	0.03553	0.05072	0.02525	0.12533	0.01141	0.03913	0.01616	0.06645	0.02453	0.01694	0.00264	0.11648
10	0.11761	0.00686	0.05520	0.02745	0.03396	0.00911	0.01065	0.06559	0.01519	0.25445	0.12756	0.04999	0.04408	0.02445	0.00311	0.00269	0.00276	0.01501	0.00464	0.12965
11	0.04803	0.22832	0.24216	0.05534	0.05532	0.04431	0.03125	0.10617	0.04240	0.08986	0.00667	0.00392	0.00810	0.00342	0.00283	4e-05	0.01127	0.00267	0.01317	0.00474
12	0.06529	0.36329	0.31969	0.01313	0.04115	0.04602	0.02891	0.01770	0.01434	0.01264	0.00411	0.00513	0.00020	0.00981	0.00477	3.9e-05	0.03688	0.01176	0.00497	0.00018
13	0.00639	0.00811	0.00486	0.00019	0.01262	0.02431	0.02001	0.01498	0.00702	0.02872	0.08052	0.23466	0.49945	0.01064	0.00017	4.8e-05	0.01236	0.03470	0.00012	0.00012
14	0.03748	0.67905	0.01835	0.00357	0.01649	0.05480	0.00371	0.06911	0.06217	0.01658	0.00348	0.00458	0.01418	0.00013	0.00010	3.3e-05	0.00479	8.9e-05	0.00815	0.00318
15	0.01993	0.01636	0.21372	0.05203	0.04894	0.01250	0.04701	0.03497	0.01884	0.08018	0.18473	0.08346	0.10087	0.01906	0.00490	0.00235	0.02918	0.00351	0.00010	0.02735
16	0.04268	0.12123	0.24120	0.01903	0.03437	0.04625	0.04803	0.10380	0.02843	0.22011	0.02186	0.00743	0.01638	0.00472	0.01149	4.3e-05	0.01915	0.00961	9.8e-05	0.00409
17	0.00597	0.03993	0.14825	0.37310	0.07244	0.00711	0.02652	0.02594	0.04482	0.13631	0.03380	0.02774	0.01697	0.00016	0.00433	0.00246	0.01800	0.00805	0.00793	0.00017
18	0.00043	0.01368	0.03543	0.00023	0.00938	0.00019	0.00389	0.01585	0.00972	0.56313	0.04611	0.10228	0.11067	0.02140	0.01303	4.7e-05	0.00567	0.01660	0.00312	0.02914
19	0.00432	0.04973	0.26927	0.10105	0.10485	0.03773	0.09947	0.03810	0.05789	0.09098	0.01524	0.07375	0.02418	0.00291	0.00014	4.3e-05	0.00859	0.01368	0.00789	0.00018
20	0.00773	0.04233	0.22484	0.13103	0.15244	0.03584	0.07467	0.05530	0.01946	0.14440	0.01007	0.03114	0.00548	0.02245	0.00015	4.3e-05	0.00977	0.00672	8.6e-05	0.02604
21	0.01537	0.05706	0.08334	0.08195	0.03346	0.03461	0.02948	0.04809	0.03639	0.47686	0.01829	0.03967	0.00676	0.00510	0.00014	0.00418	0.00778	0.02114	0.00012	0.00020
22	0.00810	0.00631	0.00849	0.09728	0.33942	0.01317	0.00950	0.01471	0.00520	0.02698	0.05599	0.17733	0.17246	0.01558	0.02504	0.00326	0.00303	0.01791	9.6e-05	0.00016
23	0.00727	0.06127	0.24758	0.10079	0.12772	0.04729	0.08103	0.05964	0.01777	0.13913	0.02288	0.04120	0.01128	0.01699	0.00014	4.3e-05	0.00920	0.00594	0.00264	0.00019

[dist]
# distance from previous block
# <min> <max>
0	58

# created by:
# /home/cegg/simao/soft/augustus-3.2.1/scripts/msa2prfl.pl ./align_prep/POG091H02GE.fa
