[name]
unknown

[dist]
# distance from previous block
# <min> <max>
0	35

[block]
# block no. 0 follows, 2600 sequences, length 14
# corresponding to MSA columns:
# 38-49,60,61
name=unknown_A
#
# <colnr> <probs for GDERKNQSTAVLIFYWHMCP>
#	G	D	E	R	K	N	Q	S	T	A	V	L	I	F	Y	W	H	M	C	P
0	0.00444	0.00814	0.01507	0.03054	0.06462	0.08527	0.03609	0.01539	0.06530	0.16102	0.03025	0.10335	0.02406	0.04785	0.01699	0.00488	0.00727	0.27023	0.00909	0.00016
1	0.00492	0.00890	0.00046	0.16542	0.51297	0.01639	0.00558	0.00688	0.00539	0.00593	0.01510	0.00647	0.00482	0.04273	0.00571	4.9e-05	0.18603	0.00012	6.7e-05	0.00606
2	0.00017	0.00014	0.01042	0.00015	0.00019	0.00012	0.00011	0.00021	0.00031	0.00040	0.22329	0.06097	0.63763	0.03126	0.01913	5e-05	7.6e-05	0.00027	0.01500	0.00012
3	0.00030	0.00029	0.00048	0.29682	0.60794	0.00031	0.01067	0.00038	0.01024	0.00040	0.01350	0.00989	0.01002	0.00013	0.00015	4.2e-05	0.03806	0.00012	6.7e-05	0.00019
4	0.00032	0.00030	0.00634	0.13501	0.63732	0.00644	0.02494	0.02516	0.09189	0.01250	0.00975	0.00770	0.00672	0.00013	0.00013	4.1e-05	0.00630	0.00013	0.02869	0.00020
5	0.66260	0.13493	0.02094	0.00022	0.00962	0.13038	0.00869	0.01160	0.00982	0.00052	0.00020	0.00023	0.00016	0.00013	9.4e-05	3.9e-05	0.00954	7.7e-05	7.7e-05	0.00015
6	0.00036	0.99540	0.00070	0.00023	0.00034	0.00053	0.00023	0.00040	0.00027	0.00031	0.00019	0.00021	0.00017	0.00011	8.5e-05	2.8e-05	0.00014	7.1e-05	5.7e-05	0.00017
7	0.00030	0.01265	0.31962	0.02901	0.15551	0.02257	0.06473	0.00907	0.20366	0.02936	0.00611	0.08264	0.01853	0.00522	0.00538	0.00436	0.00016	0.02604	8.8e-05	0.00502
8	0.00019	0.00014	0.00018	0.00018	0.02537	0.00013	0.00013	0.00025	0.00037	0.00052	0.90001	0.00100	0.07047	0.00027	0.00016	4.2e-05	6.6e-05	0.00024	0.00014	0.00013
9	0.00022	0.00020	0.01422	0.10315	0.09434	0.00019	0.11413	0.00028	0.00642	0.00767	0.12352	0.06088	0.38223	0.01389	0.02546	5.1e-05	0.00012	0.04632	0.00658	0.00014
10	0.00019	0.00014	0.00018	0.00017	0.00020	0.00013	0.00013	0.00025	0.00037	0.01275	0.84933	0.01775	0.07624	0.00028	0.00016	4.2e-05	6.5e-05	0.01755	0.02398	0.00013
11	0.00019	0.00016	0.00017	0.01883	0.01916	0.03425	0.00013	0.00023	0.03160	0.00946	0.01889	0.25272	0.58873	0.00034	0.00016	4.7e-05	8.3e-05	0.02461	0.00012	0.00012
12	0.00046	0.00028	0.00032	0.04241	0.01066	0.01545	0.00022	0.17827	0.31180	0.39757	0.04078	0.00046	0.00036	0.00017	0.00013	4.2e-05	0.00012	0.00014	0.00014	0.00021
13	0.96036	0.00026	0.00020	0.03604	0.00028	0.00030	0.00015	0.00039	0.00023	0.00059	0.00019	0.00022	0.00015	0.00012	8.4e-05	4.1e-05	0.00011	7.4e-05	8.2e-05	0.00014

[dist]
# distance from previous block
# <min> <max>
7	22

[block]
# block no. 1 follows, 2600 sequences, length 6
# corresponding to MSA columns:
# 107-112
name=unknown_B
#
# <colnr> <probs for GDERKNQSTAVLIFYWHMCP>
#	G	D	E	R	K	N	Q	S	T	A	V	L	I	F	Y	W	H	M	C	P
0	0.00030	0.01387	0.07825	0.06410	0.41714	0.01417	0.01794	0.01639	0.15625	0.01887	0.12601	0.01721	0.02373	0.00017	0.00014	4.2e-05	0.01272	0.01128	0.01125	0.00019
1	0.00018	0.00014	0.00017	0.00016	0.00020	0.00012	0.00012	0.00024	0.00036	0.00050	0.79517	0.00105	0.20053	0.00029	0.00016	4.3e-05	6.4e-05	0.00025	0.00014	0.00012
2	0.00023	0.00019	0.01694	0.03526	0.10681	0.01460	0.03088	0.04281	0.05864	0.01894	0.05933	0.44602	0.15025	0.00031	0.00016	4.8e-05	0.00010	0.01825	0.00011	0.00014
3	0.01382	0.01169	0.06788	0.16827	0.19505	0.03196	0.09281	0.09654	0.03600	0.15013	0.03134	0.02730	0.00960	0.01620	0.01654	4.6e-05	0.01473	0.00949	0.01040	0.00018
4	0.01436	0.00019	0.00023	0.05887	0.00029	0.01691	0.00016	0.02560	0.05966	0.21167	0.46172	0.03145	0.06362	0.02152	0.00016	4.4e-05	9.2e-05	0.01581	0.01750	0.00015
5	0.01219	0.05863	0.02166	0.01454	0.03394	0.01878	0.02164	0.02295	0.01311	0.02623	0.07145	0.33153	0.06767	0.14329	0.07321	7.1e-05	0.01013	0.02939	0.02060	0.00899

[dist]
# distance from previous block
# <min> <max>
2	7

[block]
# block no. 2 follows, 2600 sequences, length 18
# corresponding to MSA columns:
# 143-160
name=unknown_C
#
# <colnr> <probs for GDERKNQSTAVLIFYWHMCP>
#	G	D	E	R	K	N	Q	S	T	A	V	L	I	F	Y	W	H	M	C	P
0	0.00700	0.00027	0.00585	0.46407	0.36140	0.00436	0.01560	0.00701	0.03390	0.01811	0.00409	0.00714	0.00022	0.00387	0.02138	4.7e-05	0.02544	0.00959	0.01048	0.00017
1	0.00023	0.00014	0.00019	0.00018	0.00021	0.00013	0.00013	0.00029	0.00036	0.10792	0.73693	0.07656	0.04908	0.00992	0.00898	4.5e-05	7.3e-05	0.00835	0.00014	0.00013
2	0.00018	0.00014	0.00017	0.00659	0.01618	0.00013	0.00013	0.00023	0.02088	0.00664	0.28233	0.26664	0.34029	0.01423	0.01795	0.01876	7.9e-05	0.00822	0.00013	0.00012
3	0.00019	0.00014	0.00018	0.00017	0.00020	0.00013	0.00013	0.00025	0.00037	0.01454	0.92278	0.01579	0.04410	0.00028	0.00016	4.2e-05	6.4e-05	0.00024	0.00015	0.00013
4	0.01785	0.02931	0.73017	0.02158	0.03189	0.00775	0.05616	0.06202	0.00664	0.01135	0.01892	0.00031	0.00020	0.00513	0.00013	4.2e-05	0.00019	0.00011	6.6e-05	0.00019
5	0.84139	0.01201	0.01171	0.00868	0.04121	0.05449	0.00873	0.00682	0.00024	0.00056	0.00019	0.00023	0.00015	0.00013	9.3e-05	4.1e-05	0.01302	7.7e-05	8e-05	0.00015
6	0.00759	0.00014	0.00017	0.00913	0.00021	0.00013	0.00576	0.00025	0.00610	0.03199	0.57861	0.06767	0.26297	0.00573	0.00016	4.4e-05	7e-05	0.00686	0.01628	0.00013
7	0.02089	0.00059	0.00038	0.01347	0.00911	0.87767	0.01959	0.01136	0.00037	0.03378	0.00022	0.00025	0.00018	0.00014	0.00012	3.5e-05	0.01152	9e-05	7.3e-05	0.00016
8	0.00021	0.00017	0.00666	0.11520	0.04662	0.00016	0.01115	0.00440	0.01488	0.00677	0.13239	0.18372	0.21285	0.01363	0.00647	5.2e-05	0.00579	0.23863	0.00011	0.00013
9	0.00022	0.00016	0.00021	0.07023	0.01827	0.00015	0.01364	0.00705	0.00559	0.06170	0.55640	0.01940	0.21047	0.00552	0.00504	4.5e-05	0.00492	0.01559	0.00528	0.00013
10	0.00034	0.00031	0.00047	0.00729	0.67718	0.00556	0.00988	0.06294	0.18042	0.00778	0.00455	0.00702	0.00756	0.00905	0.00426	0.00495	0.01002	0.00013	8.5e-05	0.00021
11	0.00031	0.00029	0.00049	0.22910	0.70036	0.00927	0.00038	0.00860	0.00030	0.00041	0.00636	0.00035	0.00598	0.01321	0.01116	4.4e-05	0.00666	0.00012	0.00641	0.00019
12	0.00031	0.00029	0.00039	0.00034	0.00035	0.01113	0.00028	0.04455	0.02057	0.02568	0.00021	0.00032	0.00019	0.02115	0.00795	5.9e-05	0.85872	0.00012	0.00724	0.00015
13	0.00029	0.00027	0.02458	0.01999	0.04331	0.00835	0.21215	0.02227	0.30545	0.03805	0.20592	0.02237	0.03002	0.00020	0.00015	4.5e-05	0.00013	0.06614	0.00012	0.00017
14	0.00032	0.00030	0.00050	0.20817	0.70169	0.00031	0.01049	0.01792	0.00030	0.03796	0.00893	0.00034	0.00022	0.00013	0.00013	4e-05	0.00016	0.00012	7e-05	0.01191
15	0.01345	0.00545	0.00797	0.01049	0.00828	0.04328	0.01763	0.01134	0.00550	0.09684	0.03332	0.00034	0.01799	0.00012	0.00011	2.5e-05	0.00011	9.6e-05	9e-05	0.72756
16	0.03820	0.01222	0.00038	0.04931	0.03799	0.32766	0.04205	0.27603	0.13139	0.00881	0.04840	0.00636	0.01591	0.00016	0.00013	3.9e-05	0.00017	0.00452	0.00010	0.00018
17	0.03639	0.00392	0.00728	0.06694	0.01581	0.03635	0.26073	0.03014	0.02305	0.14544	0.00527	0.00545	0.00024	0.00469	0.00401	3.7e-05	0.00015	0.02088	9.1e-05	0.33314

[dist]
# distance from previous block
# <min> <max>
3	10

[block]
# block no. 3 follows, 2600 sequences, length 19
# corresponding to MSA columns:
# 176-190,193-196
name=unknown_D
#
# <colnr> <probs for GDERKNQSTAVLIFYWHMCP>
#	G	D	E	R	K	N	Q	S	T	A	V	L	I	F	Y	W	H	M	C	P
0	0.90696	0.01052	0.00785	0.00018	0.00027	0.00030	0.00015	0.03057	0.00781	0.02639	0.00020	0.00023	0.00015	0.00013	8.6e-05	4.1e-05	0.00011	7.6e-05	8.6e-05	0.00788
1	0.87697	0.00027	0.01318	0.02108	0.00841	0.00880	0.03571	0.00914	0.00685	0.01833	0.00020	0.00023	0.00015	0.00012	8.9e-05	4.1e-05	0.00011	7.9e-05	8.3e-05	0.00015
2	0.00017	0.00014	0.00015	0.01773	0.00020	0.00012	0.00689	0.00021	0.00707	0.01269	0.07192	0.04989	0.80900	0.01661	0.00017	4.7e-05	7.3e-05	0.00668	0.00012	0.00012
3	0.00020	0.00844	0.06005	0.00897	0.01849	0.00356	0.00688	0.01008	0.01373	0.00761	0.46772	0.07118	0.27667	0.01052	0.00817	4.6e-05	0.00363	0.02379	0.00013	0.00013
4	0.00554	0.06319	0.36719	0.04071	0.12495	0.04086	0.02579	0.04861	0.18525	0.02014	0.01892	0.00035	0.00529	0.00015	0.00014	4.2e-05	0.04598	0.00012	8.1e-05	0.00669
5	0.00029	0.00029	0.01944	0.05687	0.42284	0.00419	0.20722	0.00551	0.04396	0.01423	0.06602	0.00540	0.04933	0.04779	0.01280	4.9e-05	0.00630	0.03720	8.2e-05	0.00018
6	0.00028	0.01572	0.86625	0.00036	0.00055	0.00745	0.00570	0.00943	0.03039	0.01445	0.00732	0.00677	0.00842	0.00013	0.00013	4.1e-05	0.00019	0.00010	6.3e-05	0.02627
7	0.05246	0.00022	0.00029	0.00387	0.00634	0.00489	0.00503	0.03145	0.00552	0.69068	0.00445	0.04415	0.00462	0.02253	0.00595	4.7e-05	0.00012	0.11143	0.00577	0.00020
8	0.01017	0.00024	0.00029	0.00022	0.01070	0.00020	0.00017	0.07655	0.00898	0.14274	0.01030	0.00459	0.00024	0.01117	0.00912	0.00481	0.00501	0.00470	9.7e-05	0.69969
9	0.00016	0.00013	0.00014	0.00015	0.00019	0.00011	0.00011	0.00020	0.00030	0.00037	0.05252	0.15024	0.74487	0.01155	0.00017	4.8e-05	7.1e-05	0.03843	0.00012	0.00011
10	0.00031	0.13874	0.00631	0.00527	0.00419	0.03509	0.03855	0.01003	0.00023	0.01688	0.00471	0.00878	0.00020	0.01759	0.05506	0.00645	0.64439	0.00012	6.4e-05	0.00705
11	0.00749	0.00019	0.00347	0.02152	0.00027	0.00017	0.02028	0.08433	0.01220	0.21906	0.28311	0.04213	0.27332	0.00342	0.00357	0.00889	0.00354	0.00498	0.00471	0.00333
12	0.00049	0.01070	0.00039	0.00030	0.00040	0.01386	0.00024	0.90114	0.01077	0.01647	0.00033	0.00033	0.00023	0.00016	0.00013	3.9e-05	0.00014	0.00012	0.04353	0.00022
13	0.00047	0.00058	0.00040	0.00042	0.16562	0.82951	0.00028	0.00051	0.00037	0.00034	0.00021	0.00026	0.00018	0.00013	0.00012	3.5e-05	0.00023	9.1e-05	6.8e-05	0.00016
14	0.00018	0.00013	0.00017	0.00017	0.00020	0.00012	0.00012	0.00024	0.00036	0.00050	0.82543	0.11099	0.06029	0.00029	0.00016	4.3e-05	6.5e-05	0.00026	0.00014	0.00012
15	0.00893	0.00022	0.00030	0.01361	0.01572	0.02727	0.07298	0.02301	0.00713	0.34017	0.00057	0.01903	0.00053	0.00026	0.00016	5.1e-05	0.00013	0.46963	0.00013	0.00017
16	0.00018	0.00014	0.00017	0.00879	0.00021	0.00013	0.00013	0.00022	0.00575	0.00808	0.14101	0.43841	0.23496	0.03037	0.04728	5.8e-05	0.02631	0.00535	0.00012	0.05234
17	0.00020	0.00015	0.00484	0.00018	0.00405	0.00508	0.00510	0.00872	0.00029	0.01441	0.31447	0.13719	0.11761	0.18732	0.14790	0.01019	0.01246	0.02964	0.00011	0.00012
18	0.00823	0.40096	0.01202	0.00024	0.00032	0.24266	0.00021	0.06671	0.00606	0.00510	0.02292	0.00880	0.00024	0.00015	0.00658	3.4e-05	0.02772	9.7e-05	0.19078	0.00016

[dist]
# distance from previous block
# <min> <max>
5	16

[block]
# block no. 4 follows, 2600 sequences, length 6
# corresponding to MSA columns:
# 233,234,236-239
name=unknown_E
#
# <colnr> <probs for GDERKNQSTAVLIFYWHMCP>
#	G	D	E	R	K	N	Q	S	T	A	V	L	I	F	Y	W	H	M	C	P
0	0.00027	0.00025	0.00041	0.79344	0.14682	0.00030	0.00037	0.00037	0.05577	0.00037	0.00026	0.00036	0.00020	0.00013	0.00013	4.4e-05	0.00017	0.00012	6.4e-05	0.00016
1	0.00021	0.00016	0.00019	0.01610	0.01610	0.00015	0.00014	0.02700	0.03559	0.02194	0.57862	0.02839	0.22619	0.01559	0.01565	4.7e-05	7.9e-05	0.00024	0.00013	0.01748
2	0.57506	0.00028	0.04080	0.03242	0.05965	0.01261	0.01328	0.06435	0.01799	0.08727	0.01833	0.01271	0.01472	0.00014	0.00011	4.1e-05	0.01226	0.00010	0.03772	0.00016
3	0.00023	0.00018	0.00024	0.06704	0.05218	0.01587	0.01139	0.01481	0.01760	0.03057	0.07592	0.02315	0.11036	0.20312	0.26697	0.00011	0.05667	0.03430	0.01917	0.00013
4	0.01309	0.01239	0.05767	0.22186	0.40822	0.01268	0.04161	0.01278	0.07562	0.01931	0.05404	0.01156	0.02980	0.01641	0.00014	4.3e-05	0.00015	0.01237	8e-05	0.00018
5	0.00907	0.01790	0.06685	0.04749	0.03625	0.01518	0.01972	0.01493	0.04911	0.01478	0.18388	0.04049	0.15734	0.16763	0.10036	0.01340	0.01138	0.01557	0.00896	0.00972

[dist]
# distance from previous block
# <min> <max>
4	17

[block]
# block no. 5 follows, 2600 sequences, length 12
# corresponding to MSA columns:
# 267-272,275-280
name=unknown_F
#
# <colnr> <probs for GDERKNQSTAVLIFYWHMCP>
#	G	D	E	R	K	N	Q	S	T	A	V	L	I	F	Y	W	H	M	C	P
0	0.00627	0.00030	0.00048	0.07560	0.76965	0.01144	0.00037	0.02327	0.00750	0.00745	0.01450	0.02569	0.00642	0.01451	0.00849	0.01266	0.00016	0.00930	7.2e-05	0.00588
1	0.00023	0.00018	0.02580	0.00702	0.01917	0.00017	0.01677	0.07522	0.04551	0.02027	0.66454	0.02202	0.07402	0.01123	0.01061	4.5e-05	8.6e-05	0.00683	0.00014	0.00014
2	0.00027	0.00025	0.00040	0.92879	0.00088	0.00030	0.00036	0.06649	0.00029	0.00037	0.00024	0.00035	0.00018	0.00013	0.00013	4.4e-05	0.00018	0.00012	6.4e-05	0.00015
3	0.00021	0.00015	0.00792	0.01072	0.01276	0.00014	0.00667	0.00642	0.02136	0.03650	0.36127	0.07306	0.17391	0.13391	0.12952	7.8e-05	0.00012	0.01780	0.00734	0.00012
4	0.01516	0.00626	0.00027	0.00023	0.00796	0.01994	0.06631	0.13056	0.03138	0.20174	0.01547	0.06610	0.00039	0.17998	0.03711	6.2e-05	0.00013	0.00656	0.21423	0.00016
5	0.00729	0.00030	0.00051	0.14016	0.68133	0.00030	0.07243	0.00782	0.00739	0.01805	0.02797	0.00704	0.00670	0.00013	0.00014	4.1e-05	0.00673	0.00013	0.00869	0.00685
6	0.02486	0.00033	0.00730	0.07299	0.46498	0.04447	0.00857	0.25121	0.02968	0.01715	0.01622	0.00640	0.00637	0.00014	0.00013	4e-05	0.01380	0.00012	8.9e-05	0.03515
7	0.01362	0.04197	0.01511	0.00025	0.00033	0.15374	0.00020	0.26571	0.18866	0.00055	0.00042	0.00043	0.06645	0.00017	0.00013	3.8e-05	0.02114	0.00013	0.19195	0.03901
8	0.64406	0.02041	0.05272	0.07316	0.04452	0.08586	0.02784	0.03189	0.00027	0.00955	0.00021	0.00025	0.00016	0.00013	0.00010	4.1e-05	0.00852	8.5e-05	7.9e-05	0.00016
9	0.02047	0.03698	0.45317	0.08433	0.21450	0.01188	0.02017	0.00968	0.02185	0.06174	0.01693	0.00654	0.00022	0.00014	0.00013	4.1e-05	0.02238	0.00011	0.01856	0.00019
10	0.00545	0.05900	0.15386	0.00712	0.03248	0.01641	0.03321	0.10641	0.11154	0.07716	0.19169	0.05214	0.09505	0.02400	0.00015	4.4e-05	0.00508	0.00612	0.00011	0.02296
11	0.01869	0.00015	0.01868	0.00017	0.00021	0.00013	0.00013	0.00024	0.00030	0.07879	0.13533	0.23595	0.45987	0.01705	0.00900	0.01565	8.1e-05	0.00934	0.00013	0.00012

[dist]
# distance from previous block
# <min> <max>
0	22

# created by:
# /home/cegg/simao/soft/augustus-3.2.1/scripts/msa2prfl.pl ./align_prep/POG091H01PV.fa
