[name]
unknown

[dist]
# distance from previous block
# <min> <max>
0	72

[block]
# block no. 0 follows, 3113 sequences, length 23
# corresponding to MSA columns:
# 85,86,92-107,112,113,118-120
name=unknown_A
#
# <colnr> <probs for GDERKNQSTAVLIFYWHMCP>
#	G	D	E	R	K	N	Q	S	T	A	V	L	I	F	Y	W	H	M	C	P
0	0.00346	0.01228	0.06309	0.08875	0.16452	0.04630	0.21906	0.01235	0.10607	0.01409	0.05573	0.06165	0.08935	0.00384	0.00305	4.2e-05	0.01540	0.03785	8.4e-05	0.00304
1	0.00016	0.00392	0.00641	0.03586	0.04394	0.00807	0.01035	0.00356	0.01342	0.00743	0.10216	0.28566	0.46194	0.00027	0.00285	4e-05	0.00285	0.00490	0.00309	0.00313
2	0.00014	0.00011	0.00012	0.00014	0.00016	9.5e-05	9.8e-05	0.00016	0.00657	0.00030	0.01444	0.45726	0.46267	0.00686	0.00014	0.01411	6.3e-05	0.03638	0.00010	9.3e-05
3	0.00030	0.69818	0.01312	0.01537	0.06787	0.08171	0.01174	0.04973	0.00769	0.00905	0.00487	0.01477	0.00017	0.00012	0.02486	3e-05	0.00013	7.4e-05	5.5e-05	0.00015
4	0.94478	0.00021	0.00017	0.00015	0.00022	0.00024	0.00012	0.00033	0.00020	0.02850	0.01316	0.00020	0.00014	0.00011	7.1e-05	3.4e-05	8.6e-05	6.4e-05	0.01111	0.00012
5	0.00028	0.00388	0.00494	0.09062	0.68084	0.03737	0.02555	0.01452	0.05316	0.04916	0.00911	0.00953	0.00593	0.00697	0.00012	3.4e-05	0.00399	0.00376	6.4e-05	0.00017
6	0.01063	0.01899	0.13853	0.01803	0.09836	0.01018	0.04089	0.05245	0.06700	0.35621	0.01728	0.05557	0.00573	0.00479	0.00676	3.5e-05	0.00457	0.00652	0.00384	0.08365
7	0.00017	0.00012	0.00380	0.00307	0.00446	0.00012	0.00317	0.00308	0.07770	0.03068	0.24774	0.31372	0.22771	0.04440	0.01980	4.5e-05	0.00393	0.00595	0.00621	0.00413
8	0.01130	0.00022	0.00028	0.04798	0.00665	0.00545	0.00460	0.21559	0.02011	0.64219	0.02903	0.00454	0.01128	0.00014	0.00011	3.4e-05	0.00010	0.00011	0.00012	0.00018
9	0.00984	0.11320	0.11825	0.03135	0.16170	0.04089	0.13762	0.02449	0.01905	0.26805	0.00865	0.02685	0.00696	0.00014	0.01763	3.6e-05	0.00883	0.00316	0.00314	0.00016
10	0.01888	0.08102	0.14951	0.05258	0.20547	0.04149	0.14687	0.06028	0.05327	0.12608	0.00590	0.01537	0.01090	0.00839	0.00012	3.5e-05	0.01255	0.00292	0.00277	0.00562
11	0.00278	0.00012	0.01042	0.01426	0.02074	0.00454	0.00011	0.00338	0.01150	0.00423	0.15857	0.21124	0.46024	0.01003	0.01724	0.00270	0.00534	0.05791	0.00453	0.00010
12	0.00725	0.00604	0.07590	0.29514	0.23936	0.03112	0.07739	0.01801	0.03538	0.01482	0.00842	0.07830	0.03368	0.03953	0.00689	0.00269	0.00894	0.01536	0.00563	0.00014
13	0.03445	0.08034	0.29282	0.01174	0.04983	0.04986	0.09676	0.06669	0.03642	0.20253	0.01904	0.02813	0.00809	0.00406	0.00011	0.00421	0.01039	0.00429	7.9e-05	0.00016
14	0.02978	0.15999	0.33193	0.09607	0.08578	0.04477	0.11809	0.02662	0.02386	0.04671	0.00458	0.00594	0.00663	0.00011	0.00492	3.4e-05	0.01389	9.3e-05	5.9e-05	0.00015
15	0.00696	0.00012	0.00014	0.00334	0.00017	0.00607	0.00490	0.00437	0.02538	0.02843	0.20048	0.48312	0.19318	0.00647	0.00578	0.00325	6.7e-05	0.02097	0.00669	0.00010
16	0.01647	0.00533	0.02004	0.09187	0.28652	0.01104	0.04227	0.05499	0.05607	0.31191	0.01247	0.02629	0.03329	0.00404	0.00395	3.6e-05	0.00785	0.00530	0.00632	0.00394
17	0.02290	0.05534	0.21035	0.04851	0.12306	0.04968	0.11502	0.03968	0.05449	0.15059	0.04451	0.02799	0.00962	0.00311	0.00289	3.5e-05	0.01699	0.00378	0.00268	0.01877
18	0.02047	0.03558	0.23642	0.28522	0.15054	0.01436	0.09048	0.01403	0.01309	0.04672	0.01470	0.01655	0.00839	0.01215	0.01395	0.00283	0.01383	0.00351	0.00703	0.00015
19	0.00467	0.00013	0.00016	0.00455	0.00019	0.00740	0.00011	0.01016	0.05475	0.09384	0.57753	0.02129	0.19424	0.00374	0.00013	3.6e-05	0.00585	0.00515	0.01595	0.00012
20	0.01527	0.07524	0.17138	0.04898	0.06914	0.03008	0.11046	0.04482	0.03645	0.32142	0.01500	0.02151	0.00977	0.00324	0.00582	3.6e-05	0.01028	0.00512	8.7e-05	0.00591
21	0.03294	0.03455	0.13503	0.06756	0.11406	0.02949	0.09574	0.04651	0.05607	0.26780	0.01289	0.02475	0.03189	0.00680	0.01168	0.00298	0.01686	0.00694	0.00274	0.00272
22	0.00634	0.00368	0.00342	0.10670	0.00621	0.01101	0.00397	0.00969	0.00317	0.00636	0.01684	0.60176	0.07465	0.05353	0.03787	0.00983	0.00891	0.02379	0.01219	9.8e-05

[dist]
# distance from previous block
# <min> <max>
1	8

[block]
# block no. 1 follows, 3113 sequences, length 34
# corresponding to MSA columns:
# 131,133-142,144-166
name=unknown_B
#
# <colnr> <probs for GDERKNQSTAVLIFYWHMCP>
#	G	D	E	R	K	N	Q	S	T	A	V	L	I	F	Y	W	H	M	C	P
0	0.00332	0.00375	0.00534	0.25155	0.11231	0.00221	0.00758	0.00790	0.02068	0.02168	0.15989	0.03837	0.27113	0.00711	0.02744	0.00172	0.03253	0.00467	0.00651	0.01429
1	0.00462	0.00656	0.04767	0.05257	0.07863	0.03887	0.07309	0.03140	0.18704	0.10410	0.15916	0.02636	0.07712	0.01307	0.00479	3.6e-05	0.01136	0.00854	0.00319	0.07183
2	0.00462	0.00019	0.00023	0.00016	0.00026	0.00015	0.00013	0.00431	0.01440	0.01393	0.01068	0.02736	0.01337	9.6e-05	8.6e-05	1.9e-05	8.2e-05	7.8e-05	0.00592	0.90391
3	0.40075	0.00022	0.00662	0.03986	0.14962	0.01471	0.00960	0.02486	0.10705	0.03377	0.01036	0.00335	0.01326	0.00672	0.00361	3.6e-05	0.08009	0.00236	0.09303	0.00014
4	0.00014	9.9e-05	0.00013	0.00015	0.00016	9.2e-05	0.00010	0.00016	0.00022	0.00029	0.01970	0.85351	0.08229	0.01661	0.00015	4.5e-05	6.5e-05	0.01823	0.00777	9.1e-05
5	0.09030	0.02810	0.00025	0.00412	0.00735	0.00447	0.00016	0.03344	0.05690	0.62775	0.11435	0.00041	0.00417	0.00014	0.00011	3.4e-05	9e-05	0.00343	0.02426	0.00017
6	0.01680	0.00014	0.00017	0.00016	0.00019	0.00860	0.00012	0.03641	0.10892	0.06695	0.54784	0.01914	0.13631	0.03682	0.00014	3.9e-05	6.7e-05	0.02094	0.00012	0.00012
7	0.00014	0.00011	0.00013	0.00013	0.00016	9.8e-05	9.4e-05	0.00018	0.00027	0.00035	0.35929	0.09041	0.52939	0.01117	0.00014	3.8e-05	5.7e-05	0.00765	0.00011	9.7e-05
8	0.01418	0.00014	0.00666	0.13361	0.00892	0.01580	0.04634	0.00666	0.00746	0.00030	0.00598	0.63915	0.05488	0.00338	0.02369	0.00345	0.00967	0.01954	9e-05	0.00010
9	0.00016	0.00012	0.00015	0.00014	0.00017	0.00011	0.00010	0.00667	0.00030	0.01303	0.83405	0.01253	0.07653	0.02187	0.00014	0.01406	5.7e-05	0.00684	0.00012	0.01285
10	0.92018	0.01135	0.02290	0.00015	0.00023	0.00025	0.00013	0.01305	0.00020	0.02094	0.00016	0.00019	0.00013	0.00011	0.00965	3.6e-05	9.1e-05	6.3e-05	7e-05	0.00012
11	0.03299	0.34749	0.21937	0.00278	0.01698	0.16151	0.02002	0.05699	0.02198	0.07537	0.00395	0.00317	0.00017	0.00011	0.00010	3.1e-05	0.03383	0.00296	6.3e-05	0.00015
12	0.00291	0.61357	0.01889	0.06607	0.02529	0.22094	0.00021	0.01410	0.00025	0.00620	0.00017	0.00369	0.00015	0.00342	9.1e-05	2.7e-05	0.02040	0.00344	5.2e-05	0.00014
13	0.10386	0.00524	0.03301	0.00979	0.04333	0.00019	0.02601	0.03816	0.00319	0.05961	0.00458	0.00860	0.00393	0.00194	0.01538	2.7e-05	0.00218	8.1e-05	0.00203	0.63885
14	0.12090	0.09402	0.00770	0.00612	0.00028	0.00543	0.00017	0.06020	0.00030	0.66821	0.00036	0.00033	0.00491	0.00013	0.00010	3.3e-05	9.9e-05	9.9e-05	0.00012	0.03050
15	0.00706	0.10394	0.00035	0.00025	0.00033	0.00035	0.00021	0.82597	0.02210	0.03795	0.00027	0.00026	0.00019	0.00013	0.00011	3.3e-05	0.00012	9.7e-05	0.00011	0.00018
16	0.00848	0.01038	0.13724	0.02981	0.06304	0.01148	0.25409	0.02309	0.01932	0.10887	0.05582	0.10267	0.06845	0.00017	0.01414	4e-05	0.05143	0.02075	0.02059	0.00014
17	0.01136	0.00018	0.00021	0.02343	0.02390	0.00238	0.00305	0.15096	0.13828	0.08801	0.31164	0.04065	0.13583	0.00765	0.03114	0.01131	0.00470	0.01506	0.00011	0.00013
18	0.00016	0.00012	0.00018	0.00018	0.00020	0.00014	0.00014	0.00020	0.00018	0.00026	0.00030	0.00044	0.00028	0.00084	0.99564	0.00018	0.00030	0.00012	6e-05	9.9e-05
19	0.00019	0.00383	0.11133	0.00653	0.00022	0.00013	0.01340	0.00553	0.02121	0.04624	0.69284	0.03448	0.03265	0.02185	0.00014	3.7e-05	7.3e-05	0.00909	0.00011	0.00012
20	0.06922	0.01877	0.01460	0.40965	0.12827	0.12776	0.02465	0.03736	0.05022	0.10430	0.00233	0.00335	0.00018	0.00012	0.00228	3.5e-05	0.00452	0.00217	6.8e-05	0.00014
21	0.14120	0.00033	0.00346	0.02713	0.03136	0.32176	0.00792	0.21673	0.03634	0.06858	0.00855	0.01298	0.00023	0.01790	0.00290	3.6e-05	0.01929	0.08310	8.3e-05	0.00014
22	0.00029	0.00025	0.01440	0.00056	0.72676	0.00024	0.04720	0.00035	0.00026	0.10803	0.00814	0.04093	0.03846	0.00012	0.00011	3.4e-05	0.00012	0.00905	0.00453	0.00017
23	0.04161	0.00869	0.14095	0.11173	0.13387	0.02292	0.08805	0.01983	0.01815	0.03981	0.09589	0.04479	0.11644	0.00017	0.00536	3.8e-05	0.08342	0.01950	0.00865	0.00014
24	0.00264	0.00361	0.00847	0.21450	0.59281	0.04590	0.01108	0.01121	0.01631	0.03026	0.00715	0.01437	0.03133	0.00211	0.00011	0.00204	0.00227	0.00361	6.1e-05	0.00016
25	0.02490	0.08446	0.00745	0.11735	0.04193	0.01836	0.04868	0.09311	0.05123	0.36989	0.04658	0.04546	0.00621	0.00506	0.00012	0.01278	0.00272	0.02134	0.00225	0.00016
26	0.00628	0.00014	0.00016	0.00355	0.00019	0.00014	0.00011	0.02897	0.03010	0.28981	0.00656	0.02699	0.00031	0.01655	0.01244	3.3e-05	7.3e-05	0.01965	0.55782	0.00013
27	0.01616	0.03159	0.41451	0.02646	0.08438	0.04941	0.09698	0.01703	0.03127	0.11353	0.02400	0.04007	0.01714	0.00185	0.00225	3.6e-05	0.02773	0.00353	0.00192	0.00016
28	0.01496	0.04591	0.24603	0.07300	0.24266	0.04003	0.06403	0.10356	0.01678	0.08473	0.00898	0.01516	0.00278	0.00250	0.02061	0.00183	0.00283	0.01339	6.9e-05	0.00016
29	0.00242	0.00013	0.00016	0.00275	0.00018	0.01459	0.00011	0.00671	0.02676	0.11552	0.36001	0.19490	0.16850	0.00276	0.01070	3.9e-05	0.00616	0.01293	0.07456	0.00011
30	0.93460	0.01168	0.00500	0.00526	0.00666	0.01566	0.00289	0.00474	0.00019	0.00414	0.00016	0.00019	0.00012	0.00010	7.2e-05	3.4e-05	0.00416	6.2e-05	0.00416	0.00012
31	0.00376	0.00012	0.00013	0.00014	0.00016	0.00011	0.00010	0.00458	0.00024	0.01034	0.07733	0.07790	0.42848	0.20073	0.00857	5.6e-05	7.8e-05	0.18160	0.00548	9.2e-05
32	0.05365	0.07414	0.13887	0.08864	0.11883	0.06763	0.02625	0.01969	0.05301	0.08916	0.03647	0.03325	0.07844	0.02015	0.03853	4.2e-05	0.05504	0.00255	7.4e-05	0.00557
33	0.05927	0.00721	0.01235	0.00022	0.00029	0.00569	0.01502	0.58709	0.04638	0.03732	0.07124	0.00764	0.00463	0.07312	0.01445	4.1e-05	0.00549	0.00512	0.04462	0.00280

[dist]
# distance from previous block
# <min> <max>
0	1

[block]
# block no. 2 follows, 3113 sequences, length 9
# corresponding to MSA columns:
# 168-175,177
name=unknown_C
#
# <colnr> <probs for GDERKNQSTAVLIFYWHMCP>
#	G	D	E	R	K	N	Q	S	T	A	V	L	I	F	Y	W	H	M	C	P
0	0.00602	0.04359	0.17645	0.10596	0.08935	0.00745	0.03248	0.03142	0.05845	0.01059	0.09084	0.08033	0.09281	0.11103	0.01554	0.00589	0.01683	0.01006	0.00847	0.00644
1	0.04733	0.02868	0.06935	0.04811	0.08519	0.01385	0.04379	0.10824	0.06191	0.05074	0.10354	0.16545	0.05109	0.01975	0.01437	4.1e-05	0.02077	0.04711	0.00937	0.01133
2	0.00019	0.05173	0.04637	0.05666	0.04830	0.00744	0.01187	0.01210	0.00866	0.01089	0.11201	0.04373	0.17788	0.07922	0.17519	0.01418	0.12503	0.00780	0.01064	0.00011
3	0.00692	0.13098	0.10515	0.23079	0.07164	0.06849	0.04415	0.01920	0.07343	0.02797	0.02413	0.02388	0.01912	0.01168	0.01426	3.8e-05	0.08557	0.01603	0.00856	0.01801
4	0.00015	0.00012	0.02048	0.01327	0.01382	0.00011	0.01272	0.00018	0.00021	0.00029	0.01680	0.61511	0.01621	0.11293	0.08951	6.3e-05	0.01165	0.05485	0.00907	0.01245
5	0.01717	0.11517	0.05505	0.00911	0.02031	0.01111	0.01642	0.09144	0.01387	0.02834	0.00022	0.01868	0.00018	0.01059	0.00763	2.5e-05	0.01086	8e-05	7e-05	0.57368
6	0.02866	0.07747	0.26968	0.01125	0.04139	0.01603	0.03193	0.06862	0.04086	0.31660	0.02277	0.00888	0.00931	0.00985	0.00712	3.6e-05	0.01443	0.00857	0.00606	0.01047
7	0.02929	0.31164	0.10776	0.00800	0.01026	0.10065	0.03611	0.12228	0.16981	0.03435	0.00754	0.01443	0.00680	0.01275	0.00011	3.3e-05	0.01256	0.00779	0.00767	0.00015
8	0.00023	0.00840	0.01183	0.00018	0.01539	0.00018	0.00014	0.02220	0.36109	0.08239	0.12438	0.04474	0.23621	0.01651	0.00766	0.00775	7.9e-05	0.01622	0.03348	0.01092

[dist]
# distance from previous block
# <min> <max>
1	4

[block]
# block no. 3 follows, 3113 sequences, length 29
# corresponding to MSA columns:
# 183-202,211,212,215-219,223,224
name=unknown_D
#
# <colnr> <probs for GDERKNQSTAVLIFYWHMCP>
#	G	D	E	R	K	N	Q	S	T	A	V	L	I	F	Y	W	H	M	C	P
0	0.00025	0.00845	0.42434	0.00896	0.01718	0.00369	0.37389	0.00621	0.08129	0.01494	0.00301	0.00962	0.00582	0.00771	0.00012	3.7e-05	0.01439	0.00847	0.00233	0.00930
1	0.01203	0.09055	0.38252	0.00990	0.05689	0.02681	0.05252	0.03937	0.02914	0.23490	0.01260	0.00891	0.01803	0.00203	0.00273	3.5e-05	0.00818	0.00308	0.00446	0.00532
2	0.00447	0.14503	0.56187	0.01322	0.02515	0.01398	0.07006	0.01034	0.03708	0.05457	0.02064	0.00253	0.00758	0.00296	0.01071	3.6e-05	0.00504	0.01221	0.00238	0.00016
3	0.00015	0.00010	0.00013	0.00015	0.00016	9.6e-05	0.00010	0.00017	0.00023	0.01153	0.14776	0.68259	0.06477	0.06386	0.01556	4.9e-05	6.9e-05	0.01233	0.00010	9.3e-05
4	0.00367	0.01223	0.12220	0.00580	0.01136	0.02047	0.00759	0.00747	0.01770	0.02317	0.03850	0.57753	0.10420	0.00929	0.00780	4.3e-05	0.00398	0.01618	0.01070	0.00011
5	0.01543	0.10232	0.10239	0.02510	0.12217	0.07835	0.05673	0.07390	0.04420	0.33599	0.00265	0.01266	0.00315	0.00213	0.00342	0.00244	0.00870	0.00238	0.00571	0.00017
6	0.00225	0.00283	0.11164	0.03379	0.09197	0.00472	0.02819	0.00990	0.06709	0.10738	0.10694	0.33946	0.04809	0.00543	0.00632	0.00369	0.00765	0.00373	0.01882	0.00013
7	0.00014	0.00011	0.00012	0.00012	0.00016	9.7e-05	9.1e-05	0.00017	0.00026	0.00033	0.18023	0.07117	0.70912	0.01721	0.00014	3.9e-05	5.8e-05	0.02023	0.00011	9.5e-05
8	0.01133	0.30623	0.17211	0.08894	0.09019	0.05337	0.05982	0.01153	0.02806	0.08102	0.00916	0.01212	0.00891	0.00458	0.00670	3.3e-05	0.04210	0.00340	0.01026	0.00015
9	0.02227	0.05953	0.24584	0.12877	0.22381	0.00889	0.10828	0.04237	0.03969	0.06084	0.00939	0.00440	0.00622	0.00299	0.00558	0.00330	0.01476	0.00874	0.00419	0.00016
10	0.00014	0.00011	0.00362	0.00016	0.00290	0.00266	0.00248	0.00286	0.00272	0.00336	0.05184	0.77382	0.03929	0.01049	0.06746	0.00331	0.00241	0.01732	0.01297	9.4e-05
11	0.01259	0.00695	0.00031	0.00028	0.00034	0.91585	0.00021	0.04418	0.00593	0.00542	0.00018	0.00021	0.00015	0.00012	0.00010	2.9e-05	0.00019	7.3e-05	0.00673	0.00013
12	0.03019	0.06196	0.14503	0.03048	0.08393	0.15323	0.09264	0.04261	0.04308	0.23820	0.01302	0.01771	0.00449	0.00811	0.00392	3.5e-05	0.02773	0.00010	0.00338	0.00016
13	0.00031	0.75343	0.01805	0.02072	0.01170	0.12979	0.01146	0.02544	0.00527	0.01460	0.00017	0.00020	0.00472	0.00010	8.1e-05	2.6e-05	0.00366	6.7e-05	5.3e-05	0.00014
14	0.00980	0.13398	0.09125	0.01974	0.07525	0.04219	0.03982	0.04964	0.03286	0.05780	0.00710	0.00245	0.00867	0.00217	0.00202	2.6e-05	0.00918	0.00254	0.00250	0.41100
15	0.02747	0.13923	0.12132	0.05020	0.07160	0.10143	0.01698	0.16587	0.10546	0.13718	0.00539	0.02461	0.00556	0.00283	0.00211	3.4e-05	0.01411	0.00517	0.00328	0.00016
16	0.00016	0.00012	0.00013	0.00013	0.00016	0.00010	9.7e-05	0.00020	0.02104	0.00490	0.45235	0.01062	0.38151	0.01628	0.00624	0.01583	5.8e-05	0.00534	0.08463	0.00010
17	0.00399	0.36302	0.00042	0.00333	0.00575	0.08231	0.00781	0.06517	0.09704	0.00332	0.00019	0.00024	0.00017	0.00724	0.00449	3.7e-05	0.35232	8.5e-05	0.00293	0.00014
18	0.92960	0.00021	0.00017	0.00015	0.00022	0.00025	0.00012	0.01198	0.00020	0.04730	0.00017	0.00892	0.00013	0.00011	7.2e-05	3.5e-05	8.7e-05	6.5e-05	7.3e-05	0.00012
19	0.00014	0.00011	0.00012	0.00012	0.00015	0.0001	9e-05	0.00017	0.00024	0.00030	0.06650	0.02074	0.72423	0.06772	0.08106	5.4e-05	8e-05	0.01080	0.02716	9.4e-05
20	0.00014	0.00010	0.00013	0.00015	0.00016	9.4e-05	0.00010	0.00016	0.00022	0.00029	0.00071	0.70827	0.20503	0.01407	0.00015	4.5e-05	6.6e-05	0.06990	0.00010	9.2e-05
21	0.00015	0.00011	0.00014	0.00014	0.00017	0.00010	0.00011	0.00020	0.00668	0.00040	0.65654	0.16973	0.09981	0.00025	0.00013	3.7e-05	5.7e-05	0.03414	0.01849	0.01261
22	0.00025	0.00028	0.01569	0.00041	0.00050	0.00920	0.78918	0.01405	0.00025	0.00034	0.00026	0.02695	0.00022	0.09658	0.00017	4.5e-05	0.00612	0.02723	6.1e-05	0.01222
23	0.00017	0.00484	0.00399	0.10051	0.01230	0.00013	0.01169	0.01757	0.00022	0.01594	0.01519	0.69219	0.00495	0.00682	0.00015	0.00497	0.04819	0.05997	9.4e-05	0.00010
24	0.00023	0.00020	0.00023	0.00016	0.00026	0.00015	0.00013	0.00028	0.00023	0.00036	0.00020	0.00023	0.00016	8.2e-05	8.2e-05	1.6e-05	8.2e-05	6.6e-05	6.6e-05	0.99677
25	0.00015	0.00010	0.00014	0.00016	0.00017	0.00376	0.00011	0.00656	0.00621	0.01116	0.05279	0.86609	0.01748	0.00886	0.00805	4.6e-05	6.8e-05	0.01066	0.00395	0.00351
26	0.01188	0.00020	0.00024	0.00017	0.00027	0.00015	0.00962	0.01121	0.00023	0.00037	0.00020	0.00023	0.00016	8.3e-05	8.3e-05	1.7e-05	8.4e-05	6.7e-05	6.6e-05	0.96466
27	0.05107	0.05334	0.08637	0.07757	0.38573	0.01739	0.01482	0.04853	0.00672	0.14463	0.00816	0.00366	0.00489	0.00011	0.00301	3.3e-05	0.00584	0.00208	0.00277	0.08330
28	0.16606	0.01043	0.00346	0.00311	0.02538	0.01161	0.16456	0.02143	0.00432	0.00878	0.00018	0.00239	0.00543	0.00355	0.00764	0.00267	0.54969	9.8e-05	5.7e-05	0.00915

[dist]
# distance from previous block
# <min> <max>
3	9

[block]
# block no. 4 follows, 3113 sequences, length 27
# corresponding to MSA columns:
# 249-264,268-278
name=unknown_E
#
# <colnr> <probs for GDERKNQSTAVLIFYWHMCP>
#	G	D	E	R	K	N	Q	S	T	A	V	L	I	F	Y	W	H	M	C	P
0	0.01730	0.11113	0.13581	0.13436	0.09401	0.12805	0.09220	0.03556	0.06129	0.04012	0.03299	0.02955	0.01764	0.00726	0.00518	0.00291	0.04176	0.00843	6.7e-05	0.00438
1	0.00716	0.01406	0.06031	0.10366	0.27129	0.01018	0.01291	0.03127	0.02532	0.25881	0.05012	0.06021	0.01725	0.00218	0.00324	0.00638	0.01985	0.01317	0.00796	0.02467
2	0.00019	0.00012	0.00015	0.00014	0.00017	0.00011	0.00011	0.00023	0.00561	0.10511	0.47421	0.06581	0.28290	0.00608	0.00517	3.7e-05	6.1e-05	0.00968	0.03993	0.00418
3	0.00656	0.00294	0.00791	0.01987	0.02740	0.01041	0.02844	0.00391	0.06112	0.02042	0.02282	0.38391	0.26989	0.07185	0.00566	0.00384	7.8e-05	0.00846	0.04441	0.00010
4	0.02120	0.10729	0.34247	0.02004	0.01513	0.10993	0.06363	0.05722	0.01735	0.08166	0.00415	0.05503	0.00022	0.00429	0.03490	0.01887	0.02028	0.02612	6.7e-05	0.00015
5	0.00035	0.00262	0.03701	0.16616	0.04941	0.00508	0.01625	0.06293	0.07978	0.42290	0.01819	0.07150	0.00998	0.00295	0.01175	3.8e-05	0.02348	0.01021	0.00639	0.00301
6	0.00014	0.00011	0.00012	0.00012	0.00016	9.7e-05	9.1e-05	0.00017	0.00846	0.00031	0.08861	0.10107	0.78425	0.00028	0.00013	3.8e-05	5.8e-05	0.01559	0.00011	9.5e-05
7	0.00034	0.38823	0.00485	0.03383	0.01694	0.05593	0.00640	0.18071	0.02556	0.15778	0.00821	0.04370	0.01609	0.00013	0.00246	0.00238	0.03920	9.7e-05	0.00714	0.01003
8	0.00023	0.00309	0.00459	0.00287	0.00277	0.00015	0.00597	0.01503	0.01236	0.04637	0.03942	0.04826	0.02570	0.01518	0.03646	2.8e-05	0.00460	0.00398	0.00238	0.73056
9	0.02973	0.15865	0.26037	0.04586	0.08395	0.04253	0.03067	0.06521	0.02138	0.13164	0.01703	0.03296	0.01317	0.00911	0.00721	3.6e-05	0.03005	0.01726	0.00302	0.00015
10	0.00027	0.00026	0.00045	0.01974	0.97634	0.00026	0.00034	0.00034	0.00025	0.00036	0.00021	0.00028	0.00018	9.9e-05	0.00011	3.3e-05	0.00013	9.9e-05	5.5e-05	0.00018
11	0.00030	0.99615	0.00058	0.00019	0.00029	0.00044	0.00019	0.00033	0.00023	0.00026	0.00015	0.00018	0.00014	9.5e-05	7.1e-05	2.4e-05	0.00012	6e-05	4.8e-05	0.00014
12	0.00499	0.00012	0.00016	0.00015	0.00018	0.00011	0.00011	0.00826	0.00031	0.10724	0.77375	0.00928	0.07786	0.00022	0.00013	3.5e-05	5.9e-05	0.00828	0.00864	0.00011
13	0.00030	0.97100	0.02572	0.00019	0.00029	0.00044	0.00020	0.00033	0.00023	0.00026	0.00016	0.00018	0.00014	9.6e-05	7.2e-05	2.4e-05	0.00012	6e-05	4.8e-05	0.00014
14	0.83367	0.00020	0.00016	0.00015	0.00021	0.00023	0.00012	0.01697	0.00020	0.03339	0.00019	0.00022	0.00015	0.00011	7.2e-05	3.3e-05	8.3e-05	6.8e-05	0.11366	0.00012
15	0.00016	0.00011	0.00013	0.00014	0.00015	0.00011	9e-05	0.01289	0.00020	0.01619	0.09200	0.19005	0.05993	0.55195	0.00796	8e-05	9.3e-05	0.06759	8.6e-05	8.3e-05
16	0.01253	0.00412	0.00032	0.00028	0.00936	0.03280	0.00601	0.07826	0.21395	0.00828	0.00023	0.00373	0.00020	0.00017	0.00027	4.4e-05	0.62352	0.00010	0.00569	0.00014
17	0.00024	0.04792	0.02089	0.00817	0.00027	0.00713	0.00403	0.03739	0.03681	0.03788	0.04914	0.01483	0.01708	0.01069	0.02028	2.7e-05	0.01018	0.00944	0.02722	0.64038
18	0.03980	0.00423	0.08269	0.00635	0.00738	0.00749	0.01438	0.03475	0.05656	0.06357	0.15991	0.15867	0.14063	0.01751	0.13849	0.00273	0.01796	0.04337	0.00339	0.00012
19	0.04245	0.00047	0.00031	0.00027	0.00034	0.75464	0.00555	0.16271	0.00521	0.00874	0.00020	0.00023	0.00606	0.00012	0.00010	3e-05	0.00018	0.00761	0.00463	0.00014
20	0.00019	0.00013	0.00017	0.00975	0.00349	0.00305	0.01907	0.01283	0.04602	0.09085	0.28961	0.25928	0.11054	0.07907	0.01098	4.6e-05	7.7e-05	0.06056	0.00419	0.00011
21	0.83468	0.00021	0.00896	0.00016	0.00022	0.00024	0.00013	0.01957	0.00509	0.08963	0.00527	0.01276	0.00016	0.00680	0.00762	3.6e-05	9e-05	0.00409	0.00416	0.00013
22	0.07252	0.00364	0.03531	0.35757	0.24193	0.02745	0.01936	0.01247	0.00746	0.07216	0.00026	0.08374	0.00022	0.00015	0.02649	0.00251	0.02431	0.00499	0.00732	0.00014
23	0.00015	0.00011	0.00014	0.00016	0.00017	0.00860	0.00011	0.00019	0.02164	0.00500	0.12310	0.64794	0.04377	0.01715	0.00434	4.6e-05	7.1e-05	0.12301	0.00420	9.6e-05
24	0.01442	0.00015	0.00019	0.00017	0.00021	0.00827	0.00717	0.06515	0.03408	0.17417	0.16958	0.08141	0.02055	0.14023	0.06017	0.06290	0.01267	0.09458	0.05382	0.00012
25	0.00615	0.00310	0.03456	0.05612	0.03292	0.02047	0.12341	0.09668	0.12875	0.05718	0.02918	0.18056	0.10215	0.02347	0.01693	4.3e-05	0.00310	0.07202	0.01308	0.00013
26	0.62389	0.04291	0.01491	0.09122	0.01556	0.10979	0.01820	0.01391	0.00692	0.00855	0.00265	0.00022	0.00014	0.01054	9.2e-05	3.5e-05	0.02168	0.00621	0.00607	0.00651

[dist]
# distance from previous block
# <min> <max>
6	42

[block]
# block no. 5 follows, 3113 sequences, length 11
# corresponding to MSA columns:
# 327-335,337,338
name=unknown_F
#
# <colnr> <probs for GDERKNQSTAVLIFYWHMCP>
#	G	D	E	R	K	N	Q	S	T	A	V	L	I	F	Y	W	H	M	C	P
0	0.01376	0.00014	0.00015	0.00013	0.00017	0.02681	0.00010	0.03175	0.01439	0.16603	0.00038	0.06220	0.00030	0.00014	9e-05	2.9e-05	6.7e-05	0.00012	0.68310	0.00012
1	0.00029	0.00024	0.00026	0.00023	0.00029	0.00028	0.00018	0.06232	0.93345	0.00048	0.00044	0.00041	0.00033	0.00015	0.00011	3.8e-05	9e-05	0.00012	0.00011	0.00018
2	0.00026	0.00020	0.00023	0.00017	0.00027	0.00015	0.00014	0.02588	0.00025	0.10211	0.02695	0.00026	0.00020	9.3e-05	8.8e-05	1.9e-05	8.4e-05	7.5e-05	7.6e-05	0.84250
3	0.00579	0.00595	0.02296	0.13925	0.06709	0.04007	0.05983	0.02429	0.01646	0.19823	0.00607	0.21490	0.00634	0.02295	0.08255	0.00551	0.03075	0.04462	0.00623	0.00013
4	0.75192	0.00022	0.00019	0.00016	0.00024	0.00024	0.00014	0.08243	0.00024	0.16302	0.00021	0.00022	0.00015	0.00011	7.9e-05	3.4e-05	9.1e-05	7.2e-05	8.4e-05	0.00014
5	0.01820	0.00013	0.00015	0.00013	0.00018	0.00012	0.00010	0.02785	0.01188	0.11986	0.20042	0.00077	0.40765	0.00022	0.00012	3.5e-05	6.3e-05	0.01905	0.19296	0.00011
6	0.00018	0.00639	0.00018	0.00633	0.00661	0.00013	0.01842	0.06635	0.00788	0.00861	0.11772	0.16162	0.22846	0.00673	0.00731	0.00653	8.4e-05	0.34262	0.00774	0.00011
7	0.00585	0.01290	0.27630	0.06585	0.06810	0.01538	0.02012	0.00893	0.17403	0.07849	0.02821	0.05491	0.03979	0.06670	0.01714	4.4e-05	0.02983	0.03206	0.00521	0.00015
8	0.00015	0.00011	0.00014	0.00016	0.00017	0.00010	0.00011	0.00018	0.01519	0.01532	0.02386	0.64415	0.11447	0.02533	0.00015	4.6e-05	7.1e-05	0.16008	0.00010	9.5e-05
9	0.01027	0.00011	0.00014	0.00015	0.00017	0.00010	0.00010	0.01053	0.01187	0.01878	0.03672	0.65684	0.14118	0.05990	0.00016	4.7e-05	6.9e-05	0.04274	0.01003	9.5e-05
10	0.01349	0.17311	0.17797	0.11959	0.28671	0.01305	0.05347	0.02343	0.01124	0.03523	0.01068	0.03711	0.00908	0.00012	0.00634	3.5e-05	0.02903	0.00010	6e-05	0.00015

[dist]
# distance from previous block
# <min> <max>
4	10

[block]
# block no. 6 follows, 3113 sequences, length 23
# corresponding to MSA columns:
# 379-381,383-402
name=unknown_G
#
# <colnr> <probs for GDERKNQSTAVLIFYWHMCP>
#	G	D	E	R	K	N	Q	S	T	A	V	L	I	F	Y	W	H	M	C	P
0	0.00016	0.00013	0.00015	0.00364	0.00018	0.00012	0.00011	0.00356	0.11462	0.00609	0.09668	0.47688	0.19252	0.01894	0.00828	0.00512	0.00332	0.02161	0.00588	0.04200
1	0.00464	0.03432	0.15200	0.08741	0.17416	0.03769	0.03424	0.12870	0.04589	0.17349	0.01323	0.00690	0.01126	0.02132	0.03850	0.00244	0.01687	0.00400	0.00795	0.00497
2	0.93311	0.00022	0.00017	0.00622	0.00022	0.00937	0.00012	0.01980	0.00020	0.00701	0.00583	0.00019	0.00543	0.00011	7.3e-05	3.4e-05	0.00648	6.4e-05	0.00521	0.00012
3	0.00029	0.00023	0.00037	0.04724	0.57635	0.00023	0.03899	0.02641	0.00821	0.13741	0.01000	0.11776	0.00525	0.00014	0.00012	3.6e-05	0.00012	0.03062	7.6e-05	0.00016
4	0.00029	0.16265	0.10075	0.07646	0.06803	0.25056	0.02305	0.00698	0.01910	0.00029	0.00706	0.00503	0.00372	0.00510	0.00642	3.7e-05	0.26419	8.8e-05	5.4e-05	0.00014
5	0.00033	0.00016	0.00020	0.00017	0.00023	0.00014	0.00013	0.01011	0.02505	0.48598	0.34598	0.00713	0.04705	0.00938	0.00012	3.5e-05	7.6e-05	0.01225	0.05533	0.00015
6	0.00671	0.00013	0.00016	0.00015	0.00018	0.00012	0.00011	0.00523	0.07285	0.02823	0.75003	0.04066	0.01640	0.00022	0.00013	3.5e-05	5.8e-05	0.00521	0.07330	0.00011
7	0.00015	0.00011	0.00014	0.00013	0.00016	0.00010	0.00010	0.00020	0.00029	0.00040	0.67599	0.01803	0.28254	0.00025	0.00013	3.6e-05	5.5e-05	0.02095	0.00012	0.00010
8	0.00015	0.00011	0.00013	0.00013	0.00016	0.0001	9.8e-05	0.00019	0.00028	0.00954	0.45967	0.09320	0.41664	0.00026	0.00013	3.7e-05	5.6e-05	0.01158	0.00744	0.0001
9	0.95855	0.00022	0.00017	0.00015	0.00022	0.02351	0.00012	0.01534	0.00020	0.00050	0.00016	0.00018	0.00012	0.00010	7e-05	3.4e-05	8.9e-05	6.1e-05	6.9e-05	0.00012
10	0.00027	0.00020	0.00032	0.70555	0.00800	0.00023	0.01631	0.01028	0.01489	0.19525	0.01712	0.00033	0.00020	0.00012	0.00011	3.7e-05	0.01213	0.00513	0.01340	0.00014
11	0.18630	0.00029	0.00030	0.00024	0.00032	0.00033	0.00019	0.80947	0.00046	0.00066	0.00025	0.00025	0.00018	0.00013	0.00010	3.4e-05	0.00012	9.3e-05	0.00010	0.00018
12	0.00281	0.01161	0.03064	0.01590	0.00450	0.51232	0.00607	0.00568	0.03557	0.02898	0.08084	0.05705	0.10754	0.00333	0.00289	3.4e-05	0.02962	0.04010	7.6e-05	0.02444
13	0.00017	0.00014	0.00637	0.00015	0.00019	0.00571	0.00011	0.01002	0.18168	0.00034	0.08307	0.11607	0.57537	0.00026	0.00013	3.8e-05	0.01976	0.00022	0.00011	0.00011
14	0.00016	0.00012	0.00015	0.00014	0.00017	0.00699	0.00011	0.00021	0.00674	0.00631	0.87607	0.02645	0.05958	0.01008	0.00014	3.6e-05	5.5e-05	0.00626	0.00012	0.00010
15	0.97293	0.00022	0.00017	0.00015	0.00022	0.00025	0.00012	0.02423	0.00020	0.00050	0.00016	0.00018	0.00012	0.00010	7e-05	3.4e-05	8.7e-05	6.1e-05	7e-05	0.00012
16	0.00438	0.00023	0.00040	0.39312	0.53449	0.00025	0.01736	0.00859	0.00702	0.00548	0.00433	0.00975	0.00018	0.00011	0.00011	0.00969	0.00014	0.00416	5.5e-05	0.00015
17	0.00024	0.00020	0.00023	0.00017	0.00027	0.00016	0.00014	0.02628	0.02957	0.01173	0.00021	0.00024	0.00017	8.6e-05	8.4e-05	1.8e-05	8.4e-05	6.9e-05	6.9e-05	0.92998
18	0.00017	0.00012	0.00016	0.00018	0.00020	0.00012	0.01111	0.00528	0.01604	0.02172	0.11739	0.29625	0.09582	0.00533	0.00015	4.6e-05	8.1e-05	0.42504	0.00470	0.00010
19	0.17775	0.00022	0.00025	0.00020	0.00028	0.00022	0.01983	0.21360	0.02793	0.45428	0.03495	0.01064	0.00500	0.01528	0.00502	0.00326	0.0001	0.01173	0.00418	0.01525
20	0.01915	0.00017	0.00024	0.00648	0.01448	0.02307	0.12360	0.05037	0.01742	0.08310	0.00901	0.34842	0.05832	0.02384	0.00883	4.5e-05	0.01760	0.18907	0.00367	0.00311
21	0.00016	0.00018	0.15967	0.00521	0.00023	0.00013	0.00541	0.00020	0.00023	0.00031	0.00734	0.58704	0.01340	0.00601	0.00014	0.00970	9e-05	0.20435	9.3e-05	0.00010
22	0.00683	0.00011	0.00014	0.00016	0.00017	0.00010	0.00011	0.00734	0.00022	0.02203	0.01518	0.77851	0.00941	0.03824	0.00016	4.8e-05	7.1e-05	0.11417	0.00690	9.4e-05

[dist]
# distance from previous block
# <min> <max>
3	12

[block]
# block no. 7 follows, 3113 sequences, length 11
# corresponding to MSA columns:
# 415-419,423-426,429,430
name=unknown_H
#
# <colnr> <probs for GDERKNQSTAVLIFYWHMCP>
#	G	D	E	R	K	N	Q	S	T	A	V	L	I	F	Y	W	H	M	C	P
0	0.24662	0.11269	0.01490	0.01786	0.01013	0.48666	0.01688	0.02373	0.00027	0.00765	0.00017	0.00021	0.00014	0.00825	0.00011	0.00787	0.03817	7.3e-05	0.00748	0.00013
1	0.02330	0.00018	0.00022	0.00018	0.00025	0.00016	0.00015	0.06924	0.01359	0.63906	0.01345	0.00039	0.00028	0.00014	0.00010	3.3e-05	8.6e-05	0.01392	0.22509	0.00017
2	0.00029	0.00023	0.00025	0.00022	0.00028	0.00026	0.00017	0.08622	0.79231	0.03686	0.04469	0.00044	0.03695	0.00016	0.00011	3.7e-05	8.9e-05	0.00013	0.00011	0.00017
3	0.00017	0.00012	0.00016	0.00015	0.00018	0.00012	0.00011	0.00024	0.06427	0.01667	0.84774	0.01595	0.03649	0.00022	0.00013	3.5e-05	5.6e-05	0.00020	0.00012	0.01689
4	0.00029	0.02794	0.00924	0.00023	0.00791	0.00794	0.01260	0.10109	0.78219	0.00890	0.01379	0.00041	0.01045	0.00015	0.00011	3.7e-05	9.5e-05	0.00786	0.00860	0.00017
5	0.02229	0.00013	0.00015	0.00015	0.00018	0.01041	0.01119	0.01134	0.04602	0.00975	0.30200	0.13822	0.33288	0.01379	0.01432	4.1e-05	0.00634	0.06414	0.00922	0.00745
6	0.01441	0.00013	0.00015	0.00014	0.00018	0.00013	0.00011	0.00032	0.09403	0.16887	0.12422	0.08387	0.01711	0.00017	0.0001	3.2e-05	6.4e-05	0.00014	0.49570	0.00012
7	0.02014	0.00026	0.00034	0.00029	0.00030	0.05128	0.01908	0.02018	0.01583	0.00029	0.00016	0.00024	0.00015	0.00019	0.00033	4.7e-05	0.87063	9.7e-05	5.2e-05	0.00012
8	0.00740	0.00025	0.00876	0.13501	0.03401	0.00027	0.00756	0.47751	0.09979	0.02478	0.02414	0.04038	0.08050	0.00015	0.00012	3.5e-05	0.01466	0.00012	9.7e-05	0.04446
9	0.06933	0.05384	0.01421	0.23660	0.17347	0.01799	0.04939	0.02613	0.00023	0.07093	0.00584	0.03706	0.00023	0.10353	0.05428	0.00592	0.06901	0.00641	0.00546	0.00013
10	0.00029	0.04451	0.00027	0.00022	0.00029	0.00028	0.00018	0.09356	0.79423	0.02782	0.03680	0.00041	0.00034	0.00015	0.00011	3.7e-05	9.2e-05	0.00012	0.00011	0.00017

[dist]
# distance from previous block
# <min> <max>
3	6

[block]
# block no. 8 follows, 3113 sequences, length 22
# corresponding to MSA columns:
# 458-479
name=unknown_I
#
# <colnr> <probs for GDERKNQSTAVLIFYWHMCP>
#	G	D	E	R	K	N	Q	S	T	A	V	L	I	F	Y	W	H	M	C	P
0	0.02711	0.01994	0.10397	0.05074	0.14560	0.00684	0.03549	0.09891	0.06036	0.28479	0.01217	0.00444	0.00437	0.00289	0.00011	3.3e-05	0.01543	0.00280	0.00287	0.12113
1	0.02456	0.08809	0.29864	0.01755	0.09095	0.01362	0.05535	0.10577	0.01842	0.18476	0.00462	0.01017	0.00480	0.02693	0.01009	0.00266	0.03263	0.00347	0.00676	0.00016
2	0.00019	0.00019	0.07315	0.00831	0.03910	0.00339	0.01042	0.00571	0.00853	0.01270	0.12574	0.14121	0.18007	0.03656	0.11928	6e-05	0.21952	0.01206	8.1e-05	0.00373
3	0.00688	0.00017	0.00019	0.00018	0.00022	0.00018	0.00014	0.01826	0.40029	0.05983	0.19861	0.05788	0.03894	0.00018	0.00011	3.6e-05	7.3e-05	0.03339	0.18428	0.00014
4	0.01848	0.00025	0.04731	0.40754	0.24697	0.01674	0.06866	0.06249	0.00779	0.04402	0.00471	0.04377	0.00879	0.00013	0.00323	3.6e-05	0.00657	0.00792	0.00445	0.00015
5	0.01163	0.02570	0.10622	0.18394	0.07520	0.11487	0.26488	0.06070	0.03383	0.04586	0.00403	0.02987	0.01173	0.00012	0.00012	3.6e-05	0.01488	0.00833	0.00791	0.00015
6	0.05051	0.00020	0.00026	0.00020	0.00570	0.00857	0.00016	0.03435	0.00628	0.87345	0.00559	0.00037	0.00027	0.00014	0.00011	3.4e-05	9.6e-05	0.00533	0.00819	0.00018
7	0.00848	0.91931	0.04235	0.00020	0.00845	0.00879	0.01054	0.00034	0.00023	0.00027	0.00016	0.00018	0.00014	9.6e-05	7.4e-05	2.5e-05	0.00012	6.2e-05	4.8e-05	0.00014
8	0.00014	0.00011	0.00012	0.00012	0.00015	9.6e-05	9.1e-05	0.00017	0.00026	0.00032	0.15665	0.12524	0.67581	0.02306	0.00014	4e-05	5.8e-05	0.00956	0.00777	9.5e-05
9	0.00015	0.00011	0.00013	0.00014	0.00016	9.7e-05	0.00010	0.00018	0.00025	0.00875	0.30308	0.43860	0.23049	0.00815	0.00014	4.1e-05	6e-05	0.00916	0.00011	9.6e-05
10	0.00015	0.00011	0.00013	0.00013	0.00016	0.00010	9.6e-05	0.00019	0.00028	0.01063	0.53525	0.00948	0.36991	0.03258	0.00925	3.9e-05	5.9e-05	0.00021	0.03113	0.00010
11	0.02579	0.00017	0.00021	0.00018	0.00024	0.00016	0.00014	0.10085	0.03267	0.39974	0.35247	0.04190	0.01247	0.00018	0.00012	3.5e-05	8e-05	0.00666	0.01873	0.00720
12	0.05263	0.01092	0.03023	0.00020	0.00029	0.00018	0.00017	0.02092	0.00730	0.86391	0.00041	0.00036	0.00026	0.00013	0.00011	3.4e-05	9.7e-05	0.00011	0.01155	0.00018
13	0.00023	0.00014	0.00017	0.00555	0.00020	0.00013	0.00013	0.00704	0.09870	0.16594	0.42230	0.04870	0.16427	0.00022	0.00013	3.7e-05	6.9e-05	0.07342	0.01250	0.00012
14	0.96686	0.00021	0.00017	0.00015	0.00022	0.00025	0.00012	0.00033	0.00019	0.03047	0.00016	0.00019	0.00013	0.00010	7e-05	3.4e-05	8.6e-05	6.2e-05	7.1e-05	0.00012
15	0.00329	0.00559	0.00339	0.24693	0.38293	0.00475	0.06461	0.05317	0.00315	0.00928	0.10733	0.01556	0.04659	0.00014	0.00453	3.6e-05	0.02956	0.00445	0.01458	0.00015
16	0.02409	0.00504	0.00944	0.02754	0.00765	0.00017	0.01509	0.01416	0.00804	0.24145	0.00897	0.01071	0.01413	0.00011	0.00418	2.5e-05	0.00361	0.00941	8.5e-05	0.59610
17	0.20389	0.03951	0.13295	0.07955	0.14260	0.17118	0.02533	0.00590	0.00339	0.01858	0.00477	0.03079	0.00017	0.01193	0.00593	3.7e-05	0.11805	9.2e-05	0.00518	0.00014
18	0.00458	0.00012	0.00015	0.00378	0.02142	0.00012	0.00011	0.01288	0.03132	0.02221	0.02182	0.28621	0.04670	0.37153	0.01252	7e-05	0.00381	0.15705	0.00351	9.3e-05
19	0.00014	0.00011	0.00013	0.00013	0.00016	9.9e-05	9.5e-05	0.00018	0.00027	0.00035	0.38721	0.14430	0.42791	0.02627	0.01210	4.1e-05	6e-05	0.00023	0.00011	9.7e-05
20	0.05514	0.04059	0.00752	0.04106	0.27201	0.04214	0.02805	0.02026	0.38900	0.00730	0.00403	0.00533	0.00024	0.00013	0.00411	3.4e-05	0.00409	0.00314	8.1e-05	0.07576
21	0.28658	0.01048	0.05834	0.01829	0.11519	0.00325	0.00457	0.03946	0.01135	0.36734	0.00376	0.00327	0.00469	0.00012	0.00286	3.4e-05	0.00587	0.00373	0.00293	0.05787

[dist]
# distance from previous block
# <min> <max>
6	8

[block]
# block no. 9 follows, 3113 sequences, length 10
# corresponding to MSA columns:
# 505-514
name=unknown_J
#
# <colnr> <probs for GDERKNQSTAVLIFYWHMCP>
#	G	D	E	R	K	N	Q	S	T	A	V	L	I	F	Y	W	H	M	C	P
0	0.00044	0.00020	0.00027	0.00021	0.00029	0.00018	0.04848	0.05944	0.03062	0.76040	0.03230	0.02974	0.00031	0.00015	0.00011	3.5e-05	9.8e-05	0.01965	0.01690	0.00018
1	0.00020	0.00014	0.00017	0.00016	0.01054	0.00014	0.00012	0.01030	0.13728	0.08682	0.48862	0.01194	0.21541	0.00023	0.01196	3.8e-05	6.7e-05	0.01236	0.01339	0.00012
2	0.00016	0.00011	0.00014	0.00014	0.00016	0.00010	0.00010	0.00021	0.00030	0.01731	0.76475	0.06321	0.10211	0.02958	0.00014	3.8e-05	5.6e-05	0.00021	0.02106	0.00010
3	0.00015	0.00011	0.00013	0.00013	0.00016	9.8e-05	9.5e-05	0.00018	0.00026	0.01783	0.23335	0.11112	0.59582	0.01799	0.00014	3.9e-05	5.9e-05	0.02213	0.00011	9.8e-05
4	0.03399	0.92886	0.00056	0.00019	0.00029	0.00043	0.00019	0.03392	0.00024	0.00028	0.00016	0.00018	0.00014	9.7e-05	7.3e-05	2.5e-05	0.00012	6.1e-05	5.1e-05	0.00014
5	0.00021	0.00013	0.00016	0.00015	0.00018	0.00012	0.00011	0.00026	0.02975	0.13145	0.77574	0.00077	0.03802	0.02229	0.00014	3.7e-05	6.1e-05	0.00019	0.00012	0.00012
6	0.91932	0.00022	0.00017	0.00015	0.00022	0.00025	0.00013	0.03520	0.00021	0.04307	0.00017	0.00019	0.00013	0.00011	7.2e-05	3.4e-05	8.8e-05	6.4e-05	7.3e-05	0.00013
7	0.00018	0.00015	0.00017	0.00016	0.00020	0.02213	0.01871	0.02967	0.11155	0.01562	0.13848	0.01478	0.47137	0.02778	0.06655	5e-05	8.9e-05	0.08216	0.00010	0.00011
8	0.01066	0.01236	0.01323	0.00941	0.00033	0.55164	0.00021	0.18417	0.12690	0.01057	0.00024	0.00026	0.01014	0.00013	0.00012	3.2e-05	0.05966	8.8e-05	0.00969	0.00015
9	0.00558	0.01664	0.02321	0.51552	0.02063	0.00021	0.00736	0.01165	0.00582	0.01347	0.09137	0.01364	0.01057	0.07434	0.01502	0.03800	0.05464	0.00613	0.00642	0.06977

[dist]
# distance from previous block
# <min> <max>
0	27

[block]
# block no. 10 follows, 3113 sequences, length 7
# corresponding to MSA columns:
# 548,559-562,568,571
name=unknown_K
#
# <colnr> <probs for GDERKNQSTAVLIFYWHMCP>
#	G	D	E	R	K	N	Q	S	T	A	V	L	I	F	Y	W	H	M	C	P
0	0.03504	0.01021	0.00016	0.00990	0.01092	0.04021	0.01064	0.00020	0.01369	0.01101	0.07196	0.61221	0.11505	0.01083	0.01101	4.4e-05	7.7e-05	0.02160	9.9e-05	0.01514
1	0.00843	0.00015	0.00915	0.02283	0.04494	0.01175	0.02646	0.02571	0.07242	0.03275	0.37776	0.05397	0.04759	0.01366	0.01080	0.05564	0.01141	0.01098	0.16347	0.00012
2	0.91829	0.00022	0.00018	0.00016	0.00023	0.00026	0.00013	0.07877	0.00022	0.00052	0.00016	0.00019	0.00013	0.00011	7.2e-05	3.4e-05	8.9e-05	6.3e-05	7.2e-05	0.00013
3	0.00030	0.99615	0.00058	0.00019	0.00029	0.00044	0.00019	0.00033	0.00023	0.00026	0.00015	0.00018	0.00014	9.5e-05	7.1e-05	2.4e-05	0.00012	6e-05	4.8e-05	0.00014
4	0.01815	0.00012	0.00015	0.00014	0.00017	0.00011	0.00010	0.00022	0.01949	0.04117	0.69055	0.04975	0.11238	0.04041	0.00015	3.9e-05	5.9e-05	0.00020	0.02653	0.00011
5	0.01192	0.43360	0.13461	0.02539	0.04910	0.02589	0.03211	0.01954	0.02286	0.12557	0.03122	0.01143	0.01034	0.00013	0.01006	3.2e-05	0.04451	8.9e-05	0.01145	0.00015
6	0.00779	0.04801	0.01054	0.00854	0.02452	0.00015	0.00855	0.01011	0.01743	0.03879	0.01055	0.06355	0.02392	0.47022	0.13534	0.00779	0.00787	0.00912	0.00786	0.08936

[dist]
# distance from previous block
# <min> <max>
0	1

[block]
# block no. 11 follows, 3113 sequences, length 6
# corresponding to MSA columns:
# 573-575,579,588,590
name=unknown_L
#
# <colnr> <probs for GDERKNQSTAVLIFYWHMCP>
#	G	D	E	R	K	N	Q	S	T	A	V	L	I	F	Y	W	H	M	C	P
0	0.09469	0.11809	0.15786	0.01490	0.06803	0.08483	0.01662	0.12020	0.04204	0.13509	0.03888	0.00996	0.01230	0.00013	0.00942	0.00954	0.01199	0.00950	7.9e-05	0.04584
1	0.01420	0.00015	0.01474	0.00018	0.02247	0.00014	0.00014	0.01423	0.02998	0.32094	0.36341	0.07448	0.05236	0.01577	0.00013	3.7e-05	7.5e-05	0.01519	0.06126	0.00014
2	0.00928	0.03779	0.08329	0.04577	0.16890	0.00932	0.07493	0.08887	0.03286	0.17658	0.04359	0.08057	0.04239	0.01682	0.02707	0.02465	0.01016	0.01566	0.01135	0.00015
3	0.05467	0.14065	0.25799	0.01458	0.07807	0.04170	0.05122	0.09029	0.03451	0.04287	0.01107	0.01245	0.00019	0.00013	0.00961	0.02478	0.01028	0.01021	0.00971	0.10504
4	0.00022	0.01024	0.01147	0.12546	0.30024	0.01439	0.03070	0.01299	0.01510	0.01188	0.27326	0.03348	0.06840	0.00018	0.01127	0.01036	0.04907	0.01118	0.00997	0.00013
5	0.00039	0.00019	0.01569	0.00019	0.00026	0.02487	0.00015	0.04481	0.03007	0.61810	0.14426	0.01662	0.03062	0.01563	0.00012	3.5e-05	9e-05	0.00013	0.04184	0.01592

[dist]
# distance from previous block
# <min> <max>
0	3

[block]
# block no. 12 follows, 3113 sequences, length 9
# corresponding to MSA columns:
# 594-602
name=unknown_M
#
# <colnr> <probs for GDERKNQSTAVLIFYWHMCP>
#	G	D	E	R	K	N	Q	S	T	A	V	L	I	F	Y	W	H	M	C	P
0	0.38451	0.01204	0.02085	0.01097	0.03186	0.00801	0.00839	0.33713	0.00883	0.12289	0.01325	0.00856	0.00019	0.00841	0.00859	3.6e-05	0.00728	8.9e-05	0.00797	0.00015
1	0.00780	0.00612	0.00023	0.03171	0.10500	0.00634	0.00737	0.02088	0.00675	0.21931	0.00782	0.02097	0.01092	0.11067	0.17842	0.18874	0.03147	0.02696	0.00621	0.00631
2	0.00015	0.00011	0.00013	0.00013	0.00016	0.00010	9.8e-05	0.00018	0.00025	0.01284	0.13132	0.11271	0.54932	0.01316	0.04053	0.07533	7.3e-05	0.05083	0.01248	9.3e-05
3	0.00031	0.00025	0.00026	0.00023	0.00030	0.02251	0.00018	0.13864	0.75528	0.05471	0.02580	0.00040	0.00033	0.00015	0.00011	3.7e-05	9.5e-05	0.00012	0.00011	0.00018
4	0.03161	0.00020	0.00025	0.07124	0.04121	0.00017	0.00015	0.02253	0.00024	0.00037	0.00020	0.00024	0.00016	8.7e-05	8.6e-05	2e-05	9e-05	7e-05	6.5e-05	0.83101
5	0.00024	0.00019	0.00020	0.04376	0.00024	0.13829	0.00014	0.01627	0.00031	0.10710	0.63074	0.00069	0.01793	0.00020	0.00012	3.5e-05	8.5e-05	0.04325	0.00011	0.00012
6	0.00024	0.00020	0.00023	0.00017	0.00026	0.00016	0.00014	0.00032	0.08898	0.04732	0.00027	0.00029	0.04375	0.0001	8.9e-05	2e-05	8.2e-05	8.1e-05	7.5e-05	0.81723
7	0.83404	0.00022	0.00019	0.06202	0.04098	0.01925	0.00014	0.00033	0.00020	0.02304	0.00017	0.00020	0.00013	0.00011	7.5e-05	3.4e-05	9.4e-05	6.6e-05	0.01858	0.00012
8	0.92227	0.00021	0.00016	0.00015	0.00021	0.00024	0.00012	0.00032	0.00019	0.00049	0.00016	0.00019	0.00013	0.00010	7e-05	3.3e-05	8.5e-05	6.2e-05	0.03715	0.03764

[dist]
# distance from previous block
# <min> <max>
0	1

[block]
# block no. 13 follows, 3113 sequences, length 11
# corresponding to MSA columns:
# 604-614
name=unknown_N
#
# <colnr> <probs for GDERKNQSTAVLIFYWHMCP>
#	G	D	E	R	K	N	Q	S	T	A	V	L	I	F	Y	W	H	M	C	P
0	0.00017	0.00012	0.00015	0.00014	0.00017	0.00011	0.00011	0.00023	0.02679	0.03255	0.85035	0.02970	0.05852	0.00023	0.00013	3.6e-05	5.5e-05	0.00020	0.00012	0.00011
1	0.99687	0.00022	0.00016	0.00015	0.00022	0.00025	0.00012	0.00033	0.00019	0.00050	0.00016	0.00018	0.00012	0.00010	6.9e-05	3.4e-05	8.6e-05	6e-05	6.9e-05	0.00012
