[name]
unknown

[dist]
# distance from previous block
# <min> <max>
0	108

[block]
# block no. 0 follows, 2590 sequences, length 12
# corresponding to MSA columns:
# 129,130,132,133,135-137,139,141-144
name=unknown_A
#
# <colnr> <probs for GDERKNQSTAVLIFYWHMCP>
#	G	D	E	R	K	N	Q	S	T	A	V	L	I	F	Y	W	H	M	C	P
0	0.00022	0.01060	0.00022	0.00935	0.00027	0.00016	0.00020	0.02707	0.00922	0.00969	0.03148	0.08774	0.06861	0.00954	0.00019	5.8e-05	0.01640	0.71872	0.00012	0.00013
1	0.01263	0.02472	0.05759	0.25623	0.31282	0.07424	0.03827	0.05405	0.04934	0.01822	0.00029	0.00950	0.01347	0.02164	0.03623	5e-05	0.01248	0.00798	7.5e-05	0.00018
2	0.00018	0.03046	0.02294	0.00020	0.00022	0.00013	0.00793	0.00021	0.00026	0.01296	0.02345	0.82223	0.03703	0.00936	0.00017	5.3e-05	0.00996	0.01436	0.00012	0.00777
3	0.01235	0.01030	0.02103	0.00033	0.01303	0.38109	0.01950	0.08979	0.03761	0.01697	0.00597	0.01767	0.00612	0.03896	0.00616	4.9e-05	0.32273	0.00012	7.7e-05	0.00016
4	0.01372	0.21547	0.23205	0.01038	0.02056	0.17334	0.02126	0.04797	0.17158	0.00737	0.01764	0.00034	0.01798	0.00015	0.00013	3.9e-05	0.04351	0.00624	8.1e-05	0.00018
5	0.00018	0.00013	0.00016	0.00018	0.00020	0.00012	0.00013	0.00022	0.01183	0.03933	0.02305	0.76054	0.11544	0.01087	0.00017	5.3e-05	8e-05	0.02580	0.00013	0.01138
6	0.01750	0.00030	0.00650	0.17729	0.33115	0.02350	0.09767	0.15512	0.03908	0.03628	0.01902	0.01126	0.01153	0.00631	0.02769	4.7e-05	0.02180	0.00478	0.00486	0.00830
7	0.00898	0.01127	0.00029	0.01796	0.00033	0.04463	0.00017	0.03716	0.00031	0.12149	0.01932	0.01317	0.01405	0.00015	0.02703	3.1e-05	0.00012	0.0001	9.3e-05	0.68335
8	0.01369	0.02179	0.00684	0.00664	0.07297	0.05120	0.04944	0.06814	0.02605	0.45156	0.04178	0.00046	0.02237	0.03366	0.00015	4.2e-05	0.01069	0.01296	0.00012	0.10943
9	0.00455	0.03481	0.16132	0.00913	0.12077	0.00496	0.02366	0.05368	0.03198	0.13929	0.04089	0.02524	0.00873	0.00454	0.01472	0.00633	0.01560	0.00496	0.00481	0.29005
10	0.80781	0.00965	0.02777	0.04132	0.03303	0.02758	0.00018	0.01058	0.00919	0.00822	0.00020	0.00025	0.00016	0.01251	0.01107	4.4e-05	0.00012	8.1e-05	8.1e-05	0.00015
11	0.01865	0.00890	0.02461	0.00990	0.02734	0.01742	0.00874	0.45974	0.01751	0.36509	0.01666	0.00038	0.00028	0.00018	0.01751	4.4e-05	0.00658	0.00013	0.00014	0.00022

[dist]
# distance from previous block
# <min> <max>
4	5

[block]
# block no. 1 follows, 2590 sequences, length 9
# corresponding to MSA columns:
# 150-158
name=unknown_B
#
# <colnr> <probs for GDERKNQSTAVLIFYWHMCP>
#	G	D	E	R	K	N	Q	S	T	A	V	L	I	F	Y	W	H	M	C	P
0	0.00846	0.00757	0.00043	0.14039	0.44651	0.09942	0.00976	0.00888	0.11816	0.00762	0.01015	0.02632	0.02626	0.03141	0.01351	4.7e-05	0.03461	0.01023	8e-05	0.00018
1	0.00025	0.00023	0.00039	0.90048	0.00086	0.00029	0.00035	0.00034	0.02252	0.00035	0.00029	0.02274	0.02783	0.00015	0.00014	4.5e-05	0.02240	0.00013	6.4e-05	0.00015
2	0.00021	0.00016	0.00022	0.04582	0.08440	0.00016	0.00016	0.00909	0.00894	0.00973	0.51362	0.11875	0.13226	0.00028	0.00885	0.02484	0.00878	0.00023	0.00875	0.02472
3	0.91265	0.00025	0.00020	0.00018	0.00026	0.00029	0.00015	0.00040	0.00024	0.04695	0.00021	0.00024	0.00016	0.00013	8.6e-05	4.1e-05	0.00010	7.7e-05	0.03725	0.00015
4	0.00026	0.00024	0.00039	0.88062	0.00085	0.01629	0.01914	0.00035	0.02502	0.00035	0.00026	0.01696	0.00020	0.01653	0.00014	4.6e-05	0.00017	0.00013	0.02190	0.00015
5	0.99625	0.00026	0.00020	0.00018	0.00026	0.00030	0.00014	0.00039	0.00023	0.00060	0.00019	0.00022	0.00014	0.00012	8.3e-05	4.1e-05	0.00010	7.2e-05	8.3e-05	0.00014
6	0.00712	0.00834	0.15688	0.00739	0.00684	0.01291	0.06263	0.05216	0.07535	0.03663	0.03764	0.02694	0.39138	0.01295	0.00725	4.7e-05	0.05030	0.01935	0.00011	0.02781
7	0.69137	0.00027	0.00025	0.00021	0.00030	0.00030	0.00017	0.16408	0.00032	0.14128	0.00026	0.00027	0.00018	0.00014	9.8e-05	4.1e-05	0.00011	8.9e-05	0.00010	0.00017
8	0.03293	0.00035	0.00037	0.00029	0.00039	0.00038	0.00024	0.79899	0.05800	0.08118	0.00035	0.00034	0.00025	0.00016	0.00013	4e-05	0.00014	0.00012	0.02512	0.00022

[dist]
# distance from previous block
# <min> <max>
2	9

[block]
# block no. 2 follows, 2590 sequences, length 15
# corresponding to MSA columns:
# 168,170,200,218-224,248-252
name=unknown_C
#
# <colnr> <probs for GDERKNQSTAVLIFYWHMCP>
#	G	D	E	R	K	N	Q	S	T	A	V	L	I	F	Y	W	H	M	C	P
0	0.07180	0.00030	0.00048	0.02996	0.74059	0.01608	0.00036	0.00043	0.03513	0.06114	0.00830	0.00666	0.00023	0.00674	0.00014	4.1e-05	0.01260	0.00012	0.00870	0.00020
1	0.00034	0.00030	0.00031	0.00028	0.00035	0.03303	0.02053	0.06143	0.82005	0.00055	0.00051	0.02312	0.00040	0.01075	0.01888	4.9e-05	0.00012	0.00868	0.00013	0.00020
2	0.15448	0.00026	0.00030	0.00024	0.00033	0.00026	0.00019	0.26865	0.00042	0.48040	0.00041	0.00039	0.00028	0.00016	0.00012	4e-05	0.00012	0.00012	0.09264	0.00021
3	0.81606	0.00026	0.00022	0.00020	0.01384	0.00030	0.00016	0.03790	0.09169	0.01654	0.00024	0.00026	0.00018	0.00013	9.1e-05	4.1e-05	0.00011	8.4e-05	0.02154	0.00016
4	0.00027	0.00025	0.00041	0.73428	0.17213	0.00029	0.00036	0.00792	0.00028	0.00786	0.00844	0.01753	0.00022	0.03399	0.00015	4.7e-05	0.00773	0.00013	0.00757	0.00016
5	0.99625	0.00026	0.00020	0.00018	0.00026	0.00030	0.00014	0.00039	0.00023	0.00060	0.00019	0.00022	0.00014	0.00012	8.3e-05	4.1e-05	0.00010	7.2e-05	8.3e-05	0.00014
6	0.01483	0.01685	0.03380	0.01911	0.00039	0.02522	0.10664	0.03257	0.15561	0.02292	0.01955	0.00983	0.01038	0.00022	0.00492	5.2e-05	0.42325	0.10360	8.7e-05	0.00016
7	0.01709	0.02512	0.00052	0.07115	0.81268	0.04188	0.00039	0.01033	0.00031	0.00043	0.00025	0.00033	0.00021	0.00012	0.00013	4e-05	0.01019	0.00856	6.7e-05	0.00020
8	0.99625	0.00026	0.00020	0.00018	0.00026	0.00030	0.00014	0.00039	0.00023	0.00060	0.00019	0.00022	0.00014	0.00012	8.3e-05	4.1e-05	0.00010	7.2e-05	8.3e-05	0.00014
9	0.00034	0.00812	0.01185	0.00047	0.00059	0.00936	0.68008	0.02505	0.13694	0.08382	0.00034	0.01142	0.00025	0.00629	0.01369	4.8e-05	0.01090	0.00015	8.7e-05	0.00019
10	0.07226	0.00034	0.00046	0.03138	0.60715	0.12568	0.01189	0.01074	0.05017	0.00572	0.00028	0.03249	0.00024	0.01082	0.00015	0.00795	0.02652	0.00552	7.4e-05	0.00019
11	0.00052	0.00030	0.00038	0.03211	0.04311	0.00031	0.02809	0.45340	0.01017	0.41989	0.00040	0.00038	0.00027	0.00016	0.00013	4.1e-05	0.00014	0.00013	0.00984	0.00022
12	0.04952	0.00024	0.00039	0.94578	0.00089	0.00030	0.00036	0.00034	0.00027	0.00035	0.00024	0.00035	0.00018	0.00013	0.00013	4.4e-05	0.00017	0.00012	6.1e-05	0.00015
13	0.01687	0.01261	0.00617	0.01051	0.08321	0.03584	0.01242	0.62076	0.08987	0.05083	0.00034	0.00035	0.00025	0.00020	0.05314	5e-05	0.00614	0.00012	0.00012	0.00021
14	0.77581	0.00028	0.00027	0.01637	0.00938	0.03513	0.07696	0.02725	0.03287	0.00057	0.00841	0.00025	0.00017	0.00013	0.00010	4.2e-05	0.01568	8.7e-05	8.4e-05	0.00015

[dist]
# distance from previous block
# <min> <max>
1	7

[block]
# block no. 3 follows, 2590 sequences, length 17
# corresponding to MSA columns:
# 264-280
name=unknown_D
#
# <colnr> <probs for GDERKNQSTAVLIFYWHMCP>
#	G	D	E	R	K	N	Q	S	T	A	V	L	I	F	Y	W	H	M	C	P
0	0.02902	0.00025	0.00038	0.51193	0.12956	0.00540	0.00529	0.02616	0.00028	0.03004	0.00026	0.00035	0.00020	0.00878	0.04035	4.7e-05	0.02609	0.00662	7.1e-05	0.17893
1	0.00449	0.00364	0.08274	0.09925	0.00410	0.00497	0.01262	0.01027	0.02156	0.14688	0.07971	0.18053	0.05025	0.00546	0.00527	0.00332	0.00343	0.00496	0.00011	0.27644
2	0.74747	0.00025	0.00023	0.04530	0.01099	0.00878	0.00393	0.03402	0.01447	0.04243	0.00425	0.00029	0.00605	0.03381	0.00532	0.02573	0.00806	0.00464	0.00385	0.00015
3	0.00020	0.00013	0.00016	0.00017	0.02615	0.00014	9.4e-05	0.00020	0.00020	0.00027	0.00042	0.02261	0.00048	0.89495	0.03664	0.01670	0.00014	0.00019	8.1e-05	8.6e-05
4	0.00029	0.00067	0.91163	0.00038	0.00057	0.02256	0.02933	0.00043	0.00029	0.03228	0.00025	0.00029	0.00018	0.00013	0.00013	4.2e-05	0.00020	0.00010	6.1e-05	0.00020
5	0.95243	0.00026	0.00020	0.00018	0.00026	0.00030	0.00015	0.00040	0.00023	0.04434	0.00020	0.00023	0.00015	0.00013	8.5e-05	4.1e-05	0.00010	7.5e-05	8.6e-05	0.00015
6	0.99625	0.00026	0.00020	0.00018	0.00026	0.00030	0.00014	0.00039	0.00023	0.00060	0.00019	0.00022	0.00014	0.00012	8.3e-05	4.1e-05	0.00010	7.2e-05	8.3e-05	0.00014
7	0.02753	0.00037	0.00072	0.03775	0.00067	0.05203	0.84766	0.00917	0.01312	0.00923	0.00027	0.00035	0.00020	0.00012	0.00015	4.4e-05	0.00022	0.00015	7e-05	0.00018
8	0.00026	0.00021	0.00025	0.00670	0.01126	0.04596	0.02580	0.04284	0.16359	0.00043	0.02499	0.07055	0.06490	0.03301	0.00018	5.6e-05	0.00012	0.50863	0.00012	0.00014
9	0.00030	0.00027	0.01014	0.07173	0.00037	0.06998	0.00889	0.00037	0.02095	0.01666	0.00025	0.00029	0.00020	0.00011	0.00011	2.4e-05	0.00012	8.6e-05	7.9e-05	0.79908
10	0.00017	0.00012	0.00016	0.00018	0.00019	0.00012	0.00012	0.01025	0.00026	0.00779	0.00859	0.73985	0.12414	0.07209	0.00889	6e-05	8.5e-05	0.02669	0.00012	0.00011
11	0.00025	0.00022	0.00033	0.00029	0.03051	0.00867	0.13615	0.02595	0.01318	0.01803	0.08208	0.02014	0.04720	0.17449	0.21568	0.00445	0.21677	0.00538	8.4e-05	0.00014
12	0.00025	0.00022	0.00775	0.46527	0.08112	0.00024	0.03405	0.00033	0.00029	0.02459	0.00044	0.01959	0.01682	0.00022	0.00015	5e-05	0.00015	0.34823	8.7e-05	0.00015
13	0.00026	0.00025	0.00042	0.86574	0.06362	0.00030	0.02825	0.00887	0.01286	0.00891	0.00025	0.00925	0.00019	0.00014	0.00013	4.4e-05	0.00018	0.00012	6.3e-05	0.00016
14	0.00021	0.00014	0.00018	0.00019	0.00022	0.00014	0.00014	0.04396	0.02753	0.03915	0.08332	0.62643	0.08471	0.02777	0.00018	5.4e-05	8.5e-05	0.06536	0.00013	0.00012
15	0.00029	0.00024	0.00028	0.00020	0.00032	0.00018	0.00016	0.02316	0.00029	0.03603	0.00025	0.00028	0.00020	0.00010	0.00010	2.1e-05	0.00010	8.2e-05	8.4e-05	0.93760
16	0.01127	0.00030	0.00050	0.01060	0.84425	0.00030	0.01044	0.00039	0.00030	0.00042	0.00031	0.01108	0.03735	0.02578	0.02759	4.8e-05	0.01271	0.00610	7e-05	0.00020

[dist]
# distance from previous block
# <min> <max>
8	14

[block]
# block no. 4 follows, 2590 sequences, length 10
# corresponding to MSA columns:
# 314-323
name=unknown_E
#
# <colnr> <probs for GDERKNQSTAVLIFYWHMCP>
#	G	D	E	R	K	N	Q	S	T	A	V	L	I	F	Y	W	H	M	C	P
0	0.01122	0.09938	0.35506	0.02921	0.05966	0.03639	0.02458	0.01868	0.03932	0.02826	0.10689	0.01641	0.04839	0.05449	0.02180	5e-05	0.02246	0.00793	0.00574	0.01408
1	0.00565	0.00571	0.00565	0.02658	0.00884	0.03762	0.00017	0.05192	0.14241	0.00647	0.07165	0.02607	0.06361	0.12308	0.38558	0.00578	0.00579	0.00880	0.01067	0.00795
2	0.01703	0.03218	0.04958	0.01141	0.03988	0.01091	0.13049	0.02453	0.08582	0.39775	0.12692	0.01112	0.02409	0.01069	0.00878	4.4e-05	0.00630	0.00015	0.00622	0.00611
3	0.07382	0.00037	0.34497	0.00784	0.00039	0.00755	0.04336	0.01581	0.04737	0.05880	0.17864	0.02185	0.13411	0.00020	0.00774	4.4e-05	0.01152	0.00016	0.00750	0.03796
4	0.00019	0.00014	0.00017	0.00016	0.00020	0.00013	0.00012	0.00024	0.01480	0.01522	0.60200	0.05453	0.28167	0.01507	0.01472	4.7e-05	7.2e-05	0.00026	0.00014	0.00012
5	0.01021	0.00048	0.00037	0.25839	0.00985	0.59282	0.00942	0.01411	0.03138	0.01149	0.00025	0.03084	0.00021	0.01115	0.00013	3.9e-05	0.00021	0.00011	0.00964	0.00891
6	0.00018	0.00013	0.00017	0.00019	0.00021	0.00013	0.00013	0.02579	0.03361	0.00041	0.22645	0.64653	0.04777	0.00037	0.00017	5.1e-05	7.7e-05	0.01738	0.00013	0.00012
7	0.13053	0.20996	0.05828	0.01461	0.01754	0.03448	0.00828	0.34522	0.01524	0.06471	0.00601	0.00713	0.00590	0.01271	0.04574	0.00621	0.01019	0.00011	0.00697	0.00019
8	0.00792	0.22545	0.18341	0.09814	0.08064	0.01842	0.09838	0.02244	0.06906	0.11211	0.03773	0.01924	0.01432	0.00015	0.00013	4e-05	0.00016	0.01200	8.5e-05	0.00018
9	0.00016	0.00012	0.00015	0.00018	0.00019	0.00011	0.00012	0.00019	0.00027	0.00035	0.03109	0.79497	0.14387	0.02732	0.00018	5.5e-05	7.7e-05	0.00036	0.00012	0.00011

[dist]
# distance from previous block
# <min> <max>
4	34

[block]
# block no. 5 follows, 2590 sequences, length 16
# corresponding to MSA columns:
# 371,392-399,401,403-408
name=unknown_F
#
# <colnr> <probs for GDERKNQSTAVLIFYWHMCP>
#	G	D	E	R	K	N	Q	S	T	A	V	L	I	F	Y	W	H	M	C	P
0	0.17610	0.22021	0.08793	0.00026	0.01650	0.02372	0.01102	0.07229	0.23622	0.11171	0.00690	0.00466	0.01351	0.00015	0.00012	3.9e-05	0.00437	0.00492	0.00417	0.00521
1	0.00028	0.05012	0.33365	0.01267	0.07135	0.00655	0.01447	0.04703	0.15145	0.01604	0.22911	0.00776	0.04197	0.00019	0.00583	4.3e-05	0.00014	0.00477	0.0001	0.00649
2	0.00019	0.00014	0.00017	0.00016	0.00019	0.00012	0.00012	0.00024	0.00035	0.01515	0.65005	0.02602	0.28228	0.02403	0.00017	4.5e-05	6.7e-05	0.00025	0.00014	0.00012
3	0.08799	0.32086	0.01086	0.00026	0.00035	0.08448	0.00022	0.08432	0.38263	0.01768	0.00035	0.00034	0.00027	0.00015	0.00011	3.8e-05	0.00013	0.00011	0.00866	0.00019
4	0.00633	0.00397	0.01461	0.02076	0.02576	0.00932	0.00554	0.00385	0.00816	0.03203	0.18238	0.33912	0.09009	0.04527	0.00678	4.8e-05	0.01107	0.02480	0.00011	0.17001
5	0.00676	0.16945	0.35982	0.00032	0.02080	0.09115	0.03647	0.03193	0.02035	0.14572	0.03986	0.04865	0.00670	0.00454	0.00013	4e-05	0.00731	0.00012	0.00486	0.00501
6	0.00922	0.14506	0.06258	0.00025	0.01747	0.00738	0.00590	0.11232	0.19172	0.16533	0.11312	0.09003	0.03758	0.01873	0.00421	0.00463	0.00012	0.00602	0.00815	0.00018
7	0.00017	0.00012	0.00016	0.00018	0.00019	0.00011	0.00012	0.00019	0.00026	0.00034	0.01131	0.83795	0.05815	0.04414	0.01206	5.9e-05	8.4e-05	0.03417	0.00012	0.00011
8	0.00410	0.00447	0.00483	0.03562	0.30727	0.00529	0.02429	0.00032	0.00771	0.03398	0.24425	0.09437	0.13703	0.01461	0.02862	5e-05	0.01639	0.03244	0.00420	0.00016
9	0.00890	0.08595	0.31830	0.00645	0.06483	0.03160	0.08099	0.05290	0.01434	0.30543	0.00709	0.00642	0.00685	0.00014	0.00013	4.1e-05	0.00481	0.00012	0.00452	0.00020
10	0.00494	0.00599	0.01119	0.03745	0.17026	0.06889	0.01567	0.03931	0.04384	0.43511	0.02919	0.05508	0.01158	0.00689	0.00653	4.4e-05	0.03141	0.01372	0.01271	0.00020
11	0.68291	0.02614	0.00714	0.06622	0.05165	0.13003	0.00020	0.00973	0.00662	0.00053	0.00021	0.00025	0.00976	0.00013	9.8e-05	4e-05	0.00803	8.3e-05	7.9e-05	0.00015
12	0.00021	0.00014	0.00018	0.00018	0.00679	0.00013	0.00867	0.00024	0.00733	0.08370	0.14366	0.43778	0.23555	0.05941	0.00794	5.5e-05	8.4e-05	0.00770	0.00013	0.00012
13	0.00022	0.00015	0.00018	0.00920	0.00022	0.00014	0.00013	0.01621	0.02585	0.07674	0.44115	0.07982	0.30614	0.00915	0.00016	4.4e-05	7.4e-05	0.00025	0.02587	0.00832
14	0.09737	0.01655	0.00842	0.20352	0.25511	0.07186	0.00540	0.14103	0.09625	0.01776	0.01149	0.00035	0.00522	0.00611	0.00013	4.1e-05	0.01763	0.00012	8.6e-05	0.04556
15	0.06737	0.04211	0.03947	0.06807	0.38092	0.08551	0.03272	0.08176	0.02204	0.07533	0.01710	0.00869	0.01999	0.00585	0.00430	4.1e-05	0.01439	0.00012	0.00634	0.02787

[dist]
# distance from previous block
# <min> <max>
1	39

[block]
# block no. 6 follows, 2590 sequences, length 12
# corresponding to MSA columns:
# 455-460,462,464,465,468,469,473
name=unknown_G
#
# <colnr> <probs for GDERKNQSTAVLIFYWHMCP>
#	G	D	E	R	K	N	Q	S	T	A	V	L	I	F	Y	W	H	M	C	P
0	0.03494	0.18443	0.10659	0.05170	0.13591	0.01229	0.07728	0.14709	0.01480	0.05806	0.01811	0.05104	0.01682	0.00724	0.03197	0.00468	0.03427	0.00561	0.00698	0.00018
1	0.25197	0.00701	0.00801	0.07770	0.03870	0.01378	0.00618	0.04500	0.01575	0.04038	0.02614	0.16511	0.01471	0.12184	0.01643	0.00441	0.00574	0.00474	0.00487	0.13154
2	0.00027	0.00015	0.00020	0.00018	0.00023	0.00014	0.00014	0.00033	0.01087	0.21111	0.51499	0.14001	0.08416	0.01089	0.01192	4.7e-05	8.1e-05	0.00024	0.01388	0.00014
3	0.00033	0.00031	0.00052	0.06844	0.88376	0.00031	0.00040	0.00041	0.00031	0.02168	0.02211	0.00035	0.00024	0.00012	0.00013	4e-05	0.00016	0.00012	7e-05	0.00021
4	0.00018	0.00014	0.00016	0.00016	0.00019	0.00012	0.00012	0.00022	0.00034	0.00045	0.50736	0.03970	0.42837	0.00031	0.00016	4.4e-05	6.7e-05	0.02167	0.00014	0.00012
5	0.00017	0.00013	0.00016	0.00017	0.00019	0.00011	0.00012	0.00020	0.00028	0.00037	0.09749	0.56799	0.25501	0.02419	0.01573	5.5e-05	8.1e-05	0.03732	0.00012	0.00011
6	0.55371	0.00023	0.00022	0.00022	0.04258	0.01286	0.00786	0.01515	0.00026	0.10085	0.00991	0.22387	0.00036	0.00791	0.01426	4.7e-05	0.00011	0.00934	0.00010	0.00015
7	0.02317	0.09891	0.02865	0.04072	0.03590	0.33226	0.01656	0.29512	0.05254	0.04432	0.00670	0.00031	0.00022	0.00015	0.00013	3.8e-05	0.00714	0.00697	0.01001	0.00019
8	0.93128	0.00026	0.00020	0.00018	0.00026	0.00030	0.00015	0.00040	0.02164	0.02313	0.00021	0.00024	0.00016	0.00014	0.02099	4.5e-05	0.00011	7.7e-05	8.6e-05	0.00015
9	0.00767	0.07373	0.66842	0.00688	0.05373	0.03416	0.01414	0.03629	0.04663	0.02056	0.00953	0.01753	0.00986	0.00014	0.00013	4.1e-05	0.00018	0.00011	6.9e-05	0.00019
10	0.00018	0.00013	0.00016	0.00017	0.00020	0.00012	0.00012	0.00022	0.01260	0.02318	0.22201	0.45858	0.24555	0.01188	0.00017	5e-05	7.4e-05	0.01371	0.01078	0.00012
11	0.02549	0.04389	0.11452	0.00898	0.12835	0.11021	0.01132	0.14339	0.35888	0.02429	0.00037	0.00038	0.00702	0.01430	0.00014	4.3e-05	0.00799	0.00012	0.00010	0.00020

[dist]
# distance from previous block
# <min> <max>
9	18

[block]
# block no. 7 follows, 2590 sequences, length 16
# corresponding to MSA columns:
# 497-512
name=unknown_H
#
# <colnr> <probs for GDERKNQSTAVLIFYWHMCP>
#	G	D	E	R	K	N	Q	S	T	A	V	L	I	F	Y	W	H	M	C	P
0	0.00045	0.00035	0.00037	0.00030	0.00039	0.00039	0.00024	0.67344	0.32131	0.00075	0.00039	0.00038	0.00029	0.00017	0.00013	4.2e-05	0.00013	0.00013	0.00013	0.00022
1	0.09274	0.00580	0.04741	0.01392	0.39167	0.02397	0.06626	0.04870	0.00950	0.26079	0.01573	0.00713	0.00026	0.00014	0.00013	4.1e-05	0.00479	0.00474	9.9e-05	0.00616
2	0.26646	0.00032	0.00617	0.00769	0.01900	0.00571	0.01390	0.49213	0.06099	0.10240	0.01084	0.00033	0.00024	0.00015	0.00012	4.1e-05	0.00747	0.00571	0.00012	0.00020
3	0.01321	0.00023	0.00031	0.00024	0.00034	0.00020	0.00020	0.01319	0.01380	0.94332	0.01320	0.00046	0.00034	0.00017	0.00013	4.1e-05	0.00011	0.00014	0.00016	0.00022
4	0.00031	0.00031	0.10641	0.21503	0.36728	0.00028	0.07960	0.00991	0.01000	0.06896	0.07380	0.01719	0.03051	0.00482	0.00014	4.3e-05	0.00468	0.00498	0.00555	0.00018
5	0.00468	0.05795	0.48614	0.01615	0.02491	0.00540	0.02446	0.04261	0.01755	0.24751	0.01233	0.02620	0.01857	0.00015	0.00013	4.2e-05	0.00932	0.00561	9.3e-05	0.00020
6	0.00593	0.00027	0.00867	0.00879	0.45640	0.00026	0.00630	0.01838	0.01266	0.42967	0.00630	0.02212	0.01220	0.00015	0.00013	4.1e-05	0.00013	0.00538	0.00601	0.00021
7	0.00016	0.00013	0.00014	0.00014	0.00018	0.00011	0.00011	0.00020	0.00031	0.00037	0.06245	0.06341	0.83346	0.00034	0.00016	4.5e-05	6.9e-05	0.01285	0.02525	0.00011
8	0.01032	0.02033	0.64776	0.00882	0.04992	0.00789	0.05105	0.01432	0.09366	0.03938	0.03116	0.01670	0.00780	0.00014	0.00013	4.2e-05	0.00018	0.00012	7.5e-05	0.00019
9	0.02539	0.00808	0.02442	0.00561	0.14487	0.02198	0.02939	0.04354	0.00788	0.66765	0.00960	0.00042	0.00537	0.00016	0.00013	4.1e-05	0.00500	0.00013	0.00014	0.00022
10	0.00506	0.00022	0.00031	0.00519	0.05444	0.00576	0.01906	0.00785	0.00704	0.73790	0.06964	0.04341	0.01489	0.01173	0.00550	4.4e-05	0.00012	0.00594	0.00568	0.00021
11	0.90069	0.00027	0.00023	0.00022	0.04072	0.01948	0.01864	0.00040	0.00023	0.00058	0.00019	0.00023	0.00015	0.00013	9.3e-05	4.2e-05	0.01741	7.7e-05	8.1e-05	0.00015
12	0.91222	0.00025	0.00020	0.00018	0.00026	0.00029	0.00014	0.01554	0.00024	0.00059	0.01565	0.00027	0.02837	0.00013	8.7e-05	4.1e-05	0.00010	8.3e-05	0.02521	0.00014
13	0.00039	0.00036	0.07555	0.01255	0.31290	0.02263	0.01947	0.31978	0.15542	0.02856	0.01298	0.00793	0.00655	0.00015	0.00014	4.1e-05	0.01745	0.00013	0.00682	0.00021
14	0.00026	0.00016	0.00020	0.00018	0.00023	0.00015	0.00567	0.00873	0.04853	0.15258	0.36366	0.02308	0.22503	0.06125	0.00607	0.02463	0.02080	0.00022	0.05845	0.00014
15	0.00712	0.00682	0.55652	0.01033	0.03972	0.02611	0.02418	0.04375	0.09093	0.03569	0.10146	0.01499	0.03591	0.00016	0.00013	4.3e-05	0.00016	0.00568	8.5e-05	0.00019

[dist]
# distance from previous block
# <min> <max>
0	47

# created by:
# /home/cegg/simao/soft/augustus-3.2.1/scripts/msa2prfl.pl ./align_prep/POG091H008Q.fa
