[name]
unknown

[dist]
# distance from previous block
# <min> <max>
13	209

[block]
# block no. 0 follows, 2781 sequences, length 51
# corresponding to MSA columns:
# 823-827,857-863,871-882,906-909,911-930,950-952
name=unknown_A
#
# <colnr> <probs for GDERKNQSTAVLIFYWHMCP>
#	G	D	E	R	K	N	Q	S	T	A	V	L	I	F	Y	W	H	M	C	P
0	0.01166	0.11233	0.41083	0.04140	0.07250	0.02523	0.07427	0.04310	0.04498	0.08384	0.02274	0.03398	0.00394	0.00192	0.00186	3.9e-05	0.01294	0.00219	7.4e-05	0.00018
1	0.00139	0.00146	0.10113	0.00671	0.03244	0.03275	0.04928	0.03404	0.02202	0.07905	0.01912	0.33364	0.02003	0.06949	0.06238	0.04575	0.01983	0.06573	0.00218	0.00157
2	0.00247	0.01856	0.16469	0.11312	0.36345	0.08398	0.09096	0.01014	0.02902	0.01018	0.00392	0.02025	0.00969	0.00970	0.01843	0.01506	0.03190	0.00424	6.5e-05	0.00017
3	0.01735	0.51686	0.17014	0.00513	0.02342	0.11118	0.03692	0.03939	0.01681	0.04273	0.00327	0.00783	0.00241	0.00012	0.00010	3.2e-05	0.00449	0.00158	6.5e-05	0.00017
4	0.01456	0.04751	0.05061	0.21855	0.27101	0.01529	0.14825	0.08219	0.01417	0.04570	0.00467	0.03081	0.01025	0.00183	0.02539	4.4e-05	0.00959	0.00933	7.3e-05	0.00017
5	0.00023	0.00361	0.01268	0.01081	0.00916	0.01589	0.01500	0.02746	0.03576	0.06878	0.08956	0.18375	0.03082	0.09576	0.30132	0.05230	0.01350	0.02940	0.00410	0.00012
6	0.00021	0.00014	0.00020	0.03010	0.02179	0.00014	0.04032	0.00596	0.01980	0.08443	0.04670	0.60939	0.07443	0.00433	0.00956	4.9e-05	9e-05	0.04883	0.00011	0.00340
7	0.00025	0.00391	0.01003	0.81592	0.02097	0.03768	0.00466	0.01147	0.00474	0.00714	0.00025	0.02262	0.00240	0.00016	0.03584	0.00154	0.00274	0.01610	0.00144	0.00014
8	0.00727	0.00201	0.04330	0.00991	0.02775	0.01072	0.02564	0.03952	0.06331	0.34272	0.06396	0.29685	0.03593	0.00329	0.00874	4.4e-05	0.00590	0.01148	0.00150	0.00016
9	0.00028	0.00024	0.02877	0.10358	0.10356	0.00930	0.19295	0.02315	0.01745	0.12675	0.07182	0.11793	0.01519	0.04425	0.04315	5.3e-05	0.05419	0.04579	0.00145	0.00015
10	0.00053	0.00021	0.00029	0.01631	0.00536	0.00019	0.00019	0.01540	0.01396	0.90625	0.01383	0.00043	0.00032	0.00018	0.02592	4.3e-05	0.00011	0.00013	0.00015	0.00021
11	0.00028	0.34692	0.61686	0.00031	0.01407	0.01338	0.00037	0.00584	0.00026	0.00036	0.00021	0.00024	0.00016	0.00011	0.00011	3.5e-05	0.00017	8.3e-05	5.4e-05	0.00018
12	0.01564	0.00017	0.01964	0.00018	0.00568	0.01880	0.00800	0.02553	0.03794	0.09402	0.03262	0.07304	0.08519	0.39675	0.03362	0.01620	0.00188	0.13262	0.00236	0.00011
13	0.00029	0.24330	0.47128	0.00591	0.01603	0.00220	0.16392	0.00727	0.00809	0.04475	0.00946	0.00029	0.01020	0.00012	0.00482	3.8e-05	0.00854	0.00322	6.2e-05	0.00017
14	0.00045	0.01420	0.00036	0.00033	0.02616	0.92819	0.00801	0.00049	0.00675	0.00031	0.00020	0.00704	0.00017	0.00013	0.00665	3.4e-05	0.00022	8.4e-05	6.5e-05	0.00015
15	0.00021	0.00015	0.00019	0.00019	0.00022	0.00225	0.02528	0.03298	0.03052	0.05644	0.10288	0.13979	0.10581	0.21083	0.22711	0.00205	0.00255	0.06033	9.9e-05	0.00012
16	0.00234	0.00025	0.00608	0.56519	0.28976	0.00505	0.05510	0.00734	0.02243	0.00555	0.02658	0.00357	0.00454	0.00013	0.00013	4e-05	0.00353	0.00218	6.3e-05	0.00016
17	0.00028	0.01132	0.04733	0.44740	0.40622	0.04431	0.00946	0.00332	0.01005	0.00820	0.00024	0.00866	0.00019	0.00012	0.00012	3.9e-05	0.00016	0.00236	6.1e-05	0.00017
18	0.00024	0.00022	0.00037	0.89766	0.00081	0.00295	0.01887	0.00571	0.00242	0.00604	0.00025	0.02987	0.01179	0.00014	0.00013	4.2e-05	0.01720	0.00509	5.9e-05	0.00014
19	0.01422	0.00182	0.00686	0.00025	0.02936	0.03598	0.01619	0.06810	0.28147	0.17522	0.06041	0.08846	0.06801	0.02588	0.03536	5e-05	0.03413	0.05793	0.00012	0.00016
20	0.00383	0.03399	0.28954	0.06947	0.04501	0.04296	0.21422	0.04325	0.02851	0.14556	0.01685	0.02646	0.01877	0.00014	0.00161	4e-05	0.00591	0.01363	8.1e-05	0.00017
21	0.00484	0.02028	0.07196	0.27075	0.36936	0.04212	0.11697	0.00648	0.01373	0.02349	0.00712	0.02499	0.01040	0.00013	0.00013	3.9e-05	0.00016	0.01682	6.6e-05	0.00017
22	0.00028	0.27913	0.63987	0.00530	0.00301	0.01784	0.03427	0.00334	0.00301	0.01258	0.00021	0.00025	0.00016	0.00012	0.00011	3.6e-05	0.00017	8.7e-05	5.5e-05	0.00018
23	0.00269	0.00022	0.00719	0.19313	0.26947	0.01467	0.04278	0.02760	0.01949	0.03753	0.15546	0.06672	0.11208	0.01688	0.00367	0.00177	0.01283	0.01295	0.00272	0.00015
24	0.00450	0.08983	0.35250	0.02050	0.03236	0.03156	0.08919	0.07530	0.02727	0.15902	0.02500	0.03667	0.03151	0.00458	0.00013	3.9e-05	0.00420	0.01558	8.5e-05	0.00018
25	0.00472	0.18538	0.21339	0.04349	0.17312	0.08250	0.09116	0.03584	0.03194	0.06438	0.00494	0.01860	0.00943	0.00208	0.00012	3.7e-05	0.00902	0.02962	7.2e-05	0.00017
26	0.00437	0.00687	0.03276	0.00850	0.00186	0.01710	0.02903	0.01945	0.03628	0.36819	0.02217	0.24159	0.08537	0.02778	0.00862	0.00855	0.02200	0.05924	0.00012	0.00016
27	0.02374	0.00623	0.04388	0.19929	0.13590	0.00514	0.04974	0.04327	0.01876	0.04274	0.04073	0.06651	0.08991	0.03690	0.04074	0.00362	0.12754	0.02513	8.1e-05	0.00015
28	0.00413	0.05884	0.06662	0.07031	0.48973	0.01548	0.06137	0.02517	0.04574	0.05679	0.01402	0.05564	0.01695	0.00289	0.00373	0.00248	0.00367	0.00228	7.5e-05	0.00408
29	0.00188	0.01869	0.04199	0.03833	0.01738	0.05501	0.02698	0.01094	0.05876	0.00959	0.01402	0.01770	0.01640	0.26743	0.39049	0.00012	0.00405	0.01003	7.5e-05	0.00012
30	0.14832	0.02332	0.02671	0.08467	0.00806	0.00022	0.01625	0.04526	0.01884	0.52614	0.05271	0.00839	0.02633	0.00016	0.00214	3.9e-05	0.00011	0.00547	0.00667	0.00018
31	0.11460	0.00262	0.00358	0.01617	0.05736	0.07374	0.01227	0.12935	0.05718	0.10351	0.10228	0.16300	0.09991	0.00630	0.03043	4.6e-05	0.01314	0.01129	0.00178	0.00145
32	0.02406	0.01529	0.40972	0.01944	0.07143	0.00761	0.20446	0.06795	0.03987	0.08481	0.00646	0.01390	0.00671	0.00572	0.00013	4e-05	0.00016	0.00735	0.01473	0.00018
33	0.06540	0.11641	0.04423	0.07053	0.33349	0.10913	0.02630	0.14333	0.02914	0.02455	0.00239	0.00412	0.00020	0.00013	0.00368	3.7e-05	0.00330	0.01371	7.6e-05	0.00985
34	0.00019	0.00013	0.00016	0.00016	0.00018	0.00248	0.00011	0.00810	0.06269	0.03017	0.13207	0.27785	0.11611	0.34779	0.00032	7.1e-05	9e-05	0.01433	0.00473	0.00229
35	0.01475	0.00017	0.00021	0.00019	0.00024	0.00015	0.00015	0.03918	0.00554	0.39124	0.15406	0.16400	0.19028	0.00552	0.00014	4.2e-05	8.6e-05	0.02930	0.00459	0.00015
36	0.06140	0.00520	0.13423	0.12239	0.22651	0.05557	0.03048	0.08095	0.09252	0.03814	0.02175	0.06144	0.02588	0.01001	0.01230	4.3e-05	0.00695	0.01215	0.00192	0.00017
37	0.03090	0.32628	0.27385	0.00802	0.10103	0.02484	0.03137	0.07372	0.00465	0.09243	0.00222	0.00584	0.00151	0.00013	0.00486	3.6e-05	0.01109	0.00179	7.1e-05	0.00539
38	0.00016	0.00012	0.00015	0.00017	0.00018	0.00011	0.00012	0.00019	0.00382	0.00436	0.05352	0.55739	0.18825	0.07838	0.00320	0.00767	7.9e-05	0.10191	0.00011	0.00010
39	0.00016	0.00011	0.00015	0.00017	0.00018	0.00010	0.00012	0.00018	0.00587	0.00415	0.03158	0.89459	0.05442	0.00431	0.00016	5e-05	7.2e-05	0.00342	0.00012	0.00010
40	0.03388	0.06445	0.03947	0.00173	0.00304	0.04473	0.01179	0.05973	0.02478	0.02461	0.03281	0.00683	0.00278	0.00011	0.0001	2.5e-05	0.00011	0.00331	8e-05	0.64564
41	0.00342	0.00017	0.00020	0.00018	0.00022	0.00654	0.00014	0.08718	0.02851	0.08662	0.56466	0.04223	0.10723	0.00885	0.00014	3.9e-05	7.6e-05	0.00267	0.00464	0.05630
42	0.00484	0.00014	0.00018	0.01322	0.03903	0.00182	0.00014	0.02689	0.00462	0.06144	0.18468	0.27816	0.25451	0.02995	0.03579	0.00271	0.00337	0.04239	0.01600	0.00012
43	0.00033	0.93499	0.05030	0.00023	0.01135	0.00048	0.00023	0.00037	0.00025	0.00030	0.00018	0.00020	0.00016	0.00011	8.2e-05	2.7e-05	0.00014	6.8e-05	5.3e-05	0.00016
44	0.00726	0.14353	0.00040	0.00030	0.01398	0.61101	0.01175	0.14924	0.00825	0.02528	0.00327	0.00025	0.00018	0.00014	0.01217	3.5e-05	0.00585	0.00498	0.00196	0.00016
45	0.00017	0.00012	0.00015	0.00016	0.00017	0.00011	0.00011	0.00292	0.00023	0.00030	0.01156	0.58015	0.02773	0.30077	0.00351	7.2e-05	9e-05	0.06643	0.00515	9.5e-05
46	0.01444	0.09931	0.67377	0.03187	0.02949	0.02962	0.03765	0.03219	0.00859	0.00762	0.00468	0.01921	0.00293	0.00013	0.00259	3.9e-05	0.00554	0.0001	6e-05	0.00018
47	0.02049	0.00022	0.00035	0.73518	0.04432	0.00402	0.00540	0.00493	0.00873	0.05370	0.00030	0.06498	0.01423	0.00660	0.00013	4.3e-05	0.00450	0.03168	6.9e-05	0.00014
48	0.08775	0.00022	0.00478	0.00022	0.00031	0.00020	0.00018	0.04413	0.01533	0.77464	0.05517	0.00490	0.00433	0.00420	0.00012	3.9e-05	0.00010	0.00013	0.00306	0.00020
49	0.01365	0.00014	0.00993	0.02942	0.01248	0.00176	0.00272	0.00705	0.00866	0.00937	0.04439	0.60190	0.14458	0.01274	0.00504	0.00176	0.01646	0.07570	0.00213	0.00011
50	0.02435	0.09437	0.15776	0.00807	0.10347	0.06480	0.12824	0.06280	0.03444	0.24584	0.01804	0.03748	0.00388	0.00180	0.00012	3.8e-05	0.00397	0.00701	0.00204	0.00147

[dist]
# distance from previous block
# <min> <max>
3	19

[block]
# block no. 1 follows, 2781 sequences, length 18
# corresponding to MSA columns:
# 1004-1015,1030-1033,1035,1036
name=unknown_B
#
# <colnr> <probs for GDERKNQSTAVLIFYWHMCP>
#	G	D	E	R	K	N	Q	S	T	A	V	L	I	F	Y	W	H	M	C	P
0	0.05124	0.03737	0.03312	0.00543	0.05415	0.07856	0.06931	0.16725	0.06220	0.23238	0.01481	0.01029	0.01305	0.00014	0.00525	3.6e-05	0.01010	0.00532	0.00364	0.14636
1	0.00018	0.01148	0.00017	0.00017	0.00019	0.00013	0.00496	0.00484	0.02663	0.01579	0.11666	0.35599	0.16231	0.13643	0.02311	0.03005	0.02228	0.07308	0.00470	0.01084
2	0.00392	0.01115	0.01151	0.13266	0.14140	0.00382	0.02142	0.01540	0.02158	0.05463	0.15059	0.16402	0.11455	0.02846	0.03000	0.00523	0.07640	0.00956	0.00357	0.00014
3	0.00728	0.09225	0.41899	0.03758	0.21265	0.00952	0.08300	0.02693	0.03561	0.02635	0.01043	0.01158	0.01011	0.00424	0.00012	3.9e-05	0.00412	0.00895	6.6e-05	0.00018
4	0.91407	0.00025	0.00020	0.00017	0.00025	0.01231	0.00014	0.04482	0.00023	0.01354	0.00018	0.00021	0.00014	0.00012	8.5e-05	3.9e-05	0.01295	7.1e-05	8e-05	0.00014
5	0.00018	0.00014	0.00017	0.00017	0.00784	0.01142	0.00012	0.01084	0.01648	0.00915	0.42950	0.09920	0.21220	0.05999	0.06026	0.00765	9e-05	0.07436	0.00012	0.00011
6	0.01480	0.08819	0.48237	0.03130	0.07133	0.02482	0.13382	0.04309	0.01245	0.02028	0.01270	0.01432	0.01390	0.01160	0.00584	4.1e-05	0.00761	0.00778	0.00357	0.00017
7	0.04311	0.00015	0.00019	0.00021	0.01790	0.01988	0.00633	0.00759	0.00660	0.05516	0.02254	0.39222	0.03928	0.00591	0.00016	5.1e-05	9.7e-05	0.38240	0.00011	0.00012
8	0.00023	0.00018	0.00020	0.00019	0.00024	0.00019	0.00014	0.00969	0.38448	0.01760	0.21328	0.04944	0.31356	0.00025	0.00014	4.2e-05	7.8e-05	0.00980	0.00013	0.00015
9	0.01069	0.00425	0.07146	0.04612	0.04307	0.00958	0.06722	0.02311	0.00392	0.02530	0.00963	0.26625	0.00776	0.04310	0.23654	0.01382	0.08240	0.02739	0.00401	0.00438
10	0.01202	0.06840	0.07772	0.17744	0.40472	0.08404	0.06850	0.02639	0.03455	0.00928	0.00601	0.00452	0.00408	0.00013	0.00430	3.8e-05	0.01390	0.00011	0.00367	0.00017
11	0.01670	0.04526	0.09132	0.01476	0.18645	0.03713	0.29195	0.15295	0.02767	0.02781	0.00919	0.03051	0.01121	0.00014	0.00013	4e-05	0.01204	0.04448	8e-05	0.00018
12	0.00546	0.00012	0.00016	0.00017	0.00019	0.00012	0.01288	0.00020	0.00543	0.01293	0.00924	0.56779	0.06605	0.22125	0.01085	0.00535	9.1e-05	0.08153	0.00011	0.0001
13	0.00768	0.02628	0.04527	0.04261	0.08370	0.02121	0.05456	0.01944	0.03662	0.02018	0.16735	0.23539	0.10303	0.00931	0.02320	0.00431	0.02899	0.06720	0.00354	0.00013
14	0.04584	0.18979	0.09846	0.02316	0.15606	0.07428	0.06088	0.17468	0.05462	0.07042	0.00696	0.00780	0.00403	0.00370	0.00473	3.7e-05	0.02418	0.00010	8.2e-05	0.00018
15	0.01115	0.01161	0.00667	0.00812	0.01135	0.00410	0.01156	0.03562	0.17562	0.26769	0.26920	0.02646	0.10418	0.00625	0.00901	0.01100	0.00324	0.01792	0.00906	0.00016
16	0.00721	0.00012	0.00015	0.00017	0.00018	0.00011	0.00012	0.00020	0.01707	0.01210	0.05813	0.68453	0.02261	0.15214	0.00023	6e-05	8.2e-05	0.04458	0.00011	0.00010
17	0.03409	0.05337	0.32621	0.02761	0.24403	0.03066	0.02144	0.05842	0.03960	0.10928	0.01692	0.00405	0.00484	0.00403	0.00412	3.9e-05	0.01387	0.00375	0.00349	0.00018

[dist]
# distance from previous block
# <min> <max>
1	2

[block]
# block no. 2 follows, 2781 sequences, length 8
# corresponding to MSA columns:
# 1040-1045,1047,1048
name=unknown_C
#
# <colnr> <probs for GDERKNQSTAVLIFYWHMCP>
#	G	D	E	R	K	N	Q	S	T	A	V	L	I	F	Y	W	H	M	C	P
0	0.02670	0.00752	0.10267	0.01327	0.05507	0.14765	0.01784	0.04851	0.01130	0.03852	0.01248	0.09777	0.01269	0.15456	0.05826	0.00802	0.16312	0.01552	0.00839	0.00014
1	0.69500	0.02302	0.01685	0.03453	0.03519	0.08233	0.03347	0.01553	0.00024	0.01070	0.00020	0.01155	0.00016	0.00980	0.00010	3.9e-05	0.01963	0.01144	7.5e-05	0.00014
2	0.00017	0.00012	0.00015	0.00016	0.00018	0.00011	0.00012	0.00021	0.00029	0.01668	0.39779	0.24145	0.22534	0.02681	0.04456	5.2e-05	7.9e-05	0.02789	0.01770	0.00011
3	0.00902	0.01599	0.29121	0.01858	0.20341	0.01941	0.04515	0.04673	0.07456	0.05229	0.09303	0.01601	0.02137	0.01552	0.01511	4.2e-05	0.01112	0.00919	0.00933	0.03295
4	0.01839	0.01186	0.24770	0.13954	0.07748	0.00839	0.03936	0.01817	0.01900	0.11369	0.10579	0.01636	0.01464	0.00834	0.00935	3.9e-05	0.00703	0.00953	0.01044	0.12493
5	0.00018	0.02373	0.02054	0.01549	0.00022	0.00014	0.02015	0.00023	0.01604	0.01976	0.17633	0.05677	0.48181	0.05641	0.02677	5.1e-05	0.02403	0.06110	0.00011	0.00012
6	0.08255	0.22207	0.23605	0.02421	0.03707	0.11114	0.01235	0.04354	0.01148	0.08242	0.02108	0.00998	0.00738	0.01654	0.01867	3.9e-05	0.01214	0.00711	0.00712	0.03706
7	0.01492	0.03529	0.08148	0.00023	0.01123	0.00822	0.01287	0.05812	0.07610	0.19008	0.05145	0.01015	0.01657	0.00014	0.00875	3.2e-05	0.00011	0.00866	0.02176	0.39385

[dist]
# distance from previous block
# <min> <max>
1	5

[block]
# block no. 3 follows, 2781 sequences, length 15
# corresponding to MSA columns:
# 1060,1064,1069-1079,1084,1085
name=unknown_D
#
# <colnr> <probs for GDERKNQSTAVLIFYWHMCP>
#	G	D	E	R	K	N	Q	S	T	A	V	L	I	F	Y	W	H	M	C	P
0	0.01627	0.04087	0.12878	0.02397	0.14506	0.01108	0.04029	0.03873	0.04228	0.11944	0.05081	0.02394	0.01558	0.00014	0.00012	3.3e-05	0.00905	0.01552	8.7e-05	0.27795
1	0.00018	0.00012	0.00014	0.00014	0.00014	0.00012	8.3e-05	0.00018	0.00019	0.00025	0.00041	0.05364	0.00047	0.89330	0.02884	0.00012	0.00012	0.02139	7.8e-05	7.9e-05
2	0.00036	0.73716	0.01266	0.00025	0.01163	0.20262	0.00022	0.02082	0.01274	0.00031	0.00019	0.00021	0.00016	0.00011	8.9e-05	2.8e-05	0.00015	7.2e-05	5.8e-05	0.00016
3	0.00029	0.00869	0.00745	0.00020	0.00030	0.00019	0.00016	0.02467	0.04186	0.10674	0.03483	0.00032	0.00025	0.00013	0.01297	2.7e-05	0.03479	0.00729	0.00641	0.71243
4	0.00448	0.14242	0.17130	0.01312	0.03069	0.32149	0.04409	0.01714	0.03674	0.03005	0.01437	0.02175	0.00600	0.01585	0.02721	4.3e-05	0.05415	0.04888	7.1e-05	0.00016
5	0.00020	0.00401	0.04403	0.04313	0.03847	0.00625	0.04951	0.01999	0.01533	0.00761	0.07634	0.28416	0.08517	0.17464	0.09916	0.00650	0.02346	0.01509	0.00684	0.00012
6	0.00028	0.01177	0.00992	0.00032	0.00033	0.00036	0.02422	0.00882	0.00020	0.02189	0.00019	0.00032	0.00019	0.02028	0.00038	5.4e-05	0.86430	0.02624	0.00978	0.00014
7	0.00028	0.01897	0.39114	0.00041	0.01875	0.04994	0.37565	0.00934	0.01079	0.00629	0.00025	0.00930	0.00020	0.00014	0.01351	4.4e-05	0.06211	0.03266	6.2e-05	0.00017
8	0.01476	0.00021	0.00028	0.00022	0.00031	0.00019	0.00018	0.02144	0.00036	0.90275	0.03095	0.00043	0.00033	0.00016	0.00012	3.8e-05	0.00010	0.00013	0.01162	0.01543
9	0.00018	0.00013	0.00016	0.00017	0.00020	0.00012	0.00013	0.00023	0.00955	0.01243	0.41384	0.08142	0.27340	0.00949	0.00955	4.7e-05	7.6e-05	0.18865	0.00012	0.00011
10	0.09795	0.01055	0.04868	0.00026	0.00633	0.00646	0.09382	0.16271	0.10753	0.18454	0.01947	0.02145	0.01818	0.04432	0.00840	4.7e-05	0.00013	0.16351	0.00550	0.00017
11	0.00431	0.00027	0.07870	0.04527	0.01848	0.00567	0.23556	0.04032	0.16632	0.02421	0.10187	0.01603	0.05647	0.01142	0.00747	4.6e-05	0.03270	0.15043	9.6e-05	0.00433
12	0.01627	0.03976	0.21446	0.00799	0.00496	0.00522	0.06974	0.00747	0.01393	0.05528	0.33269	0.02661	0.13988	0.03100	0.00015	4.3e-05	0.00422	0.02589	0.00430	0.00014
13	0.01551	0.06589	0.34983	0.00028	0.02607	0.01850	0.02222	0.02492	0.01218	0.06327	0.01800	0.00536	0.00914	0.00013	0.00824	3.3e-05	0.00988	0.00546	0.00467	0.34043
14	0.04136	0.14723	0.02068	0.02093	0.02281	0.09192	0.00501	0.23081	0.07588	0.24332	0.04564	0.00892	0.00573	0.00015	0.00549	3.8e-05	0.01827	0.00640	0.00534	0.00405

[dist]
# distance from previous block
# <min> <max>
2	6

[block]
# block no. 4 follows, 2781 sequences, length 15
# corresponding to MSA columns:
# 1110-1124
name=unknown_E
#
# <colnr> <probs for GDERKNQSTAVLIFYWHMCP>
#	G	D	E	R	K	N	Q	S	T	A	V	L	I	F	Y	W	H	M	C	P
0	0.00940	0.08273	0.19253	0.00514	0.09051	0.05971	0.00713	0.09542	0.01280	0.18915	0.00783	0.00496	0.00585	0.00013	0.00011	3.3e-05	0.00719	9.9e-05	8.8e-05	0.22918
1	0.43505	0.10554	0.05647	0.00558	0.01376	0.27930	0.00791	0.00655	0.00027	0.01102	0.00020	0.00024	0.00016	0.00015	0.03321	4.1e-05	0.00679	0.00659	7e-05	0.03111
2	0.00973	0.03160	0.05057	0.01121	0.09913	0.01717	0.03712	0.05297	0.44162	0.01734	0.05915	0.00756	0.04415	0.00550	0.00548	4.3e-05	0.06866	0.02039	0.02042	0.00018
3	0.00017	0.00014	0.00016	0.00015	0.00018	0.01932	0.00011	0.00022	0.00033	0.00044	0.62077	0.02027	0.32017	0.00027	0.00015	4e-05	6.4e-05	0.00024	0.01669	0.00011
4	0.01878	0.00501	0.00700	0.00695	0.01211	0.00510	0.00873	0.02807	0.04623	0.08366	0.27758	0.16383	0.20782	0.00546	0.03326	4.9e-05	8.9e-05	0.07697	0.01317	0.00013
5	0.02312	0.13324	0.24265	0.02135	0.03174	0.02076	0.29257	0.03464	0.04725	0.06342	0.01599	0.01463	0.00664	0.01178	0.00013	4e-05	0.01242	0.02738	7.4e-05	0.00017
6	0.00022	0.01123	0.15965	0.00020	0.00027	0.00582	0.02246	0.00680	0.02691	0.05264	0.59776	0.04016	0.03927	0.00022	0.00014	4e-05	8.9e-05	0.00658	0.02941	0.00014
7	0.00019	0.00013	0.00018	0.00018	0.00020	0.00013	0.01161	0.02373	0.01142	0.01868	0.15546	0.32693	0.03188	0.14362	0.08892	0.05038	0.00995	0.12621	0.00011	0.00011
8	0.00560	0.00697	0.05476	0.06239	0.01122	0.00550	0.64051	0.05940	0.04863	0.03354	0.01824	0.03189	0.00690	0.00013	0.00014	4.2e-05	0.00018	0.00906	0.00473	0.00017
9	0.00419	0.01693	0.03690	0.08302	0.48576	0.00875	0.02993	0.02461	0.05638	0.07427	0.01020	0.00861	0.01553	0.00424	0.00012	3.6e-05	0.00440	0.00455	0.00484	0.12673
10	0.94620	0.00024	0.00019	0.00017	0.00025	0.00028	0.00014	0.00038	0.05042	0.00056	0.00019	0.00022	0.00015	0.00012	8e-05	3.9e-05	9.6e-05	7.1e-05	8e-05	0.00014
11	0.00018	0.00013	0.00019	0.00019	0.00021	0.00015	0.00014	0.00021	0.00020	0.00028	0.00035	0.00053	0.02193	0.09316	0.81558	0.06596	0.00029	0.00014	6.8e-05	0.00010
12	0.03836	0.00424	0.03673	0.04784	0.20902	0.00736	0.03447	0.01285	0.21854	0.01515	0.04495	0.10949	0.03247	0.00849	0.03021	0.00424	0.01623	0.11585	0.01336	0.00016
13	0.00874	0.00995	0.00592	0.00974	0.00483	0.00012	0.00013	0.00531	0.00547	0.00937	0.01301	0.61213	0.15441	0.01561	0.08919	6.3e-05	0.00801	0.04336	0.00454	0.00011
14	0.15348	0.02710	0.05541	0.03857	0.20643	0.22741	0.01744	0.02645	0.01074	0.03960	0.00022	0.00028	0.00018	0.01159	0.01036	4.2e-05	0.15994	0.00748	6.9e-05	0.00719

[dist]
# distance from previous block
# <min> <max>
2	6

[block]
# block no. 5 follows, 2781 sequences, length 11
# corresponding to MSA columns:
# 1132-1142
name=unknown_F
#
# <colnr> <probs for GDERKNQSTAVLIFYWHMCP>
#	G	D	E	R	K	N	Q	S	T	A	V	L	I	F	Y	W	H	M	C	P
0	0.00019	0.00969	0.00019	0.00018	0.00021	0.00860	0.02478	0.01242	0.04407	0.00044	0.52379	0.22713	0.10794	0.00028	0.00015	4.2e-05	7.2e-05	0.00976	0.00999	0.02010
1	0.00016	0.00012	0.00014	0.00016	0.00018	0.00011	0.00011	0.00019	0.01556	0.01551	0.06066	0.53111	0.35901	0.00035	0.00015	4.7e-05	7e-05	0.01612	0.00012	0.00011
2	0.00024	0.00023	0.02361	0.91494	0.02147	0.00028	0.01857	0.00032	0.00025	0.00032	0.00024	0.00035	0.01842	0.00013	0.00013	4.1e-05	0.00017	0.00011	5.7e-05	0.00014
3	0.00028	0.00023	0.01122	0.00021	0.00029	0.01067	0.00017	0.01397	0.02380	0.08904	0.01971	0.00034	0.00024	0.06669	0.02992	4e-05	0.15665	9.8e-05	8.1e-05	0.57635
4	0.00051	0.00023	0.00029	0.00023	0.00032	0.00021	0.00019	0.12182	0.02938	0.76182	0.01822	0.00041	0.00031	0.00015	0.00012	3.7e-05	0.00011	0.00012	0.01560	0.04992
5	0.00025	0.00738	0.00030	0.04200	0.22730	0.00746	0.02941	0.01169	0.01343	0.04729	0.01057	0.11146	0.02343	0.00026	0.00015	4.9e-05	0.00774	0.45959	0.0001	0.00014
6	0.00019	0.00013	0.00017	0.00016	0.00019	0.00012	0.00012	0.00024	0.00035	0.03082	0.93421	0.00092	0.03140	0.00025	0.00015	3.9e-05	6e-05	0.00022	0.00014	0.00012
7	0.06001	0.00022	0.00747	0.02737	0.29459	0.00022	0.02869	0.03001	0.08403	0.06466	0.22454	0.00917	0.06426	0.00700	0.00894	4.3e-05	0.00011	0.08841	0.00010	0.00016
8	0.00018	0.00013	0.00017	0.00016	0.00019	0.00012	0.00012	0.00024	0.02154	0.01411	0.84491	0.01822	0.06782	0.01360	0.00016	0.01780	6.3e-05	0.00022	0.00013	0.00012
9	0.16060	0.00027	0.00030	0.00024	0.00927	0.03947	0.02160	0.26944	0.05083	0.34707	0.03454	0.01185	0.00770	0.00018	0.02932	4.3e-05	0.00012	0.00719	0.00977	0.00019
10	0.01114	0.00683	0.09549	0.06334	0.29574	0.07727	0.15533	0.04966	0.02004	0.04842	0.01140	0.02275	0.02349	0.01498	0.01513	4.4e-05	0.01716	0.06185	0.00976	0.00017

[dist]
# distance from previous block
# <min> <max>
0	55

# created by:
# /home/cegg/simao/soft/augustus-3.2.1/scripts/msa2prfl.pl ./align_prep/POG091H00J8.fa
