[name]
unknown

[dist]
# distance from previous block
# <min> <max>
0	209

[block]
# block no. 0 follows, 3074 sequences, length 24
# corresponding to MSA columns:
# 321-344
name=unknown_A
#
# <colnr> <probs for GDERKNQSTAVLIFYWHMCP>
#	G	D	E	R	K	N	Q	S	T	A	V	L	I	F	Y	W	H	M	C	P
0	0.08811	0.00375	0.00322	0.03043	0.40853	0.00905	0.00862	0.01628	0.01505	0.14723	0.00588	0.04998	0.01355	0.02687	0.01566	4.1e-05	0.04031	0.08517	0.00312	0.02916
1	0.01262	0.05245	0.05552	0.32574	0.28070	0.05441	0.06620	0.08105	0.00572	0.00875	0.00437	0.01324	0.00018	0.00012	0.00556	3.6e-05	0.02442	0.00277	0.00274	0.00339
2	0.06679	0.00011	0.00015	0.00015	0.00015	0.00011	9.9e-05	0.00016	0.00015	0.00022	0.00020	0.00034	0.00020	0.02376	0.00042	0.90671	9.7e-05	9.7e-05	5.1e-05	5.4e-05
3	0.00017	0.00013	0.00018	0.00018	0.00020	0.00015	0.00014	0.00023	0.06667	0.00027	0.00032	0.00046	0.00029	0.05155	0.87832	0.00017	0.00028	0.00012	6.4e-05	0.00010
4	0.00021	0.00013	0.00016	0.00015	0.00018	0.00012	0.00011	0.02560	0.01556	0.11720	0.58502	0.00659	0.16456	0.00022	0.00013	3.5e-05	6.2e-05	0.01246	0.07140	0.00012
5	0.00016	0.00011	0.00014	0.00014	0.00016	0.00010	0.00010	0.00020	0.00027	0.01256	0.44102	0.25736	0.20354	0.00804	0.00014	3.9e-05	5.9e-05	0.00907	0.06671	0.00010
6	0.00025	0.00026	0.00042	0.12911	0.04086	0.01378	0.25015	0.02618	0.07052	0.00033	0.00452	0.00505	0.00018	0.00017	0.02281	0.00499	0.43012	0.00011	5.9e-05	0.00014
7	0.00032	0.00020	0.00024	0.00020	0.00026	0.00020	0.00016	0.04344	0.38574	0.28343	0.18466	0.00048	0.01773	0.00016	0.00012	3.5e-05	8.4e-05	0.00013	0.01565	0.06676
8	0.00019	0.00015	0.01227	0.00663	0.00022	0.00015	0.04280	0.01531	0.07002	0.02085	0.07267	0.04187	0.05009	0.11841	0.51468	0.00012	0.01188	0.01796	7.7e-05	0.00366
9	0.00562	0.00029	0.00031	0.00024	0.00033	0.00813	0.00020	0.73309	0.04221	0.09852	0.01115	0.00722	0.00022	0.00921	0.00012	3.4e-05	0.00773	0.00010	0.00405	0.07122
10	0.75008	0.00026	0.00020	0.00624	0.00712	0.11710	0.01093	0.02229	0.00023	0.08442	0.00019	0.00021	0.00014	0.00011	7.9e-05	3.4e-05	0.00010	6.9e-05	7.5e-05	0.00013
11	0.00021	0.00017	0.00025	0.02402	0.10066	0.00823	0.07649	0.04412	0.00022	0.01516	0.00031	0.02493	0.00030	0.20931	0.37956	0.00011	0.05448	0.04433	0.01703	0.00011
12	0.00023	0.00056	0.92895	0.00032	0.00048	0.00026	0.00040	0.00037	0.06672	0.00036	0.00022	0.00025	0.00016	0.00011	0.00011	3.6e-05	0.00016	8.6e-05	5.2e-05	0.00017
13	0.05378	0.02460	0.03708	0.04271	0.35511	0.30165	0.05342	0.02747	0.01082	0.05308	0.00023	0.00502	0.01616	0.00403	0.00011	3.3e-05	0.00497	0.00950	6.5e-05	0.00015
14	0.00028	0.00026	0.00842	0.24733	0.53043	0.01479	0.03129	0.07776	0.01747	0.03055	0.00482	0.00377	0.00343	0.00664	0.00703	3.7e-05	0.01536	0.00010	6.3e-05	0.00016
15	0.00018	0.00012	0.00016	0.00014	0.00018	0.00011	0.00011	0.00023	0.01078	0.07167	0.78940	0.01765	0.10837	0.00023	0.00013	3.6e-05	5.7e-05	0.00020	0.00012	0.00011
16	0.00743	0.00314	0.03646	0.05814	0.59591	0.00372	0.04079	0.01697	0.00367	0.14131	0.01723	0.01748	0.00491	0.00012	0.00270	3.5e-05	0.00481	0.03260	0.01241	0.00017
17	0.00929	0.03904	0.24252	0.10219	0.11778	0.02363	0.08589	0.03236	0.16172	0.12953	0.01769	0.01020	0.00810	0.00013	0.00393	3.6e-05	0.00533	0.01038	7.8e-05	0.00016
18	0.01689	0.06671	0.01267	0.01486	0.01114	0.32154	0.03055	0.14303	0.06725	0.14287	0.00443	0.01283	0.00894	0.00290	0.10898	4.9e-05	0.01917	0.00980	0.00523	0.00015
19	0.00014	0.00011	0.00013	0.00014	0.00016	9.5e-05	0.0001	0.00017	0.00024	0.00031	0.08632	0.52513	0.34781	0.01384	0.00015	4.3e-05	6.3e-05	0.02486	0.00011	9.4e-05
20	0.00565	0.07336	0.49431	0.13276	0.04040	0.02307	0.04249	0.00431	0.01469	0.00672	0.02001	0.08471	0.02556	0.00014	0.00363	0.00311	0.00853	0.01142	0.00499	0.00015
21	0.01231	0.04696	0.24139	0.04593	0.16486	0.07547	0.05300	0.12919	0.06188	0.09955	0.01150	0.00742	0.00616	0.00321	0.00426	3.6e-05	0.01029	0.02635	7.6e-05	0.00016
22	0.00403	0.01213	0.14062	0.42054	0.07705	0.02486	0.02814	0.02448	0.02547	0.02668	0.01388	0.04995	0.00954	0.01993	0.03539	4.5e-05	0.04466	0.04240	6.3e-05	0.00014
23	0.00020	0.00014	0.00441	0.00822	0.02948	0.00012	0.00012	0.01538	0.01832	0.12794	0.26890	0.08394	0.39525	0.00716	0.00013	3.8e-05	6.9e-05	0.03994	0.00011	0.00012

[dist]
# distance from previous block
# <min> <max>
8	23

[block]
# block no. 1 follows, 3074 sequences, length 11
# corresponding to MSA columns:
# 387-397
name=unknown_B
#
# <colnr> <probs for GDERKNQSTAVLIFYWHMCP>
#	G	D	E	R	K	N	Q	S	T	A	V	L	I	F	Y	W	H	M	C	P
0	0.00017	0.00012	0.00015	0.00014	0.00017	0.00011	0.00010	0.01227	0.01395	0.03075	0.56776	0.01227	0.33530	0.01169	0.00014	3.8e-05	5.9e-05	0.01459	0.00012	0.00011
1	0.00018	0.00019	0.10443	0.02413	0.03320	0.00597	0.05985	0.03269	0.01099	0.00735	0.21300	0.31205	0.09543	0.03113	0.01650	4.4e-05	0.00658	0.03860	0.00758	0.00012
2	0.00017	0.00013	0.00016	0.00015	0.00018	0.01170	0.01187	0.01401	0.00030	0.01849	0.68260	0.04700	0.20053	0.00024	0.00013	3.7e-05	6e-05	0.01202	0.00012	0.00011
3	0.00024	0.00020	0.00023	0.00017	0.00026	0.00015	0.00013	0.00029	0.00024	0.03172	0.00022	0.03080	0.00019	9.4e-05	8.6e-05	1.8e-05	8.3e-05	7.6e-05	7e-05	0.93473
4	0.01240	0.01537	0.21752	0.00564	0.01565	0.00023	0.01766	0.05446	0.32268	0.01269	0.06383	0.02664	0.03344	0.00602	0.02797	4.4e-05	0.00653	0.15556	9.2e-05	0.00558
5	0.00023	0.00919	0.83436	0.01221	0.00714	0.00776	0.03542	0.00703	0.00783	0.00035	0.01112	0.00969	0.00991	0.01633	0.00012	3.7e-05	0.01464	0.01641	5.2e-05	0.00016
6	0.01690	0.09106	0.42218	0.03462	0.15087	0.02642	0.02465	0.01504	0.11848	0.00798	0.01948	0.00815	0.00663	0.00013	0.01734	3.7e-05	0.00617	0.01909	6.3e-05	0.01470
7	0.00020	0.00642	0.14535	0.01765	0.05241	0.00016	0.02036	0.00888	0.01642	0.03108	0.54764	0.01123	0.05584	0.02044	0.02753	4.2e-05	0.02459	0.01355	0.00010	0.00012
8	0.00022	0.00616	0.02309	0.03001	0.00753	0.00888	0.00898	0.02641	0.15186	0.07368	0.35139	0.02993	0.15699	0.02373	0.03397	4.4e-05	0.01843	0.03360	0.00583	0.00927
9	0.01250	0.06492	0.66696	0.00875	0.04140	0.00930	0.06731	0.02902	0.02141	0.00796	0.04108	0.00029	0.00710	0.00715	0.00796	3.7e-05	0.00015	0.00647	5.7e-05	0.00016
10	0.00018	0.00016	0.03366	0.00765	0.01393	0.02527	0.01046	0.00919	0.07395	0.01144	0.28390	0.09767	0.26249	0.01806	0.02252	4.4e-05	0.02079	0.09984	0.00010	0.00870

[dist]
# distance from previous block
# <min> <max>
6	181

[block]
# block no. 2 follows, 3074 sequences, length 13
# corresponding to MSA columns:
# 593-605
name=unknown_C
#
# <colnr> <probs for GDERKNQSTAVLIFYWHMCP>
#	G	D	E	R	K	N	Q	S	T	A	V	L	I	F	Y	W	H	M	C	P
0	0.00024	0.02126	0.02440	0.57722	0.22276	0.00915	0.02562	0.01290	0.00806	0.02362	0.02490	0.00658	0.00819	0.00012	0.00680	3.7e-05	0.02784	0.00011	5.8e-05	0.00014
1	0.00028	0.00026	0.00547	0.05297	0.55763	0.05983	0.00636	0.07956	0.02499	0.00953	0.09593	0.02743	0.01174	0.01214	0.01335	3.7e-05	0.00540	0.00529	0.00538	0.02641
2	0.00019	0.00523	0.00588	0.07003	0.03220	0.00693	0.02100	0.04199	0.04500	0.00899	0.09955	0.21323	0.09294	0.23863	0.07586	6.7e-05	0.00878	0.02735	0.00605	0.00011
3	0.00017	0.00012	0.00014	0.00015	0.00016	0.00012	9.8e-05	0.01410	0.00942	0.00026	0.02464	0.12934	0.03886	0.51559	0.18177	0.03256	0.00013	0.05222	7.7e-05	8.3e-05
4	0.00024	0.00020	0.00024	0.00017	0.00027	0.00016	0.01653	0.03146	0.00024	0.00038	0.00023	0.01598	0.01845	9.3e-05	8.7e-05	1.8e-05	8.6e-05	7.6e-05	6.9e-05	0.91501
5	0.90356	0.00023	0.00018	0.00016	0.00023	0.01954	0.00013	0.04787	0.00021	0.02682	0.00017	0.00019	0.00013	0.00011	7.4e-05	3.5e-05	9.1e-05	6.5e-05	7.3e-05	0.00013
6	0.00016	0.00012	0.00018	0.00018	0.00020	0.00014	0.00014	0.00020	0.00018	0.00026	0.00030	0.00044	0.00028	0.00085	0.99559	0.00018	0.00030	0.00012	6e-05	0.00010
7	0.00017	0.00012	0.00015	0.00014	0.00017	0.00011	0.00011	0.00021	0.00030	0.03281	0.72446	0.05306	0.15741	0.00024	0.00013	3.7e-05	5.7e-05	0.01599	0.01424	0.00011
8	0.00015	0.00010	0.00014	0.00016	0.00016	9.9e-05	0.00011	0.00017	0.00021	0.00028	0.01529	0.68008	0.03305	0.15581	0.01730	5.8e-05	8e-05	0.09658	9.8e-05	9e-05
9	0.00018	0.00012	0.00015	0.00014	0.00018	0.00011	0.00011	0.00023	0.01028	0.07775	0.60566	0.05971	0.21362	0.01063	0.00014	3.7e-05	6e-05	0.01064	0.01017	0.00011
10	0.00025	0.00802	0.35039	0.14915	0.21860	0.04590	0.11124	0.00991	0.00025	0.00034	0.00022	0.01731	0.00017	0.00013	0.01714	3.8e-05	0.04680	0.00010	0.02389	0.00015
11	0.00023	0.00014	0.00019	0.00020	0.00023	0.00013	0.00017	0.01087	0.01081	0.16200	0.03957	0.07648	0.03409	0.00028	0.00014	4.7e-05	9.5e-05	0.65027	0.01393	0.00012
12	0.00025	0.24056	0.19859	0.01281	0.05481	0.07602	0.01016	0.01626	0.01805	0.03591	0.12456	0.01662	0.12073	0.00649	0.01008	0.01469	0.03626	0.00694	7.3e-05	0.00014

[dist]
# distance from previous block
# <min> <max>
10	24

[block]
# block no. 3 follows, 3074 sequences, length 10
# corresponding to MSA columns:
# 644,646-650,668-671
name=unknown_D
#
# <colnr> <probs for GDERKNQSTAVLIFYWHMCP>
#	G	D	E	R	K	N	Q	S	T	A	V	L	I	F	Y	W	H	M	C	P
0	0.01675	0.06580	0.07860	0.03374	0.13466	0.31088	0.02991	0.20029	0.01848	0.02412	0.00022	0.00027	0.00018	0.03237	0.00762	3.6e-05	0.03824	0.00761	7.1e-05	0.00015
1	0.00024	0.00019	0.00021	0.00019	0.00024	0.01629	0.01121	0.01982	0.49946	0.03153	0.10843	0.09003	0.16190	0.00020	0.00012	3.9e-05	8.2e-05	0.03754	0.02213	0.00014
2	0.02357	0.03121	0.01244	0.04064	0.02404	0.04707	0.03046	0.03916	0.02525	0.01688	0.00022	0.00025	0.00889	9.6e-05	9.3e-05	2.2e-05	0.00879	7.7e-05	6.9e-05	0.69078
3	0.33987	0.01626	0.00029	0.17512	0.17192	0.07674	0.00886	0.05793	0.00024	0.01481	0.00020	0.00026	0.00016	0.02122	0.03179	0.00913	0.07491	8.7e-05	6.4e-05	0.00014
4	0.00017	0.00012	0.00015	0.00014	0.00017	0.00011	0.00011	0.00022	0.00031	0.02187	0.84123	0.02430	0.08223	0.00023	0.00013	3.6e-05	5.5e-05	0.00020	0.02814	0.00011
5	0.03215	0.00019	0.00020	0.00019	0.00868	0.00914	0.00015	0.09372	0.33135	0.01808	0.06424	0.12037	0.17255	0.02416	0.04973	4.8e-05	9.5e-05	0.07472	0.00011	0.00014
6	0.63270	0.05459	0.03154	0.08471	0.03887	0.02815	0.01541	0.02966	0.05168	0.01022	0.00019	0.00022	0.00015	0.00011	8.9e-05	3.5e-05	0.02140	7.4e-05	6.9e-05	0.00013
7	0.00017	0.00012	0.00013	0.00013	0.00014	0.00011	7.5e-05	0.00017	0.00018	0.00024	0.02972	0.00072	0.04305	0.85045	0.00051	9.7e-05	0.00010	0.00016	7.1e-05	0.07365
8	0.00016	0.00012	0.00015	0.00015	0.00017	0.00011	0.00011	0.00021	0.02754	0.03300	0.42244	0.29419	0.18817	0.00027	0.00013	3.9e-05	6.1e-05	0.01601	0.00011	0.01686
9	0.77221	0.01403	0.00019	0.01033	0.00024	0.02075	0.01021	0.06196	0.01436	0.00049	0.00021	0.05742	0.00018	0.00013	8.1e-05	3.5e-05	9.3e-05	0.02396	7.5e-05	0.01304

[dist]
# distance from previous block
# <min> <max>
5	17

[block]
# block no. 4 follows, 3074 sequences, length 10
# corresponding to MSA columns:
# 707-710,713,721-725
name=unknown_E
#
# <colnr> <probs for GDERKNQSTAVLIFYWHMCP>
#	G	D	E	R	K	N	Q	S	T	A	V	L	I	F	Y	W	H	M	C	P
0	0.00026	0.00021	0.01673	0.00019	0.01375	0.01228	0.01277	0.01544	0.02593	0.06388	0.01831	0.00026	0.00019	9.4e-05	8.9e-05	2e-05	8.9e-05	7.6e-05	7.4e-05	0.81938
1	0.00014	0.00011	0.00013	0.00015	0.00017	0.00010	0.00011	0.00018	0.02041	0.00032	0.10080	0.58459	0.22885	0.00032	0.00014	4.3e-05	6.5e-05	0.06318	0.00011	9.6e-05
2	0.00901	0.01071	0.02062	0.09504	0.06291	0.04467	0.01309	0.30580	0.19159	0.01217	0.00031	0.08162	0.00026	0.00670	0.00753	3.6e-05	0.00890	0.01185	9.1e-05	0.11710
3	0.00739	0.20481	0.21039	0.04416	0.04267	0.01500	0.07118	0.01156	0.01514	0.03730	0.00997	0.09071	0.02772	0.02525	0.00012	3.4e-05	0.01470	0.01155	6.6e-05	0.16027
4	0.01594	0.17786	0.21146	0.07865	0.12618	0.02513	0.04252	0.10175	0.01177	0.13489	0.01339	0.00029	0.00634	0.00626	0.00985	3.5e-05	0.01848	0.00688	0.00572	0.00661
5	0.00024	0.11238	0.84464	0.00031	0.00047	0.00028	0.03946	0.00036	0.00024	0.00035	0.00020	0.00023	0.00014	0.00011	0.00010	3.5e-05	0.00016	8.3e-05	4.8e-05	0.00016
6	0.00024	0.00015	0.02536	0.00016	0.00021	0.00013	0.00013	0.01061	0.01160	0.22393	0.48832	0.01352	0.15252	0.01446	0.01192	3.9e-05	7.4e-05	0.04638	0.00012	0.00013
7	0.02321	0.13434	0.18579	0.05080	0.09232	0.11607	0.04916	0.02984	0.01165	0.09075	0.08554	0.03978	0.01153	0.01886	0.00699	0.00620	0.02935	0.01760	7.3e-05	0.00015
8	0.01885	0.02612	0.01063	0.20965	0.17697	0.06909	0.04263	0.08221	0.03050	0.15698	0.02346	0.01992	0.01180	0.01677	0.00783	0.02181	0.03954	0.01114	7.8e-05	0.02402
9	0.00015	0.00012	0.01130	0.00014	0.00017	0.00011	0.01410	0.00018	0.00024	0.00031	0.03823	0.12274	0.54211	0.08704	0.01600	0.01299	7.7e-05	0.15379	9.9e-05	9.5e-05

[dist]
# distance from previous block
# <min> <max>
8	42

[block]
# block no. 5 follows, 3074 sequences, length 12
# corresponding to MSA columns:
# 906-917
name=unknown_F
#
# <colnr> <probs for GDERKNQSTAVLIFYWHMCP>
#	G	D	E	R	K	N	Q	S	T	A	V	L	I	F	Y	W	H	M	C	P
0	0.01225	0.30169	0.11542	0.00979	0.05066	0.07085	0.02309	0.05005	0.02816	0.02415	0.01696	0.08824	0.02457	0.02541	0.00675	3.4e-05	0.01488	0.04065	6.9e-05	0.09633
1	0.00736	0.00012	0.00014	0.00015	0.01033	0.01030	9.3e-05	0.00685	0.00019	0.01374	0.05018	0.06294	0.06069	0.59294	0.16153	0.00820	0.00013	0.00669	0.00733	8.4e-05
2	0.01121	0.06813	0.50799	0.01281	0.07619	0.02394	0.03560	0.04791	0.03550	0.06645	0.03129	0.01408	0.01315	0.02692	0.00975	3.8e-05	0.00980	0.00901	6.6e-05	0.00016
3	0.00019	0.00747	0.05599	0.01584	0.03259	0.00626	0.01663	0.00617	0.01245	0.01974	0.49764	0.07859	0.12620	0.00553	0.00013	3.5e-05	0.00550	0.00755	0.00010	0.10540
4	0.88064	0.01541	0.00886	0.01076	0.02382	0.01647	0.00860	0.01027	0.00020	0.01094	0.00016	0.00019	0.00013	0.00011	7.7e-05	3.5e-05	0.01306	6.5e-05	6.9e-05	0.00013
5	0.01034	0.31202	0.54069	0.00029	0.02441	0.00987	0.06049	0.01621	0.01080	0.00034	0.00020	0.00024	0.00016	0.00011	9.8e-05	3.2e-05	0.00015	0.01334	5.1e-05	0.00016
6	0.00521	0.02073	0.05958	0.03703	0.04689	0.04634	0.07616	0.15855	0.21561	0.05307	0.10316	0.02101	0.03125	0.00839	0.02343	0.00481	0.00929	0.06995	9.5e-05	0.00943
7	0.00016	0.00011	0.00015	0.00014	0.00017	0.00010	0.00010	0.00021	0.00031	0.00043	0.85332	0.04498	0.09892	0.00024	0.00013	3.6e-05	5.4e-05	0.00021	0.00012	0.00010
8	0.00024	0.00572	0.03887	0.38849	0.27161	0.01482	0.03441	0.01093	0.09562	0.00970	0.02407	0.04379	0.01820	0.00014	0.00636	3.8e-05	0.00725	0.02278	0.00680	0.00015
9	0.00016	0.00012	0.00014	0.00014	0.00017	0.00010	0.00010	0.00020	0.00030	0.01756	0.61618	0.02144	0.32392	0.00025	0.00013	3.7e-05	5.6e-05	0.01879	0.00012	0.00010
10	0.00798	0.00021	0.00023	0.00931	0.11721	0.08212	0.00836	0.04169	0.21037	0.02594	0.12096	0.05557	0.27657	0.00020	0.00012	3.7e-05	9.2e-05	0.03086	0.01203	0.00013
11	0.03411	0.41822	0.20309	0.00922	0.01300	0.02297	0.01337	0.18404	0.02678	0.03082	0.01421	0.00025	0.00018	0.01329	0.00975	3.3e-05	0.00636	8.2e-05	6.7e-05	0.00016

[dist]
# distance from previous block
# <min> <max>
0	1

[block]
# block no. 6 follows, 3074 sequences, length 28
# corresponding to MSA columns:
# 919-927,930-936,938-946,948,949,955
name=unknown_G
#
# <colnr> <probs for GDERKNQSTAVLIFYWHMCP>
#	G	D	E	R	K	N	Q	S	T	A	V	L	I	F	Y	W	H	M	C	P
0	0.94411	0.00929	0.01841	0.00015	0.00023	0.00025	0.00013	0.00034	0.00942	0.00913	0.00016	0.00019	0.00013	0.00011	7.1e-05	3.5e-05	8.9e-05	6.3e-05	7e-05	0.00762
1	0.01571	0.00020	0.00024	0.00018	0.00027	0.00650	0.00014	0.05117	0.01033	0.18450	0.03692	0.01059	0.00398	0.00011	0.00657	2.4e-05	0.00485	8.7e-05	8.6e-05	0.66754
2	0.00017	0.00011	0.00013	0.00013	0.00013	0.00011	7.6e-05	0.00016	0.00017	0.00022	0.00036	0.06696	0.00041	0.80505	0.00052	0.10433	0.00011	0.02072	6.9e-05	6.9e-05
3	0.00418	0.02724	0.19009	0.01060	0.08734	0.05479	0.02682	0.07339	0.08359	0.37272	0.03581	0.00751	0.00494	0.00014	0.00562	3.6e-05	0.00269	0.01224	9.8e-05	0.00017
4	0.31001	0.32891	0.02026	0.00021	0.00427	0.14722	0.00018	0.09318	0.07430	0.00686	0.00020	0.00022	0.00016	0.00371	0.00410	3.2e-05	0.00590	7.3e-05	6.8e-05	0.00014
5	0.00250	0.00015	0.00021	0.02479	0.00733	0.00539	0.08475	0.02349	0.07333	0.00779	0.04805	0.10080	0.00382	0.48219	0.01189	0.00445	0.01751	0.09713	0.00432	9.9e-05
6	0.00330	0.03893	0.11246	0.00706	0.02047	0.16535	0.02558	0.10948	0.13459	0.02389	0.15499	0.01049	0.05699	0.00016	0.00670	3.5e-05	0.04118	0.01072	8.6e-05	0.07757
7	0.74183	0.00021	0.00019	0.00017	0.00875	0.00023	0.00013	0.01065	0.00023	0.22901	0.00758	0.00024	0.00017	0.00011	8.1e-05	3.5e-05	9e-05	7.5e-05	8.7e-05	0.00014
8	0.00025	0.00716	0.07662	0.01541	0.09708	0.01822	0.02468	0.04139	0.28546	0.04300	0.22695	0.03866	0.07723	0.00536	0.00318	3.7e-05	0.00269	0.01829	0.00010	0.01824
9	0.00015	0.00012	0.00014	0.00013	0.00016	0.00010	9.9e-05	0.00019	0.00029	0.00934	0.57741	0.01052	0.40042	0.00025	0.00013	3.7e-05	5.5e-05	0.00022	0.00012	0.00010
10	0.00310	0.06370	0.35156	0.00649	0.05129	0.01670	0.10592	0.14499	0.13774	0.04443	0.02895	0.01613	0.02026	0.00013	0.00011	3.5e-05	0.00810	0.00011	7.6e-05	0.00017
11	0.01292	0.08377	0.67053	0.00711	0.02078	0.01611	0.01421	0.05550	0.00669	0.07534	0.01043	0.00026	0.00017	0.00284	0.01462	3.7e-05	0.00838	8.8e-05	6e-05	0.00016
12	0.00015	0.00012	0.00014	0.00013	0.00016	0.00010	0.00010	0.00019	0.00428	0.00664	0.40115	0.04439	0.46846	0.01589	0.03034	4.3e-05	0.00421	0.02329	0.00011	0.00010
13	0.00033	0.39847	0.02798	0.00346	0.02270	0.35201	0.02569	0.03421	0.00325	0.00258	0.00778	0.01965	0.00880	0.02735	0.01312	3.3e-05	0.02692	0.01830	0.00723	0.00014
14	0.01049	0.06124	0.15785	0.01105	0.02272	0.01687	0.01728	0.01116	0.05921	0.09649	0.04493	0.09793	0.01704	0.00890	0.16159	5.8e-05	0.02838	0.03406	0.00221	0.14056
15	0.01820	0.23188	0.52248	0.00029	0.01959	0.02230	0.03261	0.03835	0.01110	0.04820	0.01536	0.00295	0.00516	0.00011	0.00011	3.3e-05	0.02625	8.5e-05	5.8e-05	0.00488
16	0.00807	0.01370	0.01446	0.10271	0.53250	0.09819	0.04882	0.05040	0.04020	0.02783	0.00022	0.00363	0.00018	0.00011	0.00013	3.5e-05	0.05848	0.00010	6.3e-05	0.00016
17	0.20829	0.00508	0.03535	0.07386	0.10906	0.05647	0.23402	0.13213	0.00640	0.04493	0.00024	0.01066	0.00019	0.01307	0.01377	3.9e-05	0.02457	0.03164	7.2e-05	0.00015
18	0.00025	0.00323	0.03192	0.26778	0.48149	0.00025	0.00884	0.02726	0.09515	0.00481	0.01064	0.02678	0.02417	0.00292	0.00012	3.6e-05	0.00013	0.01096	0.00312	0.00016
19	0.00016	0.00011	0.00014	0.00015	0.00017	0.00010	0.00011	0.00020	0.00026	0.04108	0.36409	0.47715	0.08313	0.00603	0.00014	4.1e-05	6.2e-05	0.02046	0.00631	0.00010
20	0.01058	0.02107	0.02061	0.11889	0.49860	0.01136	0.03498	0.03114	0.18218	0.00326	0.02307	0.00318	0.01171	0.00013	0.01578	3.7e-05	0.00783	0.00302	0.00240	0.00016
21	0.03822	0.00013	0.00016	0.00015	0.00018	0.00012	0.00011	0.00024	0.00704	0.08456	0.66057	0.07909	0.10684	0.01497	0.00014	3.8e-05	6.1e-05	0.00719	0.00012	0.00011
22	0.00308	0.01799	0.04167	0.00608	0.02132	0.13293	0.00891	0.16812	0.06082	0.04137	0.02526	0.26646	0.01798	0.00685	0.00565	4.1e-05	0.01479	0.14574	0.01195	0.00299
23	0.00016	0.00012	0.00015	0.00014	0.00017	0.00011	0.00011	0.00021	0.01372	0.01265	0.70121	0.04415	0.19680	0.00576	0.00014	3.7e-05	5.7e-05	0.02409	0.00012	0.00011
24	0.00470	0.12754	0.18671	0.00258	0.04040	0.12974	0.01124	0.33922	0.07085	0.00630	0.00723	0.03639	0.00341	0.00291	0.00339	3.4e-05	0.00014	0.02698	8.2e-05	0.00016
25	0.00432	0.00013	0.00015	0.00015	0.00019	0.01587	0.00012	0.00660	0.00596	0.01705	0.06496	0.09070	0.48723	0.01889	0.00015	4.4e-05	7.6e-05	0.28722	0.00010	0.00010
26	0.01910	0.00011	0.00013	0.00013	0.00013	0.00011	7.4e-05	0.00017	0.00017	0.00023	0.01661	0.03140	0.00043	0.90380	0.00053	0.00010	0.00011	0.02652	7.1e-05	7.2e-05
27	0.88850	0.01556	0.02973	0.00016	0.00023	0.03550	0.00014	0.01716	0.01146	0.00049	0.00016	0.00019	0.00013	0.00011	7.3e-05	3.5e-05	9.5e-05	6.4e-05	7e-05	0.00013

[dist]
# distance from previous block
# <min> <max>
5	6

[block]
# block no. 7 follows, 3074 sequences, length 10
# corresponding to MSA columns:
# 965-974
name=unknown_H
#
# <colnr> <probs for GDERKNQSTAVLIFYWHMCP>
#	G	D	E	R	K	N	Q	S	T	A	V	L	I	F	Y	W	H	M	C	P
0	0.00024	0.05099	0.81348	0.00030	0.00045	0.00026	0.01378	0.00036	0.04563	0.02054	0.02710	0.00029	0.01314	0.00012	0.00011	3.5e-05	0.00015	0.01280	5.6e-05	0.00016
1	0.00015	0.00011	0.00014	0.00015	0.00017	0.0001	0.00011	0.00018	0.01512	0.02224	0.10678	0.65075	0.13860	0.03278	0.00015	4.6e-05	6.7e-05	0.03217	0.00011	9.7e-05
2	0.05692	0.30750	0.30916	0.00026	0.02281	0.05087	0.01816	0.11841	0.03376	0.01633	0.00801	0.02670	0.00018	0.00012	0.00010	3.2e-05	0.01926	8.7e-05	6.4e-05	0.01127
3	0.00018	0.00828	0.00016	0.00016	0.00017	0.00805	0.00011	0.01405	0.02390	0.02525	0.03357	0.10373	0.02104	0.53125	0.14249	9.8e-05	0.05379	0.02355	7.7e-05	0.01010
4	0.08661	0.11951	0.08514	0.01120	0.01606	0.10782	0.00757	0.19220	0.12593	0.05463	0.03177	0.04546	0.00850	0.00578	0.01491	0.04080	0.01698	0.02306	8.4e-05	0.00599
5	0.04389	0.05594	0.11958	0.00040	0.01760	0.01677	0.65550	0.02320	0.00026	0.02004	0.00022	0.00029	0.00017	0.01451	0.01660	4e-05	0.01466	0.00012	5.9e-05	0.00015
6	0.00016	0.00012	0.00014	0.00014	0.00017	0.00010	0.00010	0.00020	0.00029	0.02430	0.60802	0.06761	0.23770	0.03857	0.00015	4e-05	5.9e-05	0.02190	0.00012	0.00010
7	0.01794	0.07955	0.57230	0.02687	0.07181	0.00805	0.07209	0.02774	0.02557	0.03940	0.00926	0.01643	0.01268	0.00012	0.00011	3.5e-05	0.00646	0.00673	0.00670	0.00016
8	0.00853	0.00713	0.03028	0.05848	0.68301	0.00918	0.01479	0.01210	0.02051	0.01259	0.01195	0.05111	0.01824	0.00012	0.00011	3.4e-05	0.01036	0.00011	6.3e-05	0.05129
9	0.02241	0.02044	0.06478	0.01031	0.00858	0.02175	0.02500	0.02536	0.02292	0.03296	0.17003	0.17062	0.30639	0.01977	0.02345	0.00518	0.00708	0.02684	0.00517	0.01096

[dist]
# distance from previous block
# <min> <max>
0	16

# created by:
# /home/cegg/simao/soft/augustus-3.2.1/scripts/msa2prfl.pl ./align_prep/POG091H02IB.fa
