[name]
unknown

[dist]
# distance from previous block
# <min> <max>
0	228

[block]
# block no. 0 follows, 2424 sequences, length 14
# corresponding to MSA columns:
# 516-525,533-536
name=unknown_A
#
# <colnr> <probs for GDERKNQSTAVLIFYWHMCP>
#	G	D	E	R	K	N	Q	S	T	A	V	L	I	F	Y	W	H	M	C	P
0	0.00611	0.01411	0.03830	0.04139	0.11101	0.02054	0.09140	0.01787	0.01309	0.07335	0.05937	0.22801	0.09683	0.04710	0.03931	0.02996	0.01196	0.04136	0.01397	0.00497
1	0.04190	0.13898	0.22567	0.03776	0.05257	0.05992	0.12200	0.03454	0.03946	0.09178	0.01362	0.01257	0.01619	0.00460	0.00665	0.00493	0.01208	0.01315	8.8e-05	0.07154
2	0.01372	0.02698	0.00989	0.06709	0.15688	0.00977	0.34821	0.03515	0.02348	0.04597	0.01566	0.17446	0.01568	0.00610	0.00822	5e-05	0.00613	0.01594	0.00457	0.01605
3	0.00026	0.00015	0.00020	0.00020	0.00022	0.00015	0.00679	0.00926	0.00028	0.13002	0.02878	0.41074	0.01936	0.29705	0.01747	0.01378	0.00640	0.03410	0.02467	0.00013
4	0.00997	0.03559	0.14567	0.04554	0.04839	0.01519	0.11307	0.03918	0.01395	0.09194	0.10491	0.19143	0.06159	0.00950	0.02168	0.00987	0.01506	0.02036	0.00693	0.00017
5	0.04874	0.08003	0.06604	0.20529	0.11209	0.01431	0.08185	0.01804	0.06144	0.12314	0.03080	0.04373	0.05594	0.00534	0.00717	0.00454	0.01854	0.01673	0.00607	0.00018
6	0.00021	0.00912	0.00022	0.00022	0.00024	0.00018	0.00016	0.00025	0.00023	0.00033	0.01008	0.09187	0.01348	0.15009	0.66231	0.00864	0.03444	0.01772	8.5e-05	0.00012
7	0.02815	0.00020	0.00565	0.01412	0.02323	0.01107	0.03106	0.01449	0.01810	0.13906	0.12103	0.19727	0.01938	0.07584	0.21356	0.00923	0.04639	0.02706	0.00494	0.00015
8	0.03394	0.13127	0.28345	0.08210	0.05148	0.03137	0.08848	0.03129	0.02380	0.13193	0.02004	0.02560	0.00823	0.00658	0.00438	4.5e-05	0.02481	0.00803	0.00867	0.00451
9	0.01510	0.00574	0.05769	0.03051	0.03727	0.00752	0.03080	0.02350	0.01822	0.04806	0.01594	0.46817	0.06488	0.02584	0.02659	0.00954	0.01492	0.09222	0.00735	0.00014
10	0.00018	0.00013	0.00017	0.00020	0.00021	0.00013	0.00014	0.00022	0.00957	0.00038	0.07143	0.75335	0.08328	0.01511	0.00020	0.00937	0.01765	0.03802	0.00013	0.00012
11	0.02516	0.03004	0.03786	0.04852	0.04230	0.02678	0.06001	0.01193	0.02571	0.13591	0.18349	0.16975	0.11931	0.01007	0.01049	5.1e-05	0.02980	0.02201	0.01064	0.00016
12	0.01860	0.06918	0.34464	0.05873	0.23047	0.01101	0.04886	0.03159	0.06051	0.05243	0.01293	0.03319	0.00656	0.00686	0.00015	4.5e-05	0.01384	0.00013	8.2e-05	0.00020
13	0.05993	0.02602	0.07476	0.01414	0.05475	0.00021	0.01313	0.00911	0.04378	0.06396	0.04918	0.00529	0.01475	0.01117	0.03123	0.49689	0.01183	0.01001	8.3e-05	0.00979

[dist]
# distance from previous block
# <min> <max>
0	1

[block]
# block no. 1 follows, 2424 sequences, length 11
# corresponding to MSA columns:
# 538-547,549
name=unknown_B
#
# <colnr> <probs for GDERKNQSTAVLIFYWHMCP>
#	G	D	E	R	K	N	Q	S	T	A	V	L	I	F	Y	W	H	M	C	P
0	0.21490	0.00056	0.00036	0.01962	0.00041	0.69136	0.00025	0.03262	0.01627	0.02209	0.00023	0.00027	0.00019	0.00015	0.00012	3.9e-05	0.00022	9.3e-05	8.2e-05	0.00017
1	0.02988	0.01190	0.13467	0.11707	0.24091	0.01015	0.12338	0.06604	0.02583	0.05447	0.08447	0.01998	0.03111	0.00546	0.01471	4.8e-05	0.00692	0.00761	9.3e-05	0.01531
2	0.00583	0.01683	0.07977	0.11663	0.20237	0.01538	0.03884	0.02877	0.13480	0.07288	0.14270	0.02895	0.02024	0.01752	0.02342	5.2e-05	0.03112	0.01263	0.00011	0.01118
3	0.00025	0.00020	0.00659	0.18473	0.00040	0.00022	0.00808	0.02153	0.02058	0.02152	0.11904	0.04475	0.11559	0.04222	0.16040	0.00879	0.08039	0.15515	0.00942	0.00014
4	0.22805	0.02842	0.00038	0.04073	0.00043	0.64433	0.02444	0.01785	0.00036	0.01348	0.00022	0.00026	0.00018	0.00014	0.00012	3.9e-05	0.00021	9.3e-05	7.9e-05	0.00017
5	0.00018	0.00013	0.00017	0.00020	0.00021	0.00012	0.00013	0.00020	0.00028	0.00037	0.02032	0.85762	0.05166	0.04078	0.00020	6.1e-05	8.6e-05	0.02705	0.00013	0.00012
6	0.00031	0.00026	0.00028	0.00025	0.00032	0.00028	0.00020	0.05732	0.60610	0.00056	0.10978	0.04130	0.15848	0.00024	0.00015	4.8e-05	0.00010	0.02366	0.00014	0.00019
7	0.41464	0.00029	0.00031	0.09804	0.02403	0.02349	0.00022	0.13699	0.02442	0.27578	0.00034	0.00034	0.00023	0.00015	0.00012	4.4e-05	0.00013	0.00011	0.00012	0.00020
8	0.00026	0.00021	0.02172	0.01264	0.01358	0.00801	0.00016	0.01481	0.01147	0.07035	0.08690	0.07398	0.37974	0.00765	0.00015	4.1e-05	9.6e-05	0.01493	0.00012	0.28318
9	0.00032	0.01426	0.01506	0.41604	0.11804	0.01043	0.02994	0.03656	0.21962	0.02439	0.04889	0.01568	0.01503	0.00018	0.00724	4.8e-05	0.01365	0.00015	0.00645	0.00802
10	0.01891	0.33533	0.35598	0.01693	0.02201	0.05766	0.01731	0.02215	0.05079	0.03498	0.01230	0.00669	0.00023	0.00015	0.00588	4.1e-05	0.01573	0.01340	0.00584	0.00767

[dist]
# distance from previous block
# <min> <max>
1	2

[block]
# block no. 2 follows, 2424 sequences, length 16
# corresponding to MSA columns:
# 556-561,563-571,573
name=unknown_C
#
# <colnr> <probs for GDERKNQSTAVLIFYWHMCP>
#	G	D	E	R	K	N	Q	S	T	A	V	L	I	F	Y	W	H	M	C	P
0	0.02929	0.14927	0.35491	0.10924	0.01438	0.02099	0.11184	0.05649	0.02884	0.04199	0.01573	0.01043	0.01044	0.00015	0.00375	4.4e-05	0.01211	0.00857	0.00469	0.01684
1	0.01442	0.00019	0.05579	0.00021	0.00026	0.00016	0.00572	0.01706	0.01470	0.04249	0.23954	0.14787	0.13788	0.10331	0.01245	0.00648	0.00475	0.18929	0.00730	0.00014
2	0.00023	0.00602	0.01776	0.00721	0.00638	0.00954	0.01930	0.00407	0.01307	0.03489	0.12396	0.24025	0.09563	0.04075	0.11005	0.23643	0.00860	0.01763	0.00812	0.00012
3	0.00616	0.06627	0.20051	0.03644	0.02658	0.01570	0.01211	0.10211	0.07344	0.01377	0.14031	0.12364	0.12388	0.00860	0.01424	0.01130	0.01211	0.00375	0.00011	0.00895
4	0.00646	0.01629	0.01673	0.27272	0.42625	0.02156	0.01750	0.01140	0.03136	0.01847	0.00926	0.05359	0.00027	0.00017	0.00834	4.6e-05	0.03854	0.00602	7.8e-05	0.04491
5	0.00031	0.00031	0.00045	0.00038	0.00040	0.02025	0.08760	0.00035	0.00024	0.00036	0.00024	0.07147	0.00024	0.00025	0.00041	6e-05	0.81631	0.00015	6.9e-05	0.00016
6	0.00019	0.00014	0.00017	0.00017	0.00020	0.00013	0.00012	0.00023	0.00029	0.01349	0.17449	0.22437	0.26600	0.26965	0.03176	8e-05	0.00010	0.01817	0.00012	0.00011
7	0.00023	0.00459	0.02209	0.00524	0.00622	0.00016	0.00701	0.00514	0.05234	0.05101	0.10548	0.36068	0.11335	0.07768	0.10281	0.04710	0.00013	0.02986	0.00876	0.00013
8	0.00040	0.80963	0.01079	0.00026	0.00038	0.11135	0.00025	0.02531	0.00031	0.00036	0.00022	0.00025	0.01180	0.00013	0.00010	3.2e-05	0.01184	8.3e-05	6.6e-05	0.01645
9	0.02544	0.00035	0.00038	0.00030	0.00040	0.00039	0.00024	0.78235	0.00060	0.06187	0.00037	0.00037	0.00026	0.00017	0.00014	4.2e-05	0.00014	0.00013	0.12584	0.00023
10	0.03902	0.00015	0.00019	0.00615	0.00024	0.00015	0.00014	0.01683	0.00633	0.11243	0.02534	0.60312	0.13681	0.01590	0.00556	0.01922	9.2e-05	0.01206	0.00013	0.00013
11	0.00544	0.00025	0.00491	0.02162	0.06485	0.00026	0.00894	0.16008	0.11831	0.20024	0.14037	0.10581	0.01707	0.02323	0.02496	0.02862	0.05428	0.00737	0.00713	0.00623
12	0.04595	0.00018	0.00021	0.00020	0.00025	0.00563	0.00015	0.01230	0.01383	0.10155	0.21201	0.25135	0.14734	0.01252	0.00698	4.7e-05	9.2e-05	0.01330	0.03130	0.14481
13	0.04220	0.00579	0.02806	0.01282	0.01340	0.01114	0.01856	0.08033	0.01876	0.19836	0.12069	0.28080	0.06461	0.02907	0.04042	0.00669	0.00574	0.01044	0.00836	0.00376
14	0.01574	0.09159	0.15629	0.05186	0.10536	0.03787	0.02632	0.04251	0.01955	0.04827	0.00774	0.06611	0.01970	0.05159	0.00879	0.00520	0.00793	0.00736	0.00554	0.22469
15	0.01568	0.02471	0.04860	0.01091	0.01197	0.00731	0.03029	0.02361	0.02734	0.07479	0.05731	0.14137	0.02203	0.20595	0.14115	0.02844	0.06911	0.00615	0.00784	0.04544

[dist]
# distance from previous block
# <min> <max>
3	50

[block]
# block no. 3 follows, 2424 sequences, length 19
# corresponding to MSA columns:
# 630-647,652
name=unknown_D
#
# <colnr> <probs for GDERKNQSTAVLIFYWHMCP>
#	G	D	E	R	K	N	Q	S	T	A	V	L	I	F	Y	W	H	M	C	P
0	0.00326	0.01137	0.02649	0.22438	0.11999	0.06136	0.02984	0.17815	0.15947	0.03009	0.03403	0.03922	0.00811	0.00329	0.00515	0.00361	0.04011	0.00622	0.01026	0.00560
1	0.01708	0.00015	0.00019	0.00019	0.00442	0.00014	0.00014	0.00993	0.02546	0.03894	0.24274	0.28858	0.13442	0.09185	0.02347	0.03448	9.6e-05	0.04027	0.04733	0.00013
2	0.01470	0.00015	0.00018	0.00525	0.00022	0.00014	0.00013	0.00467	0.00457	0.10130	0.08849	0.31014	0.27635	0.00585	0.00654	0.01761	8.5e-05	0.01730	0.14620	0.00014
3	0.00038	0.99507	0.00075	0.00024	0.00037	0.00056	0.00024	0.00043	0.00029	0.00034	0.00020	0.00023	0.00018	0.00012	9.2e-05	3.1e-05	0.00015	7.6e-05	6.1e-05	0.00018
4	0.00019	0.00014	0.00018	0.00017	0.00021	0.00013	0.00013	0.00025	0.00036	0.00940	0.55291	0.10018	0.29629	0.02146	0.00018	5e-05	7.3e-05	0.01742	0.00015	0.00013
5	0.96851	0.02773	0.00022	0.00019	0.00028	0.00033	0.00016	0.00042	0.00024	0.00063	0.00020	0.00023	0.00016	0.00013	8.8e-05	4.4e-05	0.00011	7.7e-05	8.8e-05	0.00016
6	0.01260	0.00033	0.00036	0.00030	0.00040	0.00036	0.00024	0.41705	0.36968	0.18198	0.00047	0.00044	0.00034	0.00018	0.00014	4.5e-05	0.00013	0.00014	0.01457	0.00023
7	0.96962	0.00029	0.00021	0.00019	0.00028	0.02666	0.00016	0.00042	0.00025	0.00063	0.00020	0.00023	0.00016	0.00013	8.9e-05	4.4e-05	0.00011	7.8e-05	8.8e-05	0.00015
8	0.24951	0.00025	0.00029	0.00023	0.00033	0.00024	0.00019	0.01018	0.00035	0.60345	0.00044	0.00041	0.00029	0.02367	0.00014	4.4e-05	0.00012	0.00012	0.01040	0.09935
9	0.99599	0.00028	0.00021	0.00019	0.00028	0.00032	0.00015	0.00042	0.00024	0.00064	0.00020	0.00023	0.00015	0.00013	8.8e-05	4.4e-05	0.00011	7.7e-05	8.8e-05	0.00015
10	0.00021	0.00014	0.00018	0.00019	0.00020	0.00014	0.01340	0.00023	0.00745	0.02061	0.00982	0.37951	0.01132	0.49186	0.00904	9.9e-05	0.00012	0.05529	0.00011	0.00011
11	0.00030	0.00025	0.00030	0.00021	0.00034	0.00019	0.00017	0.00036	0.00030	0.00047	0.00025	0.00030	0.00021	0.00011	0.00011	2.1e-05	0.00011	8.5e-05	8.5e-05	0.99586
12	0.71795	0.00030	0.00026	0.00022	0.00031	0.00034	0.00018	0.20727	0.00938	0.04042	0.01033	0.00028	0.00020	0.00014	0.00010	4.4e-05	0.00012	9.4e-05	0.01188	0.00018
13	0.00018	0.00014	0.00016	0.00017	0.00020	0.00013	0.00012	0.00022	0.00720	0.00740	0.10510	0.22704	0.55878	0.03660	0.00019	5.4e-05	8e-05	0.04879	0.00731	0.00012
14	0.00762	0.00023	0.00027	0.00020	0.00031	0.00018	0.00016	0.00035	0.00791	0.03058	0.16248	0.01014	0.03542	0.02046	0.00013	3e-05	9.9e-05	0.01191	0.00772	0.70381
15	0.00563	0.00014	0.00017	0.00020	0.00022	0.00013	0.00014	0.00023	0.01323	0.02711	0.06564	0.69195	0.10913	0.02068	0.00019	0.01045	8.6e-05	0.04743	0.00714	0.00012
16	0.01378	0.00028	0.00041	0.05302	0.30722	0.00420	0.00621	0.03192	0.00628	0.54604	0.00450	0.00542	0.00427	0.00419	0.00015	4.4e-05	0.00740	0.00014	0.00429	0.00023
17	0.00020	0.00015	0.00016	0.00016	0.00021	0.00013	0.00012	0.00666	0.00758	0.04885	0.06443	0.12425	0.70397	0.00650	0.00017	5e-05	7.8e-05	0.01918	0.01701	0.00013
18	0.00457	0.00019	0.03200	0.00022	0.00436	0.00017	0.00017	0.01010	0.02338	0.24731	0.13326	0.17493	0.04454	0.04447	0.03692	0.00458	0.00388	0.08381	0.15098	0.00016

[dist]
# distance from previous block
# <min> <max>
2	8

[block]
# block no. 4 follows, 2424 sequences, length 24
# corresponding to MSA columns:
# 690-698,703-714,720,724,726
name=unknown_E
#
# <colnr> <probs for GDERKNQSTAVLIFYWHMCP>
#	G	D	E	R	K	N	Q	S	T	A	V	L	I	F	Y	W	H	M	C	P
0	0.00851	0.11294	0.11023	0.10046	0.16602	0.04544	0.15711	0.08636	0.05359	0.03581	0.00941	0.00497	0.00473	0.00352	0.00423	4.5e-05	0.07401	0.00259	0.00324	0.01678
1	0.01095	0.00015	0.00018	0.00018	0.00021	0.00014	0.00013	0.00422	0.01786	0.01528	0.38537	0.09664	0.16973	0.20619	0.03767	0.00738	0.00010	0.02558	0.02193	0.00012
2	0.00483	0.01449	0.00030	0.00955	0.00337	0.00513	0.00671	0.03917	0.57545	0.01330	0.15030	0.04508	0.04775	0.01121	0.02037	0.01332	0.02175	0.00780	0.00992	0.00019
3	0.02346	0.00014	0.00018	0.00020	0.00022	0.00013	0.00349	0.02116	0.00672	0.00842	0.01597	0.70231	0.11269	0.01990	0.00405	5.7e-05	8.8e-05	0.03595	0.04051	0.00434
4	0.00020	0.00016	0.00018	0.00019	0.00022	0.02931	0.00014	0.00540	0.00481	0.01472	0.28735	0.40959	0.18518	0.02531	0.00019	5.3e-05	8.5e-05	0.02432	0.01248	0.00013
5	0.00035	0.70659	0.28898	0.00029	0.00044	0.00050	0.00033	0.00043	0.00029	0.00037	0.00022	0.00025	0.00018	0.00013	0.00010	3.5e-05	0.00017	8.5e-05	6.1e-05	0.00019
6	0.00799	0.00034	0.00038	0.00029	0.00635	0.00035	0.00024	0.62297	0.03182	0.09610	0.01312	0.00040	0.03379	0.00017	0.00014	3.9e-05	0.00014	0.00013	0.00496	0.18029
7	0.00352	0.00746	0.01989	0.06870	0.01023	0.13280	0.01026	0.01684	0.07571	0.00826	0.16929	0.38022	0.02643	0.00031	0.00016	5.1e-05	0.00012	0.06947	0.00012	0.00015
8	0.24208	0.00411	0.10158	0.06969	0.05536	0.14146	0.10435	0.02509	0.01962	0.06288	0.01200	0.10275	0.02000	0.01017	0.00405	4.7e-05	0.02123	0.00326	9.3e-05	0.00017
9	0.00034	0.00032	0.00055	0.15864	0.81679	0.00034	0.00043	0.00043	0.01994	0.00045	0.00027	0.00036	0.00022	0.00013	0.00014	4.3e-05	0.00017	0.00013	7.1e-05	0.00022
10	0.00031	0.00029	0.00049	0.52476	0.45129	0.00032	0.00041	0.00040	0.00030	0.00041	0.00027	0.00039	0.00022	0.00014	0.00014	4.6e-05	0.00018	0.01936	6.8e-05	0.00019
11	0.00030	0.00021	0.00024	0.00022	0.00028	0.00021	0.01122	0.05382	0.21550	0.11433	0.19335	0.05603	0.29041	0.00028	0.00909	4.9e-05	9.6e-05	0.01504	0.03919	0.00017
12	0.01098	0.04310	0.06213	0.19874	0.08243	0.11189	0.02418	0.04876	0.10225	0.16216	0.05368	0.03478	0.02861	0.00313	0.00702	0.00247	0.01303	0.00760	0.00286	0.00019
13	0.00023	0.00015	0.00471	0.00017	0.00018	0.00014	0.00582	0.00024	0.00022	0.04348	0.01534	0.00510	0.00883	0.79016	0.03103	0.06619	0.00014	0.00020	0.02225	0.00543
14	0.00020	0.00015	0.00021	0.00022	0.00024	0.00014	0.05408	0.00024	0.00768	0.01965	0.11806	0.67000	0.08051	0.00039	0.00018	5.5e-05	9.2e-05	0.04103	0.00674	0.00013
15	0.01327	0.04673	0.14122	0.14773	0.11349	0.14521	0.11441	0.07003	0.07717	0.06842	0.00669	0.01104	0.00848	0.00887	0.00301	4.6e-05	0.01389	0.00708	0.00305	0.00019
16	0.01020	0.04684	0.26093	0.01330	0.02331	0.02285	0.28177	0.05102	0.03241	0.06246	0.00860	0.03221	0.00905	0.00702	0.03539	0.00387	0.08156	0.01286	0.00414	0.00019
17	0.00425	0.00017	0.00510	0.00021	0.00025	0.00016	0.01028	0.00775	0.02999	0.18917	0.36192	0.18438	0.05140	0.06493	0.00429	5.5e-05	9.5e-05	0.05446	0.03098	0.00015
18	0.01605	0.00321	0.00029	0.02549	0.11945	0.00488	0.02768	0.04334	0.04471	0.16479	0.25774	0.07745	0.17371	0.00527	0.00282	4.7e-05	0.00011	0.00538	0.02468	0.00290
19	0.05029	0.09703	0.15168	0.08106	0.03829	0.03561	0.06722	0.11148	0.04298	0.14867	0.00969	0.04178	0.03274	0.00597	0.00862	4.7e-05	0.04940	0.01489	0.00447	0.00809
20	0.01053	0.07208	0.36960	0.06751	0.09424	0.01619	0.05739	0.04513	0.04740	0.09012	0.04222	0.04929	0.00784	0.00017	0.00278	4.6e-05	0.01669	0.00606	0.00452	0.00020
21	0.00019	0.00014	0.00018	0.00021	0.00022	0.01254	0.00353	0.00444	0.00932	0.00623	0.01332	0.86868	0.02439	0.00587	0.00544	5.9e-05	0.00891	0.03115	0.00508	0.00012
22	0.47027	0.05103	0.08815	0.02846	0.10981	0.05143	0.03891	0.03512	0.00355	0.04671	0.00025	0.01196	0.00020	0.00014	0.00301	4.3e-05	0.01388	0.00356	0.00409	0.03943
23	0.00018	0.00013	0.00704	0.00020	0.00021	0.00012	0.00459	0.00021	0.00028	0.00557	0.01188	0.83080	0.10642	0.00785	0.00576	0.00558	8.6e-05	0.00722	0.00575	0.00012

[dist]
# distance from previous block
# <min> <max>
1	5

[block]
# block no. 5 follows, 2424 sequences, length 11
# corresponding to MSA columns:
# 741,743-747,750,752-755
name=unknown_F
#
# <colnr> <probs for GDERKNQSTAVLIFYWHMCP>
#	G	D	E	R	K	N	Q	S	T	A	V	L	I	F	Y	W	H	M	C	P
0	0.00025	0.00017	0.00021	0.00019	0.00024	0.00830	0.00015	0.01267	0.08366	0.07816	0.46945	0.09858	0.17662	0.02436	0.00904	0.00785	8.6e-05	0.01273	0.01714	0.00015
1	0.00812	0.02484	0.16712	0.07778	0.06741	0.03820	0.08286	0.08885	0.21687	0.04667	0.02175	0.01268	0.02626	0.00800	0.01700	0.00661	0.07721	0.00517	0.00639	0.00020
2	0.01878	0.00020	0.00753	0.00021	0.00026	0.00727	0.00016	0.03420	0.09624	0.12591	0.35965	0.05870	0.09435	0.06636	0.01060	5.2e-05	9.7e-05	0.00021	0.03449	0.08474
3	0.00024	0.00649	0.02190	0.04283	0.02463	0.00542	0.01080	0.02748	0.01248	0.03547	0.29254	0.11434	0.19476	0.06667	0.04768	0.00604	0.06343	0.01288	0.01379	0.00014
4	0.00706	0.00557	0.02178	0.16576	0.03692	0.05147	0.11724	0.03995	0.04141	0.03499	0.01799	0.01748	0.01194	0.00833	0.00551	0.04118	0.31895	0.00014	0.03894	0.01738
5	0.32400	0.06921	0.07550	0.01028	0.04620	0.00774	0.02024	0.13920	0.03508	0.15791	0.03215	0.00901	0.03148	0.00553	0.00537	4.5e-05	0.00580	0.01764	0.00745	0.00019
6	0.00028	0.00027	0.00043	0.88458	0.01620	0.02372	0.01270	0.01300	0.01342	0.00038	0.00026	0.00038	0.00020	0.00014	0.00015	4.7e-05	0.01827	0.00013	6.6e-05	0.01540
7	0.02234	0.00021	0.00027	0.00022	0.00030	0.00019	0.00018	0.03291	0.00962	0.51804	0.29623	0.03883	0.04978	0.01043	0.00016	4.6e-05	0.00010	0.00978	0.01017	0.00019
8	0.00990	0.01957	0.85981	0.01075	0.00060	0.01090	0.03292	0.00978	0.00031	0.00996	0.00026	0.00031	0.00019	0.00016	0.02354	4.9e-05	0.00021	0.00011	6.4e-05	0.01061
9	0.00759	0.24238	0.29439	0.01380	0.04358	0.05447	0.03255	0.05140	0.06795	0.10519	0.01622	0.01306	0.01352	0.00563	0.00014	4.2e-05	0.02103	0.00569	0.00542	0.00595
10	0.01152	0.00543	0.01687	0.01706	0.01208	0.00017	0.01150	0.01035	0.02228	0.08197	0.07847	0.23518	0.08668	0.19186	0.13448	0.01732	0.02763	0.02305	0.00720	0.00888

[dist]
# distance from previous block
# <min> <max>
3	119

[block]
# block no. 6 follows, 2424 sequences, length 21
# corresponding to MSA columns:
# 876-885,887-889,891,892,894-899
name=unknown_G
#
# <colnr> <probs for GDERKNQSTAVLIFYWHMCP>
#	G	D	E	R	K	N	Q	S	T	A	V	L	I	F	Y	W	H	M	C	P
0	0.00341	0.00016	0.00020	0.00578	0.00303	0.00303	0.00405	0.00665	0.00457	0.08818	0.04594	0.02043	0.01145	0.51305	0.24305	0.01037	0.00334	0.00828	0.01546	0.00956
1	0.01092	0.78078	0.01990	0.00515	0.00514	0.03521	0.00636	0.04086	0.01264	0.02967	0.00486	0.00027	0.00768	0.00013	0.00011	3.3e-05	0.02037	8.8e-05	0.00685	0.01298
2	0.10154	0.00019	0.00448	0.01148	0.00028	0.00681	0.04409	0.00709	0.07234	0.06089	0.20116	0.21063	0.13004	0.03746	0.02388	0.00864	0.01725	0.02502	0.03658	0.00015
3	0.03414	0.00017	0.00020	0.00019	0.00024	0.00015	0.00014	0.01148	0.00830	0.15726	0.45614	0.04421	0.24125	0.01106	0.00017	4.7e-05	8.2e-05	0.00590	0.02872	0.00015
4	0.00633	0.00021	0.00023	0.00022	0.00027	0.00022	0.00017	0.03666	0.33786	0.01165	0.20490	0.19561	0.14138	0.02152	0.00017	5.1e-05	9.4e-05	0.02256	0.01973	0.00016
5	0.00761	0.00032	0.00036	0.00028	0.00038	0.00497	0.00023	0.54532	0.01898	0.27757	0.01158	0.01696	0.02816	0.00452	0.00466	4.5e-05	0.00014	0.01105	0.06664	0.00023
6	0.00027	0.00026	0.00043	0.96950	0.02611	0.00032	0.00040	0.00037	0.00029	0.00037	0.00025	0.00038	0.00019	0.00014	0.00014	4.7e-05	0.00019	0.00013	6.4e-05	0.00016
7	0.04372	0.00025	0.00033	0.00026	0.00037	0.00022	0.01683	0.00068	0.00040	0.93456	0.00054	0.00047	0.00034	0.00017	0.00014	4.4e-05	0.00012	0.00014	0.00017	0.00024
8	0.00021	0.00015	0.00018	0.00017	0.00020	0.00014	0.00012	0.00025	0.01618	0.00045	0.52415	0.04301	0.00928	0.37919	0.01210	8.4e-05	0.00010	0.01381	0.00013	0.00012
9	0.06641	0.02695	0.01126	0.00027	0.01696	0.00512	0.00022	0.13765	0.03308	0.63600	0.00721	0.00601	0.00035	0.00018	0.00014	4.5e-05	0.00013	0.04504	0.00674	0.00023
10	0.01813	0.05170	0.05972	0.10252	0.04760	0.09335	0.01090	0.27948	0.03670	0.10337	0.00032	0.00035	0.00362	0.00016	0.00623	4e-05	0.01043	0.00442	0.00011	0.17087
11	0.00473	0.00016	0.00758	0.00021	0.00024	0.00015	0.00016	0.02524	0.03224	0.06058	0.02545	0.60895	0.03538	0.00579	0.00417	0.06204	9.8e-05	0.09997	0.00013	0.02674
12	0.04589	0.10381	0.05744	0.03942	0.05479	0.09198	0.04423	0.17646	0.05250	0.14750	0.01662	0.00670	0.01608	0.00932	0.00275	0.00311	0.01009	0.00713	0.00592	0.10826
13	0.03874	0.21493	0.08955	0.04294	0.08373	0.04027	0.02113	0.01868	0.06870	0.01195	0.21623	0.03075	0.08227	0.02376	0.00319	4.5e-05	0.00301	0.00612	0.00010	0.00391
14	0.00554	0.00014	0.00018	0.00019	0.00021	0.00013	0.00780	0.00023	0.00028	0.01738	0.04035	0.47736	0.09096	0.17598	0.01679	7.3e-05	0.00010	0.10418	0.06199	0.00012
15	0.01155	0.00429	0.00025	0.00381	0.00028	0.00594	0.00017	0.11362	0.06522	0.18518	0.19152	0.24020	0.09762	0.00564	0.01259	0.01092	0.00010	0.01573	0.02779	0.00756
16	0.04240	0.02798	0.44308	0.07190	0.07332	0.05709	0.02265	0.06372	0.04928	0.06270	0.01759	0.00416	0.00024	0.00310	0.00323	4.5e-05	0.02202	0.00476	8.3e-05	0.03067
17	0.01492	0.00751	0.00427	0.00439	0.02714	0.00334	0.01090	0.00920	0.00541	0.02026	0.04432	0.24355	0.04124	0.06765	0.24177	0.23236	0.00018	0.01682	0.00465	0.00012
18	0.06775	0.00565	0.01438	0.00023	0.00443	0.00390	0.00019	0.14155	0.18185	0.16561	0.06257	0.03507	0.01342	0.00937	0.00014	4.4e-05	0.00555	0.02427	0.26387	0.00019
19	0.07521	0.01542	0.03269	0.10792	0.06616	0.01435	0.05471	0.03883	0.01451	0.07465	0.05133	0.26924	0.08685	0.00780	0.00541	0.00359	0.04398	0.03366	0.00352	0.00016
20	0.02135	0.02808	0.00876	0.03200	0.01565	0.01425	0.01804	0.00936	0.00474	0.00811	0.00024	0.00031	0.00021	0.00520	0.00371	3.6e-05	0.23935	0.00010	0.00728	0.58322

[dist]
# distance from previous block
# <min> <max>
4	19

[block]
# block no. 7 follows, 2424 sequences, length 10
# corresponding to MSA columns:
# 951,959,960,972-978
name=unknown_H
#
# <colnr> <probs for GDERKNQSTAVLIFYWHMCP>
#	G	D	E	R	K	N	Q	S	T	A	V	L	I	F	Y	W	H	M	C	P
0	0.45102	0.07718	0.03997	0.01334	0.04738	0.12271	0.04690	0.02650	0.03469	0.03506	0.00026	0.00715	0.00690	0.00016	0.01625	4.5e-05	0.02460	0.00010	8.7e-05	0.04970
1	0.77882	0.00028	0.00023	0.00021	0.00953	0.02721	0.00017	0.03400	0.04053	0.03698	0.01625	0.01383	0.00023	0.01805	0.00011	4.6e-05	0.00012	0.01372	0.00952	0.00016
2	0.01855	0.00566	0.04811	0.23224	0.03566	0.00904	0.09271	0.03423	0.05267	0.08149	0.07591	0.05818	0.07098	0.01926	0.07637	0.01460	0.02889	0.02158	0.01807	0.00580
3	0.01307	0.00015	0.00019	0.00019	0.00022	0.00015	0.00013	0.00877	0.01506	0.09439	0.12713	0.16960	0.08663	0.31589	0.01208	0.07105	0.00011	0.07220	0.01285	0.00012
4	0.00021	0.00015	0.00019	0.00801	0.00771	0.00014	0.00942	0.00823	0.00758	0.03986	0.23144	0.39023	0.18182	0.01487	0.05662	0.01689	0.00010	0.01348	0.01292	0.00013
5	0.01416	0.00022	0.00028	0.00023	0.00032	0.00021	0.00019	0.04778	0.05384	0.53977	0.04493	0.09355	0.05235	0.04462	0.01839	5.2e-05	0.00012	0.00878	0.03126	0.04897
6	0.00023	0.00017	0.00026	0.00026	0.00840	0.00017	0.06912	0.00954	0.01080	0.01097	0.00932	0.31203	0.01953	0.02405	0.14261	0.02635	0.00016	0.33160	0.00012	0.02433
7	0.00036	0.00032	0.00053	0.06357	0.77261	0.00033	0.00040	0.02363	0.05757	0.04096	0.01511	0.02342	0.00027	0.00014	0.00014	4.4e-05	0.00016	0.00014	8.3e-05	0.00022
8	0.69493	0.00029	0.00026	0.01707	0.01425	0.04301	0.01055	0.05867	0.01934	0.09334	0.00028	0.02613	0.00022	0.00015	0.00011	4.5e-05	0.00012	0.02096	0.00010	0.00017
9	0.06963	0.04288	0.11591	0.05665	0.05377	0.04973	0.09200	0.08842	0.04125	0.07947	0.08591	0.08227	0.01621	0.00704	0.00630	4.6e-05	0.02553	0.00823	0.00010	0.07867

[dist]
# distance from previous block
# <min> <max>
19	67

[block]
# block no. 8 follows, 2424 sequences, length 6
# corresponding to MSA columns:
# 1120,1122-1126
name=unknown_I
#
# <colnr> <probs for GDERKNQSTAVLIFYWHMCP>
#	G	D	E	R	K	N	Q	S	T	A	V	L	I	F	Y	W	H	M	C	P
0	0.00022	0.00016	0.00021	0.01349	0.00024	0.00015	0.02346	0.02415	0.02763	0.02038	0.38953	0.17074	0.22943	0.02667	0.01764	0.02470	9.1e-05	0.01603	0.01493	0.00013
1	0.00880	0.01581	0.06927	0.08960	0.04079	0.00955	0.01411	0.02623	0.03885	0.02773	0.19162	0.11637	0.17012	0.02635	0.06792	0.03772	0.01179	0.01662	0.01151	0.00923
2	0.02495	0.00016	0.01446	0.00018	0.00022	0.00015	0.00014	0.00027	0.02209	0.04410	0.18636	0.20134	0.28152	0.11876	0.02546	0.02067	9.9e-05	0.04173	0.01722	0.00013
3	0.03082	0.06433	0.11071	0.16624	0.16330	0.02598	0.05277	0.06636	0.08424	0.03963	0.05028	0.01676	0.03704	0.01363	0.02671	5.1e-05	0.01368	0.00928	0.00956	0.01863
4	0.01714	0.00917	0.00982	0.15056	0.45557	0.01167	0.03421	0.03557	0.01364	0.03014	0.04593	0.03753	0.01076	0.01461	0.00991	0.00937	0.01124	0.00878	0.01200	0.07240
5	0.06891	0.03327	0.07666	0.05897	0.13984	0.05472	0.03946	0.05745	0.08861	0.05298	0.08527	0.04052	0.09511	0.01274	0.01258	0.01177	0.01418	0.01829	0.01321	0.02548

[dist]
# distance from previous block
# <min> <max>
0	69

# created by:
# /home/cegg/simao/soft/augustus-3.2.1/scripts/msa2prfl.pl ./align_prep/POG091H00IF.fa
