[name]
unknown

[dist]
# distance from previous block
# <min> <max>
0	298

[block]
# block no. 0 follows, 2573 sequences, length 6
# corresponding to MSA columns:
# 480-484,489
name=unknown_A
#
# <colnr> <probs for GDERKNQSTAVLIFYWHMCP>
#	G	D	E	R	K	N	Q	S	T	A	V	L	I	F	Y	W	H	M	C	P
0	0.00936	0.00935	0.01958	0.02333	0.01051	0.01157	0.01619	0.00995	0.03358	0.06750	0.09069	0.30615	0.05149	0.12332	0.03869	0.03830	0.06368	0.02862	0.01306	0.03506
1	0.01234	0.00018	0.03058	0.01067	0.00026	0.00017	0.01681	0.03295	0.03075	0.15428	0.11506	0.29232	0.11537	0.08773	0.01441	0.01321	0.01461	0.03861	0.01957	0.00014
2	0.01477	0.00017	0.01162	0.00020	0.01206	0.00016	0.01156	0.03473	0.03143	0.11108	0.10547	0.25078	0.26679	0.04041	0.01306	5.3e-05	9.4e-05	0.05561	0.02847	0.01149
3	0.02314	0.01388	0.01800	0.01415	0.02383	0.01288	0.02148	0.15967	0.02946	0.46866	0.02164	0.04799	0.01481	0.01732	0.04384	5.1e-05	0.02073	0.01142	0.02727	0.00978
4	0.05257	0.03313	0.15383	0.08076	0.03243	0.04569	0.05804	0.11986	0.03874	0.23172	0.03757	0.01483	0.01068	0.01035	0.01500	4.5e-05	0.01184	0.01058	0.03205	0.01029
5	0.01452	0.00904	0.04551	0.02423	0.01747	0.00990	0.00965	0.03787	0.01893	0.10874	0.05073	0.35073	0.17158	0.04536	0.01780	0.00982	0.00971	0.03650	0.01177	0.00014

[dist]
# distance from previous block
# <min> <max>
8	46

[block]
# block no. 1 follows, 2573 sequences, length 18
# corresponding to MSA columns:
# 544-554,562,563,568-571,573
name=unknown_B
#
# <colnr> <probs for GDERKNQSTAVLIFYWHMCP>
#	G	D	E	R	K	N	Q	S	T	A	V	L	I	F	Y	W	H	M	C	P
0	0.00614	0.00563	0.03471	0.00025	0.02180	0.00025	0.00020	0.03903	0.40699	0.17028	0.12011	0.06153	0.00879	0.01829	0.00015	4.5e-05	0.00010	0.02363	0.08188	0.00019
1	0.01925	0.05677	0.06010	0.10901	0.02429	0.07867	0.02704	0.12257	0.01177	0.19085	0.00506	0.00369	0.00024	0.01092	0.03415	4.5e-05	0.06523	0.00381	0.00534	0.17120
2	0.02180	0.40557	0.01563	0.00701	0.00564	0.22112	0.01201	0.11520	0.17582	0.00624	0.00028	0.00029	0.00022	0.00014	0.00492	3.6e-05	0.00770	9.8e-05	8.5e-05	0.00018
3	0.12358	0.09593	0.12879	0.03388	0.04220	0.06079	0.04969	0.03859	0.06979	0.06176	0.01350	0.13218	0.00535	0.01832	0.02384	0.00329	0.00666	0.05432	9.3e-05	0.03746
4	0.02100	0.03822	0.15497	0.14565	0.03291	0.04062	0.15298	0.03144	0.06817	0.06670	0.02713	0.04188	0.01060	0.03218	0.07481	0.00323	0.01557	0.01422	8.5e-05	0.02761
5	0.00998	0.08569	0.28335	0.12649	0.06864	0.03092	0.09127	0.08066	0.04368	0.05603	0.00759	0.01450	0.01492	0.00017	0.01929	4.6e-05	0.05844	0.00415	0.00400	0.00018
6	0.01313	0.00022	0.00029	0.00572	0.00972	0.00019	0.00529	0.02292	0.01146	0.73374	0.03565	0.06805	0.02448	0.00020	0.00014	4.4e-05	0.00011	0.05863	0.00981	0.00021
7	0.07706	0.06968	0.18203	0.05724	0.05858	0.06333	0.14763	0.02385	0.01241	0.13156	0.02054	0.08677	0.01379	0.00999	0.01286	0.00319	0.01228	0.00842	8.9e-05	0.00871
8	0.01151	0.08109	0.10394	0.23002	0.13280	0.02762	0.13427	0.01657	0.01312	0.06821	0.00644	0.02493	0.00436	0.02916	0.07907	5.9e-05	0.02527	0.01132	7.6e-05	0.00017
9	0.00020	0.00013	0.00018	0.01105	0.00021	0.00013	0.00492	0.00868	0.01786	0.02508	0.06090	0.56149	0.09061	0.06764	0.01958	0.07926	0.00661	0.04526	0.00012	0.00011
10	0.00668	0.00659	0.14294	0.04980	0.02314	0.01153	0.06867	0.03489	0.06975	0.16653	0.05926	0.06085	0.02206	0.03073	0.19818	0.00544	0.02494	0.00870	0.00595	0.00336
11	0.03571	0.13965	0.20173	0.07208	0.03112	0.07567	0.10629	0.08382	0.04742	0.13781	0.00625	0.00814	0.00343	0.00399	0.00415	4.2e-05	0.03008	0.00496	8.8e-05	0.00757
12	0.00594	0.35640	0.32171	0.00814	0.00533	0.01205	0.03285	0.03398	0.01997	0.11142	0.02402	0.01886	0.01682	0.00016	0.00902	0.00428	0.00416	0.01464	8e-05	0.00019
13	0.00530	0.00013	0.00016	0.00018	0.00020	0.00012	0.00013	0.00800	0.00697	0.02604	0.02561	0.68556	0.13030	0.04347	0.02931	0.00633	9e-05	0.02421	0.00779	0.00011
14	0.04256	0.00813	0.13426	0.15978	0.07481	0.04039	0.07702	0.10907	0.04979	0.12247	0.02812	0.06040	0.02561	0.00354	0.00641	0.00326	0.01507	0.00756	0.00482	0.02693
15	0.02650	0.02308	0.05452	0.01358	0.00420	0.03749	0.12400	0.12527	0.04319	0.10038	0.01436	0.03429	0.01161	0.28066	0.03589	0.02280	0.01359	0.00582	0.01919	0.00959
16	0.00418	0.00373	0.00476	0.00018	0.00020	0.00014	0.00415	0.00499	0.00503	0.01310	0.06070	0.25464	0.08642	0.34366	0.09147	0.03643	0.00403	0.06761	0.01013	0.00445
17	0.07105	0.04723	0.02550	0.00610	0.00456	0.03385	0.01756	0.05366	0.06980	0.15322	0.04121	0.32205	0.05816	0.01863	0.02895	0.00862	0.00429	0.02559	0.00982	0.00015

[dist]
# distance from previous block
# <min> <max>
3	21

[block]
# block no. 2 follows, 2573 sequences, length 9
# corresponding to MSA columns:
# 611-613,631-633,635-637
name=unknown_C
#
# <colnr> <probs for GDERKNQSTAVLIFYWHMCP>
#	G	D	E	R	K	N	Q	S	T	A	V	L	I	F	Y	W	H	M	C	P
0	0.00841	0.01157	0.05379	0.02461	0.00606	0.01633	0.03553	0.02274	0.02087	0.08620	0.07099	0.22778	0.02311	0.08438	0.16881	0.01702	0.05592	0.04422	0.01184	0.00982
1	0.00873	0.01553	0.06880	0.02452	0.02134	0.02141	0.05394	0.03454	0.06312	0.01115	0.06688	0.21426	0.04566	0.12625	0.14438	0.00742	0.02167	0.01720	0.00616	0.02706
2	0.00019	0.00013	0.00017	0.00017	0.00018	0.00013	0.00011	0.00021	0.00022	0.00031	0.02100	0.22194	0.02372	0.47279	0.22014	0.00013	0.00017	0.02189	0.01630	0.0001
3	0.02267	0.00772	0.01184	0.01294	0.00033	0.01270	0.01219	0.03754	0.01568	0.04147	0.00821	0.02745	0.00025	0.02710	0.01188	3e-05	0.00011	0.00775	8.7e-05	0.74203
4	0.04162	0.15015	0.02893	0.00628	0.00874	0.00701	0.00943	0.13498	0.06226	0.26883	0.11063	0.02809	0.01946	0.04103	0.00730	4.5e-05	0.01034	0.02013	0.00675	0.03800
5	0.00735	0.10459	0.06846	0.08921	0.05322	0.03391	0.05138	0.12276	0.04997	0.01253	0.04304	0.02743	0.00731	0.00997	0.00692	0.28566	0.00786	0.00751	8.2e-05	0.01085
6	0.02431	0.27345	0.49866	0.00032	0.00882	0.00036	0.02617	0.01404	0.01080	0.01481	0.01085	0.00031	0.00021	0.02853	0.05734	0.00816	0.01280	0.00010	6.4e-05	0.00989
7	0.01282	0.00025	0.00811	0.05106	0.06493	0.04395	0.01782	0.07356	0.25502	0.05221	0.07624	0.10345	0.07978	0.02140	0.02133	0.01016	0.01912	0.02551	0.05657	0.00671
8	0.00827	0.00019	0.03483	0.07026	0.01699	0.01067	0.01504	0.04332	0.05677	0.02727	0.05967	0.43100	0.08921	0.01804	0.03217	5.5e-05	0.00971	0.03387	0.00838	0.03430

[dist]
# distance from previous block
# <min> <max>
6	10

[block]
# block no. 3 follows, 2573 sequences, length 13
# corresponding to MSA columns:
# 661,662,667-673,675-678
name=unknown_D
#
# <colnr> <probs for GDERKNQSTAVLIFYWHMCP>
#	G	D	E	R	K	N	Q	S	T	A	V	L	I	F	Y	W	H	M	C	P
0	0.02671	0.00617	0.01896	0.06252	0.04017	0.07923	0.15727	0.08706	0.03229	0.09930	0.03315	0.06054	0.01535	0.00654	0.01559	4.2e-05	0.02301	0.01825	9.6e-05	0.21774
1	0.02234	0.28511	0.34845	0.01580	0.01439	0.03542	0.03726	0.03292	0.01263	0.10295	0.01203	0.01718	0.00628	0.00713	0.02288	4.3e-05	0.01665	0.00458	7.7e-05	0.00589
2	0.00928	0.04143	0.03106	0.02729	0.04384	0.07111	0.01150	0.02399	0.10225	0.05772	0.05504	0.16256	0.24373	0.00879	0.02667	0.01705	0.01014	0.05077	0.00011	0.00565
3	0.00532	0.01718	0.07562	0.09576	0.06168	0.01299	0.02309	0.06022	0.10166	0.04648	0.19656	0.08065	0.16763	0.00024	0.00015	4.5e-05	0.00771	0.03733	0.00473	0.00497
4	0.09747	0.00448	0.02406	0.04470	0.03319	0.01145	0.03584	0.19287	0.01322	0.28820	0.01825	0.06764	0.04907	0.01467	0.01396	0.05743	0.01944	0.00865	0.00522	0.00018
5	0.06382	0.05528	0.18214	0.10604	0.05205	0.01348	0.21295	0.08483	0.01966	0.08023	0.00558	0.07129	0.00693	0.00017	0.00727	4.5e-05	0.00735	0.02551	0.00519	0.00018
6	0.01221	0.00025	0.00042	0.85802	0.02297	0.01341	0.06486	0.00035	0.00027	0.00036	0.00025	0.01256	0.00020	0.00014	0.00014	4.5e-05	0.00018	0.01314	6.3e-05	0.00015
7	0.00968	0.00015	0.00019	0.00692	0.00023	0.00822	0.00015	0.01167	0.05659	0.04922	0.09798	0.36769	0.21095	0.01343	0.00017	5.2e-05	8.9e-05	0.15856	0.00793	0.00013
8	0.01535	0.05117	0.27449	0.04952	0.09632	0.02644	0.09019	0.10462	0.02135	0.16520	0.00499	0.02525	0.00647	0.00459	0.01740	0.00637	0.02790	0.01208	9.2e-05	0.00019
9	0.01675	0.00021	0.00025	0.01383	0.00629	0.00021	0.00017	0.03477	0.21717	0.27298	0.32011	0.01996	0.05093	0.00956	0.00015	4.4e-05	0.00612	0.00675	0.02358	0.00018
10	0.00017	0.00012	0.00017	0.00971	0.00021	0.00012	0.00838	0.00020	0.00026	0.00842	0.01542	0.80239	0.07225	0.02843	0.01245	0.00909	8.6e-05	0.02456	0.00744	0.00011
11	0.02318	0.02887	0.01990	0.11213	0.05247	0.17294	0.05195	0.11241	0.06808	0.11265	0.00610	0.03564	0.00929	0.01580	0.09695	0.00803	0.05165	0.00676	0.01502	0.00017
12	0.01481	0.03811	0.03485	0.27769	0.11180	0.02810	0.06599	0.01614	0.03101	0.17173	0.00568	0.01488	0.00484	0.07466	0.00661	0.00485	0.07663	0.01371	0.00774	0.00017

[dist]
# distance from previous block
# <min> <max>
3	67

[block]
# block no. 4 follows, 2573 sequences, length 14
# corresponding to MSA columns:
# 750-760,762-764
name=unknown_E
#
# <colnr> <probs for GDERKNQSTAVLIFYWHMCP>
#	G	D	E	R	K	N	Q	S	T	A	V	L	I	F	Y	W	H	M	C	P
0	0.00022	0.00015	0.00018	0.00017	0.00022	0.00014	0.00584	0.00672	0.06065	0.07025	0.26295	0.09125	0.40267	0.03734	0.01404	0.00603	0.00648	0.01184	0.02272	0.00013
1	0.00019	0.00014	0.00017	0.00017	0.00020	0.00753	0.00012	0.00024	0.01417	0.01921	0.33874	0.25942	0.26543	0.03366	0.02621	5.4e-05	8.2e-05	0.01506	0.01910	0.00012
2	0.00741	0.00014	0.00017	0.00017	0.00020	0.00013	0.00012	0.00768	0.01004	0.01154	0.51412	0.16805	0.23985	0.02266	0.00017	4.7e-05	7.1e-05	0.00984	0.00746	0.00012
3	0.00035	0.00023	0.00026	0.00023	0.00030	0.00024	0.00018	0.03566	0.40031	0.20984	0.17197	0.06530	0.04081	0.00854	0.00015	4.5e-05	9.8e-05	0.03027	0.02731	0.00790
4	0.01343	0.01365	0.01130	0.00601	0.00588	0.03753	0.00020	0.19019	0.24459	0.02907	0.00035	0.00038	0.00028	0.00603	0.08517	5.1e-05	0.02515	0.00012	0.03238	0.29822
5	0.00578	0.00489	0.03195	0.00019	0.00025	0.00016	0.00537	0.00886	0.02703	0.13806	0.29391	0.10146	0.16362	0.04042	0.01248	0.00456	0.00510	0.02970	0.00736	0.11884
6	0.02348	0.09788	0.14192	0.12624	0.02117	0.12504	0.03190	0.11607	0.05822	0.16753	0.02120	0.02247	0.01005	0.00616	0.00013	4.1e-05	0.00802	0.00564	0.00509	0.01173
7	0.19533	0.00027	0.01547	0.00024	0.00034	0.01400	0.00020	0.11373	0.15955	0.47686	0.00986	0.00040	0.00030	0.00016	0.00012	4.2e-05	0.00012	0.00012	0.01266	0.00021
8	0.00704	0.00015	0.00019	0.00019	0.00023	0.00014	0.00014	0.03434	0.01416	0.15103	0.08726	0.52955	0.04766	0.07481	0.00925	0.00609	9.2e-05	0.02139	0.01615	0.00013
9	0.00690	0.00408	0.01806	0.11757	0.04847	0.01076	0.06827	0.03102	0.02850	0.09656	0.07055	0.22016	0.05758	0.02523	0.00772	0.00487	0.00974	0.16245	0.01136	0.00015
10	0.00697	0.05063	0.13606	0.09306	0.07226	0.01412	0.36220	0.02359	0.01817	0.01970	0.01971	0.04893	0.01213	0.00017	0.02823	4.8e-05	0.03339	0.00573	0.00607	0.04882
11	0.01417	0.00024	0.00036	0.27159	0.20479	0.00763	0.01165	0.01517	0.02504	0.01173	0.01357	0.09023	0.02737	0.03826	0.05455	0.01684	0.06902	0.01516	7.9e-05	0.11255
12	0.02348	0.00607	0.00021	0.00020	0.00023	0.00015	0.03596	0.01430	0.03928	0.00610	0.26446	0.41869	0.07121	0.01059	0.03597	5.6e-05	0.00566	0.06078	0.00648	0.00013
13	0.00600	0.00570	0.00892	0.00021	0.00029	0.00909	0.00880	0.03992	0.04856	0.11667	0.12858	0.07775	0.09058	0.01234	0.00014	0.00485	9.8e-05	0.03573	0.04224	0.36353

[dist]
# distance from previous block
# <min> <max>
2	8

[block]
# block no. 5 follows, 2573 sequences, length 9
# corresponding to MSA columns:
# 781,782,784-790
name=unknown_F
#
# <colnr> <probs for GDERKNQSTAVLIFYWHMCP>
#	G	D	E	R	K	N	Q	S	T	A	V	L	I	F	Y	W	H	M	C	P
0	0.12456	0.09026	0.10850	0.06048	0.10214	0.04653	0.11440	0.06127	0.02220	0.10263	0.02735	0.05474	0.01898	0.00017	0.01157	4.4e-05	0.02754	0.00832	9e-05	0.01823
1	0.02100	0.01853	0.08005	0.04803	0.04009	0.09678	0.05929	0.12939	0.02311	0.15081	0.01094	0.03248	0.00984	0.02840	0.12582	6.8e-05	0.09428	0.01101	0.00795	0.01213
2	0.01889	0.00672	0.02379	0.04676	0.02655	0.01579	0.09375	0.10870	0.14600	0.09584	0.08818	0.03181	0.06933	0.01054	0.01220	4.4e-05	0.02210	0.01238	0.05735	0.11328
3	0.00706	0.00820	0.00750	0.02864	0.01569	0.00015	0.01510	0.01351	0.00795	0.01622	0.11898	0.37090	0.16601	0.15249	0.01318	0.00948	0.01481	0.02758	0.00645	0.00012
4	0.00702	0.04629	0.06764	0.05406	0.08692	0.04688	0.03515	0.11667	0.16148	0.04023	0.10690	0.03838	0.03181	0.01907	0.01315	4.7e-05	0.07998	0.02341	0.00707	0.01782
5	0.00021	0.00014	0.00017	0.00018	0.01166	0.00013	0.00013	0.00024	0.01543	0.06232	0.08082	0.38587	0.20653	0.15290	0.02420	0.02152	9.6e-05	0.03720	0.00012	0.00012
6	0.01617	0.04386	0.09329	0.11970	0.25855	0.03610	0.05745	0.07698	0.07029	0.10622	0.02406	0.00698	0.01604	0.00723	0.00700	4.4e-05	0.03577	0.00750	0.01658	0.00019
7	0.01136	0.00781	0.04163	0.04029	0.08969	0.01156	0.05285	0.02559	0.06268	0.03903	0.33963	0.06010	0.06669	0.01545	0.00733	0.00575	0.00725	0.02791	0.01603	0.07137
8	0.76515	0.04551	0.03918	0.01147	0.02686	0.02523	0.01919	0.01990	0.01602	0.01633	0.00021	0.00024	0.00016	0.00013	9.7e-05	4.1e-05	0.01396	8.1e-05	8.3e-05	0.00016

[dist]
# distance from previous block
# <min> <max>
4	31

[block]
# block no. 6 follows, 2573 sequences, length 35
# corresponding to MSA columns:
# 826-832,834-841,845-863,875
name=unknown_G
#
# <colnr> <probs for GDERKNQSTAVLIFYWHMCP>
#	G	D	E	R	K	N	Q	S	T	A	V	L	I	F	Y	W	H	M	C	P
0	0.02762	0.11196	0.14165	0.03265	0.12944	0.04823	0.09166	0.07174	0.04992	0.16001	0.01898	0.01430	0.00829	0.06179	0.00360	4.7e-05	0.01892	0.00412	0.00180	0.00325
1	0.00234	0.00014	0.00920	0.00019	0.00021	0.00317	0.01999	0.00022	0.01760	0.01600	0.10755	0.56356	0.10732	0.09725	0.00522	0.01336	0.00234	0.02973	0.00449	0.00012
2	0.01476	0.01458	0.04345	0.20955	0.10599	0.03184	0.02532	0.05461	0.06940	0.09761	0.09292	0.12293	0.07947	0.00247	0.00014	4.4e-05	0.00013	0.01304	0.01341	0.00833
3	0.02287	0.06790	0.15954	0.07566	0.11243	0.04594	0.08717	0.06897	0.05920	0.12721	0.01358	0.07673	0.02217	0.00437	0.00239	4.4e-05	0.04686	0.00483	0.00194	0.00018
4	0.01146	0.01745	0.03278	0.16976	0.16202	0.02817	0.21663	0.02263	0.07198	0.02419	0.03442	0.05329	0.01131	0.05387	0.01993	0.02506	0.02025	0.02112	0.00350	0.00017
5	0.00017	0.00012	0.00016	0.00019	0.00020	0.00011	0.00012	0.00019	0.00026	0.00655	0.00599	0.90862	0.01013	0.04152	0.00019	5.8e-05	8.1e-05	0.01947	0.00577	0.00011
6	0.00553	0.04131	0.15675	0.03128	0.00968	0.01748	0.02289	0.05394	0.09660	0.07511	0.27302	0.03968	0.08306	0.03671	0.01070	4.8e-05	0.03071	0.01128	0.00220	0.00202
7	0.02049	0.07578	0.14114	0.09526	0.07035	0.05940	0.10796	0.11620	0.03865	0.12663	0.00800	0.06119	0.00905	0.01346	0.00195	4.4e-05	0.03830	0.01153	0.00445	0.00018
8	0.01390	0.00220	0.00775	0.01203	0.00250	0.09183	0.01327	0.07524	0.00870	0.23750	0.01235	0.20742	0.06141	0.02709	0.06727	0.00355	0.00821	0.13798	0.00963	0.00016
9	0.86054	0.00992	0.01007	0.00356	0.00803	0.00964	0.00560	0.01162	0.00025	0.07465	0.00022	0.00024	0.00016	0.00013	9.1e-05	4.2e-05	0.00492	8e-05	8.9e-05	0.00015
10	0.00019	0.00014	0.00021	0.00021	0.00023	0.00016	0.00016	0.00023	0.00021	0.00031	0.00037	0.01092	0.00036	0.14637	0.83906	0.00020	0.00032	0.00015	7.4e-05	0.00011
11	0.00536	0.02211	0.28565	0.16662	0.07731	0.02917	0.08742	0.04574	0.09626	0.03940	0.04087	0.01484	0.00918	0.00790	0.01517	4.7e-05	0.05148	0.00262	0.00267	0.00018
12	0.00209	0.00027	0.02354	0.53291	0.08593	0.03246	0.03382	0.02472	0.00218	0.02756	0.00353	0.02705	0.01305	0.00353	0.02843	5.1e-05	0.12051	0.00671	0.01926	0.01239
13	0.00302	0.01441	0.07409	0.00528	0.01563	0.01401	0.02303	0.05252	0.12269	0.04558	0.58874	0.00592	0.00641	0.00214	0.00638	4.4e-05	9.8e-05	0.00823	0.01162	0.00016
14	0.03029	0.38102	0.12197	0.01000	0.02670	0.04728	0.03231	0.16162	0.04297	0.04712	0.00750	0.00387	0.00563	0.00461	0.01181	3.8e-05	0.00525	0.00226	8.3e-05	0.05768
15	0.00228	0.00026	0.03886	0.04224	0.01084	0.01200	0.27627	0.00855	0.15340	0.00836	0.05656	0.11253	0.01943	0.04665	0.05649	6.2e-05	0.00422	0.15074	0.00010	0.00016
16	0.00020	0.00014	0.00018	0.00017	0.00020	0.00013	0.00013	0.00027	0.01710	0.01293	0.88674	0.00614	0.04826	0.00027	0.00016	4.2e-05	6.5e-05	0.00024	0.02651	0.00013
17	0.02597	0.06611	0.25487	0.04112	0.00346	0.01030	0.04062	0.06834	0.05242	0.05378	0.03542	0.05138	0.01397	0.02329	0.12558	6.9e-05	0.00836	0.12470	9.2e-05	0.00017
18	0.09582	0.05560	0.32169	0.07502	0.07682	0.03770	0.05455	0.06911	0.08226	0.08280	0.00532	0.00295	0.00319	0.00015	0.00220	4.3e-05	0.01962	0.01488	8.4e-05	0.00019
19	0.00029	0.00027	0.05951	0.12568	0.04953	0.00256	0.03950	0.00753	0.00981	0.03742	0.03729	0.00769	0.01870	0.03428	0.00566	4.1e-05	0.15539	0.01657	0.01504	0.37724
20	0.94015	0.00026	0.00020	0.00018	0.00026	0.00030	0.00015	0.00905	0.00023	0.01031	0.00020	0.01194	0.00016	0.01502	9.4e-05	4.3e-05	0.00010	8e-05	0.01114	0.00015
21	0.00289	0.05670	0.62957	0.00040	0.00057	0.00033	0.22110	0.00747	0.02806	0.00456	0.00026	0.00299	0.00019	0.00613	0.01210	4.5e-05	0.01859	0.00012	0.00772	0.00019
22	0.00020	0.00013	0.00017	0.00017	0.00018	0.00014	0.00011	0.00021	0.00021	0.00661	0.01160	0.01538	0.00758	0.64054	0.23663	0.05649	0.00321	0.01637	0.00398	9.3e-05
23	0.00584	0.00029	0.00035	0.00027	0.00037	0.00029	0.00022	0.40942	0.01716	0.53855	0.01017	0.00041	0.00030	0.00017	0.00013	4.1e-05	0.00013	0.00013	0.01556	0.00023
24	0.00022	0.00017	0.00022	0.07265	0.01214	0.00223	0.02564	0.01434	0.07011	0.01934	0.45869	0.11185	0.16965	0.00611	0.00532	0.00607	0.00437	0.01678	0.00397	0.00014
25	0.00026	0.00024	0.00041	0.95159	0.03135	0.00030	0.00037	0.00035	0.00027	0.00035	0.00024	0.00036	0.00018	0.00014	0.00014	4.5e-05	0.01308	0.00012	6e-05	0.00015
26	0.98186	0.00026	0.00020	0.00018	0.00026	0.00030	0.00015	0.01472	0.00023	0.00061	0.00019	0.00022	0.00015	0.00013	8.4e-05	4.2e-05	0.00010	7.4e-05	8.4e-05	0.00015
27	0.53394	0.12729	0.01522	0.00022	0.00032	0.00980	0.00019	0.20709	0.00034	0.09975	0.00025	0.00464	0.00019	0.00014	0.00010	4e-05	0.00012	9.1e-05	9.9e-05	0.00018
28	0.00017	0.00014	0.00015	0.00015	0.00019	0.00012	0.00011	0.00562	0.01974	0.00037	0.02795	0.15900	0.78002	0.00035	0.00016	4.7e-05	7.1e-05	0.00541	0.00013	0.00012
29	0.00017	0.00013	0.00016	0.00017	0.00020	0.00012	0.00012	0.00021	0.00685	0.00512	0.20978	0.38175	0.32954	0.02345	0.00018	0.00348	7.5e-05	0.03268	0.00571	0.00012
30	0.00036	0.99535	0.00071	0.00023	0.00035	0.00053	0.00023	0.00040	0.00027	0.00032	0.00019	0.00022	0.00017	0.00012	8.6e-05	2.9e-05	0.00014	7.2e-05	5.8e-05	0.00017
31	0.00017	0.00013	0.00016	0.00016	0.00019	0.00012	0.00012	0.00021	0.00407	0.00420	0.30270	0.22834	0.42488	0.02297	0.00602	5e-05	7.3e-05	0.00519	0.00013	0.00012
32	0.00020	0.00014	0.00018	0.00018	0.00019	0.00015	0.00012	0.00586	0.00021	0.01195	0.00703	0.00074	0.00043	0.60032	0.36023	0.00717	0.00456	0.00018	8e-05	9.8e-05
33	0.00555	0.00929	0.03716	0.00023	0.00035	0.00257	0.00252	0.19868	0.01694	0.05120	0.01271	0.00569	0.00670	0.00012	0.00011	2.7e-05	0.00011	9.8e-05	0.00256	0.64739
34	0.00906	0.00018	0.00392	0.00756	0.00266	0.00301	0.00017	0.05476	0.03583	0.02234	0.08356	0.18341	0.08636	0.06921	0.03798	0.00195	0.00341	0.22158	0.00011	0.17295

[dist]
# distance from previous block
# <min> <max>
1	9

[block]
# block no. 7 follows, 2573 sequences, length 23
# corresponding to MSA columns:
# 897,899-904,906,908,910-916,919-922,933-935
name=unknown_H
#
# <colnr> <probs for GDERKNQSTAVLIFYWHMCP>
#	G	D	E	R	K	N	Q	S	T	A	V	L	I	F	Y	W	H	M	C	P
0	0.02241	0.00024	0.00028	0.00020	0.00032	0.00898	0.00016	0.00037	0.03218	0.05011	0.00026	0.00029	0.00021	0.00011	0.00010	2.2e-05	0.00010	8.5e-05	8.6e-05	0.88347
1	0.00019	0.00014	0.00018	0.00018	0.00021	0.00375	0.00013	0.00584	0.00419	0.00508	0.31319	0.15483	0.14401	0.08081	0.26622	0.00465	0.00503	0.00420	0.00705	0.00012
2	0.00025	0.00024	0.00040	0.97299	0.00091	0.00030	0.00037	0.00034	0.00027	0.00035	0.00024	0.00036	0.00018	0.00014	0.00013	4.5e-05	0.00018	0.00012	0.02204	0.00015
3	0.00017	0.00013	0.00015	0.00016	0.00019	0.00012	0.00012	0.00021	0.00030	0.01056	0.18350	0.28083	0.47918	0.02063	0.00017	4.9e-05	7.3e-05	0.01499	0.00834	0.00012
4	0.00032	0.32984	0.58591	0.00033	0.00613	0.02411	0.00678	0.02911	0.00648	0.00952	0.00023	0.00027	0.00018	0.00013	0.00011	3.8e-05	0.00018	9.2e-05	6.1e-05	0.00019
5	0.00019	0.00013	0.00016	0.00017	0.00017	0.00013	0.00010	0.00654	0.00596	0.00030	0.00052	0.32663	0.00061	0.58191	0.00984	0.04397	0.00011	0.01678	0.00571	9.3e-05
6	0.00021	0.00999	0.00016	0.00015	0.00016	0.00013	9.2e-05	0.00020	0.00020	0.01407	0.00591	0.01551	0.00046	0.78657	0.00668	0.15355	0.00013	0.00566	8e-05	8.2e-05
7	0.53903	0.39467	0.00041	0.00022	0.02401	0.01248	0.00019	0.00672	0.00025	0.00692	0.00020	0.00023	0.00016	0.01394	9.5e-05	3.8e-05	0.00012	7.6e-05	7.3e-05	0.00016
8	0.00357	0.70511	0.04843	0.00481	0.00484	0.07926	0.00437	0.00937	0.08767	0.02258	0.01430	0.00346	0.00813	0.00013	0.00010	3.3e-05	0.00351	8.9e-05	7.1e-05	0.00018
9	0.00942	0.05528	0.71943	0.00525	0.02257	0.01147	0.02906	0.00698	0.08391	0.00568	0.02928	0.00585	0.00858	0.00351	0.00013	4.2e-05	0.00320	0.00011	6.9e-05	0.00019
10	0.00017	0.00014	0.00016	0.00016	0.00019	0.00012	0.00012	0.00022	0.00032	0.00974	0.30000	0.17223	0.50613	0.00033	0.00016	4.6e-05	6.9e-05	0.00029	0.00013	0.00930
11	0.00034	0.54165	0.32755	0.02642	0.00497	0.01642	0.00521	0.03429	0.02675	0.01023	0.00498	0.00026	0.00019	0.00012	0.00011	3.5e-05	0.00016	8.8e-05	6.4e-05	0.00018
12	0.07672	0.02344	0.10573	0.02465	0.03878	0.01449	0.02980	0.52899	0.12305	0.02377	0.00435	0.00034	0.00496	0.00015	0.00013	4.1e-05	0.00015	0.00012	0.00011	0.00021
13	0.00018	0.00014	0.00015	0.00016	0.00020	0.00012	0.00012	0.00021	0.00030	0.01880	0.04400	0.18197	0.64223	0.00925	0.00017	4.9e-05	7.7e-05	0.10163	0.00013	0.00012
14	0.02078	0.00025	0.00040	0.80971	0.05523	0.00030	0.00508	0.04165	0.02286	0.00550	0.00025	0.00036	0.00019	0.00469	0.02747	4.9e-05	0.00486	0.00012	6.7e-05	0.00016
15	0.00451	0.00663	0.14227	0.03331	0.00497	0.00548	0.03087	0.09009	0.23941	0.07064	0.02826	0.07819	0.06338	0.04233	0.07406	0.01207	0.01810	0.01700	0.00539	0.03303
16	0.00020	0.00013	0.00015	0.00015	0.00016	0.00013	8.9e-05	0.00761	0.00021	0.00027	0.01265	0.03489	0.00782	0.88557	0.04934	0.00013	0.00014	0.00020	8.4e-05	8.6e-05
17	0.00420	0.64590	0.06946	0.00554	0.02290	0.08804	0.00967	0.08680	0.00639	0.03862	0.00023	0.00397	0.00019	0.00013	0.00387	3.4e-05	0.01372	8.7e-05	7.1e-05	0.00018
18	0.00028	0.00021	0.01443	0.00377	0.00722	0.00017	0.00634	0.02422	0.03028	0.09867	0.28259	0.04819	0.08939	0.00020	0.00334	3.5e-05	9.2e-05	0.00579	0.00335	0.38143
19	0.02789	0.12869	0.33127	0.00306	0.00354	0.08771	0.02863	0.06367	0.01304	0.20449	0.03254	0.02240	0.02734	0.00556	0.00735	4.2e-05	0.00500	0.00748	9.5e-05	0.00019
20	0.00562	0.19254	0.01118	0.00701	0.00038	0.07348	0.00023	0.25708	0.43964	0.00560	0.00039	0.00038	0.00557	0.00016	0.00013	4e-05	0.00014	0.00012	0.00011	0.00020
21	0.01285	0.00036	0.00078	0.01298	0.01926	0.00034	0.95048	0.00043	0.00032	0.00043	0.00027	0.00036	0.00020	0.00011	0.00016	4.5e-05	0.00022	0.00016	6.8e-05	0.00018
22	0.00026	0.00024	0.00450	0.74577	0.08782	0.00028	0.00034	0.01242	0.01905	0.00036	0.00410	0.07854	0.00854	0.00018	0.02386	4.9e-05	0.00391	0.00555	0.00406	0.00015

[dist]
# distance from previous block
# <min> <max>
41	130

[block]
# block no. 8 follows, 2573 sequences, length 9
# corresponding to MSA columns:
# 1288-1296
name=unknown_I
#
# <colnr> <probs for GDERKNQSTAVLIFYWHMCP>
#	G	D	E	R	K	N	Q	S	T	A	V	L	I	F	Y	W	H	M	C	P
0	0.04554	0.14439	0.33224	0.02455	0.04072	0.03822	0.05836	0.03853	0.05966	0.12048	0.00732	0.00661	0.00792	0.00733	0.00948	4.2e-05	0.01317	0.00890	8.4e-05	0.03646
1	0.01941	0.01083	0.01569	0.19501	0.06713	0.01839	0.07288	0.08429	0.07783	0.23495	0.04953	0.00809	0.02050	0.01284	0.00761	4.6e-05	0.06753	0.02160	0.00950	0.00635
2	0.05481	0.01365	0.04385	0.04104	0.00691	0.03318	0.02196	0.06266	0.01605	0.28266	0.05781	0.15557	0.10278	0.01946	0.02259	0.00743	0.01565	0.02234	0.01944	0.00017
3	0.02069	0.16468	0.20761	0.06609	0.09862	0.04540	0.08136	0.02965	0.04677	0.09791	0.01672	0.03580	0.03224	0.00952	0.00837	0.00637	0.02227	0.00966	8.4e-05	0.00018
4	0.02867	0.11564	0.08885	0.15396	0.05577	0.09067	0.09070	0.08928	0.05657	0.09399	0.02274	0.01123	0.01058	0.01351	0.00643	4.4e-05	0.04416	0.00835	0.01256	0.00631
5	0.01069	0.00898	0.00023	0.11897	0.00927	0.01383	0.02758	0.01468	0.02393	0.01865	0.07016	0.21193	0.05061	0.24642	0.04314	0.06900	0.01732	0.03292	0.01156	0.00012
6	0.01783	0.03892	0.14502	0.01772	0.00815	0.01310	0.04833	0.02453	0.03351	0.03217	0.06165	0.09999	0.04281	0.07966	0.10878	0.18186	0.02395	0.01259	0.00929	0.00013
7	0.01139	0.07027	0.16354	0.10179	0.12552	0.04995	0.10021	0.03801	0.07960	0.10816	0.01520	0.05392	0.01173	0.01383	0.01022	0.00912	0.01987	0.01073	0.00674	0.00018
8	0.01298	0.19056	0.35463	0.01758	0.04930	0.02371	0.07374	0.04004	0.09506	0.02059	0.00813	0.03701	0.01526	0.00017	0.01447	4.4e-05	0.02293	0.02352	7.8e-05	0.00018

[dist]
# distance from previous block
# <min> <max>
64	186

[block]
# block no. 9 follows, 2573 sequences, length 7
# corresponding to MSA columns:
# 1653-1659
name=unknown_J
#
# <colnr> <probs for GDERKNQSTAVLIFYWHMCP>
#	G	D	E	R	K	N	Q	S	T	A	V	L	I	F	Y	W	H	M	C	P
0	0.01182	0.00019	0.00021	0.01003	0.00025	0.05177	0.00974	0.01140	0.06389	0.07234	0.45583	0.06214	0.17786	0.01038	0.01012	4.6e-05	9e-05	0.01244	0.02124	0.01822
1	0.01345	0.00016	0.00020	0.00019	0.00022	0.01012	0.01052	0.01129	0.02783	0.05749	0.33325	0.19187	0.15155	0.02673	0.07609	0.04283	0.00976	0.02361	0.01272	0.00013
2	0.00019	0.00014	0.00016	0.00017	0.00020	0.00013	0.00012	0.01736	0.00029	0.01748	0.16389	0.28189	0.29874	0.14136	0.02562	6.4e-05	9.1e-05	0.03577	0.01623	0.00011
3	0.01348	0.00019	0.00024	0.00022	0.00027	0.00019	0.03615	0.07922	0.09984	0.13921	0.20736	0.20464	0.06251	0.06528	0.01903	5.4e-05	0.00010	0.02860	0.04325	0.00015
4	0.03640	0.00024	0.01149	0.00023	0.00031	0.00024	0.00989	0.18105	0.12403	0.26003	0.17251	0.04901	0.02604	0.01606	0.01128	4.6e-05	0.01040	0.02535	0.05531	0.01007
5	0.09414	0.10521	0.21013	0.01167	0.01880	0.04917	0.02584	0.10652	0.03119	0.10230	0.02459	0.00803	0.00807	0.00847	0.02450	0.04284	0.00796	0.00843	9e-05	0.11205
6	0.20256	0.07931	0.02052	0.01008	0.01109	0.08111	0.04780	0.32666	0.11153	0.04575	0.01112	0.01150	0.00025	0.01805	0.00013	4.2e-05	0.01182	0.00012	0.00011	0.01044

[dist]
# distance from previous block
# <min> <max>
1	5

[block]
# block no. 10 follows, 2573 sequences, length 6
# corresponding to MSA columns:
# 1669-1671,1677-1679
name=unknown_K
#
# <colnr> <probs for GDERKNQSTAVLIFYWHMCP>
#	G	D	E	R	K	N	Q	S	T	A	V	L	I	F	Y	W	H	M	C	P
0	0.01641	0.01375	0.03925	0.49805	0.08779	0.01568	0.04770	0.05029	0.06456	0.05816	0.01827	0.02373	0.01572	0.01015	0.01034	4.7e-05	0.01769	0.01217	8.1e-05	0.00017
1	0.00020	0.00014	0.00019	0.00020	0.00022	0.00014	0.01788	0.02247	0.02968	0.03173	0.08153	0.54589	0.10446	0.07987	0.01738	6.1e-05	9.4e-05	0.06763	0.00012	0.00012
2	0.04213	0.02423	0.04731	0.06560	0.09817	0.03183	0.10458	0.05937	0.03202	0.14316	0.12226	0.09768	0.03659	0.01113	0.01558	4.8e-05	0.03595	0.02043	0.01177	0.00017
3	0.04296	0.13365	0.25970	0.09695	0.05778	0.02934	0.11574	0.08235	0.03064	0.05987	0.01087	0.01104	0.01498	0.00015	0.01062	4.3e-05	0.02126	0.01112	8e-05	0.01086
4	0.01190	0.02883	0.01659	0.05353	0.02241	0.03815	0.02751	0.07546	0.07342	0.04951	0.10845	0.24136	0.13127	0.01932	0.01548	0.01233	0.02334	0.05089	0.00012	0.00015
5	0.00019	0.00013	0.00017	0.00018	0.00020	0.00013	0.00013	0.01883	0.01891	0.01894	0.02461	0.64228	0.03831	0.15150	0.00024	6.4e-05	8.9e-05	0.04640	0.03858	0.00011

[dist]
# distance from previous block
# <min> <max>
19	181

[block]
# block no. 11 follows, 2573 sequences, length 12
# corresponding to MSA columns:
# 2232-2235,2243-2248,2251,2252
name=unknown_L
#
# <colnr> <probs for GDERKNQSTAVLIFYWHMCP>
#	G	D	E	R	K	N	Q	S	T	A	V	L	I	F	Y	W	H	M	C	P
0	0.00019	0.00015	0.00712	0.01314	0.00563	0.00626	0.00013	0.00700	0.04811	0.00986	0.09242	0.44778	0.18744	0.10190	0.01930	0.01015	9.3e-05	0.01927	0.01631	0.00774
1	0.02202	0.01286	0.00932	0.01996	0.00680	0.00695	0.00689	0.03739	0.07073	0.35353	0.27577	0.05717	0.02556	0.01211	0.00685	0.00627	0.00560	0.01097	0.05307	0.00017
2	0.00019	0.00013	0.00017	0.00017	0.00020	0.00013	0.00012	0.00024	0.01071	0.01501	0.43919	0.23656	0.16203	0.07854	0.01679	5.5e-05	8e-05	0.00962	0.02995	0.00012
3	0.00018	0.00014	0.00016	0.00017	0.00020	0.00013	0.00012	0.00022	0.00985	0.01862	0.14367	0.20244	0.43513	0.07373	0.08828	6.9e-05	0.01522	0.01142	0.00012	0.00012
4	0.02992	0.00029	0.00031	0.00027	0.00035	0.01854	0.00021	0.18759	0.60441	0.06053	0.01564	0.00046	0.00036	0.00017	0.00013	4.3e-05	0.00011	0.00014	0.05746	0.02307
5	0.01501	0.18826	0.59543	0.01031	0.01613	0.00035	0.04048	0.01710	0.02250	0.02412	0.00025	0.00030	0.00019	0.00017	0.04240	4.8e-05	0.02662	0.00010	6.4e-05	0.00019
6	0.12389	0.01036	0.01511	0.07992	0.06749	0.07051	0.08081	0.12144	0.14252	0.08707	0.00496	0.00861	0.00500	0.00442	0.03583	0.00611	0.11216	0.01359	0.00439	0.00580
7	0.01144	0.30745	0.37233	0.02243	0.02366	0.01538	0.14878	0.01609	0.00029	0.01898	0.00754	0.01868	0.00020	0.00013	0.00012	3.9e-05	0.01290	0.00011	0.00623	0.01721
8	0.00020	0.00015	0.00018	0.00019	0.00840	0.00013	0.02012	0.02366	0.01109	0.03757	0.07608	0.43608	0.29732	0.02567	0.00018	5.2e-05	8.5e-05	0.05478	0.00792	0.00012
9	0.00023	0.00017	0.01221	0.00019	0.00022	0.00656	0.00888	0.03511	0.07928	0.03142	0.03340	0.18654	0.01425	0.44821	0.10393	0.00671	0.00602	0.01372	0.00010	0.01286
10	0.51001	0.05964	0.07570	0.01230	0.03840	0.04027	0.04299	0.03502	0.03350	0.06972	0.00026	0.01093	0.00737	0.00015	0.01575	4.4e-05	0.02898	9.8e-05	8.7e-05	0.01878
11	0.03302	0.05553	0.12680	0.18712	0.12161	0.03158	0.16960	0.06313	0.05150	0.04440	0.02134	0.01706	0.00647	0.00532	0.01114	4.5e-05	0.02935	0.00643	8e-05	0.01847

[dist]
# distance from previous block
# <min> <max>
14	25

[block]
# block no. 12 follows, 2573 sequences, length 24
# corresponding to MSA columns:
# 2290-2313
name=unknown_M
#
# <colnr> <probs for GDERKNQSTAVLIFYWHMCP>
#	G	D	E	R	K	N	Q	S	T	A	V	L	I	F	Y	W	H	M	C	P
0	0.01839	0.01541	0.01464	0.01964	0.01663	0.17044	0.07587	0.17473	0.13821	0.16953	0.01696	0.12102	0.01418	0.00020	0.00303	4.4e-05	0.00390	0.02330	0.00012	0.00377
1	0.01642	0.16639	0.47035	0.00569	0.06655	0.01983	0.05771	0.07128	0.03624	0.06980	0.00328	0.00460	0.00371	0.00014	0.00013	4e-05	0.00320	0.00437	7.6e-05	0.00020
2	0.00017	0.00012	0.00016	0.00019	0.00020	0.00011	0.00013	0.00019	0.00026	0.00035	0.01051	0.83612	0.06452	0.03688	0.00019	5.7e-05	8.1e-05	0.04954	0.00012	0.00011
3	0.00386	0.01905	0.10297	0.10281	0.29345	0.07474	0.07032	0.13116	0.10129	0.02590	0.00894	0.00374	0.00024	0.00015	0.00368	4.3e-05	0.05377	0.00012	0.00357	0.00019
4	0.00306	0.00570	0.08784	0.00765	0.04200	0.00336	0.02221	0.02353	0.02275	0.07558	0.18913	0.02094	0.13828	0.00019	0.00013	3.5e-05	0.00311	0.00456	0.00011	0.34982
5	0.93872	0.00865	0.00554	0.00019	0.00882	0.01127	0.00504	0.00638	0.00024	0.00059	0.00020	0.00871	0.00016	0.00013	0.00491	4.2e-05	0.00011	7.7e-05	8.3e-05	0.00015
6	0.00037	0.75761	0.00736	0.00027	0.00039	0.00662	0.10589	0.03613	0.00756	0.06312	0.00467	0.00471	0.00020	0.00013	0.00443	3.3e-05	0.00015	9e-05	7e-05	0.00018
7	0.00022	0.00017	0.00022	0.00020	0.00024	0.00016	0.00015	0.00493	0.00024	0.01323	0.00577	0.10571	0.02789	0.12376	0.44540	0.00387	0.02261	0.01167	0.00506	0.22848
8	0.00019	0.00014	0.00018	0.00017	0.00020	0.00013	0.00013	0.00025	0.00037	0.01027	0.82189	0.02306	0.13161	0.00029	0.00016	4.3e-05	6.6e-05	0.01060	0.00014	0.00013
9	0.00020	0.00014	0.00019	0.00017	0.00021	0.00014	0.00013	0.00027	0.03783	0.01064	0.92357	0.00942	0.01603	0.00027	0.00016	4.3e-05	6.6e-05	0.00024	0.00015	0.00013
10	0.00030	0.00030	0.00042	0.00036	0.00036	0.01439	0.01611	0.00033	0.00021	0.00033	0.00018	0.00029	0.00018	0.00023	0.00043	5.8e-05	0.96521	0.00012	5.9e-05	0.00015
11	0.00305	0.04090	0.19264	0.05956	0.03575	0.01495	0.02668	0.03321	0.02223	0.07745	0.19622	0.11422	0.14699	0.00545	0.00664	4.6e-05	0.01421	0.00700	0.00011	0.00268
12	0.00364	0.29282	0.13836	0.01439	0.00959	0.18506	0.13717	0.03815	0.03528	0.02550	0.02747	0.00339	0.02007	0.00277	0.00541	4e-05	0.05519	0.00545	7.4e-05	0.00017
13	0.00029	0.00028	0.00039	0.00034	0.00034	0.01057	0.00774	0.01223	0.00021	0.00033	0.00020	0.00719	0.00020	0.03121	0.06782	7.1e-05	0.86026	0.00012	6.2e-05	0.00014
14	0.99622	0.00026	0.00020	0.00018	0.00026	0.00030	0.00015	0.00040	0.00023	0.00060	0.00019	0.00022	0.00015	0.00012	8.3e-05	4.2e-05	0.00010	7.3e-05	8.3e-05	0.00015
15	0.00017	0.00014	0.00015	0.00015	0.00019	0.00012	0.00011	0.00021	0.00033	0.00042	0.32345	0.04594	0.62751	0.00032	0.00016	4.5e-05	6.7e-05	0.00028	0.00013	0.00012
16	0.95356	0.00026	0.00020	0.00018	0.00026	0.00030	0.00015	0.00041	0.00024	0.04319	0.00020	0.00023	0.00015	0.00013	8.6e-05	4.2e-05	0.00010	7.6e-05	8.7e-05	0.00015
17	0.00027	0.00026	0.00441	0.52908	0.24062	0.00381	0.09724	0.00380	0.00831	0.00375	0.02772	0.01361	0.05821	0.00015	0.00014	4.4e-05	0.00404	0.00014	0.00422	0.00017
18	0.00019	0.00014	0.00019	0.00019	0.00020	0.00015	0.00013	0.00022	0.00021	0.00029	0.00039	0.00068	0.00040	0.42509	0.57075	0.00018	0.00026	0.00017	7.6e-05	0.00010
19	0.07538	0.01942	0.04448	0.05147	0.03843	0.00750	0.06603	0.01634	0.02720	0.08522	0.15557	0.21187	0.13809	0.00026	0.00287	4.7e-05	0.00931	0.04698	0.00338	0.00015
20	0.77227	0.00615	0.10016	0.01863	0.07403	0.00467	0.00501	0.00471	0.00025	0.00693	0.00020	0.00024	0.00016	0.00013	9.4e-05	4.2e-05	0.00012	8.1e-05	0.00598	0.00016
21	0.00018	0.00013	0.00017	0.00019	0.00021	0.00746	0.00014	0.00021	0.00930	0.00037	0.04693	0.55484	0.19947	0.00671	0.00017	5.4e-05	8.5e-05	0.17314	0.00013	0.00011
22	0.00613	0.01231	0.34009	0.03321	0.07747	0.01693	0.11464	0.00438	0.09112	0.02017	0.19456	0.00738	0.05740	0.00321	0.00364	4.4e-05	0.00320	0.01045	0.00348	0.00018
23	0.00033	0.00324	0.04379	0.10066	0.13796	0.01811	0.08979	0.07081	0.44793	0.01315	0.02489	0.00363	0.01903	0.00017	0.00347	4.5e-05	0.01512	0.00350	0.00011	0.00428

[dist]
# distance from previous block
# <min> <max>
3	34

[block]
# block no. 13 follows, 2573 sequences, length 10
# corresponding to MSA columns:
# 2357-2364,2371,2372
name=unknown_N
#
# <colnr> <probs for GDERKNQSTAVLIFYWHMCP>
#	G	D	E	R	K	N	Q	S	T	A	V	L	I	F	Y	W	H	M	C	P
0	0.02819	0.00857	0.00892	0.24328	0.14690	0.01643	0.21913	0.01619	0.06440	0.08632	0.00794	0.00037	0.00023	0.00016	0.01356	4.8e-05	0.13169	0.00741	8e-05	0.00018
1	0.00032	0.42783	0.52944	0.00031	0.00047	0.00040	0.00037	0.00043	0.00028	0.03870	0.00023	0.00026	0.00018	0.00012	0.00011	3.7e-05	0.00017	8.9e-05	6.1e-05	0.00019
2	0.00023	0.00015	0.00020	0.00019	0.00022	0.01024	0.00014	0.01263	0.01042	0.05349	0.05219	0.01415	0.00044	0.20365	0.48143	0.00014	0.00023	0.03261	0.12713	0.00012
3	0.00017	0.00013	0.00016	0.00018	0.00020	0.00012	0.00013	0.00020	0.00028	0.00037	0.11371	0.61780	0.17164	0.03231	0.00019	5.5e-05	7.9e-05	0.06205	0.00013	0.00011
4	0.01040	0.01229	0.12375	0.09039	0.17312	0.01758	0.03201	0.03863	0.13486	0.03601	0.11394	0.04058	0.02789	0.00560	0.00935	0.00549	0.07484	0.04654	0.00657	0.00017
5	0.00017	0.00013	0.00015	0.00017	0.00019	0.00011	0.00012	0.00020	0.00028	0.00037	0.07409	0.56683	0.32812	0.00038	0.00017	5.1e-05	7.5e-05	0.02816	0.00013	0.00011
6	0.00932	0.02941	0.28486	0.03043	0.04872	0.02130	0.12400	0.05445	0.07181	0.03068	0.11379	0.04397	0.06344	0.00958	0.00745	4.6e-05	0.04328	0.01320	9.2e-05	0.00017
7	0.00019	0.00014	0.00021	0.00021	0.00023	0.00017	0.00016	0.00024	0.00021	0.00031	0.00036	0.00055	0.00035	0.06799	0.92777	0.00021	0.00034	0.00015	7.3e-05	0.00012
8	0.03970	0.02851	0.01543	0.05235	0.04203	0.00933	0.20074	0.02323	0.00773	0.52295	0.00700	0.02002	0.00030	0.00724	0.00677	4.4e-05	0.00960	0.00669	0.00012	0.00020
9	0.29446	0.21669	0.07122	0.01575	0.05510	0.19625	0.01534	0.02716	0.00030	0.02412	0.00824	0.00026	0.00018	0.00013	0.00011	3.7e-05	0.02018	8.8e-05	0.00903	0.04535

[dist]
# distance from previous block
# <min> <max>
1	12

[block]
# block no. 14 follows, 2573 sequences, length 16
# corresponding to MSA columns:
# 2393,2400-2414
name=unknown_O
#
# <colnr> <probs for GDERKNQSTAVLIFYWHMCP>
#	G	D	E	R	K	N	Q	S	T	A	V	L	I	F	Y	W	H	M	C	P
0	0.00030	0.00030	0.02652	0.14546	0.31714	0.07042	0.04648	0.04981	0.08997	0.00716	0.07401	0.08435	0.06051	0.00625	0.00576	4.5e-05	0.00554	0.00460	0.00518	0.00018
1	0.00017	0.00012	0.00016	0.00018	0.00019	0.00011	0.00012	0.00020	0.00027	0.00036	0.06497	0.79241	0.10006	0.01155	0.00017	5.4e-05	7.7e-05	0.01615	0.01256	0.00011
2	0.00022	0.02169	0.00024	0.08455	0.00664	0.00568	0.00017	0.04977	0.00024	0.00033	0.01617	0.02824	0.00038	0.26434	0.49508	0.01046	0.00781	0.00778	7.9e-05	0.00012
3	0.00019	0.00014	0.00017	0.00017	0.00020	0.00013	0.00013	0.00025	0.01827	0.01310	0.70920	0.10693	0.15002	0.00030	0.00016	4.4e-05	6.7e-05	0.00026	0.00014	0.00013
4	0.01374	0.00026	0.00029	0.00022	0.00033	0.02579	0.00729	0.12696	0.00033	0.05943	0.01034	0.04768	0.00771	0.00013	0.00011	2.7e-05	0.00011	0.00011	9.5e-05	0.69904
5	0.00028	0.00017	0.00021	0.00019	0.00025	0.00016	0.00015	0.02452	0.08697	0.18795	0.40442	0.06452	0.18321	0.00027	0.00015	4.4e-05	8.3e-05	0.03742	0.00014	0.00888
6	0.00817	0.30617	0.17290	0.00030	0.00569	0.03882	0.00657	0.12420	0.11311	0.06200	0.00652	0.00031	0.00023	0.00016	0.00944	4.2e-05	0.14500	0.00011	8.4e-05	0.00019
7	0.00872	0.00541	0.01516	0.02154	0.03843	0.12163	0.43955	0.25402	0.00551	0.06740	0.00030	0.00035	0.00022	0.00014	0.00015	4.2e-05	0.01056	0.00515	0.00554	0.00019
8	0.00018	0.00013	0.00016	0.00018	0.00020	0.00803	0.00013	0.00860	0.01087	0.00036	0.06083	0.68199	0.15527	0.03267	0.00019	5.5e-05	8.1e-05	0.03984	0.00012	0.00011
9	0.07797	0.32772	0.08831	0.01386	0.01115	0.09576	0.03413	0.02962	0.00027	0.00762	0.00021	0.00558	0.00018	0.00018	0.02318	4.6e-05	0.28387	9.8e-05	6.5e-05	0.00016
10	0.01356	0.00022	0.00870	0.03465	0.17060	0.01216	0.10165	0.06191	0.03122	0.02337	0.05603	0.40743	0.00788	0.00651	0.00016	0.00387	0.00527	0.04775	0.00691	0.00015
11	0.00017	0.00013	0.00015	0.00016	0.00019	0.00012	0.00011	0.00020	0.00031	0.00039	0.21170	0.30045	0.48473	0.00035	0.00016	4.8e-05	7e-05	0.00031	0.00013	0.00012
12	0.02814	0.00035	0.01225	0.02659	0.00049	0.01066	0.26294	0.49871	0.08055	0.03535	0.00033	0.00608	0.00024	0.01810	0.00583	4.5e-05	0.01290	0.00014	0.00011	0.00020
13	0.00030	0.00029	0.00048	0.39470	0.54281	0.00781	0.00683	0.00681	0.00847	0.00676	0.00026	0.00667	0.00021	0.00014	0.00653	4.3e-05	0.01053	0.00012	6.6e-05	0.00019
14	0.00019	0.00014	0.00021	0.00021	0.00023	0.00017	0.00016	0.00024	0.00022	0.00031	0.00037	0.02353	0.00036	0.09029	0.86675	0.00020	0.01607	0.00015	7.4e-05	0.00012
15	0.06437	0.00024	0.00030	0.13216	0.05448	0.01742	0.00710	0.17314	0.06959	0.10520	0.24675	0.01022	0.09997	0.00021	0.00014	4.3e-05	0.00599	0.00781	0.00470	0.00017

[dist]
# distance from previous block
# <min> <max>
3	12

[block]
# block no. 15 follows, 2573 sequences, length 48
# corresponding to MSA columns:
# 2434-2440,2443,2450-2479,2481-2484,2488-2490,2494,2496,2499
name=unknown_P
#
# <colnr> <probs for GDERKNQSTAVLIFYWHMCP>
#	G	D	E	R	K	N	Q	S	T	A	V	L	I	F	Y	W	H	M	C	P
0	0.03098	0.00022	0.00027	0.00262	0.00230	0.00018	0.00284	0.00367	0.01188	0.24489	0.12097	0.00232	0.01824	0.00015	0.00012	3e-05	0.00250	0.00733	0.00011	0.54837
1	0.00378	0.00828	0.03477	0.11312	0.30044	0.00625	0.08077	0.04707	0.07221	0.03799	0.02750	0.02563	0.00592	0.00175	0.00014	3.8e-05	0.01465	0.00702	8.5e-05	0.21260
2	0.00017	0.00012	0.00016	0.00018	0.00020	0.00011	0.00379	0.00444	0.00308	0.00036	0.05131	0.77125	0.14061	0.00040	0.00017	5.3e-05	7.8e-05	0.02042	0.00297	0.00011
3	0.00294	0.19808	0.00045	0.00031	0.00038	0.32344	0.00318	0.13655	0.01234	0.00284	0.00022	0.00028	0.00019	0.00329	0.04717	5e-05	0.26794	0.00010	7.4e-05	0.00017
4	0.00033	0.00031	0.00286	0.16877	0.71654	0.00480	0.01392	0.03802	0.01782	0.01645	0.00565	0.00283	0.00232	0.00013	0.00194	4.2e-05	0.00509	0.00190	7.2e-05	0.00020
5	0.00017	0.00012	0.00016	0.00019	0.00020	0.00011	0.00014	0.00020	0.00027	0.00035	0.00683	0.84411	0.02672	0.00041	0.00017	5.5e-05	8.3e-05	0.11946	0.00012	0.00011
6	0.86916	0.00487	0.00022	0.00020	0.00028	0.07005	0.00016	0.02261	0.02159	0.00515	0.00020	0.00023	0.00016	0.00013	9e-05	4.1e-05	0.00457	7.7e-05	8.5e-05	0.00015
7	0.54282	0.05721	0.00299	0.00482	0.02318	0.02173	0.00020	0.24949	0.09233	0.00372	0.00026	0.00028	0.00020	0.00014	0.00010	4.1e-05	0.00012	9.4e-05	9.9e-05	0.00018
