[name]
unknown

[dist]
# distance from previous block
# <min> <max>
0	198

[block]
# block no. 0 follows, 2323 sequences, length 6
# corresponding to MSA columns:
# 252-257
name=unknown_A
#
# <colnr> <probs for GDERKNQSTAVLIFYWHMCP>
#	G	D	E	R	K	N	Q	S	T	A	V	L	I	F	Y	W	H	M	C	P
0	0.01509	0.02330	0.01107	0.01114	0.01432	0.01656	0.02130	0.05172	0.02369	0.05300	0.02351	0.20421	0.30814	0.04720	0.09973	0.00994	0.01506	0.02300	0.00012	0.02790
1	0.01580	0.02758	0.13586	0.19917	0.22105	0.01610	0.10724	0.03320	0.01667	0.05527	0.01733	0.02143	0.02482	0.01462	0.02332	0.00954	0.01209	0.00015	8.6e-05	0.04868
2	0.03238	0.05607	0.15927	0.03635	0.06238	0.05499	0.07180	0.05601	0.02651	0.13568	0.01524	0.03912	0.02006	0.01276	0.01702	4.8e-05	0.03963	0.01141	0.00894	0.14433
3	0.00033	0.02948	0.06055	0.05218	0.23991	0.02158	0.06955	0.02330	0.01904	0.07751	0.01552	0.02779	0.07065	0.19789	0.02747	7.1e-05	0.01935	0.01550	0.00942	0.02292
4	0.00026	0.01306	0.00024	0.01467	0.01465	0.00017	0.01007	0.02814	0.02343	0.07785	0.11312	0.47017	0.08362	0.01042	0.02913	0.01342	0.01530	0.01018	0.01008	0.06199
5	0.11465	0.02387	0.04033	0.06447	0.27568	0.05388	0.04364	0.09915	0.01989	0.13574	0.01571	0.02633	0.01048	0.00017	0.00015	4.5e-05	0.01566	0.01247	0.01765	0.03003

[dist]
# distance from previous block
# <min> <max>
1	2

[block]
# block no. 1 follows, 2323 sequences, length 13
# corresponding to MSA columns:
# 260,276-283,287-290
name=unknown_B
#
# <colnr> <probs for GDERKNQSTAVLIFYWHMCP>
#	G	D	E	R	K	N	Q	S	T	A	V	L	I	F	Y	W	H	M	C	P
0	0.00021	0.00015	0.00019	0.00020	0.00023	0.00014	0.00014	0.01774	0.01102	0.02654	0.12663	0.51730	0.18266	0.01615	0.00835	5.8e-05	9.1e-05	0.04672	0.02888	0.01660
1	0.01116	0.01484	0.00856	0.00025	0.01488	0.00025	0.00020	0.06622	0.14027	0.01394	0.00033	0.00815	0.00027	0.00013	0.00012	2.9e-05	0.00012	0.00011	0.01657	0.70359
2	0.03646	0.20085	0.08073	0.01341	0.01131	0.07099	0.05636	0.11596	0.16209	0.05080	0.02068	0.04415	0.00783	0.00594	0.00645	4.7e-05	0.06567	0.01482	0.00010	0.03534
3	0.02151	0.02718	0.12131	0.07278	0.12498	0.02648	0.17020	0.22241	0.01612	0.06379	0.02781	0.07338	0.00033	0.00018	0.00016	4.8e-05	0.01496	0.00777	0.00839	0.00021
4	0.00033	0.00026	0.00031	0.00022	0.00035	0.00021	0.00018	0.02938	0.01345	0.03804	0.00030	0.01332	0.00024	0.00012	0.00011	2.5e-05	0.00011	9.8e-05	0.02231	0.88063
5	0.99582	0.00029	0.00022	0.00020	0.00029	0.00033	0.00016	0.00044	0.00025	0.00067	0.00021	0.00024	0.00016	0.00014	9.2e-05	4.6e-05	0.00012	8.1e-05	9.2e-05	0.00016
6	0.00023	0.00016	0.00020	0.00018	0.00022	0.00015	0.00014	0.02947	0.02060	0.00059	0.73689	0.00100	0.04290	0.00028	0.00016	4.5e-05	7.4e-05	0.00024	0.16631	0.00014
7	0.00023	0.00017	0.00025	0.00024	0.00027	0.00020	0.00019	0.03869	0.00026	0.00037	0.00040	0.00058	0.00037	0.00108	0.95572	0.00023	0.00039	0.00016	8.2e-05	0.00014
8	0.00027	0.00025	0.00041	0.38564	0.10070	0.00026	0.12475	0.00705	0.00836	0.00041	0.00701	0.22906	0.07400	0.03550	0.00688	5.6e-05	0.00016	0.01182	0.00726	0.00016
9	0.00024	0.00018	0.00024	0.00026	0.00029	0.00019	0.00022	0.00029	0.00030	0.00040	0.00067	0.01770	0.01621	0.13211	0.07970	0.02880	0.07654	0.64542	0.00012	0.00013
10	0.00604	0.00024	0.00037	0.15050	0.27233	0.00025	0.01395	0.01158	0.00644	0.00041	0.02238	0.15982	0.02851	0.07063	0.20003	0.00677	0.03034	0.01250	0.00675	0.00016
11	0.09673	0.65778	0.01206	0.00028	0.00039	0.17184	0.00025	0.01967	0.01247	0.02704	0.00023	0.00026	0.00020	0.00014	0.00011	3.5e-05	0.00017	8.7e-05	7.5e-05	0.00019
12	0.05352	0.05298	0.11898	0.05516	0.19652	0.02355	0.03350	0.06247	0.04890	0.24349	0.01929	0.01844	0.01775	0.00017	0.00476	4.6e-05	0.01341	0.00462	0.00455	0.02788

[dist]
# distance from previous block
# <min> <max>
0	5

[block]
# block no. 2 follows, 2323 sequences, length 23
# corresponding to MSA columns:
# 299-318,320,321,323
name=unknown_C
#
# <colnr> <probs for GDERKNQSTAVLIFYWHMCP>
#	G	D	E	R	K	N	Q	S	T	A	V	L	I	F	Y	W	H	M	C	P
0	0.60660	0.13862	0.02266	0.03700	0.00995	0.03445	0.01638	0.03602	0.00466	0.06740	0.00026	0.00030	0.00020	0.00015	0.00012	4.7e-05	0.02057	9.8e-05	0.00433	0.00019
1	0.00928	0.12371	0.16379	0.20744	0.07487	0.05850	0.07099	0.01595	0.20163	0.01953	0.01860	0.00673	0.00580	0.00016	0.00015	4.6e-05	0.01373	0.00569	0.00319	0.00020
2	0.00021	0.00015	0.00019	0.00018	0.00022	0.00014	0.00013	0.00746	0.00874	0.01104	0.52205	0.09791	0.33055	0.00034	0.00018	4.9e-05	7.6e-05	0.00544	0.00907	0.00589
3	0.00018	0.00014	0.00016	0.00018	0.00021	0.00012	0.00013	0.00021	0.00032	0.00040	0.02361	0.44094	0.51761	0.00042	0.00018	5.5e-05	8.1e-05	0.01479	0.00014	0.00012
4	0.00021	0.00016	0.00024	0.00024	0.00027	0.00019	0.00019	0.00027	0.00024	0.00035	0.00040	0.00059	0.00037	0.00112	0.99418	0.00024	0.00040	0.00016	8e-05	0.00013
5	0.00021	0.00015	0.00020	0.00018	0.00022	0.00014	0.00014	0.00028	0.01500	0.00058	0.86751	0.00114	0.11307	0.00031	0.00018	4.7e-05	7.2e-05	0.00027	0.00016	0.00014
6	0.99582	0.00029	0.00022	0.00020	0.00029	0.00033	0.00016	0.00044	0.00025	0.00067	0.00021	0.00024	0.00016	0.00014	9.2e-05	4.6e-05	0.00012	8.1e-05	9.2e-05	0.00016
7	0.00037	0.00035	0.00060	0.00090	0.97207	0.00035	0.00045	0.00046	0.02210	0.00049	0.00029	0.00037	0.00024	0.00013	0.00015	4.4e-05	0.00018	0.00013	7.5e-05	0.00024
8	0.00065	0.00026	0.00035	0.00027	0.00038	0.00023	0.00022	0.05514	0.00044	0.89583	0.01162	0.00050	0.00037	0.00018	0.00015	4.5e-05	0.00013	0.00015	0.00018	0.03291
9	0.00947	0.00032	0.00053	0.15296	0.69448	0.00441	0.00373	0.00691	0.00034	0.01098	0.04193	0.00926	0.03820	0.00355	0.00795	4.7e-05	0.00346	0.00015	0.01113	0.00021
10	0.00049	0.09588	0.00552	0.03253	0.06046	0.47005	0.01715	0.19868	0.00476	0.03364	0.04604	0.00412	0.01718	0.00017	0.00014	4.1e-05	0.01272	0.00012	9.8e-05	0.00020
11	0.00018	0.00013	0.00017	0.00020	0.00022	0.00012	0.00014	0.00021	0.00029	0.00039	0.03007	0.92852	0.03789	0.00046	0.00019	6e-05	8.6e-05	0.00041	0.00014	0.00012
12	0.00034	0.00032	0.00053	0.35442	0.56808	0.00034	0.01313	0.00543	0.00501	0.01314	0.00471	0.00039	0.00023	0.00536	0.00564	4.8e-05	0.00740	0.00013	0.00456	0.01079
13	0.00046	0.00595	0.00051	0.05120	0.36757	0.29894	0.04173	0.13606	0.01071	0.06075	0.00368	0.00373	0.00485	0.00015	0.00015	4.3e-05	0.00378	0.00361	9.3e-05	0.00603
14	0.00029	0.00027	0.00045	0.96180	0.00101	0.00034	0.00041	0.03296	0.00031	0.00040	0.00027	0.00040	0.00020	0.00015	0.00015	4.9e-05	0.00020	0.00013	6.9e-05	0.00017
15	0.00020	0.00015	0.00019	0.00020	0.00022	0.00014	0.00014	0.00026	0.00961	0.00051	0.59594	0.34112	0.03227	0.00036	0.00018	5.2e-05	7.8e-05	0.01809	0.00015	0.00013
16	0.03295	0.00033	0.00041	0.26948	0.02974	0.03773	0.00840	0.31270	0.06422	0.16611	0.01998	0.01613	0.00432	0.00019	0.00734	0.00312	0.01537	0.01116	0.00012	0.00021
17	0.00560	0.00953	0.00049	0.00037	0.00049	0.13501	0.10869	0.68808	0.00979	0.02391	0.00034	0.00036	0.00025	0.00018	0.01118	4.7e-05	0.00518	0.00013	0.00013	0.00023
18	0.00022	0.00016	0.00024	0.00024	0.00027	0.00019	0.00019	0.00027	0.00024	0.00035	0.00039	0.00058	0.00037	0.00110	0.96982	0.00024	0.02476	0.00016	7.9e-05	0.00013
19	0.00027	0.00017	0.00020	0.00019	0.00021	0.00017	0.00012	0.00602	0.09507	0.07366	0.03011	0.01427	0.00608	0.75341	0.00753	0.00476	0.00014	0.00741	0.00011	0.00012
20	0.00999	0.00810	0.00052	0.34860	0.03532	0.05209	0.22648	0.04738	0.07797	0.09091	0.03556	0.00922	0.00422	0.00017	0.00389	0.00313	0.03516	0.00772	0.00337	0.00019
21	0.14824	0.13246	0.05049	0.02981	0.21489	0.05338	0.03135	0.08115	0.01654	0.04351	0.01613	0.01812	0.02122	0.02313	0.00258	0.00376	0.00572	0.00313	0.00245	0.10195
22	0.04029	0.03366	0.05623	0.04512	0.02669	0.10127	0.08344	0.19293	0.14977	0.05951	0.02442	0.08350	0.02293	0.00849	0.00630	4.8e-05	0.01313	0.00511	0.00330	0.04387

[dist]
# distance from previous block
# <min> <max>
5	9

[block]
# block no. 3 follows, 2323 sequences, length 43
# corresponding to MSA columns:
# 360-364,370-380,382-406,408,409
name=unknown_D
#
# <colnr> <probs for GDERKNQSTAVLIFYWHMCP>
#	G	D	E	R	K	N	Q	S	T	A	V	L	I	F	Y	W	H	M	C	P
0	0.01846	0.00410	0.10992	0.24275	0.07228	0.01506	0.15878	0.01694	0.06185	0.17293	0.01077	0.03060	0.00480	0.00826	0.00861	0.00495	0.00679	0.02099	0.00010	0.03104
1	0.00038	0.00479	0.02507	0.22107	0.05732	0.00580	0.09226	0.03772	0.04451	0.23421	0.08826	0.08850	0.03869	0.01661	0.00269	5.1e-05	0.00882	0.02148	0.01158	0.00019
2	0.00021	0.00015	0.00021	0.00024	0.00027	0.00015	0.00503	0.00026	0.00032	0.00041	0.00081	0.45741	0.01309	0.00671	0.00020	6.5e-05	0.00011	0.51407	0.00014	0.00013
3	0.00022	0.00877	0.00020	0.00612	0.00023	0.00820	0.00015	0.00028	0.00330	0.00637	0.79580	0.04046	0.09064	0.00032	0.00018	4.8e-05	7.8e-05	0.03836	0.00016	0.00014
4	0.04502	0.02154	0.04541	0.10404	0.07140	0.01915	0.05637	0.27819	0.07397	0.17761	0.00346	0.02665	0.00031	0.01775	0.00960	5e-05	0.01865	0.01441	0.00194	0.01446
5	0.00185	0.01128	0.17144	0.08831	0.12249	0.07966	0.16294	0.02246	0.11870	0.04401	0.01319	0.05322	0.00195	0.00182	0.00804	0.00159	0.08487	0.01011	0.00188	0.00020
6	0.00843	0.00019	0.00021	0.00020	0.00026	0.00018	0.00015	0.00038	0.12898	0.15689	0.16096	0.01454	0.52262	0.00031	0.00017	4.9e-05	8.9e-05	0.00026	0.00497	0.00016
7	0.01583	0.06490	0.07744	0.14715	0.02039	0.02326	0.02531	0.04098	0.03755	0.32323	0.08957	0.00311	0.00919	0.00885	0.03384	0.00578	0.05243	0.00270	0.01827	0.00020
8	0.00980	0.34429	0.05051	0.07856	0.03952	0.06977	0.04968	0.21024	0.03100	0.03810	0.00028	0.00033	0.00023	0.00200	0.00696	0.00495	0.06337	0.00011	9.2e-05	0.00021
9	0.00021	0.00015	0.00018	0.00018	0.00021	0.00014	0.00013	0.00024	0.00031	0.00422	0.18503	0.06953	0.30993	0.29460	0.01082	8.2e-05	0.00011	0.12368	0.00013	0.00012
10	0.00033	0.17543	0.64440	0.01765	0.04520	0.00877	0.03335	0.01717	0.02044	0.00685	0.00929	0.00034	0.00312	0.00015	0.00256	4.5e-05	0.00246	0.01216	7e-05	0.00021
11	0.00024	0.00017	0.00022	0.00021	0.00024	0.00019	0.00015	0.00904	0.11690	0.00334	0.13818	0.00913	0.08676	0.21028	0.26319	0.13822	0.01866	0.00250	0.00225	0.00013
12	0.00025	0.00021	0.00022	0.00021	0.00027	0.00021	0.00016	0.00979	0.30687	0.00593	0.12133	0.04983	0.48931	0.00916	0.00017	5.1e-05	9e-05	0.00566	0.00015	0.00016
13	0.00024	0.00018	0.00285	0.01659	0.00361	0.00269	0.00492	0.02977	0.08032	0.01541	0.63140	0.05065	0.14563	0.00373	0.00017	4.9e-05	8.5e-05	0.01139	0.00015	0.00015
14	0.00032	0.00026	0.00029	0.00026	0.00033	0.00028	0.00020	0.00061	0.61899	0.01275	0.33824	0.00669	0.00078	0.00024	0.00016	4.9e-05	0.00010	0.00020	0.01907	0.00020
15	0.08211	0.17186	0.09563	0.10216	0.03326	0.10673	0.02570	0.12848	0.02688	0.09361	0.00265	0.00297	0.00023	0.00159	0.00179	4.5e-05	0.09654	0.00167	0.00481	0.02127
16	0.00883	0.00522	0.00039	0.00033	0.00043	0.09419	0.00026	0.42880	0.45852	0.00073	0.00046	0.00044	0.00034	0.00019	0.00015	4.7e-05	0.00015	0.00015	0.00014	0.00024
17	0.00391	0.05525	0.84725	0.00041	0.00061	0.07560	0.00051	0.00048	0.00032	0.00470	0.00431	0.00031	0.00019	0.00014	0.00014	4.6e-05	0.00022	0.00011	6.5e-05	0.00543
18	0.01835	0.00329	0.04691	0.00173	0.09920	0.01655	0.01605	0.01372	0.22729	0.11387	0.14677	0.08867	0.07798	0.03691	0.01325	0.00280	0.02791	0.04008	0.00298	0.00570
19	0.00031	0.11939	0.85765	0.00040	0.00061	0.00037	0.00686	0.00047	0.00031	0.00695	0.00026	0.00031	0.00019	0.00014	0.00014	4.5e-05	0.00520	0.00011	6.4e-05	0.00022
20	0.00066	0.00027	0.00035	0.00027	0.00039	0.00024	0.00022	0.08374	0.00866	0.90269	0.00057	0.00049	0.00036	0.00018	0.00015	4.6e-05	0.00013	0.00015	0.00018	0.00025
21	0.00018	0.00013	0.00017	0.00020	0.00021	0.00012	0.00014	0.00021	0.00028	0.00038	0.00939	0.92390	0.00518	0.04618	0.00539	0.00717	9.1e-05	0.00041	0.00014	0.00012
22	0.00023	0.00018	0.00026	0.00411	0.00029	0.00575	0.09635	0.00028	0.02599	0.04490	0.09777	0.52240	0.19305	0.00038	0.00018	5.5e-05	0.00299	0.00458	0.00014	0.00014
23	0.00019	0.00013	0.00018	0.00021	0.00022	0.00012	0.00917	0.00021	0.00029	0.00903	0.00082	0.96012	0.01285	0.00046	0.00019	6e-05	8.8e-05	0.00538	0.00014	0.00012
24	0.00030	0.00077	0.99399	0.00042	0.00064	0.00035	0.00055	0.00047	0.00031	0.00047	0.00027	0.00031	0.00019	0.00014	0.00014	4.7e-05	0.00022	0.00011	6.3e-05	0.00022
25	0.00238	0.00447	0.00036	0.00989	0.01651	0.21582	0.07460	0.06525	0.00284	0.18674	0.00508	0.03239	0.09079	0.01328	0.12019	0.00312	0.05601	0.01509	0.08499	0.00018
26	0.00601	0.00718	0.02117	0.00626	0.00270	0.61967	0.05043	0.08972	0.17190	0.01069	0.00032	0.00392	0.00025	0.00017	0.00014	4.2e-05	0.00562	0.00353	9.7e-05	0.00019
27	0.00020	0.00014	0.00563	0.00021	0.00022	0.00013	0.00799	0.00021	0.00027	0.00036	0.00071	0.75237	0.00563	0.02548	0.05893	0.12970	0.00011	0.01146	0.00012	0.00011
28	0.00018	0.00015	0.00015	0.00015	0.00020	0.00013	0.00011	0.00022	0.00034	0.00041	0.02080	0.00143	0.97448	0.00038	0.00018	5e-05	7.5e-05	0.00031	0.00014	0.00013
29	0.00410	0.00036	0.00061	0.01066	0.89078	0.01817	0.05757	0.00438	0.00034	0.00633	0.00028	0.00037	0.00023	0.00013	0.00015	4.5e-05	0.00503	0.00013	7.5e-05	0.00023
30	0.00035	0.00943	0.24707	0.12466	0.27013	0.01210	0.18571	0.04236	0.01999	0.02635	0.00032	0.04881	0.00026	0.00234	0.00016	4.8e-05	0.00615	0.00348	8.1e-05	0.00021
31	0.00026	0.00023	0.00029	0.00244	0.00283	0.05635	0.00326	0.00236	0.00326	0.00221	0.00042	0.16555	0.00324	0.13631	0.32109	0.01491	0.27630	0.00848	8.8e-05	0.00014
32	0.00341	0.13806	0.00812	0.23312	0.18270	0.03779	0.22938	0.03176	0.02670	0.02033	0.00031	0.01879	0.00026	0.00016	0.00211	4.7e-05	0.03339	0.03105	0.00231	0.00020
33	0.00031	0.00026	0.00031	0.00022	0.00035	0.00020	0.00018	0.00037	0.00031	0.00049	0.00026	0.00031	0.00022	0.00011	0.00011	2.2e-05	0.00011	8.8e-05	8.8e-05	0.99568
34	0.00030	0.00028	0.00348	0.51337	0.21983	0.00031	0.01741	0.00374	0.00510	0.00353	0.00029	0.00390	0.00291	0.02000	0.07439	0.00224	0.03323	0.00013	7.3e-05	0.09547
35	0.00021	0.00015	0.00021	0.00021	0.00023	0.00017	0.00015	0.00025	0.00023	0.00033	0.00042	0.00072	0.00043	0.35112	0.64426	0.00021	0.00031	0.00018	8.3e-05	0.00012
36	0.00056	0.00071	0.00042	0.00038	0.00046	0.99417	0.00029	0.00059	0.00042	0.00036	0.00023	0.00027	0.00019	0.00015	0.00013	3.8e-05	0.00027	9.6e-05	7.7e-05	0.00017
37	0.00021	0.00016	0.00019	0.00018	0.00022	0.00014	0.00013	0.00028	0.02715	0.02433	0.51133	0.00753	0.41936	0.00445	0.00018	4.9e-05	7.6e-05	0.00376	0.00015	0.00014
38	0.00025	0.03708	0.00634	0.10358	0.06372	0.01311	0.03059	0.02957	0.00204	0.01408	0.04149	0.47241	0.00659	0.00236	0.00302	5.7e-05	0.00013	0.16940	0.00404	0.00015
39	0.00019	0.00013	0.00018	0.00021	0.00022	0.00013	0.00014	0.00022	0.00028	0.00037	0.00652	0.77946	0.00493	0.08612	0.09814	8.5e-05	0.00012	0.02230	0.00013	0.00012
40	0.00032	0.00030	0.00051	0.51064	0.44875	0.00034	0.00043	0.00042	0.00802	0.00043	0.00482	0.00042	0.00714	0.00015	0.00015	4.8e-05	0.00019	0.01667	7.2e-05	0.00020
41	0.00371	0.93803	0.00525	0.00920	0.00957	0.00660	0.00387	0.00044	0.00030	0.00035	0.00021	0.00025	0.00020	0.00621	0.00956	3.5e-05	0.00587	8.3e-05	6.4e-05	0.00019
42	0.09032	0.86776	0.00072	0.00025	0.00038	0.02079	0.00025	0.01744	0.00031	0.00039	0.00021	0.00024	0.00019	0.00013	9.7e-05	3.3e-05	0.00016	8.1e-05	6.8e-05	0.00019

[dist]
# distance from previous block
# <min> <max>
0	1

[block]
# block no. 4 follows, 2323 sequences, length 8
# corresponding to MSA columns:
# 411-418
name=unknown_E
#
# <colnr> <probs for GDERKNQSTAVLIFYWHMCP>
#	G	D	E	R	K	N	Q	S	T	A	V	L	I	F	Y	W	H	M	C	P
0	0.02268	0.00036	0.01850	0.03161	0.84764	0.00035	0.00043	0.01869	0.03926	0.01861	0.00030	0.00038	0.00024	0.00014	0.00015	4.5e-05	0.00017	0.00013	8e-05	0.00023
1	0.07786	0.01865	0.00042	0.01062	0.02206	0.03055	0.02346	0.57646	0.14969	0.01616	0.00038	0.00041	0.00029	0.01343	0.01711	5e-05	0.01070	0.01782	0.00013	0.01376
2	0.00021	0.00016	0.00022	0.00023	0.00025	0.00018	0.00017	0.00026	0.00024	0.00034	0.00043	0.04668	0.00043	0.16302	0.78625	0.00022	0.00034	0.00018	8.4e-05	0.00013
3	0.00031	0.00026	0.00031	0.00023	0.00035	0.00021	0.01617	0.02408	0.00032	0.02204	0.03344	0.01724	0.02621	0.03147	0.00014	3e-05	0.01473	0.00011	9.6e-05	0.81226
4	0.00026	0.00905	0.02560	0.00896	0.00029	0.02674	0.01779	0.05716	0.00028	0.01288	0.03861	0.02655	0.00043	0.12543	0.56448	0.04353	0.01533	0.01790	0.00860	0.00014
5	0.00018	0.00015	0.00016	0.00017	0.00021	0.00013	0.00012	0.00022	0.00033	0.00041	0.07563	0.23381	0.63415	0.02812	0.00020	5.6e-05	8.1e-05	0.02561	0.00014	0.00013
6	0.00870	0.00025	0.02292	0.12093	0.24729	0.00024	0.02404	0.00040	0.01048	0.12486	0.03936	0.14583	0.01451	0.10072	0.01805	6.2e-05	0.00998	0.02648	0.08473	0.00018
7	0.00020	0.00015	0.00017	0.00018	0.00022	0.00013	0.00013	0.00024	0.00034	0.02214	0.21803	0.24137	0.44418	0.02294	0.00019	5.4e-05	8.1e-05	0.03111	0.01801	0.00013

[dist]
# distance from previous block
# <min> <max>
4	10

[block]
# block no. 5 follows, 2323 sequences, length 6
# corresponding to MSA columns:
# 442,443,445-447,450
name=unknown_F
#
# <colnr> <probs for GDERKNQSTAVLIFYWHMCP>
#	G	D	E	R	K	N	Q	S	T	A	V	L	I	F	Y	W	H	M	C	P
0	0.00029	0.06661	0.00029	0.00023	0.00027	0.02740	0.01623	0.02116	0.01368	0.07272	0.02465	0.01307	0.03184	0.33345	0.21052	0.04976	0.08287	0.00018	0.02182	0.01297
1	0.02662	0.00027	0.00032	0.02858	0.00038	0.00022	0.02403	0.02827	0.00032	0.04691	0.00029	0.00035	0.00024	0.04295	0.00014	3.1e-05	0.00012	0.00010	9.4e-05	0.79977
2	0.02307	0.01050	0.01153	0.60986	0.03916	0.01018	0.08612	0.01582	0.03177	0.04509	0.02059	0.01077	0.01176	0.00020	0.03091	5.5e-05	0.01072	0.02175	0.00997	0.00018
3	0.00022	0.00016	0.00019	0.00019	0.00023	0.00014	0.00014	0.00027	0.02323	0.03779	0.18369	0.32457	0.32683	0.02427	0.00019	5.5e-05	8.7e-05	0.04667	0.00014	0.03094
4	0.01827	0.00999	0.04957	0.10681	0.05475	0.00965	0.06381	0.06440	0.05968	0.10207	0.03838	0.05371	0.03702	0.16903	0.05935	0.03203	0.01248	0.05873	0.00011	0.00017
5	0.00964	0.00024	0.03350	0.01895	0.16926	0.01062	0.01283	0.02897	0.03251	0.03157	0.19953	0.08392	0.18906	0.05482	0.03809	0.01041	0.02179	0.03725	0.00012	0.01691

[dist]
# distance from previous block
# <min> <max>
8	19

[block]
# block no. 6 follows, 2323 sequences, length 6
# corresponding to MSA columns:
# 529,530,536-539
name=unknown_G
#
# <colnr> <probs for GDERKNQSTAVLIFYWHMCP>
#	G	D	E	R	K	N	Q	S	T	A	V	L	I	F	Y	W	H	M	C	P
0	0.00981	0.04970	0.11488	0.21686	0.19061	0.01831	0.05247	0.05817	0.09709	0.01370	0.01935	0.04333	0.03793	0.01494	0.01874	5.3e-05	0.02229	0.01169	0.00986	0.00020
1	0.00023	0.00018	0.00024	0.01663	0.00028	0.01559	0.00018	0.01583	0.01585	0.00036	0.00041	0.02674	0.00039	0.07745	0.73785	0.04225	0.01741	0.01547	0.01651	0.00013
2	0.00022	0.00015	0.00019	0.00018	0.00019	0.00016	0.00012	0.00023	0.00023	0.00031	0.02519	0.02712	0.02717	0.68317	0.17432	0.03459	0.02605	0.00021	9.1e-05	0.00010
3	0.99582	0.00029	0.00022	0.00020	0.00029	0.00033	0.00016	0.00044	0.00025	0.00067	0.00021	0.00024	0.00016	0.00014	9.2e-05	4.6e-05	0.00012	8.1e-05	9.2e-05	0.00016
4	0.00031	0.00026	0.00031	0.00022	0.00035	0.00020	0.00018	0.00037	0.00031	0.00049	0.00026	0.00031	0.00022	0.00011	0.00011	2.2e-05	0.00011	8.8e-05	8.8e-05	0.99568
5	0.00021	0.00015	0.00021	0.00021	0.00023	0.00017	0.00015	0.00025	0.00024	0.00033	0.00049	0.00077	0.05580	0.35229	0.58764	0.00020	0.00029	0.00019	8.7e-05	0.00012

[dist]
# distance from previous block
# <min> <max>
2	4

[block]
# block no. 7 follows, 2323 sequences, length 21
# corresponding to MSA columns:
# 556-564,567-569,571-574,578-582
name=unknown_H
#
# <colnr> <probs for GDERKNQSTAVLIFYWHMCP>
#	G	D	E	R	K	N	Q	S	T	A	V	L	I	F	Y	W	H	M	C	P
0	0.00687	0.02176	0.02005	0.01648	0.00578	0.01710	0.01543	0.14678	0.05069	0.57275	0.01189	0.05324	0.01038	0.00480	0.01026	4.9e-05	0.00337	0.01734	0.00290	0.01205
1	0.00035	0.00019	0.00025	0.00022	0.00028	0.00017	0.00923	0.00042	0.02383	0.30513	0.35313	0.12274	0.09750	0.00030	0.00017	5e-05	9.8e-05	0.07884	0.00693	0.00017
2	0.01519	0.01082	0.01555	0.45439	0.10561	0.15327	0.05058	0.01887	0.02570	0.00481	0.00409	0.00425	0.00023	0.00418	0.05750	0.00716	0.06230	0.00524	7.5e-05	0.00018
3	0.01240	0.10173	0.41222	0.06100	0.03957	0.03703	0.09268	0.03739	0.04717	0.07617	0.01713	0.00571	0.00865	0.00298	0.00752	0.00481	0.02709	0.00507	0.00346	0.00021
4	0.00491	0.00027	0.00029	0.00027	0.00034	0.00661	0.00021	0.08090	0.49524	0.05430	0.11124	0.08831	0.09043	0.00027	0.00514	5.2e-05	0.00011	0.05637	0.00454	0.00020
5	0.00022	0.00017	0.00023	0.00414	0.08485	0.00378	0.01650	0.00406	0.00386	0.01153	0.11124	0.50310	0.19672	0.00593	0.00418	0.00758	9.9e-05	0.03807	0.00361	0.00014
6	0.01438	0.28597	0.16015	0.09711	0.13928	0.07104	0.03265	0.04511	0.01717	0.03564	0.00909	0.01613	0.00500	0.00391	0.00513	0.00308	0.05561	0.00328	7.9e-05	0.00020
7	0.00433	0.00383	0.01095	0.01085	0.00391	0.00018	0.02901	0.02758	0.06528	0.06590	0.05294	0.51744	0.10664	0.05751	0.00418	6.2e-05	0.00704	0.03209	0.00014	0.00015
8	0.00022	0.00015	0.00019	0.00020	0.00023	0.00014	0.00014	0.01362	0.00618	0.05228	0.08710	0.52337	0.23099	0.03172	0.00020	5.8e-05	8.9e-05	0.03722	0.01579	0.00013
9	0.01650	0.08944	0.03287	0.16009	0.15944	0.07569	0.24793	0.01734	0.02001	0.00912	0.00476	0.07233	0.00883	0.00019	0.01773	0.00319	0.04437	0.00716	0.01282	0.00019
10	0.01503	0.02931	0.04979	0.35231	0.38930	0.01090	0.03351	0.03905	0.01371	0.01640	0.01054	0.00824	0.00328	0.00016	0.00408	0.00322	0.01352	0.00358	7.8e-05	0.00400
11	0.00027	0.00018	0.00022	0.00595	0.00026	0.01411	0.00016	0.00587	0.08371	0.10908	0.20922	0.31432	0.18818	0.00530	0.01277	5.6e-05	0.01160	0.03375	0.00484	0.00015
12	0.00022	0.00015	0.00019	0.00019	0.00020	0.00016	0.00013	0.00024	0.01374	0.00033	0.04004	0.02753	0.01629	0.58735	0.29374	0.00628	0.00021	0.00613	0.00677	0.00011
13	0.00667	0.00028	0.00036	0.04602	0.08937	0.02054	0.05035	0.00585	0.02340	0.01228	0.00034	0.08297	0.00031	0.00937	0.00015	3.5e-05	0.03056	0.01834	0.00396	0.59885
14	0.00021	0.00015	0.00019	0.00020	0.00023	0.00014	0.00710	0.00528	0.00032	0.02212	0.13760	0.49829	0.18705	0.07332	0.01121	6.3e-05	9.4e-05	0.02578	0.00014	0.03054
15	0.00029	0.00026	0.00042	0.84205	0.02712	0.00031	0.00038	0.00038	0.00030	0.01427	0.00029	0.00041	0.00729	0.00015	0.00015	4.8e-05	0.00720	0.00013	0.05531	0.04323
16	0.00039	0.01894	0.00050	0.07037	0.12752	0.04043	0.17222	0.12426	0.34920	0.02790	0.02489	0.00443	0.00035	0.00018	0.00016	4.8e-05	0.01778	0.01025	0.00012	0.01007
17	0.01383	0.00016	0.00017	0.06199	0.00024	0.00749	0.00013	0.00979	0.01138	0.02428	0.00047	0.00054	0.00037	0.00019	0.01431	3.9e-05	8.7e-05	0.00014	0.85426	0.00015
18	0.02294	0.03222	0.11065	0.09039	0.11303	0.14141	0.01021	0.22682	0.12085	0.01233	0.00430	0.00565	0.00427	0.00016	0.00015	4.4e-05	0.02522	0.00013	0.00010	0.07914
19	0.05868	0.19653	0.01082	0.08261	0.10552	0.09884	0.06344	0.01340	0.03975	0.02899	0.00740	0.11844	0.01624	0.02065	0.03597	0.00287	0.02006	0.00654	0.05533	0.01795
20	0.07291	0.04356	0.03567	0.02055	0.05139	0.12479	0.00908	0.19018	0.03112	0.09270	0.03778	0.02849	0.02173	0.00800	0.01910	4.8e-05	0.02618	0.05633	0.00011	0.13028

[dist]
# distance from previous block
# <min> <max>
1	26

[block]
# block no. 8 follows, 2323 sequences, length 17
# corresponding to MSA columns:
# 617-620,623-625,627-630,651-656
name=unknown_I
#
# <colnr> <probs for GDERKNQSTAVLIFYWHMCP>
#	G	D	E	R	K	N	Q	S	T	A	V	L	I	F	Y	W	H	M	C	P
0	0.19252	0.09308	0.07063	0.01435	0.10732	0.06575	0.01693	0.12176	0.10591	0.02238	0.01615	0.00790	0.00606	0.04161	0.05226	5.9e-05	0.00629	0.02268	0.01819	0.01817
1	0.00031	0.00766	0.02444	0.66456	0.20755	0.01165	0.02451	0.00792	0.01332	0.01050	0.00030	0.00041	0.02026	0.00015	0.00015	4.8e-05	0.00587	0.00014	7.2e-05	0.00018
2	0.00586	0.00025	0.01004	0.01031	0.00676	0.00020	0.00018	0.00583	0.00683	0.03602	0.16101	0.01767	0.00686	0.00017	0.01771	3.3e-05	0.00800	0.00013	0.00010	0.70604
3	0.00028	0.00014	0.00014	0.00014	0.00017	0.00014	0.00010	0.00035	0.00031	0.00056	0.00049	0.00056	0.00038	0.00017	0.00010	3.5e-05	6.9e-05	0.00014	0.99559	0.00014
4	0.00019	0.00014	0.00017	0.00020	0.00021	0.00013	0.00013	0.00022	0.01227	0.00037	0.00079	0.76604	0.03582	0.15406	0.00028	7.3e-05	9.7e-05	0.02855	0.00013	0.00012
5	0.00033	0.06878	0.07999	0.00476	0.01090	0.19445	0.15091	0.01340	0.00580	0.00040	0.00038	0.13214	0.00037	0.02523	0.29131	0.00011	0.00582	0.00799	8.6e-05	0.00684
6	0.06502	0.00018	0.00025	0.00991	0.00028	0.00021	0.00739	0.00032	0.00708	0.06415	0.00040	0.00964	0.00036	0.05448	0.71609	0.00019	0.03690	0.00016	0.02684	0.00014
7	0.00034	0.04906	0.00982	0.00042	0.00047	0.01531	0.22827	0.03130	0.00028	0.00809	0.00025	0.00038	0.00023	0.01510	0.10089	7.8e-05	0.53933	0.00014	7.3e-05	0.00017
8	0.00019	0.00015	0.00017	0.00018	0.00022	0.00014	0.00014	0.00024	0.01609	0.00042	0.06092	0.16655	0.61950	0.00039	0.00018	5.4e-05	8.6e-05	0.13410	0.00014	0.00013
9	0.55677	0.04204	0.01577	0.02561	0.20239	0.04048	0.01491	0.00696	0.00028	0.00598	0.00023	0.00029	0.00019	0.00015	0.00587	4.8e-05	0.08169	0.00010	8.4e-05	0.00018
10	0.00590	0.00034	0.00057	0.33888	0.15492	0.07208	0.30285	0.00043	0.00648	0.01137	0.00034	0.07845	0.00950	0.00018	0.00963	5.1e-05	0.00762	0.00017	7.9e-05	0.00018
11	0.04026	0.00015	0.00015	0.00015	0.00019	0.00015	0.00011	0.02040	0.00032	0.01884	0.00047	0.00054	0.00037	0.00017	0.00011	3.6e-05	7.4e-05	0.00014	0.91722	0.00014
12	0.01900	0.05423	0.02613	0.00823	0.08328	0.03773	0.00717	0.18536	0.03254	0.07233	0.01036	0.27702	0.02700	0.00027	0.00662	4.9e-05	0.00584	0.04380	0.00923	0.09383
13	0.40355	0.00026	0.00028	0.00023	0.00033	0.00026	0.00019	0.01613	0.00035	0.51383	0.01270	0.00041	0.00030	0.00017	0.00012	4.5e-05	0.00012	0.00012	0.05039	0.00021
14	0.00504	0.00026	0.00031	0.00023	0.00034	0.00022	0.00019	0.00674	0.00032	0.06939	0.05481	0.00642	0.00515	0.00622	0.00814	0.00497	0.07566	0.00673	0.02632	0.72255
15	0.01316	0.00016	0.00016	0.00016	0.00020	0.00016	0.00012	0.01295	0.05675	0.01640	0.01260	0.00056	0.00039	0.00021	0.03411	4.3e-05	8.6e-05	0.00014	0.85149	0.00015
16	0.00456	0.03528	0.05565	0.02015	0.00782	0.00413	0.06356	0.01492	0.07493	0.04432	0.32522	0.02820	0.15790	0.03124	0.03641	0.00983	0.00630	0.00544	0.07399	0.00016

[dist]
# distance from previous block
# <min> <max>
7	9

[block]
# block no. 9 follows, 2323 sequences, length 14
# corresponding to MSA columns:
# 672-676,678-686
name=unknown_J
#
# <colnr> <probs for GDERKNQSTAVLIFYWHMCP>
#	G	D	E	R	K	N	Q	S	T	A	V	L	I	F	Y	W	H	M	C	P
0	0.00024	0.00020	0.00028	0.00026	0.00029	0.04066	0.01117	0.00029	0.00025	0.00035	0.01115	0.00055	0.00036	0.03699	0.74787	0.02657	0.12215	0.00016	7.9e-05	0.00014
1	0.04212	0.08877	0.03063	0.22328	0.11202	0.07689	0.10597	0.01341	0.01896	0.14897	0.00871	0.03640	0.00709	0.00525	0.00443	0.00527	0.02591	0.02630	0.01573	0.00390
2	0.02944	0.04931	0.25148	0.07970	0.17248	0.03307	0.14020	0.05155	0.01490	0.11568	0.01040	0.00931	0.00659	0.00526	0.00513	4.8e-05	0.01468	0.00547	9.1e-05	0.00521
3	0.00905	0.09179	0.01373	0.01386	0.02269	0.07714	0.10891	0.04161	0.04083	0.03899	0.00939	0.18746	0.13266	0.00509	0.01724	5.6e-05	0.01362	0.17152	0.00419	0.00016
4	0.00699	0.00018	0.00600	0.02946	0.00862	0.00016	0.00016	0.00997	0.02482	0.10001	0.48861	0.03052	0.23961	0.00668	0.00017	4.9e-05	8.8e-05	0.03200	0.01576	0.00015
5	0.01425	0.18092	0.21255	0.09262	0.10819	0.05940	0.14602	0.04595	0.02654	0.04456	0.00947	0.01589	0.00580	0.00016	0.00561	0.00468	0.01556	0.00666	8.3e-05	0.00508
6	0.03072	0.17421	0.24825	0.05506	0.06802	0.04409	0.15913	0.03084	0.00461	0.04568	0.00491	0.02759	0.00704	0.00633	0.03087	0.00413	0.04147	0.01265	0.00421	0.00020
7	0.00808	0.00019	0.00023	0.00021	0.00027	0.00017	0.00016	0.02900	0.03326	0.25497	0.27467	0.05328	0.24505	0.07945	0.00021	5.6e-05	9.8e-05	0.00907	0.01141	0.00017
8	0.01402	0.00027	0.03786	0.17885	0.15213	0.00549	0.02597	0.05438	0.06303	0.05564	0.13104	0.05209	0.10618	0.00022	0.00503	4.8e-05	0.00883	0.01230	0.09644	0.00018
9	0.03618	0.20012	0.06372	0.10288	0.06307	0.07003	0.05530	0.07394	0.01679	0.06558	0.00039	0.11709	0.00036	0.00457	0.00450	0.00443	0.03894	0.07705	0.00488	0.00019
10	0.00022	0.00015	0.00017	0.00017	0.00018	0.00015	0.00011	0.00024	0.01494	0.00872	0.04989	0.05442	0.13150	0.67702	0.02778	0.00012	0.00013	0.02235	0.01165	0.00011
11	0.00019	0.00014	0.00018	0.00021	0.00022	0.00013	0.00014	0.00022	0.00029	0.00985	0.01410	0.76708	0.06353	0.05049	0.00925	0.00970	9.6e-05	0.07391	0.00014	0.00012
12	0.02530	0.04280	0.12038	0.05774	0.18088	0.15421	0.10043	0.14554	0.05732	0.08017	0.00033	0.01807	0.00026	0.00016	0.00015	4.5e-05	0.00967	0.00013	0.00619	0.00021
13	0.91186	0.00029	0.00023	0.01090	0.01022	0.01515	0.00017	0.01583	0.01012	0.00066	0.00022	0.00945	0.00018	0.00016	0.01404	4.9e-05	0.00012	8.8e-05	9.3e-05	0.00016

[dist]
# distance from previous block
# <min> <max>
3	5

[block]
# block no. 10 follows, 2323 sequences, length 13
# corresponding to MSA columns:
# 693,695-705,709
name=unknown_K
#
# <colnr> <probs for GDERKNQSTAVLIFYWHMCP>
#	G	D	E	R	K	N	Q	S	T	A	V	L	I	F	Y	W	H	M	C	P
0	0.00669	0.00017	0.00020	0.00020	0.00658	0.00016	0.00015	0.03702	0.01291	0.03466	0.32746	0.22359	0.22789	0.05353	0.03246	6.2e-05	0.00762	0.01980	0.00014	0.00871
1	0.02689	0.00025	0.03242	0.03703	0.12222	0.01194	0.06774	0.04532	0.04362	0.02742	0.10843	0.17706	0.23089	0.01728	0.00507	5.3e-05	0.00732	0.03040	0.00012	0.00851
2	0.01289	0.11385	0.12672	0.19001	0.18891	0.07626	0.06212	0.06419	0.03935	0.06857	0.00791	0.00520	0.00701	0.00016	0.00536	4.6e-05	0.02083	0.00561	8.7e-05	0.00493
3	0.01336	0.10617	0.25117	0.11097	0.07783	0.02587	0.11489	0.04287	0.02624	0.02606	0.00851	0.03887	0.03369	0.00635	0.04597	0.01294	0.03406	0.02391	8.5e-05	0.00019
4	0.00019	0.00015	0.00825	0.00901	0.00797	0.00014	0.00740	0.00023	0.00826	0.00039	0.04549	0.69063	0.09706	0.06383	0.01389	6.7e-05	9.9e-05	0.04668	0.00013	0.00012
5	0.01391	0.00563	0.17197	0.07551	0.19557	0.02062	0.05634	0.04901	0.10763	0.08907	0.06191	0.02477	0.05582	0.01150	0.02960	5.5e-05	0.01286	0.01793	0.00011	0.00020
6	0.04437	0.06678	0.21226	0.10459	0.09800	0.02362	0.11378	0.04981	0.04029	0.15802	0.01929	0.01056	0.00955	0.00729	0.01092	4.9e-05	0.01695	0.00477	0.00432	0.00476
7	0.00812	0.03703	0.16832	0.12535	0.27174	0.03495	0.16535	0.01662	0.01167	0.07435	0.01376	0.04005	0.00028	0.00487	0.00587	4.9e-05	0.00796	0.00849	0.00494	0.00021
8	0.00024	0.00017	0.00023	0.00027	0.00030	0.00017	0.00023	0.00030	0.00034	0.00044	0.00081	0.03449	0.03255	0.00041	0.00020	6.8e-05	0.00013	0.92835	0.00014	0.00014
9	0.02155	0.03181	0.27395	0.03343	0.09684	0.08777	0.13468	0.02145	0.03779	0.07474	0.00859	0.05688	0.01061	0.00831	0.01918	0.01081	0.01836	0.04876	0.00429	0.00020
10	0.01641	0.05866	0.21343	0.04328	0.16372	0.01949	0.14123	0.02864	0.04503	0.15624	0.02033	0.02323	0.02335	0.00018	0.00613	4.8e-05	0.02398	0.01122	0.00521	0.00021
11	0.00058	0.00688	0.01119	0.00541	0.01226	0.01560	0.00703	0.02874	0.00575	0.75116	0.00573	0.06045	0.00041	0.02098	0.02275	5.4e-05	0.01541	0.01475	0.01466	0.00023
12	0.01367	0.00031	0.00037	0.00029	0.00040	0.00031	0.00024	0.35917	0.02936	0.54042	0.03910	0.00049	0.01480	0.00019	0.00015	4.6e-05	0.00014	0.00015	0.00017	0.00025

[dist]
# distance from previous block
# <min> <max>
1	2

[block]
# block no. 11 follows, 2323 sequences, length 20
# corresponding to MSA columns:
# 712-722,724-732
name=unknown_L
#
# <colnr> <probs for GDERKNQSTAVLIFYWHMCP>
#	G	D	E	R	K	N	Q	S	T	A	V	L	I	F	Y	W	H	M	C	P
0	0.01584	0.08347	0.24035	0.02934	0.07497	0.16913	0.05571	0.04009	0.04766	0.15988	0.00799	0.04255	0.01061	0.00017	0.00014	4.5e-05	0.00557	0.00423	0.00509	0.00718
1	0.00021	0.00017	0.03145	0.01061	0.00530	0.00015	0.02844	0.00025	0.00697	0.00040	0.00076	0.68194	0.00088	0.01539	0.01184	0.00625	0.00513	0.19359	0.00013	0.00013
2	0.00038	0.25949	0.30650	0.09147	0.05527	0.13839	0.04436	0.00434	0.00729	0.04360	0.00464	0.01253	0.00022	0.00015	0.00518	4.4e-05	0.02033	0.00553	7.5e-05	0.00020
3	0.00022	0.00015	0.00017	0.00017	0.00018	0.00015	0.00011	0.00022	0.00022	0.00030	0.00046	0.00091	0.00051	0.83791	0.15758	0.00016	0.00018	0.00021	8.9e-05	9.7e-05
4	0.00030	0.00076	0.96856	0.00044	0.02607	0.00035	0.00055	0.00047	0.00032	0.00047	0.00027	0.00032	0.00019	0.00014	0.00014	4.7e-05	0.00022	0.00011	6.3e-05	0.00022
5	0.00592	0.03769	0.15942	0.26756	0.20074	0.02055	0.11040	0.01387	0.06192	0.02402	0.01658	0.05339	0.00587	0.00018	0.00740	4.9e-05	0.00585	0.00830	8.4e-05	0.00020
6	0.00066	0.00025	0.00034	0.00026	0.00037	0.00022	0.00022	0.00072	0.00042	0.96879	0.00058	0.00051	0.00037	0.00018	0.00015	4.6e-05	0.00013	0.00015	0.02539	0.00025
7	0.02770	0.00030	0.03662	0.00715	0.05875	0.01001	0.12379	0.00723	0.00039	0.59542	0.04415	0.00053	0.02286	0.00019	0.00017	4.8e-05	0.04151	0.02281	0.00015	0.00023
8	0.00773	0.02208	0.25267	0.29836	0.12069	0.00456	0.04370	0.01507	0.01221	0.03743	0.04924	0.03233	0.03522	0.02326	0.00628	5.2e-05	0.01618	0.02266	8.5e-05	0.00019
9	0.00021	0.00016	0.00484	0.00675	0.01572	0.00016	0.00679	0.00691	0.00622	0.00598	0.03067	0.32699	0.17467	0.08788	0.28252	0.01149	0.00965	0.00899	0.01329	0.00013
10	0.00030	0.00028	0.00048	0.75711	0.19377	0.00033	0.01399	0.00039	0.00031	0.00040	0.00028	0.02054	0.00022	0.00016	0.01080	5.1e-05	0.00019	0.00014	6.9e-05	0.00018
11	0.00411	0.74131	0.09486	0.01841	0.02444	0.03489	0.02343	0.01409	0.00644	0.00976	0.00794	0.00762	0.00021	0.00433	0.00379	3.7e-05	0.00396	9.5e-05	6.9e-05	0.00019
12	0.00428	0.07386	0.01068	0.19640	0.17511	0.00927	0.31527	0.01231	0.02026	0.01842	0.00552	0.12217	0.00034	0.00700	0.01465	5.2e-05	0.00019	0.01393	8.6e-05	0.00019
13	0.00375	0.00015	0.00018	0.00482	0.00354	0.00014	0.00339	0.00355	0.00370	0.01119	0.03411	0.31930	0.49810	0.00813	0.06259	0.00560	0.00627	0.02776	0.00359	0.00013
14	0.04515	0.05393	0.07665	0.10207	0.08326	0.04794	0.14896	0.10178	0.04201	0.12605	0.01205	0.04482	0.02613	0.00793	0.00480	0.00415	0.02154	0.04766	0.00292	0.00020
15	0.04276	0.00691	0.00848	0.00445	0.01103	0.00964	0.01537	0.13758	0.01660	0.45391	0.05321	0.10390	0.02005	0.01214	0.03675	5.7e-05	0.04618	0.01741	0.00337	0.00021
16	0.00019	0.00014	0.00017	0.00019	0.00022	0.00013	0.00013	0.00023	0.00032	0.01395	0.11833	0.55574	0.26629	0.01901	0.00020	5.8e-05	8.4e-05	0.02436	0.00014	0.00013
17	0.02199	0.08821	0.25245	0.20833	0.09824	0.05995	0.06437	0.07881	0.04874	0.03315	0.00031	0.01239	0.00513	0.00016	0.00430	4.7e-05	0.01916	0.00013	0.00394	0.00020
18	0.01469	0.03260	0.03567	0.12655	0.15819	0.11406	0.09717	0.08257	0.08722	0.09240	0.01865	0.01866	0.01005	0.01877	0.01457	5.2e-05	0.07015	0.00766	0.0001	0.00020
19	0.00025	0.00017	0.00021	0.00021	0.00025	0.00017	0.00016	0.00685	0.06746	0.07409	0.25940	0.16850	0.18146	0.05208	0.14200	8.3e-05	0.00537	0.04099	0.00014	0.00015

[dist]
# distance from previous block
# <min> <max>
9	15

[block]
# block no. 12 follows, 2323 sequences, length 7
# corresponding to MSA columns:
# 770-774,776,777
name=unknown_M
#
# <colnr> <probs for GDERKNQSTAVLIFYWHMCP>
#	G	D	E	R	K	N	Q	S	T	A	V	L	I	F	Y	W	H	M	C	P
0	0.00040	0.49529	0.15483	0.02674	0.01096	0.11368	0.01222	0.07750	0.01942	0.01146	0.01083	0.01080	0.01440	0.00015	0.00012	3.8e-05	0.01450	0.00011	7.9e-05	0.02650
1	0.01003	0.00024	0.04455	0.17771	0.01465	0.00023	0.03771	0.01411	0.06664	0.16669	0.09729	0.14081	0.08258	0.02557	0.05756	6.4e-05	0.00015	0.05082	0.01241	0.00017
2	0.00039	0.88913	0.05231	0.00027	0.00040	0.00057	0.00027	0.00044	0.00030	0.00036	0.00021	0.00025	0.00019	0.00014	0.00012	3.4e-05	0.05429	8.4e-05	6.4e-05	0.00019
3	0.00024	0.00016	0.00020	0.00019	0.00023	0.00015	0.00014	0.00030	0.01636	0.06252	0.56565	0.10878	0.14467	0.04099	0.02251	5.7e-05	8.9e-05	0.01709	0.01954	0.00014
4	0.00021	0.00015	0.00017	0.00017	0.00020	0.00014	0.00012	0.00025	0.01485	0.01678	0.13287	0.07977	0.36884	0.29096	0.03918	0.01604	0.00011	0.01960	0.01945	0.00012
5	0.23174	0.01545	0.01348	0.00027	0.00037	0.06652	0.00023	0.18450	0.06237	0.34993	0.01861	0.02334	0.00032	0.00018	0.00014	4.6e-05	0.01822	0.00013	0.01394	0.00022
6	0.01061	0.00017	0.00021	0.00021	0.00024	0.00016	0.00969	0.01002	0.01108	0.06083	0.07485	0.18531	0.19830	0.12923	0.16321	0.02329	0.01006	0.06901	0.02494	0.01859

[dist]
# distance from previous block
# <min> <max>
2	17

[block]
# block no. 13 follows, 2323 sequences, length 20
# corresponding to MSA columns:
# 839-841,846,848-863
name=unknown_N
#
# <colnr> <probs for GDERKNQSTAVLIFYWHMCP>
#	G	D	E	R	K	N	Q	S	T	A	V	L	I	F	Y	W	H	M	C	P
0	0.04063	0.05271	0.10220	0.03739	0.04485	0.02597	0.09380	0.05657	0.02856	0.06006	0.06195	0.07028	0.06239	0.01874	0.06375	0.09339	0.03314	0.04797	0.00548	0.00017
1	0.05100	0.00024	0.00030	0.00025	0.00033	0.01339	0.00558	0.07409	0.07439	0.43304	0.09613	0.04915	0.04299	0.02142	0.01237	0.01961	0.00452	0.07744	0.02354	0.00020
2	0.03693	0.00318	0.00521	0.00882	0.00580	0.00876	0.00620	0.07583	0.01570	0.08644	0.05589	0.01164	0.01053	0.05776	0.12438	0.00393	0.00518	0.00727	0.47039	0.00016
3	0.01131	0.00016	0.00019	0.00018	0.00022	0.00014	0.00014	0.00582	0.00038	0.04125	0.52034	0.04935	0.30591	0.03283	0.01078	5.4e-05	8.3e-05	0.01233	0.00839	0.00014
4	0.01199	0.00349	0.05644	0.00364	0.00561	0.18101	0.41434	0.02705	0.01290	0.04255	0.05462	0.02132	0.00893	0.01172	0.01254	5.2e-05	0.10705	0.00484	0.01972	0.00019
5	0.01423	0.00016	0.00021	0.00020	0.00024	0.00016	0.01366	0.00410	0.01426	0.02728	0.46680	0.11439	0.13715	0.07006	0.09646	0.01151	0.00601	0.01527	0.00772	0.00014
6	0.00448	0.00015	0.00018	0.00019	0.00020	0.00015	0.00013	0.00935	0.00779	0.01650	0.03601	0.32854	0.04233	0.46795	0.01283	0.00010	0.00547	0.06048	0.00705	0.00011
7	0.00029	0.00024	0.00895	0.03960	0.05635	0.01296	0.08226	0.05494	0.02413	0.00985	0.02468	0.02533	0.01719	0.40731	0.03165	9.7e-05	0.14378	0.05059	0.00614	0.00368
8	0.00021	0.00015	0.00018	0.00018	0.00021	0.00014	0.00013	0.00742	0.00623	0.00715	0.36684	0.03875	0.37220	0.12897	0.03350	6.9e-05	9.7e-05	0.03729	0.00014	0.00013
9	0.00595	0.00028	0.01756	0.79640	0.03143	0.00891	0.00470	0.02924	0.02339	0.01321	0.02337	0.01006	0.01048	0.00017	0.00410	5e-05	0.00831	0.01215	7.7e-05	0.00017
10	0.19348	0.12111	0.09169	0.00713	0.02062	0.17656	0.14404	0.03787	0.02957	0.07990	0.00354	0.00556	0.00024	0.00906	0.01258	4.8e-05	0.05648	0.01025	9.1e-05	0.00019
11	0.88322	0.00030	0.00567	0.00628	0.01572	0.01681	0.00445	0.01181	0.00027	0.02448	0.00022	0.00026	0.00017	0.00763	0.00504	0.00510	0.01222	8.7e-05	9.4e-05	0.00017
12	0.01006	0.00773	0.01775	0.29280	0.27210	0.03292	0.11606	0.04921	0.03074	0.09340	0.01085	0.01246	0.01008	0.00319	0.00556	4.9e-05	0.01807	0.00876	0.00799	0.00020
13	0.00026	0.00024	0.00024	0.00596	0.00028	0.13911	0.01783	0.01946	0.01447	0.00044	0.15565	0.28612	0.26904	0.00035	0.00558	5.3e-05	0.02440	0.06025	0.00013	0.00014
14	0.00026	0.00020	0.00408	0.08162	0.00409	0.04858	0.01046	0.02268	0.04151	0.03072	0.14557	0.23109	0.21976	0.00956	0.01775	0.08783	0.00729	0.02626	0.01056	0.00014
15	0.60306	0.04492	0.04961	0.06184	0.03752	0.02133	0.09158	0.01450	0.00899	0.02783	0.00679	0.00934	0.00562	0.00435	0.00566	4.8e-05	0.00663	0.00011	9e-05	0.00018
16	0.04569	0.03158	0.02964	0.26399	0.05272	0.10162	0.06674	0.20747	0.08216	0.05840	0.03482	0.00040	0.00028	0.00017	0.00015	4.7e-05	0.02367	0.00014	0.00010	0.00020
17	0.00410	0.10081	0.15006	0.29007	0.13427	0.02354	0.05427	0.00866	0.01290	0.00945	0.01153	0.03089	0.00940	0.04925	0.02970	5.8e-05	0.07108	0.00014	0.00964	0.00018
18	0.08298	0.03337	0.02884	0.00337	0.02935	0.06308	0.00745	0.16926	0.20662	0.13256	0.04805	0.01230	0.01515	0.01447	0.01139	0.01123	0.08669	0.01019	0.00013	0.03350
19	0.00026	0.01073	0.02585	0.03402	0.00636	0.02035	0.00880	0.03787	0.03092	0.01345	0.03831	0.05874	0.04185	0.32095	0.24011	0.07528	0.02527	0.01065	9.6e-05	0.00013

[dist]
# distance from previous block
# <min> <max>
10	65

[block]
# block no. 14 follows, 2323 sequences, length 7
# corresponding to MSA columns:
# 1039-1045
name=unknown_O
#
# <colnr> <probs for GDERKNQSTAVLIFYWHMCP>
#	G	D	E	R	K	N	Q	S	T	A	V	L	I	F	Y	W	H	M	C	P
0	0.02237	0.05183	0.04008	0.07626	0.01396	0.02755	0.06962	0.10140	0.13398	0.16074	0.01219	0.13562	0.01194	0.01887	0.02226	5.6e-05	0.05598	0.02969	0.00768	0.00794
1	0.05735	0.00018	0.00022	0.00020	0.00024	0.00018	0.00014	0.01472	0.02089	0.19784	0.11695	0.07353	0.03147	0.41949	0.03438	9.6e-05	0.00013	0.01597	0.01586	0.00014
2	0.00020	0.00015	0.00018	0.00019	0.00022	0.00014	0.00014	0.00025	0.02110	0.02103	0.09412	0.39042	0.38434	0.02120	0.00019	5.6e-05	8.5e-05	0.04484	0.02104	0.00013
3	0.09955	0.01498	0.08980	0.03353	0.04658	0.00877	0.10672	0.04158	0.09341	0.12415	0.06283	0.04805	0.09749	0.04020	0.00844	0.00725	0.00950	0.01768	0.00886	0.04063
