[name]
unknown

[dist]
# distance from previous block
# <min> <max>
0	29

[block]
# block no. 0 follows, 2844 sequences, length 12
# corresponding to MSA columns:
# 151-157,159-163
name=unknown_A
#
# <colnr> <probs for GDERKNQSTAVLIFYWHMCP>
#	G	D	E	R	K	N	Q	S	T	A	V	L	I	F	Y	W	H	M	C	P
0	0.01211	0.00498	0.01286	0.17105	0.08110	0.00999	0.02725	0.04803	0.02046	0.01807	0.08747	0.25084	0.10147	0.00804	0.00557	4.5e-05	0.10239	0.02910	9.1e-05	0.00908
1	0.32947	0.00748	0.00027	0.00754	0.00031	0.01390	0.00018	0.35590	0.18993	0.03691	0.00784	0.00031	0.00023	0.02341	0.01003	4.1e-05	0.00011	0.00010	0.00722	0.00880
2	0.00030	0.00029	0.00048	0.04721	0.90670	0.02127	0.00037	0.00037	0.00028	0.00039	0.00023	0.00030	0.00019	0.00011	0.00013	3.7e-05	0.02100	0.00011	6e-05	0.00019
3	0.00805	0.00026	0.00038	0.55461	0.23050	0.08012	0.01002	0.01355	0.01419	0.04693	0.00722	0.01240	0.00687	0.00013	0.00668	4e-05	0.00772	0.00011	6.5e-05	0.00015
4	0.00537	0.00017	0.00736	0.01970	0.00944	0.00578	0.11502	0.00612	0.02467	0.03878	0.03340	0.15194	0.05553	0.03880	0.37600	0.00587	0.01142	0.09443	8.6e-05	0.00012
5	0.00606	0.01082	0.03867	0.25955	0.27945	0.03467	0.11914	0.02350	0.02969	0.06966	0.03712	0.06007	0.01867	0.00014	0.00013	3.9e-05	0.00641	0.00596	7.5e-05	0.00016
6	0.02762	0.04892	0.20747	0.00633	0.09661	0.05654	0.02131	0.03569	0.02268	0.36872	0.03876	0.02653	0.01539	0.00015	0.00600	3.9e-05	0.00013	0.02081	0.00010	0.00018
7	0.00624	0.01012	0.00022	0.00842	0.00643	0.01123	0.00802	0.05062	0.01123	0.38495	0.04961	0.15015	0.24887	0.02059	0.00555	4.3e-05	0.00526	0.01698	0.00531	0.00015
8	0.00645	0.02720	0.01204	0.20296	0.06832	0.03056	0.04130	0.04872	0.01418	0.28220	0.03769	0.14275	0.02555	0.02805	0.01512	4.5e-05	0.00850	0.00811	0.00010	0.00016
9	0.03968	0.05010	0.34858	0.00919	0.18859	0.01862	0.03993	0.06961	0.02294	0.19582	0.00815	0.00776	0.00021	0.00013	0.00012	3.7e-05	0.00015	0.00011	8.2e-05	0.00018
10	0.07405	0.01769	0.00789	0.01251	0.54226	0.01523	0.04889	0.02793	0.03095	0.05620	0.00922	0.12431	0.00869	0.00015	0.00012	3.8e-05	0.00559	0.00706	0.01107	0.00017
11	0.00018	0.00013	0.00016	0.01554	0.00019	0.00012	0.00011	0.01115	0.01008	0.01606	0.51734	0.04800	0.28781	0.04582	0.03797	4.9e-05	7.6e-05	0.00023	0.00887	0.00011

[dist]
# distance from previous block
# <min> <max>
2	5

[block]
# block no. 1 follows, 2844 sequences, length 14
# corresponding to MSA columns:
# 171-179,188-192
name=unknown_B
#
# <colnr> <probs for GDERKNQSTAVLIFYWHMCP>
#	G	D	E	R	K	N	Q	S	T	A	V	L	I	F	Y	W	H	M	C	P
0	0.00595	0.02317	0.05990	0.09233	0.52301	0.04125	0.04109	0.01553	0.03487	0.07633	0.04743	0.01028	0.00875	0.00013	0.00013	3.7e-05	0.01134	0.00824	7.4e-05	0.00018
1	0.00451	0.01303	0.04399	0.03422	0.03726	0.04244	0.05995	0.04142	0.04001	0.11336	0.08345	0.35767	0.02076	0.04821	0.02072	4.9e-05	0.01319	0.00655	0.00401	0.01521
2	0.00018	0.00013	0.00020	0.00968	0.00022	0.00015	0.00015	0.00022	0.00020	0.00029	0.02095	0.03796	0.01178	0.04289	0.83648	0.00018	0.02856	0.00962	6.9e-05	0.00011
3	0.06470	0.16326	0.07908	0.00966	0.00870	0.04004	0.01488	0.22670	0.16030	0.10393	0.00643	0.01222	0.00024	0.00015	0.00974	3.7e-05	0.03281	0.00529	9.5e-05	0.06175
4	0.00627	0.00567	0.00723	0.00538	0.00843	0.00013	0.00013	0.01199	0.01410	0.05531	0.20862	0.24515	0.16700	0.04942	0.00016	4.1e-05	7.8e-05	0.00944	0.00011	0.20534
5	0.01655	0.15263	0.22739	0.01900	0.03805	0.08639	0.02574	0.06265	0.05283	0.11979	0.03693	0.09720	0.01877	0.00612	0.00629	3.8e-05	0.00519	0.00888	8.5e-05	0.01949
6	0.00709	0.17607	0.66277	0.00726	0.01630	0.01132	0.04721	0.01581	0.00976	0.02717	0.00022	0.00806	0.00017	0.00012	0.00011	3.7e-05	0.01020	9.2e-05	5.7e-05	0.00017
7	0.06534	0.00021	0.00027	0.00021	0.00030	0.00019	0.00017	0.01146	0.01221	0.86954	0.01243	0.01569	0.01110	0.00015	0.00012	3.8e-05	0.00010	0.00012	0.00014	0.00020
8	0.00020	0.00014	0.00016	0.00016	0.00019	0.00013	0.00012	0.03290	0.01366	0.06744	0.33089	0.20085	0.24974	0.04188	0.00016	4.5e-05	7.2e-05	0.04709	0.01405	0.00012
9	0.04454	0.09981	0.19135	0.02700	0.10721	0.02843	0.05631	0.11014	0.04099	0.24601	0.01550	0.00628	0.00525	0.00013	0.00012	3.7e-05	0.00566	0.00527	9.2e-05	0.00987
10	0.00017	0.00013	0.00688	0.00602	0.02512	0.00688	0.00911	0.00665	0.03713	0.01157	0.05994	0.71078	0.05596	0.00633	0.00016	4.8e-05	0.00679	0.04502	0.00519	0.00011
11	0.00023	0.00014	0.00018	0.00017	0.00020	0.00013	0.00013	0.01845	0.01684	0.14820	0.41690	0.26163	0.10175	0.00028	0.00824	4.3e-05	7.3e-05	0.01530	0.01099	0.00013
12	0.01574	0.00027	0.00748	0.02442	0.73354	0.01375	0.02939	0.01262	0.01778	0.01866	0.03748	0.04440	0.01704	0.00598	0.00013	3.8e-05	0.00014	0.00013	0.01470	0.00630
13	0.03665	0.06920	0.38122	0.00854	0.20946	0.03182	0.04547	0.10990	0.03888	0.04843	0.00751	0.00620	0.00594	0.00012	0.00012	3.7e-05	0.00015	0.00010	7.2e-05	0.00018

[dist]
# distance from previous block
# <min> <max>
2	5

[block]
# block no. 2 follows, 2844 sequences, length 17
# corresponding to MSA columns:
# 207-223
name=unknown_C
#
# <colnr> <probs for GDERKNQSTAVLIFYWHMCP>
#	G	D	E	R	K	N	Q	S	T	A	V	L	I	F	Y	W	H	M	C	P
0	0.02400	0.00385	0.00908	0.00925	0.07873	0.03328	0.01623	0.14616	0.31290	0.05164	0.06597	0.00434	0.01507	0.07673	0.11935	6.3e-05	0.00390	0.00335	0.00346	0.02264
1	0.00806	0.01388	0.00522	0.02664	0.03896	0.00022	0.00019	0.05642	0.18224	0.49374	0.09462	0.00509	0.00714	0.00017	0.01591	4.1e-05	0.01141	0.00903	0.01819	0.01282
2	0.01428	0.00032	0.00650	0.02523	0.80249	0.10100	0.00674	0.01090	0.00923	0.01542	0.00023	0.00030	0.00019	0.00011	0.00012	3.6e-05	0.00015	0.00650	6.3e-05	0.00019
3	0.01081	0.00013	0.00015	0.00014	0.00015	0.00013	0.01141	0.00729	0.01245	0.00616	0.00929	0.00586	0.00044	0.88507	0.02615	0.00735	0.00012	0.01145	0.00539	8.1e-05
4	0.00609	0.78015	0.00746	0.00939	0.03263	0.01824	0.00021	0.01646	0.01216	0.01329	0.05395	0.00527	0.00765	0.00012	9.1e-05	2.8e-05	0.01074	8.2e-05	6.2e-05	0.02593
5	0.08433	0.00047	0.59388	0.00030	0.00045	0.00026	0.03550	0.05878	0.00029	0.20414	0.00027	0.00029	0.00019	0.00012	0.00011	3.8e-05	0.00015	9.7e-05	7.9e-05	0.02024
6	0.00037	0.00029	0.00031	0.00026	0.00034	0.01636	0.00021	0.32884	0.62149	0.02953	0.00042	0.00040	0.00031	0.00016	0.00012	3.9e-05	0.00011	0.00013	0.00012	0.00020
7	0.00018	0.00013	0.00016	0.00015	0.00018	0.00011	0.00011	0.00023	0.00031	0.04553	0.61060	0.10575	0.19591	0.02132	0.00917	4.3e-05	6.6e-05	0.00981	0.00013	0.00011
8	0.00028	0.35756	0.60188	0.00029	0.00044	0.01517	0.00035	0.00039	0.02196	0.00035	0.00021	0.00024	0.00016	0.00011	0.00010	3.4e-05	0.00016	8.2e-05	5.3e-05	0.00017
9	0.02143	0.00014	0.00017	0.00016	0.00020	0.00012	0.00012	0.00027	0.00773	0.13116	0.46917	0.10990	0.21787	0.01269	0.00015	4.1e-05	6.9e-05	0.01676	0.01173	0.00012
10	0.00044	0.07080	0.00033	0.00024	0.00031	0.00026	0.00020	0.13795	0.03033	0.50926	0.04169	0.00039	0.01237	0.00017	0.00017	4e-05	0.18607	0.00867	0.00012	0.00018
11	0.00018	0.00013	0.00016	0.00016	0.00019	0.00013	0.00012	0.00024	0.07103	0.01601	0.34459	0.07162	0.22607	0.13164	0.03493	5.8e-05	8.5e-05	0.09555	0.00698	0.00011
12	0.00527	0.00032	0.00038	0.49033	0.13804	0.24289	0.02834	0.03534	0.00458	0.00629	0.01021	0.00474	0.00449	0.00450	0.00013	3.8e-05	0.01658	0.00011	0.00727	0.00015
13	0.00016	0.00012	0.00015	0.00017	0.00018	0.00011	0.00012	0.00020	0.05540	0.00033	0.06365	0.85537	0.02286	0.00036	0.00015	4.8e-05	7.1e-05	0.00032	0.00012	0.00011
14	0.74689	0.00867	0.00022	0.00984	0.01519	0.15029	0.00016	0.03500	0.01925	0.01330	0.00019	0.00021	0.00015	0.00012	8.5e-05	3.7e-05	0.00012	7.3e-05	7.6e-05	0.00014
15	0.00017	0.00013	0.00016	0.00015	0.00018	0.00012	0.00011	0.00022	0.00877	0.00908	0.59062	0.04993	0.23046	0.00032	0.08057	5.2e-05	8.2e-05	0.00022	0.02854	0.00011
16	0.02013	0.82634	0.01113	0.00026	0.09148	0.03086	0.00022	0.00037	0.00025	0.00030	0.00018	0.01765	0.00017	0.00011	8.5e-05	2.8e-05	0.00013	7.5e-05	5.5e-05	0.00016

[dist]
# distance from previous block
# <min> <max>
0	3

[block]
# block no. 3 follows, 2844 sequences, length 26
# corresponding to MSA columns:
# 230-247,249,250,254-259
name=unknown_D
#
# <colnr> <probs for GDERKNQSTAVLIFYWHMCP>
#	G	D	E	R	K	N	Q	S	T	A	V	L	I	F	Y	W	H	M	C	P
0	0.00456	0.00026	0.00032	0.00027	0.06800	0.02224	0.01135	0.27034	0.05948	0.49118	0.00484	0.00036	0.00026	0.00015	0.00414	3.7e-05	0.00012	0.00012	0.00013	0.06184
1	0.01629	0.76732	0.01472	0.00024	0.04105	0.07573	0.00022	0.06514	0.00028	0.00033	0.00019	0.01766	0.00017	0.00011	8.7e-05	2.8e-05	0.00014	7.6e-05	5.9e-05	0.00016
2	0.00029	0.00033	0.01472	0.00050	0.00062	0.00031	0.93809	0.00039	0.00028	0.00039	0.00024	0.00032	0.00018	0.00011	0.00015	4.2e-05	0.04266	0.00014	6.1e-05	0.00016
3	0.00807	0.00028	0.00038	0.00031	0.00038	0.15240	0.27585	0.09396	0.02003	0.02237	0.08681	0.03036	0.01114	0.00021	0.00014	4.4e-05	0.00527	0.29175	9.4e-05	0.00014
4	0.00016	0.00012	0.00015	0.00015	0.00018	0.00011	0.00011	0.00021	0.00032	0.00044	0.68157	0.09076	0.22473	0.00027	0.00014	4e-05	6e-05	0.00024	0.00013	0.00011
5	0.00023	0.00022	0.00037	0.97528	0.00083	0.00027	0.00034	0.00031	0.00024	0.00031	0.00022	0.00032	0.00016	0.00012	0.00013	4.1e-05	0.02031	0.00011	5.4e-05	0.00014
6	0.73194	0.11436	0.00025	0.00018	0.00026	0.01391	0.00015	0.05553	0.06774	0.00823	0.00020	0.00023	0.00016	0.00634	8.6e-05	3.7e-05	0.00010	7.4e-05	7.9e-05	0.00014
7	0.00038	0.00023	0.00027	0.00023	0.00473	0.01334	0.00018	0.11038	0.37197	0.32488	0.14100	0.00791	0.00925	0.00480	0.00013	4e-05	9.9e-05	0.00987	0.00013	0.00018
8	0.00020	0.00015	0.00018	0.00017	0.00020	0.00014	0.00013	0.00971	0.14120	0.03101	0.59871	0.10374	0.08718	0.00420	0.00459	4.1e-05	6.9e-05	0.00831	0.00995	0.00013
9	0.00986	0.00021	0.00495	0.00020	0.00305	0.06378	0.00408	0.16549	0.07167	0.06838	0.49535	0.01340	0.05407	0.00401	0.00285	3.9e-05	0.01982	0.01587	0.00012	0.00280
10	0.00015	0.00011	0.00014	0.00017	0.00018	0.00010	0.00011	0.00017	0.00023	0.00031	0.00066	0.92130	0.00078	0.05149	0.00018	5.3e-05	7.4e-05	0.02358	0.00011	9.8e-05
11	0.00025	0.00022	0.00025	0.00018	0.00029	0.00016	0.00015	0.01314	0.00026	0.00040	0.00022	0.01310	0.00019	9.5e-05	9.1e-05	1.9e-05	9.1e-05	7.6e-05	7.3e-05	0.97075
12	0.00461	0.00037	0.01275	0.00599	0.05716	0.31652	0.00852	0.00678	0.00026	0.04984	0.00020	0.00027	0.00017	0.00984	0.00588	4.5e-05	0.51718	9.9e-05	0.00338	0.00014
13	0.87812	0.00024	0.01010	0.00019	0.00027	0.00027	0.06779	0.00037	0.00022	0.04126	0.00019	0.00022	0.00014	0.00011	8.2e-05	3.8e-05	0.00010	7.4e-05	7.7e-05	0.00014
14	0.00028	0.00024	0.00025	0.00023	0.00028	0.00822	0.00017	0.02613	0.74589	0.00509	0.00557	0.04219	0.04807	0.10868	0.00018	5e-05	9.8e-05	0.00809	0.00012	0.00017
15	0.92880	0.00024	0.00019	0.03361	0.00026	0.00027	0.00014	0.01370	0.01061	0.01105	0.00018	0.00021	0.00014	0.00011	7.9e-05	3.8e-05	9.7e-05	6.9e-05	7.7e-05	0.00013
16	0.03378	0.00028	0.00046	0.13889	0.68336	0.00417	0.06768	0.00602	0.00028	0.03832	0.00685	0.00385	0.00384	0.00012	0.00012	3.8e-05	0.00809	0.00361	6.5e-05	0.00018
17	0.00031	0.08061	0.14878	0.00948	0.07267	0.04945	0.03799	0.12983	0.36533	0.00908	0.05275	0.01214	0.01112	0.00250	0.00247	3.8e-05	0.00303	0.00012	0.00256	0.00976
18	0.00022	0.00017	0.00026	0.01183	0.16343	0.00376	0.04861	0.00929	0.02723	0.05087	0.55303	0.03658	0.07452	0.00022	0.00014	3.9e-05	8.7e-05	0.01463	0.00011	0.00498
19	0.00025	0.00023	0.00038	0.71814	0.18968	0.00028	0.00033	0.01912	0.04233	0.00035	0.00601	0.00033	0.00520	0.00012	0.00012	4e-05	0.01184	0.00011	0.00497	0.00015
20	0.00017	0.00013	0.00016	0.00015	0.00018	0.00012	0.00011	0.00023	0.01606	0.00047	0.87425	0.01544	0.09155	0.00026	0.00014	3.9e-05	5.9e-05	0.00022	0.00013	0.00011
21	0.01934	0.00016	0.00021	0.00019	0.00024	0.00014	0.00014	0.00038	0.00030	0.45882	0.08900	0.38519	0.03038	0.00025	0.00014	4.2e-05	8.5e-05	0.00617	0.00868	0.00015
22	0.00020	0.00013	0.00017	0.00016	0.00019	0.00012	0.00012	0.00025	0.01016	0.05477	0.91304	0.00087	0.00108	0.00024	0.00014	3.8e-05	6e-05	0.00021	0.01794	0.00012
23	0.00017	0.00012	0.00013	0.00014	0.00014	0.00011	8.2e-05	0.00018	0.00020	0.00026	0.01559	0.10062	0.11706	0.75537	0.00051	0.00010	0.00011	0.00894	8.4e-05	8.1e-05
24	0.00046	0.00020	0.00026	0.00021	0.00029	0.00019	0.00017	0.01046	0.15049	0.67927	0.02794	0.00044	0.00034	0.00015	0.00012	3.7e-05	9.6e-05	0.00013	0.12858	0.00019
25	0.00637	0.00420	0.03380	0.14520	0.32236	0.01001	0.26320	0.04600	0.10579	0.02534	0.01767	0.00828	0.00023	0.00012	0.00013	3.9e-05	0.00016	0.00012	7.3e-05	0.01092

[dist]
# distance from previous block
# <min> <max>
1	2

[block]
# block no. 4 follows, 2844 sequences, length 23
# corresponding to MSA columns:
# 263,264,266-279,281-283,285,286,288,289
name=unknown_E
#
# <colnr> <probs for GDERKNQSTAVLIFYWHMCP>
#	G	D	E	R	K	N	Q	S	T	A	V	L	I	F	Y	W	H	M	C	P
0	0.00825	0.27410	0.40240	0.00027	0.00480	0.01600	0.00415	0.01177	0.01387	0.15484	0.00804	0.00587	0.01870	0.00012	0.00011	3.4e-05	0.00451	0.00361	7.3e-05	0.06847
1	0.00832	0.00033	0.00045	0.03581	0.61675	0.17975	0.05445	0.00466	0.00029	0.07319	0.00551	0.00410	0.00020	0.00012	0.00390	3.7e-05	0.00016	0.00789	6.9e-05	0.00402
2	0.00820	0.00024	0.11051	0.00022	0.00031	0.00018	0.03401	0.00462	0.00033	0.59395	0.12564	0.01484	0.09271	0.00018	0.00454	0.00454	0.00011	0.00457	0.00013	0.00018
3	0.00869	0.13700	0.30745	0.01758	0.21716	0.03994	0.06633	0.01433	0.06245	0.10528	0.01061	0.00816	0.00426	0.00012	0.00012	3.6e-05	0.00015	0.00010	7.2e-05	0.00018
4	0.00032	0.02800	0.55193	0.00033	0.05416	0.00025	0.04007	0.00588	0.00976	0.24155	0.02722	0.01544	0.01839	0.00602	0.00012	3.9e-05	0.00015	0.00011	8.2e-05	0.00018
5	0.00055	0.00021	0.00028	0.00022	0.00031	0.00018	0.00018	0.00059	0.00035	0.99504	0.00048	0.00041	0.00030	0.00015	0.00012	3.8e-05	0.00010	0.00012	0.00015	0.00021
6	0.00026	0.00032	0.20199	0.08201	0.35723	0.00694	0.08342	0.02142	0.04542	0.00907	0.02235	0.13325	0.02748	0.00016	0.00013	4e-05	0.00362	0.00465	7.3e-05	0.00017
7	0.00410	0.10392	0.23360	0.01166	0.05121	0.07229	0.03529	0.01901	0.02077	0.42886	0.00778	0.00679	0.00389	0.00013	0.00012	3.6e-05	0.00014	0.00011	0.00010	0.00019
8	0.00672	0.00021	0.01029	0.00022	0.00031	0.00783	0.00018	0.01105	0.00035	0.92284	0.00637	0.02104	0.00031	0.00016	0.00012	3.8e-05	0.00010	0.00013	0.01154	0.00020
9	0.96222	0.01154	0.00019	0.00017	0.00024	0.01122	0.01221	0.00036	0.00021	0.00054	0.00017	0.00020	0.00013	0.00011	7.7e-05	3.8e-05	9.7e-05	6.7e-05	7.5e-05	0.00013
10	0.00054	0.00021	0.00028	0.00022	0.00031	0.00018	0.00018	0.02185	0.00035	0.95316	0.02109	0.00042	0.00032	0.00015	0.00012	3.8e-05	0.00010	0.00012	0.00015	0.00021
11	0.00031	0.82060	0.12886	0.00023	0.00034	0.00044	0.00470	0.00037	0.00526	0.00779	0.00479	0.00805	0.00487	0.00011	8.8e-05	2.9e-05	0.00689	0.00606	5.5e-05	0.00016
12	0.00018	0.00016	0.05074	0.02389	0.01012	0.00014	0.00014	0.00022	0.00400	0.02100	0.10367	0.10260	0.21425	0.23539	0.21661	9.3e-05	0.00883	0.00778	9.1e-05	0.00011
13	0.00021	0.00013	0.00017	0.00016	0.00019	0.00012	0.00012	0.00637	0.00034	0.08475	0.83291	0.00087	0.04576	0.00968	0.00570	4e-05	6.4e-05	0.00655	0.00572	0.00012
14	0.95953	0.00023	0.00018	0.00016	0.00024	0.00027	0.00013	0.00037	0.00021	0.03754	0.00018	0.00021	0.00014	0.00011	7.7e-05	3.8e-05	9.5e-05	6.8e-05	7.8e-05	0.00013
15	0.10812	0.18621	0.04334	0.00022	0.00029	0.01231	0.00563	0.12053	0.04543	0.16315	0.00422	0.07686	0.00036	0.05477	0.00723	4.5e-05	0.00341	0.16763	9.9e-05	0.00015
16	0.00877	0.41288	0.38561	0.00029	0.01109	0.01160	0.05890	0.02067	0.02239	0.03432	0.00805	0.00027	0.00376	0.00012	0.00010	3.4e-05	0.00544	0.01547	6.1e-05	0.00017
17	0.00670	0.61588	0.34422	0.00026	0.00039	0.01075	0.00029	0.00038	0.00662	0.00679	0.00020	0.00023	0.00663	0.00011	9.2e-05	3.1e-05	0.00015	7.6e-05	5.4e-05	0.00016
18	0.00016	0.00012	0.00015	0.00017	0.00019	0.00011	0.00012	0.00019	0.02708	0.00032	0.00623	0.74073	0.03661	0.00985	0.14078	7e-05	0.00011	0.03126	0.00565	0.00010
19	0.00552	0.00015	0.00018	0.00016	0.00021	0.00013	0.00535	0.00637	0.00591	0.25927	0.24564	0.03142	0.36722	0.03364	0.00732	4.4e-05	7.9e-05	0.03111	0.00013	0.00013
20	0.01124	0.19703	0.45824	0.00032	0.03792	0.05349	0.06834	0.01440	0.02375	0.11276	0.00025	0.00027	0.00018	0.00012	0.00011	3.5e-05	0.00454	9.3e-05	6.8e-05	0.01686
21	0.00030	0.02437	0.11476	0.06541	0.51744	0.00369	0.12868	0.05014	0.01368	0.03315	0.00349	0.01185	0.01960	0.00012	0.00013	3.8e-05	0.00861	0.00431	6.8e-05	0.00018
22	0.00015	0.00012	0.00013	0.00013	0.00017	0.00011	0.00010	0.00019	0.00029	0.00036	0.17649	0.01000	0.75840	0.00030	0.00014	4.1e-05	6.3e-05	0.04347	0.00922	0.00011

[dist]
# distance from previous block
# <min> <max>
1	2

[block]
# block no. 5 follows, 2844 sequences, length 17
# corresponding to MSA columns:
# 297-299,302-315
name=unknown_F
#
# <colnr> <probs for GDERKNQSTAVLIFYWHMCP>
#	G	D	E	R	K	N	Q	S	T	A	V	L	I	F	Y	W	H	M	C	P
0	0.36023	0.01901	0.11309	0.00683	0.16383	0.09860	0.05047	0.03627	0.01494	0.12384	0.00025	0.00533	0.00657	0.00012	0.00010	3.7e-05	0.00013	9.3e-05	8e-05	0.00016
1	0.86352	0.01029	0.03884	0.00019	0.03051	0.04414	0.00016	0.01046	0.00022	0.00052	0.00018	0.00021	0.00014	0.00011	8e-05	3.7e-05	0.00011	6.9e-05	7.4e-05	0.00014
2	0.03678	0.05646	0.07683	0.05222	0.03769	0.12006	0.01817	0.00473	0.02710	0.00522	0.00845	0.00511	0.00684	0.06124	0.03189	0.41171	0.00351	0.03580	6.3e-05	0.00011
3	0.00020	0.00016	0.00019	0.00019	0.00022	0.00524	0.00531	0.01028	0.20504	0.00657	0.05114	0.22936	0.16201	0.08894	0.03324	5.8e-05	9.7e-05	0.19327	0.00836	0.00012
4	0.02472	0.67334	0.06500	0.03051	0.01722	0.13133	0.00489	0.00644	0.00497	0.01151	0.00019	0.00022	0.00016	0.00011	9.3e-05	2.9e-05	0.01223	0.00481	5.7e-05	0.01215
5	0.00018	0.00012	0.00014	0.00014	0.00015	0.00012	8.5e-05	0.00019	0.00020	0.00027	0.06691	0.00080	0.07047	0.75978	0.05150	0.00011	0.00012	0.00964	0.00868	0.03039
6	0.01213	0.91940	0.01703	0.00022	0.00032	0.02033	0.01163	0.00037	0.00025	0.00029	0.00017	0.00020	0.00016	0.00011	8.6e-05	2.7e-05	0.01702	6.7e-05	5.3e-05	0.00016
7	0.00024	0.00016	0.00022	0.09671	0.04137	0.00516	0.00016	0.01261	0.04503	0.11478	0.58402	0.02555	0.04310	0.00536	0.00014	4e-05	8.2e-05	0.01842	0.00672	0.00013
8	0.00024	0.00014	0.00017	0.00016	0.00020	0.00013	0.00012	0.00029	0.01345	0.18177	0.47697	0.06555	0.15967	0.00024	0.00014	3.9e-05	6.8e-05	0.00994	0.09058	0.00013
9	0.00015	0.00012	0.00013	0.00013	0.00017	0.00011	0.0001	0.00019	0.00029	0.00037	0.24691	0.01592	0.71946	0.00030	0.00014	4.1e-05	6.2e-05	0.01516	0.00012	0.00011
10	0.00051	0.00022	0.00028	0.00022	0.00031	0.00020	0.00018	0.02309	0.11394	0.84315	0.00048	0.00042	0.00031	0.00015	0.00012	3.8e-05	0.00010	0.00012	0.01596	0.00020
11	0.00033	0.00844	0.01237	0.00025	0.00033	0.00030	0.00903	0.20098	0.62558	0.03191	0.00046	0.00051	0.00036	0.00018	0.00013	4.2e-05	0.00777	0.10072	0.00012	0.00019
12	0.00025	0.00022	0.00025	0.00018	0.00029	0.00016	0.00014	0.00031	0.00025	0.00040	0.00022	0.00025	0.00018	9e-05	9e-05	1.8e-05	9e-05	7.2e-05	7.2e-05	0.99646
13	0.00035	0.76373	0.02444	0.00023	0.00033	0.04781	0.00859	0.06622	0.01966	0.05373	0.00021	0.00024	0.00018	0.00012	8.9e-05	2.9e-05	0.00013	0.01369	6.5e-05	0.00016
14	0.00027	0.00016	0.00023	0.00022	0.00026	0.00016	0.04491	0.00975	0.03826	0.20966	0.13983	0.06011	0.04494	0.00026	0.00015	4.7e-05	0.00010	0.42414	0.02639	0.00014
15	0.00020	0.00014	0.00020	0.00022	0.00025	0.00014	0.00020	0.00025	0.00028	0.00036	0.00065	0.00137	0.00070	0.00034	0.00017	5.6e-05	0.00011	0.99414	0.00011	0.00011
16	0.35591	0.00024	0.00028	0.21564	0.07220	0.03051	0.00526	0.01947	0.00555	0.14605	0.00557	0.00568	0.00019	0.00012	0.00010	3.6e-05	0.00779	9.2e-05	8.1e-05	0.12923

[dist]
# distance from previous block
# <min> <max>
3	6

[block]
# block no. 6 follows, 2844 sequences, length 79
# corresponding to MSA columns:
# 323-344,348-356,358-368,370-403,405-407
name=unknown_G
#
# <colnr> <probs for GDERKNQSTAVLIFYWHMCP>
#	G	D	E	R	K	N	Q	S	T	A	V	L	I	F	Y	W	H	M	C	P
0	0.00027	0.00026	0.00045	0.41271	0.33550	0.00028	0.14159	0.00471	0.03852	0.02805	0.00204	0.00371	0.00198	0.00012	0.00012	3.9e-05	0.00016	0.00609	6.4e-05	0.02334
1	0.00015	0.00011	0.00014	0.00016	0.00018	0.00010	0.00011	0.00017	0.00024	0.00032	0.06228	0.83134	0.09661	0.00037	0.00015	4.8e-05	6.9e-05	0.00723	0.00011	0.00010
2	0.92263	0.00023	0.00019	0.00016	0.00024	0.00027	0.00014	0.00038	0.00022	0.07438	0.00019	0.00021	0.00014	0.00012	7.9e-05	3.8e-05	9.5e-05	7e-05	8.1e-05	0.00014
3	0.00026	0.00026	0.00045	0.44453	0.25646	0.00028	0.17718	0.00036	0.04797	0.00036	0.00024	0.00033	0.00019	0.00012	0.00013	3.9e-05	0.00675	0.01054	6.2e-05	0.05349
4	0.00016	0.00205	0.00015	0.00015	0.00339	0.00011	0.01198	0.00021	0.00396	0.00322	0.44451	0.07866	0.44292	0.00234	0.00015	4.1e-05	6.3e-05	0.00571	0.00012	0.00011
5	0.00015	0.00011	0.00014	0.00017	0.00018	9.9e-05	0.00011	0.00017	0.00023	0.00031	0.00067	0.99564	0.00081	0.00038	0.00016	4.9e-05	7.1e-05	0.00035	0.00011	9.9e-05
6	0.99658	0.00024	0.00018	0.00016	0.00024	0.00027	0.00013	0.00036	0.00021	0.00055	0.00017	0.00020	0.00013	0.00011	7.5e-05	3.8e-05	9.4e-05	6.6e-05	7.5e-05	0.00013
7	0.00952	0.00022	0.00026	0.04983	0.00729	0.00017	0.00016	0.00031	0.01565	0.00299	0.00022	0.00026	0.00018	9.3e-05	9.2e-05	2e-05	9.4e-05	7.5e-05	7.2e-05	0.91249
8	0.00025	0.00024	0.00041	0.69504	0.28586	0.00028	0.00930	0.00656	0.00026	0.00034	0.00022	0.00032	0.00017	0.00012	0.00012	3.9e-05	0.00016	0.00011	5.6e-05	0.00015
9	0.91063	0.00026	0.00019	0.00018	0.00530	0.06147	0.00014	0.01996	0.00022	0.00053	0.00017	0.00020	0.00014	0.00011	7.9e-05	3.7e-05	0.00010	6.8e-05	7.5e-05	0.00013
10	0.00015	0.00011	0.00015	0.00017	0.00641	0.00010	0.00012	0.00017	0.00024	0.00031	0.00341	0.93162	0.01720	0.00038	0.00016	4.9e-05	7.3e-05	0.03896	0.00011	0.00010
11	0.00020	0.00014	0.00020	0.00022	0.00025	0.00014	0.00019	0.00025	0.00028	0.00036	0.00525	0.01344	0.00070	0.00034	0.00017	5.6e-05	0.00011	0.97748	0.00011	0.00011
12	0.00025	0.00022	0.00025	0.00018	0.00029	0.00016	0.00014	0.00031	0.00025	0.00040	0.00022	0.00025	0.00018	9e-05	9e-05	1.8e-05	9e-05	7.2e-05	7.2e-05	0.99646
13	0.00045	0.00055	0.00035	0.00032	0.02767	0.87121	0.00024	0.07249	0.02500	0.00034	0.00020	0.00023	0.00017	0.00013	0.00011	3.2e-05	0.00021	8.3e-05	6.9e-05	0.00015
14	0.00026	0.00022	0.00025	0.00018	0.00029	0.00016	0.00015	0.00032	0.01491	0.03489	0.00024	0.01380	0.00020	9.7e-05	9.3e-05	1.9e-05	9.1e-05	7.9e-05	7.6e-05	0.93368
15	0.00030	0.00029	0.00049	0.01665	0.97907	0.00029	0.00037	0.00037	0.00028	0.00040	0.00023	0.00030	0.00019	0.00011	0.00012	3.6e-05	0.00015	0.00011	6e-05	0.00019
16	0.03885	0.00554	0.00024	0.00021	0.00027	0.00023	0.00017	0.13550	0.32997	0.11721	0.27444	0.06262	0.01676	0.00484	0.00013	4e-05	9e-05	0.01260	0.00013	0.00016
17	0.97549	0.00341	0.00019	0.00016	0.00024	0.00588	0.00702	0.00036	0.00021	0.00054	0.00017	0.00020	0.00013	0.00011	7.8e-05	3.8e-05	0.00549	6.7e-05	7.5e-05	0.00013
18	0.00030	0.00026	0.00028	0.00025	0.00032	0.00030	0.00019	0.01275	0.98263	0.00051	0.00049	0.00045	0.00037	0.00017	0.00012	4.1e-05	9.7e-05	0.00014	0.00012	0.00019
19	0.00017	0.00012	0.00016	0.00015	0.00018	0.00011	0.00011	0.00023	0.00034	0.00048	0.97162	0.00092	0.02443	0.00025	0.00014	3.8e-05	5.8e-05	0.00022	0.00013	0.00011
20	0.01240	0.00026	0.00028	0.00025	0.00032	0.00030	0.00019	0.02416	0.95017	0.00950	0.00049	0.00045	0.00036	0.00016	0.00012	4.1e-05	9.7e-05	0.00014	0.00012	0.00019
21	0.00126	0.01108	0.00667	0.00117	0.00027	0.05286	0.01863	0.00599	0.11108	0.04689	0.01524	0.03211	0.00191	0.16169	0.00021	0.00108	0.00945	0.27732	9.4e-05	0.24501
22	0.00262	0.80392	0.04709	0.00376	0.00033	0.13501	0.00022	0.00038	0.00026	0.00523	0.00018	0.00020	0.00016	0.00011	8.5e-05	2.7e-05	0.00014	6.9e-05	5.4e-05	0.00016
23	0.00017	0.00013	0.00016	0.00015	0.00018	0.00011	0.00011	0.00022	0.00869	0.00516	0.72693	0.08001	0.15949	0.00027	0.00014	4e-05	6e-05	0.00720	0.00013	0.01064
24	0.05684	0.00371	0.06820	0.00352	0.06219	0.00183	0.00387	0.02304	0.13179	0.60264	0.02019	0.00330	0.00835	0.00015	0.00517	3.9e-05	0.00011	0.00012	0.00108	0.00387
25	0.08868	0.03131	0.12218	0.03499	0.43272	0.02937	0.05730	0.03465	0.09817	0.05589	0.00027	0.01167	0.00021	0.00012	0.00012	3.7e-05	0.00014	0.00191	7.4e-05	0.00018
26	0.00336	0.00021	0.00028	0.00022	0.00031	0.00018	0.00018	0.01017	0.03458	0.91239	0.00959	0.00044	0.00846	0.00016	0.00012	3.8e-05	0.00010	0.01886	0.00015	0.00020
27	0.00017	0.00012	0.00015	0.00015	0.00018	0.00011	0.00011	0.00022	0.00367	0.00045	0.75628	0.01802	0.21939	0.00026	0.00014	3.9e-05	5.9e-05	0.00023	0.00013	0.00011
28	0.01613	0.00956	0.06525	0.05599	0.41657	0.11481	0.06106	0.08776	0.04597	0.11355	0.00027	0.00209	0.00267	0.00012	0.00012	3.7e-05	0.00766	0.00011	7.9e-05	0.00018
29	0.02665	0.17227	0.42159	0.00172	0.01005	0.26979	0.00847	0.01390	0.00167	0.07120	0.00022	0.00156	0.00017	0.00012	0.00011	3.4e-05	0.00017	8.6e-05	6.4e-05	0.00017
30	0.00031	0.00017	0.00187	0.00137	0.00023	0.00202	0.00717	0.05450	0.00701	0.33371	0.10313	0.12934	0.24951	0.10308	0.00171	4.9e-05	8.9e-05	0.00448	0.00012	0.00014
31	0.00030	0.00029	0.00049	0.02478	0.94851	0.00568	0.00037	0.00038	0.01210	0.00040	0.00023	0.00270	0.00020	0.00011	0.00012	3.6e-05	0.00014	0.00292	6.1e-05	0.00019
32	0.21356	0.00024	0.00030	0.00839	0.07438	0.00519	0.03042	0.12321	0.01158	0.52874	0.00036	0.00257	0.00024	0.00014	0.00011	3.8e-05	0.00011	0.00011	0.00012	0.00019
33	0.99658	0.00024	0.00018	0.00016	0.00024	0.00027	0.00013	0.00036	0.00021	0.00055	0.00017	0.00020	0.00013	0.00011	7.5e-05	3.8e-05	9.4e-05	6.6e-05	7.5e-05	0.00013
34	0.00030	0.00029	0.01382	0.13484	0.45373	0.00215	0.31932	0.01665	0.00028	0.05201	0.00025	0.00032	0.00019	0.00011	0.00013	3.9e-05	0.00016	0.00514	6.6e-05	0.00018
35	0.00017	0.00013	0.00015	0.00015	0.00018	0.00011	0.00568	0.00022	0.00391	0.02345	0.54009	0.06188	0.35053	0.00028	0.00014	4e-05	6.2e-05	0.01259	0.00013	0.00011
36	0.00028	0.08294	0.53054	0.17028	0.00837	0.07450	0.07371	0.01762	0.01474	0.01810	0.00022	0.00027	0.00017	0.00012	0.00194	3.8e-05	0.00410	9.6e-05	0.00180	0.00017
37	0.00018	0.00012	0.00016	0.00016	0.00017	0.00013	0.00011	0.00020	0.00019	0.00026	0.01041	0.00343	0.00638	0.53862	0.43881	0.00015	0.00021	0.00016	7.1e-05	9e-05
38	0.00024	0.00023	0.00038	0.84855	0.13991	0.00027	0.00034	0.00032	0.00025	0.00032	0.00022	0.00032	0.00017	0.00012	0.00012	4e-05	0.00788	0.00011	5.5e-05	0.00014
39	0.00030	0.00022	0.00023	0.00020	0.00025	0.12277	0.00015	0.01358	0.13441	0.18322	0.44993	0.06289	0.01058	0.00021	0.00013	3.8e-05	9.4e-05	0.00018	0.00012	0.02050
40	0.00315	0.84798	0.13336	0.00023	0.00034	0.00734	0.00551	0.00037	0.00025	0.00030	0.00018	0.00020	0.00016	0.00011	8.4e-05	2.8e-05	0.00014	6.9e-05	5.2e-05	0.00016
41	0.00029	0.00380	0.00048	0.13902	0.84960	0.00393	0.00037	0.00037	0.00027	0.00039	0.00023	0.00030	0.00019	0.00011	0.00012	3.7e-05	0.00015	0.00011	5.9e-05	0.00018
42	0.07003	0.00808	0.00504	0.00027	0.02702	0.14746	0.06632	0.05621	0.18645	0.33851	0.00458	0.01402	0.00027	0.00976	0.02640	4.3e-05	0.03912	0.00012	0.00011	0.00018
43	0.81127	0.00026	0.00020	0.00018	0.00251	0.05534	0.00015	0.03394	0.00024	0.09108	0.00020	0.00022	0.00015	0.00012	8.3e-05	3.7e-05	0.00010	7.3e-05	8.3e-05	0.00376
44	0.00022	0.00023	0.00019	0.00018	0.00022	0.21329	0.00938	0.01854	0.00031	0.00673	0.13431	0.01988	0.59244	0.00026	0.00014	3.9e-05	9.8e-05	0.00021	0.00323	0.00012
45	0.00016	0.00012	0.00014	0.00014	0.00017	0.00011	0.00010	0.00020	0.00762	0.00440	0.34880	0.13284	0.46957	0.00029	0.00014	4.1e-05	6.2e-05	0.00587	0.02911	0.00011
46	0.00028	0.00028	0.00038	0.00690	0.00033	0.03222	0.02845	0.01541	0.00020	0.01232	0.00017	0.00216	0.00016	0.00021	0.00037	5.2e-05	0.89794	0.00011	5.6e-05	0.00199
47	0.01641	0.00019	0.00023	0.00019	0.00025	0.00936	0.00015	0.03071	0.14100	0.37188	0.20394	0.06879	0.02014	0.07061	0.00142	4.5e-05	9.1e-05	0.01285	0.05161	0.00016
48	0.18853	0.00022	0.00024	0.01120	0.00644	0.00154	0.00490	0.09398	0.16915	0.06143	0.05382	0.03025	0.05054	0.00183	0.00011	3.4e-05	9.6e-05	0.02917	0.00243	0.29408
49	0.00016	0.00012	0.00014	0.00014	0.00017	0.00011	0.00010	0.00019	0.00522	0.00617	0.23266	0.06138	0.61436	0.06137	0.00017	4.6e-05	6.6e-05	0.01721	0.00012	0.00010
50	0.97542	0.00024	0.00018	0.00016	0.00024	0.00027	0.00013	0.00663	0.00021	0.01540	0.00018	0.00020	0.00013	0.00011	7.6e-05	3.8e-05	9.5e-05	6.7e-05	7.7e-05	0.00013
51	0.00030	0.00029	0.00049	0.08475	0.87008	0.01037	0.02194	0.00503	0.00028	0.00263	0.00258	0.00030	0.00019	0.00011	0.00012	3.7e-05	0.00015	0.00011	6.1e-05	0.00019
52	0.00032	0.00017	0.00133	0.01564	0.03379	0.00016	0.00180	0.02388	0.02484	0.35895	0.39175	0.05743	0.07009	0.00281	0.00014	3.9e-05	0.00158	0.00707	0.00807	0.00015
53	0.03798	0.07813	0.00726	0.00027	0.00298	0.05243	0.00453	0.79392	0.00877	0.01213	0.00028	0.00028	0.00020	0.00014	0.00012	3.6e-05	0.00014	0.00010	0.00011	0.00020
54	0.00018	0.00012	0.00014	0.00014	0.00014	0.00012	7.9e-05	0.00018	0.00018	0.00024	0.00040	0.00542	0.00046	0.94845	0.00060	0.00012	0.00012	0.04278	7.6e-05	7.6e-05
55	0.11754	0.33460	0.15448	0.00025	0.00773	0.01771	0.00700	0.16079	0.12245	0.03606	0.00145	0.00027	0.00020	0.00012	0.00010	3.4e-05	0.00544	8.9e-05	7.9e-05	0.03360
56	0.01319	0.06997	0.18187	0.00386	0.05320	0.05006	0.01375	0.07766	0.05410	0.26519	0.07493	0.02413	0.00708	0.00014	0.00012	3.5e-05	0.00172	0.00107	9.9e-05	0.10781
57	0.02078	0.17464	0.42618	0.00237	0.05267	0.03868	0.03855	0.03925	0.03055	0.11223	0.02314	0.00287	0.01445	0.00014	0.00965	3.8e-05	0.01174	0.00010	7.3e-05	0.00190
58	0.00034	0.07049	0.01340	0.00942	0.45407	0.01690	0.24261	0.01739	0.00216	0.14297	0.00138	0.01401	0.00161	0.00012	0.00013	3.7e-05	0.00914	0.00359	7.5e-05	0.00018
59	0.00015	0.00011	0.00014	0.00016	0.00017	0.00010	0.00011	0.00017	0.00025	0.00032	0.02961	0.75383	0.21039	0.00036	0.00015	4.7e-05	6.9e-05	0.00365	0.00011	0.00010
60	0.00195	0.00498	0.06576	0.06189	0.22178	0.01562	0.05336	0.02766	0.03501	0.12254	0.16924	0.11817	0.03705	0.01677	0.02023	0.00334	0.00298	0.01283	0.00867	0.00015
61	0.05096	0.11600	0.63764	0.00245	0.00829	0.01143	0.06241	0.03087	0.01324	0.02941	0.03079	0.00197	0.00375	0.00012	0.00011	3.7e-05	0.00016	9.7e-05	6.2e-05	0.00017
62	0.00046	0.00058	0.00035	0.00031	0.00038	0.99523	0.00024	0.00049	0.00035	0.00030	0.00019	0.00022	0.00016	0.00013	0.00011	3.1e-05	0.00022	7.8e-05	6.3e-05	0.00014
63	0.00279	0.00013	0.00016	0.00016	0.00019	0.00012	0.00012	0.00225	0.00171	0.09568	0.10272	0.32086	0.14203	0.19030	0.11616	7.6e-05	0.00011	0.02421	0.00011	0.00011
64	0.05324	0.02665	0.18253	0.10389	0.23950	0.06827	0.05553	0.02817	0.04274	0.07427	0.03184	0.05380	0.01105	0.00582	0.00365	3.9e-05	0.01160	0.00598	0.00129	0.00017
65	0.00200	0.00186	0.07516	0.00023	0.00288	0.00022	0.00366	0.05619	0.16076	0.63244	0.04080	0.00043	0.00519	0.00122	0.00477	3.9e-05	0.00011	0.00780	0.00407	0.00020
66	0.00019	0.00012	0.00015	0.00016	0.00018	0.00011	0.00011	0.00022	0.00025	0.08412	0.12102	0.52619	0.05629	0.20267	0.00025	6.1e-05	8.1e-05	0.00762	0.00011	0.00011
67	0.00163	0.00015	0.00307	0.01025	0.00130	0.00519	0.06204	0.00258	0.00714	0.06864	0.18323	0.25370	0.21375	0.02666	0.04658	5.3e-05	0.00720	0.08333	0.02339	0.00012
68	0.03161	0.34566	0.19049	0.02280	0.04789	0.03337	0.04090	0.08849	0.02735	0.08472	0.05805	0.01151	0.00392	0.00579	0.00011	3.5e-05	0.00232	0.00474	7.6e-05	0.00017
69	0.00040	0.09044	0.16082	0.00026	0.00893	0.00246	0.04081	0.03972	0.18860	0.42072	0.02838	0.00371	0.00391	0.00015	0.00012	3.8e-05	0.00147	0.00451	0.00436	0.00019
70	0.00017	0.00013	0.00015	0.00016	0.00019	0.00012	0.00011	0.00020	0.00365	0.00312	0.20412	0.39594	0.38537	0.00034	0.00016	4.7e-05	7.1e-05	0.00572	0.00012	0.00011
71	0.00511	0.05077	0.01610	0.02109	0.15672	0.10969	0.05098	0.02250	0.01723	0.03372	0.14546	0.15598	0.15218	0.00022	0.00267	4e-05	0.00163	0.05768	9.6e-05	0.00014
72	0.00452	0.00026	0.00045	0.35879	0.59016	0.00428	0.01493	0.00756	0.00027	0.01450	0.00023	0.00031	0.00018	0.00011	0.00012	3.8e-05	0.00295	0.00011	6e-05	0.00017
73	0.00267	0.03525	0.00689	0.00023	0.02957	0.05298	0.00894	0.02375	0.00249	0.51326	0.04119	0.21751	0.02335	0.00021	0.00013	4e-05	0.01589	0.02536	0.00013	0.00017
74	0.00029	0.00028	0.00048	0.14587	0.84992	0.00029	0.00037	0.00036	0.00027	0.00039	0.00023	0.00030	0.00019	0.00011	0.00012	3.7e-05	0.00015	0.00011	5.9e-05	0.00018
75	0.00025	0.00022	0.00025	0.00018	0.00029	0.00016	0.00014	0.00031	0.00025	0.00040	0.00022	0.00025	0.00018	9e-05	9e-05	1.8e-05	9e-05	7.2e-05	7.2e-05	0.99646
76	0.01013	0.00170	0.00329	0.00352	0.00034	0.00400	0.02438	0.39261	0.07922	0.42619	0.00664	0.00809	0.00943	0.00015	0.00012	3.7e-05	0.00012	0.00012	0.00013	0.02978
77	0.17081	0.05690	0.00032	0.00024	0.00033	0.00351	0.05435	0.23815	0.16253	0.28809	0.01481	0.00887	0.00026	0.00014	0.00011	3.8e-05	0.00011	0.00011	0.00012	0.00018
78	0.00049	0.00023	0.00029	0.00023	0.00031	0.00022	0.00018	0.21320	0.01923	0.66949	0.05757	0.01595	0.00852	0.00017	0.00865	3.9e-05	0.00011	0.00013	0.00480	0.00020

[dist]
# distance from previous block
# <min> <max>
1	2

[block]
# block no. 7 follows, 2844 sequences, length 25
# corresponding to MSA columns:
# 411,412,414-436
name=unknown_H
#
# <colnr> <probs for GDERKNQSTAVLIFYWHMCP>
#	G	D	E	R	K	N	Q	S	T	A	V	L	I	F	Y	W	H	M	C	P
0	0.96059	0.00024	0.00018	0.00016	0.00024	0.00904	0.00013	0.00882	0.00021	0.01063	0.00018	0.00882	0.00014	0.00012	7.7e-05	3.8e-05	9.6e-05	6.9e-05	7.7e-05	0.00013
1	0.00027	0.04215	0.03255	0.19439	0.09492	0.01436	0.17007	0.01092	0.17533	0.05517	0.10966	0.01077	0.07782	0.00305	0.00013	4e-05	0.00426	0.00389	8.9e-05	0.00016
2	0.00017	0.00013	0.00019	0.00019	0.00021	0.00015	0.00015	0.00021	0.00019	0.00028	0.00033	0.00050	0.00032	0.07797	0.91820	0.00019	0.00031	0.00013	6.6e-05	0.00011
3	0.00016	0.00012	0.00014	0.00015	0.00018	0.00011	0.00011	0.00019	0.00027	0.00691	0.20181	0.25897	0.37379	0.04331	0.00018	0.04269	7.1e-05	0.07062	0.00011	0.00010
4	0.00344	0.00028	0.02641	0.21509	0.60145	0.00386	0.06082	0.01068	0.02793	0.00447	0.02082	0.01088	0.00433	0.00012	0.00012	3.8e-05	0.00293	0.00319	0.00296	0.00017
5	0.03614	0.00033	0.00040	0.07340	0.35949	0.09579	0.00719	0.35535	0.05037	0.01268	0.00026	0.00030	0.00020	0.00013	0.00012	3.7e-05	0.00744	0.00011	8.7e-05	0.00019
6	0.01452	0.00014	0.00017	0.00016	0.00019	0.00012	0.00012	0.00666	0.00529	0.10934	0.43191	0.03521	0.28936	0.03396	0.00016	4.3e-05	7e-05	0.04823	0.02421	0.00012
7	0.00779	0.00024	0.00027	0.00023	0.00030	0.01676	0.00018	0.17339	0.34869	0.24788	0.07099	0.00045	0.00449	0.02791	0.07225	0.00428	0.01604	0.00013	0.00753	0.00018
8	0.00016	0.00012	0.00015	0.00015	0.00018	0.00011	0.00011	0.00020	0.00625	0.00727	0.39693	0.30789	0.21285	0.02736	0.00016	4.5e-05	6.6e-05	0.03389	0.00598	0.00011
9	0.00045	0.00031	0.00034	0.00027	0.00828	0.00034	0.00022	0.73521	0.10601	0.12889	0.00712	0.00033	0.00024	0.00015	0.00012	3.7e-05	0.00012	0.00012	0.01123	0.00020
10	0.01056	0.00028	0.00031	0.00025	0.00033	0.00031	0.00020	0.51062	0.29208	0.06801	0.00039	0.07159	0.00031	0.00017	0.00012	3.8e-05	0.00011	0.00013	0.02275	0.02144
11	0.00032	0.00027	0.00028	0.00025	0.00032	0.01183	0.00019	0.04868	0.91726	0.01844	0.00048	0.00044	0.00036	0.00016	0.00012	4.1e-05	0.0001	0.00014	0.00012	0.00019
12	0.00021	0.00015	0.00020	0.00022	0.00025	0.01167	0.00833	0.01428	0.02972	0.00432	0.00519	0.00127	0.00722	0.04338	0.00019	0.00404	0.00521	0.86391	0.00011	0.00012
13	0.79284	0.00663	0.00021	0.00018	0.00026	0.01174	0.00015	0.14637	0.01354	0.00891	0.00020	0.00022	0.00015	0.00012	8.4e-05	3.7e-05	0.00010	7.5e-05	0.01804	0.00014
14	0.00891	0.00021	0.00025	0.00557	0.01550	0.00017	0.00343	0.00468	0.00363	0.08881	0.04255	0.00717	0.01879	0.00323	0.0001	2.3e-05	9.1e-05	0.00336	0.00330	0.79022
15	0.81673	0.00025	0.00021	0.00845	0.00026	0.00028	0.00015	0.11865	0.00026	0.04529	0.00020	0.00022	0.00015	0.00012	8.4e-05	3.7e-05	0.0001	7.4e-05	8.4e-05	0.00841
16	0.00017	0.00012	0.00015	0.00015	0.00018	0.00011	0.00011	0.00021	0.00031	0.01940	0.50183	0.09713	0.34784	0.01766	0.00616	4.3e-05	6.4e-05	0.00814	0.00012	0.00011
17	0.00245	0.00547	0.02620	0.10882	0.37428	0.01764	0.03604	0.04724	0.05297	0.06864	0.02229	0.00581	0.00883	0.00552	0.00267	0.01917	0.01059	0.00927	0.00217	0.17393
18	0.00016	0.00012	0.00015	0.00015	0.00018	0.00011	0.00011	0.00021	0.00031	0.00732	0.53900	0.16978	0.25313	0.00726	0.00015	4.2e-05	6.3e-05	0.02152	0.00012	0.00011
19	0.00034	0.77068	0.05024	0.00523	0.00974	0.11199	0.00562	0.02694	0.00630	0.01171	0.00018	0.00021	0.00016	0.00011	8.7e-05	2.8e-05	0.00014	7.1e-05	5.7e-05	0.00016
20	0.00889	0.00300	0.00525	0.00676	0.02725	0.01053	0.11468	0.04821	0.13526	0.05458	0.11034	0.06443	0.07616	0.00880	0.02128	3.9e-05	0.01900	0.01086	0.00265	0.27205
21	0.03836	0.01289	0.02005	0.01757	0.09687	0.09437	0.07510	0.22639	0.06847	0.22265	0.03505	0.04417	0.00689	0.01087	0.00689	4e-05	0.00309	0.01145	0.00269	0.00613
22	0.03673	0.02862	0.10290	0.06683	0.11487	0.02968	0.01250	0.24124	0.11003	0.07821	0.09647	0.02355	0.03137	0.00404	0.00233	3.8e-05	0.00274	0.00233	0.00466	0.01087
23	0.01877	0.00015	0.00956	0.00283	0.00922	0.00407	0.01380	0.01106	0.09857	0.06605	0.17657	0.36498	0.12431	0.06203	0.01422	5e-05	0.00316	0.01579	0.00011	0.00470
24	0.02754	0.03502	0.06252	0.17519	0.08663	0.05720	0.02672	0.10149	0.04909	0.12396	0.07276	0.05907	0.03658	0.00509	0.00013	4e-05	0.00471	0.06665	0.00457	0.00502

[dist]
# distance from previous block
# <min> <max>
0	18

# created by:
# /home/cegg/simao/soft/augustus-3.2.1/scripts/msa2prfl.pl ./align_prep/POG091H023J.fa
