[name]
unknown

[dist]
# distance from previous block
# <min> <max>
0	204

[block]
# block no. 0 follows, 2904 sequences, length 8
# corresponding to MSA columns:
# 284-291
name=unknown_A
#
# <colnr> <probs for GDERKNQSTAVLIFYWHMCP>
#	G	D	E	R	K	N	Q	S	T	A	V	L	I	F	Y	W	H	M	C	P
0	0.00997	0.00017	0.00749	0.00738	0.00821	0.00827	0.03080	0.03364	0.03453	0.02146	0.09761	0.18656	0.13117	0.17629	0.01318	5.8e-05	0.14617	0.03378	0.00721	0.04607
1	0.03277	0.01296	0.00808	0.19966	0.15775	0.04010	0.04974	0.05926	0.05072	0.07818	0.02951	0.04040	0.03729	0.06328	0.02544	0.00782	0.06196	0.00986	0.00772	0.02750
2	0.00033	0.00020	0.00025	0.01824	0.02626	0.01021	0.01111	0.00886	0.04227	0.30469	0.01562	0.04074	0.01980	0.10758	0.01157	4.3e-05	0.03598	0.01984	0.01731	0.30909
3	0.01091	0.01026	0.03296	0.23652	0.41467	0.04435	0.03277	0.04530	0.05680	0.01325	0.00863	0.04370	0.00830	0.00014	0.00855	3.9e-05	0.02466	0.00012	0.00791	0.00016
4	0.03168	0.01297	0.00045	0.03891	0.78282	0.00028	0.01302	0.00037	0.03488	0.01497	0.00023	0.00030	0.00019	0.00012	0.01608	3.8e-05	0.02119	0.00011	6.3e-05	0.03131
5	0.02606	0.02117	0.03461	0.20613	0.22490	0.03523	0.04423	0.21762	0.02385	0.04273	0.03354	0.02229	0.01040	0.00932	0.01577	0.00746	0.01609	0.00012	0.00832	0.00016
6	0.00018	0.00013	0.00016	0.01748	0.01278	0.01156	0.00012	0.02270	0.00022	0.00029	0.00051	0.46075	0.02808	0.30836	0.04111	0.04697	0.01733	0.03109	9.1e-05	9.3e-05
7	0.87116	0.03717	0.00020	0.00017	0.00024	0.00027	0.00014	0.03587	0.00022	0.05341	0.00019	0.00021	0.00014	0.00011	7.8e-05	3.6e-05	9.6e-05	6.9e-05	7.9e-05	0.00014

[dist]
# distance from previous block
# <min> <max>
4	8

[block]
# block no. 1 follows, 2904 sequences, length 9
# corresponding to MSA columns:
# 300,308-315
name=unknown_B
#
# <colnr> <probs for GDERKNQSTAVLIFYWHMCP>
#	G	D	E	R	K	N	Q	S	T	A	V	L	I	F	Y	W	H	M	C	P
0	0.08746	0.04027	0.03968	0.04006	0.04224	0.32326	0.03520	0.10474	0.03570	0.08172	0.03384	0.01275	0.01116	0.02205	0.02175	0.00743	0.04122	0.00687	8e-05	0.01251
1	0.00748	0.00015	0.00018	0.00017	0.00755	0.00014	0.00770	0.00740	0.10984	0.05911	0.29431	0.10698	0.31957	0.01194	0.01784	0.00815	0.00790	0.01370	0.00725	0.01267
2	0.00022	0.00015	0.00019	0.02467	0.00869	0.00014	0.01229	0.01208	0.05988	0.12245	0.10803	0.26981	0.27851	0.00027	0.00823	4.2e-05	0.01313	0.00865	0.03039	0.04217
3	0.02197	0.20720	0.11445	0.18310	0.08875	0.08628	0.06802	0.03434	0.02342	0.05318	0.00737	0.02138	0.01029	0.00014	0.01181	3.7e-05	0.03692	0.00760	0.00679	0.01695
4	0.03738	0.05801	0.03423	0.26028	0.27411	0.05281	0.04275	0.04107	0.01302	0.10347	0.00814	0.01856	0.00983	0.00803	0.00013	0.00805	0.01338	0.01021	0.00638	0.00016
5	0.02159	0.00013	0.00014	0.00014	0.00018	0.00011	0.01249	0.00020	0.01360	0.01900	0.01927	0.04323	0.82441	0.00029	0.00014	4.1e-05	6.6e-05	0.03166	0.01323	0.00011
6	0.00909	0.00015	0.00841	0.00018	0.01184	0.00014	0.02152	0.01036	0.01599	0.17753	0.52151	0.07192	0.09790	0.01240	0.00014	4e-05	0.00905	0.01163	0.01237	0.00782
7	0.04281	0.17847	0.18903	0.14904	0.02982	0.04436	0.03792	0.08996	0.02854	0.12946	0.00697	0.01897	0.01008	0.00835	0.00656	3.7e-05	0.01373	0.00863	0.00709	0.00016
8	0.03724	0.00824	0.03075	0.02748	0.01534	0.01190	0.02508	0.09308	0.09103	0.43486	0.04687	0.06389	0.03389	0.01615	0.01812	4.3e-05	0.02388	0.01152	0.01047	0.00017

[dist]
# distance from previous block
# <min> <max>
5	15

[block]
# block no. 2 follows, 2904 sequences, length 18
# corresponding to MSA columns:
# 336-353
name=unknown_C
#
# <colnr> <probs for GDERKNQSTAVLIFYWHMCP>
#	G	D	E	R	K	N	Q	S	T	A	V	L	I	F	Y	W	H	M	C	P
0	0.05072	0.02410	0.03399	0.08566	0.03762	0.14290	0.02384	0.02622	0.11699	0.07877	0.05492	0.04772	0.02490	0.04101	0.01922	0.02261	0.05671	0.00900	0.03518	0.06797
1	0.00018	0.00013	0.00016	0.00015	0.00019	0.00011	0.00012	0.00023	0.00696	0.03478	0.56370	0.10289	0.18568	0.00027	0.00638	0.00810	6.7e-05	0.07728	0.00650	0.00613
2	0.00016	0.00012	0.00014	0.00015	0.00017	0.00011	0.00011	0.00019	0.00872	0.00036	0.29467	0.33109	0.28355	0.02306	0.01649	0.02476	7e-05	0.01587	0.00011	0.00010
3	0.00024	0.00062	0.99519	0.00034	0.00052	0.00028	0.00044	0.00038	0.00025	0.00038	0.00021	0.00025	0.00015	0.00011	0.00011	3.8e-05	0.00018	8.8e-05	5e-05	0.00018
4	0.00015	0.00012	0.00013	0.00013	0.00016	0.00010	9.6e-05	0.00018	0.00028	0.00036	0.22254	0.02803	0.73162	0.01538	0.00015	4.1e-05	6.1e-05	0.00024	0.00011	0.00010
5	0.99665	0.00023	0.00018	0.00016	0.00023	0.00027	0.00013	0.00035	0.00020	0.00054	0.00017	0.00019	0.00013	0.00011	7.4e-05	3.7e-05	9.2e-05	6.5e-05	7.4e-05	0.00013
6	0.00026	0.00021	0.00025	0.00018	0.00028	0.00016	0.00014	0.02292	0.01636	0.04435	0.01993	0.00028	0.00830	9.9e-05	9.2e-05	2e-05	8.9e-05	8e-05	0.01085	0.87514
7	0.99665	0.00023	0.00018	0.00016	0.00023	0.00027	0.00013	0.00035	0.00020	0.00054	0.00017	0.00019	0.00013	0.00011	7.4e-05	3.7e-05	9.2e-05	6.5e-05	7.4e-05	0.00013
8	0.00382	0.00016	0.01008	0.02760	0.02051	0.00374	0.05144	0.00741	0.04930	0.00585	0.02013	0.40655	0.18730	0.01293	0.00515	0.00351	0.00552	0.07469	0.00354	0.10078
9	0.88673	0.00023	0.00019	0.00016	0.00024	0.00026	0.00014	0.02176	0.00022	0.07274	0.00020	0.00023	0.00015	0.00012	8e-05	3.7e-05	9.4e-05	0.01621	8.1e-05	0.00014
10	0.08235	0.00472	0.00026	0.00021	0.00029	0.01165	0.00529	0.10455	0.12992	0.47703	0.09301	0.00617	0.03309	0.01046	0.00013	3.8e-05	0.01438	0.00725	0.01334	0.00587
11	0.00015	0.00011	0.00014	0.00017	0.00018	0.00010	0.00011	0.00017	0.00024	0.00031	0.01613	0.83918	0.07421	0.00036	0.00015	4.8e-05	7.1e-05	0.06795	0.00011	9.8e-05
12	0.00030	0.00026	0.00027	0.00024	0.00031	0.00030	0.00019	0.05149	0.94398	0.00051	0.00048	0.00044	0.00036	0.00016	0.00012	4e-05	9.6e-05	0.00013	0.00012	0.00019
13	0.01477	0.03425	0.27331	0.19621	0.05184	0.01441	0.14736	0.03336	0.01045	0.04777	0.03029	0.07884	0.01330	0.00810	0.01150	0.00432	0.00563	0.01936	0.00478	0.00015
14	0.05468	0.00466	0.08315	0.05677	0.03262	0.00444	0.07323	0.01232	0.00514	0.15647	0.01385	0.04131	0.02313	0.08306	0.08922	5.4e-05	0.01842	0.00727	0.00330	0.23689
15	0.00016	0.00011	0.00014	0.00016	0.00018	0.00010	0.00011	0.00797	0.00756	0.01088	0.08469	0.71788	0.12881	0.00871	0.00015	4.7e-05	7e-05	0.03204	0.00011	0.00010
16	0.05341	0.00015	0.00405	0.00414	0.00418	0.00657	0.00390	0.01650	0.00870	0.27225	0.07536	0.43883	0.05692	0.00430	0.00550	4.3e-05	0.00769	0.00959	0.02778	0.00013
17	0.03644	0.07639	0.29055	0.06699	0.14538	0.02887	0.07661	0.02441	0.01675	0.11639	0.00507	0.02546	0.00576	0.00526	0.00529	3.8e-05	0.02530	0.00832	0.00956	0.03116

[dist]
# distance from previous block
# <min> <max>
3	8

[block]
# block no. 3 follows, 2904 sequences, length 14
# corresponding to MSA columns:
# 363-376
name=unknown_D
#
# <colnr> <probs for GDERKNQSTAVLIFYWHMCP>
#	G	D	E	R	K	N	Q	S	T	A	V	L	I	F	Y	W	H	M	C	P
0	0.00639	0.00013	0.00659	0.00016	0.00019	0.00012	0.00012	0.01113	0.03990	0.00722	0.48251	0.32005	0.02915	0.04051	0.01175	4.7e-05	7.2e-05	0.03752	0.00633	0.00011
1	0.00414	0.03253	0.00619	0.01413	0.02830	0.00774	0.01091	0.01801	0.24666	0.01961	0.16505	0.11256	0.11134	0.04106	0.05595	0.03001	0.05693	0.02681	0.01193	0.00013
2	0.02345	0.00018	0.00023	0.00019	0.00026	0.00755	0.00015	0.06035	0.01061	0.53009	0.24145	0.07845	0.01075	0.00830	0.00013	3.9e-05	8.9e-05	0.00798	0.01959	0.00017
3	0.00017	0.00829	0.00015	0.00014	0.00017	0.00011	0.00011	0.00020	0.00028	0.01431	0.39487	0.05050	0.35404	0.10058	0.03246	5.2e-05	7.6e-05	0.03326	0.01012	0.00010
4	0.00025	0.07823	0.91763	0.00033	0.00050	0.00029	0.00042	0.00038	0.00025	0.00037	0.00021	0.00025	0.00015	0.00011	0.00011	3.7e-05	0.00017	8.6e-05	5e-05	0.00017
5	0.00017	0.00014	0.00019	0.04702	0.09976	0.00013	0.00573	0.00021	0.00897	0.01330	0.05164	0.25894	0.46394	0.01507	0.00680	0.00619	0.00952	0.01206	0.00010	0.00011
6	0.00032	0.95992	0.03656	0.00021	0.00031	0.00047	0.00021	0.00036	0.00024	0.00028	0.00017	0.00019	0.00015	0.00010	7.8e-05	2.6e-05	0.00013	6.5e-05	5.1e-05	0.00015
7	0.02562	0.05621	0.09779	0.31173	0.09886	0.01570	0.05550	0.06220	0.05616	0.02764	0.01103	0.01445	0.01112	0.00598	0.01484	0.00495	0.02325	0.00463	0.00418	0.09817
8	0.02229	0.29580	0.19439	0.22630	0.03603	0.02994	0.01140	0.05225	0.01272	0.02859	0.02237	0.00524	0.00537	0.00564	0.00885	3.6e-05	0.02187	0.00400	0.00470	0.01222
9	0.00022	0.00015	0.00018	0.00019	0.01211	0.00597	0.00013	0.13982	0.00599	0.03879	0.01952	0.55370	0.03913	0.03332	0.01069	0.02470	8.7e-05	0.04840	0.06679	0.00012
10	0.00498	0.00017	0.02547	0.01121	0.01741	0.00433	0.00664	0.02512	0.01092	0.22677	0.20210	0.10664	0.24111	0.01569	0.02554	0.00635	0.00547	0.00983	0.03011	0.02414
11	0.03342	0.06133	0.14658	0.04095	0.04880	0.02534	0.05755	0.02272	0.04539	0.19528	0.02581	0.00715	0.00504	0.01108	0.00465	3.4e-05	0.00930	0.00470	0.00538	0.24948
12	0.02124	0.00383	0.02241	0.12263	0.01697	0.00474	0.02637	0.00655	0.01810	0.09737	0.10125	0.10135	0.16536	0.09248	0.13071	0.01252	0.02355	0.01085	0.00463	0.01708
13	0.00016	0.00012	0.00016	0.00964	0.00019	0.00582	0.00632	0.00682	0.00753	0.00609	0.00727	0.87360	0.01675	0.00036	0.00887	0.00922	0.03243	0.00846	0.00011	0.00010

[dist]
# distance from previous block
# <min> <max>
6	19

[block]
# block no. 4 follows, 2904 sequences, length 13
# corresponding to MSA columns:
# 433-435,476,487-493,501,502
name=unknown_E
#
# <colnr> <probs for GDERKNQSTAVLIFYWHMCP>
#	G	D	E	R	K	N	Q	S	T	A	V	L	I	F	Y	W	H	M	C	P
0	0.01112	0.04459	0.15154	0.13350	0.10871	0.05414	0.05837	0.05261	0.23494	0.01812	0.01857	0.01898	0.01747	0.00015	0.00816	4e-05	0.04990	0.00728	0.00720	0.00463
1	0.00016	0.00012	0.00015	0.00015	0.00018	0.00011	0.00011	0.00746	0.00901	0.00907	0.30095	0.29417	0.32604	0.01148	0.01066	4.4e-05	0.00759	0.00679	0.00728	0.00847
2	0.00480	0.00015	0.00487	0.01624	0.00778	0.00736	0.00822	0.00942	0.01566	0.01077	0.21999	0.10633	0.39526	0.03859	0.02290	0.00441	0.08641	0.03502	0.00569	0.00011
3	0.02169	0.04058	0.22665	0.02133	0.02980	0.17480	0.09332	0.03035	0.01818	0.03559	0.02021	0.05376	0.01471	0.02620	0.01626	0.00952	0.10938	0.01810	0.02298	0.01658
4	0.31654	0.03328	0.09625	0.04236	0.06413	0.02544	0.08957	0.03040	0.03383	0.19391	0.01730	0.00638	0.00796	0.00014	0.00497	3.8e-05	0.01052	0.02161	0.00521	0.00016
5	0.01605	0.90398	0.00059	0.00021	0.00031	0.03528	0.00020	0.01615	0.00025	0.00029	0.00018	0.00022	0.00017	0.00011	8.1e-05	2.7e-05	0.00013	0.02556	5.4e-05	0.00015
6	0.01348	0.00017	0.00022	0.00018	0.00024	0.00015	0.02563	0.00965	0.00030	0.46928	0.12827	0.01436	0.13416	0.18185	0.00976	5.3e-05	9.7e-05	0.00016	0.01183	0.00015
7	0.00669	0.00012	0.00016	0.00975	0.00678	0.00011	0.00928	0.00834	0.01744	0.01203	0.01139	0.78058	0.01037	0.01009	0.00016	4.9e-05	7.8e-05	0.11636	0.00011	0.00010
8	0.01139	0.08279	0.07198	0.09246	0.36160	0.02716	0.08161	0.04840	0.10115	0.03517	0.00624	0.01816	0.00590	0.00595	0.00493	3.8e-05	0.03489	0.00474	0.00526	0.00017
9	0.02985	0.00016	0.00865	0.00604	0.01665	0.01293	0.02265	0.01287	0.04976	0.08273	0.26118	0.11214	0.09925	0.17517	0.04486	0.00652	0.00424	0.04309	0.00631	0.00493
10	0.01679	0.52121	0.01258	0.02098	0.02633	0.14110	0.00844	0.02392	0.04373	0.01912	0.01171	0.00729	0.00537	0.00013	0.01588	0.01547	0.00828	0.00918	0.00690	0.08558
11	0.01630	0.00423	0.03072	0.01861	0.01183	0.00590	0.00850	0.01644	0.00553	0.05274	0.05526	0.25812	0.07254	0.22190	0.04550	0.04864	0.01034	0.00824	0.00466	0.10400
12	0.06381	0.06393	0.11388	0.09296	0.05369	0.05394	0.04533	0.15411	0.05300	0.12051	0.01546	0.04275	0.00721	0.00484	0.00568	0.00482	0.02399	0.00673	0.01010	0.06327

[dist]
# distance from previous block
# <min> <max>
3	80

[block]
# block no. 5 follows, 2904 sequences, length 21
# corresponding to MSA columns:
# 609,610,615,616,624-628,647-658
name=unknown_F
#
# <colnr> <probs for GDERKNQSTAVLIFYWHMCP>
#	G	D	E	R	K	N	Q	S	T	A	V	L	I	F	Y	W	H	M	C	P
0	0.00671	0.00676	0.00460	0.24313	0.33627	0.00525	0.01208	0.02923	0.03578	0.11160	0.05364	0.02501	0.02840	0.00539	0.00777	0.01471	0.02276	0.02570	0.02505	0.00016
1	0.00016	0.00012	0.00014	0.00015	0.00017	0.00011	0.00011	0.00020	0.00029	0.00998	0.40018	0.20947	0.32304	0.02466	0.00883	4.4e-05	6.5e-05	0.01394	0.00825	0.00011
2	0.00020	0.00013	0.00016	0.00015	0.00018	0.00012	0.00011	0.00641	0.03685	0.06725	0.48053	0.03136	0.22891	0.10938	0.00019	4.7e-05	7e-05	0.01123	0.02662	0.00011
3	0.42845	0.00023	0.00024	0.00020	0.00028	0.00024	0.00016	0.10300	0.01256	0.45306	0.00032	0.00030	0.00022	0.00013	0.00010	3.7e-05	0.00010	9.5e-05	0.00011	0.00017
4	0.00045	0.00056	0.00034	0.00031	0.00037	0.96839	0.00023	0.02739	0.00034	0.00030	0.00019	0.00022	0.00016	0.00012	0.00011	3.1e-05	0.00021	7.8e-05	6.3e-05	0.00014
5	0.00015	0.00011	0.00014	0.00016	0.00017	0.00010	0.00011	0.00018	0.01140	0.00031	0.00830	0.77988	0.09985	0.05213	0.03769	5.6e-05	8.1e-05	0.00898	0.00011	9.8e-05
6	0.00025	0.00021	0.00025	0.00018	0.00028	0.00016	0.00014	0.00030	0.00025	0.00039	0.00021	0.00025	0.00018	8.8e-05	8.8e-05	1.8e-05	8.8e-05	7.1e-05	7.1e-05	0.99654
7	0.00017	0.00013	0.00019	0.00019	0.00021	0.00015	0.00015	0.00021	0.00019	0.00028	0.00032	0.00047	0.00030	0.00089	0.99533	0.00019	0.00032	0.00013	6.4e-05	0.00011
8	0.00659	0.02106	0.00031	0.00511	0.00033	0.59472	0.01655	0.02141	0.00498	0.01801	0.00023	0.00030	0.00020	0.00507	0.27863	7.7e-05	0.02614	9.5e-05	6.5e-05	0.00013
9	0.00016	0.00012	0.00014	0.00013	0.00017	0.00011	0.00010	0.00762	0.00029	0.01748	0.21801	0.02100	0.70823	0.00029	0.00014	4e-05	6.2e-05	0.01767	0.00813	0.00011
10	0.09949	0.00027	0.00029	0.00024	0.00032	0.00029	0.00019	0.34189	0.34597	0.19430	0.00038	0.00036	0.00027	0.00016	0.01501	4e-05	0.00011	0.00012	0.00012	0.00019
11	0.04511	0.00027	0.00029	0.00024	0.00501	0.00887	0.00460	0.30493	0.46748	0.06791	0.06697	0.00467	0.01290	0.00016	0.00012	3.9e-05	0.00453	0.00559	0.00012	0.00018
12	0.00426	0.02003	0.05377	0.01551	0.03770	0.00429	0.13991	0.04963	0.03507	0.03874	0.01057	0.01930	0.01313	0.00011	0.00011	2.7e-05	0.00550	9.8e-05	7.6e-05	0.55218
13	0.00015	0.00012	0.00013	0.00014	0.00017	0.00010	0.00010	0.00018	0.00674	0.01478	0.06618	0.38318	0.48563	0.02265	0.00016	4.5e-05	6.6e-05	0.01201	0.00736	0.00010
14	0.00015	0.00011	0.00014	0.00016	0.00018	0.00011	0.00011	0.00018	0.00879	0.00032	0.07856	0.51543	0.24150	0.06938	0.00018	5.1e-05	7.3e-05	0.08437	0.00011	9.9e-05
15	0.01734	0.00756	0.04932	0.01417	0.01828	0.00884	0.00609	0.01556	0.04211	0.02777	0.06440	0.15195	0.07421	0.36061	0.01106	0.02323	0.00283	0.10139	0.00317	0.00011
16	0.05309	0.04987	0.01247	0.14647	0.27156	0.07817	0.03108	0.01736	0.02935	0.02220	0.00330	0.00451	0.00617	0.00295	0.01029	0.00270	0.24814	0.00716	0.00299	0.00015
17	0.00018	0.00012	0.00015	0.00016	0.00018	0.00012	0.00012	0.00021	0.04735	0.02364	0.04653	0.48166	0.08653	0.08821	0.01580	0.13444	8.5e-05	0.06309	0.01133	9.8e-05
18	0.00017	0.00012	0.00015	0.00016	0.00018	0.00011	0.00011	0.01024	0.00850	0.04276	0.05131	0.54051	0.15549	0.13821	0.00599	5.6e-05	0.00475	0.03444	0.00665	0.00010
19	0.05697	0.07893	0.36588	0.02639	0.05853	0.04062	0.05199	0.09683	0.06008	0.05888	0.01210	0.04062	0.00023	0.01431	0.00013	3.8e-05	0.01825	0.00446	0.00469	0.01008
20	0.03297	0.02148	0.09907	0.06042	0.02908	0.07708	0.09705	0.12278	0.04872	0.06687	0.02552	0.02843	0.02171	0.06060	0.10519	0.00625	0.05577	0.00941	0.00524	0.02636

[dist]
# distance from previous block
# <min> <max>
2	11

[block]
# block no. 6 follows, 2904 sequences, length 17
# corresponding to MSA columns:
# 677-681,683,684,686-693,697,698
name=unknown_G
#
# <colnr> <probs for GDERKNQSTAVLIFYWHMCP>
#	G	D	E	R	K	N	Q	S	T	A	V	L	I	F	Y	W	H	M	C	P
0	0.01759	0.10341	0.15936	0.11984	0.09529	0.02471	0.07611	0.09119	0.05817	0.06625	0.01775	0.01833	0.03175	0.01765	0.00549	3.7e-05	0.00788	0.00370	0.00591	0.07960
1	0.04293	0.19133	0.11124	0.12236	0.04430	0.02007	0.03976	0.19027	0.05695	0.02521	0.01051	0.03910	0.00633	0.00848	0.01483	0.00452	0.02315	0.01313	0.02765	0.00788
2	0.01972	0.00015	0.00569	0.00019	0.00023	0.00014	0.04245	0.00829	0.00461	0.14688	0.05234	0.14579	0.14841	0.06765	0.01516	0.00597	9.8e-05	0.30138	0.03473	0.00012
3	0.00545	0.00019	0.00023	0.00431	0.00024	0.00820	0.00453	0.02356	0.22815	0.01631	0.36098	0.06718	0.07631	0.00701	0.01651	4.5e-05	0.16559	0.00784	0.00724	0.00013
4	0.08536	0.00013	0.00015	0.00015	0.00017	0.00013	0.00010	0.00577	0.01278	0.00753	0.26811	0.25423	0.05478	0.28480	0.00704	6.4e-05	8.3e-05	0.00968	0.00885	0.0001
5	0.00019	0.00014	0.00019	0.00021	0.00024	0.00014	0.00018	0.00025	0.03142	0.00036	0.01315	0.11172	0.01303	0.00033	0.00016	5.3e-05	0.00010	0.82794	0.00011	0.00011
6	0.00017	0.00012	0.00015	0.00016	0.00018	0.00011	0.00012	0.00021	0.01306	0.00037	0.38203	0.23208	0.08774	0.14566	0.00869	5.5e-05	7.8e-05	0.12881	0.00011	0.00010
7	0.00028	0.00032	0.00070	0.00050	0.00062	0.00030	0.99463	0.00038	0.00028	0.00038	0.00024	0.00032	0.00018	0.00010	0.00014	4e-05	0.00020	0.00014	6e-05	0.00016
8	0.00030	0.01124	0.01061	0.09661	0.72603	0.01221	0.01181	0.01181	0.00861	0.04710	0.00025	0.02558	0.00021	0.00013	0.00526	0.00838	0.01785	0.00579	6.5e-05	0.00018
9	0.00024	0.02284	0.95303	0.00034	0.00051	0.00028	0.02037	0.00038	0.00025	0.00038	0.00021	0.00025	0.00015	0.00011	0.00011	3.8e-05	0.00018	8.9e-05	5.1e-05	0.00018
10	0.00018	0.00012	0.00016	0.00015	0.00018	0.00012	0.00012	0.00023	0.00917	0.02242	0.87245	0.03234	0.02215	0.01310	0.00813	4.1e-05	6.2e-05	0.01864	0.00013	0.00011
11	0.09562	0.00019	0.00024	0.00019	0.00027	0.00017	0.00016	0.01123	0.00903	0.67171	0.17444	0.00049	0.01483	0.02071	0.00013	3.9e-05	9.3e-05	0.00013	0.00014	0.00018
12	0.00449	0.29821	0.35561	0.03201	0.04012	0.05084	0.08349	0.00730	0.00701	0.01133	0.01608	0.06027	0.00393	0.00344	0.00373	0.00378	0.00443	0.01033	0.00342	0.00016
13	0.00024	0.00022	0.00037	0.90834	0.04305	0.01271	0.01224	0.02083	0.00025	0.00032	0.00021	0.00032	0.00016	0.00012	0.00012	3.9e-05	0.00016	0.00011	5.5e-05	0.00014
14	0.00016	0.00012	0.00015	0.00016	0.00019	0.00011	0.00012	0.00019	0.00745	0.00842	0.02853	0.34571	0.36525	0.01495	0.00016	0.00686	7.6e-05	0.21278	0.00852	0.00010
15	0.00819	0.00451	0.00661	0.01969	0.00575	0.02673	0.03323	0.06521	0.14217	0.19328	0.21163	0.07907	0.04129	0.01244	0.01040	4e-05	0.00387	0.02246	0.11326	0.00015
16	0.01987	0.00483	0.02184	0.00022	0.00581	0.00020	0.00533	0.10221	0.01050	0.79251	0.01199	0.00040	0.00029	0.00492	0.00012	3.7e-05	0.00011	0.00472	0.00539	0.00870

[dist]
# distance from previous block
# <min> <max>
0	11

[block]
# block no. 7 follows, 2904 sequences, length 14
# corresponding to MSA columns:
# 731-741,747,748,751
name=unknown_H
#
# <colnr> <probs for GDERKNQSTAVLIFYWHMCP>
#	G	D	E	R	K	N	Q	S	T	A	V	L	I	F	Y	W	H	M	C	P
0	0.01805	0.23704	0.11921	0.01718	0.01103	0.08550	0.01856	0.03454	0.05563	0.21200	0.02796	0.01526	0.05001	0.00704	0.03618	0.00586	0.03152	0.00450	0.00421	0.00873
1	0.00556	0.00015	0.00021	0.04448	0.04351	0.00862	0.00016	0.01391	0.00562	0.02568	0.00761	0.00982	0.00572	0.05462	0.70388	0.02602	0.00026	0.03621	0.00784	0.00011
2	0.71245	0.00026	0.00022	0.00019	0.00026	0.04823	0.00015	0.17703	0.01730	0.01862	0.00020	0.00023	0.00015	0.00013	0.01225	3.8e-05	0.00011	7.6e-05	0.01195	0.00014
3	0.02179	0.00022	0.00637	0.22090	0.01769	0.01233	0.00020	0.15865	0.01460	0.21103	0.08659	0.02705	0.07393	0.01221	0.01833	0.02421	0.00012	0.00538	0.00010	0.08831
4	0.00016	0.00012	0.00015	0.00016	0.00018	0.00011	0.00011	0.00019	0.00993	0.01493	0.02914	0.72375	0.04229	0.06455	0.01961	5.2e-05	7.9e-05	0.01259	0.00011	0.08176
5	0.06957	0.00029	0.00031	0.00026	0.01042	0.00860	0.00021	0.59470	0.20215	0.05125	0.00034	0.01688	0.00025	0.00016	0.00012	0.01271	0.00012	0.02206	0.00012	0.00948
6	0.01439	0.00013	0.00017	0.00016	0.00019	0.00012	0.00012	0.00025	0.00643	0.09264	0.51181	0.12315	0.17407	0.00858	0.01056	4.2e-05	0.01967	0.02032	0.01049	0.00671
7	0.00812	0.00017	0.00023	0.04526	0.10226	0.00605	0.00737	0.02533	0.04348	0.18491	0.01928	0.23387	0.06198	0.06951	0.01712	0.01918	0.00011	0.15552	0.00011	0.00014
8	0.00722	0.00015	0.00018	0.00017	0.00021	0.01145	0.00013	0.04495	0.03702	0.14431	0.29447	0.21895	0.13007	0.01083	0.00014	4.1e-05	7.5e-05	0.03140	0.06813	0.00013
9	0.06506	0.02510	0.04852	0.05291	0.04524	0.05049	0.55189	0.03511	0.00583	0.07860	0.00026	0.01448	0.00019	0.00560	0.00013	3.9e-05	0.01493	0.00012	0.00533	0.00016
10	0.00456	0.01671	0.00890	0.03466	0.00681	0.01781	0.02386	0.02477	0.07460	0.08524	0.01121	0.08919	0.02027	0.07975	0.34503	0.13054	0.00638	0.00887	0.00692	0.00390
11	0.00454	0.01209	0.01481	0.12558	0.00947	0.01242	0.03390	0.01313	0.01511	0.01727	0.04475	0.06734	0.02082	0.15109	0.30850	0.03242	0.06097	0.04673	0.00893	0.00011
12	0.16610	0.01150	0.00022	0.01039	0.00025	0.01447	0.00015	0.07864	0.07220	0.19553	0.01656	0.00977	0.00032	0.10065	0.11756	0.00804	0.00562	0.06018	0.13171	0.00014
13	0.00986	0.23369	0.15878	0.07111	0.08993	0.08099	0.07108	0.03818	0.11008	0.03712	0.01540	0.00440	0.00788	0.00378	0.00979	0.00372	0.02239	0.01589	0.00446	0.01147

[dist]
# distance from previous block
# <min> <max>
2	3

[block]
# block no. 8 follows, 2904 sequences, length 23
# corresponding to MSA columns:
# 756,763,765-778,783-786,791-793
name=unknown_I
#
# <colnr> <probs for GDERKNQSTAVLIFYWHMCP>
#	G	D	E	R	K	N	Q	S	T	A	V	L	I	F	Y	W	H	M	C	P
0	0.01840	0.01295	0.00372	0.08936	0.15598	0.01411	0.00805	0.02842	0.03300	0.01506	0.06971	0.07148	0.15885	0.02613	0.14644	0.01275	0.01816	0.02890	0.00460	0.08393
1	0.01072	0.00667	0.03516	0.01282	0.00497	0.00311	0.00693	0.01136	0.00593	0.16617	0.25578	0.30730	0.10972	0.00445	0.01036	4.3e-05	0.00861	0.01945	0.01753	0.00289
2	0.08451	0.00015	0.01281	0.05381	0.01003	0.00015	0.00546	0.01252	0.00730	0.04620	0.01289	0.15490	0.03407	0.42305	0.00535	0.00290	0.00525	0.07731	0.05123	0.00010
3	0.00486	0.19114	0.11118	0.03428	0.09061	0.08922	0.01287	0.02507	0.21395	0.02505	0.05083	0.01575	0.05522	0.01590	0.01395	3.9e-05	0.01888	0.01344	8.2e-05	0.01769
4	0.00017	0.00012	0.00015	0.00015	0.00018	0.00011	0.00011	0.00022	0.00032	0.01777	0.71952	0.08365	0.16464	0.01220	0.00015	4e-05	6e-05	0.00023	0.00013	0.00011
5	0.12949	0.02694	0.01696	0.00794	0.05107	0.01728	0.00654	0.14447	0.00364	0.03503	0.00488	0.00863	0.00019	0.00011	0.00368	2.7e-05	0.01556	0.00370	8e-05	0.52378
6	0.02995	0.00025	0.05047	0.15562	0.14268	0.00799	0.00473	0.03464	0.00408	0.07653	0.00024	0.00337	0.00019	0.00011	0.00011	0.00322	0.01333	0.00758	0.00312	0.46182
7	0.14855	0.02852	0.11835	0.05905	0.05157	0.11842	0.04844	0.11507	0.14430	0.04536	0.00632	0.01454	0.00546	0.00418	0.00356	0.00567	0.07551	0.00010	0.00318	0.00384
8	0.00301	0.03492	0.01065	0.00884	0.00515	0.05404	0.00370	0.13709	0.00315	0.30143	0.28512	0.01122	0.01303	0.01218	0.00611	3.8e-05	0.00460	0.01637	0.08921	0.00016
9	0.00017	0.00012	0.00013	0.00013	0.00013	0.00012	7.2e-05	0.00017	0.00017	0.00023	0.00038	0.00078	0.00043	0.99581	0.00061	0.00012	0.00012	0.00017	7.2e-05	7.2e-05
10	0.00025	0.05241	0.00863	0.04406	0.02832	0.10874	0.02588	0.05876	0.08798	0.00739	0.08236	0.02413	0.08174	0.04930	0.09822	0.13491	0.02046	0.08195	0.00437	0.00012
11	0.00025	0.00021	0.00025	0.00018	0.00028	0.00016	0.00014	0.00030	0.00025	0.00039	0.00021	0.00025	0.00018	8.8e-05	8.8e-05	1.8e-05	8.8e-05	7.1e-05	7.1e-05	0.99654
12	0.00031	0.00023	0.01613	0.09246	0.04552	0.02022	0.09034	0.02957	0.00690	0.21351	0.06182	0.00414	0.06181	0.00014	0.00011	3.1e-05	0.00544	0.00593	9.2e-05	0.34530
13	0.00025	0.00021	0.00025	0.00018	0.00028	0.00016	0.00014	0.01495	0.01545	0.00040	0.00022	0.00025	0.00018	9e-05	8.9e-05	1.8e-05	8.9e-05	7.2e-05	7.2e-05	0.96664
14	0.01476	0.01765	0.03866	0.05287	0.61424	0.19173	0.01409	0.00609	0.00699	0.02264	0.00022	0.00429	0.00018	0.00011	0.00012	3.5e-05	0.01499	0.00010	6.2e-05	0.00017
15	0.00017	0.00012	0.00016	0.00015	0.00018	0.00011	0.00011	0.00022	0.00033	0.00047	0.93102	0.00091	0.06511	0.00025	0.00014	3.8e-05	5.7e-05	0.00022	0.00013	0.00011
16	0.02366	0.48448	0.07382	0.00673	0.06777	0.02485	0.01945	0.02815	0.11418	0.01217	0.01124	0.00358	0.00522	0.01140	0.04762	0.00580	0.03129	0.02254	0.00589	0.00016
17	0.02468	0.00033	0.00035	0.00027	0.00037	0.00037	0.00022	0.97048	0.00055	0.00075	0.00028	0.00028	0.00020	0.00014	0.00012	3.6e-05	0.00013	0.00011	0.00012	0.00020
18	0.12436	0.00023	0.01231	0.00495	0.00505	0.00022	0.01881	0.11217	0.09015	0.55191	0.02521	0.00611	0.02539	0.00360	0.00012	3.8e-05	0.00010	0.01159	0.00750	0.00018
19	0.00017	0.00012	0.00015	0.00015	0.00018	0.00011	0.00011	0.00022	0.01019	0.01644	0.62939	0.12423	0.15807	0.03902	0.00472	0.00498	6.4e-05	0.00617	0.00542	0.00011
20	0.00016	0.00012	0.00015	0.00015	0.00018	0.00011	0.00011	0.00021	0.00708	0.01029	0.50155	0.16205	0.25884	0.01901	0.00015	4.2e-05	6.3e-05	0.03389	0.00573	0.00011
21	0.02354	0.00364	0.03539	0.44089	0.13836	0.01434	0.02934	0.06333	0.02482	0.03032	0.05168	0.02435	0.01504	0.00534	0.00700	4.1e-05	0.07414	0.00684	0.01144	0.00015
22	0.00558	0.00011	0.00014	0.00016	0.00018	0.00011	0.00011	0.00019	0.00024	0.02149	0.02701	0.54310	0.15030	0.11421	0.00020	0.00515	7.8e-05	0.11188	0.01964	9.9e-05

[dist]
# distance from previous block
# <min> <max>
9	57

[block]
# block no. 9 follows, 2904 sequences, length 19
# corresponding to MSA columns:
# 856-859,869-878,880-884
name=unknown_J
#
# <colnr> <probs for GDERKNQSTAVLIFYWHMCP>
#	G	D	E	R	K	N	Q	S	T	A	V	L	I	F	Y	W	H	M	C	P
0	0.00017	0.00012	0.00015	0.00016	0.00017	0.00012	0.00010	0.00460	0.01053	0.01265	0.08349	0.38694	0.01142	0.39041	0.04760	0.00807	0.00471	0.02934	0.00490	0.00437
1	0.02917	0.02849	0.13398	0.03307	0.05547	0.03418	0.01283	0.09300	0.00816	0.07148	0.02106	0.04040	0.03597	0.36407	0.00786	0.00675	0.00558	0.01298	0.00538	0.00013
2	0.02018	0.05287	0.08076	0.24460	0.19344	0.03193	0.08008	0.03702	0.05571	0.07353	0.01235	0.02798	0.00647	0.00541	0.03070	0.01102	0.01319	0.00539	0.00673	0.01064
3	0.00017	0.00012	0.00015	0.00015	0.00018	0.00011	0.00011	0.00021	0.02277	0.02653	0.31084	0.29693	0.14868	0.13096	0.02608	5.6e-05	7.9e-05	0.02598	0.00978	0.00010
4	0.00640	0.00015	0.00017	0.00016	0.00020	0.00014	0.00606	0.01938	0.12852	0.03077	0.45668	0.09905	0.17919	0.02643	0.00015	4.1e-05	6.9e-05	0.01305	0.03328	0.00012
5	0.00771	0.09375	0.03555	0.22354	0.38036	0.01210	0.03012	0.03125	0.06298	0.06870	0.00386	0.01547	0.00021	0.00012	0.00012	3.7e-05	0.02539	0.00424	0.00431	0.00017
6	0.04537	0.01262	0.06095	0.02223	0.06451	0.01236	0.05278	0.03255	0.06794	0.37978	0.03843	0.08648	0.04990	0.00713	0.00461	0.00393	0.02709	0.02611	0.00504	0.00017
7	0.11710	0.00021	0.00025	0.00020	0.00028	0.00021	0.00016	0.16278	0.01374	0.49292	0.04124	0.03793	0.01349	0.00999	0.00012	3.7e-05	9.7e-05	0.00928	0.09980	0.00017
8	0.00017	0.00012	0.00013	0.00013	0.00013	0.00012	7.5e-05	0.00017	0.00018	0.00023	0.00038	0.02662	0.00044	0.95152	0.01902	0.00012	0.00012	0.00018	7.3e-05	7.4e-05
9	0.13252	0.00030	0.00543	0.01126	0.01212	0.17187	0.06269	0.20176	0.05246	0.19623	0.03747	0.04267	0.00822	0.00981	0.00013	0.00426	0.02742	0.02313	0.00010	0.00016
10	0.01096	0.00488	0.00532	0.00742	0.02133	0.09004	0.55734	0.03827	0.02364	0.04110	0.00027	0.01285	0.00022	0.00949	0.01418	4.4e-05	0.11566	0.04042	0.00641	0.00015
11	0.00024	0.00022	0.00038	0.83686	0.11970	0.00027	0.01413	0.00032	0.00024	0.01208	0.00022	0.00032	0.00016	0.00012	0.00012	3.9e-05	0.00016	0.00011	5.5e-05	0.01428
12	0.00023	0.00021	0.00036	0.99552	0.00082	0.00027	0.00033	0.00030	0.00024	0.00030	0.00021	0.00032	0.00016	0.00012	0.00012	4e-05	0.00016	0.00011	5.3e-05	0.00013
13	0.00029	0.00028	0.00049	0.00073	0.96808	0.00028	0.02734	0.00037	0.00027	0.00039	0.00022	0.00030	0.00019	0.00011	0.00012	3.6e-05	0.00014	0.00011	5.9e-05	0.00019
14	0.00028	0.00024	0.00029	0.00615	0.05702	0.02695	0.04705	0.02070	0.59148	0.00942	0.01527	0.01178	0.01655	0.00537	0.00013	4.3e-05	0.00011	0.19089	0.00011	0.00017
15	0.00015	0.00011	0.00014	0.00016	0.00018	0.00010	0.00011	0.00917	0.00025	0.01116	0.03600	0.71343	0.17966	0.01166	0.00015	4.7e-05	7e-05	0.02918	0.00817	0.00010
16	0.03719	0.00021	0.00366	0.44910	0.07154	0.01986	0.03955	0.03759	0.01065	0.04347	0.03904	0.07278	0.01850	0.00670	0.02353	0.08593	0.01647	0.01879	7.2e-05	0.00537
17	0.01335	0.00047	0.00035	0.02325	0.05955	0.69990	0.04535	0.03905	0.00923	0.05133	0.01075	0.00026	0.00018	0.01016	0.00575	0.00726	0.02349	9e-05	6.9e-05	0.00015
18	0.02818	0.00036	0.00031	0.00026	0.01424	0.34932	0.00020	0.24896	0.07702	0.18593	0.02115	0.00799	0.02892	0.00014	0.00011	3.4e-05	0.00014	0.00011	0.02506	0.01156

[dist]
# distance from previous block
# <min> <max>
7	52

[block]
# block no. 10 follows, 2904 sequences, length 17
# corresponding to MSA columns:
# 973-989
name=unknown_K
#
# <colnr> <probs for GDERKNQSTAVLIFYWHMCP>
#	G	D	E	R	K	N	Q	S	T	A	V	L	I	F	Y	W	H	M	C	P
0	0.00023	0.00021	0.00036	0.99552	0.00082	0.00027	0.00033	0.00030	0.00024	0.00030	0.00021	0.00032	0.00016	0.00012	0.00012	4e-05	0.00016	0.00011	5.3e-05	0.00013
1	0.23186	0.00021	0.00024	0.00019	0.00028	0.00019	0.00015	0.01293	0.01281	0.44335	0.01354	0.00035	0.02567	0.00013	0.00010	3.2e-05	9.5e-05	0.00770	0.00011	0.25007
2	0.00025	0.02128	0.86672	0.00035	0.01268	0.00028	0.08388	0.00038	0.00026	0.01253	0.00022	0.00026	0.00016	0.00011	0.00012	3.8e-05	0.00018	9.3e-05	5.3e-05	0.00018
3	0.00474	0.06750	0.14960	0.04330	0.05098	0.12978	0.16518	0.02663	0.23232	0.08366	0.01479	0.00034	0.00487	0.00013	0.00012	3.7e-05	0.01521	0.01057	8.3e-05	0.00017
4	0.00015	0.00011	0.00014	0.00016	0.00017	0.00010	0.00011	0.00017	0.00024	0.00032	0.09404	0.69580	0.15454	0.02935	0.00016	4.8e-05	6.8e-05	0.01297	0.01124	9.9e-05
5	0.04389	0.14764	0.01963	0.00596	0.01174	0.01784	0.00533	0.42437	0.18645	0.05467	0.00447	0.00501	0.00023	0.00014	0.00389	3.5e-05	0.00608	0.00010	0.00504	0.05748
6	0.00504	0.00014	0.00602	0.00370	0.01195	0.00501	0.00613	0.00980	0.01512	0.01510	0.31343	0.28692	0.19243	0.00501	0.00408	0.01137	7.2e-05	0.02557	0.00659	0.07650
7	0.01864	0.10259	0.33498	0.00933	0.03713	0.03209	0.08424	0.05432	0.01967	0.22214	0.01242	0.01032	0.00609	0.00456	0.00613	0.00311	0.01282	0.00644	0.00433	0.01866
8	0.03248	0.22989	0.28872	0.01388	0.03478	0.01035	0.20924	0.01106	0.02841	0.05506	0.01538	0.01905	0.01462	0.00013	0.00478	3.7e-05	0.01130	0.01502	0.00566	0.00016
9	0.00018	0.00012	0.00015	0.00015	0.00016	0.00012	9.6e-05	0.01194	0.00693	0.00026	0.01840	0.04716	0.02727	0.61739	0.18971	0.06815	0.00015	0.01151	7.5e-05	8.3e-05
10	0.01861	0.00540	0.01439	0.01531	0.02234	0.00394	0.02580	0.00803	0.01525	0.18411	0.29856	0.06268	0.21116	0.01657	0.01510	0.00351	0.00513	0.00528	0.06872	0.00013
11	0.01975	0.03967	0.08777	0.23544	0.11210	0.05642	0.06310	0.03513	0.04142	0.20542	0.01438	0.03252	0.00895	0.00510	0.00965	0.00393	0.01026	0.01298	0.00584	0.00016
12	0.00015	0.00011	0.00014	0.00809	0.00018	0.00010	0.00011	0.00018	0.00024	0.01024	0.03269	0.72691	0.13578	0.03043	0.00017	0.00880	7.2e-05	0.04540	0.00011	9.9e-05
13	0.01764	0.00488	0.00711	0.00447	0.00771	0.00523	0.00493	0.15395	0.10433	0.44457	0.01269	0.01180	0.02720	0.05258	0.09093	0.01246	0.00744	0.00402	0.02591	0.00017
14	0.02869	0.14269	0.09757	0.11134	0.08428	0.30403	0.06535	0.01611	0.01325	0.04533	0.01016	0.02835	0.00799	0.00928	0.00672	0.00403	0.00884	0.01022	0.00560	0.00015
15	0.02112	0.00946	0.08847	0.05097	0.03431	0.03183	0.04250	0.03703	0.05481	0.22399	0.06429	0.07649	0.05467	0.03505	0.05472	0.03700	0.04781	0.01743	0.01789	0.00015
16	0.01715	0.00486	0.01148	0.02164	0.01043	0.00344	0.00495	0.03338	0.01830	0.02531	0.07051	0.50380	0.10959	0.04960	0.02512	0.03311	0.00882	0.02913	0.01306	0.00632

[dist]
# distance from previous block
# <min> <max>
0	404

# created by:
# /home/cegg/simao/soft/augustus-3.2.1/scripts/msa2prfl.pl ./align_prep/POG091H02E3.fa
