[name]
unknown

[dist]
# distance from previous block
# <min> <max>
0	78

[block]
# block no. 0 follows, 3315 sequences, length 31
# corresponding to MSA columns:
# 96-126
name=unknown_A
#
# <colnr> <probs for GDERKNQSTAVLIFYWHMCP>
#	G	D	E	R	K	N	Q	S	T	A	V	L	I	F	Y	W	H	M	C	P
0	0.01388	0.10077	0.23606	0.03723	0.06667	0.06648	0.14755	0.03769	0.07522	0.01174	0.00321	0.01934	0.00356	0.00013	0.00258	3.5e-05	0.03790	0.12231	6.3e-05	0.01759
1	0.00317	0.29278	0.07490	0.00927	0.20032	0.19326	0.03730	0.05331	0.01754	0.04472	0.00312	0.00447	0.00512	0.00011	0.00234	2.8e-05	0.02138	0.00394	5.8e-05	0.03285
2	0.00013	0.00010	0.00012	0.00425	0.00015	9.2e-05	0.00358	0.00329	0.00430	0.00028	0.02947	0.32709	0.56742	0.03721	0.01019	4.1e-05	6.1e-05	0.00707	9.6e-05	0.00506
3	0.00019	0.00018	0.00030	0.89247	0.02643	0.00022	0.00028	0.00026	0.00021	0.00027	0.00668	0.00755	0.05192	0.00012	0.00011	3.5e-05	0.00013	0.00568	0.00685	0.00012
4	0.00039	0.01750	0.00030	0.00027	0.00032	0.96794	0.00020	0.00042	0.01125	0.00026	0.00016	0.00019	0.00014	0.00011	9.4e-05	2.7e-05	0.00019	6.8e-05	5.4e-05	0.00012
5	0.00013	0.00011	0.00012	0.00011	0.00015	9.1e-05	8.5e-05	0.00016	0.00025	0.00032	0.25035	0.03539	0.71187	0.00025	0.00012	3.5e-05	5.2e-05	0.00022	0.00010	9.1e-05
6	0.00907	0.00018	0.00024	0.00019	0.00027	0.00015	0.00015	0.00051	0.01008	0.96654	0.01123	0.00036	0.00027	0.00013	0.00011	3.2e-05	8.8e-05	0.00011	0.00013	0.00018
7	0.00013	0.00011	0.00011	0.00011	0.00014	8.9e-05	8.2e-05	0.00016	0.00024	0.00030	0.11413	0.01191	0.87161	0.00026	0.00012	3.5e-05	5.3e-05	0.00022	9.9e-05	8.9e-05
8	0.00013	0.00011	0.00011	0.00011	0.00014	9e-05	8.3e-05	0.00016	0.00025	0.00030	0.16226	0.00097	0.83441	0.00026	0.00012	3.5e-05	5.2e-05	0.00022	0.00010	9e-05
9	0.00047	0.00018	0.00024	0.00019	0.00027	0.00015	0.00015	0.00051	0.00030	0.99574	0.00041	0.00036	0.00026	0.00013	0.00011	3.2e-05	8.9e-05	0.00011	0.00013	0.00018
10	0.00023	0.00023	0.00032	0.00027	0.00027	0.00032	0.00023	0.00025	0.00016	0.00025	0.00014	0.00023	0.00014	0.00018	0.00034	4.6e-05	0.99613	9.2e-05	4.6e-05	0.00011
11	0.00015	0.00011	0.00014	0.00013	0.00016	9.8e-05	9.8e-05	0.00020	0.00029	0.00041	0.95729	0.00079	0.03932	0.00022	0.00012	3.3e-05	4.9e-05	0.00019	0.00011	9.8e-05
12	0.00028	0.99639	0.00055	0.00018	0.00027	0.00041	0.00018	0.00031	0.00021	0.00025	0.00015	0.00017	0.00013	9e-05	6.7e-05	2.2e-05	0.00011	5.6e-05	4.5e-05	0.00013
13	0.00025	0.00023	0.00031	0.00027	0.00027	0.00031	0.00022	0.00027	0.00017	0.07125	0.00016	0.00024	0.00015	0.00018	0.00033	4.5e-05	0.92509	9.3e-05	5.2e-05	0.00012
14	0.99706	0.00020	0.00015	0.00014	0.00020	0.00023	0.00011	0.00031	0.00018	0.00047	0.00015	0.00017	0.00011	9.7e-05	6.5e-05	3.2e-05	8.1e-05	5.7e-05	6.5e-05	0.00011
15	0.00026	0.00025	0.00042	0.00064	0.99567	0.00025	0.00032	0.00032	0.00024	0.00034	0.00020	0.00026	0.00017	9.3e-05	0.00010	3.1e-05	0.00012	9.3e-05	5.2e-05	0.00017
16	0.00027	0.00023	0.00024	0.00021	0.00028	0.00026	0.00017	0.07151	0.92452	0.00045	0.00041	0.00038	0.00031	0.00014	0.00011	3.5e-05	8.5e-05	0.00012	0.00011	0.00017
17	0.00026	0.00023	0.00024	0.00021	0.00027	0.00026	0.00017	0.02915	0.96688	0.00044	0.00042	0.00039	0.00032	0.00014	0.00011	3.5e-05	8.4e-05	0.00012	0.00011	0.00017
18	0.00013	9.3e-05	0.00012	0.00015	0.00015	8.8e-05	0.0001	0.00015	0.00741	0.00027	0.00738	0.93047	0.01885	0.00032	0.00013	4.2e-05	6.2e-05	0.03388	9.7e-05	8.6e-05
19	0.00015	0.00011	0.00014	0.00013	0.00016	9.9e-05	9.9e-05	0.00020	0.00918	0.00041	0.87973	0.04185	0.04697	0.00022	0.00012	3.4e-05	5.1e-05	0.01021	0.01005	9.8e-05
20	0.01202	0.93424	0.00053	0.00018	0.00027	0.05081	0.00018	0.00032	0.00022	0.00025	0.00015	0.00017	0.00013	9.1e-05	6.8e-05	2.3e-05	0.00012	5.7e-05	4.5e-05	0.00013
21	0.08208	0.00255	0.10769	0.02232	0.24375	0.02025	0.11164	0.06602	0.00463	0.27930	0.01654	0.00029	0.00020	0.00283	0.00010	3.2e-05	0.00566	0.00238	0.03157	0.00016
22	0.00014	0.00010	0.00013	0.00015	0.00017	9.6e-05	0.00011	0.00017	0.00021	0.00028	0.01393	0.54098	0.10874	0.06023	0.00016	4.7e-05	7.2e-05	0.27411	9.5e-05	8.7e-05
23	0.00013	9.4e-05	0.00012	0.00014	0.00015	8.8e-05	9.8e-05	0.00015	0.00020	0.00027	0.00057	0.85725	0.02878	0.06508	0.00016	4.6e-05	6.5e-05	0.04643	9.5e-05	8.4e-05
24	0.00342	0.00299	0.03024	0.27864	0.32161	0.02066	0.13181	0.04439	0.00358	0.01316	0.00256	0.03789	0.00334	0.00224	0.01904	0.02519	0.05635	0.00270	5.6e-05	0.00014
25	0.00378	0.00270	0.00687	0.00251	0.00511	0.00240	0.79267	0.01238	0.01254	0.08555	0.00279	0.00742	0.00278	0.00449	0.00696	3.7e-05	0.04623	0.00012	0.00252	0.00014
26	0.07029	0.00026	0.00028	0.00022	0.00030	0.00502	0.00501	0.68469	0.09341	0.10055	0.00028	0.00027	0.00020	0.00013	0.00010	3.2e-05	0.00011	9.5e-05	0.03858	0.00017
27	0.67302	0.05046	0.01454	0.01734	0.04157	0.04544	0.03235	0.00956	0.00589	0.00774	0.00017	0.00971	0.00450	0.00011	9.5e-05	3.3e-05	0.08121	6.9e-05	0.00609	0.00012
28	0.00279	0.00018	0.00877	0.00019	0.00598	0.01321	0.02143	0.05243	0.33986	0.16549	0.17530	0.09606	0.09266	0.00380	0.00012	3.5e-05	0.00574	0.01571	0.00011	0.00014
29	0.00015	0.00010	0.00494	0.00012	0.00013	0.00010	7.6e-05	0.00626	0.00017	0.00023	0.02520	0.19615	0.00982	0.72131	0.02894	8.8e-05	0.00588	0.00018	7.1e-05	7.1e-05
30	0.08999	0.08895	0.03563	0.55861	0.01512	0.01939	0.00524	0.05136	0.02623	0.05113	0.00265	0.00268	0.00015	0.00011	0.00011	3.3e-05	0.03793	8.7e-05	5.7e-05	0.01454

[dist]
# distance from previous block
# <min> <max>
1	13

[block]
# block no. 1 follows, 3315 sequences, length 26
# corresponding to MSA columns:
# 143-168
name=unknown_B
#
# <colnr> <probs for GDERKNQSTAVLIFYWHMCP>
#	G	D	E	R	K	N	Q	S	T	A	V	L	I	F	Y	W	H	M	C	P
0	0.02518	0.19991	0.69066	0.00027	0.01435	0.00712	0.00411	0.00546	0.02452	0.01246	0.01103	0.00022	0.00407	0.00010	9.3e-05	3.1e-05	0.00014	7.6e-05	4.9e-05	0.00015
1	0.00019	0.00018	0.01522	0.80017	0.00062	0.00021	0.01925	0.00026	0.02182	0.00028	0.00932	0.07221	0.00020	0.00524	0.00011	3.5e-05	0.00013	0.00011	0.05431	0.00011
2	0.00020	0.00012	0.00016	0.00014	0.00018	0.00011	0.00408	0.00933	0.00425	0.17165	0.55816	0.02853	0.14835	0.01273	0.00548	3.6e-05	6.3e-05	0.05620	0.00011	0.00011
3	0.00016	0.00011	0.00016	0.00018	0.00020	0.00011	0.00015	0.00020	0.00023	0.00030	0.00056	0.19837	0.00062	0.00030	0.00014	4.7e-05	8.9e-05	0.79785	9.6e-05	9.4e-05
4	0.00028	0.99639	0.00055	0.00018	0.00027	0.00041	0.00018	0.00031	0.00021	0.00025	0.00015	0.00017	0.00013	9e-05	6.7e-05	2.2e-05	0.00011	5.6e-05	4.5e-05	0.00013
5	0.00038	0.00364	0.00031	0.01799	0.00407	0.10036	0.00376	0.79581	0.04319	0.01199	0.00025	0.00026	0.00018	0.00525	0.00371	3.2e-05	0.00356	9.3e-05	0.00499	0.00017
6	0.13285	0.02791	0.00471	0.00379	0.00029	0.71405	0.00018	0.00450	0.00335	0.00029	0.00021	0.01046	0.01752	0.00411	0.00631	3.1e-05	0.00517	0.06409	5.9e-05	0.00012
7	0.00029	0.77331	0.04400	0.00019	0.00028	0.00528	0.02499	0.00494	0.00970	0.10281	0.00501	0.00020	0.00478	9.6e-05	7.5e-05	2.4e-05	0.00011	6.6e-05	5.6e-05	0.02378
8	0.00014	0.00011	0.00017	0.00017	0.00019	0.00010	0.09920	0.00017	0.00021	0.00028	0.00065	0.67838	0.21926	0.00029	0.00013	4e-05	7.1e-05	0.00026	9.3e-05	9.1e-05
9	0.00021	0.00054	0.99578	0.00030	0.00045	0.00024	0.00039	0.00033	0.00022	0.00033	0.00019	0.00022	0.00013	9.9e-05	9.9e-05	3.3e-05	0.00015	7.7e-05	4.4e-05	0.00015
10	0.00022	0.00021	0.00036	0.60518	0.32992	0.00024	0.02279	0.01786	0.00022	0.00602	0.00019	0.00027	0.00015	0.00010	0.00011	3.4e-05	0.01014	9.4e-05	0.00575	0.00013
11	0.00021	0.00054	0.99578	0.00030	0.00045	0.00024	0.00039	0.00033	0.00022	0.00033	0.00019	0.00022	0.00013	9.9e-05	9.9e-05	3.3e-05	0.00015	7.7e-05	4.4e-05	0.00015
12	0.00021	0.00020	0.00033	0.82181	0.16086	0.00024	0.00029	0.00028	0.00021	0.00028	0.00019	0.00028	0.00014	0.00010	0.00011	3.4e-05	0.01418	9.3e-05	4.7e-05	0.00012
13	0.97692	0.00020	0.00016	0.02026	0.00021	0.00023	0.00012	0.00031	0.00018	0.00047	0.00015	0.00017	0.00011	9.7e-05	6.6e-05	3.2e-05	8.2e-05	5.7e-05	6.4e-05	0.00011
14	0.00012	0.00011	0.00011	0.00011	0.00014	8.8e-05	7.9e-05	0.00015	0.00024	0.00028	0.00106	0.00101	0.99563	0.00026	0.00012	3.5e-05	5.3e-05	0.00022	9.7e-05	8.8e-05
15	0.00026	0.00022	0.00024	0.00021	0.00027	0.00026	0.00017	0.00056	0.99548	0.00044	0.00043	0.00039	0.00032	0.00014	0.00011	3.5e-05	8.3e-05	0.00012	0.00011	0.00017
16	0.00012	0.00011	0.00011	0.00011	0.00014	8.8e-05	7.9e-05	0.00015	0.00024	0.00028	0.00106	0.00101	0.99563	0.00026	0.00012	3.5e-05	5.3e-05	0.00022	9.7e-05	8.8e-05
17	0.00015	0.00011	0.00408	0.01943	0.02093	0.00011	0.00012	0.00723	0.04304	0.02159	0.01567	0.73226	0.00440	0.03733	0.03865	4.9e-05	7.8e-05	0.05459	9.4e-05	9.4e-05
18	0.00045	0.00021	0.00027	0.00020	0.00029	0.00021	0.00017	0.31825	0.00036	0.67792	0.00036	0.00032	0.00023	0.00013	0.00011	3.2e-05	9.7e-05	0.00010	0.00012	0.00018
19	0.00026	0.00025	0.00042	0.00063	0.97584	0.02009	0.00032	0.00032	0.00024	0.00034	0.00020	0.00026	0.00017	9.4e-05	0.00010	3.1e-05	0.00013	9.3e-05	5.2e-05	0.00016
20	0.00037	0.00045	0.00029	0.00026	0.00031	0.83807	0.01019	0.00533	0.00828	0.02963	0.01417	0.00022	0.00500	0.00011	0.00010	2.8e-05	0.03301	7.4e-05	0.03986	0.01425
21	0.01110	0.00019	0.00020	0.00018	0.00024	0.00021	0.00014	0.00046	0.68115	0.04200	0.09102	0.00928	0.02409	0.00015	0.00010	3.4e-05	7.4e-05	0.00012	0.13910	0.00015
22	0.01210	0.00022	0.00026	0.00020	0.00028	0.00021	0.00017	0.33616	0.02150	0.61057	0.00717	0.00032	0.00024	0.00013	0.00010	3.2e-05	9.7e-05	0.00010	0.00995	0.00018
23	0.00014	0.00011	0.00013	0.00012	0.00015	9.6e-05	9.2e-05	0.00018	0.00699	0.01358	0.52530	0.03624	0.38727	0.01245	0.01097	3.6e-05	5.5e-05	0.00020	0.00578	9.5e-05
24	0.00259	0.03334	0.10392	0.14380	0.09506	0.16070	0.03590	0.02997	0.06717	0.02520	0.05341	0.01458	0.02041	0.01921	0.04014	0.00368	0.07796	0.06311	6.5e-05	0.00979
25	0.00017	0.00011	0.00017	0.03135	0.00571	0.00013	0.00013	0.00398	0.00016	0.00023	0.00839	0.00456	0.00409	0.01334	0.56984	0.30834	0.04479	0.00011	0.00433	8.1e-05

[dist]
# distance from previous block
# <min> <max>
2	16

[block]
# block no. 2 follows, 3315 sequences, length 86
# corresponding to MSA columns:
# 185-237,245-248,253-281
name=unknown_C
#
# <colnr> <probs for GDERKNQSTAVLIFYWHMCP>
#	G	D	E	R	K	N	Q	S	T	A	V	L	I	F	Y	W	H	M	C	P
0	0.00109	0.00161	0.00303	0.00596	0.02672	0.01327	0.00014	0.00874	0.34220	0.00411	0.20768	0.02234	0.09964	0.00609	0.20919	0.00313	0.02408	0.01005	0.01081	0.00012
1	0.00023	0.00299	0.00034	0.29799	0.40194	0.00612	0.02047	0.00140	0.09582	0.00243	0.04298	0.03483	0.01928	0.00105	0.00163	0.00349	0.06237	0.00357	6.1e-05	0.00102
2	0.00013	0.00011	0.00011	0.00011	0.00014	8.9e-05	8.1e-05	0.00015	0.00024	0.00029	0.04478	0.02333	0.92062	0.00366	0.00234	3.6e-05	5.4e-05	0.00356	9.8e-05	8.9e-05
3	0.00039	0.00050	0.00030	0.00027	0.00032	0.98957	0.00020	0.00042	0.00662	0.00026	0.00016	0.00019	0.00014	0.00011	9.4e-05	2.7e-05	0.00019	6.8e-05	5.4e-05	0.00012
4	0.00013	0.00011	0.00011	0.00011	0.00014	9e-05	8.3e-05	0.00016	0.00025	0.00030	0.13298	0.02152	0.83957	0.00026	0.00012	3.5e-05	5.3e-05	0.00380	0.0001	9e-05
5	0.00014	0.00011	0.00013	0.00012	0.00015	9.4e-05	9.3e-05	0.00017	0.00026	0.00034	0.45429	0.08282	0.42234	0.00025	0.00013	3.5e-05	5.4e-05	0.03826	0.00011	9.3e-05
6	0.00028	0.99639	0.00055	0.00018	0.00027	0.00041	0.00018	0.00031	0.00021	0.00025	0.00015	0.00017	0.00013	9e-05	6.7e-05	2.2e-05	0.00011	5.6e-05	4.5e-05	0.00013
7	0.00026	0.00022	0.00024	0.00021	0.00027	0.00026	0.00017	0.00056	0.99548	0.00044	0.00043	0.00039	0.00032	0.00014	0.00011	3.5e-05	8.3e-05	0.00012	0.00011	0.00017
8	0.00022	0.00019	0.00022	0.00015	0.00025	0.00014	0.00012	0.00026	0.00022	0.00034	0.00019	0.00022	0.00015	7.7e-05	7.7e-05	1.5e-05	7.7e-05	6.2e-05	6.2e-05	0.99696
9	0.99706	0.00020	0.00015	0.00014	0.00020	0.00023	0.00011	0.00031	0.00018	0.00047	0.00015	0.00017	0.00011	9.7e-05	6.5e-05	3.2e-05	8.1e-05	5.7e-05	6.5e-05	0.00011
10	0.00023	0.00023	0.00032	0.00027	0.00027	0.00032	0.00023	0.00025	0.00016	0.00025	0.00014	0.00023	0.00014	0.00018	0.00034	4.6e-05	0.99613	9.2e-05	4.6e-05	0.00011
11	0.00046	0.00018	0.00025	0.00970	0.00027	0.00016	0.00016	0.04736	0.00031	0.93937	0.00040	0.00035	0.00025	0.00013	0.00011	3.2e-05	9.1e-05	0.00010	0.00013	0.00018
12	0.00028	0.99639	0.00055	0.00018	0.00027	0.00041	0.00018	0.00031	0.00021	0.00025	0.00015	0.00017	0.00013	9e-05	6.7e-05	2.2e-05	0.00011	5.6e-05	4.5e-05	0.00013
13	0.00015	0.00010	0.00011	0.00011	0.00011	0.00010	6.3e-05	0.00015	0.00015	0.00020	0.00033	0.00068	0.00038	0.99632	0.00053	0.00010	0.00010	0.00015	6.3e-05	6.3e-05
14	0.90250	0.00021	0.00017	0.00015	0.00021	0.00024	0.00012	0.08364	0.00021	0.01156	0.00016	0.00018	0.00012	0.0001	6.9e-05	3.2e-05	8.4e-05	6e-05	6.9e-05	0.00012
15	0.93408	0.00021	0.00016	0.00014	0.00021	0.00024	0.00012	0.04579	0.00019	0.01788	0.00016	0.00018	0.00012	9.9e-05	6.7e-05	3.2e-05	8.3e-05	5.9e-05	6.8e-05	0.00012
16	0.00021	0.00054	0.98453	0.00030	0.00045	0.00024	0.01163	0.00033	0.00022	0.00033	0.00019	0.00022	0.00013	9.9e-05	0.0001	3.3e-05	0.00015	7.8e-05	4.4e-05	0.00015
17	0.00015	0.00011	0.00014	0.00013	0.00016	9.9e-05	9.9e-05	0.00020	0.00030	0.00042	0.98905	0.00078	0.00755	0.00021	0.00012	3.3e-05	4.9e-05	0.00019	0.00012	9.9e-05
18	0.00021	0.00054	0.97882	0.00030	0.00045	0.00024	0.01734	0.00033	0.00022	0.00033	0.00019	0.00022	0.00013	9.9e-05	0.0001	3.3e-05	0.00015	7.8e-05	4.4e-05	0.00015
19	0.00020	0.00019	0.00031	0.99607	0.00072	0.00023	0.00029	0.00027	0.00021	0.00027	0.00019	0.00028	0.00014	0.00010	0.00010	3.5e-05	0.00014	9.3e-05	4.6e-05	0.00012
20	0.13824	0.00013	0.00014	0.00013	0.00017	0.00013	0.00010	0.01842	0.02364	0.04757	0.48993	0.00072	0.27990	0.00020	0.00011	3.4e-05	5.9e-05	0.00017	0.00010	0.00010
21	0.00014	9.8e-05	0.00013	0.00015	0.00017	9.3e-05	0.00011	0.00016	0.00021	0.00028	0.00812	0.73197	0.04540	0.00032	0.00014	4.3e-05	6.8e-05	0.21223	9.7e-05	8.8e-05
22	0.06705	0.00765	0.01075	0.04412	0.28835	0.11560	0.00719	0.39886	0.01049	0.01701	0.00255	0.00026	0.00017	0.00011	0.00197	3.2e-05	0.01060	0.01265	0.00443	0.00016
23	0.00017	0.00013	0.00017	0.00019	0.00456	0.00013	0.00017	0.00023	0.04736	0.00464	0.00055	0.03084	0.00297	0.00028	0.00014	4.7e-05	9.5e-05	0.90714	9.7e-05	0.0001
24	0.00021	0.00012	0.00016	0.00014	0.00018	0.00011	0.00011	0.00236	0.01260	0.18380	0.78983	0.00070	0.00541	0.00020	0.00012	3.3e-05	5.7e-05	0.00017	0.00359	0.00011
25	0.00028	0.92139	0.02088	0.00019	0.00028	0.04406	0.00263	0.00615	0.00291	0.00025	0.00015	0.00017	0.00014	9.1e-05	6.9e-05	2.3e-05	0.00012	5.7e-05	4.6e-05	0.00013
26	0.72557	0.00022	0.00019	0.00016	0.00023	0.00280	0.00013	0.17274	0.03962	0.02187	0.00019	0.00020	0.00014	0.00011	7.5e-05	3.2e-05	8.6e-05	6.8e-05	0.03546	0.00013
27	0.00225	0.00012	0.00015	0.00014	0.00017	0.00011	0.00010	0.00208	0.00646	0.12991	0.74935	0.00068	0.00915	0.00019	0.00012	3.2e-05	5.5e-05	0.00017	0.09866	0.00011
28	0.00013	9.9e-05	0.00012	0.00013	0.00015	9e-05	9.5e-05	0.00016	0.00023	0.00367	0.25220	0.53239	0.18835	0.00028	0.00013	3.9e-05	5.7e-05	0.01025	0.01132	9e-05
29	0.00013	9.2e-05	0.00012	0.00014	0.00015	8.6e-05	9.7e-05	0.00015	0.00021	0.00028	0.05514	0.91463	0.02252	0.00032	0.00013	4.2e-05	6e-05	0.00552	9.8e-05	8.6e-05
30	0.00013	9.5e-05	0.00012	0.00014	0.00015	8.8e-05	9.7e-05	0.00016	0.00022	0.00030	0.19782	0.72186	0.07163	0.00030	0.00013	4e-05	5.8e-05	0.00646	0.00010	8.8e-05
31	0.00015	0.00011	0.00014	0.00013	0.00016	9.9e-05	9.8e-05	0.00020	0.00326	0.00386	0.95128	0.00078	0.03288	0.00021	0.00012	3.3e-05	5e-05	0.00019	0.00615	9.9e-05
32	0.00028	0.99639	0.00055	0.00018	0.00027	0.00041	0.00018	0.00031	0.00021	0.00025	0.00015	0.00017	0.00013	9e-05	6.7e-05	2.2e-05	0.00011	5.6e-05	4.5e-05	0.00013
33	0.00452	0.00019	0.00025	0.00019	0.00027	0.00018	0.00016	0.13151	0.00032	0.86065	0.00039	0.00034	0.00025	0.00013	0.00010	3.2e-05	9.2e-05	0.00010	0.00013	0.00018
34	0.00228	0.00119	0.00875	0.00407	0.00417	0.03782	0.09248	0.22211	0.00900	0.15814	0.08081	0.00777	0.01014	0.21968	0.11265	6.3e-05	0.00385	0.02480	8.7e-05	0.00013
35	0.00439	0.13434	0.85789	0.00028	0.00043	0.00027	0.00036	0.00033	0.00022	0.00032	0.00018	0.00021	0.00013	9.8e-05	9.5e-05	3.2e-05	0.00015	7.4e-05	4.4e-05	0.00015
36	0.98943	0.00020	0.00015	0.00014	0.00020	0.00024	0.00011	0.00793	0.00018	0.00047	0.00015	0.00017	0.00011	9.7e-05	6.5e-05	3.2e-05	8.1e-05	5.7e-05	6.5e-05	0.00011
37	0.00022	0.00018	0.00021	0.00016	0.00024	0.00014	0.00012	0.00264	0.07668	0.03735	0.07793	0.00029	0.00024	9.7e-05	8.4e-05	1.9e-05	7.5e-05	7.9e-05	0.03735	0.76588
38	0.00016	0.00011	0.00016	0.00641	0.00396	0.00011	0.00015	0.00020	0.00023	0.00030	0.00056	0.21854	0.00062	0.00030	0.00014	4.7e-05	8.9e-05	0.76772	9.6e-05	9.4e-05
39	0.00022	0.00019	0.00022	0.00016	0.00025	0.00014	0.00012	0.00459	0.00022	0.00513	0.00019	0.00022	0.00016	7.8e-05	7.8e-05	1.6e-05	7.8e-05	6.2e-05	6.2e-05	0.98783
40	0.00025	0.00028	0.00062	0.00044	0.00055	0.00026	0.99529	0.00034	0.00025	0.00034	0.00021	0.00028	0.00016	8.8e-05	0.00012	3.5e-05	0.00018	0.00012	5.3e-05	0.00014
41	0.00026	0.00022	0.00024	0.00021	0.00027	0.00026	0.00017	0.00056	0.99548	0.00044	0.00043	0.00039	0.00032	0.00014	0.00011	3.5e-05	8.3e-05	0.00012	0.00011	0.00017
42	0.00176	0.00020	0.00034	0.71166	0.26117	0.00024	0.00204	0.00289	0.00338	0.00029	0.00443	0.00028	0.00375	0.00011	0.00702	3.5e-05	0.00014	9.4e-05	4.9e-05	0.00013
43	0.00015	0.00010	0.00012	0.00012	0.00012	0.00010	6.6e-05	0.00015	0.00015	0.00020	0.00033	0.00067	0.00038	0.95353	0.04332	0.00010	0.00011	0.00015	6.3e-05	6.5e-05
44	0.00015	0.00011	0.00014	0.00013	0.00016	9.9e-05	9.9e-05	0.00020	0.00030	0.00042	0.99562	0.00078	0.00099	0.00021	0.00012	3.3e-05	4.9e-05	0.00019	0.00012	9.9e-05
45	0.00016	0.00012	0.00015	0.00016	0.00018	0.00012	0.00011	0.00024	0.20549	0.00339	0.07119	0.71054	0.00299	0.00028	0.00013	4e-05	6.5e-05	0.00445	0.00010	0.00010
46	0.08209	0.00280	0.01764	0.24365	0.30891	0.00976	0.18423	0.11195	0.01454	0.01247	0.00021	0.00027	0.00016	0.00010	0.00011	3.3e-05	0.00270	0.00819	6e-05	0.00014
47	0.00026	0.00025	0.00547	0.01299	0.94565	0.00025	0.01400	0.00032	0.00248	0.00034	0.00020	0.00026	0.00017	9.5e-05	0.00011	3.1e-05	0.01683	9.4e-05	5.2e-05	0.00016
48	0.00046	0.00018	0.00025	0.00019	0.00027	0.00016	0.00016	0.05835	0.01432	0.91624	0.00040	0.00035	0.00026	0.00013	0.00011	3.2e-05	9e-05	0.00455	0.00332	0.00018
49	0.00013	9.4e-05	0.00012	0.00014	0.00015	8.8e-05	9.2e-05	0.00015	0.00020	0.00026	0.00444	0.78891	0.04885	0.14398	0.00019	5.1e-05	6.7e-05	0.01192	9.2e-05	8.2e-05
50	0.01540	0.04857	0.42372	0.00691	0.08967	0.00769	0.07725	0.05576	0.00222	0.26611	0.00246	0.00027	0.00018	0.00011	0.00010	3.2e-05	0.00214	0.00119	7.2e-05	0.00016
51	0.00292	0.00018	0.00332	0.05529	0.06103	0.02110	0.16626	0.00644	0.00457	0.20395	0.02421	0.28704	0.02932	0.02350	0.01153	0.00095	0.04318	0.05173	0.00336	0.00012
52	0.60857	0.04694	0.00291	0.02298	0.13374	0.09643	0.00966	0.02078	0.00021	0.00335	0.00016	0.00019	0.00013	0.00010	9e-05	3.2e-05	0.05167	6.7e-05	0.00187	0.00012
53	0.00014	0.00010	0.00013	0.00148	0.01248	9.8e-05	0.00159	0.00016	0.00020	0.00163	0.01774	0.84856	0.03906	0.01634	0.00015	4.3e-05	0.03623	0.02095	0.00283	8.8e-05
54	0.00107	0.00426	0.00344	0.18757	0.40125	0.02828	0.01204	0.01611	0.06315	0.01144	0.02152	0.00483	0.00851	0.00010	0.00121	2.9e-05	0.00524	0.00306	0.02051	0.20638
55	0.00020	0.00017	0.00020	0.00015	0.00022	0.00013	0.00012	0.00396	0.00878	0.01483	0.19692	0.01790	0.04473	0.00155	9.1e-05	2.1e-05	7.1e-05	0.00161	7.6e-05	0.70827
56	0.00502	0.00011	0.00011	0.00011	0.00014	9.1e-05	8.3e-05	0.00016	0.00024	0.00302	0.08382	0.02369	0.85483	0.00026	0.00012	3.5e-05	5.4e-05	0.01794	0.01007	9e-05
57	0.00015	0.00010	0.00014	0.00013	0.00016	9.7e-05	9.8e-05	0.00019	0.00426	0.00401	0.74619	0.18878	0.04497	0.00024	0.00012	3.5e-05	5.2e-05	0.00292	0.00727	9.6e-05
58	0.00016	0.00011	0.00014	0.00013	0.00016	0.00010	9.7e-05	0.00021	0.00028	0.04270	0.75280	0.03446	0.04845	0.03304	0.00013	3.5e-05	5.3e-05	0.00216	0.08469	0.0001
59	0.00013	0.00011	0.00012	0.00012	0.00015	9.3e-05	8.9e-05	0.00017	0.00026	0.00034	0.42984	0.03889	0.52490	0.00025	0.00012	3.5e-05	5.2e-05	0.00412	0.00010	9.3e-05
60	0.00039	0.00050	0.00030	0.00027	0.00032	0.98684	0.00020	0.00446	0.00532	0.00026	0.00016	0.00019	0.00014	0.00011	9.4e-05	2.7e-05	0.00019	6.8e-05	5.4e-05	0.00012
61	0.00026	0.00025	0.00042	0.00064	0.99567	0.00025	0.00032	0.00032	0.00024	0.00034	0.00020	0.00026	0.00017	9.3e-05	0.00010	3.1e-05	0.00012	9.3e-05	5.2e-05	0.00017
62	0.00015	0.00012	0.00013	0.00013	0.00016	0.00011	9.5e-05	0.00020	0.08204	0.00397	0.32758	0.01170	0.54647	0.00024	0.00012	3.5e-05	5.5e-05	0.01973	0.00690	9.9e-05
63	0.00028	0.99639	0.00055	0.00018	0.00027	0.00041	0.00018	0.00031	0.00021	0.00025	0.00015	0.00017	0.00013	9e-05	6.7e-05	2.2e-05	0.00011	5.6e-05	4.5e-05	0.00013
64	0.00022	0.00020	0.00035	0.70844	0.28821	0.00024	0.00030	0.00028	0.00022	0.00029	0.00019	0.00027	0.00015	0.00010	0.00010	3.4e-05	0.00014	9.3e-05	4.8e-05	0.00013
65	0.01300	0.04867	0.04774	0.00652	0.06088	0.00667	0.01992	0.04021	0.00461	0.02866	0.00169	0.00397	0.00289	8.7e-05	8.4e-05	2e-05	0.00334	7e-05	6.3e-05	0.71091
66	0.20042	0.41446	0.04724	0.01610	0.00222	0.12998	0.01988	0.06488	0.00876	0.04899	0.00210	0.00166	0.00015	0.02579	9.4e-05	3e-05	0.01434	0.00272	6e-05	0.00013
67	0.02866	0.00019	0.00978	0.01483	0.00028	0.00171	0.06926	0.05938	0.00219	0.72336	0.01790	0.00035	0.00466	0.00013	0.00010	3.2e-05	0.00169	0.00011	0.06524	0.00017
68	0.00021	0.06771	0.04440	0.82423	0.00317	0.01935	0.00895	0.00277	0.01722	0.00219	0.00533	0.00202	0.00015	0.00011	0.00010	3.4e-05	0.00180	9.1e-05	4.8e-05	0.00012
69	0.00231	0.00017	0.00019	0.00015	0.00022	0.00130	0.00243	0.00895	0.00603	0.07882	0.03391	0.01200	0.19855	0.00013	9.6e-05	2.3e-05	0.01588	0.00011	0.01755	0.62118
70	0.01055	0.38416	0.25918	0.00290	0.04791	0.03319	0.04257	0.03318	0.01206	0.08147	0.00778	0.02115	0.00215	0.00146	0.01526	3.1e-05	0.03583	0.00350	5.8e-05	0.00560
71	0.02728	0.02814	0.58239	0.06726	0.02566	0.00503	0.01174	0.00351	0.00930	0.02487	0.01129	0.00428	0.00669	0.01356	0.00903	0.15735	0.01236	8.6e-05	5e-05	0.00013
72	0.00018	0.00012	0.00015	0.00014	0.00017	0.00011	0.00010	0.00954	0.00365	0.08440	0.89141	0.00074	0.00849	0.00021	0.00012	3.3e-05	5.3e-05	0.00018	0.00012	0.00011
73	0.00120	0.00013	0.02690	0.00241	0.00778	0.00441	0.01023	0.00019	0.00025	0.00620	0.47835	0.20609	0.14958	0.00150	0.02739	4e-05	0.05030	0.02545	0.0001	0.00150
74	0.03002	0.59480	0.11754	0.00021	0.00030	0.17762	0.00369	0.03675	0.00505	0.01360	0.00127	0.00153	0.00122	0.00010	0.00973	2.7e-05	0.00630	6.5e-05	5.1e-05	0.00014
75	0.00023	0.02699	0.58774	0.00619	0.06680	0.00269	0.17618	0.00642	0.00260	0.04040	0.00023	0.01540	0.00018	0.00011	0.00011	0.00225	0.00456	0.06072	5.4e-05	0.00015
76	0.00019	0.00014	0.00016	0.00015	0.00019	0.00014	0.00011	0.04667	0.14798	0.06232	0.59814	0.00562	0.10829	0.00020	0.00012	3.3e-05	6.1e-05	0.00914	0.02023	0.00012
77	0.00016	0.00012	0.01409	0.00015	0.00017	0.00012	0.04580	0.00749	0.01910	0.00322	0.00735	0.23409	0.02382	0.48088	0.12032	0.00428	0.03014	0.00853	7.2e-05	8.3e-05
78	0.00206	0.76904	0.20260	0.00020	0.00031	0.00387	0.00022	0.01199	0.00172	0.00314	0.00016	0.00173	0.00014	9.4e-05	0.00234	2.5e-05	0.00012	6.2e-05	4.6e-05	0.00014
79	0.00013	9.2e-05	0.00012	0.00015	0.00015	8.6e-05	9.8e-05	0.00015	0.00668	0.00027	0.00058	0.98977	0.00069	0.00033	0.00013	4.2e-05	6.1e-05	0.00030	9.7e-05	8.6e-05
80	0.00015	0.00010	0.00012	0.00013	0.00013	0.00010	7.8e-05	0.00016	0.00017	0.00022	0.00039	0.15993	0.00360	0.74815	0.00830	8.8e-05	9.6e-05	0.07797	7.1e-05	7e-05
81	0.00179	0.12600	0.00019	0.00014	0.00018	0.00014	0.00011	0.02007	0.00221	0.08750	0.17418	0.20381	0.23631	0.06408	0.00233	4e-05	7.2e-05	0.06673	0.01400	0.00010
82	0.02834	0.23869	0.32539	0.02538	0.04706	0.14433	0.01073	0.08021	0.00736	0.08375	0.00193	0.00022	0.00177	0.00010	9.2e-05	2.9e-05	0.00322	7.6e-05	0.00115	0.00015
83	0.00013	9.3e-05	0.00012	0.00015	0.00015	8.7e-05	0.00269	0.00015	0.00020	0.00027	0.01222	0.93717	0.01616	0.00032	0.00013	4.2e-05	6.2e-05	0.02966	9.7e-05	8.6e-05
84	0.48701	0.25189	0.04483	0.00017	0.00210	0.06931	0.00298	0.00909	0.00021	0.11539	0.00019	0.00578	0.00252	0.00010	0.00140	3e-05	0.00210	0.00118	0.00357	0.00013
85	0.01549	0.01335	0.01365	0.00019	0.00249	0.00320	0.01032	0.06368	0.02070	0.85193	0.00204	0.00034	0.00025	0.00013	0.00010	3.2e-05	9.3e-05	0.00010	0.00012	0.00178

[dist]
# distance from previous block
# <min> <max>
8	55

[block]
# block no. 3 follows, 3315 sequences, length 13
# corresponding to MSA columns:
# 347-359
name=unknown_D
#
# <colnr> <probs for GDERKNQSTAVLIFYWHMCP>
#	G	D	E	R	K	N	Q	S	T	A	V	L	I	F	Y	W	H	M	C	P
0	0.00017	0.00013	0.00015	0.00014	0.00018	0.00013	0.00011	0.02310	0.11309	0.02531	0.46823	0.01078	0.21684	0.03812	0.06142	4.5e-05	0.01926	0.01299	0.00970	0.00011
1	0.00014	0.00010	0.00013	0.00013	0.00015	9.4e-05	9.5e-05	0.00017	0.00025	0.01044	0.38444	0.28920	0.23051	0.03146	0.01177	4e-05	5.9e-05	0.02683	0.01388	9.2e-05
2	0.00015	0.00011	0.00016	0.00016	0.00018	0.00013	0.00012	0.00019	0.01301	0.00024	0.00029	0.01328	0.00028	0.12818	0.81547	0.01454	0.00025	0.00012	0.01305	9e-05
3	0.20943	0.00018	0.00021	0.00017	0.00024	0.00018	0.00014	0.01463	0.08369	0.61345	0.01726	0.00033	0.00025	0.00012	9.5e-05	3.2e-05	8.4e-05	9.7e-05	0.05923	0.00016
4	0.00036	0.00762	0.00029	0.00023	0.01187	0.02279	0.00018	0.74584	0.01226	0.06450	0.03368	0.00034	0.07003	0.00014	0.00011	3.2e-05	0.00726	0.00731	0.01500	0.00016
5	0.33333	0.00019	0.00022	0.00017	0.00025	0.00019	0.00014	0.05681	0.00027	0.58755	0.01969	0.00030	0.00022	0.00012	9.2e-05	3.2e-05	8.7e-05	9e-05	0.00011	0.00015
6	0.00020	0.00018	0.00028	0.36245	0.28350	0.00019	0.00023	0.00820	0.00896	0.00819	0.02659	0.20937	0.05063	0.00892	0.00012	3.6e-05	0.00011	0.03166	6.6e-05	0.00012
7	0.02026	0.15841	0.11521	0.01351	0.02058	0.30471	0.11495	0.05598	0.01898	0.10758	0.00884	0.02176	0.00562	0.00692	0.00010	3.1e-05	0.01125	0.01510	6.6e-05	0.00014
8	0.90055	0.01011	0.01088	0.01199	0.00022	0.02835	0.01241	0.01358	0.00019	0.01074	0.00015	0.00018	0.00012	9.8e-05	6.8e-05	3.2e-05	8.7e-05	5.9e-05	6.5e-05	0.00012
9	0.00018	0.00013	0.00018	0.05427	0.03116	0.00525	0.01461	0.00820	0.12310	0.01100	0.06466	0.00657	0.16211	0.09320	0.14552	0.25777	0.00904	0.00759	0.00536	9.3e-05
10	0.00841	0.00018	0.00023	0.00018	0.00025	0.00016	0.00015	0.10739	0.00980	0.64788	0.03085	0.00996	0.00853	0.03261	0.00012	3.6e-05	9e-05	0.11339	0.02960	0.00016
11	0.14184	0.05014	0.00029	0.03923	0.14216	0.03933	0.01631	0.32130	0.03623	0.03727	0.04854	0.00576	0.03378	0.00749	0.01465	0.01320	0.01169	0.03571	0.00493	0.00014
12	0.00453	0.05067	0.08327	0.05632	0.08209	0.03199	0.00701	0.02097	0.10357	0.02154	0.02112	0.27817	0.01011	0.03218	0.07545	0.00525	0.02903	0.04422	0.00648	0.03603

[dist]
# distance from previous block
# <min> <max>
6	28

[block]
# block no. 4 follows, 3315 sequences, length 9
# corresponding to MSA columns:
# 394-402
name=unknown_E
#
# <colnr> <probs for GDERKNQSTAVLIFYWHMCP>
#	G	D	E	R	K	N	Q	S	T	A	V	L	I	F	Y	W	H	M	C	P
0	0.00015	0.00011	0.00014	0.00016	0.00018	0.00010	0.00012	0.00018	0.00022	0.00029	0.02678	0.41284	0.10705	0.02879	0.00015	4.6e-05	7.6e-05	0.42244	9.6e-05	9e-05
1	0.02414	0.10542	0.20487	0.03112	0.07796	0.01967	0.07779	0.08172	0.15680	0.08265	0.01494	0.02615	0.02276	0.01643	0.00983	0.01586	0.02406	0.00760	7.3e-05	0.00015
2	0.00024	0.02115	0.01746	0.00017	0.00728	0.00954	0.00721	0.02294	0.02198	0.07801	0.01772	0.01287	0.01639	0.00720	0.03945	2.7e-05	0.01040	8e-05	0.02363	0.68625
3	0.00013	9.5e-05	0.00012	0.00014	0.00015	8.8e-05	9.6e-05	0.00015	0.00021	0.00028	0.06510	0.75842	0.08395	0.05898	0.00016	4.5e-05	6.3e-05	0.03165	9.6e-05	8.5e-05
4	0.01533	0.00010	0.00012	0.00013	0.00013	0.00011	8e-05	0.01554	0.00017	0.00024	0.01558	0.20607	0.01456	0.64709	0.06454	8.8e-05	0.00010	0.01986	7.2e-05	7.4e-05
5	0.00988	0.42553	0.26561	0.02036	0.05387	0.02790	0.08847	0.05353	0.01317	0.01488	0.01598	0.00022	0.00016	9.9e-05	9.1e-05	2.9e-05	0.00993	7.7e-05	5.3e-05	0.00014
6	0.01251	0.00725	0.01239	0.01212	0.02791	0.00019	0.00913	0.03081	0.36927	0.16145	0.09437	0.10494	0.02358	0.01626	0.00691	3.8e-05	0.00673	0.08340	0.02059	0.00014
7	0.00014	0.00011	0.00012	0.00012	0.00015	9.2e-05	8.8e-05	0.00016	0.00024	0.01895	0.13104	0.12163	0.68163	0.01923	0.00013	3.7e-05	5.6e-05	0.02589	9.9e-05	9.1e-05
8	0.00014	0.00011	0.01370	0.00980	0.00856	0.00010	0.00769	0.00866	0.01168	0.00963	0.21571	0.38527	0.25544	0.01321	0.01704	4.1e-05	0.00871	0.02628	0.00811	9.4e-05

[dist]
# distance from previous block
# <min> <max>
0	1

[block]
# block no. 5 follows, 3315 sequences, length 6
# corresponding to MSA columns:
# 404-409
name=unknown_F
#
# <colnr> <probs for GDERKNQSTAVLIFYWHMCP>
#	G	D	E	R	K	N	Q	S	T	A	V	L	I	F	Y	W	H	M	C	P
0	0.01630	0.22437	0.25253	0.03206	0.19032	0.07239	0.06394	0.06037	0.02071	0.03269	0.00020	0.00023	0.00015	0.00011	0.01461	3.2e-05	0.01870	8.1e-05	5.5e-05	0.00015
1	0.01097	0.01564	0.03450	0.03533	0.06273	0.05535	0.03967	0.01909	0.03315	0.02683	0.03616	0.00975	0.01717	0.02271	0.10802	5.5e-05	0.45314	0.00936	0.01025	0.00012
2	0.00016	0.00011	0.00014	0.00013	0.00016	0.00010	9.9e-05	0.00021	0.03763	0.02687	0.55545	0.03416	0.24927	0.02098	0.01911	3.8e-05	6e-05	0.02395	0.03126	9.9e-05
3	0.03207	0.03071	0.05674	0.01466	0.06582	0.01783	0.03709	0.04920	0.01423	0.02532	0.00020	0.01313	0.00016	9.1e-05	8.9e-05	2.2e-05	0.01410	7.4e-05	6.4e-05	0.62839
4	0.02856	0.01839	0.07601	0.01087	0.02481	0.01367	0.03473	0.04095	0.02256	0.33495	0.03710	0.01169	0.01202	0.01029	0.01088	3e-05	0.01409	0.00890	0.01635	0.27313
5	0.00022	0.00019	0.00023	0.03571	0.01380	0.01359	0.01896	0.01543	0.00022	0.02172	0.01754	0.01342	0.01367	0.01668	0.05664	2.9e-05	0.01855	7.9e-05	6.4e-05	0.74327

[dist]
# distance from previous block
# <min> <max>
4	9

[block]
# block no. 6 follows, 3315 sequences, length 38
# corresponding to MSA columns:
# 419-423,425-431,433-438,440-445,447-453,455-461
name=unknown_G
#
# <colnr> <probs for GDERKNQSTAVLIFYWHMCP>
#	G	D	E	R	K	N	Q	S	T	A	V	L	I	F	Y	W	H	M	C	P
0	0.33651	0.01349	0.16546	0.00349	0.09299	0.02784	0.01537	0.03462	0.00806	0.28060	0.00270	0.00511	0.00018	0.00011	9.1e-05	3.2e-05	0.00588	0.00358	0.00197	0.00194
1	0.01956	0.03339	0.02585	0.00017	0.00471	0.01297	0.00291	0.02893	0.05666	0.02248	0.01206	0.00459	0.00304	0.00197	0.00217	2e-05	0.00638	7.1e-05	6.7e-05	0.76201
2	0.00015	0.00011	0.00013	0.00014	0.00015	0.00011	9e-05	0.00455	0.05170	0.01201	0.02671	0.45460	0.00502	0.39374	0.00320	6.4e-05	8e-05	0.00645	8.4e-05	0.04093
3	0.00479	0.00026	0.00336	0.07054	0.03564	0.00025	0.73328	0.02928	0.01348	0.06036	0.01242	0.02538	0.00019	0.00010	0.00012	3.5e-05	0.00016	0.00304	0.00717	0.00014
4	0.00284	0.00012	0.00016	0.00017	0.00020	0.00012	0.00014	0.00300	0.00402	0.11074	0.04231	0.16559	0.01582	0.12122	0.00537	0.00257	8.8e-05	0.52284	0.00261	0.0001
5	0.00019	0.00019	0.00035	0.01007	0.00033	0.00340	0.41547	0.00024	0.00442	0.00030	0.01176	0.40456	0.03995	0.00021	0.00015	0.00648	0.07841	0.02336	7.4e-05	0.00011
6	0.04022	0.00012	0.00014	0.00013	0.00017	0.00444	9.9e-05	0.01112	0.00312	0.08161	0.50387	0.00727	0.32820	0.00293	0.00012	3.4e-05	5.7e-05	0.00245	0.00937	0.00454
7	0.00345	0.00355	0.00025	0.00021	0.00027	0.00725	0.00017	0.31818	0.47644	0.08114	0.02139	0.00551	0.01459	0.03178	0.00318	3.6e-05	0.00290	0.00228	0.02725	0.00016
8	0.00030	0.05671	0.00029	0.00289	0.00029	0.18481	0.07163	0.16907	0.26026	0.05627	0.00037	0.10527	0.05705	0.00016	0.00011	3.3e-05	0.00752	0.02676	8.8e-05	0.00014
9	0.00013	0.0001	0.00013	0.01133	0.00016	9.4e-05	0.0001	0.00700	0.02646	0.00028	0.03304	0.77493	0.13746	0.00031	0.00013	4.1e-05	6.1e-05	0.00804	9.7e-05	8.9e-05
10	0.05074	0.68483	0.12279	0.00020	0.00029	0.00279	0.01338	0.03999	0.01367	0.04490	0.00347	0.00020	0.00015	0.00763	0.00662	2.7e-05	0.00546	0.00265	5.3e-05	0.00014
11	0.00431	0.00015	0.00020	0.02139	0.00317	0.00637	0.00411	0.07750	0.00367	0.14967	0.00029	0.00038	0.00025	0.02602	0.63122	0.02783	0.03358	0.00011	7e-05	0.00972
12	0.00036	0.33216	0.00039	0.00023	0.00031	0.29148	0.00019	0.36576	0.00754	0.00040	0.00019	0.00021	0.00015	0.00011	8.9e-05	2.7e-05	0.00014	7.4e-05	7e-05	0.00015
13	0.00030	0.26240	0.13244	0.00307	0.02158	0.14628	0.00565	0.19866	0.05416	0.02162	0.00020	0.00022	0.00016	0.00010	8.9e-05	2.6e-05	0.00012	7.5e-05	6.6e-05	0.15277
14	0.00015	0.00011	0.00015	0.00015	0.00016	0.00012	0.00011	0.00017	0.00016	0.00023	0.00030	0.00052	0.00031	0.39417	0.58797	0.00014	0.01482	0.00013	5.9e-05	8.2e-05
15	0.00015	0.00012	0.00509	0.01360	0.03983	0.00011	0.00506	0.00020	0.04755	0.00034	0.39868	0.40496	0.05740	0.01252	0.00013	3.8e-05	6.2e-05	0.01395	0.00010	9.9e-05
16	0.99706	0.00020	0.00015	0.00014	0.00020	0.00023	0.00011	0.00031	0.00018	0.00047	0.00015	0.00017	0.00011	9.7e-05	6.5e-05	3.2e-05	8.1e-05	5.7e-05	6.5e-05	0.00011
17	0.00020	0.00019	0.00031	0.72554	0.10100	0.00022	0.01909	0.00377	0.01153	0.00681	0.08717	0.01267	0.00809	0.00012	0.00751	3.5e-05	0.00013	0.00516	5.6e-05	0.01039
18	0.00013	0.00011	0.00012	0.00012	0.00015	9.4e-05	0.01189	0.01175	0.00024	0.00029	0.05675	0.22206	0.66353	0.00027	0.00579	3.8e-05	5.9e-05	0.01906	0.00747	9e-05
19	0.42277	0.00017	0.00018	0.00015	0.00021	0.00017	0.00012	0.00501	0.00023	0.35293	0.03177	0.12505	0.04839	0.00521	9.5e-05	3.4e-05	7.9e-05	0.00366	0.00364	0.00013
20	0.00015	0.00012	0.00014	0.00013	0.00017	0.00012	0.00010	0.00023	0.16102	0.00034	0.25377	0.10695	0.45140	0.00024	0.00012	3.5e-05	5.8e-05	0.00505	0.01975	0.00010
21	0.85418	0.00019	0.00015	0.00014	0.00020	0.00022	0.00011	0.00577	0.00504	0.02737	0.03760	0.03425	0.01176	0.00011	7.2e-05	3.3e-05	7.8e-05	7.5e-05	0.02253	0.00011
22	0.00021	0.00020	0.00033	0.81640	0.16400	0.00023	0.00029	0.00560	0.00022	0.00028	0.00019	0.00582	0.00015	0.00010	0.00010	3.4e-05	0.00014	9.4e-05	0.00548	0.00012
23	0.00014	0.00011	0.00012	0.00012	0.00015	9.4e-05	8.9e-05	0.00611	0.00026	0.00034	0.38696	0.05250	0.54630	0.00025	0.00012	3.5e-05	5.3e-05	0.00606	0.00010	9.3e-05
24	0.00184	0.02742	0.10139	0.03333	0.05643	0.03876	0.08446	0.03885	0.05707	0.04496	0.05380	0.04499	0.02270	0.12773	0.09786	0.00202	0.15510	0.01108	6.7e-05	0.00012
25	0.00778	0.00480	0.01491	0.38461	0.02252	0.18674	0.09860	0.18563	0.01450	0.04710	0.00021	0.00026	0.00016	0.00011	0.00011	3.3e-05	0.02551	0.00228	0.00401	0.00014
26	0.97116	0.00021	0.00016	0.00855	0.00021	0.01079	0.00012	0.00722	0.00018	0.00047	0.00015	0.00017	0.00011	9.7e-05	6.6e-05	3.2e-05	8.3e-05	5.7e-05	6.5e-05	0.00011
27	0.00447	0.00211	0.04016	0.12992	0.14312	0.00605	0.01409	0.14702	0.37163	0.01213	0.06594	0.00413	0.04127	0.00189	0.00169	3.4e-05	0.00413	0.00416	0.00432	0.00173
28	0.00016	0.00011	0.00013	0.00014	0.00016	9.9e-05	0.00010	0.00020	0.01079	0.08358	0.22487	0.27015	0.33536	0.01222	0.00013	3.8e-05	6.1e-05	0.05320	0.00517	0.00332
29	0.00220	0.00482	0.02449	0.19978	0.49514	0.04204	0.01614	0.03730	0.03990	0.03121	0.01772	0.00349	0.00430	0.00727	0.00861	0.00275	0.04666	0.00185	0.01417	0.00015
30	0.00818	0.01742	0.06259	0.03101	0.21868	0.02276	0.02640	0.05916	0.04881	0.08147	0.16266	0.02655	0.05028	0.00014	0.00259	3e-05	0.00176	0.00896	7.9e-05	0.17047
31	0.49025	0.00485	0.00023	0.02267	0.01525	0.40880	0.00386	0.01211	0.01030	0.00548	0.00017	0.00755	0.00013	0.00011	0.00286	3.1e-05	0.01024	0.00494	6.1e-05	0.00012
32	0.00434	0.18095	0.09008	0.00500	0.01677	0.00279	0.49161	0.03230	0.04214	0.02262	0.00477	0.00325	0.00021	0.00012	0.00011	3.4e-05	0.00014	0.10257	6.1e-05	0.00014
33	0.01347	0.06800	0.06873	0.03907	0.01045	0.11719	0.22863	0.08449	0.12187	0.07962	0.00447	0.00416	0.00535	0.00480	0.00011	0.00878	0.00219	0.00906	7.1e-05	0.12950
34	0.00016	0.00011	0.00014	0.00013	0.00016	0.00010	0.00010	0.00445	0.00426	0.05250	0.62132	0.08533	0.15784	0.01601	0.02419	3.9e-05	6.1e-05	0.01986	0.01312	0.0001
35	0.03191	0.00467	0.00883	0.01638	0.12024	0.00893	0.01202	0.08231	0.14835	0.20732	0.16099	0.07576	0.04867	0.00365	0.00477	0.00197	0.02153	0.03479	0.00677	0.00014
36	0.00229	0.00012	0.00016	0.03490	0.00019	0.01282	0.01361	0.00669	0.00853	0.08745	0.26032	0.27018	0.14729	0.00310	0.00479	0.08165	0.01393	0.00863	0.04324	9.9e-05
37	0.00365	0.00012	0.00015	0.01014	0.02260	0.00190	0.00250	0.03974	0.01604	0.05672	0.17497	0.17908	0.25406	0.02064	0.00729	3.9e-05	0.00492	0.11608	0.08924	0.00010

[dist]
# distance from previous block
# <min> <max>
6	20

[block]
# block no. 7 follows, 3315 sequences, length 18
# corresponding to MSA columns:
# 491-502,504-509
name=unknown_H
#
# <colnr> <probs for GDERKNQSTAVLIFYWHMCP>
#	G	D	E	R	K	N	Q	S	T	A	V	L	I	F	Y	W	H	M	C	P
0	0.00029	0.01042	0.01258	0.10466	0.24882	0.26280	0.08451	0.05276	0.09172	0.00872	0.00960	0.01348	0.00918	0.00012	0.00435	3.1e-05	0.00787	0.01691	6.3e-05	0.06112
1	0.30348	0.01334	0.01512	0.01216	0.00387	0.01594	0.01233	0.04567	0.06581	0.14078	0.13224	0.06059	0.01469	0.13266	0.00897	4.4e-05	0.00569	0.00651	0.01002	0.00012
2	0.00487	0.00022	0.00564	0.43571	0.42893	0.01022	0.01725	0.01551	0.03422	0.00621	0.00774	0.00028	0.00671	0.00762	0.00773	3.5e-05	0.01080	9.6e-05	5.4e-05	0.00014
3	0.00016	0.00011	0.00013	0.00013	0.00016	0.00010	9.6e-05	0.00709	0.01108	0.04383	0.40476	0.06025	0.42402	0.00024	0.00012	3.5e-05	5.6e-05	0.02350	0.01152	0.01261
4	0.10957	0.01030	0.01764	0.01645	0.11891	0.06071	0.01293	0.20228	0.29230	0.05094	0.03543	0.04978	0.00551	0.00014	0.00010	3.3e-05	0.00392	0.01279	8.9e-05	0.00015
5	0.01153	0.00773	0.18812	0.04548	0.41449	0.02376	0.18035	0.03002	0.01658	0.02821	0.00814	0.00759	0.00397	0.00011	0.00423	3.3e-05	0.02173	0.00771	5.6e-05	0.00015
6	0.00014	0.00010	0.00013	0.00014	0.00016	9.2e-05	9.8e-05	0.00017	0.00919	0.00905	0.22854	0.54244	0.17360	0.00028	0.00013	3.9e-05	5.8e-05	0.02393	0.00010	0.01162
7	0.00017	0.00665	0.01578	0.00810	0.00673	0.00667	0.08930	0.00643	0.00779	0.00570	0.00039	0.28471	0.01894	0.24601	0.16908	0.02283	0.04367	0.06089	7.3e-05	9.1e-05
8	0.24280	0.00742	0.02864	0.05789	0.02408	0.02736	0.03352	0.05462	0.19884	0.10739	0.12983	0.02887	0.02436	0.00014	0.00010	3.4e-05	0.00636	0.02367	0.00394	0.00013
9	0.00018	0.00014	0.00017	0.00713	0.00018	0.00947	0.00452	0.00721	0.12081	0.00496	0.00032	0.00053	0.00819	0.47734	0.24889	0.01167	0.08085	0.01231	0.00506	9.1e-05
10	0.00022	0.11670	0.26584	0.11506	0.05588	0.01608	0.08684	0.03884	0.00950	0.01270	0.02659	0.09190	0.02805	0.04279	0.00492	3.8e-05	0.05650	0.03136	6.1e-05	0.00013
11	0.85588	0.00021	0.00497	0.00640	0.01380	0.01645	0.00493	0.01244	0.00019	0.04260	0.00581	0.00020	0.00013	0.00642	0.01345	3.5e-05	0.00433	0.00485	0.00679	0.00012
12	0.00014	0.01060	0.00014	0.00015	0.00017	0.01577	0.00647	0.00017	0.02174	0.00598	0.03979	0.79416	0.02275	0.01498	0.00014	4.2e-05	6.7e-05	0.05419	9.6e-05	0.01244
13	0.16367	0.07554	0.25752	0.02512	0.19390	0.03772	0.07845	0.05208	0.04828	0.03948	0.00565	0.00544	0.00462	0.00010	9.8e-05	3.2e-05	0.01202	8.6e-05	6.1e-05	0.00015
14	0.00020	0.00019	0.00477	0.74403	0.09284	0.00023	0.04305	0.00855	0.00595	0.00028	0.00519	0.03908	0.00018	0.01752	0.00457	3.7e-05	0.01786	0.00631	5.1e-05	0.00912
15	0.00341	0.00588	0.04559	0.02475	0.08007	0.02324	0.08307	0.03166	0.09730	0.03158	0.36474	0.02724	0.12664	0.00621	0.01295	3.6e-05	0.01949	0.01142	0.00460	0.00012
16	0.00457	0.09401	0.46764	0.00964	0.06111	0.00497	0.02657	0.03381	0.00676	0.03339	0.01252	0.00733	0.00570	0.00010	9.4e-05	2.8e-05	0.00388	0.00394	5.6e-05	0.22387
17	0.00699	0.00417	0.01018	0.00452	0.01440	0.00359	0.02034	0.01641	0.13094	0.13635	0.37944	0.02524	0.20305	0.00348	0.00482	0.00354	6.9e-05	0.01124	0.02113	0.00012

[dist]
# distance from previous block
# <min> <max>
2	5

[block]
# block no. 8 follows, 3315 sequences, length 11
# corresponding to MSA columns:
# 515-522,524-526
name=unknown_I
#
# <colnr> <probs for GDERKNQSTAVLIFYWHMCP>
#	G	D	E	R	K	N	Q	S	T	A	V	L	I	F	Y	W	H	M	C	P
0	0.02957	0.00017	0.00022	0.00018	0.00025	0.00015	0.00014	0.03290	0.02324	0.71444	0.13203	0.01135	0.02345	0.00015	0.00011	3.3e-05	8.3e-05	0.01029	0.01022	0.01102
1	0.15366	0.01592	0.11870	0.06334	0.10123	0.01805	0.08150	0.09941	0.08243	0.05013	0.05202	0.01128	0.03041	0.01750	0.02575	3.8e-05	0.03733	0.01550	0.00968	0.01610
2	0.00668	0.00018	0.00656	0.00018	0.00026	0.00671	0.00900	0.06704	0.02939	0.59841	0.02405	0.01393	0.02853	0.01460	0.00659	3.3e-05	8.9e-05	0.03009	0.02913	0.12856
3	0.95013	0.00021	0.00016	0.00014	0.00021	0.00024	0.00012	0.04716	0.00019	0.00048	0.00015	0.00017	0.00012	9.8e-05	6.7e-05	3.2e-05	8.3e-05	5.8e-05	6.7e-05	0.00012
