[name]
unknown

[dist]
# distance from previous block
# <min> <max>
0	299

[block]
# block no. 0 follows, 2046 sequences, length 17
# corresponding to MSA columns:
# 675,676,678-683,686-688,691-693,696,698,699
name=unknown_A
#
# <colnr> <probs for GDERKNQSTAVLIFYWHMCP>
#	G	D	E	R	K	N	Q	S	T	A	V	L	I	F	Y	W	H	M	C	P
0	0.00408	0.00018	0.00022	0.00608	0.00393	0.00017	0.00458	0.00730	0.02360	0.02240	0.28982	0.25928	0.27529	0.02190	0.01754	0.00922	0.01938	0.00959	0.01666	0.00876
1	0.00465	0.07229	0.18378	0.02820	0.02157	0.01035	0.03959	0.05878	0.04946	0.06058	0.08360	0.05933	0.12454	0.03880	0.05770	0.00573	0.08305	0.00725	0.00725	0.00351
2	0.00425	0.00577	0.01541	0.02885	0.02290	0.00534	0.00476	0.01871	0.02686	0.05537	0.24305	0.10390	0.08474	0.06740	0.15864	0.02863	0.06506	0.00339	0.04255	0.01442
3	0.00031	0.00430	0.04775	0.01786	0.04157	0.04256	0.02047	0.00876	0.02928	0.04225	0.09850	0.25341	0.04678	0.14601	0.09580	0.00543	0.06739	0.02316	0.00824	0.00017
4	0.02346	0.22917	0.21745	0.01328	0.03788	0.03569	0.02616	0.05583	0.02111	0.07579	0.00035	0.01705	0.00477	0.00918	0.00338	0.01743	0.04273	0.00812	0.00335	0.15783
5	0.00385	0.03030	0.25881	0.03269	0.02466	0.02395	0.05364	0.17271	0.14422	0.04498	0.10659	0.01451	0.05057	0.00419	0.00018	0.00366	0.01152	0.00018	0.00597	0.01281
6	0.00031	0.00024	0.00027	0.00751	0.00032	0.00025	0.00590	0.06306	0.24412	0.01780	0.23312	0.09826	0.24541	0.00033	0.00019	5.6e-05	0.00890	0.00672	0.06702	0.00019
7	0.17151	0.37643	0.10825	0.00779	0.01604	0.02570	0.02059	0.05303	0.04273	0.06514	0.01579	0.00588	0.00683	0.00017	0.00014	4.5e-05	0.02093	0.00012	0.00424	0.05865
8	0.00063	0.00047	0.00050	0.00039	0.00052	0.00052	0.00032	0.95829	0.03496	0.00105	0.00042	0.00041	0.00030	0.00020	0.00017	5.1e-05	0.00018	0.00015	0.00017	0.00029
9	0.00043	0.00036	0.00038	0.00034	0.00044	0.00042	0.00027	0.04852	0.92535	0.00072	0.00069	0.00064	0.02021	0.00023	0.00017	5.7e-05	0.00014	0.00019	0.00017	0.00027
10	0.00056	0.00069	0.00054	0.00046	0.00056	0.72464	0.15841	0.02111	0.00046	0.00045	0.00033	0.00762	0.01034	0.00892	0.01273	5.2e-05	0.00878	0.04305	9.3e-05	0.00020
11	0.02099	0.14564	0.04454	0.03168	0.05877	0.05132	0.11240	0.09048	0.11321	0.16499	0.01747	0.07784	0.02391	0.00449	0.00383	5.3e-05	0.01750	0.00924	0.00363	0.00804
12	0.00033	0.20117	0.18457	0.02679	0.01739	0.00380	0.02299	0.00922	0.03691	0.02364	0.04963	0.06331	0.06579	0.05169	0.19507	0.00907	0.01948	0.00956	0.00404	0.00553
13	0.01034	0.00022	0.00029	0.00026	0.00034	0.00020	0.00020	0.00710	0.00639	0.46127	0.04240	0.34332	0.05901	0.00672	0.00020	0.00579	0.00012	0.02483	0.03079	0.00021
14	0.00859	0.01073	0.00554	0.07538	0.30538	0.00782	0.02803	0.01959	0.00801	0.07063	0.03150	0.22801	0.04178	0.01716	0.01587	0.00553	0.05569	0.05925	0.00528	0.00020
15	0.01852	0.08439	0.22042	0.14473	0.08460	0.03476	0.09329	0.03266	0.03324	0.15918	0.00998	0.03209	0.00661	0.00404	0.00434	5.5e-05	0.01944	0.01732	0.00011	0.00023
16	0.04717	0.00719	0.01754	0.20087	0.03247	0.02603	0.05930	0.01524	0.00423	0.09874	0.00634	0.27298	0.03618	0.01525	0.03800	0.02357	0.06050	0.02893	0.00586	0.00359

[dist]
# distance from previous block
# <min> <max>
1	30

[block]
# block no. 1 follows, 2046 sequences, length 18
# corresponding to MSA columns:
# 765-781,814
name=unknown_B
#
# <colnr> <probs for GDERKNQSTAVLIFYWHMCP>
#	G	D	E	R	K	N	Q	S	T	A	V	L	I	F	Y	W	H	M	C	P
0	0.03981	0.02498	0.10797	0.04233	0.08125	0.02037	0.06556	0.05580	0.08504	0.11386	0.02670	0.02912	0.02759	0.00711	0.00789	0.00295	0.01327	0.00391	0.01179	0.23272
1	0.13039	0.12167	0.16252	0.02929	0.05412	0.07203	0.04087	0.09184	0.04285	0.09460	0.02255	0.01609	0.00692	0.00385	0.00725	0.00316	0.06705	0.00567	0.00601	0.02128
2	0.37898	0.01052	0.00606	0.03035	0.02656	0.06870	0.00713	0.01391	0.00659	0.01514	0.02702	0.04168	0.01661	0.04319	0.03498	0.02916	0.02632	0.02639	0.00361	0.18710
3	0.01063	0.05407	0.01518	0.03079	0.01562	0.00479	0.02165	0.08129	0.36477	0.06591	0.04306	0.13962	0.02155	0.03009	0.01088	0.00874	0.04700	0.01606	0.01068	0.00762
4	0.00529	0.00019	0.00024	0.00023	0.00027	0.00017	0.00017	0.00859	0.03586	0.10378	0.37615	0.23016	0.09120	0.00593	0.00471	0.10347	0.00010	0.00878	0.01990	0.00482
5	0.00025	0.00018	0.00629	0.02372	0.00634	0.00017	0.00016	0.00439	0.00453	0.01757	0.32990	0.15003	0.22550	0.06770	0.04537	0.00609	0.00011	0.00519	0.10635	0.00015
6	0.01146	0.00379	0.00477	0.01259	0.00029	0.00019	0.01074	0.01440	0.06130	0.03911	0.38962	0.20707	0.16659	0.02103	0.00430	0.02198	0.00567	0.01654	0.00839	0.00016
7	0.01266	0.00032	0.00040	0.00031	0.00043	0.00031	0.00026	0.14056	0.12498	0.66901	0.03068	0.00058	0.00044	0.00021	0.00017	5.2e-05	0.00015	0.00017	0.01803	0.00028
8	0.01586	0.22361	0.44426	0.03122	0.01837	0.03242	0.02822	0.01904	0.02849	0.01230	0.00467	0.02311	0.01045	0.01721	0.01576	0.00340	0.02677	0.00920	8.6e-05	0.03556
9	0.00622	0.01642	0.18946	0.12710	0.03820	0.03228	0.05061	0.07444	0.04704	0.02527	0.00928	0.04319	0.01584	0.05756	0.10575	0.00666	0.07477	0.05919	0.02054	0.00020
10	0.00039	0.00045	0.00097	0.00070	0.00087	0.00042	0.96014	0.00053	0.00040	0.00054	0.00036	0.00050	0.00028	0.00015	0.00020	5.8e-05	0.00028	0.03244	8.8e-05	0.00023
11	0.01062	0.02797	0.06748	0.01309	0.03747	0.01914	0.03789	0.14363	0.53200	0.01345	0.01525	0.02318	0.01901	0.00793	0.00713	0.00483	0.00599	0.00497	0.00335	0.00561
12	0.06916	0.00823	0.01201	0.01216	0.05688	0.03513	0.09021	0.09287	0.02683	0.47674	0.00440	0.04112	0.00398	0.01829	0.00019	5.6e-05	0.01814	0.02962	0.00375	0.00025
13	0.89266	0.00033	0.00026	0.00023	0.00034	0.00037	0.00019	0.01856	0.00031	0.06675	0.00027	0.00030	0.00020	0.00016	0.00011	5.2e-05	0.00013	9.8e-05	0.00011	0.01857
14	0.00033	0.00031	0.00051	0.67911	0.16565	0.00566	0.00580	0.00594	0.00528	0.00046	0.02811	0.00572	0.03406	0.00022	0.03041	6.2e-05	0.02521	0.00686	8.5e-05	0.00020
15	0.94285	0.00032	0.00025	0.00022	0.00033	0.00037	0.00018	0.00051	0.00030	0.03402	0.00026	0.00029	0.00020	0.00016	0.00011	5.2e-05	0.00013	9.5e-05	0.01917	0.00019
16	0.00033	0.00032	0.00057	0.79785	0.01737	0.00038	0.13264	0.00996	0.01018	0.00046	0.00992	0.00048	0.00026	0.00017	0.00017	5.6e-05	0.00023	0.01104	0.00741	0.00020
17	0.04998	0.00027	0.00545	0.38340	0.01180	0.01294	0.04772	0.00731	0.00632	0.02800	0.00704	0.18005	0.00772	0.15115	0.01226	0.00343	0.03485	0.05004	0.00011	0.00017

[dist]
# distance from previous block
# <min> <max>
0	1

[block]
# block no. 2 follows, 2046 sequences, length 9
# corresponding to MSA columns:
# 816-824
name=unknown_C
#
# <colnr> <probs for GDERKNQSTAVLIFYWHMCP>
#	G	D	E	R	K	N	Q	S	T	A	V	L	I	F	Y	W	H	M	C	P
0	0.69190	0.07415	0.02539	0.01261	0.01222	0.02871	0.03056	0.03537	0.02024	0.02763	0.01045	0.01201	0.00024	0.00017	0.00012	5.2e-05	0.00887	0.00898	0.00011	0.00020
1	0.01328	0.00036	0.00051	0.73818	0.04436	0.08174	0.01479	0.02671	0.02011	0.03412	0.00032	0.00044	0.00024	0.00017	0.00018	5.5e-05	0.02401	0.00015	8.6e-05	0.00020
2	0.03118	0.02887	0.02896	0.04768	0.08905	0.02517	0.10297	0.12877	0.10526	0.10239	0.09269	0.01998	0.01556	0.00631	0.00703	5.3e-05	0.03323	0.00650	0.01403	0.11433
3	0.00029	0.00016	0.00023	0.00022	0.00022	0.00016	0.00015	0.00023	0.00023	0.00031	0.00034	0.00061	0.00035	0.15694	0.04554	0.76481	0.02889	0.00016	7.9e-05	8.5e-05
4	0.00799	0.02710	0.11883	0.00921	0.03132	0.03803	0.08028	0.07283	0.04701	0.03038	0.11628	0.04890	0.04456	0.12360	0.08059	0.00912	0.08680	0.00778	0.01919	0.00019
5	0.01547	0.02331	0.01004	0.00036	0.00048	0.01661	0.00029	0.60901	0.07237	0.17116	0.01364	0.00853	0.00853	0.00864	0.00018	5.3e-05	0.01198	0.00956	0.01953	0.00027
6	0.03981	0.02185	0.13984	0.03729	0.02809	0.01488	0.03912	0.03571	0.02525	0.04382	0.02133	0.00983	0.00684	0.00017	0.00880	0.00917	0.00688	0.00682	0.00682	0.49766
7	0.03061	0.02666	0.06800	0.05201	0.12875	0.02353	0.03473	0.05768	0.01807	0.14800	0.02243	0.02889	0.03745	0.06832	0.01637	0.00736	0.00977	0.00775	0.00593	0.20768
8	0.56672	0.02660	0.01476	0.05738	0.02383	0.05775	0.07075	0.02781	0.01274	0.05078	0.00031	0.01391	0.00025	0.00922	0.02037	5.8e-05	0.02706	0.00736	0.01215	0.00020

[dist]
# distance from previous block
# <min> <max>
1	2

[block]
# block no. 3 follows, 2046 sequences, length 9
# corresponding to MSA columns:
# 835-837,853-855,857-859
name=unknown_D
#
# <colnr> <probs for GDERKNQSTAVLIFYWHMCP>
#	G	D	E	R	K	N	Q	S	T	A	V	L	I	F	Y	W	H	M	C	P
0	0.00023	0.00017	0.00021	0.00023	0.00025	0.00016	0.00016	0.01829	0.01551	0.01566	0.06401	0.58030	0.21133	0.05513	0.00025	7e-05	0.00010	0.03765	0.00016	0.00015
1	0.00034	0.00023	0.00030	0.00028	0.00033	0.00769	0.00803	0.02482	0.12697	0.11697	0.00898	0.09355	0.04768	0.03845	0.34331	0.07125	0.01262	0.07007	0.01881	0.00934
2	0.01229	0.00021	0.00025	0.00025	0.00029	0.00776	0.00019	0.02855	0.03178	0.10785	0.06801	0.17861	0.02476	0.25665	0.02960	0.00783	0.00766	0.18549	0.04421	0.00776
3	0.03939	0.00045	0.00048	0.00038	0.00051	0.00051	0.00031	0.83669	0.11791	0.00101	0.00043	0.00043	0.00031	0.00020	0.00017	5.2e-05	0.00018	0.00015	0.00017	0.00028
4	0.01013	0.00018	0.00024	0.02209	0.00029	0.00018	0.00989	0.01064	0.02544	0.04499	0.20860	0.32041	0.14103	0.07957	0.03047	0.01492	0.00012	0.06435	0.01629	0.00015
5	0.06623	0.00873	0.00026	0.02879	0.01555	0.00021	0.00019	0.01858	0.00896	0.08481	0.12281	0.36375	0.09208	0.04182	0.07539	0.02197	0.02353	0.01785	0.00832	0.00016
6	0.01222	0.02206	0.01698	0.02385	0.01506	0.00728	0.00916	0.00883	0.01800	0.01029	0.14812	0.34188	0.07064	0.06493	0.02937	0.16790	0.00013	0.01210	0.02104	0.00014
7	0.01243	0.03099	0.01364	0.32221	0.08184	0.01950	0.04397	0.04527	0.04670	0.05231	0.06901	0.01789	0.04552	0.01718	0.02765	6.1e-05	0.05906	0.00643	0.01303	0.07532
8	0.01698	0.04453	0.01478	0.01823	0.00992	0.02098	0.00708	0.01294	0.03167	0.01686	0.07171	0.14563	0.05321	0.10847	0.02280	0.00628	0.00589	0.04025	0.00986	0.34195

[dist]
# distance from previous block
# <min> <max>
3	36

[block]
# block no. 4 follows, 2046 sequences, length 16
# corresponding to MSA columns:
# 977-981,983,984,986-994
name=unknown_E
#
# <colnr> <probs for GDERKNQSTAVLIFYWHMCP>
#	G	D	E	R	K	N	Q	S	T	A	V	L	I	F	Y	W	H	M	C	P
0	0.02338	0.00376	0.00039	0.00740	0.00408	0.02236	0.12709	0.02677	0.02298	0.29684	0.05140	0.21872	0.06423	0.01757	0.00841	0.03735	0.00924	0.02302	0.00368	0.03134
1	0.18515	0.02511	0.02691	0.00423	0.01285	0.00592	0.01795	0.12652	0.01604	0.09548	0.02173	0.02041	0.02942	0.15914	0.01158	0.00417	0.00802	0.03833	0.00695	0.18408
2	0.15477	0.01860	0.03917	0.03135	0.06604	0.01338	0.09259	0.04407	0.04408	0.05089	0.01806	0.15537	0.01687	0.02063	0.02203	0.10938	0.02212	0.04095	0.00532	0.03433
3	0.00024	0.00016	0.00021	0.00705	0.00026	0.00016	0.00016	0.00572	0.00603	0.02906	0.06059	0.59996	0.11544	0.04246	0.07458	0.01169	0.00013	0.03026	0.01570	0.00015
4	0.03968	0.00042	0.00043	0.00035	0.00046	0.07911	0.01630	0.32781	0.37678	0.01936	0.01168	0.00771	0.01054	0.00021	0.00016	5.1e-05	0.00016	0.00582	0.00581	0.09714
5	0.00027	0.00022	0.03302	0.00672	0.01117	0.00020	0.05660	0.01236	0.04668	0.02999	0.04093	0.42546	0.07501	0.11492	0.00512	7.7e-05	0.00452	0.11290	0.00629	0.01752
6	0.01520	0.00021	0.00858	0.00591	0.00560	0.00020	0.00943	0.01813	0.01446	0.21727	0.23237	0.23411	0.12770	0.01102	0.00779	0.01610	0.00611	0.05857	0.01106	0.00018
7	0.02895	0.00026	0.00032	0.00027	0.00611	0.00025	0.00559	0.04205	0.11396	0.37887	0.22037	0.01539	0.10861	0.02401	0.00020	5.7e-05	0.00012	0.03869	0.01569	0.00022
8	0.33041	0.00033	0.00036	0.00029	0.00041	0.00921	0.00023	0.14306	0.00936	0.46938	0.01340	0.00046	0.00033	0.00019	0.00015	5.2e-05	0.00015	0.00014	0.01125	0.01084
9	0.02053	0.00020	0.00024	0.00469	0.00029	0.01930	0.00482	0.02911	0.01654	0.07016	0.31979	0.36316	0.08290	0.00493	0.02434	0.01187	0.00011	0.00969	0.01715	0.00016
10	0.04195	0.00484	0.00774	0.00031	0.00565	0.00579	0.00025	0.13852	0.01324	0.67762	0.05305	0.00930	0.01133	0.00022	0.00017	0.00462	0.00528	0.00497	0.01487	0.00027
11	0.01146	0.00019	0.00760	0.00022	0.00027	0.00017	0.00017	0.00633	0.02875	0.05460	0.41460	0.15601	0.22118	0.01732	0.00021	0.00570	9.7e-05	0.05064	0.02432	0.00016
12	0.00982	0.00528	0.02018	0.05296	0.05363	0.00846	0.00850	0.04346	0.03118	0.25788	0.18293	0.04681	0.02277	0.03460	0.07239	0.01029	0.03467	0.02456	0.07941	0.00021
13	0.01715	0.13465	0.26075	0.18166	0.16346	0.03363	0.06414	0.02050	0.03267	0.03160	0.00451	0.01649	0.00433	0.01034	0.00017	0.00443	0.01138	0.00781	8.9e-05	0.00023
14	0.06937	0.00029	0.01357	0.00029	0.00040	0.00489	0.00024	0.03290	0.12796	0.54801	0.12946	0.01420	0.01001	0.01137	0.00692	0.00596	0.00014	0.01019	0.01357	0.00025
15	0.00023	0.00016	0.00020	0.00022	0.00025	0.00015	0.00015	0.00749	0.00741	0.02167	0.10692	0.53037	0.25362	0.03087	0.00820	6.8e-05	0.00010	0.02266	0.00910	0.00015

[dist]
# distance from previous block
# <min> <max>
1	31

[block]
# block no. 5 follows, 2046 sequences, length 11
# corresponding to MSA columns:
# 1068-1077,1079
name=unknown_F
#
# <colnr> <probs for GDERKNQSTAVLIFYWHMCP>
#	G	D	E	R	K	N	Q	S	T	A	V	L	I	F	Y	W	H	M	C	P
0	0.00701	0.00023	0.00028	0.00025	0.00032	0.00672	0.00623	0.02252	0.11820	0.14273	0.27875	0.11787	0.11712	0.03701	0.00800	0.00606	0.00782	0.02008	0.02027	0.08251
1	0.13224	0.06827	0.06362	0.14768	0.12399	0.00910	0.10547	0.07525	0.04822	0.08267	0.02595	0.02712	0.00536	0.00986	0.01438	0.00741	0.00921	0.02415	0.01984	0.00022
2	0.00022	0.00017	0.00019	0.00020	0.00024	0.00015	0.00015	0.00026	0.00038	0.01214	0.14069	0.30944	0.47711	0.01514	0.01428	6.5e-05	9.7e-05	0.01598	0.01296	0.00014
3	0.00041	0.00040	0.00068	0.04652	0.94757	0.00040	0.00052	0.00051	0.00038	0.00055	0.00032	0.00042	0.00027	0.00015	0.00017	5e-05	0.00020	0.00015	8.3e-05	0.00026
4	0.00029	0.00015	0.00022	0.00022	0.00022	0.00015	0.00015	0.00022	0.00022	0.00030	0.00030	0.00052	0.00030	0.00062	0.04602	0.94963	0.00016	0.00015	7.4e-05	7.7e-05
5	0.00034	0.00028	0.00033	0.00025	0.00038	0.00022	0.00020	0.01384	0.01447	0.01514	0.13026	0.01388	0.01369	0.00017	0.00014	3.1e-05	0.00012	0.00014	0.00012	0.79600
6	0.00063	0.00080	0.00048	0.00044	0.00052	0.99339	0.00033	0.00067	0.00048	0.00041	0.00026	0.00030	0.00022	0.00017	0.00015	4.4e-05	0.00030	0.00011	8.7e-05	0.00020
7	0.00045	0.99417	0.00088	0.00029	0.00043	0.00067	0.00029	0.00051	0.00034	0.00040	0.00023	0.00027	0.00022	0.00014	0.00011	3.6e-05	0.00018	9e-05	7.2e-05	0.00022
8	0.00022	0.00017	0.00020	0.00020	0.00024	0.00015	0.00015	0.00027	0.00039	0.01424	0.22295	0.27224	0.43786	0.01252	0.00021	6e-05	9.1e-05	0.01257	0.01174	0.01353
9	0.00024	0.00018	0.00025	0.00930	0.00029	0.00018	0.03126	0.00028	0.00033	0.00045	0.09277	0.40168	0.05272	0.04747	0.25444	0.00988	0.01189	0.07627	0.00997	0.00015
10	0.00646	0.00627	0.00025	0.00623	0.00605	0.00019	0.00612	0.03504	0.00809	0.05375	0.21388	0.24972	0.12001	0.02615	0.13157	0.07016	0.01539	0.01774	0.02679	0.00016

[dist]
# distance from previous block
# <min> <max>
3	124

[block]
# block no. 6 follows, 2046 sequences, length 6
# corresponding to MSA columns:
# 1211-1213,1215-1217
name=unknown_G
#
# <colnr> <probs for GDERKNQSTAVLIFYWHMCP>
#	G	D	E	R	K	N	Q	S	T	A	V	L	I	F	Y	W	H	M	C	P
0	0.00042	0.00040	0.00069	0.00104	0.99301	0.00040	0.00052	0.00052	0.00038	0.00055	0.00032	0.00042	0.00027	0.00015	0.00017	5e-05	0.00020	0.00015	8.4e-05	0.00027
1	0.01578	0.00020	0.01635	0.00023	0.00028	0.00018	0.00018	0.02493	0.03373	0.04934	0.13361	0.40665	0.20292	0.02769	0.00022	6.4e-05	0.00011	0.05501	0.03238	0.00016
2	0.15655	0.00028	0.00032	0.00026	0.00036	0.00028	0.00021	0.12747	0.03942	0.34824	0.13745	0.00061	0.00053	0.00022	0.00015	5e-05	0.00013	0.00017	0.18707	0.00023
3	0.99526	0.00033	0.00025	0.00022	0.00033	0.00038	0.00018	0.00050	0.00029	0.00076	0.00024	0.00027	0.00018	0.00016	0.00010	5.2e-05	0.00013	9.1e-05	0.00010	0.00018
4	0.00024	0.00020	0.00021	0.00021	0.00026	0.02109	0.00016	0.02173	0.06807	0.00050	0.06654	0.03976	0.69738	0.02272	0.00021	6e-05	0.00010	0.06023	0.00016	0.00016
5	0.02993	0.00019	0.00022	0.02865	0.00029	0.02861	0.00018	0.02837	0.00034	0.00046	0.00088	0.84799	0.03229	0.00049	0.00021	6.6e-05	0.00011	0.00044	0.00015	0.00015

[dist]
# distance from previous block
# <min> <max>
6	46

[block]
# block no. 7 follows, 2046 sequences, length 11
# corresponding to MSA columns:
# 1284-1289,1292-1295,1297
name=unknown_H
#
# <colnr> <probs for GDERKNQSTAVLIFYWHMCP>
#	G	D	E	R	K	N	Q	S	T	A	V	L	I	F	Y	W	H	M	C	P
0	0.02505	0.07066	0.02199	0.04745	0.01407	0.03652	0.06870	0.06665	0.03160	0.18724	0.02465	0.00968	0.00954	0.02803	0.11921	0.03027	0.16798	0.01411	0.02095	0.00565
1	0.00033	0.00021	0.00026	0.00024	0.00030	0.00019	0.00987	0.04555	0.02838	0.13901	0.38159	0.17084	0.13070	0.01447	0.00020	0.00830	0.00010	0.01250	0.04524	0.01172
2	0.00025	0.00019	0.00022	0.01333	0.00027	0.00870	0.00016	0.00874	0.00987	0.02918	0.54718	0.01513	0.33976	0.00882	0.00890	5.8e-05	9.4e-05	0.00881	0.00017	0.00016
3	0.00026	0.00019	0.00022	0.00021	0.00026	0.00017	0.00781	0.01303	0.02058	0.04972	0.23029	0.08183	0.50852	0.02852	0.00987	6.2e-05	0.0001	0.02587	0.01337	0.00913
4	0.94967	0.00033	0.00026	0.00023	0.00034	0.00039	0.00019	0.04596	0.00031	0.00077	0.00024	0.00028	0.00019	0.00016	0.00011	5.2e-05	0.00013	9.4e-05	0.00011	0.00019
5	0.00026	0.00801	0.00022	0.00021	0.00027	0.00017	0.00016	0.00804	0.03105	0.05520	0.21907	0.08110	0.44732	0.03893	0.00023	0.00940	0.00010	0.06502	0.01751	0.01773
6	0.93459	0.00032	0.00025	0.00022	0.00033	0.00037	0.00018	0.00050	0.00029	0.03096	0.00026	0.00031	0.00020	0.03051	0.00013	5.6e-05	0.00013	9.9e-05	0.00011	0.00018
7	0.01166	0.00017	0.00020	0.00021	0.00025	0.00016	0.00015	0.00029	0.02727	0.02308	0.12300	0.32612	0.43876	0.01490	0.00021	6.2e-05	9.5e-05	0.03310	0.00016	0.00015
8	0.00062	0.02695	0.00049	0.00043	0.00052	0.91761	0.00032	0.02731	0.02343	0.00044	0.00027	0.00031	0.00023	0.00018	0.00015	4.4e-05	0.00029	0.00011	9.1e-05	0.00020
9	0.01924	0.00019	0.00023	0.00022	0.00027	0.00018	0.00017	0.00034	0.02542	0.06321	0.48812	0.15739	0.09996	0.07850	0.01318	6.8e-05	0.01096	0.02656	0.01564	0.00016
10	0.01406	0.01485	0.00902	0.05485	0.02496	0.34167	0.01312	0.11262	0.06079	0.13704	0.05226	0.02303	0.00829	0.01724	0.01279	0.00543	0.03071	0.01088	0.05618	0.00022

[dist]
# distance from previous block
# <min> <max>
18	47

[block]
# block no. 8 follows, 2046 sequences, length 14
# corresponding to MSA columns:
# 1440,1441,1445-1448,1462-1469
name=unknown_I
#
# <colnr> <probs for GDERKNQSTAVLIFYWHMCP>
#	G	D	E	R	K	N	Q	S	T	A	V	L	I	F	Y	W	H	M	C	P
0	0.00539	0.00568	0.00736	0.60104	0.05772	0.00741	0.00653	0.00791	0.01311	0.06551	0.02570	0.09879	0.01418	0.00022	0.00017	5.5e-05	0.00019	0.01042	0.01065	0.06196
1	0.01993	0.09792	0.12010	0.01141	0.03364	0.28864	0.03034	0.05825	0.10176	0.09082	0.02819	0.02561	0.01570	0.00997	0.00839	0.00610	0.00740	0.01419	0.00389	0.02774
2	0.02118	0.09912	0.21379	0.05245	0.06480	0.01979	0.12170	0.02818	0.07580	0.11019	0.02548	0.04026	0.02398	0.00616	0.01093	0.01381	0.01977	0.01675	0.00795	0.02791
3	0.00024	0.00017	0.00802	0.00023	0.00026	0.00016	0.00016	0.00029	0.03048	0.02391	0.11573	0.59084	0.12273	0.05947	0.00025	0.01716	0.00010	0.02153	0.00813	0.00015
4	0.00817	0.00020	0.00565	0.00762	0.00030	0.00019	0.00598	0.01433	0.02891	0.18643	0.12564	0.31152	0.13546	0.11872	0.00517	0.00758	0.00012	0.02579	0.00628	0.00594
5	0.05905	0.02843	0.05949	0.05847	0.03588	0.02283	0.07269	0.06669	0.03292	0.36362	0.04163	0.02280	0.05150	0.00996	0.00515	0.00999	0.01793	0.00841	0.02276	0.00979
6	0.01975	0.03811	0.12271	0.09354	0.07945	0.03970	0.05335	0.06942	0.04932	0.24053	0.03936	0.04245	0.01345	0.01225	0.00726	0.00421	0.04793	0.01118	0.01580	0.00023
7	0.00023	0.00018	0.01067	0.00022	0.00026	0.00016	0.00734	0.01108	0.01053	0.01326	0.13192	0.42179	0.26746	0.05258	0.02901	0.00753	0.00011	0.02430	0.01123	0.00015
8	0.01307	0.00563	0.00420	0.01060	0.00543	0.00899	0.01002	0.06308	0.04110	0.06329	0.06373	0.37794	0.15502	0.04634	0.01384	0.04330	0.00974	0.04797	0.01655	0.00017
9	0.02600	0.06910	0.12540	0.12043	0.11710	0.11407	0.06672	0.04980	0.06687	0.07172	0.02711	0.05165	0.01413	0.00986	0.02689	5.9e-05	0.02178	0.00842	0.00589	0.00701
10	0.03457	0.01226	0.18938	0.08249	0.04698	0.06392	0.08038	0.07573	0.03630	0.16132	0.00795	0.02318	0.01195	0.01913	0.03436	0.00497	0.07708	0.00882	0.02466	0.00456
11	0.00023	0.00016	0.00020	0.00022	0.00024	0.00015	0.00015	0.00026	0.01057	0.00915	0.04451	0.46914	0.07461	0.26490	0.01146	0.04928	0.00012	0.05264	0.01185	0.00013
12	0.02596	0.08846	0.26253	0.08600	0.04451	0.01149	0.05957	0.04104	0.03073	0.10286	0.03750	0.05744	0.01264	0.05435	0.02940	0.00593	0.01961	0.01880	0.00676	0.00441
13	0.02387	0.07503	0.13043	0.10190	0.12379	0.03467	0.07740	0.06519	0.05881	0.10483	0.02498	0.02878	0.02043	0.01422	0.01912	0.00414	0.03908	0.00572	0.00723	0.04039

[dist]
# distance from previous block
# <min> <max>
7	56

[block]
# block no. 9 follows, 2046 sequences, length 6
# corresponding to MSA columns:
# 1604,1607,1610-1612,1617
name=unknown_J
#
# <colnr> <probs for GDERKNQSTAVLIFYWHMCP>
#	G	D	E	R	K	N	Q	S	T	A	V	L	I	F	Y	W	H	M	C	P
0	0.02580	0.12260	0.22177	0.02759	0.07834	0.03164	0.05612	0.06676	0.04525	0.12107	0.01062	0.02223	0.01820	0.00903	0.04819	0.00864	0.01626	0.00865	0.01864	0.04261
1	0.01358	0.05712	0.18815	0.18393	0.04542	0.01514	0.06656	0.02155	0.02455	0.09505	0.02890	0.10876	0.05816	0.01163	0.03352	6.3e-05	0.01213	0.01466	0.01093	0.01022
2	0.00028	0.00018	0.00025	0.00026	0.01594	0.01429	0.00018	0.00029	0.01425	0.01471	0.02446	0.03141	0.01811	0.02373	0.37111	0.40815	0.00026	0.02424	0.03774	0.00012
3	0.01234	0.02396	0.15172	0.21717	0.12467	0.06914	0.04556	0.02545	0.02403	0.06075	0.01608	0.09436	0.02066	0.01275	0.01001	0.01013	0.04949	0.02241	0.00010	0.00921
4	0.02066	0.05498	0.16309	0.09052	0.10924	0.03880	0.10812	0.08421	0.03343	0.17230	0.01600	0.02024	0.02521	0.01073	0.00018	5.3e-05	0.01145	0.01168	0.01132	0.01780
5	0.02923	0.01333	0.01313	0.14258	0.05729	0.05991	0.01664	0.04852	0.01198	0.06981	0.08197	0.15900	0.02070	0.04582	0.11213	0.01570	0.06732	0.01994	0.01480	0.00018

[dist]
# distance from previous block
# <min> <max>
1	1

[block]
# block no. 10 follows, 2046 sequences, length 9
# corresponding to MSA columns:
# 1621-1623,1629,1631-1635
name=unknown_K
#
# <colnr> <probs for GDERKNQSTAVLIFYWHMCP>
#	G	D	E	R	K	N	Q	S	T	A	V	L	I	F	Y	W	H	M	C	P
0	0.01540	0.01468	0.01221	0.02288	0.00983	0.05675	0.00788	0.03002	0.01244	0.15129	0.10124	0.11403	0.06992	0.10504	0.15933	0.02046	0.04055	0.01764	0.02682	0.01159
1	0.07795	0.01838	0.00825	0.17124	0.03137	0.02680	0.01001	0.04448	0.11809	0.01321	0.07441	0.06749	0.04217	0.12875	0.03873	0.05197	0.02555	0.01338	0.01392	0.02385
2	0.00937	0.00841	0.00846	0.08721	0.09245	0.01028	0.03979	0.02945	0.03018	0.05133	0.04003	0.28044	0.14131	0.04722	0.04216	0.00634	0.02254	0.01536	0.02194	0.01573
3	0.57345	0.09324	0.03829	0.01654	0.03536	0.10165	0.03193	0.01446	0.01382	0.00904	0.00943	0.00032	0.00022	0.00018	0.01195	5.3e-05	0.03816	0.00011	0.01159	0.00020
4	0.13753	0.01273	0.09075	0.21843	0.20530	0.01304	0.12296	0.02346	0.03309	0.03512	0.02221	0.02466	0.01667	0.00019	0.00694	5.6e-05	0.01561	0.00966	0.01137	0.00022
5	0.00817	0.04734	0.15347	0.06867	0.06462	0.02359	0.09004	0.03627	0.04883	0.06084	0.02212	0.02755	0.02618	0.05854	0.02827	0.01427	0.02305	0.01446	0.00718	0.17653
6	0.01040	0.00792	0.00877	0.01188	0.01029	0.00022	0.00020	0.02959	0.01212	0.03586	0.49357	0.06138	0.14121	0.01055	0.04947	6.8e-05	0.07344	0.02461	0.01830	0.00017
7	0.00725	0.01738	0.04147	0.19243	0.10581	0.03088	0.02745	0.06974	0.14410	0.03476	0.08462	0.06796	0.01690	0.01514	0.03135	0.01516	0.01148	0.02095	0.01027	0.05489
8	0.00030	0.00019	0.00024	0.00024	0.00991	0.00018	0.00017	0.01001	0.02321	0.10224	0.23854	0.20155	0.09235	0.14901	0.12893	0.01848	0.00016	0.01415	0.00998	0.00016

[dist]
# distance from previous block
# <min> <max>
4	16

[block]
# block no. 11 follows, 2046 sequences, length 17
# corresponding to MSA columns:
# 1688,1690,1691,1694-1698,1701,1702,1704-1707,1714,1715,1719
name=unknown_L
#
# <colnr> <probs for GDERKNQSTAVLIFYWHMCP>
#	G	D	E	R	K	N	Q	S	T	A	V	L	I	F	Y	W	H	M	C	P
0	0.00027	0.00508	0.04448	0.02550	0.06863	0.00597	0.01768	0.01353	0.01949	0.01514	0.12666	0.12093	0.22148	0.17244	0.08494	0.02579	0.01041	0.01404	0.00738	0.00016
1	0.00615	0.03587	0.19633	0.06607	0.08711	0.03121	0.05500	0.10964	0.10788	0.02295	0.06149	0.04623	0.04210	0.02350	0.01737	0.00378	0.02839	0.03841	0.00602	0.01448
2	0.74037	0.00033	0.04222	0.00860	0.00036	0.00035	0.00021	0.00054	0.00033	0.14876	0.02425	0.00037	0.00743	0.00973	0.00791	5.5e-05	0.00014	0.00011	0.00773	0.00020
3	0.00469	0.00627	0.05803	0.08220	0.08222	0.00497	0.01673	0.04834	0.16486	0.02064	0.13775	0.05033	0.23566	0.01883	0.01944	0.00422	0.02660	0.00866	0.00581	0.00376
4	0.02569	0.00685	0.02532	0.00026	0.00035	0.00488	0.00021	0.04211	0.00539	0.38443	0.11933	0.03030	0.12017	0.10797	0.01566	6.7e-05	0.00505	0.00653	0.05576	0.04368
5	0.01822	0.04503	0.10643	0.15053	0.08685	0.00651	0.06324	0.02406	0.04773	0.05039	0.11865	0.12028	0.10326	0.00379	0.00414	0.00440	0.01056	0.01318	0.02252	0.00020
6	0.51234	0.16474	0.04737	0.03092	0.01379	0.02065	0.00906	0.04039	0.08871	0.04596	0.00032	0.00035	0.00024	0.00017	0.00013	5e-05	0.01136	0.00505	0.00821	0.00021
7	0.00024	0.00018	0.00021	0.00020	0.00025	0.00016	0.00015	0.03861	0.00877	0.00835	0.25985	0.15344	0.50384	0.01618	0.00021	5.9e-05	9.2e-05	0.00888	0.00016	0.00015
8	0.03059	0.51104	0.04817	0.00489	0.00636	0.11587	0.00552	0.06724	0.08687	0.05304	0.00443	0.01108	0.00028	0.00017	0.00476	4.4e-05	0.00548	0.00012	0.00538	0.03867
9	0.04010	0.21639	0.20478	0.04448	0.02560	0.04483	0.03256	0.06052	0.06256	0.11213	0.01021	0.00540	0.00364	0.00400	0.00462	0.00348	0.02611	0.00348	0.00590	0.08922
10	0.01477	0.27801	0.09864	0.04305	0.07906	0.08919	0.12479	0.06373	0.06124	0.04681	0.00659	0.02181	0.00697	0.01057	0.01376	0.00344	0.02747	0.00554	0.00433	0.00023
11	0.85600	0.03871	0.00027	0.00022	0.00032	0.00037	0.00018	0.00049	0.00030	0.02677	0.00027	0.01048	0.00022	0.03748	0.00014	5.6e-05	0.00013	0.00011	0.02730	0.00018
12	0.04262	0.00769	0.09038	0.16025	0.02889	0.12306	0.06473	0.05053	0.01956	0.22327	0.03544	0.02901	0.00503	0.01039	0.02490	6e-05	0.05795	0.00750	0.01852	0.00022
13	0.00710	0.00017	0.00021	0.00024	0.00026	0.00016	0.00016	0.03859	0.00035	0.00702	0.02161	0.79071	0.04353	0.03486	0.01507	7.3e-05	0.00011	0.01568	0.02397	0.00014
14	0.00484	0.00417	0.03006	0.06751	0.03159	0.00641	0.04881	0.00520	0.01912	0.00580	0.18696	0.31376	0.18326	0.00445	0.00021	0.00848	0.01136	0.03578	0.03207	0.00016
15	0.00024	0.00018	0.00022	0.00842	0.00027	0.00017	0.00017	0.03862	0.00041	0.01066	0.37802	0.35858	0.16818	0.00043	0.00778	6.2e-05	9.8e-05	0.02719	0.00017	0.00015
16	0.00464	0.07539	0.22758	0.20265	0.11071	0.02272	0.09946	0.05112	0.03249	0.03720	0.01845	0.04513	0.01629	0.00370	0.00018	0.00832	0.01353	0.02174	0.00849	0.00022

[dist]
# distance from previous block
# <min> <max>
3	14

[block]
# block no. 12 follows, 2046 sequences, length 9
# corresponding to MSA columns:
# 1771-1779
name=unknown_M
#
# <colnr> <probs for GDERKNQSTAVLIFYWHMCP>
#	G	D	E	R	K	N	Q	S	T	A	V	L	I	F	Y	W	H	M	C	P
0	0.00025	0.00018	0.00023	0.00023	0.00026	0.00017	0.01641	0.00029	0.00034	0.01962	0.18092	0.16453	0.16175	0.20282	0.19012	0.02417	0.01363	0.01264	0.01129	0.00014
1	0.03438	0.02728	0.02724	0.03152	0.03986	0.06405	0.05425	0.19003	0.05144	0.09832	0.03709	0.07549	0.04928	0.03325	0.07656	0.01241	0.04862	0.02709	0.01537	0.00645
2	0.08255	0.00669	0.00042	0.03729	0.02148	0.00707	0.04268	0.33236	0.04552	0.19987	0.01295	0.04038	0.02897	0.08868	0.01808	6.7e-05	0.00874	0.00860	0.01016	0.00746
3	0.56539	0.00036	0.03287	0.04475	0.14778	0.01756	0.00028	0.03983	0.00035	0.11685	0.00031	0.00035	0.00023	0.00016	0.00013	5.1e-05	0.00016	0.00012	0.00011	0.03234
4	0.00039	0.32069	0.47951	0.03737	0.01628	0.02151	0.02819	0.02275	0.00036	0.01277	0.00029	0.00035	0.00023	0.00020	0.03223	5.5e-05	0.02639	0.00012	7.7e-05	0.00023
5	0.00027	0.00019	0.00023	0.00021	0.00027	0.00018	0.00016	0.03723	0.01578	0.04709	0.41701	0.05730	0.35805	0.00040	0.02635	6.1e-05	0.00010	0.02258	0.01640	0.00016
6	0.02280	0.01921	0.08704	0.03256	0.04767	0.00875	0.03642	0.35821	0.10592	0.06530	0.05832	0.02671	0.01507	0.03915	0.01364	0.00641	0.04883	0.00761	0.00014	0.00024
7	0.00599	0.00587	0.00921	0.00658	0.02280	0.03770	0.00880	0.00662	0.00626	0.01010	0.07901	0.36723	0.11888	0.11825	0.04897	0.01667	0.08751	0.02846	0.00738	0.00773
8	0.07049	0.01674	0.01535	0.30442	0.05141	0.01314	0.03802	0.04572	0.01500	0.02137	0.07617	0.16156	0.06475	0.01584	0.00722	0.00839	0.01067	0.01363	0.01966	0.03045

[dist]
# distance from previous block
# <min> <max>
0	270

# created by:
# /home/cegg/simao/soft/augustus-3.2.1/scripts/msa2prfl.pl ./align_prep/POG091H01NJ.fa
