[name]
unknown

[dist]
# distance from previous block
# <min> <max>
0	198

[block]
# block no. 0 follows, 2981 sequences, length 10
# corresponding to MSA columns:
# 218-224,226-228
name=unknown_A
#
# <colnr> <probs for GDERKNQSTAVLIFYWHMCP>
#	G	D	E	R	K	N	Q	S	T	A	V	L	I	F	Y	W	H	M	C	P
0	0.00966	0.02540	0.04962	0.11084	0.11513	0.03491	0.32637	0.14663	0.03829	0.05472	0.02154	0.01629	0.00774	0.00616	0.00603	3.8e-05	0.00973	0.00878	0.00641	0.00575
1	0.02358	0.00022	0.01240	0.06625	0.08644	0.03542	0.02978	0.06588	0.04322	0.31300	0.04513	0.12500	0.07387	0.00018	0.00012	3.7e-05	0.00011	0.00791	0.00933	0.06211
2	0.00021	0.00017	0.00020	0.00016	0.00023	0.00014	0.01052	0.00994	0.00949	0.03385	0.13544	0.08511	0.17483	0.00937	0.02345	3.3e-05	8.3e-05	0.01004	9.1e-05	0.49664
3	0.01634	0.00025	0.01499	0.41523	0.38467	0.01272	0.02212	0.02932	0.01345	0.01046	0.00022	0.00029	0.00017	0.00011	0.00011	3.5e-05	0.00014	0.00010	6e-05	0.07919
4	0.94641	0.00022	0.00017	0.00015	0.00022	0.00025	0.00013	0.00033	0.00020	0.00051	0.00017	0.00020	0.00013	0.00015	0.05034	4.4e-05	0.00010	6.6e-05	7.1e-05	0.00012
5	0.00023	0.00018	0.00021	0.00020	0.00024	0.00020	0.00015	0.01332	0.45272	0.01352	0.05120	0.03072	0.03132	0.18113	0.00022	5.6e-05	9.5e-05	0.21200	0.01216	0.00014
6	0.00812	0.00643	0.03677	0.24777	0.14171	0.12239	0.09664	0.01536	0.01273	0.03786	0.05815	0.00670	0.02742	0.01827	0.07189	4.8e-05	0.03427	0.00572	6.8e-05	0.05167
7	0.02082	0.90087	0.02696	0.00020	0.00030	0.00044	0.00020	0.02395	0.02482	0.00030	0.00017	0.00020	0.00015	0.00010	7.8e-05	2.6e-05	0.00012	6.6e-05	5.3e-05	0.00015
8	0.00684	0.00013	0.00018	0.11635	0.01160	0.00014	0.00645	0.00723	0.01240	0.00674	0.10368	0.14128	0.25745	0.11541	0.11757	0.03480	0.00804	0.02481	0.02880	0.00010
9	0.04467	0.01093	0.01213	0.02676	0.01627	0.00824	0.01016	0.06458	0.03675	0.00756	0.03445	0.48010	0.02593	0.12101	0.06052	0.00511	0.00748	0.01542	0.00519	0.00674

[dist]
# distance from previous block
# <min> <max>
3	17

[block]
# block no. 1 follows, 2981 sequences, length 13
# corresponding to MSA columns:
# 259-271
name=unknown_B
#
# <colnr> <probs for GDERKNQSTAVLIFYWHMCP>
#	G	D	E	R	K	N	Q	S	T	A	V	L	I	F	Y	W	H	M	C	P
0	0.00532	0.00014	0.00954	0.14181	0.03371	0.00015	0.01420	0.00546	0.02256	0.00996	0.02245	0.02771	0.01032	0.14926	0.04708	0.46363	0.02993	0.00664	6.2e-05	8.6e-05
1	0.01202	0.04273	0.10306	0.12263	0.02531	0.13916	0.26569	0.01581	0.03275	0.06831	0.03737	0.04220	0.01374	0.00899	0.01012	0.00515	0.05000	0.00474	7.1e-05	0.00015
2	0.01076	0.00884	0.05316	0.07877	0.09902	0.01080	0.05216	0.01592	0.01907	0.11452	0.01671	0.02377	0.00790	0.07461	0.24494	0.06364	0.08794	0.00730	0.00531	0.00485
3	0.00016	0.00012	0.00015	0.00015	0.00018	0.00011	0.00011	0.00021	0.01799	0.01699	0.29191	0.17730	0.30598	0.06668	0.00017	4.6e-05	7e-05	0.12146	0.00011	0.00010
4	0.00022	0.00865	0.46426	0.09862	0.02015	0.00585	0.02991	0.01899	0.02363	0.00775	0.06446	0.08980	0.06458	0.06120	0.00650	4.4e-05	0.00657	0.02347	0.00520	0.00014
5	0.05859	0.14353	0.12512	0.06911	0.05196	0.14204	0.09845	0.09542	0.03159	0.12210	0.00564	0.00947	0.00573	0.00013	0.00530	3.6e-05	0.02809	0.00744	7.6e-05	0.00016
6	0.02370	0.00593	0.01488	0.02908	0.15123	0.01132	0.04285	0.02298	0.27327	0.10673	0.11365	0.03032	0.11107	0.01610	0.00482	4e-05	0.01595	0.01769	0.00822	0.00016
7	0.00783	0.00014	0.00017	0.00016	0.00020	0.00013	0.00666	0.01411	0.01448	0.21062	0.13220	0.19216	0.24215	0.11159	0.00019	0.00939	7.9e-05	0.02955	0.02809	0.00012
8	0.00942	0.01886	0.06963	0.40028	0.13329	0.01020	0.04056	0.06239	0.03352	0.07903	0.02715	0.03379	0.01648	0.01486	0.00780	4e-05	0.03191	0.00516	0.00549	0.00015
9	0.03969	0.12399	0.21175	0.09988	0.07452	0.08120	0.08893	0.08934	0.03380	0.06028	0.02233	0.01476	0.00517	0.00524	0.00551	3.7e-05	0.03185	0.01150	7.1e-05	0.00016
10	0.00477	0.00015	0.00881	0.00571	0.01218	0.00945	0.02653	0.01470	0.09522	0.03959	0.35614	0.16322	0.14666	0.01568	0.00670	0.03065	0.01113	0.02909	0.00660	0.01703
11	0.02285	0.00014	0.00018	0.01863	0.00021	0.00014	0.00012	0.02844	0.02730	0.15070	0.05863	0.18921	0.02035	0.24282	0.10442	7.3e-05	0.00624	0.05242	0.07702	0.00011
12	0.05682	0.06446	0.20353	0.15641	0.09763	0.03554	0.05267	0.06759	0.01972	0.09861	0.01428	0.02212	0.01200	0.00612	0.01068	0.00782	0.06033	0.00912	7.2e-05	0.00448

[dist]
# distance from previous block
# <min> <max>
0	1

[block]
# block no. 2 follows, 2981 sequences, length 19
# corresponding to MSA columns:
# 273-291
name=unknown_C
#
# <colnr> <probs for GDERKNQSTAVLIFYWHMCP>
#	G	D	E	R	K	N	Q	S	T	A	V	L	I	F	Y	W	H	M	C	P
0	0.02130	0.02942	0.01083	0.25296	0.06429	0.08129	0.05023	0.12750	0.02899	0.06246	0.01622	0.20286	0.00609	0.00541	0.00880	4e-05	0.01769	0.00407	0.00509	0.00448
1	0.00599	0.00014	0.00019	0.00018	0.00021	0.00925	0.00014	0.02085	0.00021	0.11694	0.00033	0.00660	0.00031	0.15795	0.63567	0.01776	0.01948	0.00013	0.00754	0.00011
2	0.72848	0.00949	0.00381	0.01719	0.00026	0.11663	0.02079	0.00868	0.00446	0.02938	0.00412	0.00824	0.00015	0.00393	9.1e-05	3.6e-05	0.02228	0.00796	0.01388	0.00013
3	0.00668	0.00012	0.00016	0.00016	0.00017	0.00013	0.00011	0.00020	0.00019	0.02089	0.01128	0.01561	0.01668	0.40863	0.46837	0.00014	0.00020	0.00665	0.04354	9.2e-05
4	0.06701	0.07599	0.15014	0.07181	0.12635	0.03640	0.19812	0.09756	0.03102	0.02687	0.03576	0.02999	0.00467	0.00364	0.00914	3.8e-05	0.02291	0.00833	0.00411	0.00016
5	0.00870	0.00707	0.44462	0.02942	0.01131	0.02187	0.07434	0.00532	0.00338	0.06951	0.00025	0.01806	0.00020	0.04137	0.03156	0.00311	0.01820	0.01044	0.00499	0.19630
6	0.00015	0.00012	0.00013	0.00014	0.00017	0.00010	0.00010	0.00019	0.00913	0.01629	0.11896	0.18821	0.57062	0.00987	0.03300	0.01197	7.2e-05	0.03288	0.00778	0.00010
7	0.00499	0.07470	0.35728	0.40846	0.02192	0.01906	0.02350	0.01517	0.00457	0.01404	0.00748	0.00650	0.01852	0.00372	0.00582	3.8e-05	0.00677	0.00363	0.00367	0.00015
8	0.02390	0.00022	0.00024	0.00022	0.00028	0.00025	0.00887	0.03488	0.70327	0.01275	0.02139	0.10866	0.01997	0.01312	0.00013	4.1e-05	9.1e-05	0.03518	0.00510	0.01145
9	0.01850	0.00021	0.00024	0.00018	0.00028	0.00016	0.00014	0.03553	0.00025	0.01514	0.00021	0.00024	0.00017	8.9e-05	8.7e-05	1.8e-05	8.8e-05	7.1e-05	7.2e-05	0.92831
10	0.01940	0.00395	0.00019	0.00018	0.01150	0.00016	0.00378	0.04059	0.07917	0.11547	0.10971	0.07572	0.40212	0.00973	0.00497	4.2e-05	0.05635	0.05723	0.00355	0.00619
11	0.00016	0.00011	0.00014	0.00015	0.00016	0.00011	9.6e-05	0.00018	0.00022	0.00965	0.16802	0.25868	0.05745	0.43841	0.00034	7.4e-05	8.8e-05	0.06576	9.5e-05	8.8e-05
12	0.00024	0.00059	0.93884	0.00033	0.00049	0.03913	0.00042	0.00037	0.00025	0.00036	0.00021	0.00025	0.00015	0.00012	0.01773	3.9e-05	0.00018	8.6e-05	5e-05	0.00017
13	0.00380	0.06318	0.05425	0.01119	0.05394	0.07830	0.10199	0.08520	0.06207	0.01545	0.00759	0.02655	0.00344	0.03483	0.18276	6.8e-05	0.12727	0.05037	0.00353	0.03422
14	0.00027	0.00021	0.00480	0.00844	0.01798	0.00392	0.00599	0.04078	0.51132	0.08420	0.08340	0.08732	0.01498	0.02772	0.09057	5.5e-05	0.00511	0.00391	0.00886	0.00016
15	0.02941	0.17927	0.42295	0.02210	0.02251	0.02276	0.05493	0.09336	0.01672	0.06413	0.00476	0.00382	0.00908	0.00012	0.00369	3.5e-05	0.01884	9.2e-05	6.6e-05	0.03136
16	0.00020	0.00013	0.00016	0.00017	0.00020	0.00012	0.00012	0.01022	0.07765	0.10372	0.18315	0.57327	0.03208	0.00029	0.00014	4.3e-05	7.1e-05	0.00739	0.01075	0.00012
17	0.00016	0.00011	0.00014	0.00014	0.00015	0.00011	9e-05	0.00017	0.00019	0.00026	0.01472	0.24283	0.03681	0.60619	0.05410	9.4e-05	0.00806	0.03550	8.2e-05	8.1e-05
18	0.11864	0.01283	0.05089	0.02085	0.16463	0.02063	0.04172	0.12111	0.05747	0.15984	0.04908	0.06038	0.03464	0.00344	0.00682	3.9e-05	0.00918	0.05153	0.01613	0.00016

[dist]
# distance from previous block
# <min> <max>
20	162

[block]
# block no. 3 follows, 2981 sequences, length 17
# corresponding to MSA columns:
# 500-516
name=unknown_D
#
# <colnr> <probs for GDERKNQSTAVLIFYWHMCP>
#	G	D	E	R	K	N	Q	S	T	A	V	L	I	F	Y	W	H	M	C	P
0	0.00017	0.00013	0.00017	0.00886	0.08191	0.00482	0.00478	0.00020	0.00486	0.00709	0.17931	0.43981	0.15749	0.01557	0.03757	4.9e-05	8.4e-05	0.04859	0.00843	0.00011
1	0.07168	0.00023	0.00026	0.00022	0.00029	0.00024	0.00017	0.08959	0.46086	0.30259	0.02957	0.00041	0.01176	0.00015	0.00011	3.7e-05	9.5e-05	0.00012	0.03143	0.00018
2	0.00014	0.00010	0.00014	0.00016	0.00017	9.7e-05	0.00011	0.00017	0.00023	0.00030	0.01542	0.88554	0.04975	0.00036	0.00015	4.7e-05	6.9e-05	0.04685	0.00011	9.5e-05
3	0.00023	0.00022	0.00036	0.89683	0.06974	0.01515	0.00032	0.00030	0.00024	0.00030	0.00021	0.00031	0.00016	0.00012	0.00012	3.9e-05	0.01508	0.00010	5.2e-05	0.00013
4	0.00023	0.00019	0.00023	0.00017	0.00026	0.00015	0.00014	0.01295	0.00023	0.01859	0.00024	0.00032	0.00021	0.04813	0.21101	5.8e-05	0.00014	8.7e-05	7e-05	0.70660
5	0.00025	0.25936	0.73673	0.00030	0.00045	0.00032	0.00037	0.00036	0.00024	0.00034	0.00020	0.00023	0.00015	0.00011	0.00010	3.4e-05	0.00016	8e-05	4.9e-05	0.00017
6	0.43933	0.00020	0.00952	0.00018	0.00370	0.05195	0.01479	0.00422	0.00397	0.02727	0.00468	0.28128	0.00826	0.06664	0.00409	0.00489	0.00530	0.06070	0.00529	0.00375
7	0.00029	0.00025	0.00027	0.00024	0.00030	0.00029	0.00019	0.03014	0.96545	0.00049	0.00047	0.00043	0.00035	0.00016	0.00012	3.9e-05	9.3e-05	0.00013	0.00012	0.00018
8	0.00043	0.00019	0.00024	0.00019	0.00027	0.00016	0.00016	0.03386	0.01023	0.69191	0.12857	0.00874	0.06248	0.00017	0.00012	3.5e-05	9.1e-05	0.00776	0.00013	0.05427
9	0.29130	0.00023	0.00024	0.00019	0.00028	0.00023	0.00015	0.18644	0.04799	0.08264	0.01145	0.00027	0.00020	0.00011	9.2e-05	2.9e-05	9.5e-05	8.3e-05	0.02403	0.35396
10	0.00020	0.00012	0.00015	0.00015	0.00017	0.00012	0.00011	0.00707	0.02948	0.06683	0.27132	0.16437	0.13374	0.14715	0.00020	4.9e-05	7.3e-05	0.04414	0.13447	0.00011
11	0.00767	0.00015	0.00020	0.00017	0.00022	0.00014	0.00014	0.01958	0.00854	0.36280	0.45113	0.02895	0.05698	0.00021	0.00013	3.7e-05	7.6e-05	0.04038	0.02235	0.00014
12	0.00022	0.00021	0.00035	0.94728	0.04912	0.00026	0.00032	0.00030	0.00023	0.00030	0.00021	0.00031	0.00016	0.00012	0.00012	3.9e-05	0.00015	0.00010	5.2e-05	0.00013
13	0.00582	0.00019	0.00777	0.00020	0.00027	0.00019	0.00016	0.13343	0.01078	0.46372	0.07646	0.02742	0.00039	0.07529	0.09661	5.8e-05	0.01874	0.07241	0.00994	0.00016
14	0.05015	0.00013	0.00017	0.00016	0.00019	0.00013	0.00012	0.01484	0.00905	0.06278	0.34808	0.05683	0.05015	0.13224	0.21173	0.00554	0.00013	0.02838	0.02909	0.00011
15	0.01280	0.00584	0.00954	0.00016	0.00021	0.03321	0.00013	0.04722	0.01188	0.16631	0.23980	0.14908	0.29365	0.00733	0.00013	3.9e-05	7.7e-05	0.00679	0.01568	0.00013
16	0.03190	0.01355	0.52020	0.00032	0.01420	0.01197	0.14085	0.04179	0.03121	0.02218	0.00029	0.03426	0.00025	0.00452	0.00487	4e-05	0.00015	0.12212	0.00517	0.00016

[dist]
# distance from previous block
# <min> <max>
7	17

[block]
# block no. 4 follows, 2981 sequences, length 14
# corresponding to MSA columns:
# 542-555
name=unknown_E
#
# <colnr> <probs for GDERKNQSTAVLIFYWHMCP>
#	G	D	E	R	K	N	Q	S	T	A	V	L	I	F	Y	W	H	M	C	P
0	0.00027	0.00026	0.00043	0.29936	0.62031	0.02815	0.00994	0.01202	0.00932	0.00036	0.00022	0.00030	0.00018	0.00011	0.00012	3.6e-05	0.00910	0.00931	5.8e-05	0.00016
1	0.00573	0.00014	0.00019	0.14623	0.00028	0.00015	0.00015	0.07009	0.03120	0.01151	0.12520	0.38120	0.01046	0.09013	0.02290	0.06095	9.7e-05	0.03713	0.00615	0.00011
2	0.00521	0.00013	0.00018	0.00561	0.00520	0.00751	0.00607	0.02662	0.00516	0.01887	0.00696	0.00536	0.00031	0.21390	0.50563	0.15633	0.00021	0.00588	0.02477	9.4e-05
3	0.00575	0.00019	0.05425	0.09129	0.00032	0.00774	0.05611	0.06332	0.03231	0.03956	0.00777	0.00587	0.00027	0.00058	0.60720	0.00013	0.01517	0.00647	0.00560	0.00013
4	0.00516	0.00603	0.02549	0.00598	0.00510	0.03709	0.00828	0.06378	0.04271	0.07820	0.04470	0.05064	0.33702	0.09557	0.04135	0.00677	0.03437	0.10611	0.00553	0.00012
5	0.71032	0.01841	0.02611	0.00019	0.00026	0.00026	0.05172	0.03938	0.05135	0.02915	0.00802	0.01330	0.02312	0.00012	8.5e-05	3.6e-05	9.9e-05	8.3e-05	7.8e-05	0.02791
6	0.00028	0.00959	0.01273	0.00815	0.05001	0.07582	0.02275	0.09767	0.01698	0.02066	0.00023	0.00026	0.00018	0.00995	0.02137	0.01442	0.00541	8.1e-05	7.3e-05	0.63337
7	0.00020	0.00014	0.00018	0.00018	0.00021	0.01538	0.01599	0.00025	0.03966	0.02941	0.29801	0.05383	0.02050	0.07849	0.01921	5.2e-05	9.3e-05	0.38338	0.04474	0.00011
8	0.00018	0.00012	0.00014	0.00014	0.00014	0.00012	8.3e-05	0.00816	0.00018	0.00820	0.00035	0.01019	0.00040	0.79074	0.05707	0.08840	0.00809	0.01690	0.01034	7.4e-05
9	0.00023	0.00021	0.00035	0.95983	0.00078	0.00026	0.00032	0.03607	0.00024	0.00031	0.00021	0.00031	0.00016	0.00012	0.00012	3.9e-05	0.00015	0.00010	5.4e-05	0.00013
10	0.03428	0.05424	0.00026	0.01776	0.01594	0.12059	0.00818	0.00663	0.00022	0.07220	0.00027	0.00037	0.00024	0.00712	0.53915	0.00012	0.11506	0.00011	0.00713	0.00012
11	0.05712	0.11850	0.80238	0.00030	0.00046	0.00029	0.00038	0.00037	0.00024	0.01866	0.00021	0.00024	0.00015	0.00011	0.00010	3.5e-05	0.00016	8.2e-05	5.2e-05	0.00017
12	0.00026	0.00025	0.00037	0.63310	0.14955	0.09012	0.03151	0.00933	0.01061	0.01944	0.00022	0.00030	0.00017	0.00011	0.00011	3.6e-05	0.00015	0.00010	5.7e-05	0.05421
13	0.00769	0.00020	0.00024	0.00018	0.01068	0.00848	0.01662	0.00665	0.01831	0.02989	0.06110	0.00035	0.05324	0.00011	9.8e-05	2.2e-05	0.00797	0.01100	7.8e-05	0.76708

[dist]
# distance from previous block
# <min> <max>
0	12

[block]
# block no. 5 follows, 2981 sequences, length 17
# corresponding to MSA columns:
# 568,569,572-586
name=unknown_F
#
# <colnr> <probs for GDERKNQSTAVLIFYWHMCP>
#	G	D	E	R	K	N	Q	S	T	A	V	L	I	F	Y	W	H	M	C	P
0	0.10051	0.00030	0.01055	0.00855	0.03830	0.00029	0.79915	0.00788	0.02396	0.00900	0.00023	0.00030	0.00018	0.00010	0.00013	3.9e-05	0.00018	0.00013	6.3e-05	0.00016
1	0.01049	0.00025	0.00467	0.06405	0.44966	0.01275	0.04491	0.05063	0.04522	0.20055	0.00532	0.00661	0.00451	0.00366	0.00432	3.6e-05	0.02403	0.00441	8.2e-05	0.06385
2	0.86596	0.00023	0.01759	0.00017	0.00024	0.00922	0.01212	0.00516	0.01739	0.00915	0.00486	0.00021	0.00014	0.00486	0.00896	3.7e-05	0.00897	6.9e-05	0.01080	0.02387
3	0.00023	0.00021	0.00035	0.91673	0.02446	0.00026	0.00032	0.00031	0.02426	0.01426	0.00022	0.00031	0.00016	0.00012	0.00012	3.9e-05	0.01735	0.00010	5.5e-05	0.00013
4	0.00019	0.00017	0.01211	0.00502	0.00536	0.02915	0.11196	0.00994	0.03925	0.00030	0.00038	0.16800	0.00039	0.18688	0.39164	0.00476	0.00020	0.02914	0.00506	0.00011
5	0.00022	0.00021	0.00035	0.94823	0.01800	0.00026	0.01570	0.00030	0.00023	0.00030	0.00021	0.00031	0.00016	0.00012	0.00012	3.9e-05	0.00015	0.00010	0.01486	0.00013
6	0.00687	0.00040	0.34207	0.00042	0.00055	0.00028	0.59246	0.00037	0.00026	0.01169	0.00024	0.00711	0.00790	0.00011	0.00013	3.9e-05	0.01537	0.00677	0.00681	0.00016
7	0.00017	0.00012	0.00014	0.00014	0.00014	0.00013	8.4e-05	0.00018	0.00017	0.00023	0.00036	0.04583	0.00042	0.88559	0.00056	0.00011	0.06531	0.00017	7.1e-05	7.5e-05
8	0.00025	0.00431	0.00460	0.00380	0.00029	0.04017	0.05153	0.01878	0.15691	0.00386	0.02258	0.00488	0.03696	0.04776	0.11103	0.04022	0.40116	0.04714	0.00364	0.00013
9	0.00028	0.00032	0.02193	0.00048	0.00060	0.00029	0.95191	0.02198	0.00028	0.00038	0.00024	0.00031	0.00018	9.9e-05	0.00014	3.9e-05	0.00019	0.00014	6e-05	0.00016
10	0.03163	0.00012	0.00014	0.00014	0.00016	0.00011	9.5e-05	0.00021	0.00598	0.03038	0.19077	0.13465	0.17844	0.24069	0.00854	0.00575	7.7e-05	0.01056	0.16146	9.9e-05
11	0.65786	0.21317	0.00028	0.00018	0.00026	0.08761	0.00015	0.02389	0.00023	0.01527	0.00017	0.00020	0.00014	0.00011	7.7e-05	3.3e-05	0.00011	6.6e-05	6.8e-05	0.00013
12	0.03559	0.00014	0.00017	0.00016	0.00020	0.00013	0.00012	0.00030	0.01169	0.22172	0.43081	0.03169	0.11230	0.03431	0.02702	4.3e-05	7.7e-05	0.01248	0.08093	0.00013
13	0.00025	0.23993	0.75615	0.00030	0.00045	0.00032	0.00037	0.00036	0.00024	0.00035	0.00020	0.00023	0.00015	0.00011	0.00010	3.4e-05	0.00016	8e-05	4.9e-05	0.00017
14	0.00361	0.00352	0.00422	0.00018	0.01156	0.00730	0.00393	0.03154	0.05240	0.22026	0.22562	0.13438	0.13830	0.03470	0.01833	0.03028	0.00483	0.03195	0.04294	0.00013
15	0.00016	0.00012	0.00014	0.00014	0.00016	0.00011	9.6e-05	0.00019	0.00835	0.02075	0.17086	0.23104	0.25732	0.27762	0.01729	6.4e-05	8.1e-05	0.01532	0.00010	9.5e-05
16	0.89225	0.01013	0.03289	0.00762	0.01224	0.02198	0.00014	0.00886	0.00021	0.01260	0.00017	0.00020	0.00013	0.00011	7.6e-05	3.6e-05	9.7e-05	6.6e-05	7.2e-05	0.00013

[dist]
# distance from previous block
# <min> <max>
3	9

[block]
# block no. 6 follows, 2981 sequences, length 15
# corresponding to MSA columns:
# 603-617
name=unknown_G
#
# <colnr> <probs for GDERKNQSTAVLIFYWHMCP>
#	G	D	E	R	K	N	Q	S	T	A	V	L	I	F	Y	W	H	M	C	P
0	0.01119	0.10508	0.04557	0.04186	0.01498	0.00506	0.04793	0.05634	0.02097	0.18628	0.04268	0.18628	0.04697	0.03999	0.07909	0.03146	0.00613	0.02430	0.00381	0.00404
1	0.00970	0.02163	0.04946	0.00978	0.00650	0.04363	0.06706	0.03708	0.05498	0.21999	0.11583	0.10458	0.15410	0.00764	0.00917	0.01044	0.00554	0.02213	0.04516	0.00559
2	0.00029	0.74743	0.17325	0.00023	0.00793	0.01220	0.00712	0.00035	0.00024	0.00822	0.01162	0.00785	0.00692	0.00764	0.00827	3e-05	0.00013	7.4e-05	5.3e-05	0.00015
3	0.00944	0.00017	0.00022	0.00018	0.00025	0.00652	0.00015	0.01193	0.00755	0.57226	0.21297	0.07822	0.05755	0.02516	0.01019	4.1e-05	8.8e-05	0.00016	0.00679	0.00016
4	0.00025	0.04209	0.86686	0.00033	0.00049	0.00998	0.03152	0.01663	0.01089	0.00952	0.00022	0.01033	0.00016	0.00011	0.00011	3.6e-05	0.00017	9e-05	5.3e-05	0.00017
5	0.00808	0.00014	0.00017	0.00016	0.00020	0.00542	0.00979	0.01077	0.08392	0.04619	0.25940	0.22596	0.23231	0.03492	0.00015	4.3e-05	0.00566	0.06204	0.01456	0.00011
6	0.00015	0.00012	0.00013	0.00013	0.00017	0.00011	0.00010	0.00777	0.00842	0.01028	0.08499	0.12951	0.63595	0.00876	0.00014	4.1e-05	6.4e-05	0.06521	0.04785	0.00010
7	0.01969	0.01698	0.01440	0.00504	0.03755	0.02003	0.10362	0.07122	0.03820	0.20543	0.05044	0.16900	0.04980	0.01908	0.01132	0.01118	0.00516	0.11757	0.03414	0.00014
8	0.00017	0.00013	0.00789	0.00018	0.00020	0.00012	0.00014	0.01130	0.01359	0.00820	0.06402	0.37078	0.10170	0.04669	0.00844	5.2e-05	8.6e-05	0.35893	0.00730	0.00010
9	0.08267	0.00710	0.00021	0.00018	0.00024	0.00740	0.00015	0.03394	0.06847	0.35967	0.07245	0.14065	0.08508	0.00620	0.04822	4.6e-05	9.8e-05	0.05030	0.03082	0.00609
10	0.00459	0.14371	0.00768	0.01478	0.07191	0.05634	0.02363	0.04332	0.02022	0.16371	0.06832	0.04648	0.04304	0.01851	0.08051	0.05093	0.05042	0.07283	0.01896	0.00014
11	0.00719	0.20219	0.12764	0.14833	0.05491	0.03243	0.08846	0.06950	0.08606	0.08507	0.00414	0.00998	0.00940	0.00377	0.00479	0.00860	0.04235	0.01033	0.00468	0.00016
12	0.02451	0.00013	0.00016	0.00015	0.00018	0.00013	0.00011	0.04378	0.04961	0.03519	0.13534	0.22699	0.24786	0.15893	0.01497	0.02140	8.2e-05	0.02602	0.01434	0.00011
13	0.00017	0.00011	0.00014	0.00016	0.00016	0.00011	0.00010	0.00654	0.00020	0.01006	0.01599	0.41467	0.02942	0.26699	0.08308	0.11943	0.00631	0.03852	0.00775	8.6e-05
14	0.01819	0.08142	0.13436	0.14473	0.25605	0.05471	0.06626	0.06412	0.06453	0.04665	0.00516	0.00609	0.01823	0.00870	0.00511	3.7e-05	0.00897	0.00493	0.00750	0.00426

[dist]
# distance from previous block
# <min> <max>
6	41

[block]
# block no. 7 follows, 2981 sequences, length 9
# corresponding to MSA columns:
# 673-681
name=unknown_H
#
# <colnr> <probs for GDERKNQSTAVLIFYWHMCP>
#	G	D	E	R	K	N	Q	S	T	A	V	L	I	F	Y	W	H	M	C	P
0	0.00719	0.01465	0.07490	0.16008	0.14775	0.01875	0.06654	0.05177	0.18069	0.04509	0.09458	0.02086	0.02296	0.00864	0.01513	0.00570	0.01745	0.00576	0.03570	0.00582
1	0.00015	0.00011	0.00014	0.00015	0.00017	0.00010	0.00011	0.00019	0.01738	0.01738	0.17845	0.45558	0.28560	0.01576	0.01404	4.6e-05	6.8e-05	0.01436	0.00011	0.00010
2	0.00677	0.02083	0.22687	0.14753	0.14971	0.02728	0.08786	0.03323	0.01520	0.01248	0.06406	0.03347	0.00721	0.00728	0.03267	0.01256	0.09054	0.00871	0.01561	0.00015
3	0.00015	0.00012	0.00014	0.00014	0.00017	0.00011	0.00010	0.00019	0.02266	0.01431	0.13644	0.31937	0.42016	0.03412	0.02823	4.8e-05	7.2e-05	0.02325	0.00011	0.00010
4	0.03150	0.00051	0.00032	0.00029	0.00035	0.82436	0.00022	0.07489	0.02868	0.01886	0.00020	0.00022	0.00016	0.00012	0.00011	3.1e-05	0.01887	8e-05	6.8e-05	0.00014
5	0.00037	0.04696	0.00033	0.00026	0.00032	0.18187	0.00021	0.42679	0.10394	0.01195	0.00027	0.00031	0.00021	0.03391	0.05400	0.01281	0.10727	0.00010	0.01797	0.00016
6	0.00017	0.00014	0.00021	0.30120	0.02094	0.00015	0.00018	0.00022	0.00025	0.00032	0.12454	0.40436	0.12178	0.00026	0.00014	4.2e-05	9.4e-05	0.02482	9.2e-05	0.00011
7	0.59500	0.01224	0.00935	0.01600	0.23277	0.02229	0.00926	0.02270	0.01035	0.01281	0.00928	0.01088	0.02739	0.00013	9.7e-05	3.8e-05	0.00011	0.00909	7.7e-05	0.00015
8	0.01835	0.16652	0.01585	0.00682	0.00673	0.06023	0.02200	0.07643	0.09676	0.00817	0.07551	0.11543	0.14894	0.00676	0.00644	3.6e-05	0.01056	0.00719	0.15115	0.00013

[dist]
# distance from previous block
# <min> <max>
0	6

[block]
# block no. 8 follows, 2981 sequences, length 6
# corresponding to MSA columns:
# 688-693
name=unknown_I
#
# <colnr> <probs for GDERKNQSTAVLIFYWHMCP>
#	G	D	E	R	K	N	Q	S	T	A	V	L	I	F	Y	W	H	M	C	P
0	0.00018	0.00013	0.00018	0.00018	0.00020	0.00014	0.00013	0.01712	0.00021	0.02115	0.02220	0.27097	0.05078	0.06497	0.40051	0.05930	0.07440	0.01706	8.1e-05	0.00010
1	0.01421	0.10494	0.03354	0.31630	0.06354	0.11615	0.02863	0.06569	0.04504	0.04719	0.02296	0.03484	0.02476	0.02440	0.00996	3.9e-05	0.02394	0.01329	0.01045	0.00014
2	0.28276	0.05621	0.17421	0.04063	0.06976	0.02646	0.06200	0.03512	0.02510	0.08811	0.01628	0.03247	0.02272	0.01465	0.01363	3.9e-05	0.00951	0.00970	0.01109	0.00955
3	0.00940	0.03975	0.04917	0.04789	0.05403	0.01558	0.02292	0.02191	0.02217	0.20911	0.11260	0.09363	0.14801	0.03700	0.04067	0.01341	0.01325	0.04038	0.00898	0.00014
4	0.00019	0.00012	0.00016	0.01425	0.01486	0.00012	0.00012	0.01528	0.01465	0.07632	0.03594	0.67654	0.03345	0.03116	0.00016	0.02607	7.6e-05	0.03544	0.02499	0.00011
5	0.02142	0.01760	0.23813	0.07391	0.09060	0.03104	0.06340	0.02301	0.02266	0.03943	0.16265	0.03856	0.10649	0.01047	0.01034	0.02606	0.01310	0.01091	8.1e-05	0.00014

[dist]
# distance from previous block
# <min> <max>
20	98

[block]
# block no. 9 follows, 2981 sequences, length 6
# corresponding to MSA columns:
# 860-865
name=unknown_J
#
# <colnr> <probs for GDERKNQSTAVLIFYWHMCP>
#	G	D	E	R	K	N	Q	S	T	A	V	L	I	F	Y	W	H	M	C	P
0	0.00984	0.03325	0.06058	0.02042	0.02859	0.01548	0.09349	0.02623	0.01512	0.05012	0.03627	0.39687	0.05531	0.01276	0.01139	4.5e-05	0.01215	0.08221	0.03977	0.00012
1	0.04809	0.02470	0.05955	0.20248	0.06647	0.04830	0.02927	0.06092	0.03759	0.09438	0.01142	0.03860	0.00983	0.04400	0.01525	0.01203	0.01940	0.00011	0.01143	0.16618
2	0.00019	0.00014	0.00017	0.01431	0.03494	0.00013	0.00012	0.01485	0.06115	0.03223	0.09895	0.13867	0.19789	0.25385	0.07416	0.01602	0.00010	0.04362	0.01840	0.00011
3	0.00018	0.00013	0.00016	0.00017	0.01574	0.00012	0.00012	0.02025	0.05319	0.02890	0.15366	0.36837	0.10692	0.13765	0.02183	0.01879	8.3e-05	0.05605	0.01757	0.00011
4	0.04412	0.24120	0.05196	0.05954	0.04061	0.06490	0.07095	0.07520	0.06647	0.09560	0.03600	0.08251	0.01237	0.01229	0.01074	3.8e-05	0.01863	0.01664	8.1e-05	0.00015
5	0.03952	0.03585	0.01818	0.06112	0.01437	0.01925	0.03756	0.15018	0.03552	0.12282	0.02288	0.15393	0.08537	0.02922	0.01590	0.00986	0.01483	0.03424	0.07683	0.02256

[dist]
# distance from previous block
# <min> <max>
5	94

[block]
# block no. 10 follows, 2981 sequences, length 8
# corresponding to MSA columns:
# 1017-1023,1025
name=unknown_K
#
# <colnr> <probs for GDERKNQSTAVLIFYWHMCP>
#	G	D	E	R	K	N	Q	S	T	A	V	L	I	F	Y	W	H	M	C	P
0	0.01867	0.09337	0.20722	0.02757	0.06200	0.08563	0.06793	0.05443	0.03925	0.23615	0.01432	0.01241	0.01435	0.00014	0.01032	0.01607	0.01642	0.00959	0.00718	0.00698
1	0.00825	0.06183	0.25779	0.04731	0.01738	0.02317	0.02568	0.00967	0.01498	0.01434	0.00023	0.02339	0.00840	0.05566	0.07466	0.00793	0.34902	0.00011	5.8e-05	0.00014
2	0.00018	0.00994	0.00866	0.00015	0.00017	0.01914	0.00010	0.01753	0.01555	0.01003	0.01505	0.24388	0.04941	0.49270	0.06499	0.01664	0.01645	0.01059	0.00875	9e-05
3	0.01493	0.10821	0.35738	0.05446	0.05620	0.05068	0.04477	0.04285	0.04264	0.11581	0.01263	0.02178	0.00893	0.02310	0.00716	0.00681	0.01411	0.00919	0.00818	0.00016
4	0.10118	0.04593	0.13096	0.07551	0.08980	0.03531	0.11562	0.04939	0.07149	0.09331	0.01237	0.01685	0.01314	0.08050	0.02250	0.01909	0.00974	0.01007	0.00710	0.00015
5	0.00017	0.00012	0.00015	0.00015	0.00018	0.00011	0.00011	0.00021	0.03469	0.02289	0.32686	0.30798	0.21221	0.02023	0.01282	0.01290	6.9e-05	0.03528	0.01278	0.00011
6	0.01892	0.01463	0.02089	0.07058	0.16143	0.01002	0.17903	0.01364	0.05142	0.04706	0.01602	0.16446	0.02269	0.06814	0.02203	0.00871	0.01184	0.01456	0.08380	0.00014
7	0.02984	0.09067	0.15578	0.07907	0.07312	0.04869	0.13657	0.07321	0.05016	0.17263	0.01227	0.01313	0.00829	0.00781	0.00830	0.00678	0.01749	0.00874	0.00728	0.00016

[dist]
# distance from previous block
# <min> <max>
5	19

[block]
# block no. 11 follows, 2981 sequences, length 9
# corresponding to MSA columns:
# 1054-1062
name=unknown_L
#
# <colnr> <probs for GDERKNQSTAVLIFYWHMCP>
#	G	D	E	R	K	N	Q	S	T	A	V	L	I	F	Y	W	H	M	C	P
0	0.00821	0.07094	0.08991	0.12550	0.08424	0.07918	0.06644	0.05481	0.02989	0.08850	0.01626	0.02267	0.03078	0.00946	0.01036	0.00832	0.01458	0.00625	0.01053	0.17317
1	0.00018	0.00013	0.00017	0.01235	0.00019	0.00013	0.00012	0.00022	0.02295	0.03463	0.08754	0.07091	0.11296	0.16811	0.39554	0.02784	0.01632	0.01511	0.02496	0.00964
2	0.00024	0.03183	0.23309	0.05110	0.11450	0.02022	0.04646	0.02161	0.10604	0.02698	0.19647	0.02544	0.07276	0.00760	0.00871	0.00632	0.01479	0.00892	0.00679	0.00015
3	0.00017	0.01586	0.03773	0.02712	0.00696	0.00013	0.00724	0.00661	0.01244	0.00928	0.19940	0.17598	0.30879	0.12133	0.01304	0.01283	0.00998	0.01205	0.00737	0.01571
4	0.00035	0.54994	0.01832	0.01039	0.01107	0.32756	0.01103	0.01770	0.01207	0.01569	0.00018	0.00021	0.00016	0.00011	9.3e-05	2.8e-05	0.01280	7.2e-05	0.01207	0.00015
5	0.01252	0.03239	0.02645	0.01273	0.03223	0.02282	0.03156	0.06031	0.04024	0.02992	0.04421	0.08574	0.02659	0.03779	0.02036	3.5e-05	0.04061	0.00632	8e-05	0.43710
6	0.04593	0.03064	0.00831	0.22697	0.06528	0.09190	0.00823	0.20366	0.14102	0.03983	0.01168	0.02001	0.00024	0.04344	0.01221	0.00640	0.01848	0.01324	0.01237	0.00015
7	0.00015	0.00011	0.00014	0.00016	0.00017	0.00010	0.00011	0.00018	0.01654	0.00032	0.09651	0.61433	0.15090	0.01852	0.00015	4.6e-05	6.9e-05	0.08485	0.01653	9.9e-05
8	0.03924	0.00014	0.00017	0.00016	0.00020	0.00013	0.00012	0.00028	0.00032	0.15674	0.73444	0.00078	0.02825	0.01890	0.00014	3.8e-05	6.5e-05	0.01965	0.00013	0.00012

[dist]
# distance from previous block
# <min> <max>
0	1

[block]
# block no. 12 follows, 2981 sequences, length 15
# corresponding to MSA columns:
# 1064-1071,1073-1079
name=unknown_M
#
# <colnr> <probs for GDERKNQSTAVLIFYWHMCP>
#	G	D	E	R	K	N	Q	S	T	A	V	L	I	F	Y	W	H	M	C	P
0	0.00022	0.00021	0.00035	0.99563	0.00080	0.00026	0.00032	0.00030	0.00023	0.00030	0.00021	0.00031	0.00015	0.00012	0.00012	3.9e-05	0.00015	0.00010	5.2e-05	0.00013
1	0.99674	0.00022	0.00017	0.00015	0.00022	0.00026	0.00013	0.00034	0.00020	0.00052	0.00016	0.00019	0.00013	0.00011	7.2e-05	3.6e-05	9e-05	6.3e-05	7.2e-05	0.00013
2	0.00014	0.00010	0.00014	0.00016	0.00017	9.6e-05	0.00011	0.00016	0.00022	0.00030	0.01456	0.90061	0.02592	0.03550	0.00016	4.9e-05	6.9e-05	0.02132	0.00011	9.4e-05
3	0.07511	0.67121	0.07406	0.00022	0.00031	0.07308	0.00021	0.03597	0.03308	0.01404	0.00018	0.00021	0.00016	0.00011	8.9e-05	2.9e-05	0.02165	7e-05	5.8e-05	0.00015
4	0.00017	0.00012	0.00018	0.00019	0.00021	0.00014	0.00014	0.00021	0.00019	0.00027	0.00034	0.00051	0.02033	0.02110	0.92143	0.00018	0.00030	0.03383	6.5e-05	0.00010
5	0.00017	0.00012	0.00019	0.00019	0.00021	0.00015	0.00015	0.00021	0.00019	0.00027	0.00031	0.00046	0.00029	0.00087	0.99545	0.00019	0.00031	0.00012	6.2e-05	0.00010
6	0.01643	0.01501	0.00029	0.02232	0.00620	0.20583	0.01222	0.06692	0.58688	0.00768	0.02061	0.00038	0.00525	0.00015	0.00012	3.7e-05	0.00613	0.00522	0.02218	0.00017
7	0.38487	0.03053	0.01306	0.19096	0.12415	0.01602	0.02489	0.01220	0.00022	0.00040	0.00020	0.03407	0.00017	0.00538	0.00653	4e-05	0.15077	0.00534	6.3e-05	0.00014
8	0.00647	0.00022	0.00024	0.00021	0.00027	0.00023	0.00016	0.01086	0.61897	0.08758	0.01826	0.04722	0.04779	0.02076	0.00013	3.9e-05	8.9e-05	0.03977	0.02961	0.07112
9	0.00023	0.00014	0.00017	0.00016	0.00020	0.00013	0.00012	0.01115	0.06476	0.16695	0.47381	0.01696	0.24851	0.00023	0.00013	3.7e-05	6.7e-05	0.00020	0.01592	0.00013
10	0.00017	0.00011	0.00014	0.00014	0.00014	0.00012	8.3e-05	0.00017	0.00018	0.00024	0.01464	0.01702	0.01422	0.79541	0.13682	0.01996	0.00014	0.00017	7.1e-05	7.6e-05
11	0.00023	0.00060	0.99531	0.00033	0.00050	0.00027	0.00043	0.00037	0.00025	0.00037	0.00021	0.00025	0.00015	0.00011	0.00011	3.7e-05	0.00017	8.6e-05	4.9e-05	0.00017
12	0.00686	0.00013	0.00015	0.00015	0.00017	0.00012	0.00011	0.00674	0.03299	0.07896	0.19109	0.05348	0.24765	0.17513	0.01047	0.17563	8.4e-05	0.01415	0.00583	9.9e-05
13	0.00562	0.01078	0.07089	0.00661	0.10715	0.00551	0.02864	0.01417	0.10607	0.01985	0.25610	0.02210	0.09807	0.09353	0.02161	5e-05	0.03583	0.09718	9.6e-05	0.00013
14	0.00551	0.04644	0.00813	0.00022	0.00702	0.00789	0.00018	0.15124	0.26107	0.14079	0.05234	0.16851	0.01255	0.00528	0.03017	4.4e-05	0.07303	0.01271	0.00564	0.01121

[dist]
# distance from previous block
# <min> <max>
8	23

[block]
# block no. 13 follows, 2981 sequences, length 11
# corresponding to MSA columns:
# 1109-1119
name=unknown_N
#
# <colnr> <probs for GDERKNQSTAVLIFYWHMCP>
#	G	D	E	R	K	N	Q	S	T	A	V	L	I	F	Y	W	H	M	C	P
0	0.99674	0.00022	0.00017	0.00015	0.00022	0.00026	0.00013	0.00034	0.00020	0.00052	0.00016	0.00019	0.00013	0.00011	7.2e-05	3.6e-05	9e-05	6.3e-05	7.2e-05	0.00013
1	0.00023	0.00021	0.00034	0.87432	0.01122	0.01374	0.01107	0.01083	0.00024	0.01724	0.01118	0.00032	0.00017	0.00012	0.00012	3.8e-05	0.01216	0.00010	0.03621	0.00013
2	0.00017	0.00012	0.00018	0.00018	0.00020	0.00014	0.00014	0.00021	0.00019	0.00027	0.00031	0.00047	0.00030	0.04754	0.94880	0.00018	0.00030	0.00013	6.3e-05	0.00010
3	0.02017	0.74187	0.01920	0.00022	0.00031	0.12456	0.01239	0.04307	0.01100	0.01443	0.00018	0.00020	0.00016	0.00011	8.6e-05	2.7e-05	0.01173	6.9e-05	5.6e-05	0.00015
4	0.44424	0.05381	0.03247	0.02342	0.03038	0.19803	0.04307	0.01889	0.00716	0.01589	0.00020	0.01251	0.00543	0.00561	0.03028	4e-05	0.05139	0.00709	0.00533	0.01477
5	0.00016	0.00011	0.00014	0.00016	0.00017	0.00010	0.00011	0.00018	0.01652	0.02870	0.00064	0.88456	0.02742	0.01871	0.00016	4.8e-05	7e-05	0.02183	0.00011	9.9e-05
6	0.00795	0.00014	0.00017	0.00016	0.00019	0.00014	0.00012	0.04607	0.07494	0.03589	0.45715	0.03451	0.25241	0.03049	0.00823	4.2e-05	7e-05	0.03278	0.00793	0.01062
7	0.15833	0.01507	0.36358	0.02846	0.12859	0.02690	0.05391	0.05737	0.02406	0.09214	0.00689	0.00725	0.00019	0.00013	0.01308	3.8e-05	0.00968	0.00834	7.1e-05	0.00594
8	0.05141	0.02351	0.21034	0.05944	0.03857	0.03211	0.25612	0.02989	0.01991	0.04399	0.01760	0.05373	0.05090	0.01627	0.05894	4.8e-05	0.01333	0.02366	7.1e-05	0.00015
9	0.00016	0.00012	0.01133	0.00015	0.00017	0.00011	0.00010	0.01333	0.02003	0.00029	0.02966	0.41922	0.09970	0.31995	0.02560	7e-05	9.1e-05	0.04588	0.01393	9.3e-05
10	0.68030	0.03729	0.02810	0.04200	0.01393	0.02361	0.00776	0.05569	0.02785	0.01098	0.00598	0.01231	0.03055	0.00012	8.7e-05	3.6e-05	0.00652	0.01002	0.00673	0.00013

[dist]
# distance from previous block
# <min> <max>
3	25

[block]
# block no. 14 follows, 2981 sequences, length 13
# corresponding to MSA columns:
# 1151-1154,1167-1175
name=unknown_O
#
# <colnr> <probs for GDERKNQSTAVLIFYWHMCP>
#	G	D	E	R	K	N	Q	S	T	A	V	L	I	F	Y	W	H	M	C	P
0	0.01489	0.00651	0.00527	0.00990	0.01628	0.00706	0.02358	0.20358	0.03587	0.05134	0.00472	0.00464	0.00587	0.00631	0.00750	2.7e-05	0.01973	8.8e-05	0.00603	0.57082
1	0.41991	0.00022	0.00023	0.00019	0.00027	0.01426	0.00015	0.06026	0.04739	0.43608	0.00032	0.00030	0.00022	0.00013	9.7e-05	3.6e-05	9.7e-05	9.3e-05	0.01957	0.00016
2	0.00018	0.00013	0.00015	0.00015	0.00018	0.00012	0.00011	0.01032	0.07109	0.02161	0.46519	0.04070	0.29119	0.05512	0.00016	4.2e-05	6.5e-05	0.01129	0.03210	0.00011
3	0.99674	0.00022	0.00017	0.00015	0.00022	0.00026	0.00013	0.00034	0.00020	0.00052	0.00016	0.00019	0.00013	0.00011	7.2e-05	3.6e-05	9e-05	6.3e-05	7.2e-05	0.00013
4	0.00018	0.00012	0.00014	0.00014	0.00015	0.00012	8.6e-05	0.00784	0.00732	0.02378	0.02009	0.01699	0.10181	0.66426	0.02082	0.08106	0.00011	0.03469	0.02024	8e-05
5	0.20576	0.00024	0.00027	0.00021	0.00030	0.00024	0.00017	0.25269	0.00036	0.53806	0.00035	0.00032	0.00023	0.00014	0.00011	3.6e-05	0.00010	0.00010	0.00012	0.00018
6	0.01111	0.00013	0.00016	0.00016	0.00019	0.00012	0.00012	0.01130	0.01189	0.04265	0.04280	0.22957	0.20340	0.16011	0.03356	5.9e-05	9.2e-05	0.19953	0.01761	0.03544
7	0.92425	0.00023	0.00018	0.00016	0.00023	0.00026	0.00013	0.04544	0.00022	0.00053	0.02742	0.00021	0.00016	0.00011	7.6e-05	3.6e-05	9.1e-05	6.9e-05	7.5e-05	0.00013
8	0.00018	0.05160	0.01328	0.00615	0.00591	0.00013	0.00595	0.00022	0.00600	0.05025	0.20801	0.31477	0.23227	0.01972	0.00760	4.4e-05	7.6e-05	0.07139	0.00632	0.00011
9	0.00027	0.24747	0.58753	0.00028	0.00042	0.00031	0.01143	0.06427	0.02225	0.01292	0.05163	0.00027	0.00021	0.00012	0.00010	3.4e-05	0.00015	9e-05	6e-05	0.00017
10	0.00022	0.00020	0.00033	0.85534	0.00072	0.00025	0.00030	0.00031	0.04749	0.01701	0.04122	0.00038	0.00022	0.00013	0.00012	3.9e-05	0.00015	0.03537	6.1e-05	0.00013
11	0.00017	0.00012	0.00015	0.00016	0.00018	0.00012	0.00011	0.00945	0.08636	0.01606	0.05313	0.52435	0.25420	0.01662	0.00015	0.00784	6.9e-05	0.01644	0.01420	0.00011
12	0.00819	0.00015	0.01904	0.00492	0.03210	0.00014	0.04253	0.01047	0.03551	0.07280	0.11882	0.26098	0.17211	0.04543	0.07740	0.00577	0.00630	0.08044	0.00678	0.00012

[dist]
# distance from previous block
# <min> <max>
17	169

# created by:
# /home/cegg/simao/soft/augustus-3.2.1/scripts/msa2prfl.pl ./align_prep/POG091H021E.fa
