[name]
unknown

[dist]
# distance from previous block
# <min> <max>
0	56

[block]
# block no. 0 follows, 2403 sequences, length 7
# corresponding to MSA columns:
# 279,285,286,288-291
name=unknown_A
#
# <colnr> <probs for GDERKNQSTAVLIFYWHMCP>
#	G	D	E	R	K	N	Q	S	T	A	V	L	I	F	Y	W	H	M	C	P
0	0.02401	0.02189	0.04277	0.24635	0.03115	0.01793	0.03171	0.08320	0.03615	0.06331	0.01628	0.04580	0.02489	0.02846	0.04428	6.1e-05	0.01317	0.19749	0.00010	0.03099
1	0.01041	0.02759	0.01021	0.01940	0.01926	0.00983	0.00887	0.02092	0.02446	0.01382	0.04206	0.08707	0.54573	0.06421	0.05581	0.00894	0.03091	0.00026	0.00012	0.00013
2	0.01296	0.11652	0.01081	0.03826	0.01851	0.02382	0.00849	0.16841	0.03926	0.02859	0.01039	0.01713	0.02015	0.02677	0.01945	4.3e-05	0.02632	0.05052	0.00769	0.35591
3	0.01769	0.13873	0.15903	0.11725	0.16125	0.05266	0.12766	0.01745	0.01725	0.02348	0.01089	0.00034	0.00023	0.01406	0.00015	4.2e-05	0.02573	0.00012	7.6e-05	0.11592
4	0.03466	0.16214	0.30676	0.03680	0.01996	0.04621	0.07734	0.11645	0.02449	0.07385	0.02063	0.01323	0.01396	0.00017	0.00866	0.00872	0.02156	0.00012	8.9e-05	0.01419
5	0.00027	0.11748	0.01125	0.00024	0.03873	0.00024	0.01298	0.01607	0.15976	0.01349	0.08643	0.06462	0.06850	0.36590	0.01158	0.01798	0.00013	0.01411	0.00011	0.00014
6	0.00020	0.00016	0.00020	0.01817	0.05127	0.00015	0.00015	0.00026	0.02095	0.01517	0.19063	0.13328	0.51997	0.01484	0.00018	5e-05	8.5e-05	0.01526	0.00013	0.01890

[dist]
# distance from previous block
# <min> <max>
0	1

[block]
# block no. 1 follows, 2403 sequences, length 17
# corresponding to MSA columns:
# 293,294,297,298,300,307-316,318,323
name=unknown_B
#
# <colnr> <probs for GDERKNQSTAVLIFYWHMCP>
#	G	D	E	R	K	N	Q	S	T	A	V	L	I	F	Y	W	H	M	C	P
0	0.00496	0.40208	0.24587	0.01097	0.02749	0.05855	0.10803	0.02889	0.01873	0.06347	0.00466	0.00466	0.00022	0.00015	0.01418	4.2e-05	0.00665	0.00011	7.6e-05	0.00020
1	0.00506	0.18984	0.35919	0.09669	0.08250	0.01099	0.09696	0.01764	0.01556	0.08339	0.00030	0.02297	0.00023	0.00015	0.00554	4.4e-05	0.00762	0.00504	7.8e-05	0.00020
2	0.00018	0.00014	0.00017	0.00018	0.00021	0.00013	0.00013	0.00023	0.00034	0.00045	0.33618	0.32338	0.32117	0.00037	0.00017	5.1e-05	7.6e-05	0.01618	0.00014	0.00013
3	0.00026	0.00023	0.00037	0.46102	0.13179	0.00459	0.01837	0.00781	0.01030	0.00508	0.01062	0.23934	0.04919	0.02619	0.01241	5.5e-05	0.00474	0.01138	9e-05	0.00617
4	0.00707	0.15671	0.15837	0.01984	0.01036	0.11795	0.06546	0.11249	0.05050	0.23324	0.00785	0.00990	0.00616	0.00522	0.00735	4.4e-05	0.01775	0.00831	0.00011	0.00533
5	0.00785	0.00866	0.02532	0.49105	0.05293	0.03436	0.05526	0.07478	0.03343	0.15752	0.00861	0.00713	0.00576	0.00016	0.00388	4.7e-05	0.02348	0.00371	0.00586	0.00019
6	0.00038	0.00027	0.00029	0.00025	0.00032	0.07717	0.00484	0.08812	0.19635	0.20120	0.24132	0.08408	0.05965	0.00532	0.00483	4.8e-05	0.01714	0.00726	0.01098	0.00019
7	0.00508	0.53047	0.00782	0.08715	0.01379	0.11614	0.02368	0.04447	0.02563	0.00708	0.00024	0.00573	0.00021	0.00013	0.00011	3.4e-05	0.00517	0.00418	0.00621	0.11666
8	0.00018	0.00015	0.00016	0.00016	0.00020	0.00013	0.00012	0.00022	0.00933	0.00939	0.08266	0.11595	0.75961	0.00036	0.00017	4.9e-05	7.6e-05	0.01176	0.00014	0.00919
9	0.00632	0.03890	0.12278	0.00706	0.00688	0.00023	0.00478	0.14520	0.00886	0.05284	0.51819	0.03219	0.02115	0.00570	0.02267	5e-05	0.00012	0.00579	0.00014	0.00017
10	0.00665	0.51716	0.27031	0.00663	0.00492	0.01394	0.02899	0.05860	0.02453	0.04303	0.00540	0.00029	0.00427	0.00014	0.00419	3.9e-05	0.00627	9.9e-05	7.5e-05	0.00446
11	0.00020	0.00015	0.00018	0.00018	0.00021	0.00014	0.00013	0.00026	0.02005	0.01456	0.61746	0.14620	0.18497	0.01444	0.00018	4.9e-05	7.4e-05	0.00029	0.00015	0.00013
12	0.00019	0.00015	0.00017	0.00016	0.00021	0.00013	0.00012	0.00024	0.00036	0.02253	0.41624	0.01721	0.54109	0.00033	0.00017	4.7e-05	7.2e-05	0.00028	0.00015	0.00013
13	0.45108	0.12766	0.02094	0.01200	0.00618	0.03006	0.01665	0.29328	0.00039	0.01830	0.00026	0.00030	0.00020	0.00015	0.00012	4.3e-05	0.00571	0.01638	0.00010	0.00019
14	0.04752	0.20114	0.21539	0.17848	0.04364	0.01834	0.10827	0.07313	0.02084	0.06294	0.00857	0.00034	0.00460	0.00014	0.00013	4.3e-05	0.00868	0.00012	8.1e-05	0.00761
15	0.00026	0.01362	0.00461	0.22674	0.04028	0.00648	0.01033	0.02440	0.04979	0.00942	0.02973	0.00538	0.00035	0.10080	0.41161	0.00013	0.06570	0.00015	8.2e-05	0.00015
16	0.00021	0.00927	0.00020	0.00018	0.00022	0.00014	0.00014	0.00028	0.01618	0.00936	0.83433	0.04620	0.05912	0.00856	0.00017	4.7e-05	7.2e-05	0.01502	0.00015	0.00014

[dist]
# distance from previous block
# <min> <max>
8	13

[block]
# block no. 2 follows, 2403 sequences, length 11
# corresponding to MSA columns:
# 350-355,358,361,363,365,369
name=unknown_C
#
# <colnr> <probs for GDERKNQSTAVLIFYWHMCP>
#	G	D	E	R	K	N	Q	S	T	A	V	L	I	F	Y	W	H	M	C	P
0	0.00022	0.00016	0.00021	0.00681	0.00699	0.00676	0.00674	0.00692	0.00024	0.01257	0.00710	0.15470	0.02237	0.25721	0.38746	0.06425	0.02751	0.03154	9.2e-05	0.00012
1	0.01230	0.00025	0.00587	0.07868	0.28195	0.00789	0.02891	0.03658	0.03037	0.01582	0.10630	0.04182	0.04318	0.08327	0.00609	0.08569	0.07913	0.05563	9.5e-05	0.00016
2	0.64022	0.00027	0.00025	0.00021	0.00030	0.00029	0.00017	0.01769	0.01993	0.27299	0.01616	0.00034	0.00025	0.01356	0.00012	4.6e-05	0.00011	0.00010	0.01681	0.00018
3	0.00023	0.00015	0.00019	0.01608	0.00826	0.00828	0.00014	0.01623	0.00030	0.02800	0.01164	0.56506	0.02480	0.00867	0.00732	5.2e-05	0.02453	0.00030	0.25591	0.02384
4	0.00032	0.00018	0.00019	0.00017	0.00022	0.00019	0.00013	0.18006	0.00037	0.00060	0.00045	0.00050	0.00035	0.00017	0.00011	3.5e-05	8.4e-05	0.00013	0.81559	0.00015
5	0.00029	0.00025	0.00029	0.00021	0.00034	0.00019	0.00017	0.00036	0.00030	0.00046	0.00028	0.04570	0.00025	0.00012	0.00011	2.3e-05	0.00011	0.00010	8.8e-05	0.95037
6	0.00021	0.00014	0.00016	0.00016	0.00016	0.00014	8.7e-05	0.00021	0.00021	0.00028	0.00045	0.00094	0.00052	0.99494	0.00073	0.00014	0.00014	0.00021	8.7e-05	8.7e-05
7	0.00033	0.00033	0.00045	0.01082	0.04333	0.02761	0.01968	0.02499	0.02568	0.01280	0.01314	0.00034	0.00022	0.00024	0.00042	6e-05	0.81923	0.00013	7.1e-05	0.00017
8	0.12040	0.22341	0.06486	0.01495	0.05014	0.21972	0.07582	0.06296	0.01221	0.02489	0.00660	0.00031	0.00021	0.00016	0.01276	4.4e-05	0.09591	0.00713	8e-05	0.00743
9	0.04181	0.12262	0.83096	0.00038	0.00058	0.00036	0.00048	0.00045	0.00030	0.00045	0.00025	0.00029	0.00018	0.00014	0.00013	4.4e-05	0.00020	0.00010	6.2e-05	0.00021
10	0.00972	0.01277	0.00054	0.10205	0.70785	0.04287	0.01152	0.04109	0.03165	0.01311	0.00028	0.00036	0.00023	0.00014	0.00015	4.4e-05	0.02520	0.00013	7.7e-05	0.00022

[dist]
# distance from previous block
# <min> <max>
0	1

[block]
# block no. 3 follows, 2403 sequences, length 13
# corresponding to MSA columns:
# 371-378,381-385
name=unknown_D
#
# <colnr> <probs for GDERKNQSTAVLIFYWHMCP>
#	G	D	E	R	K	N	Q	S	T	A	V	L	I	F	Y	W	H	M	C	P
0	0.01091	0.00915	0.00038	0.01129	0.04490	0.02651	0.02430	0.25398	0.54957	0.03688	0.00048	0.00046	0.00747	0.00019	0.01180	4.9e-05	0.01116	0.00015	0.00014	0.00023
1	0.02373	0.00027	0.00031	0.00022	0.00035	0.00022	0.00018	0.05083	0.03655	0.05232	0.00029	0.00032	0.00023	0.00012	0.00011	2.5e-05	0.00011	9.3e-05	9.5e-05	0.83365
2	0.00055	0.00039	0.00042	0.00033	0.00044	0.00043	0.00027	0.91730	0.00066	0.07719	0.00036	0.00036	0.00025	0.00017	0.00014	4.3e-05	0.00016	0.00013	0.00015	0.00024
3	0.00021	0.00014	0.00016	0.00017	0.00017	0.00014	9.8e-05	0.00021	0.00022	0.00029	0.00050	0.10850	0.00058	0.84819	0.00065	0.00013	0.00013	0.03932	9.4e-05	9.2e-05
4	0.00039	0.00035	0.01377	0.00033	0.00673	0.09977	0.01795	0.23508	0.26893	0.00749	0.02230	0.00048	0.01920	0.02442	0.05861	6.2e-05	0.20210	0.02174	0.00011	0.00020
5	0.00021	0.00015	0.00019	0.00018	0.00021	0.00014	0.00013	0.00028	0.00040	0.01618	0.85998	0.02489	0.03619	0.00029	0.00017	4.5e-05	6.9e-05	0.00026	0.05991	0.00014
6	0.00044	0.05882	0.03728	0.13914	0.00674	0.23814	0.00606	0.33671	0.05846	0.01824	0.03425	0.00614	0.01539	0.00020	0.03040	4.8e-05	0.01312	0.00013	0.00011	0.00020
7	0.02872	0.13713	0.05582	0.04919	0.00943	0.00594	0.03921	0.04020	0.01734	0.02500	0.00909	0.01050	0.00987	0.01178	0.00012	3.1e-05	0.00013	0.00010	8.6e-05	0.55030
8	0.03032	0.17733	0.13516	0.05404	0.03919	0.06376	0.08073	0.17363	0.04323	0.11720	0.05121	0.00584	0.00670	0.00016	0.00014	4.2e-05	0.01450	0.00013	0.00010	0.00658
9	0.00033	0.00730	0.00782	0.12419	0.68084	0.00919	0.00799	0.00042	0.01399	0.00854	0.01967	0.03263	0.00689	0.00016	0.00553	4.6e-05	0.05154	0.01447	7.7e-05	0.00838
10	0.36371	0.00036	0.00954	0.01061	0.02423	0.03820	0.51692	0.00990	0.00031	0.01468	0.00026	0.00034	0.00020	0.00013	0.00014	4.7e-05	0.00019	0.00997	8.1e-05	0.00018
11	0.00024	0.00018	0.00022	0.07062	0.00028	0.00776	0.00016	0.03509	0.05211	0.01539	0.06510	0.10237	0.17880	0.32356	0.03998	8.7e-05	0.02448	0.07651	0.00696	0.00013
12	0.00021	0.00015	0.00020	0.00020	0.00022	0.00016	0.00014	0.00024	0.00022	0.00032	0.00039	0.00065	0.00039	0.27371	0.56368	0.11559	0.00027	0.00017	0.04296	0.00011

[dist]
# distance from previous block
# <min> <max>
1	315

[block]
# block no. 4 follows, 2403 sequences, length 39
# corresponding to MSA columns:
# 708-710,712,713,719-732,740,743-745,749-753,760,765-774
name=unknown_E
#
# <colnr> <probs for GDERKNQSTAVLIFYWHMCP>
#	G	D	E	R	K	N	Q	S	T	A	V	L	I	F	Y	W	H	M	C	P
0	0.00027	0.05585	0.00017	0.00014	0.00018	0.00016	0.00011	0.00034	0.00030	0.00053	0.00045	0.00052	0.00036	0.00017	0.00010	3.3e-05	7.2e-05	0.00013	0.93998	0.00014
1	0.00021	0.00014	0.00016	0.00016	0.00016	0.00014	9.1e-05	0.00021	0.00021	0.00028	0.00045	0.00954	0.00052	0.94963	0.01883	0.01274	0.00614	0.00021	8.7e-05	8.8e-05
2	0.78217	0.00030	0.00025	0.00022	0.00031	0.00638	0.00018	0.17025	0.00527	0.01910	0.01433	0.00027	0.00019	0.00014	0.00010	4.4e-05	0.00012	9.1e-05	0.00010	0.00017
3	0.00029	0.00016	0.00016	0.00015	0.00019	0.00016	0.00012	0.05705	0.02562	0.01267	0.00047	0.00053	0.00036	0.00017	0.00010	3.5e-05	7.4e-05	0.00013	0.90141	0.00014
4	0.82189	0.01703	0.00360	0.00024	0.00626	0.00832	0.06330	0.01226	0.00026	0.00449	0.00021	0.00025	0.00017	0.00014	0.00012	4.6e-05	0.06107	8.8e-05	8.7e-05	0.00016
5	0.00045	0.01691	0.14734	0.05768	0.19987	0.00525	0.01029	0.01245	0.01172	0.41488	0.07325	0.01490	0.02764	0.00018	0.00428	4.6e-05	0.00015	0.00236	0.00012	0.00022
6	0.53606	0.00919	0.00031	0.00027	0.02022	0.05027	0.00743	0.11351	0.01649	0.04398	0.00024	0.00029	0.00019	0.00017	0.00992	4.9e-05	0.19103	0.00010	9.4e-05	0.00017
7	0.97937	0.00029	0.00021	0.00019	0.00028	0.01689	0.00016	0.00043	0.00025	0.00064	0.00020	0.00023	0.00016	0.00013	9e-05	4.4e-05	0.00011	7.8e-05	8.9e-05	0.00016
8	0.02992	0.39121	0.00054	0.00031	0.00041	0.47575	0.00026	0.04074	0.05170	0.00039	0.00024	0.00027	0.00020	0.00014	0.00012	3.6e-05	0.00742	9.1e-05	7.6e-05	0.00018
9	0.00928	0.00020	0.00026	0.00022	0.00029	0.00019	0.00285	0.03162	0.01411	0.37680	0.44109	0.00547	0.07471	0.00025	0.00017	4.6e-05	0.02443	0.00399	0.00297	0.01106
10	0.00019	0.00014	0.00016	0.00016	0.00019	0.00013	0.00011	0.00022	0.00499	0.00036	0.08135	0.06258	0.45759	0.34212	0.04901	8.9e-05	0.00011	0.00027	0.00012	0.00011
11	0.09752	0.10369	0.01525	0.08281	0.21345	0.05035	0.02837	0.18362	0.15202	0.04321	0.00033	0.00036	0.00025	0.00016	0.00297	4.4e-05	0.02270	0.00012	0.00258	0.00021
12	0.00021	0.00014	0.00016	0.00016	0.00016	0.00014	9e-05	0.00021	0.00021	0.00028	0.00045	0.00092	0.00051	0.94871	0.02458	0.02254	0.00015	0.00021	8.6e-05	8.8e-05
13	0.00019	0.00014	0.00516	0.00615	0.00022	0.00013	0.00014	0.00023	0.00449	0.00345	0.25482	0.47912	0.18831	0.00665	0.00604	5.5e-05	8.3e-05	0.04435	0.00014	0.00012
14	0.00263	0.00025	0.06626	0.02989	0.02325	0.00022	0.08763	0.03635	0.04738	0.00315	0.00375	0.00354	0.01802	0.00032	0.00018	6e-05	0.00015	0.66573	0.01109	0.00016
15	0.00580	0.13410	0.43489	0.02453	0.18681	0.06662	0.06196	0.00998	0.00290	0.01676	0.00028	0.02943	0.00022	0.00016	0.01271	4.6e-05	0.01010	0.00244	7e-05	0.00020
16	0.00025	0.00235	0.00415	0.01770	0.03259	0.00229	0.03567	0.00935	0.05722	0.01954	0.04013	0.11181	0.18924	0.05585	0.21111	9.6e-05	0.13511	0.07530	0.00011	0.00014
17	0.03365	0.22906	0.48794	0.04702	0.02972	0.02640	0.03978	0.02024	0.01480	0.01638	0.01085	0.02686	0.00023	0.00226	0.00247	4.3e-05	0.01190	0.00011	7.1e-05	0.00020
18	0.34171	0.01107	0.00417	0.07280	0.10143	0.20059	0.08425	0.02497	0.00265	0.00810	0.00241	0.00341	0.00019	0.00016	0.00017	4.6e-05	0.14152	0.00011	7.9e-05	0.00017
19	0.00175	0.00171	0.00383	0.03415	0.00206	0.00327	0.03183	0.01212	0.01152	0.01564	0.11984	0.45600	0.13082	0.05509	0.04118	0.00406	0.00219	0.05992	0.01290	0.00013
20	0.08644	0.10586	0.08118	0.00685	0.00287	0.04317	0.00573	0.40504	0.16819	0.01986	0.00237	0.00035	0.00026	0.00222	0.00014	4.2e-05	0.01673	0.00012	0.00012	0.05247
21	0.00021	0.00014	0.00017	0.00017	0.00017	0.00015	0.00010	0.00519	0.00022	0.00029	0.00045	0.02137	0.00051	0.84311	0.10857	0.00491	0.00016	0.00021	8.7e-05	0.01381
22	0.01668	0.00023	0.00536	0.04295	0.00845	0.00385	0.02034	0.05749	0.05561	0.03698	0.21853	0.04262	0.07370	0.02406	0.01093	0.00206	0.00595	0.05691	0.00012	0.31718
23	0.00666	0.14082	0.78566	0.00345	0.00059	0.00037	0.03660	0.00595	0.00947	0.00572	0.00026	0.00030	0.00019	0.00014	0.00013	4.4e-05	0.00020	0.00011	6.3e-05	0.00330
24	0.00058	0.00026	0.00033	0.00026	0.00036	0.00024	0.00021	0.12052	0.04722	0.73952	0.07891	0.00053	0.00499	0.00019	0.00015	4.5e-05	0.00012	0.00015	0.00518	0.00023
25	0.00021	0.00015	0.00356	0.00018	0.00022	0.00014	0.00014	0.00365	0.00038	0.01949	0.66698	0.11278	0.15711	0.00331	0.00017	4.8e-05	7.4e-05	0.02669	0.00460	0.00013
26	0.00225	0.00607	0.37899	0.12915	0.21761	0.02365	0.09525	0.01509	0.00911	0.01738	0.01525	0.05359	0.00918	0.01180	0.00312	4.8e-05	0.00986	0.00234	7.6e-05	0.00020
27	0.00264	0.08482	0.17869	0.15626	0.09356	0.00718	0.04159	0.03000	0.03982	0.01603	0.02067	0.06133	0.05203	0.04614	0.08241	0.02033	0.03119	0.03506	8.6e-05	0.00017
28	0.00019	0.00014	0.00019	0.00021	0.00022	0.00013	0.02157	0.00022	0.00436	0.00757	0.09028	0.79879	0.04679	0.00392	0.00018	5.7e-05	8.6e-05	0.01340	0.01160	0.00012
29	0.03892	0.00025	0.00034	0.00026	0.01011	0.00023	0.00021	0.03994	0.00834	0.89412	0.00542	0.00048	0.00035	0.00018	0.00014	4.5e-05	0.00012	0.00014	0.00017	0.00024
30	0.04973	0.18583	0.17861	0.07624	0.11548	0.03645	0.09914	0.08845	0.02653	0.11270	0.00769	0.00448	0.00659	0.00015	0.00013	0.00177	0.00409	0.00181	9e-05	0.00403
31	0.00554	0.00852	0.08382	0.32404	0.21129	0.02174	0.07627	0.02853	0.01486	0.01923	0.00446	0.04551	0.01367	0.03745	0.00746	5.3e-05	0.00434	0.09295	8.4e-05	0.00018
32	0.00893	0.00216	0.02082	0.00025	0.00032	0.02459	0.00844	0.04626	0.02705	0.35168	0.10022	0.07528	0.07392	0.00881	0.18842	8.3e-05	0.04770	0.00578	0.00910	0.00018
33	0.67785	0.01874	0.00379	0.00525	0.01333	0.12670	0.06256	0.02317	0.00028	0.00057	0.00021	0.00026	0.00017	0.00014	0.00013	4.5e-05	0.06334	9.1e-05	0.00321	0.00016
34	0.00019	0.00015	0.00283	0.00019	0.00286	0.00014	0.00014	0.00023	0.00032	0.00302	0.14497	0.17915	0.45934	0.01169	0.05197	0.00314	0.00692	0.13250	0.00013	0.00013
35	0.00035	0.07602	0.30000	0.01601	0.04022	0.01687	0.07466	0.06780	0.10480	0.05284	0.02045	0.00571	0.00979	0.00016	0.00989	4.2e-05	0.01617	0.00508	9.1e-05	0.18305
36	0.00019	0.00015	0.01934	0.00421	0.00426	0.00013	0.00014	0.00024	0.00393	0.00315	0.32771	0.32953	0.22684	0.01578	0.00283	5.4e-05	8.4e-05	0.05846	0.00014	0.00283
37	0.00847	0.04555	0.10419	0.05113	0.06250	0.03654	0.03201	0.02954	0.02889	0.02547	0.02692	0.00218	0.00514	0.00014	0.00014	3.3e-05	0.04036	0.00011	8.6e-05	0.50061
38	0.00449	0.04871	0.22069	0.07855	0.05839	0.02172	0.06090	0.01570	0.06548	0.06841	0.03711	0.02089	0.03660	0.01365	0.20017	0.01317	0.01812	0.01011	9e-05	0.00703

[dist]
# distance from previous block
# <min> <max>
6	90

[block]
# block no. 5 follows, 2403 sequences, length 19
# corresponding to MSA columns:
# 953-956,958-966,971-973,990,991,994
name=unknown_F
#
# <colnr> <probs for GDERKNQSTAVLIFYWHMCP>
#	G	D	E	R	K	N	Q	S	T	A	V	L	I	F	Y	W	H	M	C	P
0	0.00500	0.02728	0.05663	0.36366	0.17663	0.04139	0.07772	0.03195	0.04580	0.03407	0.01770	0.04333	0.01883	0.00598	0.01781	5e-05	0.02464	0.00453	0.00361	0.00337
1	0.04117	0.06791	0.16485	0.10116	0.08749	0.03131	0.16995	0.07335	0.05366	0.11681	0.02696	0.01465	0.01054	0.00448	0.00647	4.7e-05	0.00903	0.01069	9.6e-05	0.00940
2	0.03465	0.04191	0.04086	0.18641	0.06515	0.08393	0.07179	0.16934	0.09590	0.06743	0.01659	0.02152	0.04009	0.00396	0.00015	0.00377	0.00425	0.00556	0.00010	0.04663
3	0.00638	0.02061	0.00879	0.00593	0.00372	0.00015	0.00900	0.00586	0.00029	0.01249	0.01155	0.69462	0.05147	0.02773	0.02069	0.00559	0.00994	0.10068	0.00440	0.00012
4	0.00939	0.00020	0.02127	0.02366	0.01612	0.00349	0.02482	0.03205	0.05625	0.02010	0.05461	0.15105	0.08168	0.06181	0.37097	0.00777	0.03971	0.02127	0.00362	0.00014
5	0.01927	0.22895	0.28390	0.04259	0.05841	0.02450	0.10202	0.01704	0.02663	0.08170	0.01141	0.04460	0.02955	0.00456	0.00014	4.3e-05	0.00858	0.00013	8.4e-05	0.01591
6	0.00638	0.00017	0.00022	0.00478	0.00026	0.00016	0.00485	0.00481	0.02930	0.21544	0.22392	0.25085	0.19286	0.00626	0.00399	0.00554	9.3e-05	0.04116	0.00415	0.00481
7	0.00456	0.00031	0.00031	0.00030	0.00034	0.21542	0.01253	0.03657	0.01948	0.00518	0.01461	0.20259	0.00737	0.00032	0.02417	5.9e-05	0.19581	0.24930	0.01062	0.00015
8	0.03685	0.07649	0.34542	0.08743	0.10876	0.03014	0.06706	0.02614	0.04109	0.12074	0.01589	0.01147	0.00706	0.00424	0.00348	4.6e-05	0.01339	0.00403	8.8e-05	0.00020
9	0.02633	0.05819	0.10722	0.03193	0.09148	0.02387	0.08669	0.01773	0.02239	0.12597	0.04859	0.14127	0.03618	0.05488	0.03463	0.04246	0.01376	0.02826	0.00484	0.00333
10	0.00053	0.00023	0.00030	0.00024	0.00033	0.00021	0.00019	0.02655	0.04709	0.70605	0.05605	0.07738	0.06878	0.00692	0.00015	4.7e-05	0.00011	0.00018	0.00842	0.00022
11	0.04474	0.00765	0.01809	0.03040	0.06189	0.06681	0.09433	0.07430	0.06859	0.42745	0.03255	0.00745	0.00035	0.00578	0.00015	4.5e-05	0.01154	0.01295	0.03473	0.00021
12	0.03700	0.14401	0.14665	0.15076	0.18610	0.03895	0.12128	0.04875	0.01813	0.04922	0.01284	0.02097	0.00637	0.00015	0.00358	4.4e-05	0.00619	0.00874	8.2e-05	0.00020
13	0.00023	0.00384	0.00020	0.00563	0.00021	0.00017	0.00574	0.00980	0.01547	0.02073	0.01152	0.06291	0.00835	0.55051	0.21289	0.03789	0.03925	0.01045	0.00410	0.00011
14	0.00021	0.00015	0.00021	0.00021	0.00022	0.00017	0.00015	0.00024	0.00022	0.00031	0.00040	0.00070	0.00041	0.36306	0.59769	0.02161	0.01368	0.00017	8e-05	0.00011
15	0.00534	0.00032	0.05634	0.17489	0.02522	0.02050	0.22313	0.02581	0.02374	0.06594	0.03566	0.01537	0.02555	0.02552	0.05842	6.4e-05	0.20373	0.00971	0.00457	0.00017
16	0.01456	0.05921	0.11126	0.09117	0.08946	0.07569	0.13300	0.07481	0.01121	0.08586	0.00855	0.01917	0.00596	0.00939	0.04634	0.00306	0.15134	0.00672	0.00305	0.00019
17	0.00470	0.00385	0.02404	0.02352	0.02040	0.07090	0.32182	0.08180	0.03405	0.07426	0.07438	0.08153	0.07709	0.00821	0.01441	0.00623	0.02660	0.02162	0.03043	0.00018
18	0.00018	0.00013	0.00017	0.00817	0.00022	0.00012	0.00014	0.00020	0.00028	0.00037	0.00079	0.91741	0.01690	0.01747	0.00876	0.00935	8.9e-05	0.01902	0.00013	0.00012

[dist]
# distance from previous block
# <min> <max>
4	11

[block]
# block no. 6 follows, 2403 sequences, length 6
# corresponding to MSA columns:
# 1021,1022,1024-1026,1028
name=unknown_G
#
# <colnr> <probs for GDERKNQSTAVLIFYWHMCP>
#	G	D	E	R	K	N	Q	S	T	A	V	L	I	F	Y	W	H	M	C	P
0	0.04964	0.02699	0.09799	0.08296	0.06850	0.02611	0.09342	0.03901	0.06806	0.09743	0.05762	0.02678	0.10296	0.01204	0.01269	4.7e-05	0.01725	0.01017	0.00896	0.10136
1	0.20385	0.00025	0.00030	0.00025	0.02702	0.00024	0.00020	0.01971	0.01698	0.60129	0.03274	0.02021	0.01602	0.01773	0.00014	4.6e-05	0.00012	0.00014	0.01554	0.02725
2	0.01026	0.01652	0.00990	0.33845	0.04997	0.01327	0.07700	0.01083	0.01398	0.01008	0.03831	0.20944	0.06780	0.01115	0.04803	0.01106	0.02084	0.04286	9.5e-05	0.00015
3	0.03433	0.14479	0.15697	0.06549	0.05706	0.06502	0.07739	0.07985	0.03431	0.16306	0.01230	0.01567	0.01475	0.01005	0.03591	5.1e-05	0.01343	0.00971	9.8e-05	0.00977
4	0.00021	0.00016	0.00024	0.00024	0.00026	0.00018	0.02390	0.00026	0.00024	0.00034	0.02415	0.03031	0.00042	0.10248	0.76753	0.00020	0.02412	0.02454	8.3e-05	0.00013
5	0.00020	0.00014	0.00018	0.00019	0.00021	0.00013	0.00013	0.00024	0.01731	0.03020	0.04795	0.64298	0.04185	0.14699	0.01708	0.01726	9.9e-05	0.01878	0.01796	0.00012

[dist]
# distance from previous block
# <min> <max>
2	3

[block]
# block no. 7 follows, 2403 sequences, length 17
# corresponding to MSA columns:
# 1034-1036,1050,1051,1053,1054,1056,1075-1083
name=unknown_H
#
# <colnr> <probs for GDERKNQSTAVLIFYWHMCP>
#	G	D	E	R	K	N	Q	S	T	A	V	L	I	F	Y	W	H	M	C	P
0	0.00028	0.00026	0.00044	0.95826	0.03730	0.00032	0.00040	0.00037	0.00029	0.00037	0.00026	0.00038	0.00019	0.00014	0.00014	4.8e-05	0.00019	0.00013	6.4e-05	0.00016
1	0.75891	0.01376	0.02983	0.01619	0.02158	0.04700	0.04476	0.01039	0.00564	0.02062	0.00023	0.00810	0.00018	0.00462	0.00011	4.5e-05	0.00854	0.00464	0.00469	0.00016
2	0.00019	0.00014	0.00017	0.00018	0.00020	0.00013	0.00012	0.00022	0.00850	0.00036	0.04767	0.43081	0.15647	0.30587	0.01017	0.00889	0.00010	0.02960	0.00012	0.00011
3	0.02972	0.17020	0.01533	0.05941	0.02838	0.04038	0.01193	0.34211	0.22999	0.01355	0.00450	0.01255	0.00543	0.00017	0.00014	4.2e-05	0.00623	0.00013	0.00409	0.02572
4	0.12340	0.17137	0.12001	0.07643	0.05551	0.02966	0.07920	0.05795	0.02310	0.10424	0.00636	0.02479	0.00817	0.00444	0.00345	0.00473	0.01171	0.01155	9.2e-05	0.08384
5	0.03283	0.14097	0.37745	0.02621	0.07278	0.03693	0.07146	0.03770	0.01141	0.14523	0.00992	0.00528	0.00505	0.00015	0.00014	4.3e-05	0.01188	0.00012	0.00402	0.01043
6	0.00516	0.02536	0.02633	0.00025	0.00032	0.00632	0.02522	0.02245	0.34572	0.10511	0.09376	0.07045	0.20083	0.00623	0.00578	0.00689	0.01589	0.03376	0.00399	0.00018
7	0.00030	0.00019	0.00023	0.01694	0.00028	0.01305	0.04117	0.01081	0.00776	0.20829	0.06329	0.05753	0.51707	0.00534	0.00017	0.00877	9.8e-05	0.02613	0.02245	0.00015
8	0.01343	0.06372	0.21258	0.09380	0.14382	0.03986	0.12995	0.02560	0.03152	0.13757	0.02753	0.02799	0.01590	0.00362	0.01200	0.00360	0.01342	0.00380	9.3e-05	0.00020
9	0.00658	0.04104	0.04725	0.18537	0.19420	0.01536	0.09664	0.03296	0.08794	0.04810	0.00541	0.01697	0.00777	0.02127	0.01720	5.3e-05	0.16395	0.00497	0.00341	0.00354
10	0.00022	0.00015	0.00017	0.00017	0.00017	0.01117	0.0001	0.00022	0.00021	0.00912	0.00044	0.01397	0.00050	0.86679	0.05590	0.03061	0.00969	0.00020	8.7e-05	9.2e-05
11	0.42550	0.02449	0.08432	0.10015	0.03508	0.03735	0.14321	0.03463	0.00500	0.05172	0.00354	0.00417	0.00559	0.00377	0.00335	0.00541	0.00776	0.01988	0.00491	0.00018
12	0.00019	0.00014	0.00016	0.00018	0.00020	0.00012	0.00012	0.00022	0.00031	0.00040	0.07149	0.45837	0.34235	0.02196	0.00018	5.4e-05	8e-05	0.02763	0.07573	0.00012
13	0.99596	0.00028	0.00021	0.00019	0.00028	0.00032	0.00016	0.00042	0.00025	0.00065	0.00020	0.00023	0.00016	0.00013	8.9e-05	4.5e-05	0.00011	7.8e-05	8.9e-05	0.00016
14	0.00022	0.00015	0.00021	0.00021	0.00023	0.00016	0.00015	0.00691	0.00023	0.01262	0.00772	0.04101	0.00043	0.27757	0.58417	0.04370	0.00028	0.00779	0.01613	0.00012
15	0.00675	0.00894	0.00035	0.00027	0.00037	0.00669	0.00022	0.18643	0.01327	0.71574	0.02252	0.00715	0.01050	0.00018	0.00014	4.4e-05	0.00013	0.00015	0.01993	0.00024
16	0.02106	0.01925	0.00632	0.00380	0.01625	0.01717	0.00428	0.02710	0.01578	0.02170	0.00753	0.08532	0.00419	0.00634	0.00376	3e-05	0.00401	0.00441	9.4e-05	0.73159

[dist]
# distance from previous block
# <min> <max>
1	7

[block]
# block no. 8 follows, 2403 sequences, length 7
# corresponding to MSA columns:
# 1105-1108,1110-1112
name=unknown_I
#
# <colnr> <probs for GDERKNQSTAVLIFYWHMCP>
#	G	D	E	R	K	N	Q	S	T	A	V	L	I	F	Y	W	H	M	C	P
0	0.02440	0.44215	0.06486	0.04371	0.01126	0.13954	0.09399	0.03266	0.03315	0.01787	0.00928	0.01085	0.01375	0.01365	0.01347	4.3e-05	0.03500	0.00011	7.6e-05	0.00018
1	0.06800	0.04918	0.02509	0.02394	0.02559	0.13981	0.01375	0.08163	0.06937	0.21559	0.02470	0.07547	0.01948	0.06272	0.04082	0.00770	0.03074	0.01089	0.00012	0.01541
2	0.00021	0.00014	0.00018	0.00020	0.00022	0.00014	0.00014	0.00026	0.03738	0.04235	0.08958	0.67608	0.04025	0.05096	0.00021	6e-05	8.9e-05	0.04291	0.01851	0.00013
3	0.00959	0.00827	0.03495	0.06700	0.08860	0.00799	0.01941	0.05230	0.13681	0.09562	0.06656	0.15845	0.03822	0.02879	0.10002	0.01140	0.01911	0.01957	0.01580	0.02154
4	0.02824	0.06727	0.05957	0.12332	0.24056	0.08550	0.10526	0.07455	0.04307	0.06960	0.00856	0.01347	0.01399	0.00754	0.00775	0.00784	0.01540	0.00941	0.00751	0.01161
5	0.01170	0.01930	0.05995	0.09017	0.02612	0.02442	0.03506	0.03487	0.02531	0.13615	0.06572	0.01831	0.02803	0.13254	0.12938	0.01775	0.12673	0.01005	0.00828	0.00016
6	0.00938	0.00017	0.01844	0.00022	0.00956	0.00016	0.00929	0.01266	0.01126	0.13558	0.02024	0.45351	0.01573	0.24318	0.00949	0.01164	0.00908	0.01885	0.01142	0.00013

[dist]
# distance from previous block
# <min> <max>
5	13

[block]
# block no. 9 follows, 2403 sequences, length 8
# corresponding to MSA columns:
# 1221-1227,1231
name=unknown_J
#
# <colnr> <probs for GDERKNQSTAVLIFYWHMCP>
#	G	D	E	R	K	N	Q	S	T	A	V	L	I	F	Y	W	H	M	C	P
0	0.01656	0.01284	0.16454	0.03848	0.09673	0.01602	0.03036	0.01272	0.03684	0.03726	0.15604	0.18940	0.10889	0.01408	0.02037	5.4e-05	0.01624	0.02479	0.00011	0.00767
1	0.01428	0.15104	0.27137	0.02604	0.13348	0.02026	0.07533	0.04925	0.03907	0.12204	0.01711	0.03688	0.01075	0.00781	0.00014	4.4e-05	0.00868	0.00797	9.2e-05	0.00837
2	0.04423	0.00895	0.03681	0.00027	0.00036	0.00989	0.00867	0.23574	0.11344	0.33812	0.01715	0.09866	0.01550	0.00984	0.01059	4.9e-05	0.00013	0.01687	0.03451	0.00021
3	0.82725	0.01298	0.01356	0.01980	0.01991	0.02260	0.01673	0.01312	0.00026	0.01585	0.00022	0.00026	0.00017	0.00014	9.6e-05	4.4e-05	0.00012	8.6e-05	0.03664	0.00016
4	0.03675	0.00014	0.00018	0.00021	0.00023	0.00014	0.00015	0.00024	0.02379	0.00040	0.03881	0.71954	0.03663	0.01636	0.00019	5.9e-05	0.01582	0.11012	0.00013	0.00012
5	0.01433	0.00019	0.00860	0.00891	0.00026	0.00018	0.00815	0.06719	0.04336	0.09653	0.17782	0.23258	0.15634	0.11316	0.00858	0.00885	0.00808	0.00920	0.03757	0.00015
6	0.01559	0.00785	0.00031	0.07131	0.08525	0.05563	0.02200	0.14434	0.06186	0.03802	0.19775	0.01929	0.20594	0.01282	0.02979	5.3e-05	0.00997	0.00804	0.01399	0.00017
7	0.01026	0.05861	0.18945	0.08731	0.10960	0.04769	0.06783	0.03752	0.06781	0.03835	0.05387	0.03505	0.03920	0.02067	0.03005	0.00684	0.02581	0.02263	9.2e-05	0.05136

[dist]
# distance from previous block
# <min> <max>
2	21

[block]
# block no. 10 follows, 2403 sequences, length 27
# corresponding to MSA columns:
# 1274,1276-1288,1297,1308,1310-1319,1321
name=unknown_K
#
# <colnr> <probs for GDERKNQSTAVLIFYWHMCP>
#	G	D	E	R	K	N	Q	S	T	A	V	L	I	F	Y	W	H	M	C	P
0	0.00594	0.00251	0.00024	0.04207	0.00529	0.00604	0.01242	0.01798	0.00692	0.00964	0.04629	0.02110	0.08223	0.11738	0.55989	0.01403	0.02288	0.02472	0.00230	0.00013
1	0.00039	0.94932	0.00689	0.00025	0.00037	0.00654	0.00025	0.00641	0.00706	0.00985	0.00021	0.00024	0.00019	0.00013	9.4e-05	3.1e-05	0.00015	7.9e-05	0.01137	0.00019
2	0.00325	0.00025	0.00041	0.66617	0.07792	0.00412	0.02228	0.00940	0.03172	0.03769	0.01219	0.04058	0.00527	0.03951	0.03165	0.00511	0.00248	0.00511	0.00471	0.00017
3	0.00021	0.00014	0.00016	0.00016	0.00016	0.00014	9.3e-05	0.00021	0.00021	0.00028	0.00046	0.02739	0.00053	0.93111	0.02773	0.00014	0.00014	0.01054	8.9e-05	9e-05
4	0.00029	0.00027	0.00377	0.68946	0.03279	0.02184	0.03188	0.01245	0.00594	0.01623	0.00693	0.00040	0.00515	0.01542	0.02849	0.05981	0.06851	0.00013	7e-05	0.00016
5	0.29012	0.21828	0.06928	0.05906	0.02156	0.23855	0.03238	0.01459	0.00707	0.01788	0.00023	0.00027	0.00018	0.00014	0.00012	4.1e-05	0.02989	9.4e-05	7.7e-05	0.00018
6	0.00027	0.00026	0.00043	0.99459	0.00099	0.00032	0.00040	0.00037	0.00029	0.00037	0.00026	0.00038	0.00019	0.00014	0.00014	4.8e-05	0.00019	0.00013	6.4e-05	0.00016
7	0.00769	0.00014	0.00017	0.00018	0.00021	0.00013	0.00013	0.00024	0.00035	0.02027	0.40171	0.24955	0.31799	0.00035	0.00017	5e-05	7.5e-05	0.00031	0.00014	0.00013
8	0.00022	0.00016	0.00021	0.00023	0.00027	0.00016	0.00572	0.00029	0.03316	0.00629	0.04647	0.08815	0.23807	0.00038	0.00019	6e-05	0.00011	0.57961	0.00013	0.00013
9	0.00021	0.00014	0.00016	0.00016	0.00017	0.00014	9.9e-05	0.00022	0.01151	0.00029	0.01325	0.01843	0.06952	0.72991	0.01813	0.13027	0.00013	0.00021	0.00695	9e-05
10	0.00030	0.00026	0.00030	0.00683	0.00035	0.00020	0.00017	0.00755	0.01282	0.01247	0.00703	0.00031	0.00023	0.00011	0.00011	2.2e-05	0.00011	8.9e-05	8.8e-05	0.95066
11	0.00018	0.00014	0.00015	0.00016	0.00020	0.00012	0.00012	0.00021	0.00033	0.00040	0.06387	0.09055	0.80597	0.00037	0.00018	0.02507	7.6e-05	0.01166	0.00013	0.00012
12	0.00539	0.01194	0.01615	0.37519	0.06559	0.01021	0.02448	0.02325	0.07225	0.03121	0.01361	0.03983	0.04214	0.05516	0.01660	0.01973	0.11806	0.03542	0.01451	0.00928
13	0.02011	0.57696	0.00625	0.00029	0.00448	0.26555	0.00026	0.06876	0.03039	0.00800	0.00471	0.00028	0.00021	0.00014	0.00011	3.5e-05	0.00433	0.00888	7.6e-05	0.00018
14	0.02603	0.05370	0.06057	0.08115	0.05340	0.01158	0.02071	0.11257	0.03795	0.09602	0.10918	0.12857	0.06645	0.01112	0.01190	0.00252	0.04314	0.02995	0.00012	0.04339
15	0.05042	0.01041	0.00503	0.28886	0.08496	0.08023	0.11978	0.13719	0.06868	0.04783	0.00777	0.01879	0.01590	0.00662	0.01824	5e-05	0.03518	0.00378	9.4e-05	0.00019
16	0.86880	0.01039	0.00958	0.00492	0.01389	0.02614	0.00608	0.01975	0.00026	0.01947	0.00022	0.00025	0.00017	0.00014	0.00010	4.5e-05	0.01402	0.00553	9e-05	0.00016
17	0.00348	0.05191	0.08033	0.40402	0.21376	0.04711	0.09412	0.02269	0.00943	0.01776	0.00426	0.00289	0.00674	0.00015	0.00568	4.7e-05	0.02576	0.00961	7.3e-05	0.00019
18	0.00308	0.00019	0.00313	0.00020	0.00025	0.00018	0.00015	0.00501	0.16057	0.04396	0.55958	0.01055	0.13683	0.00335	0.00381	4.6e-05	0.00331	0.00947	0.01415	0.04217
19	0.00020	0.00015	0.00017	0.00017	0.00673	0.00445	0.00401	0.00025	0.01124	0.02455	0.24862	0.06107	0.62810	0.00034	0.00017	4.8e-05	7.6e-05	0.00489	0.00464	0.00013
20	0.57984	0.00027	0.00027	0.00022	0.00032	0.00028	0.00018	0.02734	0.00032	0.38919	0.00035	0.00034	0.00024	0.00015	0.00011	4.5e-05	0.00012	0.00011	0.00013	0.00019
21	0.00021	0.00014	0.00016	0.00016	0.00016	0.00014	9e-05	0.00021	0.00021	0.00028	0.00046	0.02373	0.00053	0.95844	0.01441	0.00014	0.00014	0.00021	8.8e-05	8.9e-05
22	0.74147	0.00030	0.00026	0.00022	0.00032	0.00674	0.00018	0.19923	0.01177	0.03099	0.00727	0.00027	0.00019	0.00014	0.00010	4.4e-05	0.00012	9.3e-05	0.00010	0.00018
23	0.78545	0.00028	0.00024	0.00021	0.00030	0.00031	0.00017	0.03242	0.00029	0.17881	0.00027	0.00028	0.00019	0.00014	0.00010	4.5e-05	0.00011	9.2e-05	0.00011	0.00017
24	0.00027	0.00026	0.00043	0.99459	0.00099	0.00032	0.00040	0.00037	0.00029	0.00037	0.00026	0.00038	0.00019	0.00014	0.00014	4.8e-05	0.00019	0.00013	6.4e-05	0.00016
25	0.00673	0.00021	0.00028	0.09844	0.06566	0.00469	0.00020	0.05996	0.06520	0.13684	0.27200	0.07523	0.17746	0.00390	0.00475	0.01138	0.00377	0.00977	0.00335	0.00017
26	0.00019	0.00013	0.00017	0.00020	0.00022	0.00013	0.00014	0.00022	0.00496	0.00038	0.01877	0.63952	0.12524	0.02331	0.00731	0.05060	9.4e-05	0.12372	0.00458	0.00012

[dist]
# distance from previous block
# <min> <max>
5	22

[block]
# block no. 11 follows, 2403 sequences, length 26
# corresponding to MSA columns:
# 1359-1365,1370-1379,1382-1386,1388,1389,1406,1407
name=unknown_L
#
# <colnr> <probs for GDERKNQSTAVLIFYWHMCP>
#	G	D	E	R	K	N	Q	S	T	A	V	L	I	F	Y	W	H	M	C	P
0	0.00036	0.00034	0.00058	0.00088	0.99404	0.00034	0.00044	0.00044	0.00033	0.00047	0.00027	0.00036	0.00023	0.00013	0.00014	4.3e-05	0.00017	0.00013	7.1e-05	0.00023
1	0.00021	0.00015	0.00023	0.00023	0.00026	0.00018	0.00018	0.00026	0.00023	0.00033	0.00039	0.00057	0.00036	0.02038	0.97507	0.00023	0.00038	0.00016	7.7e-05	0.00013
2	0.00019	0.00015	0.00020	0.00024	0.06204	0.00014	0.00685	0.00023	0.00030	0.00040	0.07330	0.67670	0.09887	0.00859	0.00816	5.8e-05	9.4e-05	0.06324	0.00013	0.00013
3	0.00054	0.00069	0.00041	0.00037	0.00045	0.99436	0.00028	0.00058	0.00041	0.00035	0.00022	0.00026	0.00019	0.00015	0.00013	3.7e-05	0.00026	9.3e-05	7.4e-05	0.00017
4	0.01418	0.00038	0.00041	0.00032	0.00043	0.00043	0.00026	0.78708	0.18369	0.00084	0.00039	0.00038	0.00028	0.00018	0.00014	4.4e-05	0.00015	0.00014	0.01004	0.00024
5	0.00975	0.00027	0.00032	0.06063	0.00432	0.01583	0.00512	0.03401	0.01120	0.02205	0.00027	0.00371	0.00361	0.00012	0.00011	2.6e-05	0.00424	9.4e-05	8.9e-05	0.82423
6	0.01376	0.12367	0.77677	0.00038	0.00057	0.00036	0.01466	0.02699	0.00693	0.03423	0.00027	0.00030	0.00019	0.00014	0.00013	4.4e-05	0.00020	0.00011	6.8e-05	0.00021
7	0.01485	0.00033	0.00034	0.00030	0.00038	0.01395	0.00023	0.18146	0.76675	0.00065	0.00053	0.00050	0.00040	0.00020	0.00596	4.9e-05	0.00013	0.00617	0.00659	0.00023
8	0.00512	0.05530	0.18430	0.02269	0.02393	0.00584	0.02384	0.03492	0.03328	0.08218	0.08611	0.05851	0.02917	0.00019	0.00676	4e-05	0.00343	0.03095	0.00010	0.31334
9	0.00019	0.00014	0.00017	0.00018	0.00021	0.00013	0.00013	0.00516	0.02422	0.01669	0.14339	0.40519	0.37609	0.00901	0.00460	0.00494	8.1e-05	0.00551	0.00383	0.00013
10	0.00021	0.00014	0.00018	0.00018	0.00018	0.00015	0.00011	0.00022	0.00022	0.00029	0.00044	0.00084	0.00048	0.73649	0.25912	0.00016	0.00020	0.00020	8.5e-05	9.8e-05
11	0.00303	0.10458	0.03493	0.04146	0.13457	0.17625	0.03462	0.06656	0.01321	0.00503	0.01099	0.00376	0.00731	0.00546	0.02015	5.2e-05	0.33764	0.00012	7.6e-05	0.00018
12	0.00036	0.00034	0.00058	0.00088	0.99404	0.00034	0.00044	0.00044	0.00033	0.00047	0.00027	0.00036	0.00023	0.00013	0.00014	4.3e-05	0.00017	0.00013	7.1e-05	0.00023
13	0.41022	0.01103	0.00698	0.07239	0.02578	0.03834	0.00024	0.40923	0.01584	0.00831	0.00028	0.00030	0.00020	0.00015	0.00012	4.4e-05	0.00015	0.00011	0.00011	0.00020
14	0.00597	0.02694	0.03322	0.24579	0.20400	0.08475	0.14898	0.04450	0.03418	0.00946	0.00687	0.00407	0.01055	0.00952	0.08407	6.2e-05	0.04263	0.00417	7.8e-05	0.00018
15	0.00366	0.00040	0.25561	0.00030	0.00039	0.12229	0.04126	0.01637	0.06997	0.01765	0.23350	0.11649	0.05295	0.00373	0.00732	4.9e-05	0.03351	0.02117	0.00317	0.00017
16	0.00018	0.00013	0.00017	0.00020	0.00021	0.00012	0.00013	0.00020	0.00028	0.00037	0.03320	0.91654	0.01412	0.01394	0.00019	0.00721	8.5e-05	0.01247	0.00013	0.00012
17	0.00021	0.00015	0.00022	0.00022	0.00024	0.00017	0.00016	0.00025	0.00023	0.00032	0.00040	0.00064	0.00039	0.22072	0.75366	0.01113	0.01054	0.00017	7.9e-05	0.00012
18	0.61487	0.00036	0.00028	0.00658	0.00033	0.21090	0.00020	0.00046	0.00029	0.06253	0.00023	0.00027	0.00018	0.00615	0.00465	4.6e-05	0.08096	9.1e-05	0.00524	0.00537
19	0.00780	0.00014	0.00432	0.00020	0.00022	0.00014	0.00645	0.00023	0.00556	0.01996	0.02392	0.58947	0.13746	0.13048	0.01587	0.01068	0.01752	0.02933	0.00013	0.00012
20	0.02215	0.31288	0.00715	0.00502	0.00860	0.10579	0.00808	0.02469	0.00328	0.05045	0.00613	0.00699	0.00373	0.08441	0.19871	0.01595	0.12005	0.00012	0.00235	0.01348
21	0.00681	0.00536	0.22954	0.10295	0.10797	0.01537	0.10714	0.01044	0.01158	0.02767	0.01193	0.16557	0.02747	0.07694	0.01381	0.00979	0.03424	0.01304	8.8e-05	0.02229
22	0.02825	0.00024	0.00032	0.00025	0.00035	0.00021	0.00021	0.01820	0.00868	0.85700	0.02464	0.02484	0.01137	0.00409	0.00413	0.00423	0.00362	0.00574	0.00340	0.00023
23	0.00564	0.00029	0.00345	0.38657	0.40159	0.00031	0.04289	0.01753	0.00687	0.01495	0.00682	0.05572	0.01723	0.00539	0.01139	4.9e-05	0.01206	0.00381	0.00724	0.00019
24	0.01303	0.01730	0.03940	0.12750	0.28657	0.05507	0.18068	0.05396	0.03504	0.04198	0.01078	0.02174	0.00346	0.00015	0.00273	4.4e-05	0.00942	0.00547	8.6e-05	0.09560
25	0.03132	0.05640	0.06010	0.01675	0.02608	0.08203	0.04353	0.13146	0.04554	0.35246	0.03711	0.01116	0.01031	0.02496	0.01601	4.9e-05	0.02956	0.00768	0.00013	0.01736

[dist]
# distance from previous block
# <min> <max>
1	20

[block]
# block no. 12 follows, 2403 sequences, length 22
# corresponding to MSA columns:
# 1433-1445,1448-1455,1481
name=unknown_M
#
# <colnr> <probs for GDERKNQSTAVLIFYWHMCP>
#	G	D	E	R	K	N	Q	S	T	A	V	L	I	F	Y	W	H	M	C	P
0	0.22455	0.15865	0.06144	0.09882	0.09121	0.07494	0.05904	0.04289	0.01124	0.03278	0.00322	0.01026	0.00021	0.00015	0.00431	4.4e-05	0.07990	0.00336	8.1e-05	0.04290
1	0.01270	0.02835	0.12687	0.17354	0.05256	0.04555	0.19940	0.05847	0.05143	0.01352	0.01422	0.01907	0.00313	0.03153	0.06824	0.00543	0.03177	0.01526	0.01688	0.03209
2	0.00619	0.00017	0.00021	0.00020	0.00024	0.00015	0.00015	0.01165	0.00746	0.21891	0.25861	0.19852	0.15752	0.03036	0.00558	0.02413	9.2e-05	0.01733	0.06239	0.00015
3	0.00019	0.00015	0.00018	0.00018	0.00021	0.00014	0.00013	0.00024	0.01238	0.00612	0.24531	0.25686	0.31572	0.04249	0.09740	7.2e-05	0.00614	0.01063	0.00533	0.00013
4	0.00710	0.00014	0.00018	0.00019	0.00022	0.00013	0.00014	0.00025	0.00034	0.02640	0.39006	0.39961	0.12521	0.00037	0.00018	5.2e-05	7.9e-05	0.04215	0.00708	0.00013
5	0.00023	0.00016	0.00020	0.00019	0.00022	0.00488	0.00014	0.00592	0.02032	0.03705	0.62763	0.01962	0.00106	0.13337	0.01722	6.2e-05	9.2e-05	0.07562	0.05587	0.00014
6	0.00029	0.00074	0.99419	0.00041	0.00062	0.00033	0.00053	0.00046	0.00030	0.00046	0.00026	0.00030	0.00018	0.00014	0.00014	4.6e-05	0.00021	0.00011	6.1e-05	0.00021
7	0.99596	0.00028	0.00021	0.00019	0.00028	0.00032	0.00016	0.00042	0.00025	0.00065	0.00020	0.00023	0.00016	0.00013	8.9e-05	4.5e-05	0.00011	7.8e-05	8.9e-05	0.00016
8	0.00022	0.00017	0.00024	0.00023	0.00026	0.02151	0.00892	0.00783	0.00024	0.00756	0.00039	0.00060	0.00037	0.13916	0.79951	0.00021	0.01222	0.00016	8e-05	0.00013
9	0.01203	0.00019	0.00024	0.00025	0.00029	0.00019	0.00021	0.00038	0.16241	0.05377	0.04556	0.04419	0.02173	0.08134	0.00023	6.6e-05	0.00012	0.57651	0.00013	0.00015
10	0.00038	0.99503	0.00075	0.00025	0.00037	0.00057	0.00025	0.00043	0.00029	0.00034	0.00020	0.00023	0.00018	0.00012	9.2e-05	3.1e-05	0.00015	7.7e-05	6.2e-05	0.00018
11	0.00023	0.00016	0.00021	0.00019	0.00023	0.00015	0.00630	0.00030	0.00701	0.05670	0.85340	0.02757	0.00731	0.01144	0.00018	4.7e-05	0.00848	0.00513	0.01486	0.00014
12	0.00019	0.00015	0.00017	0.00017	0.00021	0.00013	0.00013	0.00023	0.00034	0.01264	0.16881	0.08268	0.62793	0.00806	0.00018	5.1e-05	8e-05	0.09759	0.00014	0.00013
13	0.01164	0.00029	0.00038	0.01211	0.00967	0.00028	0.03929	0.22182	0.03992	0.63427	0.00492	0.00047	0.00535	0.00018	0.00015	4.5e-05	0.00465	0.01024	0.00016	0.00419
14	0.00469	0.00017	0.00022	0.00022	0.00026	0.00016	0.00017	0.01066	0.00713	0.25724	0.02285	0.50974	0.00552	0.01386	0.00018	5.5e-05	0.00010	0.12484	0.03745	0.00449
15	0.00537	0.01565	0.00837	0.01119	0.00401	0.02004	0.03069	0.03073	0.03084	0.21008	0.06684	0.00048	0.00473	0.02528	0.13875	0.06552	0.32735	0.00015	0.00378	0.00017
16	0.01416	0.00762	0.08082	0.08403	0.07881	0.01688	0.51135	0.02401	0.01829	0.05994	0.00673	0.06967	0.00796	0.00328	0.00016	4.8e-05	0.00383	0.01215	8.6e-05	0.00019
17	0.01375	0.00026	0.00373	0.01605	0.00917	0.02426	0.03185	0.09938	0.01118	0.50620	0.02040	0.02361	0.00322	0.07136	0.08581	0.00344	0.05621	0.00470	0.01520	0.00020
18	0.90678	0.02739	0.00999	0.00549	0.00513	0.01277	0.00901	0.00584	0.00025	0.00638	0.00021	0.00024	0.00016	0.00013	9.4e-05	4.4e-05	0.00514	8.1e-05	0.00470	0.00016
19	0.00020	0.00015	0.00756	0.00649	0.00021	0.00014	0.00435	0.00024	0.00535	0.00622	0.27440	0.05817	0.41791	0.18636	0.01003	6.7e-05	0.00979	0.00476	0.00750	0.00012
20	0.03596	0.12110	0.18277	0.05065	0.12329	0.06119	0.04002	0.02271	0.14006	0.05019	0.01125	0.01105	0.01147	0.00476	0.00977	4.5e-05	0.03884	0.00692	0.00264	0.07533
21	0.05778	0.00451	0.06114	0.00448	0.00730	0.49976	0.02251	0.02392	0.09938	0.02497	0.00335	0.00307	0.00585	0.00950	0.11957	0.00598	0.03159	0.00266	0.00703	0.00566

[dist]
# distance from previous block
# <min> <max>
0	1

[block]
# block no. 13 follows, 2403 sequences, length 20
# corresponding to MSA columns:
# 1483-1495,1505-1507,1515,1517,1518,1522
name=unknown_N
#
# <colnr> <probs for GDERKNQSTAVLIFYWHMCP>
#	G	D	E	R	K	N	Q	S	T	A	V	L	I	F	Y	W	H	M	C	P
0	0.10364	0.00024	0.00029	0.00024	0.00033	0.00023	0.00019	0.05555	0.05587	0.53244	0.22606	0.00061	0.00746	0.00020	0.00015	4.5e-05	0.00011	0.00806	0.00809	0.00021
1	0.00021	0.00015	0.00019	0.00018	0.00022	0.00014	0.00014	0.00027	0.00984	0.00995	0.84782	0.01869	0.08935	0.00030	0.00017	4.6e-05	7e-05	0.00760	0.01454	0.00014
2	0.01660	0.00025	0.00033	0.00026	0.00037	0.00022	0.00021	0.03627	0.00042	0.92704	0.00055	0.00048	0.00035	0.00018	0.00014	4.4e-05	0.00012	0.00014	0.01578	0.00024
