[name]
unknown

[dist]
# distance from previous block
# <min> <max>
0	101

[block]
# block no. 0 follows, 2697 sequences, length 16
# corresponding to MSA columns:
# 104-119
name=unknown_A
#
# <colnr> <probs for GDERKNQSTAVLIFYWHMCP>
#	G	D	E	R	K	N	Q	S	T	A	V	L	I	F	Y	W	H	M	C	P
0	0.00727	0.00023	0.01984	0.26097	0.05225	0.00593	0.01257	0.08665	0.09777	0.08380	0.04627	0.00846	0.05504	0.00488	0.00558	4.7e-05	0.00439	0.24272	0.00010	0.00523
1	0.00505	0.00663	0.00035	0.01891	0.39159	0.00546	0.01104	0.13535	0.06679	0.00515	0.04791	0.09690	0.15742	0.00627	0.00391	4.2e-05	0.00012	0.01651	0.01709	0.00751
2	0.73859	0.00024	0.00524	0.00019	0.00963	0.00027	0.00567	0.02865	0.00781	0.13640	0.00523	0.00593	0.00020	0.00924	0.00576	4.2e-05	0.00011	0.03450	0.00613	0.00015
3	0.00017	0.00012	0.00015	0.00016	0.00019	0.00011	0.00011	0.00020	0.00972	0.01540	0.12004	0.46221	0.35692	0.01680	0.00017	4.9e-05	7.2e-05	0.01718	0.00012	0.00011
4	0.00016	0.00012	0.00015	0.00016	0.00018	0.00011	0.00011	0.00020	0.00028	0.00037	0.19621	0.41544	0.30100	0.05735	0.00019	5.2e-05	7.3e-05	0.02761	0.00012	0.00011
5	0.71339	0.00024	0.00021	0.00018	0.00026	0.00026	0.00015	0.01112	0.02819	0.15847	0.02171	0.02693	0.00024	0.00015	9.7e-05	4.1e-05	0.00010	0.03801	9.8e-05	0.00015
6	0.00029	0.00029	0.05183	0.34797	0.38980	0.00558	0.05911	0.00040	0.09640	0.00635	0.00592	0.00571	0.00958	0.00013	0.00013	4.1e-05	0.01481	0.00012	0.00536	0.00018
7	0.00032	0.00031	0.00052	0.00077	0.96310	0.03190	0.00039	0.00040	0.00029	0.00042	0.00024	0.00032	0.00020	0.00011	0.00013	3.8e-05	0.00016	0.00011	6.4e-05	0.00020
8	0.00019	0.00014	0.00610	0.01289	0.00021	0.00012	0.00013	0.00757	0.00626	0.03349	0.32686	0.30217	0.23669	0.00031	0.00015	4.5e-05	0.00633	0.02899	0.03125	0.00012
9	0.95341	0.00025	0.00021	0.00018	0.00026	0.00029	0.02111	0.02230	0.00023	0.00058	0.00018	0.00021	0.00014	0.00012	8.2e-05	4e-05	0.00010	7.2e-05	8e-05	0.00014
10	0.00022	0.00017	0.00023	0.00025	0.00028	0.01914	0.01281	0.01923	0.00030	0.00039	0.00064	0.00136	0.00070	0.00034	0.00018	5.8e-05	0.02673	0.91674	0.00012	0.00012
11	0.00033	0.00028	0.00029	0.00026	0.00033	0.00032	0.00020	0.07981	0.86003	0.01343	0.00052	0.00050	0.01825	0.00018	0.00013	4.3e-05	0.00010	0.02464	0.00013	0.00020
12	0.00742	0.00029	0.00055	0.38199	0.00070	0.00753	0.46032	0.04660	0.00788	0.06492	0.00027	0.00035	0.00020	0.00012	0.00014	4.3e-05	0.01108	0.00013	0.00931	0.00017
13	0.00513	0.00014	0.00972	0.00850	0.00844	0.00013	0.00012	0.01808	0.00611	0.00537	0.35638	0.13141	0.41756	0.01973	0.00595	4.6e-05	7.3e-05	0.00687	0.00012	0.00012
14	0.00019	0.00013	0.00015	0.01090	0.00016	0.00013	9e-05	0.00019	0.00019	0.00026	0.01209	0.00078	0.02397	0.79389	0.06673	0.08969	0.00014	0.00018	7.7e-05	8e-05
15	0.05056	0.29241	0.00983	0.00513	0.01875	0.12443	0.01689	0.03472	0.24674	0.06339	0.00763	0.06868	0.01910	0.00852	0.01168	4e-05	0.00373	0.01346	0.00417	0.00017

[dist]
# distance from previous block
# <min> <max>
0	2

[block]
# block no. 1 follows, 2697 sequences, length 22
# corresponding to MSA columns:
# 122-124,128-146
name=unknown_B
#
# <colnr> <probs for GDERKNQSTAVLIFYWHMCP>
#	G	D	E	R	K	N	Q	S	T	A	V	L	I	F	Y	W	H	M	C	P
0	0.01030	0.30983	0.16150	0.00585	0.07360	0.20382	0.03183	0.05876	0.03605	0.07908	0.00473	0.00810	0.00382	0.00348	0.00361	3.6e-05	0.00524	9.7e-05	7.5e-05	0.00018
1	0.86808	0.01506	0.00680	0.02137	0.00759	0.07176	0.00016	0.00039	0.00023	0.00737	0.00018	0.00022	0.00014	0.00012	8.4e-05	3.9e-05	0.00011	7.2e-05	7.8e-05	0.00014
2	0.00325	0.04281	0.20011	0.14348	0.10755	0.05972	0.03282	0.02065	0.06528	0.04898	0.17242	0.01821	0.04506	0.01210	0.00356	4.2e-05	0.02080	0.00291	8.8e-05	0.00016
3	0.00030	0.00453	0.00028	0.05096	0.02367	0.00682	0.02058	0.20689	0.00726	0.09982	0.18623	0.22195	0.01137	0.02882	0.00018	4.7e-05	0.08695	0.03697	0.00623	0.00015
4	0.00018	0.00014	0.00017	0.00617	0.00020	0.00013	0.00704	0.00437	0.03715	0.00043	0.46390	0.02314	0.42266	0.00422	0.00440	0.00479	0.00950	0.00698	0.00431	0.00012
5	0.00029	0.00023	0.00027	0.00020	0.00031	0.00018	0.00016	0.03848	0.00029	0.04911	0.01245	0.00028	0.00021	0.00010	9.9e-05	2.1e-05	9.7e-05	8.2e-05	8.3e-05	0.89707
6	0.00019	0.00013	0.00017	0.00016	0.00019	0.00012	0.00012	0.00024	0.00035	0.01235	0.87240	0.03795	0.03365	0.00026	0.00015	4e-05	6.2e-05	0.00023	0.04111	0.00012
7	0.00033	0.00028	0.00030	0.00026	0.00034	0.00032	0.00021	0.04905	0.94608	0.00055	0.00051	0.00047	0.00038	0.00017	0.00013	4.3e-05	0.00010	0.00014	0.00013	0.00020
8	0.00019	0.00013	0.00017	0.00016	0.00019	0.00012	0.00012	0.00024	0.00035	0.01636	0.84088	0.07296	0.05301	0.00028	0.00015	4.2e-05	6.3e-05	0.01432	0.00014	0.00012
9	0.00016	0.00013	0.00015	0.00015	0.00018	0.00011	0.00011	0.00020	0.00030	0.00039	0.30665	0.24726	0.44310	0.00033	0.00015	4.5e-05	6.6e-05	0.00028	0.00013	0.00011
10	0.00029	0.07211	0.47989	0.05580	0.14948	0.00031	0.13227	0.01302	0.00028	0.02764	0.00967	0.02027	0.00455	0.00013	0.00014	4.1e-05	0.03375	0.00011	6.4e-05	0.00018
11	0.00673	0.00017	0.00022	0.00019	0.00025	0.00015	0.00015	0.01237	0.01224	0.36885	0.36239	0.08979	0.07571	0.01341	0.00015	4.3e-05	8.6e-05	0.05072	0.00621	0.00016
12	0.27339	0.13489	0.22441	0.00516	0.05189	0.01417	0.03518	0.06596	0.08694	0.04062	0.00970	0.01827	0.00333	0.00014	0.00327	3.9e-05	0.00634	0.00298	0.00280	0.02050
13	0.05564	0.06108	0.04269	0.00024	0.03598	0.08289	0.01324	0.03101	0.04097	0.05566	0.01682	0.00029	0.00022	0.00011	0.00011	2.7e-05	0.00584	8.9e-05	8.2e-05	0.55701
14	0.00579	0.00043	0.00428	0.00026	0.00032	0.60612	0.00393	0.01269	0.01076	0.01293	0.03195	0.02545	0.00496	0.00015	0.00012	3.4e-05	0.01156	0.01474	0.25338	0.00014
15	0.00023	0.00020	0.00619	0.22360	0.01398	0.00020	0.13989	0.00561	0.04373	0.00985	0.40460	0.01608	0.05015	0.03697	0.02509	0.00518	0.01067	0.00340	0.00010	0.00427
16	0.00018	0.00013	0.00017	0.00016	0.00019	0.00012	0.00012	0.00024	0.00035	0.00049	0.87247	0.01269	0.09980	0.01215	0.00016	4.2e-05	6.2e-05	0.00024	0.00014	0.00012
17	0.00026	0.00020	0.00023	0.00021	0.00027	0.00022	0.00016	0.05484	0.41191	0.03317	0.27142	0.15306	0.05467	0.00620	0.00015	4.4e-05	8.7e-05	0.01259	0.00013	0.00016
18	0.05301	0.02170	0.01118	0.03620	0.03793	0.01163	0.64666	0.02600	0.00031	0.11460	0.00396	0.00422	0.00021	0.00013	0.00015	0.01155	0.01206	0.00513	0.00321	0.00017
19	0.00022	0.00351	0.00338	0.02458	0.15829	0.01563	0.05711	0.00646	0.01940	0.00837	0.35743	0.03950	0.21433	0.01137	0.00017	4.3e-05	0.06047	0.00414	0.01545	0.00014
20	0.00029	0.00027	0.00046	0.23983	0.67344	0.00029	0.00036	0.00036	0.00028	0.00039	0.00029	0.03151	0.03185	0.01202	0.00014	4.1e-05	0.00781	0.00013	6.6e-05	0.00018
21	0.00565	0.03695	0.03283	0.01356	0.02945	0.06813	0.00370	0.06772	0.70672	0.00410	0.00651	0.01193	0.00602	0.00017	0.00013	4.2e-05	0.00594	0.00014	0.00012	0.00019

[dist]
# distance from previous block
# <min> <max>
1	15

[block]
# block no. 2 follows, 2697 sequences, length 13
# corresponding to MSA columns:
# 163,165-168,170-177
name=unknown_C
#
# <colnr> <probs for GDERKNQSTAVLIFYWHMCP>
#	G	D	E	R	K	N	Q	S	T	A	V	L	I	F	Y	W	H	M	C	P
0	0.07647	0.14341	0.58716	0.00768	0.00959	0.02488	0.02923	0.03184	0.01287	0.05186	0.00624	0.00644	0.01153	0.00013	0.00012	3.9e-05	0.00017	9.8e-05	6.7e-05	0.00018
1	0.00624	0.00773	0.06856	0.08619	0.23327	0.13625	0.01060	0.05955	0.25714	0.01112	0.06433	0.00817	0.01758	0.00015	0.00013	4e-05	0.01856	0.00013	9.1e-05	0.01416
2	0.06865	0.69331	0.03262	0.01250	0.00034	0.11821	0.00023	0.00039	0.00027	0.01114	0.00019	0.00023	0.00017	0.01337	0.00858	3.3e-05	0.03061	7.6e-05	0.00892	0.00016
3	0.83927	0.00026	0.00023	0.01076	0.08319	0.01241	0.01420	0.01365	0.00023	0.00055	0.00020	0.01411	0.00016	0.00013	8.8e-05	4e-05	0.00011	0.01019	7.9e-05	0.00015
4	0.00019	0.00017	0.06841	0.00022	0.00025	0.00017	0.00018	0.00024	0.00021	0.00031	0.00034	0.00049	0.00031	0.00091	0.92676	0.00020	0.00033	0.00013	6.8e-05	0.00012
5	0.00512	0.09157	0.11332	0.06667	0.03626	0.14487	0.02951	0.19126	0.09804	0.03012	0.12103	0.00460	0.00906	0.00583	0.00988	4e-05	0.01125	0.00501	0.02224	0.00432
6	0.02897	0.00023	0.00030	0.06845	0.00036	0.00021	0.00020	0.04821	0.00037	0.83472	0.01631	0.00043	0.00031	0.00016	0.00013	4e-05	0.00011	0.00013	0.00015	0.00021
7	0.00018	0.00013	0.00016	0.00016	0.00019	0.00012	0.00012	0.00909	0.02093	0.01491	0.48103	0.19364	0.24625	0.00915	0.01443	4.7e-05	7.2e-05	0.00912	0.00013	0.00012
8	0.00029	0.00031	0.00065	0.01088	0.01442	0.00029	0.80016	0.00039	0.02516	0.01093	0.07373	0.01492	0.04694	0.00014	0.00015	4.3e-05	0.00019	0.00016	7.6e-05	0.00017
9	0.00018	0.00013	0.00016	0.00016	0.00019	0.00012	0.00012	0.00022	0.00031	0.01924	0.46365	0.32308	0.14485	0.01187	0.00016	4.6e-05	6.9e-05	0.02356	0.01177	0.00012
10	0.57883	0.00025	0.00023	0.00020	0.00028	0.00028	0.00016	0.04079	0.19481	0.16716	0.01568	0.00032	0.00024	0.00014	0.00010	4e-05	0.00010	9.9e-05	0.00011	0.00017
11	0.00918	0.00018	0.00022	0.00020	0.00024	0.00019	0.00624	0.07097	0.12397	0.09613	0.06800	0.02769	0.03299	0.30364	0.22504	0.00011	0.01108	0.00679	0.01699	0.00014
12	0.61804	0.05519	0.12871	0.00571	0.01887	0.00486	0.02227	0.01055	0.00561	0.01774	0.04839	0.00554	0.00973	0.02240	0.00533	4.2e-05	0.00465	0.00478	8e-05	0.01151

[dist]
# distance from previous block
# <min> <max>
4	22

[block]
# block no. 3 follows, 2697 sequences, length 11
# corresponding to MSA columns:
# 215-221,241-244
name=unknown_D
#
# <colnr> <probs for GDERKNQSTAVLIFYWHMCP>
#	G	D	E	R	K	N	Q	S	T	A	V	L	I	F	Y	W	H	M	C	P
0	0.00025	0.00018	0.00773	0.00764	0.00745	0.00018	0.01134	0.06600	0.14772	0.08011	0.44418	0.11742	0.07236	0.01260	0.00015	4.3e-05	8.4e-05	0.01646	0.00013	0.00797
1	0.01009	0.00886	0.00036	0.01387	0.04170	0.38355	0.00024	0.14982	0.27254	0.05236	0.01130	0.01204	0.01763	0.00017	0.00014	4.3e-05	0.00017	0.00013	0.00011	0.02488
2	0.00032	0.00031	0.00967	0.04576	0.78596	0.02754	0.03116	0.01731	0.00030	0.02734	0.00026	0.01102	0.00022	0.00013	0.00014	3.9e-05	0.02597	0.01630	6.8e-05	0.00019
3	0.01180	0.02119	0.00030	0.00021	0.00032	0.00020	0.02969	0.03341	0.01056	0.22447	0.01368	0.00032	0.00024	0.00012	0.00011	2.6e-05	0.00010	9.5e-05	0.01057	0.64259
4	0.00570	0.01090	0.26536	0.01266	0.01638	0.01248	0.14770	0.01889	0.02050	0.06885	0.06683	0.14381	0.02645	0.00585	0.05221	5.4e-05	0.00611	0.11903	9.2e-05	0.00016
5	0.02345	0.00024	0.01427	0.23321	0.19053	0.00025	0.03282	0.04332	0.05422	0.22356	0.04508	0.03192	0.07495	0.00017	0.00014	4.2e-05	0.01058	0.02099	0.00010	0.00017
6	0.81832	0.01734	0.01582	0.00021	0.03512	0.03334	0.01867	0.01718	0.01028	0.01154	0.00957	0.00023	0.00016	0.00012	8.7e-05	3.9e-05	0.00011	7.8e-05	0.01163	0.00015
7	0.00028	0.02609	0.00707	0.02500	0.02860	0.01561	0.14112	0.00825	0.01389	0.01857	0.03599	0.00835	0.03604	0.03115	0.02963	5.7e-05	0.57395	0.00013	6.8e-05	0.00015
8	0.00023	0.01636	0.00018	0.00018	0.02112	0.00015	0.00737	0.00025	0.01105	0.08192	0.04116	0.06631	0.00825	0.64404	0.06357	0.00011	0.00770	0.01039	0.01958	0.00010
9	0.01246	0.03291	0.06194	0.03650	0.16533	0.01798	0.01169	0.03824	0.02040	0.52311	0.03274	0.01105	0.01636	0.00015	0.00013	3.9e-05	0.00013	0.00013	0.00012	0.01859
10	0.01039	0.00890	0.03893	0.03431	0.65765	0.02530	0.05329	0.01810	0.01757	0.06464	0.03678	0.00038	0.03291	0.00013	0.00013	3.9e-05	0.00015	0.00012	7.6e-05	0.00019

[dist]
# distance from previous block
# <min> <max>
2	28

[block]
# block no. 4 follows, 2697 sequences, length 9
# corresponding to MSA columns:
# 319,321,322,324-329
name=unknown_E
#
# <colnr> <probs for GDERKNQSTAVLIFYWHMCP>
#	G	D	E	R	K	N	Q	S	T	A	V	L	I	F	Y	W	H	M	C	P
0	0.02270	0.00022	0.00027	0.00858	0.00031	0.01491	0.00017	0.02223	0.01439	0.38561	0.03551	0.03100	0.00899	0.01068	0.02130	3.6e-05	0.00011	0.00828	0.01052	0.40420
1	0.37407	0.01478	0.00034	0.09426	0.32956	0.00028	0.02433	0.00769	0.01954	0.01482	0.02656	0.00988	0.00789	0.02664	0.01430	4.4e-05	0.00680	0.01218	0.00898	0.00704
2	0.00747	0.03065	0.04219	0.57320	0.12933	0.01512	0.01208	0.03338	0.02524	0.03635	0.01079	0.00898	0.00022	0.01164	0.01757	4.5e-05	0.00976	0.00978	0.02607	0.00016
3	0.20207	0.00611	0.01117	0.02247	0.08782	0.01088	0.00947	0.01086	0.05332	0.01963	0.04471	0.02463	0.04130	0.18147	0.09819	0.00655	0.11980	0.04338	0.00604	0.00013
4	0.00018	0.00013	0.00018	0.00019	0.00949	0.00013	0.01900	0.01133	0.01698	0.00973	0.19281	0.54162	0.13667	0.01435	0.01288	5.1e-05	0.00963	0.02441	0.00012	0.00011
5	0.01267	0.00023	0.02039	0.25368	0.21806	0.01185	0.01373	0.01166	0.01681	0.09942	0.08633	0.01309	0.01688	0.02938	0.00021	0.15480	0.01326	0.01962	0.00778	0.00015
6	0.05566	0.00064	0.93950	0.00036	0.00054	0.00030	0.00046	0.00041	0.00027	0.00042	0.00023	0.00027	0.00016	0.00012	0.00012	4.1e-05	0.00018	9.3e-05	5.6e-05	0.00019
7	0.00019	0.00013	0.00016	0.00015	0.00016	0.00013	9.7e-05	0.02764	0.00022	0.00030	0.06038	0.09358	0.07328	0.68515	0.01350	0.01248	0.01517	0.01710	9e-05	9.1e-05
8	0.00781	0.01480	0.00836	0.72804	0.09174	0.01258	0.01305	0.01072	0.01171	0.02571	0.00839	0.00947	0.00699	0.00014	0.00013	0.00965	0.01188	0.00636	0.00629	0.01616

[dist]
# distance from previous block
# <min> <max>
4	29

[block]
# block no. 5 follows, 2697 sequences, length 8
# corresponding to MSA columns:
# 361-366,368,369
name=unknown_F
#
# <colnr> <probs for GDERKNQSTAVLIFYWHMCP>
#	G	D	E	R	K	N	Q	S	T	A	V	L	I	F	Y	W	H	M	C	P
0	0.00021	0.00015	0.00019	0.02573	0.00023	0.00015	0.00014	0.03603	0.00025	0.04135	0.05334	0.17912	0.10291	0.14111	0.35582	0.01010	0.01129	0.01647	0.01053	0.01487
1	0.00875	0.05064	0.31331	0.00866	0.12902	0.05870	0.06573	0.09906	0.10954	0.06545	0.01507	0.01202	0.00853	0.01103	0.00758	4.1e-05	0.00849	0.00012	8.3e-05	0.02818
2	0.02775	0.03537	0.02425	0.01661	0.01893	0.04210	0.00959	0.00966	0.01363	0.11225	0.43735	0.09891	0.07158	0.00023	0.00014	3.9e-05	9.1e-05	0.00020	0.01315	0.06818
3	0.83040	0.00027	0.02128	0.00020	0.02596	0.03098	0.00016	0.02215	0.00024	0.06708	0.00021	0.00023	0.00016	0.00012	8.7e-05	3.9e-05	0.00011	7.7e-05	8.5e-05	0.00015
4	0.06687	0.16382	0.06662	0.00035	0.04193	0.04874	0.25425	0.11057	0.02481	0.15404	0.01164	0.00960	0.00024	0.00014	0.00929	4.1e-05	0.02046	0.01630	8.9e-05	0.00018
5	0.00028	0.05494	0.50009	0.00885	0.03593	0.01609	0.03671	0.07603	0.06010	0.02496	0.07481	0.04615	0.02245	0.00834	0.00919	0.00774	0.00755	0.00013	8e-05	0.00958
6	0.00017	0.00013	0.00015	0.00016	0.00019	0.00012	0.00011	0.00021	0.01812	0.00037	0.16330	0.29378	0.42735	0.04954	0.00018	4.9e-05	7.2e-05	0.01830	0.00012	0.02760
7	0.11705	0.05422	0.03582	0.04954	0.21615	0.04414	0.02218	0.13316	0.21681	0.03945	0.00958	0.01794	0.01281	0.00015	0.00012	3.9e-05	0.00013	0.00012	0.00887	0.02172

[dist]
# distance from previous block
# <min> <max>
3	4

[block]
# block no. 6 follows, 2697 sequences, length 29
# corresponding to MSA columns:
# 375,378-405
name=unknown_G
#
# <colnr> <probs for GDERKNQSTAVLIFYWHMCP>
#	G	D	E	R	K	N	Q	S	T	A	V	L	I	F	Y	W	H	M	C	P
0	0.00019	0.00012	0.00014	0.00014	0.00014	0.00012	8.1e-05	0.00019	0.00019	0.00025	0.00042	0.03538	0.01112	0.92930	0.02160	0.00012	0.00013	0.00019	8e-05	8e-05
1	0.00685	0.01932	0.24190	0.01803	0.06921	0.03932	0.06823	0.07700	0.05396	0.28451	0.07009	0.00733	0.01403	0.01596	0.00014	4.1e-05	0.00014	0.00375	0.00010	0.01008
2	0.03974	0.09584	0.22328	0.00308	0.02973	0.01546	0.00802	0.03028	0.02150	0.30054	0.13777	0.00488	0.01384	0.00016	0.00012	3.7e-05	0.00013	0.00013	0.00285	0.07261
3	0.79967	0.00686	0.00019	0.00017	0.00609	0.00476	0.00014	0.00601	0.01725	0.00560	0.10264	0.00034	0.03977	0.00333	0.00354	4.1e-05	9.6e-05	9.7e-05	0.00326	0.00014
4	0.00853	0.28249	0.15765	0.02410	0.10589	0.01204	0.31238	0.01356	0.02199	0.02339	0.01347	0.00332	0.00403	0.00012	0.00012	3.8e-05	0.00017	0.01355	6.7e-05	0.00309
5	0.00259	0.00021	0.01013	0.06034	0.34780	0.00247	0.01644	0.00658	0.02311	0.01897	0.08225	0.13273	0.07888	0.11122	0.07682	0.00268	0.00949	0.01706	8.8e-05	0.00015
6	0.00018	0.00013	0.00017	0.00016	0.00019	0.00012	0.00012	0.00024	0.00035	0.00919	0.84134	0.02489	0.12191	0.00027	0.00015	4.1e-05	6.2e-05	0.00024	0.00014	0.00012
7	0.00035	0.95251	0.00066	0.00023	0.01044	0.02434	0.00022	0.00039	0.00934	0.00031	0.00018	0.00021	0.00017	0.00011	8.4e-05	2.8e-05	0.00014	7e-05	5.6e-05	0.00017
8	0.00020	0.00014	0.00018	0.00016	0.00020	0.00013	0.00012	0.00026	0.01333	0.05132	0.83380	0.00836	0.09079	0.00026	0.00015	4.1e-05	6.4e-05	0.00023	0.00014	0.00013
9	0.00386	0.00026	0.00338	0.02824	0.00775	0.00029	0.05511	0.08451	0.62603	0.03314	0.08326	0.00526	0.06083	0.00018	0.00013	4.3e-05	0.00011	0.00016	0.00727	0.00019
10	0.87621	0.00025	0.00020	0.00018	0.00026	0.00028	0.00015	0.02423	0.00024	0.09673	0.00021	0.00023	0.00016	0.00012	8.5e-05	4e-05	0.00010	7.6e-05	8.8e-05	0.00015
11	0.00027	0.00287	0.00423	0.01441	0.05498	0.01434	0.03343	0.00389	0.49344	0.00265	0.15828	0.01433	0.17083	0.00467	0.00591	0.00617	0.01212	0.00290	0.00012	0.00017
12	0.01081	0.00033	0.00036	0.00028	0.00038	0.00037	0.00023	0.70833	0.26331	0.01369	0.00037	0.00035	0.00026	0.00016	0.00013	4e-05	0.00013	0.00012	0.00013	0.00021
13	0.00029	0.00027	0.00045	0.06360	0.73688	0.00027	0.02156	0.00036	0.00824	0.00040	0.01045	0.01003	0.14634	0.00015	0.00013	4e-05	0.00014	0.00014	7.3e-05	0.00018
14	0.96944	0.00025	0.00019	0.00017	0.00025	0.00029	0.00014	0.01457	0.00023	0.01329	0.00018	0.00021	0.00014	0.00012	8.1e-05	4e-05	0.00010	7.1e-05	8.1e-05	0.00014
15	0.00031	0.00030	0.00050	0.06223	0.84097	0.00031	0.00038	0.00038	0.00028	0.00040	0.00023	0.00032	0.00020	0.00013	0.00015	4e-05	0.09250	0.00011	6.2e-05	0.00019
16	0.99639	0.00025	0.00019	0.00017	0.00025	0.00029	0.00014	0.00038	0.00022	0.00058	0.00018	0.00021	0.00014	0.00012	7.9e-05	4e-05	9.9e-05	7e-05	7.9e-05	0.00014
17	0.00020	0.00014	0.00016	0.00016	0.00017	0.00600	9.9e-05	0.00022	0.05797	0.00028	0.00623	0.00077	0.00045	0.78109	0.13943	0.00013	0.00015	0.00620	8e-05	9.1e-05
18	0.00503	0.00029	0.01019	0.00035	0.00046	0.01052	0.37490	0.06372	0.02248	0.50500	0.00039	0.00039	0.00026	0.00014	0.00014	4.1e-05	0.00015	0.00014	0.00522	0.00020
19	0.97528	0.00025	0.00019	0.00017	0.00025	0.00029	0.00014	0.02145	0.00023	0.00058	0.00018	0.00021	0.00014	0.00012	8.1e-05	4e-05	0.00010	7.1e-05	8.1e-05	0.00014
20	0.08502	0.00023	0.00025	0.00022	0.00028	0.05540	0.00017	0.02395	0.23054	0.22425	0.32951	0.00365	0.00464	0.00020	0.00013	4.1e-05	0.00393	0.01792	0.00350	0.01619
21	0.00463	0.00014	0.00017	0.00017	0.00021	0.00013	0.00477	0.00022	0.00481	0.00039	0.16932	0.00775	0.50195	0.00032	0.00016	4.8e-05	0.00614	0.29843	0.00012	0.00011
22	0.00031	0.00030	0.00680	0.03832	0.90637	0.00030	0.00038	0.00039	0.00669	0.00042	0.01722	0.00033	0.00022	0.00012	0.00013	3.9e-05	0.02127	0.00012	6.5e-05	0.00020
23	0.00025	0.00023	0.00039	0.91543	0.05803	0.00028	0.00035	0.00033	0.00026	0.00033	0.00023	0.01384	0.00018	0.00013	0.00013	4.3e-05	0.00922	0.00012	5.8e-05	0.00015
24	0.00026	0.03249	0.00031	0.00026	0.00027	0.02363	0.00021	0.00026	0.00019	0.00028	0.00021	0.00858	0.00021	0.02496	0.07495	0.31987	0.51277	0.00012	5.8e-05	0.00011
25	0.40563	0.00044	0.00030	0.00659	0.01315	0.52011	0.00021	0.00976	0.00030	0.00043	0.00019	0.00023	0.00016	0.00013	0.00011	3.7e-05	0.04193	8e-05	7.2e-05	0.00015
26	0.00789	0.00018	0.00029	0.00024	0.00027	0.00633	0.20748	0.00026	0.00022	0.04849	0.00038	0.00913	0.00040	0.67384	0.01249	0.00010	0.02054	0.01130	7.9e-05	0.00011
27	0.19756	0.00407	0.00036	0.19489	0.06544	0.01190	0.04282	0.26985	0.00449	0.08991	0.00026	0.00031	0.00019	0.00015	0.00015	4.2e-05	0.11723	0.00011	9.1e-05	0.00017
28	0.37672	0.00025	0.00029	0.32703	0.00049	0.00029	0.01249	0.08292	0.12446	0.00967	0.00460	0.00362	0.00990	0.00014	0.00011	4.2e-05	0.00547	0.03072	0.01063	0.00015

[dist]
# distance from previous block
# <min> <max>
0	1

[block]
# block no. 7 follows, 2697 sequences, length 7
# corresponding to MSA columns:
# 407-409,412-415
name=unknown_H
#
# <colnr> <probs for GDERKNQSTAVLIFYWHMCP>
#	G	D	E	R	K	N	Q	S	T	A	V	L	I	F	Y	W	H	M	C	P
0	0.41383	0.00025	0.00034	0.00028	0.01208	0.02178	0.24037	0.01197	0.02322	0.02297	0.04939	0.12910	0.01751	0.00019	0.02341	4.7e-05	0.01682	0.01620	8.8e-05	0.00015
1	0.10998	0.13211	0.02505	0.22927	0.02227	0.01246	0.01291	0.03842	0.04934	0.01327	0.00024	0.00030	0.00020	0.00012	0.00011	3.3e-05	0.01341	0.01043	0.01406	0.31600
2	0.01144	0.01042	0.05040	0.06000	0.04587	0.03720	0.00986	0.01835	0.01914	0.48805	0.01008	0.01087	0.00039	0.00997	0.00015	0.00968	0.00013	0.20770	0.00012	0.00018
3	0.07739	0.00031	0.02413	0.00028	0.02552	0.00033	0.00022	0.36850	0.39347	0.10786	0.00040	0.00038	0.00029	0.00016	0.00013	4.1e-05	0.00012	0.00012	0.00013	0.00021
4	0.00028	0.00028	0.00039	0.07332	0.00038	0.00039	0.00029	0.00031	0.00020	0.00031	0.00017	0.00029	0.00017	0.00022	0.00040	5.5e-05	0.92225	0.00011	5.6e-05	0.00014
5	0.99639	0.00025	0.00019	0.00017	0.00025	0.00029	0.00014	0.00038	0.00022	0.00058	0.00018	0.00021	0.00014	0.00012	7.9e-05	4e-05	9.9e-05	7e-05	7.9e-05	0.00014
6	0.04816	0.00036	0.00034	0.00028	0.00036	0.25388	0.04388	0.31481	0.09775	0.11050	0.12802	0.00040	0.00036	0.00016	0.00013	3.8e-05	0.00015	0.00013	0.00011	0.00018

[dist]
# distance from previous block
# <min> <max>
0	4

[block]
# block no. 8 follows, 2697 sequences, length 10
# corresponding to MSA columns:
# 420-427,430,431
name=unknown_I
#
# <colnr> <probs for GDERKNQSTAVLIFYWHMCP>
#	G	D	E	R	K	N	Q	S	T	A	V	L	I	F	Y	W	H	M	C	P
0	0.01563	0.01823	0.02564	0.17261	0.31956	0.00976	0.02558	0.00034	0.00629	0.03694	0.06983	0.05865	0.03798	0.00023	0.06232	5.2e-05	0.01924	0.07101	0.00650	0.04363
1	0.00032	0.00025	0.00027	0.02425	0.01600	0.08099	0.00018	0.22961	0.01942	0.06129	0.06757	0.00920	0.04129	0.13291	0.17975	0.00773	0.01656	0.00764	0.00812	0.09665
2	0.00836	0.00028	0.01931	0.00957	0.02110	0.00840	0.01889	0.00032	0.00952	0.01588	0.02402	0.01960	0.01972	0.00023	0.00873	5.5e-05	0.81569	0.00012	6.4e-05	0.00014
3	0.00026	0.00025	0.00039	0.89283	0.02111	0.04161	0.02037	0.00034	0.00026	0.00033	0.00023	0.00034	0.00017	0.00013	0.00013	4.3e-05	0.02089	0.00011	5.8e-05	0.00014
4	0.01498	0.01014	0.02651	0.22487	0.08238	0.00026	0.06785	0.07082	0.01710	0.13217	0.11012	0.03447	0.01369	0.02885	0.03373	5.1e-05	0.12046	0.01129	9.2e-05	0.00016
5	0.01977	0.00024	0.00031	0.02026	0.00034	0.01158	0.09275	0.01036	0.10502	0.10834	0.06250	0.04976	0.03109	0.00015	0.00013	3.3e-05	0.04703	0.00823	9.7e-05	0.43201
6	0.92123	0.00025	0.00021	0.00018	0.00027	0.00029	0.03606	0.00039	0.00023	0.03967	0.00019	0.00022	0.00015	0.00012	8.4e-05	4e-05	0.00010	7.5e-05	8.2e-05	0.00014
7	0.07005	0.00034	0.00036	0.00028	0.00038	0.00037	0.00023	0.80256	0.02574	0.09792	0.00032	0.00032	0.00023	0.00015	0.00013	3.9e-05	0.00013	0.00011	0.00013	0.00021
8	0.00989	0.00018	0.00020	0.03783	0.00026	0.03430	0.00016	0.04941	0.13218	0.00991	0.07964	0.14915	0.33632	0.00030	0.01058	4.8e-05	9.6e-05	0.14930	0.00012	0.00013
9	0.83346	0.00027	0.02756	0.00019	0.00028	0.00029	0.02877	0.04102	0.00025	0.06664	0.00021	0.00023	0.00016	0.00012	8.8e-05	4e-05	0.00011	7.8e-05	8.6e-05	0.00015

[dist]
# distance from previous block
# <min> <max>
3	8

[block]
# block no. 9 follows, 2697 sequences, length 39
# corresponding to MSA columns:
# 445-483
name=unknown_J
#
# <colnr> <probs for GDERKNQSTAVLIFYWHMCP>
#	G	D	E	R	K	N	Q	S	T	A	V	L	I	F	Y	W	H	M	C	P
0	0.57226	0.00032	0.00321	0.00840	0.00532	0.14463	0.02143	0.14271	0.00031	0.09376	0.00024	0.00026	0.00018	0.00013	9.9e-05	3.9e-05	0.00013	0.00632	9.2e-05	0.00016
1	0.00026	0.00025	0.01006	0.70675	0.23546	0.00029	0.00036	0.00035	0.00600	0.00035	0.00023	0.00033	0.00018	0.00013	0.00014	4.2e-05	0.03848	0.00011	5.9e-05	0.00016
2	0.00020	0.00015	0.00018	0.00017	0.00020	0.00014	0.00013	0.00972	0.08353	0.00051	0.80505	0.00093	0.07814	0.00026	0.00015	4.1e-05	6.6e-05	0.00515	0.00928	0.00604
3	0.00019	0.00013	0.00016	0.00350	0.01213	0.00345	9.7e-05	0.00020	0.00020	0.00421	0.01574	0.06934	0.01654	0.75726	0.01847	0.03101	0.00380	0.03521	8.3e-05	0.02828
4	0.00031	0.00029	0.00049	0.02498	0.83572	0.00029	0.00701	0.00038	0.00029	0.00042	0.00024	0.00607	0.00020	0.00011	0.00012	3.6e-05	0.00015	0.00011	6.5e-05	0.12271
5	0.84768	0.00029	0.00022	0.00500	0.00027	0.12291	0.00802	0.00831	0.00555	0.00054	0.00018	0.00022	0.00014	0.00012	8.5e-05	3.9e-05	0.00012	7.3e-05	7.8e-05	0.00014
6	0.00588	0.00028	0.00045	0.04956	0.67931	0.01228	0.02562	0.00039	0.06562	0.00262	0.01388	0.04620	0.00979	0.00529	0.00014	4.2e-05	0.01103	0.07137	7.6e-05	0.00018
7	0.01365	0.00650	0.00602	0.27221	0.56276	0.02859	0.00216	0.00538	0.02245	0.01175	0.00259	0.02539	0.01347	0.00013	0.00013	4e-05	0.01796	0.00528	6.7e-05	0.00347
8	0.02283	0.00015	0.00020	0.00834	0.00344	0.00014	0.00469	0.00400	0.00028	0.00569	0.00067	0.21923	0.00386	0.00035	0.00017	5.7e-05	0.00011	0.72556	0.00012	0.00012
9	0.00484	0.00024	0.00313	0.00022	0.00032	0.00020	0.00018	0.08688	0.03360	0.50373	0.00369	0.00038	0.00027	0.00423	0.00012	3.3e-05	0.00011	0.01063	0.00285	0.34434
10	0.97259	0.00025	0.00019	0.00017	0.00025	0.00029	0.00014	0.01520	0.00023	0.00952	0.00018	0.00021	0.00014	0.00012	8.1e-05	4e-05	0.00010	7.1e-05	8.1e-05	0.00014
11	0.00027	0.00027	0.00046	0.36708	0.03098	0.00034	0.16785	0.00034	0.00024	0.00034	0.00021	0.00032	0.00018	0.00017	0.00026	4.9e-05	0.43034	0.00012	5.8e-05	0.00015
12	0.00020	0.00015	0.00909	0.00305	0.00889	0.00015	0.00019	0.00026	0.01120	0.00397	0.00065	0.17201	0.00071	0.00039	0.06322	0.00437	0.00637	0.71488	0.00011	0.00012
13	0.99639	0.00025	0.00019	0.00017	0.00025	0.00029	0.00014	0.00038	0.00022	0.00058	0.00018	0.00021	0.00014	0.00012	7.9e-05	4e-05	9.9e-05	7e-05	7.9e-05	0.00014
14	0.19553	0.09890	0.00035	0.01135	0.00634	0.26117	0.03142	0.05700	0.00660	0.13310	0.05189	0.00192	0.00628	0.00909	0.00458	0.00188	0.08750	0.00599	0.02897	0.00016
15	0.00246	0.11615	0.32704	0.03055	0.08671	0.09637	0.01619	0.01673	0.03872	0.06903	0.17058	0.00041	0.00337	0.00016	0.01278	4e-05	0.01000	0.00012	0.00243	0.00017
16	0.00028	0.00028	0.00544	0.49229	0.12497	0.04492	0.13299	0.00599	0.13799	0.00303	0.00757	0.01755	0.00357	0.00589	0.00555	4.4e-05	0.00016	0.01127	7.3e-05	0.00016
17	0.00022	0.00017	0.00467	0.11429	0.01427	0.01085	0.02576	0.02584	0.04778	0.02585	0.63483	0.00080	0.06462	0.00023	0.00015	4.1e-05	0.01014	0.00349	0.01583	0.00013
18	0.00032	0.00028	0.00029	0.00026	0.00877	0.00032	0.00020	0.02840	0.94158	0.00054	0.00710	0.00048	0.00039	0.00017	0.00013	4.3e-05	0.00010	0.00014	0.01026	0.00020
19	0.00022	0.00018	0.00838	0.00020	0.00504	0.00906	0.02673	0.00564	0.22256	0.01807	0.45158	0.00634	0.21711	0.00025	0.00015	4.2e-05	8.1e-05	0.02810	0.00013	0.00014
20	0.00029	0.00032	0.01309	0.03072	0.04419	0.00030	0.78254	0.00387	0.00254	0.00409	0.00248	0.08397	0.00559	0.00014	0.00015	4.4e-05	0.00326	0.01538	7.1e-05	0.00697
21	0.05425	0.00055	0.00036	0.02492	0.01370	0.80545	0.00025	0.07156	0.00396	0.00330	0.00021	0.00024	0.00017	0.00013	0.00012	3.4e-05	0.01288	8.7e-05	0.00767	0.00015
22	0.00016	0.00012	0.00016	0.00018	0.00019	0.00011	0.00676	0.00983	0.00025	0.00034	0.02212	0.92116	0.03102	0.00039	0.00016	5.1e-05	7.6e-05	0.00669	0.00012	0.00011
23	0.00029	0.06322	0.45410	0.04647	0.13749	0.00508	0.05124	0.03761	0.12255	0.01124	0.03449	0.01721	0.00202	0.00319	0.00013	4e-05	0.00201	0.00272	7.4e-05	0.00884
24	0.00017	0.00013	0.00016	0.00015	0.00018	0.00012	0.00011	0.00022	0.00033	0.00044	0.58332	0.03429	0.37933	0.00029	0.00015	4.2e-05	6.3e-05	0.00025	0.00013	0.00012
25	0.00021	0.00398	0.01536	0.00784	0.00023	0.00016	0.01907	0.00027	0.00233	0.05125	0.68997	0.01672	0.07781	0.01629	0.00233	0.00476	0.08703	0.00411	0.00013	0.00013
26	0.02958	0.01868	0.01043	0.31183	0.31803	0.00598	0.07202	0.10381	0.00310	0.08295	0.00028	0.02026	0.00022	0.00469	0.00695	4.2e-05	0.00828	0.00262	7.8e-05	0.00018
27	0.00020	0.00015	0.00340	0.00017	0.00021	0.00287	0.00013	0.01431	0.06769	0.02559	0.67023	0.00830	0.19266	0.00980	0.00015	4.2e-05	6.8e-05	0.00377	0.00014	0.00013
28	0.00032	0.84755	0.00634	0.01643	0.00859	0.00767	0.00022	0.00426	0.00027	0.00031	0.02540	0.01343	0.03657	0.00647	0.00310	3.1e-05	0.00648	0.01633	6.2e-05	0.00016
29	0.00809	0.00737	0.05965	0.00369	0.04003	0.00627	0.00612	0.03472	0.09788	0.34631	0.16715	0.04474	0.01467	0.00018	0.00214	3.8e-05	0.00455	0.00447	0.00012	0.15182
30	0.00452	0.14738	0.74160	0.00370	0.01470	0.01586	0.00781	0.00456	0.00299	0.04316	0.00596	0.00027	0.00018	0.00012	0.00012	3.9e-05	0.00414	9.4e-05	6e-05	0.00273
31	0.00228	0.03467	0.01376	0.45897	0.20396	0.17368	0.01243	0.02040	0.00931	0.01146	0.00803	0.02574	0.00021	0.00014	0.00013	4e-05	0.01957	0.00499	6.6e-05	0.00016
32	0.24052	0.01595	0.01144	0.02047	0.03531	0.56971	0.04768	0.05118	0.00033	0.00041	0.00020	0.00024	0.00016	0.00013	0.00011	3.6e-05	0.00580	8.6e-05	7.2e-05	0.00015
33	0.00017	0.00012	0.00016	0.00018	0.00622	0.00011	0.00012	0.00799	0.00027	0.01137	0.18794	0.69390	0.04673	0.00715	0.02250	5.3e-05	8e-05	0.01022	0.00459	0.00011
34	0.00016	0.00012	0.00014	0.00016	0.00018	0.00011	0.00011	0.00019	0.00027	0.00035	0.05613	0.57285	0.34967	0.00037	0.00016	4.9e-05	7.1e-05	0.01869	0.00012	0.00011
35	0.00389	0.00012	0.00016	0.00018	0.00020	0.00012	0.00013	0.00366	0.00026	0.05854	0.05669	0.74619	0.01224	0.03170	0.00951	5.5e-05	8.3e-05	0.07604	0.00012	0.00011
36	0.00017	0.00013	0.00015	0.00015	0.00018	0.00012	0.00011	0.00022	0.00033	0.00044	0.54368	0.04887	0.40441	0.00029	0.00015	4.2e-05	6.3e-05	0.00025	0.00013	0.00012
37	0.00427	0.00031	0.02686	0.10854	0.77547	0.01238	0.01638	0.01575	0.00396	0.01482	0.00278	0.00278	0.00021	0.00012	0.00013	3.9e-05	0.00450	0.00212	0.00840	0.00019
38	0.99639	0.00025	0.00019	0.00017	0.00025	0.00029	0.00014	0.00038	0.00022	0.00058	0.00018	0.00021	0.00014	0.00012	7.9e-05	4e-05	9.9e-05	7e-05	7.9e-05	0.00014

[dist]
# distance from previous block
# <min> <max>
0	1

[block]
# block no. 10 follows, 2697 sequences, length 7
# corresponding to MSA columns:
# 485-491
name=unknown_K
#
# <colnr> <probs for GDERKNQSTAVLIFYWHMCP>
#	G	D	E	R	K	N	Q	S	T	A	V	L	I	F	Y	W	H	M	C	P
0	0.03704	0.00028	0.00031	0.00025	0.00034	0.07868	0.00020	0.22195	0.02125	0.58063	0.00042	0.00038	0.00027	0.00015	0.00012	3.8e-05	0.00012	0.00012	0.02393	0.03350
1	0.00018	0.00014	0.00017	0.00016	0.00019	0.00012	0.00012	0.00024	0.02934	0.00047	0.69406	0.03127	0.21318	0.00028	0.00015	4.2e-05	6.5e-05	0.02956	0.00013	0.00012
2	0.00028	0.00023	0.00027	0.00020	0.00031	0.00018	0.00016	0.04172	0.00029	0.03992	0.03668	0.00030	0.00023	0.00011	0.0001	2.1e-05	9.6e-05	8.6e-05	8.4e-05	0.87875
3	0.90131	0.04779	0.00022	0.00018	0.00026	0.00030	0.00015	0.04779	0.00024	0.00057	0.00018	0.00021	0.00014	0.00012	8.2e-05	3.9e-05	0.00010	7.2e-05	8.1e-05	0.00014
4	0.01111	0.00025	0.00031	0.07040	0.01426	0.01743	0.00021	0.18020	0.01458	0.35402	0.01690	0.00039	0.01170	0.02910	0.01794	4.2e-05	0.05723	0.00012	0.01226	0.19155
5	0.00034	0.01588	0.01497	0.08457	0.51122	0.08460	0.01657	0.07379	0.07102	0.03561	0.01926	0.00035	0.01687	0.00013	0.00013	3.8e-05	0.00015	0.00012	0.01321	0.04116
6	0.41318	0.06612	0.01346	0.01561	0.15930	0.24567	0.01848	0.01673	0.02345	0.00046	0.00021	0.00026	0.00017	0.00013	0.00011	3.8e-05	0.01326	0.01313	7.3e-05	0.00016

[dist]
# distance from previous block
# <min> <max>
0	1

[block]
# block no. 11 follows, 2697 sequences, length 10
# corresponding to MSA columns:
# 493-502
name=unknown_L
#
# <colnr> <probs for GDERKNQSTAVLIFYWHMCP>
#	G	D	E	R	K	N	Q	S	T	A	V	L	I	F	Y	W	H	M	C	P
0	0.42640	0.01018	0.02201	0.01343	0.01053	0.01973	0.01137	0.33376	0.03813	0.06072	0.00027	0.00029	0.00020	0.00014	0.00011	3.9e-05	0.00012	9.7e-05	0.05231	0.00017
1	0.00814	0.12219	0.04588	0.00914	0.01693	0.03057	0.00895	0.00599	0.01894	0.00034	0.06702	0.28219	0.08342	0.07897	0.08545	0.09343	0.00811	0.02535	0.00890	0.00012
2	0.00017	0.00013	0.00016	0.00016	0.00019	0.00012	0.00012	0.00022	0.00033	0.00046	0.67645	0.15937	0.13546	0.00030	0.00015	4.3e-05	6.5e-05	0.02584	0.00013	0.00012
3	0.00023	0.00022	0.07463	0.03042	0.04125	0.01326	0.02726	0.01476	0.16648	0.00804	0.17914	0.11356	0.18132	0.03956	0.01677	5e-05	0.00645	0.07806	0.00838	0.00014
4	0.00017	0.00013	0.00015	0.00015	0.00018	0.00012	0.00011	0.00021	0.00032	0.00042	0.48168	0.08277	0.37732	0.03522	0.00017	4.6e-05	6.7e-05	0.02051	0.00013	0.00011
5	0.00028	0.00026	0.00686	0.41990	0.34393	0.01571	0.03884	0.02201	0.03803	0.00977	0.02599	0.01552	0.01188	0.00659	0.01321	4.4e-05	0.01340	0.00659	0.01102	0.00017
6	0.02035	0.15082	0.06020	0.02004	0.11875	0.07293	0.02849	0.16127	0.10015	0.01136	0.03856	0.01657	0.00026	0.00015	0.01040	3.6e-05	0.00876	0.00011	8.7e-05	0.18072
7	0.01324	0.00025	0.00033	0.01043	0.04512	0.00024	0.03508	0.15745	0.11263	0.56119	0.01045	0.02340	0.01099	0.00016	0.00013	4e-05	0.00012	0.00014	0.00971	0.00889
8	0.01594	0.00944	0.01675	0.00781	0.09155	0.02173	0.00016	0.01514	0.01727	0.05293	0.54755	0.00873	0.10837	0.01442	0.00671	4.2e-05	0.00644	0.00623	0.00605	0.04674
9	0.01494	0.00674	0.00865	0.05596	0.78425	0.01893	0.01837	0.00836	0.00829	0.00720	0.00984	0.00035	0.02130	0.01148	0.00014	0.01012	0.00702	0.00012	0.00774	0.00019

[dist]
# distance from previous block
# <min> <max>
0	157

# created by:
# /home/cegg/simao/soft/augustus-3.2.1/scripts/msa2prfl.pl ./align_prep/POG091H009A.fa
