[name]
unknown

[dist]
# distance from previous block
# <min> <max>
0	77

[block]
# block no. 0 follows, 2702 sequences, length 19
# corresponding to MSA columns:
# 363-381
name=unknown_A
#
# <colnr> <probs for GDERKNQSTAVLIFYWHMCP>
#	G	D	E	R	K	N	Q	S	T	A	V	L	I	F	Y	W	H	M	C	P
0	0.02874	0.00016	0.00023	0.00026	0.03929	0.00016	0.00838	0.00702	0.00030	0.02609	0.00737	0.00130	0.00067	0.00032	0.00017	5.6e-05	0.00012	0.86045	0.00011	0.01880
1	0.02398	0.00023	0.00027	0.00344	0.01894	0.02387	0.01000	0.01321	0.00907	0.01646	0.00726	0.01343	0.00878	0.01214	0.02919	3e-05	0.01337	0.00504	0.00546	0.78580
2	0.03226	0.00030	0.00050	0.00075	0.94212	0.00030	0.00038	0.00039	0.00029	0.00042	0.00026	0.00033	0.02089	0.00012	0.00013	3.8e-05	0.00015	0.00012	6.5e-05	0.00020
3	0.00434	0.00018	0.00024	0.00024	0.01734	0.04699	0.06311	0.00978	0.00654	0.02650	0.03955	0.12043	0.13741	0.01132	0.00430	5.3e-05	0.00012	0.51131	0.00011	0.00013
4	0.00032	0.00030	0.00052	0.02781	0.96769	0.00030	0.00039	0.00039	0.00029	0.00042	0.00024	0.00032	0.00020	0.00011	0.00013	3.8e-05	0.00015	0.00011	6.3e-05	0.00020
5	0.00034	0.00029	0.00030	0.00026	0.00034	0.02211	0.00021	0.12005	0.81733	0.00824	0.01234	0.00046	0.00861	0.00017	0.00013	4.2e-05	0.00011	0.00014	0.00013	0.00839
6	0.00030	0.01111	0.00039	0.14954	0.17173	0.15314	0.00473	0.01140	0.00681	0.00035	0.05027	0.02183	0.01687	0.00018	0.00024	4.5e-05	0.38730	0.00012	0.01348	0.00015
7	0.00794	0.00029	0.00043	0.35962	0.30153	0.00032	0.01430	0.28658	0.01866	0.00870	0.00026	0.00033	0.00020	0.00013	0.00013	4e-05	0.00015	0.00012	8.2e-05	0.00018
8	0.52232	0.00026	0.00026	0.01779	0.00031	0.00029	0.00018	0.20490	0.01166	0.22993	0.00029	0.00029	0.00020	0.00014	0.00010	3.9e-05	0.00011	9.5e-05	0.01068	0.00017
9	0.00717	0.00022	0.00028	0.00022	0.00031	0.00020	0.00018	0.08348	0.02851	0.69505	0.09981	0.05029	0.00880	0.00019	0.00013	4.1e-05	0.00010	0.02467	0.00015	0.00020
10	0.01590	0.00026	0.00542	0.01126	0.23129	0.00024	0.04003	0.09641	0.00578	0.56116	0.01263	0.00612	0.00029	0.00015	0.00465	4e-05	0.00013	0.00013	0.00792	0.00021
11	0.01510	0.00862	0.00051	0.00822	0.91879	0.00731	0.00038	0.02464	0.00030	0.00781	0.00025	0.00032	0.00021	0.00012	0.00013	3.8e-05	0.00015	0.00686	6.6e-05	0.00020
12	0.00025	0.00023	0.00039	0.94452	0.02511	0.00029	0.00035	0.00034	0.02665	0.00034	0.00024	0.00034	0.00018	0.00013	0.00013	4.3e-05	0.00017	0.00011	5.9e-05	0.00015
13	0.00018	0.00013	0.00014	0.00014	0.00015	0.00012	8.6e-05	0.00019	0.00020	0.00027	0.06972	0.01660	0.02034	0.84787	0.03405	0.00012	0.00013	0.00938	8.4e-05	8.3e-05
14	0.00491	0.00404	0.01393	0.14754	0.66135	0.00785	0.00600	0.05419	0.02913	0.01783	0.01551	0.00952	0.00854	0.01003	0.00014	4e-05	0.00907	0.00012	7.2e-05	0.00019
15	0.00024	0.00019	0.00509	0.09573	0.25075	0.00019	0.00704	0.00742	0.01598	0.03834	0.29982	0.10127	0.08405	0.05947	0.00017	4.6e-05	0.00011	0.01234	0.00880	0.01297
16	0.01150	0.00027	0.00030	0.05369	0.02954	0.00655	0.00021	0.02114	0.82821	0.00575	0.00659	0.01322	0.00570	0.00017	0.00013	4.3e-05	0.00011	0.00571	0.01097	0.00020
17	0.57162	0.00025	0.00601	0.00024	0.07454	0.00700	0.00018	0.02110	0.00761	0.25561	0.01538	0.00030	0.00021	0.00014	0.01094	4.1e-05	0.00011	9.3e-05	0.00010	0.02855
18	0.08740	0.00619	0.00035	0.01396	0.05240	0.17219	0.00534	0.35683	0.27190	0.01896	0.00034	0.00815	0.00025	0.00015	0.00012	3.9e-05	0.00502	0.00012	0.00011	0.00019

[dist]
# distance from previous block
# <min> <max>
2	4

[block]
# block no. 1 follows, 2702 sequences, length 14
# corresponding to MSA columns:
# 387-399,404
name=unknown_B
#
# <colnr> <probs for GDERKNQSTAVLIFYWHMCP>
#	G	D	E	R	K	N	Q	S	T	A	V	L	I	F	Y	W	H	M	C	P
0	0.00028	0.00025	0.00041	0.07122	0.56712	0.00025	0.01589	0.02062	0.01789	0.01732	0.07157	0.03092	0.02666	0.01364	0.00015	4.4e-05	0.00014	0.14537	8.4e-05	0.00017
1	0.00874	0.00022	0.00036	0.71567	0.01668	0.00028	0.00031	0.01884	0.00572	0.02421	0.00788	0.00679	0.01278	0.02635	0.04267	5.3e-05	0.08760	0.00579	0.01893	0.00014
2	0.11894	0.00922	0.08357	0.15154	0.18955	0.02417	0.09592	0.08404	0.01313	0.08292	0.01144	0.00037	0.00023	0.03393	0.01365	0.01452	0.03229	0.02614	0.00519	0.00923
3	0.00925	0.00029	0.00047	0.19355	0.23769	0.01700	0.17333	0.04192	0.02052	0.00855	0.00024	0.00619	0.00020	0.00016	0.01018	4.6e-05	0.25983	0.00822	0.01221	0.00017
4	0.03719	0.00024	0.00031	0.00589	0.00848	0.01092	0.02803	0.08523	0.02550	0.72634	0.01350	0.00043	0.00031	0.00016	0.00013	4e-05	0.01699	0.01344	0.01575	0.01112
5	0.20113	0.00026	0.00547	0.01062	0.00804	0.17659	0.00016	0.00959	0.01974	0.01722	0.00030	0.00048	0.00029	0.27521	0.18673	0.01380	0.04997	0.01524	7.6e-05	0.00909
6	0.02312	0.00553	0.00039	0.20482	0.35169	0.01731	0.01312	0.00805	0.15882	0.02867	0.01707	0.09203	0.00949	0.00017	0.00015	4.3e-05	0.04926	0.02003	8.4e-05	0.00017
7	0.03155	0.00033	0.00037	0.31424	0.01136	0.11989	0.01880	0.41889	0.01325	0.02700	0.01816	0.00034	0.00022	0.00016	0.01798	4.3e-05	0.00016	0.00699	9.5e-05	0.00018
8	0.00028	0.00028	0.00039	0.00034	0.00034	0.00039	0.00028	0.00031	0.00020	0.00031	0.00017	0.00028	0.00017	0.00022	0.00042	5.6e-05	0.99526	0.00011	5.6e-05	0.00014
9	0.00019	0.00017	0.00020	0.09616	0.06589	0.04648	0.00016	0.00023	0.00027	0.00034	0.00082	0.32435	0.38737	0.01426	0.02339	0.00965	0.00010	0.01987	0.00999	0.00012
10	0.00021	0.00015	0.00018	0.03750	0.00861	0.04241	0.00014	0.01211	0.01211	0.06425	0.00059	0.61511	0.00067	0.17701	0.00024	6.3e-05	9.9e-05	0.02830	0.00011	0.00011
11	0.02229	0.01289	0.24496	0.03832	0.00042	0.02134	0.03450	0.03706	0.38613	0.06259	0.01013	0.01726	0.00599	0.00507	0.00722	4.4e-05	0.08818	0.00013	9.7e-05	0.00538
12	0.09707	0.00032	0.03852	0.02903	0.45460	0.08296	0.00857	0.03865	0.00707	0.01439	0.01884	0.00031	0.00021	0.00015	0.00742	0.00844	0.17815	0.00011	0.00872	0.00647
13	0.00031	0.00029	0.00049	0.05130	0.86398	0.00029	0.01054	0.00038	0.00029	0.00041	0.01032	0.01266	0.00024	0.00014	0.00923	4.1e-05	0.01073	0.02811	6.6e-05	0.00019

[dist]
# distance from previous block
# <min> <max>
5	7

[block]
# block no. 2 follows, 2702 sequences, length 10
# corresponding to MSA columns:
# 413-418,422-425
name=unknown_C
#
# <colnr> <probs for GDERKNQSTAVLIFYWHMCP>
#	G	D	E	R	K	N	Q	S	T	A	V	L	I	F	Y	W	H	M	C	P
0	0.00931	0.00024	0.00921	0.77252	0.03866	0.02232	0.01016	0.01743	0.00027	0.03376	0.01934	0.03272	0.00023	0.00015	0.00014	4.3e-05	0.02015	0.01314	6.7e-05	0.00015
1	0.03363	0.02447	0.01200	0.25088	0.04508	0.19256	0.15664	0.02525	0.00835	0.03706	0.02188	0.00925	0.02976	0.00016	0.00736	4.3e-05	0.13882	0.00012	0.00654	0.00015
2	0.00018	0.00013	0.00017	0.00019	0.00020	0.01503	0.01365	0.02172	0.00025	0.01471	0.00066	0.82016	0.01858	0.05109	0.01184	5.7e-05	0.01712	0.01404	0.00011	0.00011
3	0.05181	0.06464	0.01538	0.50041	0.03567	0.05247	0.00643	0.06573	0.06296	0.05251	0.03999	0.00647	0.00025	0.00730	0.00848	0.00679	0.00870	0.00012	0.01375	0.00016
4	0.24461	0.01497	0.01086	0.01746	0.23884	0.03080	0.10945	0.02831	0.05243	0.07346	0.00823	0.01801	0.00822	0.00577	0.01765	4.3e-05	0.06192	0.00828	8.2e-05	0.05063
5	0.03157	0.09301	0.03944	0.02828	0.09834	0.03207	0.03005	0.11047	0.12173	0.13822	0.01922	0.02162	0.01386	0.00762	0.00560	0.00558	0.00704	0.07850	0.01146	0.10632
6	0.11446	0.01989	0.02283	0.01211	0.07484	0.02239	0.04905	0.07870	0.18330	0.18656	0.08151	0.03461	0.02358	0.01743	0.00015	4.2e-05	0.03548	0.00968	0.01067	0.02272
7	0.00974	0.02145	0.06527	0.01051	0.00684	0.00994	0.02286	0.00945	0.04862	0.01675	0.16787	0.20690	0.11514	0.01738	0.09939	0.01317	0.03940	0.09347	0.00011	0.02573
8	0.00020	0.00014	0.00017	0.00017	0.00020	0.00013	0.00013	0.00026	0.02666	0.03880	0.63373	0.13357	0.07469	0.01322	0.00016	4.4e-05	6.9e-05	0.04812	0.02944	0.00012
9	0.00792	0.18576	0.01783	0.01174	0.01579	0.02861	0.00651	0.22766	0.03859	0.17743	0.00958	0.00033	0.00621	0.00719	0.01389	4.3e-05	0.21275	0.00011	0.01080	0.02125

[dist]
# distance from previous block
# <min> <max>
1	2

[block]
# block no. 3 follows, 2702 sequences, length 6
# corresponding to MSA columns:
# 428,430,432-434,436
name=unknown_D
#
# <colnr> <probs for GDERKNQSTAVLIFYWHMCP>
#	G	D	E	R	K	N	Q	S	T	A	V	L	I	F	Y	W	H	M	C	P
0	0.11993	0.01594	0.01906	0.06801	0.01108	0.03371	0.01141	0.16959	0.22695	0.15636	0.04453	0.01389	0.01498	0.01061	0.00909	4.2e-05	0.01032	0.01065	0.02847	0.02540
1	0.03331	0.51429	0.05317	0.00026	0.01465	0.16836	0.03134	0.01364	0.01800	0.01235	0.00970	0.02653	0.01115	0.01062	0.02803	0.01671	0.00987	0.01846	0.00942	0.00016
2	0.01180	0.00917	0.09837	0.01671	0.04007	0.01434	0.02572	0.05857	0.04443	0.17394	0.20970	0.10298	0.04031	0.02587	0.02658	0.00968	0.02398	0.05867	0.00896	0.00016
3	0.10950	0.03972	0.02970	0.07287	0.40382	0.02658	0.01858	0.02274	0.01579	0.11663	0.01739	0.00989	0.00024	0.01001	0.00935	0.01081	0.01887	0.01121	0.00891	0.04739
4	0.01615	0.01101	0.01779	0.23995	0.10399	0.10186	0.04638	0.09633	0.06859	0.08915	0.04306	0.05316	0.01117	0.01040	0.00015	4.1e-05	0.03573	0.01681	9e-05	0.03819
5	0.03316	0.00014	0.00017	0.00017	0.00020	0.00013	0.00013	0.00024	0.00031	0.04155	0.38640	0.06996	0.27316	0.01894	0.06861	0.01873	9.3e-05	0.08766	0.00012	0.00012

[dist]
# distance from previous block
# <min> <max>
0	1

[block]
# block no. 4 follows, 2702 sequences, length 6
# corresponding to MSA columns:
# 438,439,441-444
name=unknown_E
#
# <colnr> <probs for GDERKNQSTAVLIFYWHMCP>
#	G	D	E	R	K	N	Q	S	T	A	V	L	I	F	Y	W	H	M	C	P
0	0.01316	0.02009	0.03687	0.17156	0.39398	0.01715	0.02143	0.04404	0.01681	0.07858	0.02575	0.03667	0.02679	0.00947	0.00996	4.3e-05	0.03177	0.03315	0.01256	0.00017
1	0.02550	0.03364	0.03690	0.27448	0.15319	0.01395	0.12745	0.06875	0.01774	0.10039	0.01293	0.05430	0.01028	0.00905	0.01082	4.4e-05	0.01733	0.00968	0.01418	0.00940
2	0.01909	0.00016	0.00021	0.02225	0.00026	0.02212	0.04137	0.01336	0.01311	0.02036	0.03337	0.32669	0.01765	0.01574	0.01252	5.4e-05	0.00011	0.38972	0.05172	0.00012
3	0.00018	0.00013	0.00017	0.00019	0.02620	0.00012	0.00013	0.00022	0.02605	0.01720	0.03228	0.67432	0.09235	0.02243	0.00017	5.1e-05	8e-05	0.06737	0.02248	0.01787
4	0.08129	0.02197	0.02630	0.09391	0.01590	0.03760	0.03580	0.03426	0.02816	0.13360	0.01811	0.01275	0.00973	0.00014	0.01316	3.4e-05	0.00979	0.00939	0.06945	0.34866
5	0.04796	0.02039	0.01149	0.04799	0.09804	0.06521	0.03408	0.02692	0.01475	0.03473	0.05324	0.06387	0.05957	0.05071	0.30508	9.5e-05	0.00935	0.01962	0.02593	0.01097

[dist]
# distance from previous block
# <min> <max>
0	11

# created by:
# /home/cegg/simao/soft/augustus-3.2.1/scripts/msa2prfl.pl ./align_prep/POG091H00BL.fa
