[name]
unknown

[dist]
# distance from previous block
# <min> <max>
0	56

[block]
# block no. 0 follows, 2899 sequences, length 13
# corresponding to MSA columns:
# 91-103
name=unknown_A
#
# <colnr> <probs for GDERKNQSTAVLIFYWHMCP>
#	G	D	E	R	K	N	Q	S	T	A	V	L	I	F	Y	W	H	M	C	P
0	0.00526	0.00634	0.00670	0.00021	0.03233	0.00616	0.02577	0.02763	0.01782	0.05004	0.10501	0.09455	0.07322	0.00712	0.00021	0.19584	0.0001	0.33346	9.9e-05	0.01213
1	0.00752	0.01462	0.01230	0.02557	0.06993	0.12604	0.10315	0.03678	0.14237	0.02934	0.00863	0.20414	0.12424	0.05269	0.00464	4.5e-05	0.02424	0.00644	0.00718	0.00014
2	0.03504	0.09992	0.42885	0.01126	0.04536	0.03300	0.02253	0.03643	0.02032	0.08580	0.00770	0.00042	0.16125	0.00015	0.00011	3.7e-05	0.00014	0.00583	7.6e-05	0.00577
3	0.00021	0.00016	0.04551	0.00019	0.02000	0.00014	0.02168	0.05172	0.00695	0.05035	0.02235	0.29434	0.09877	0.32576	0.01067	6.8e-05	0.00010	0.01868	9.5e-05	0.03226
4	0.00021	0.00778	0.16845	0.00613	0.07615	0.01603	0.17465	0.00596	0.01854	0.01013	0.04449	0.29762	0.15955	0.00622	0.00014	4.2e-05	0.00748	0.00021	8.7e-05	0.00013
5	0.00027	0.02903	0.01111	0.22184	0.50805	0.01482	0.02796	0.01310	0.05765	0.00037	0.00654	0.00037	0.04600	0.00603	0.00013	3.8e-05	0.03342	0.01744	6.6e-05	0.00577
6	0.00027	0.00022	0.00026	0.00019	0.01720	0.00017	0.00015	0.01963	0.03511	0.05651	0.00024	0.00027	0.00019	9.6e-05	9.3e-05	2e-05	9.1e-05	7.7e-05	7.8e-05	0.86914
7	0.00576	0.06846	0.07811	0.22925	0.19611	0.13762	0.05322	0.06272	0.09602	0.01137	0.01492	0.00499	0.01326	0.00517	0.00012	3.7e-05	0.01268	0.00534	0.00468	0.00016
8	0.03933	0.00820	0.02969	0.03473	0.15172	0.01834	0.07246	0.04233	0.02056	0.05031	0.03778	0.16768	0.24525	0.01951	0.00015	4.2e-05	0.04079	0.00546	9.2e-05	0.01558
9	0.00747	0.01239	0.13987	0.00674	0.02206	0.00838	0.01668	0.03500	0.09479	0.00711	0.20523	0.10795	0.28596	0.00504	0.00506	4.1e-05	0.00699	0.00831	0.00010	0.02480
10	0.00871	0.13622	0.26532	0.01445	0.10440	0.04743	0.04227	0.02550	0.05451	0.02492	0.07571	0.03245	0.11425	0.00016	0.00504	3.7e-05	0.01192	0.01153	0.02500	0.00015
11	0.00468	0.01212	0.11558	0.01481	0.01973	0.00495	0.00646	0.00912	0.02320	0.03006	0.40177	0.05348	0.17297	0.04642	0.01707	4.6e-05	0.00428	0.05239	0.00551	0.00537
12	0.00958	0.13131	0.36201	0.00602	0.05582	0.02875	0.07359	0.04352	0.07590	0.01573	0.06931	0.05213	0.02721	0.00781	0.00678	3.8e-05	0.01002	0.00652	0.00729	0.01066

[dist]
# distance from previous block
# <min> <max>
3	8

[block]
# block no. 1 follows, 2899 sequences, length 72
# corresponding to MSA columns:
# 127-165,168,170,180,181,197-225
name=unknown_B
#
# <colnr> <probs for GDERKNQSTAVLIFYWHMCP>
#	G	D	E	R	K	N	Q	S	T	A	V	L	I	F	Y	W	H	M	C	P
0	0.00534	0.03095	0.00718	0.11593	0.09745	0.25098	0.01832	0.06386	0.21878	0.00634	0.00924	0.01004	0.00182	0.08768	0.02824	0.00095	0.03336	0.00550	0.00790	0.00015
1	0.00022	0.00446	0.03588	0.23038	0.08576	0.00206	0.02665	0.02205	0.01251	0.00202	0.01689	0.00509	0.01039	0.08289	0.31690	0.00150	0.11230	0.00242	0.02951	0.00013
2	0.45888	0.00023	0.00023	0.00019	0.00355	0.00024	0.00489	0.12507	0.01725	0.30180	0.06108	0.00337	0.01300	0.00310	0.00143	3.8e-05	9.9e-05	0.00528	0.00011	0.00016
3	0.00028	0.02142	0.01105	0.17098	0.59204	0.00147	0.02510	0.01146	0.06442	0.00147	0.00874	0.02422	0.01990	0.00199	0.00013	3.9e-05	0.03061	0.00984	0.00464	0.00017
4	0.00017	0.00012	0.00014	0.00014	0.00015	0.00011	8.8e-05	0.00019	0.00023	0.00313	0.20214	0.04564	0.18010	0.53637	0.02391	8.4e-05	9.6e-05	0.00516	0.00196	8.8e-05
5	0.00023	0.00021	0.08504	0.00020	0.01144	0.00018	0.00219	0.09012	0.14557	0.01848	0.51029	0.00297	0.10908	0.00466	0.00452	0.00174	0.00793	0.00220	0.00281	0.00014
6	0.00021	0.00013	0.00016	0.00016	0.00019	0.00012	0.00012	0.00025	0.00757	0.13328	0.19401	0.30031	0.16643	0.08752	0.00379	0.00378	7.6e-05	0.04852	0.05326	0.00011
7	0.01316	0.00228	0.76795	0.06665	0.03165	0.00150	0.02150	0.01580	0.00313	0.06221	0.00023	0.00028	0.00017	0.00012	0.00604	3.9e-05	0.00217	0.00489	5.9e-05	0.00017
8	0.00025	0.00021	0.00025	0.00018	0.00028	0.00016	0.00014	0.00617	0.00025	0.00592	0.00021	0.00025	0.00018	8.9e-05	8.9e-05	1.8e-05	8.9e-05	7.1e-05	7.2e-05	0.98511
9	0.00015	0.00011	0.00014	0.00016	0.00017	0.00010	0.00010	0.00017	0.00022	0.00029	0.00061	0.80845	0.00073	0.17952	0.00023	6.1e-05	7.8e-05	0.00853	0.00010	9.3e-05
10	0.00372	0.00478	0.94716	0.00034	0.00265	0.00027	0.00301	0.00037	0.00025	0.00038	0.00700	0.00026	0.00016	0.00013	0.02123	4.1e-05	0.00018	9e-05	5.2e-05	0.00793
11	0.00024	0.00021	0.00032	0.69488	0.01115	0.00323	0.00151	0.03259	0.00432	0.00208	0.00024	0.00189	0.01138	0.05951	0.00014	4e-05	0.00149	0.00011	0.00146	0.17321
12	0.98894	0.00023	0.00018	0.00786	0.00024	0.00027	0.00013	0.00035	0.00020	0.00053	0.00017	0.00020	0.00013	0.00011	7.4e-05	3.7e-05	9.3e-05	6.5e-05	7.4e-05	0.00013
13	0.00017	0.00012	0.00016	0.00016	0.00017	0.00013	0.00011	0.00019	0.00018	0.00025	0.00036	0.00064	0.00567	0.53944	0.44534	0.00343	0.00021	0.00015	0.00303	8.8e-05
14	0.86353	0.00023	0.00019	0.00016	0.00024	0.00026	0.00014	0.00038	0.00022	0.13345	0.00021	0.00022	0.00015	0.00012	8e-05	3.7e-05	9.4e-05	7.2e-05	8.4e-05	0.00014
15	0.00023	0.00021	0.00025	0.00023	0.00026	0.04909	0.01593	0.00034	0.25505	0.00293	0.09694	0.12805	0.12268	0.00283	0.09403	5.8e-05	0.21864	0.01202	9.5e-05	0.00013
16	0.00030	0.00026	0.00027	0.00024	0.00031	0.00030	0.00019	0.02124	0.96899	0.00574	0.00048	0.00044	0.00036	0.00016	0.00012	4e-05	9.5e-05	0.00013	0.00012	0.00019
17	0.00015	0.00011	0.00014	0.00016	0.00017	9.9e-05	0.00011	0.00017	0.00024	0.00032	0.06759	0.72264	0.18939	0.01276	0.00016	4.7e-05	6.8e-05	0.00548	0.00011	9.9e-05
18	0.92602	0.00023	0.00018	0.00016	0.00024	0.00026	0.00013	0.00037	0.00021	0.07106	0.00019	0.00021	0.00014	0.00011	7.7e-05	3.7e-05	9.3e-05	6.9e-05	7.9e-05	0.00013
19	0.00042	0.00053	0.00034	0.00030	0.00036	0.86638	0.00023	0.00643	0.01162	0.00272	0.02725	0.00024	0.00018	0.00013	0.00013	3.3e-05	0.08242	8.4e-05	6.4e-05	0.00014
20	0.01247	0.00026	0.00031	0.00023	0.00033	0.00026	0.00019	0.40485	0.00359	0.50366	0.00037	0.00034	0.00025	0.00014	0.00012	3.5e-05	0.00011	0.00011	0.00013	0.07224
21	0.00015	0.00011	0.00014	0.00016	0.00017	9.8e-05	0.00011	0.00017	0.00023	0.00031	0.00428	0.90064	0.06815	0.00037	0.00015	4.8e-05	7e-05	0.02443	0.00011	9.8e-05
22	0.00023	0.00022	0.00036	0.95725	0.01200	0.00027	0.00033	0.02735	0.00025	0.00032	0.00021	0.00032	0.00016	0.00012	0.00012	4e-05	0.00016	0.00011	5.5e-05	0.00014
23	0.02733	0.00021	0.00035	0.96844	0.00081	0.00027	0.00033	0.00031	0.00024	0.00031	0.00021	0.00032	0.00016	0.00012	0.00012	4e-05	0.00016	0.00011	5.4e-05	0.00013
24	0.00017	0.00014	0.00016	0.00015	0.00019	0.00013	0.00011	0.00286	0.10228	0.00376	0.39792	0.07192	0.39943	0.00027	0.00014	4e-05	6.4e-05	0.02005	0.00012	0.00012
25	0.00015	0.00011	0.00014	0.00017	0.00018	0.00010	0.00012	0.00017	0.00023	0.00031	0.00066	0.91020	0.01379	0.00037	0.00015	4.9e-05	7.2e-05	0.07281	0.00011	9.8e-05
26	0.00015	0.00011	0.00014	0.00017	0.00018	0.00010	0.00012	0.00473	0.00023	0.00031	0.00067	0.91364	0.02236	0.00037	0.00015	4.9e-05	0.00349	0.05282	0.00011	9.8e-05
27	0.00942	0.00031	0.00034	0.00028	0.02741	0.00330	0.00022	0.84791	0.02464	0.02507	0.00032	0.05967	0.00024	0.00016	0.00012	3.7e-05	0.00013	0.00012	0.00012	0.00020
28	0.00045	0.00033	0.00035	0.00027	0.00037	0.00037	0.00023	0.94962	0.03564	0.00672	0.00030	0.00029	0.00021	0.00015	0.00411	3.7e-05	0.00013	0.00011	0.00012	0.00020
29	0.00017	0.00013	0.00016	0.00017	0.00020	0.00012	0.00013	0.07069	0.00027	0.00035	0.01754	0.55302	0.19664	0.00033	0.00015	4.7e-05	7.8e-05	0.15957	0.00011	0.00011
30	0.00025	0.00980	0.12572	0.05157	0.01531	0.00681	0.12150	0.01220	0.01828	0.00273	0.09702	0.00034	0.00699	0.00132	0.00881	2.9e-05	0.00454	0.00010	7.3e-05	0.51661
31	0.99664	0.00023	0.00018	0.00016	0.00023	0.00027	0.00013	0.00035	0.00020	0.00054	0.00017	0.00019	0.00013	0.00011	7.4e-05	3.7e-05	9.2e-05	6.5e-05	7.4e-05	0.00013
32	0.00320	0.00018	0.00023	0.00019	0.00025	0.00017	0.00015	0.05767	0.04574	0.47932	0.03875	0.00047	0.00034	0.08763	0.15703	0.00154	0.00461	0.00299	0.11937	0.00016
33	0.02651	0.00021	0.00028	0.00021	0.00030	0.00018	0.00018	0.01930	0.00034	0.94632	0.00461	0.00040	0.00029	0.00015	0.00012	3.7e-05	0.00010	0.00012	0.00015	0.00020
34	0.00018	0.00014	0.00016	0.00015	0.00019	0.00012	0.00011	0.00177	0.00308	0.02378	0.46618	0.02599	0.32850	0.01673	0.00014	3.8e-05	6.5e-05	0.00178	0.00247	0.12843
35	0.00028	0.03010	0.00028	0.00680	0.03519	0.03024	0.00726	0.07356	0.58323	0.00392	0.16370	0.00050	0.01960	0.00661	0.03487	4.5e-05	0.00146	0.00014	0.00205	0.00017
36	0.11928	0.00762	0.20589	0.00028	0.02432	0.00527	0.02406	0.35894	0.04714	0.15814	0.00029	0.00031	0.00021	0.00572	0.02334	0.00175	0.01047	0.00524	0.00156	0.00018
37	0.00017	0.00012	0.00015	0.00014	0.00018	0.00011	0.00011	0.00022	0.00030	0.04296	0.47349	0.06902	0.36320	0.02735	0.00015	4.2e-05	6.3e-05	0.01409	0.00802	0.00011
38	0.00138	0.00469	0.14790	0.19364	0.36816	0.02299	0.17849	0.01396	0.02981	0.00752	0.00408	0.00623	0.00360	0.00012	0.00013	3.8e-05	0.01535	0.00169	6.1e-05	0.00017
39	0.00015	0.00012	0.00013	0.00012	0.00016	0.00010	9.3e-05	0.00018	0.00027	0.00682	0.05168	0.00787	0.89231	0.02935	0.00016	4.3e-05	6.3e-05	0.01017	0.00011	0.00010
40	0.00648	0.48532	0.32598	0.00584	0.02918	0.00633	0.01823	0.02796	0.01078	0.05812	0.00130	0.00192	0.00170	0.00011	9.7e-05	3.1e-05	0.00154	8.1e-05	6e-05	0.01894
41	0.90054	0.01174	0.00345	0.00017	0.00905	0.04495	0.00381	0.00788	0.00497	0.00712	0.00017	0.00020	0.00013	0.00011	7.9e-05	3.7e-05	0.00531	6.7e-05	7.4e-05	0.00013
42	0.00019	0.00013	0.00017	0.00015	0.00019	0.00328	0.00012	0.00025	0.00446	0.06694	0.88435	0.00087	0.03368	0.00024	0.00014	3.8e-05	6e-05	0.00448	0.00013	0.00012
43	0.00174	0.03082	0.08370	0.00237	0.01197	0.02485	0.05931	0.05783	0.00823	0.00754	0.06078	0.54448	0.00574	0.00346	0.00998	4.6e-05	0.06198	0.01518	9.6e-05	0.00990
44	0.00027	0.02894	0.00037	0.00031	0.00344	0.01004	0.00353	0.01480	0.00019	0.00029	0.00016	0.00026	0.00016	0.00021	0.01025	5.2e-05	0.92642	0.00010	5.4e-05	0.00013
45	0.00024	0.00062	0.99518	0.00034	0.00052	0.00028	0.00044	0.00038	0.00025	0.00038	0.00021	0.00025	0.00015	0.00011	0.00011	3.8e-05	0.00018	8.8e-05	5e-05	0.00018
46	0.00018	0.00013	0.00015	0.00015	0.00016	0.02719	9.5e-05	0.00019	0.00018	0.00025	0.00037	0.01115	0.00814	0.72525	0.22101	0.00013	0.00016	0.00496	7.1e-05	8.2e-05
47	0.01174	0.09469	0.00037	0.00518	0.00035	0.00036	0.00871	0.67149	0.16454	0.03244	0.00198	0.00031	0.00023	0.00014	0.00012	3.6e-05	0.00012	0.00525	0.00175	0.00019
48	0.00240	0.00027	0.00029	0.00024	0.00032	0.01256	0.00331	0.28984	0.51160	0.08468	0.06395	0.00043	0.00443	0.00994	0.00802	4e-05	0.00176	0.00013	0.00012	0.00568
49	0.00016	0.00013	0.00016	0.00019	0.08199	0.00012	0.00012	0.00020	0.00028	0.00036	0.19959	0.15557	0.54108	0.00029	0.00014	4.1e-05	6.9e-05	0.01929	0.00011	0.00011
50	0.00262	0.10711	0.23565	0.06131	0.03528	0.01352	0.02747	0.04286	0.00960	0.07547	0.00023	0.00027	0.00018	0.00011	0.00133	2.9e-05	0.00359	8.6e-05	7e-05	0.38319
51	0.92776	0.03732	0.00540	0.00283	0.00024	0.01803	0.00209	0.00035	0.00021	0.00244	0.00017	0.00020	0.00013	0.00011	7.6e-05	3.7e-05	0.00232	6.5e-05	7.3e-05	0.00013
52	0.00017	0.00012	0.00016	0.00015	0.00018	0.00011	0.00012	0.00022	0.00033	0.00394	0.88859	0.02817	0.02878	0.00025	0.00014	3.9e-05	5.9e-05	0.04427	0.00407	0.00011
53	0.00296	0.00023	0.00748	0.19968	0.23111	0.00024	0.17664	0.00609	0.08458	0.02205	0.17191	0.05131	0.01879	0.00016	0.00580	4e-05	0.00699	0.01369	8.3e-05	0.00015
54	0.00024	0.01521	0.96421	0.00034	0.00052	0.00028	0.01681	0.00038	0.00025	0.00038	0.00021	0.00025	0.00015	0.00011	0.00011	3.8e-05	0.00018	8.9e-05	5.1e-05	0.00018
55	0.00356	0.93632	0.00872	0.00021	0.00031	0.00046	0.00021	0.00037	0.02730	0.02140	0.00018	0.00020	0.00016	0.00010	7.9e-05	2.6e-05	0.00013	6.7e-05	5.5e-05	0.00016
56	0.00017	0.00012	0.00016	0.00015	0.00018	0.00011	0.00011	0.00023	0.00932	0.01361	0.84293	0.01230	0.10342	0.00025	0.00014	3.8e-05	5.9e-05	0.01644	0.00013	0.00011
57	0.00028	0.00022	0.00025	0.00022	0.00028	0.00024	0.00166	0.13121	0.51544	0.02875	0.11076	0.06447	0.07332	0.02727	0.00014	4.2e-05	9.2e-05	0.02076	0.00012	0.02448
58	0.00335	0.29839	0.41312	0.01748	0.02501	0.06591	0.03973	0.02356	0.03224	0.00849	0.00024	0.05963	0.00137	0.00013	0.00011	3.5e-05	0.00696	0.00400	6.1e-05	0.00016
59	0.00015	0.00012	0.00013	0.00013	0.00016	0.00010	9.5e-05	0.00018	0.00270	0.00032	0.05578	0.12957	0.73585	0.06025	0.00017	4.6e-05	6.6e-05	0.01399	0.00011	0.0001
60	0.00015	0.00012	0.00013	0.00014	0.00017	0.00010	0.00010	0.00018	0.00027	0.01154	0.13333	0.22694	0.61424	0.00031	0.00014	4.2e-05	6.3e-05	0.01181	0.00011	0.00010
61	0.00015	0.00011	0.00015	0.00017	0.00018	0.00010	0.00012	0.00018	0.00024	0.00031	0.00066	0.84674	0.01576	0.00037	0.00015	4.9e-05	7.5e-05	0.13427	0.00011	9.9e-05
62	0.00044	0.00056	0.00034	0.00031	0.00570	0.95982	0.00450	0.00432	0.00852	0.01030	0.00019	0.00022	0.00016	0.00012	0.00011	3.1e-05	0.00406	7.9e-05	6.3e-05	0.00014
63	0.00015	0.00011	0.00014	0.00016	0.00017	0.00010	0.00011	0.00017	0.00025	0.00032	0.07124	0.66760	0.23059	0.00960	0.00015	4.7e-05	6.8e-05	0.01882	0.00011	9.9e-05
64	0.01779	0.00028	0.00048	0.00586	0.96227	0.00028	0.00036	0.01055	0.00027	0.00040	0.00022	0.00029	0.00019	0.00011	0.00012	3.6e-05	0.00014	0.00011	6e-05	0.00019
65	0.30399	0.03233	0.11972	0.00740	0.09953	0.08707	0.17886	0.06657	0.03738	0.01675	0.00024	0.00587	0.00019	0.00012	0.00011	3.7e-05	0.00207	0.03533	0.00517	0.00126
66	0.00015	0.00011	0.00014	0.00015	0.00017	0.00010	0.00011	0.00019	0.00548	0.00036	0.27681	0.42747	0.27841	0.00032	0.00015	4.3e-05	6.4e-05	0.00954	0.00012	0.00010
67	0.00421	0.00550	0.02222	0.26070	0.01403	0.01044	0.00341	0.07078	0.00604	0.34739	0.19134	0.01011	0.01343	0.00411	0.00013	3.8e-05	0.00280	0.00534	0.01943	0.00854
68	0.00017	0.00012	0.00014	0.00015	0.00016	0.00011	0.00010	0.00019	0.00287	0.01955	0.22034	0.29025	0.17892	0.24894	0.00026	0.00481	7.8e-05	0.01403	0.01871	9.8e-05
69	0.00343	0.00261	0.00867	0.16263	0.54195	0.00834	0.01205	0.08622	0.03156	0.04479	0.01158	0.00470	0.07316	0.00117	0.00012	3.7e-05	0.00461	0.00210	7.4e-05	0.00017
70	0.00240	0.00476	0.00025	0.02926	0.03374	0.02380	0.03039	0.15361	0.00447	0.09663	0.06267	0.24517	0.09121	0.00242	0.02169	4.8e-05	0.00481	0.19008	0.00148	0.00113
71	0.00459	0.06543	0.19344	0.00184	0.09577	0.07059	0.08857	0.02937	0.03629	0.01038	0.02525	0.02625	0.02267	0.02049	0.09578	0.00684	0.20143	0.00141	6.9e-05	0.00355

[dist]
# distance from previous block
# <min> <max>
6	17

[block]
# block no. 2 follows, 2899 sequences, length 8
# corresponding to MSA columns:
# 254,265-269,271,273
name=unknown_C
#
# <colnr> <probs for GDERKNQSTAVLIFYWHMCP>
#	G	D	E	R	K	N	Q	S	T	A	V	L	I	F	Y	W	H	M	C	P
0	0.01731	0.00013	0.00016	0.00017	0.00019	0.00012	0.00012	0.00023	0.01451	0.06305	0.22682	0.37355	0.14672	0.02102	0.01407	4.8e-05	7.7e-05	0.12149	0.00012	0.00011
1	0.00027	0.03527	0.10406	0.11519	0.03420	0.06990	0.03073	0.09409	0.18868	0.00988	0.06218	0.01019	0.02050	0.02161	0.13975	0.00714	0.03989	0.00901	8.3e-05	0.00737
2	0.00017	0.00012	0.00015	0.00016	0.00018	0.00011	0.00011	0.00021	0.03387	0.03843	0.09579	0.46835	0.30857	0.00034	0.03459	4.9e-05	7.7e-05	0.01849	0.00011	0.00011
3	0.00030	0.16000	0.13395	0.13547	0.08824	0.06565	0.01697	0.16635	0.07390	0.01243	0.03273	0.01172	0.02658	0.03088	0.01694	4.1e-05	0.01627	0.00011	0.01130	0.00016
4	0.00027	0.00021	0.02469	0.01724	0.33528	0.00020	0.01147	0.01592	0.01100	0.14659	0.19598	0.03909	0.09932	0.05800	0.01071	4.4e-05	0.01340	0.00998	0.01045	0.00015
5	0.02119	0.06527	0.17386	0.02525	0.16538	0.06775	0.11072	0.17671	0.08201	0.03305	0.02163	0.01375	0.00998	0.00825	0.00013	3.8e-05	0.01614	0.00864	8e-05	0.00017
6	0.72437	0.01965	0.01681	0.02703	0.04675	0.06142	0.01678	0.02000	0.02005	0.01351	0.01123	0.00023	0.00016	0.00012	9.1e-05	3.7e-05	0.02148	7.6e-05	7.4e-05	0.00014
7	0.02040	0.02205	0.17503	0.01606	0.09387	0.00888	0.04310	0.06588	0.02787	0.08560	0.01582	0.01243	0.03012	0.00756	0.01776	3.4e-05	0.00880	0.00010	7.9e-05	0.34855

[dist]
# distance from previous block
# <min> <max>
1	1

[block]
# block no. 3 follows, 2899 sequences, length 8
# corresponding to MSA columns:
# 280-286,289
name=unknown_D
#
# <colnr> <probs for GDERKNQSTAVLIFYWHMCP>
#	G	D	E	R	K	N	Q	S	T	A	V	L	I	F	Y	W	H	M	C	P
0	0.00025	0.03140	0.33439	0.00875	0.03658	0.00946	0.08224	0.01697	0.07234	0.04852	0.16289	0.01425	0.02596	0.00757	0.02079	3.9e-05	0.00013	0.00767	0.00788	0.11192
1	0.00017	0.00012	0.00015	0.00015	0.00018	0.00011	0.00011	0.00022	0.00030	0.02472	0.66812	0.07502	0.09725	0.10790	0.00019	4.8e-05	6.7e-05	0.02493	0.00012	0.00011
2	0.00029	0.00024	0.00030	0.09090	0.10252	0.00027	0.01010	0.01219	0.65088	0.01009	0.02701	0.03826	0.01623	0.00993	0.01077	4.4e-05	0.00011	0.00993	0.00976	0.00018
3	0.09501	0.00021	0.00027	0.00021	0.00030	0.00019	0.00017	0.04218	0.00034	0.82571	0.03387	0.00040	0.00030	0.00015	0.00012	3.7e-05	0.00010	0.00012	0.00014	0.00019
4	0.48321	0.02198	0.01210	0.04962	0.03684	0.01292	0.01070	0.06131	0.01076	0.27554	0.01098	0.00030	0.00021	0.00013	9.8e-05	3.7e-05	0.00011	0.01293	9.6e-05	0.00016
5	0.00031	0.79969	0.01289	0.00022	0.00031	0.02551	0.01841	0.01975	0.01077	0.01555	0.00022	0.01080	0.01481	0.00013	0.01170	3.1e-05	0.01242	0.04626	6e-05	0.00015
6	0.00015	0.00012	0.00013	0.00013	0.00016	0.00010	9.6e-05	0.00018	0.00026	0.00032	0.04065	0.13783	0.71865	0.07470	0.00018	4.7e-05	6.7e-05	0.02603	0.00011	9.9e-05
7	0.03797	0.02621	0.12912	0.03910	0.07308	0.08997	0.15326	0.04628	0.13500	0.05978	0.04418	0.02790	0.07291	0.00016	0.00800	4e-05	0.00875	0.03536	8.5e-05	0.01285

[dist]
# distance from previous block
# <min> <max>
4	6

[block]
# block no. 4 follows, 2899 sequences, length 13
# corresponding to MSA columns:
# 301-313
name=unknown_E
#
# <colnr> <probs for GDERKNQSTAVLIFYWHMCP>
#	G	D	E	R	K	N	Q	S	T	A	V	L	I	F	Y	W	H	M	C	P
0	0.00617	0.04013	0.63697	0.01297	0.03791	0.00713	0.05419	0.03256	0.11881	0.00634	0.02069	0.00031	0.00593	0.00013	0.00012	3.8e-05	0.00924	0.01013	6.6e-05	0.00017
1	0.00016	0.00012	0.00014	0.00014	0.00017	0.00011	0.00010	0.00020	0.01366	0.01375	0.31507	0.03504	0.58126	0.02213	0.00015	4.2e-05	6.3e-05	0.01747	0.00012	0.00011
2	0.00516	0.00014	0.00018	0.00487	0.00662	0.00599	0.00506	0.00495	0.00721	0.02357	0.22609	0.37737	0.12140	0.03629	0.00517	4.7e-05	0.07539	0.04469	0.02528	0.02453
3	0.00042	0.05886	0.00036	0.01032	0.04385	0.80602	0.00023	0.04730	0.01084	0.00032	0.01035	0.00023	0.00017	0.00012	0.00011	3.1e-05	0.01018	8.2e-05	6.5e-05	0.00014
4	0.01446	0.01290	0.01400	0.01085	0.06064	0.01941	0.00818	0.01322	0.01993	0.02051	0.00627	0.00709	0.00019	9.8e-05	9.4e-05	2.2e-05	9.8e-05	8e-05	7.3e-05	0.79188
5	0.03054	0.57801	0.23969	0.00026	0.00995	0.04871	0.03513	0.02322	0.00026	0.00984	0.00019	0.00022	0.00016	0.00011	0.00738	3.1e-05	0.00895	7.6e-05	5.5e-05	0.00722
6	0.00022	0.00020	0.00526	0.00027	0.02874	0.00790	0.07696	0.00559	0.00689	0.01885	0.02122	0.33272	0.00691	0.01269	0.00586	0.00545	0.38260	0.07610	0.00546	0.00012
7	0.00021	0.00018	0.01993	0.00789	0.02093	0.00538	0.01049	0.00025	0.00597	0.01375	0.42547	0.05874	0.04448	0.01148	0.06788	5.3e-05	0.27439	0.00017	0.00533	0.02702
8	0.00014	0.00012	0.00013	0.00013	0.00016	0.00010	9.5e-05	0.00017	0.00027	0.00033	0.04712	0.15349	0.79671	0.00031	0.00014	4.1e-05	6.2e-05	0.00026	0.00011	0.00010
9	0.02480	0.00016	0.00020	0.00017	0.00023	0.00015	0.00013	0.00043	0.00994	0.49970	0.01019	0.01161	0.00032	0.04513	0.00013	3.8e-05	8.4e-05	0.01768	0.37876	0.00016
10	0.00031	0.00618	0.00790	0.00682	0.00032	0.14100	0.00021	0.03993	0.54537	0.00625	0.00893	0.00038	0.00609	0.00767	0.00579	0.00596	0.20463	0.00012	0.00598	0.00017
11	0.00015	0.00011	0.00015	0.00017	0.02053	0.00011	0.00012	0.00019	0.01146	0.00033	0.08953	0.68196	0.14486	0.00034	0.00015	4.6e-05	7e-05	0.03293	0.01669	0.00010
12	0.05984	0.18055	0.04542	0.00025	0.01134	0.18755	0.00780	0.14989	0.19948	0.13571	0.01368	0.00031	0.00024	0.00014	0.00011	3.4e-05	0.00013	0.00725	9.4e-05	0.00017

[dist]
# distance from previous block
# <min> <max>
1	4

[block]
# block no. 5 follows, 2899 sequences, length 21
# corresponding to MSA columns:
# 320,323-342
name=unknown_F
#
# <colnr> <probs for GDERKNQSTAVLIFYWHMCP>
#	G	D	E	R	K	N	Q	S	T	A	V	L	I	F	Y	W	H	M	C	P
0	0.31116	0.00022	0.00025	0.03130	0.03212	0.00680	0.00806	0.05724	0.03420	0.38249	0.04686	0.00419	0.01943	0.00336	0.00538	3.9e-05	0.03872	0.00955	0.00848	0.00016
1	0.00444	0.04143	0.15948	0.09029	0.19251	0.03742	0.07777	0.16940	0.05819	0.04109	0.03064	0.00032	0.00483	0.00013	0.00014	3.8e-05	0.07143	0.00668	7.7e-05	0.01368
2	0.00015	0.00011	0.00014	0.00016	0.00017	0.00010	0.00011	0.00867	0.00024	0.00031	0.03777	0.66483	0.13303	0.12152	0.00021	5.5e-05	7.5e-05	0.03215	0.00011	9.7e-05
3	0.00839	0.08558	0.14460	0.09534	0.09319	0.21197	0.03400	0.08281	0.01927	0.01363	0.02511	0.00824	0.00846	0.02743	0.05655	4.7e-05	0.07496	0.00523	0.00503	0.00015
4	0.00021	0.00014	0.00018	0.00019	0.00022	0.00013	0.00016	0.00025	0.00028	0.07848	0.05243	0.05396	0.15731	0.05669	0.00018	5.3e-05	9.7e-05	0.59881	0.00011	0.00011
5	0.00027	0.04779	0.44272	0.17193	0.04680	0.00675	0.05198	0.06176	0.10327	0.01500	0.01205	0.00578	0.00785	0.00013	0.00324	0.00698	0.00953	0.00303	0.00297	0.00017
6	0.00017	0.00012	0.00015	0.00016	0.00018	0.00011	0.00012	0.00019	0.00025	0.02419	0.03021	0.45083	0.22969	0.09729	0.00020	5.4e-05	7.9e-05	0.16582	0.00011	0.00010
7	0.00027	0.01768	0.05136	0.07341	0.17589	0.02330	0.01358	0.01185	0.38521	0.01523	0.06522	0.02218	0.07470	0.01367	0.04129	4.6e-05	0.01032	0.00452	9.5e-05	0.00016
8	0.00021	0.00013	0.00017	0.00015	0.00019	0.00012	0.00012	0.00026	0.00032	0.12592	0.60825	0.01971	0.20007	0.01536	0.00014	3.9e-05	6.5e-05	0.00836	0.02029	0.00012
9	0.02248	0.10380	0.24544	0.06088	0.06667	0.13790	0.07818	0.03638	0.03961	0.08902	0.02646	0.00032	0.01090	0.00352	0.05639	4.5e-05	0.00985	0.00316	0.00881	0.00016
10	0.00841	0.01659	0.00874	0.31083	0.29964	0.05574	0.03839	0.04174	0.08614	0.00641	0.03122	0.00526	0.03233	0.00349	0.00542	0.00633	0.00616	0.03370	0.00329	0.00016
11	0.93453	0.01231	0.00718	0.00017	0.01434	0.01356	0.00014	0.00823	0.00021	0.00053	0.00787	0.00020	0.00014	0.00011	7.6e-05	3.7e-05	9.6e-05	6.7e-05	7.4e-05	0.00013
12	0.00024	0.00023	0.02807	0.69342	0.15048	0.00673	0.00520	0.00451	0.00436	0.00033	0.00524	0.00469	0.01799	0.00837	0.00694	4.2e-05	0.00753	0.05089	0.00460	0.00014
13	0.97251	0.00023	0.00018	0.00016	0.00023	0.00027	0.00013	0.00036	0.00021	0.02463	0.00017	0.00020	0.00013	0.00011	7.5e-05	3.7e-05	9.3e-05	6.6e-05	7.6e-05	0.00013
14	0.00017	0.00013	0.00019	0.00019	0.00021	0.00015	0.00015	0.00021	0.00019	0.00028	0.00032	0.00048	0.00030	0.05589	0.92419	0.00019	0.01646	0.00013	6.4e-05	0.00011
15	0.00020	0.00721	0.05928	0.04758	0.01091	0.00491	0.04095	0.02016	0.02463	0.02463	0.67856	0.01907	0.02751	0.00022	0.00014	0.00319	0.01902	0.00793	0.00376	0.00013
16	0.01052	0.00359	0.00026	0.01355	0.00490	0.01183	0.01315	0.15207	0.04464	0.05051	0.04417	0.05794	0.01533	0.00349	0.00011	2.7e-05	9.8e-05	0.00409	9e-05	0.56962
17	0.04520	0.00023	0.00029	0.00023	0.00031	0.00022	0.02134	0.17239	0.01738	0.69877	0.02990	0.00643	0.00030	0.00629	0.00012	3.7e-05	0.00011	0.00012	0.00014	0.00019
18	0.00367	0.30814	0.33026	0.00566	0.00871	0.06103	0.01313	0.10740	0.04494	0.04969	0.03025	0.00471	0.00597	0.00633	0.00387	3.5e-05	0.00387	0.00302	7.1e-05	0.00924
19	0.05016	0.03532	0.21009	0.07476	0.09336	0.06825	0.11072	0.07435	0.03115	0.10826	0.04021	0.02893	0.00774	0.01030	0.00811	4e-05	0.01050	0.03370	8e-05	0.00397
20	0.00562	0.00572	0.00524	0.21781	0.02705	0.56033	0.00944	0.01775	0.04873	0.00636	0.00358	0.00520	0.02983	0.01287	0.01041	3.7e-05	0.02687	9.8e-05	0.00302	0.00402

[dist]
# distance from previous block
# <min> <max>
1	12

[block]
# block no. 6 follows, 2899 sequences, length 10
# corresponding to MSA columns:
# 361,362,380-387
name=unknown_G
#
# <colnr> <probs for GDERKNQSTAVLIFYWHMCP>
#	G	D	E	R	K	N	Q	S	T	A	V	L	I	F	Y	W	H	M	C	P
0	0.02248	0.07915	0.02649	0.11392	0.07803	0.03239	0.11314	0.04392	0.03856	0.15779	0.04917	0.07486	0.00951	0.00018	0.00595	0.01862	0.02788	0.08961	0.00679	0.01153
1	0.04750	0.05702	0.12452	0.01285	0.02700	0.00757	0.01255	0.08897	0.05105	0.05549	0.04961	0.04165	0.03585	0.00613	0.00609	3.2e-05	0.00624	0.00575	8.4e-05	0.36405
2	0.00017	0.00017	0.06915	0.00016	0.01209	0.00879	0.00013	0.02155	0.00028	0.01617	0.14765	0.04712	0.61014	0.02162	0.01074	4.3e-05	7.8e-05	0.01488	0.00011	0.01894
3	0.81250	0.02779	0.01157	0.00018	0.00026	0.05879	0.01321	0.03019	0.01259	0.01287	0.00018	0.00021	0.00014	0.00012	8.6e-05	3.7e-05	0.01900	7e-05	7.5e-05	0.00014
4	0.00628	0.01581	0.01204	0.22181	0.03531	0.03120	0.02135	0.01215	0.11622	0.02771	0.17665	0.05918	0.02815	0.09048	0.08869	0.02393	0.01394	0.01293	0.00604	0.00013
5	0.00015	0.00012	0.00013	0.00014	0.00017	0.00010	0.00010	0.00018	0.00026	0.00032	0.03064	0.23322	0.63280	0.02414	0.00016	4.5e-05	6.8e-05	0.07704	0.00011	0.00010
6	0.00777	0.00021	0.00027	0.01457	0.05049	0.00661	0.05557	0.01541	0.00856	0.18762	0.04558	0.06027	0.02141	0.04143	0.03164	3.8e-05	0.00860	0.01166	9.1e-05	0.43222
7	0.00017	0.00013	0.00015	0.00015	0.00018	0.00012	0.00011	0.00023	0.08508	0.00039	0.33203	0.24234	0.31258	0.00029	0.00014	4.2e-05	6.5e-05	0.02556	0.00012	0.00011
8	0.00033	0.91906	0.00060	0.00021	0.00031	0.07725	0.00021	0.00037	0.00025	0.00028	0.00017	0.00019	0.00015	0.00010	7.9e-05	2.6e-05	0.00013	6.5e-05	5.2e-05	0.00015
9	0.05303	0.00027	0.00031	0.00024	0.00033	0.01568	0.01957	0.41879	0.01595	0.44643	0.01381	0.00035	0.00026	0.00014	0.00012	3.6e-05	0.00012	0.00011	0.01425	0.00019

[dist]
# distance from previous block
# <min> <max>
0	2

[block]
# block no. 7 follows, 2899 sequences, length 61
# corresponding to MSA columns:
# 390-410,416,418-445,447-452,456-460
name=unknown_H
#
# <colnr> <probs for GDERKNQSTAVLIFYWHMCP>
#	G	D	E	R	K	N	Q	S	T	A	V	L	I	F	Y	W	H	M	C	P
0	0.00170	0.00336	0.00180	0.00367	0.00267	0.01025	0.00013	0.21777	0.01643	0.00545	0.02758	0.13372	0.52600	0.00027	0.01313	4.2e-05	8.4e-05	0.00238	0.03343	0.00013
1	0.00017	0.00012	0.00017	0.00017	0.00018	0.00014	0.00012	0.00020	0.00018	0.00026	0.00034	0.00060	0.00036	0.43010	0.55548	0.00016	0.01094	0.00015	6.8e-05	9.2e-05
2	0.00506	0.00030	0.00032	0.00026	0.00034	0.01394	0.00021	0.54894	0.41324	0.01552	0.00037	0.00035	0.00027	0.00015	0.00012	3.8e-05	0.00012	0.00012	0.00012	0.00020
3	0.00025	0.00021	0.00025	0.00018	0.00028	0.00016	0.00014	0.00030	0.00025	0.00039	0.00021	0.00025	0.00018	8.9e-05	8.9e-05	1.8e-05	8.9e-05	7.1e-05	7.1e-05	0.99653
4	0.00016	0.00012	0.00015	0.00014	0.00017	0.00011	0.00011	0.00021	0.00380	0.00042	0.62983	0.00548	0.35441	0.00027	0.00014	3.9e-05	5.8e-05	0.00416	0.00012	0.00011
5	0.00138	0.01786	0.12150	0.23466	0.31704	0.01173	0.02424	0.05176	0.03652	0.00810	0.02750	0.11430	0.00536	0.00146	0.01157	4.1e-05	0.01164	0.00311	7.1e-05	0.00016
6	0.00029	0.00029	0.00042	0.36966	0.45876	0.12497	0.01193	0.01509	0.00436	0.00325	0.00022	0.00296	0.00018	0.00012	0.00012	3.7e-05	0.00705	0.00010	5.9e-05	0.00016
7	0.00018	0.00012	0.00016	0.00015	0.00018	0.00011	0.00011	0.00023	0.00033	0.02696	0.88336	0.00567	0.06972	0.00482	0.00014	3.8e-05	5.8e-05	0.00354	0.00400	0.00011
8	0.00222	0.00036	0.00033	0.00643	0.09498	0.30976	0.00823	0.25462	0.10223	0.14783	0.05379	0.00362	0.00691	0.00014	0.00012	3.5e-05	0.00282	0.00530	0.0001	0.00017
9	0.00017	0.00013	0.00019	0.00019	0.00020	0.00014	0.00353	0.00021	0.00019	0.00028	0.00503	0.01164	0.00591	0.11215	0.83354	0.00740	0.00223	0.01403	0.00273	0.00010
10	0.00680	0.01808	0.09529	0.07279	0.15885	0.07446	0.11684	0.11157	0.17593	0.06915	0.03369	0.01601	0.00733	0.01080	0.01117	0.00292	0.01794	0.00012	8.6e-05	0.00017
11	0.00017	0.00012	0.00016	0.00015	0.00018	0.00011	0.00011	0.00023	0.01239	0.00826	0.82212	0.00092	0.15413	0.00025	0.00014	3.8e-05	5.8e-05	0.00022	0.00013	0.00011
12	0.00879	0.07074	0.79929	0.00033	0.00049	0.00495	0.04658	0.03401	0.02621	0.00394	0.00022	0.00026	0.00016	0.00012	0.00011	3.7e-05	0.00017	0.00335	5.6e-05	0.00017
13	0.00042	0.06281	0.02325	0.00610	0.02335	0.42388	0.02144	0.12302	0.00948	0.19479	0.00026	0.00461	0.00020	0.00013	0.00011	3.2e-05	0.00683	9.2e-05	8.6e-05	0.09910
14	0.00036	0.00022	0.00572	0.00022	0.00029	0.00023	0.00018	0.02656	0.50180	0.31074	0.06914	0.00047	0.00454	0.02501	0.03967	4.7e-05	0.00010	0.00255	0.01196	0.00018
15	0.00022	0.00021	0.00034	0.89895	0.00076	0.00588	0.00031	0.00638	0.00024	0.00031	0.00025	0.05478	0.00021	0.00014	0.00012	0.00515	0.00015	0.02541	5.8e-05	0.00013
16	0.00018	0.00015	0.05601	0.00016	0.00020	0.00012	0.00457	0.00023	0.00033	0.00784	0.87211	0.01377	0.02830	0.01197	0.00015	3.9e-05	0.00343	0.00021	0.00013	0.00012
17	0.51124	0.01679	0.41462	0.00024	0.01017	0.00027	0.00243	0.01388	0.00023	0.02473	0.00237	0.00023	0.00015	0.00011	9.4e-05	3.7e-05	0.00210	7.7e-05	6.6e-05	0.00015
18	0.04587	0.00722	0.05339	0.02820	0.03057	0.02643	0.74456	0.03044	0.00455	0.00630	0.00024	0.00480	0.00018	0.00011	0.00014	4e-05	0.01259	0.00414	6.3e-05	0.00016
19	0.00025	0.07508	0.00973	0.38341	0.12219	0.05506	0.02055	0.04786	0.00425	0.01004	0.13918	0.00388	0.07101	0.00861	0.00254	0.00340	0.00431	0.03844	7.6e-05	0.00014
20	0.00030	0.04456	0.01034	0.00023	0.00030	0.01693	0.00018	0.04499	0.68709	0.04160	0.01275	0.06886	0.01041	0.00017	0.00012	3.8e-05	9.8e-05	0.00014	0.00011	0.06076
21	0.02198	0.76941	0.00867	0.00023	0.01336	0.14938	0.00735	0.00812	0.00026	0.00030	0.00232	0.00021	0.00832	0.00011	8.7e-05	2.7e-05	0.00959	7e-05	5.5e-05	0.00015
22	0.00017	0.00012	0.00017	0.00018	0.01369	0.00013	0.00279	0.00452	0.00020	0.00028	0.00041	0.21245	0.00044	0.25259	0.50278	0.00014	0.00021	0.00581	0.00282	9.8e-05
23	0.00031	0.82090	0.16670	0.00023	0.00034	0.00922	0.00024	0.00036	0.00025	0.00030	0.00017	0.00020	0.00015	0.00010	8.3e-05	2.8e-05	0.00014	6.8e-05	5.1e-05	0.00016
24	0.00029	0.00028	0.00390	0.13261	0.80274	0.00792	0.01022	0.01644	0.00419	0.00498	0.00023	0.00031	0.00019	0.00011	0.00012	3.6e-05	0.00014	0.01309	0.00202	0.00018
25	0.00015	0.00011	0.00014	0.00016	0.00017	9.8e-05	0.00011	0.00017	0.00023	0.00031	0.01526	0.92675	0.05516	0.00037	0.00015	4.8e-05	6.9e-05	0.00033	0.00011	9.8e-05
26	0.00023	0.00019	0.00620	0.00019	0.00023	0.01687	0.00014	0.04072	0.35440	0.00550	0.26933	0.02462	0.27411	0.00023	0.00013	4e-05	7.8e-05	0.00460	0.00206	0.00014
27	0.00015	0.00011	0.00014	0.00016	0.00018	0.00011	0.00298	0.00018	0.00024	0.00032	0.04913	0.50578	0.22133	0.09744	0.00281	5.4e-05	7.7e-05	0.11860	0.00011	9.8e-05
28	0.00029	0.40967	0.43921	0.00228	0.01080	0.04304	0.00543	0.01807	0.04463	0.00035	0.00362	0.00025	0.00190	0.01063	0.00252	3.4e-05	0.00015	0.00691	5.7e-05	0.00016
29	0.00016	0.00012	0.00014	0.00014	0.00018	0.00011	0.00011	0.00020	0.00030	0.00495	0.46205	0.07746	0.40333	0.00028	0.00014	4e-05	6.2e-05	0.04999	0.00012	0.00011
30	0.00162	0.00829	0.50726	0.00218	0.01896	0.00443	0.01303	0.01636	0.05288	0.00975	0.00391	0.01409	0.00903	0.01119	0.01701	0.29246	0.00221	0.01513	6e-05	0.00014
31	0.00428	0.00026	0.00027	0.00024	0.00031	0.00030	0.00019	0.03853	0.94196	0.00751	0.00447	0.00044	0.00036	0.00016	0.00012	4e-05	9.6e-05	0.00013	0.00012	0.00019
32	0.00037	0.46097	0.00049	0.00377	0.11335	0.40747	0.00023	0.00696	0.00484	0.00030	0.00018	0.00022	0.00016	0.00011	9.5e-05	2.9e-05	0.00017	7.5e-05	5.7e-05	0.00015
33	0.85307	0.00195	0.00657	0.00398	0.01433	0.02300	0.01769	0.01759	0.00022	0.01369	0.00199	0.00021	0.00014	0.00011	8e-05	3.6e-05	0.00300	6.9e-05	7.5e-05	0.04220
34	0.00732	0.00981	0.00181	0.00342	0.00035	0.00280	0.05458	0.47179	0.28996	0.10781	0.04256	0.00037	0.00210	0.00015	0.00012	3.8e-05	0.00012	0.00012	0.00456	0.00019
35	0.00015	0.00012	0.00014	0.00014	0.00017	0.00011	0.00010	0.00221	0.01660	0.00239	0.20114	0.11008	0.61873	0.00370	0.00014	4.2e-05	6.4e-05	0.04091	0.00295	0.00011
36	0.03991	0.17455	0.06286	0.06385	0.04477	0.04474	0.00736	0.16266	0.17512	0.04746	0.00738	0.04048	0.02445	0.00015	0.00193	3.7e-05	0.07570	0.00291	0.00935	0.01432
37	0.01995	0.00021	0.00025	0.00018	0.00028	0.00016	0.00014	0.00907	0.00275	0.08219	0.00512	0.00029	0.03249	0.00010	9.3e-05	2.1e-05	8.9e-05	8.2e-05	7.9e-05	0.84646
38	0.00027	0.10640	0.41422	0.15658	0.11386	0.01756	0.07172	0.01568	0.00712	0.02415	0.01083	0.00619	0.00211	0.00015	0.04296	4.3e-05	0.00983	0.00010	5.9e-05	0.00016
39	0.00028	0.41857	0.40499	0.00202	0.05941	0.00743	0.03395	0.00487	0.00921	0.00853	0.02362	0.00185	0.00299	0.00012	0.00010	0.00520	0.00150	0.01514	5.7e-05	0.00016
40	0.01563	0.00021	0.00028	0.00021	0.00030	0.00018	0.00018	0.03832	0.00648	0.91021	0.00891	0.01340	0.00030	0.00015	0.00012	3.7e-05	0.00010	0.00012	0.00464	0.00020
41	0.00016	0.00012	0.00014	0.00015	0.00017	0.00011	0.00011	0.00020	0.01767	0.00371	0.33169	0.30589	0.27427	0.04256	0.00016	4.5e-05	6.6e-05	0.01923	0.00345	0.00010
42	0.06280	0.00723	0.00477	0.18265	0.06867	0.00579	0.01501	0.26592	0.02511	0.29536	0.00350	0.04178	0.00185	0.00015	0.00012	3.8e-05	0.00146	0.01752	0.00011	0.00018
43	0.00730	0.00756	0.12174	0.09373	0.02775	0.00492	0.06755	0.16772	0.00956	0.01075	0.01300	0.26018	0.01394	0.06077	0.11325	0.00223	0.00343	0.01440	8.7e-05	0.00014
44	0.08969	0.00022	0.00028	0.00022	0.00031	0.00021	0.00018	0.13374	0.01335	0.75479	0.00552	0.00037	0.00027	0.00014	0.00012	3.7e-05	0.00010	0.00011	0.00014	0.00020
45	0.10753	0.00021	0.00026	0.00021	0.00029	0.00019	0.00017	0.06931	0.00294	0.72930	0.06852	0.01705	0.00315	0.00015	0.00012	3.7e-05	9.9e-05	0.00012	0.00014	0.00019
46	0.01397	0.01884	0.03121	0.21722	0.49474	0.01609	0.00841	0.04098	0.12311	0.01598	0.00026	0.00210	0.00276	0.00012	0.00247	3.8e-05	0.00581	0.00288	0.00283	0.00017
47	0.00017	0.00014	0.00015	0.00014	0.00018	0.00013	0.00011	0.00024	0.12077	0.00355	0.12804	0.04511	0.69435	0.00028	0.00014	4e-05	6.5e-05	0.00619	0.00012	0.00011
48	0.00015	0.00011	0.00014	0.00017	0.00018	0.00010	0.00012	0.00017	0.00283	0.00031	0.00675	0.87499	0.02258	0.01756	0.00357	5e-05	7.4e-05	0.06994	0.00011	9.8e-05
49	0.00274	0.00505	0.01524	0.02727	0.08518	0.01297	0.17242	0.09664	0.10631	0.05593	0.17278	0.00062	0.18062	0.00019	0.00398	4e-05	0.00968	0.03980	0.01237	0.00015
50	0.02198	0.25222	0.46235	0.00762	0.05744	0.01767	0.07215	0.01625	0.00153	0.00229	0.00022	0.01657	0.00191	0.00341	0.02916	0.00346	0.02830	0.00525	5.6e-05	0.00016
51	0.00026	0.00477	0.00048	0.00037	0.00406	0.00345	0.41555	0.00031	0.00023	0.00033	0.00025	0.10954	0.00024	0.00020	0.02702	5e-05	0.42863	0.00015	0.00397	0.00014
52	0.00015	0.00011	0.00014	0.00016	0.00016	0.00010	0.00010	0.00017	0.00022	0.00029	0.00993	0.65751	0.03029	0.27399	0.00028	6.7e-05	8.3e-05	0.02606	0.00010	9.1e-05
53	0.17146	0.07543	0.06299	0.03087	0.05444	0.14021	0.06843	0.16430	0.03982	0.08648	0.00617	0.00819	0.00211	0.00206	0.00011	3.7e-05	0.00413	0.07700	0.00559	0.00016
54	0.00139	0.00014	0.00592	0.00306	0.00852	0.00012	0.00451	0.02302	0.00330	0.07996	0.21160	0.41893	0.15683	0.01536	0.00194	4.4e-05	0.00152	0.01961	0.00233	0.04190
55	0.00020	0.00012	0.00014	0.00014	0.00015	0.00012	8.4e-05	0.00021	0.00587	0.07934	0.00805	0.04603	0.00775	0.83020	0.00246	0.00211	0.00011	0.00487	0.01195	8.6e-05
56	0.05499	0.00019	0.01172	0.09771	0.01151	0.00359	0.02603	0.08249	0.07914	0.06832	0.31902	0.02987	0.18382	0.00199	0.00013	3.9e-05	0.00187	0.02732	0.00011	0.00014
57	0.08360	0.31212	0.21095	0.00026	0.00252	0.22316	0.01205	0.05495	0.02506	0.03581	0.00021	0.00415	0.00017	0.00215	0.00576	3.4e-05	0.02675	8.2e-05	6.5e-05	0.00016
58	0.00604	0.00334	0.07854	0.03801	0.00713	0.00549	0.01352	0.01021	0.00513	0.01859	0.02408	0.53677	0.04194	0.19170	0.00023	5.9e-05	0.00165	0.01604	9.6e-05	0.00143
59	0.03056	0.11418	0.18706	0.08231	0.07309	0.13934	0.02531	0.07406	0.16988	0.00809	0.00026	0.00029	0.00217	0.01313	0.00012	3.6e-05	0.01295	9.8e-05	0.00372	0.06333
60	0.10448	0.20379	0.28810	0.00605	0.01812	0.04634	0.00407	0.01361	0.02000	0.03619	0.06578	0.01247	0.13316	0.01020	0.00012	3.6e-05	0.01059	0.01641	0.00327	0.00722

[dist]
# distance from previous block
# <min> <max>
10	44

[block]
# block no. 8 follows, 2899 sequences, length 13
# corresponding to MSA columns:
# 521-533
name=unknown_I
#
# <colnr> <probs for GDERKNQSTAVLIFYWHMCP>
#	G	D	E	R	K	N	Q	S	T	A	V	L	I	F	Y	W	H	M	C	P
0	0.02584	0.10890	0.15424	0.03066	0.03428	0.02955	0.02008	0.03801	0.03791	0.11462	0.06794	0.20085	0.01941	0.00485	0.00012	3.7e-05	0.00011	0.01688	0.00469	0.09102
1	0.02593	0.11887	0.18685	0.03408	0.10922	0.02678	0.09381	0.04210	0.03701	0.07734	0.03432	0.00600	0.01428	0.00014	0.00475	3.8e-05	0.12769	0.01124	0.00456	0.04498
2	0.01052	0.08265	0.01986	0.02456	0.10106	0.01671	0.02793	0.01491	0.06711	0.02778	0.05824	0.11700	0.07474	0.12640	0.04337	0.00437	0.04028	0.12751	8.8e-05	0.01491
3	0.00564	0.21734	0.13134	0.14580	0.02098	0.16514	0.02005	0.07243	0.01481	0.09746	0.02351	0.00567	0.04963	0.00479	0.00499	3.5e-05	0.00015	0.00497	7.5e-05	0.01517
4	0.00935	0.01414	0.06604	0.05572	0.24134	0.02414	0.11852	0.03590	0.02424	0.14170	0.00631	0.00551	0.00883	0.00012	0.00012	3.3e-05	0.00668	0.01795	7.9e-05	0.22327
5	0.01723	0.10996	0.04904	0.00474	0.01359	0.08374	0.03266	0.07716	0.00685	0.07730	0.14727	0.16538	0.12920	0.00658	0.02087	4.2e-05	0.02001	0.03115	9.8e-05	0.00713
6	0.00017	0.01116	0.01006	0.00593	0.01020	0.01591	0.00928	0.00020	0.00813	0.01124	0.00650	0.78311	0.00748	0.04094	0.02597	5.4e-05	0.01402	0.03946	0.00010	0.00010
7	0.01796	0.08820	0.12998	0.01108	0.15809	0.03158	0.02410	0.11085	0.01631	0.10969	0.01442	0.20891	0.00665	0.02798	0.01848	0.00534	0.00013	0.02001	8.9e-05	0.00016
8	0.00025	0.00021	0.01539	0.21782	0.13712	0.00657	0.01634	0.03245	0.15025	0.04116	0.02060	0.09561	0.02605	0.00021	0.00014	4.3e-05	0.00710	0.22679	0.00576	0.00015
9	0.00828	0.01324	0.02550	0.02048	0.23641	0.02238	0.00547	0.10078	0.13620	0.01683	0.00529	0.01501	0.00718	0.00013	0.00011	3.1e-05	0.01680	0.02650	8.2e-05	0.34330
10	0.00015	0.00012	0.00014	0.00014	0.00017	0.00010	0.00010	0.00019	0.00029	0.00037	0.30327	0.15898	0.53498	0.00030	0.00014	4.1e-05	6.1e-05	0.00026	0.00012	0.00010
11	0.00773	0.32337	0.48826	0.00028	0.01320	0.01271	0.00807	0.02761	0.03485	0.02246	0.04296	0.00734	0.01043	0.00012	0.00010	3.4e-05	0.00015	9.3e-05	6.2e-05	0.00017
12	0.01013	0.44360	0.45847	0.00027	0.00041	0.01044	0.00953	0.02878	0.01381	0.00935	0.00021	0.00024	0.01406	0.00011	9.8e-05	3.2e-05	0.00015	8.1e-05	5.6e-05	0.00017

[dist]
# distance from previous block
# <min> <max>
0	2

[block]
# block no. 9 follows, 2899 sequences, length 58
# corresponding to MSA columns:
# 536-563,567-588,590-597
name=unknown_J
#
# <colnr> <probs for GDERKNQSTAVLIFYWHMCP>
#	G	D	E	R	K	N	Q	S	T	A	V	L	I	F	Y	W	H	M	C	P
0	0.00015	0.00011	0.00015	0.00017	0.00019	0.00010	0.00404	0.00018	0.00642	0.00031	0.00065	0.83304	0.00672	0.01109	0.00016	5e-05	7.6e-05	0.13617	0.00011	9.9e-05
1	0.05047	0.39237	0.42410	0.00311	0.00040	0.11615	0.00522	0.00349	0.00026	0.00034	0.00019	0.00022	0.00015	0.00011	9.7e-05	3.2e-05	0.00300	7.7e-05	5.3e-05	0.00016
2	0.00015	0.00010	0.00014	0.00017	0.00017	9.8e-05	0.00011	0.00017	0.00023	0.00030	0.00065	0.94736	0.00078	0.03980	0.00017	5.1e-05	7.2e-05	0.00929	0.00011	9.6e-05
3	0.00483	0.00031	0.00035	0.00028	0.00037	0.00034	0.05615	0.65640	0.26201	0.00066	0.00034	0.00033	0.00024	0.00014	0.00012	3.7e-05	0.00012	0.00012	0.00012	0.01673
4	0.00555	0.00014	0.01002	0.00016	0.00020	0.00013	0.01214	0.01955	0.00033	0.06563	0.81795	0.01934	0.00694	0.00023	0.00014	3.7e-05	6.6e-05	0.00437	0.00013	0.03695
5	0.00023	0.00021	0.00036	0.99551	0.00082	0.00027	0.00033	0.00031	0.00024	0.00031	0.00021	0.00032	0.00016	0.00012	0.00012	4e-05	0.00016	0.00011	5.3e-05	0.00013
6	0.00044	0.00029	0.00032	0.00025	0.00034	0.00031	0.00020	0.70284	0.02545	0.17993	0.00033	0.00034	0.00024	0.03485	0.00013	3.8e-05	0.00012	0.00011	0.04342	0.01004
7	0.00397	0.00017	0.00023	0.01005	0.02184	0.00714	0.02211	0.02975	0.03660	0.25227	0.00042	0.16155	0.00039	0.12079	0.32044	9.9e-05	0.00747	0.00450	9.7e-05	0.00014
8	0.00045	0.00056	0.00034	0.00031	0.00037	0.97245	0.00023	0.02333	0.00034	0.00030	0.00019	0.00022	0.00016	0.00012	0.00011	3.1e-05	0.00021	7.8e-05	6.3e-05	0.00014
9	0.01165	0.00012	0.00013	0.00012	0.00016	0.00012	9.4e-05	0.00030	0.03492	0.02389	0.06046	0.00049	0.00036	0.00015	9.1e-05	3e-05	6e-05	0.02297	0.84377	0.00012
