[name]
unknown

[dist]
# distance from previous block
# <min> <max>
0	78

[block]
# block no. 0 follows, 2595 sequences, length 26
# corresponding to MSA columns:
# 120-141,143-145,150
name=unknown_A
#
# <colnr> <probs for GDERKNQSTAVLIFYWHMCP>
#	G	D	E	R	K	N	Q	S	T	A	V	L	I	F	Y	W	H	M	C	P
0	0.00310	0.00366	0.00023	0.00025	0.00775	0.01014	0.00437	0.03850	0.06455	0.01259	0.00830	0.01887	0.01055	0.00331	0.00018	5.8e-05	0.00012	0.80969	0.00012	0.00365
1	0.00020	0.00016	0.01990	0.00022	0.01845	0.00474	0.01310	0.00024	0.00022	0.00031	0.00037	0.00739	0.00652	0.16565	0.75055	0.00019	0.01145	0.00015	7.3e-05	0.00012
2	0.01046	0.00022	0.00030	0.00023	0.00033	0.00020	0.00019	0.01280	0.00038	0.92654	0.02832	0.00048	0.01855	0.00017	0.00013	4.1e-05	0.00011	0.00014	0.00016	0.00022
3	0.00017	0.00014	0.00016	0.00015	0.00019	0.00012	0.00011	0.00022	0.02144	0.00042	0.32999	0.02603	0.59678	0.00033	0.01639	4.7e-05	7.2e-05	0.00698	0.00013	0.00012
4	0.00018	0.00014	0.00015	0.00015	0.00019	0.00012	0.00011	0.00022	0.00031	0.02958	0.25925	0.04555	0.50637	0.14861	0.00024	5.7e-05	7.8e-05	0.00846	0.00012	0.00011
5	0.00031	0.02619	0.38242	0.03394	0.30790	0.02980	0.10292	0.00375	0.00459	0.03179	0.03935	0.00689	0.01077	0.00014	0.00337	4.2e-05	0.00828	0.00424	0.00313	0.00019
6	0.00033	0.02768	0.00762	0.00026	0.01852	0.02820	0.01418	0.11067	0.44928	0.06279	0.02275	0.00060	0.16841	0.01723	0.01123	4.7e-05	0.04219	0.00536	0.01245	0.00018
7	0.63292	0.00523	0.00028	0.01724	0.05481	0.06406	0.03867	0.06807	0.00029	0.07218	0.00524	0.02671	0.00020	0.00014	0.00424	4.2e-05	0.00012	0.00370	0.00569	0.00016
8	0.91945	0.01341	0.00021	0.00018	0.00026	0.02207	0.00015	0.02396	0.00024	0.00059	0.00019	0.00023	0.00015	0.01834	9.6e-05	4.3e-05	0.00011	7.6e-05	8.3e-05	0.00015
9	0.00032	0.00031	0.00054	0.03426	0.73953	0.01064	0.11950	0.00877	0.01892	0.00043	0.00434	0.00701	0.00490	0.01234	0.01638	4.5e-05	0.01535	0.00616	6.9e-05	0.00020
10	0.00031	0.00036	0.00079	0.00056	0.00070	0.00034	0.99399	0.00043	0.00031	0.00043	0.00027	0.00036	0.00020	0.00011	0.00016	4.5e-05	0.00022	0.00016	6.7e-05	0.00018
11	0.00020	0.00015	0.00395	0.00604	0.00023	0.00017	0.00015	0.00842	0.00023	0.00032	0.03283	0.04969	0.04849	0.21783	0.54632	0.00016	0.07271	0.00787	0.00413	0.00011
12	0.00029	0.00027	0.00393	0.32703	0.49684	0.00905	0.00803	0.00804	0.01724	0.00854	0.00028	0.04075	0.00732	0.00017	0.00898	0.04943	0.00362	0.00505	0.00496	0.00018
13	0.00023	0.00014	0.00019	0.00017	0.00021	0.00013	0.00013	0.00029	0.00037	0.09972	0.80992	0.04873	0.02218	0.01679	0.00016	4.4e-05	7e-05	0.00024	0.00015	0.00013
14	0.00287	0.00040	0.30292	0.03300	0.08167	0.00327	0.10854	0.12185	0.06634	0.14669	0.07443	0.00043	0.02057	0.00419	0.01638	4.5e-05	0.00723	0.00310	0.00591	0.00019
15	0.00032	0.00337	0.39662	0.00035	0.10046	0.00426	0.04798	0.01479	0.01205	0.13365	0.09254	0.02290	0.00592	0.00015	0.00013	3.9e-05	0.00015	0.00522	0.01245	0.14666
16	0.72231	0.10629	0.01233	0.00021	0.00030	0.13384	0.00825	0.00042	0.01427	0.00053	0.00019	0.00023	0.00016	0.00013	9e-05	3.9e-05	0.00013	7.6e-05	7.8e-05	0.00015
17	0.00351	0.31409	0.10158	0.12316	0.06367	0.00382	0.25724	0.04172	0.01042	0.03273	0.00429	0.01153	0.00277	0.00013	0.00284	0.00278	0.00836	0.01285	0.00230	0.00018
18	0.00026	0.00686	0.05268	0.01997	0.13744	0.00330	0.01655	0.01405	0.15007	0.03643	0.22313	0.02727	0.10730	0.06046	0.11825	0.00441	0.00525	0.01379	0.00011	0.00241
19	0.00017	0.00013	0.00016	0.00017	0.00019	0.00012	0.00012	0.00020	0.00029	0.00038	0.18106	0.40581	0.28741	0.02719	0.08929	6.6e-05	9.9e-05	0.00692	0.00012	0.00011
20	0.00026	0.09613	0.04531	0.13621	0.19481	0.01825	0.01430	0.00434	0.06089	0.00392	0.00981	0.04386	0.01981	0.16455	0.17104	0.00250	0.00487	0.00238	0.00659	0.00015
21	0.00019	0.00014	0.00017	0.00017	0.00020	0.00013	0.00012	0.00025	0.02867	0.01820	0.53947	0.17218	0.21212	0.01588	0.00017	4.6e-05	7e-05	0.01158	0.00014	0.00012
22	0.01413	0.20816	0.53821	0.00033	0.00047	0.06336	0.00774	0.00739	0.00028	0.00783	0.00023	0.00028	0.00018	0.00013	0.00014	3.8e-05	0.06469	0.00954	6.2e-05	0.07681
23	0.00029	0.00027	0.00045	0.19255	0.52965	0.00029	0.03344	0.01094	0.01145	0.00756	0.00030	0.08552	0.00028	0.02052	0.03006	5e-05	0.06739	0.00451	0.00432	0.00018
24	0.00017	0.00013	0.00017	0.01790	0.00021	0.00744	0.00721	0.00021	0.00535	0.00036	0.03817	0.57263	0.25259	0.02751	0.00621	5.4e-05	0.01107	0.04627	0.00621	0.00011
25	0.05490	0.19816	0.14083	0.00691	0.09569	0.10040	0.06030	0.06971	0.02737	0.09014	0.02475	0.00694	0.02261	0.00014	0.00391	3.8e-05	0.01665	0.00011	0.00258	0.07788

[dist]
# distance from previous block
# <min> <max>
2	12

[block]
# block no. 1 follows, 2595 sequences, length 12
# corresponding to MSA columns:
# 163,164,166-169,172,175-179
name=unknown_B
#
# <colnr> <probs for GDERKNQSTAVLIFYWHMCP>
#	G	D	E	R	K	N	Q	S	T	A	V	L	I	F	Y	W	H	M	C	P
0	0.73624	0.06757	0.02915	0.01162	0.08992	0.03273	0.01811	0.01258	0.00025	0.00055	0.00020	0.00023	0.00016	0.00012	9.2e-05	4e-05	0.00012	8e-05	7.8e-05	0.00016
1	0.02197	0.15161	0.26835	0.00033	0.03557	0.03069	0.05877	0.16951	0.06237	0.18038	0.00913	0.00033	0.00024	0.00014	0.00013	4e-05	0.01002	0.00011	9.7e-05	0.00020
2	0.01325	0.02567	0.14860	0.00650	0.16039	0.04920	0.03117	0.16237	0.20358	0.07832	0.04230	0.02501	0.02767	0.00016	0.00014	4.2e-05	0.00950	0.00014	0.00010	0.01589
3	0.00019	0.00014	0.00018	0.00017	0.00020	0.00013	0.00013	0.00929	0.00034	0.00887	0.52956	0.06368	0.27811	0.02530	0.02728	5e-05	0.02150	0.00866	0.00013	0.02610
4	0.00549	0.02450	0.37214	0.00774	0.03339	0.01065	0.04737	0.06486	0.27622	0.01624	0.07498	0.00913	0.03343	0.00558	0.00636	0.00633	0.00015	0.00014	0.00511	0.00019
5	0.00019	0.00013	0.00015	0.00016	0.00017	0.00012	9.9e-05	0.00020	0.00024	0.01421	0.03469	0.24646	0.15168	0.53592	0.01495	9.5e-05	0.00011	0.00025	0.00010	9.7e-05
6	0.03186	0.51058	0.06925	0.00707	0.06291	0.11193	0.00746	0.03241	0.04225	0.03225	0.02361	0.00028	0.00022	0.00014	0.01390	3.6e-05	0.00878	9.2e-05	7.2e-05	0.04488
7	0.00031	0.06101	0.23489	0.07034	0.23569	0.03918	0.14057	0.02727	0.07823	0.01543	0.05382	0.00638	0.00027	0.00014	0.00014	4.1e-05	0.01935	0.00013	0.00772	0.00909
8	0.00019	0.00014	0.00018	0.00017	0.00020	0.00013	0.00013	0.02568	0.00037	0.00051	0.79239	0.05736	0.12148	0.00029	0.00016	4.3e-05	6.6e-05	0.00025	0.00014	0.00013
9	0.00018	0.00013	0.00017	0.00020	0.01495	0.00012	0.00773	0.00021	0.01405	0.00687	0.03822	0.75055	0.04645	0.06361	0.00757	0.01278	0.00659	0.02037	0.00915	0.00011
10	0.00028	0.00016	0.00021	0.00021	0.00025	0.00015	0.00016	0.01224	0.01606	0.22331	0.03959	0.40068	0.01284	0.06550	0.00819	5.8e-05	0.00825	0.20346	0.00827	0.00014
11	0.00785	0.00017	0.00019	0.00019	0.02950	0.04319	0.00014	0.01077	0.01171	0.01055	0.51784	0.10137	0.19074	0.03956	0.01363	4.9e-05	0.00655	0.00627	0.00960	0.00013

[dist]
# distance from previous block
# <min> <max>
1	11

[block]
# block no. 2 follows, 2595 sequences, length 19
# corresponding to MSA columns:
# 195,196,198-205,209-215,219,221
name=unknown_C
#
# <colnr> <probs for GDERKNQSTAVLIFYWHMCP>
#	G	D	E	R	K	N	Q	S	T	A	V	L	I	F	Y	W	H	M	C	P
0	0.01017	0.02653	0.00548	0.00019	0.00502	0.00808	0.00392	0.04088	0.08109	0.07105	0.37692	0.11250	0.18296	0.02190	0.00016	4.5e-05	8.5e-05	0.01280	0.00394	0.03628
1	0.00032	0.00478	0.04873	0.01437	0.32278	0.01916	0.06276	0.06244	0.16214	0.04377	0.10801	0.05538	0.03834	0.01073	0.00730	4.5e-05	0.03168	0.00698	0.0001	0.00018
2	0.00022	0.02671	0.00020	0.00020	0.04651	0.00015	0.00014	0.01802	0.02233	0.04841	0.33828	0.10289	0.31512	0.03646	0.00746	0.00394	8.3e-05	0.00930	0.01895	0.00462
3	0.86068	0.04505	0.00022	0.00018	0.00026	0.00030	0.00015	0.00040	0.01800	0.02710	0.02994	0.00026	0.00019	0.00013	8.7e-05	4.1e-05	0.00010	8.1e-05	0.01668	0.00015
4	0.03016	0.01599	0.01142	0.01531	0.13813	0.03600	0.08128	0.05962	0.18585	0.30108	0.03208	0.00740	0.00434	0.00364	0.00014	4.1e-05	0.00678	0.00327	0.00465	0.06283
5	0.01787	0.05408	0.00030	0.01095	0.00032	0.00020	0.00017	0.00036	0.00028	0.06681	0.00025	0.00028	0.00020	0.00010	0.00010	2.2e-05	0.00010	8.3e-05	8.3e-05	0.84741
6	0.03611	0.02996	0.01801	0.00497	0.05143	0.00763	0.00735	0.01190	0.10882	0.06199	0.12384	0.13823	0.02952	0.18075	0.15499	0.00402	0.01629	0.00962	0.00441	0.00014
7	0.00020	0.00014	0.00018	0.00017	0.00021	0.00013	0.00013	0.00026	0.02687	0.04251	0.64333	0.15339	0.13138	0.00030	0.00016	4.4e-05	6.9e-05	0.00026	0.00014	0.00013
8	0.01539	0.12873	0.28728	0.00449	0.09116	0.04498	0.01447	0.10650	0.02943	0.20252	0.00695	0.01089	0.00024	0.00487	0.00602	4.1e-05	0.00990	0.00503	9.4e-05	0.03103
9	0.68307	0.03801	0.01293	0.01026	0.03558	0.10797	0.00643	0.06177	0.00690	0.03039	0.00021	0.00024	0.00016	0.00013	9.7e-05	4e-05	0.00547	8.2e-05	8.5e-05	0.00016
10	0.07337	0.00023	0.00029	0.00023	0.00496	0.00696	0.00450	0.03043	0.03252	0.75380	0.03709	0.00438	0.02579	0.00830	0.00770	4.4e-05	0.00011	0.00436	0.00471	0.00021
11	0.00708	0.00029	0.00726	0.02319	0.37653	0.00941	0.01732	0.15649	0.20440	0.03554	0.04898	0.04626	0.01139	0.01447	0.01335	4.6e-05	0.00582	0.00422	0.01775	0.00020
12	0.00019	0.00014	0.00018	0.00017	0.00020	0.00013	0.00012	0.00025	0.00037	0.01713	0.84471	0.01438	0.12098	0.00028	0.00016	4.2e-05	6.5e-05	0.00025	0.00014	0.00013
13	0.01270	0.01216	0.14658	0.01782	0.13812	0.01056	0.04358	0.10260	0.27687	0.02542	0.12974	0.02930	0.02936	0.00702	0.00826	4.5e-05	0.00482	0.00475	0.00011	0.00019
14	0.19668	0.00022	0.00026	0.00021	0.00030	0.00021	0.00017	0.00783	0.01409	0.62803	0.04055	0.04190	0.01376	0.00788	0.00013	4.2e-05	0.00011	0.00014	0.04730	0.00019
15	0.00031	0.01408	0.31029	0.02000	0.20217	0.01237	0.04590	0.03771	0.26254	0.00674	0.02904	0.00747	0.02966	0.00443	0.00014	4.3e-05	0.01245	0.00013	0.00432	0.00020
16	0.00019	0.00014	0.00017	0.00016	0.00020	0.00012	0.00012	0.00024	0.00035	0.01271	0.68525	0.02341	0.24937	0.00031	0.02662	4.8e-05	7.3e-05	0.00025	0.00014	0.00012
17	0.00620	0.00750	0.10473	0.00744	0.01878	0.01246	0.01782	0.00786	0.00796	0.01551	0.36783	0.23793	0.15107	0.00029	0.00016	4.6e-05	9.4e-05	0.03606	0.00012	0.00013
18	0.07624	0.05541	0.24165	0.06920	0.17036	0.08082	0.04422	0.10304	0.01584	0.12456	0.00515	0.00032	0.00021	0.00014	0.00013	4e-05	0.00654	0.00011	0.00583	0.00019

[dist]
# distance from previous block
# <min> <max>
0	1

[block]
# block no. 3 follows, 2595 sequences, length 16
# corresponding to MSA columns:
# 230-244,246
name=unknown_D
#
# <colnr> <probs for GDERKNQSTAVLIFYWHMCP>
#	G	D	E	R	K	N	Q	S	T	A	V	L	I	F	Y	W	H	M	C	P
0	0.00550	0.01172	0.07776	0.00970	0.00892	0.03207	0.38327	0.01252	0.05061	0.00464	0.00507	0.02581	0.00455	0.00018	0.00410	5e-05	0.34667	0.01177	7.1e-05	0.00502
1	0.51630	0.04123	0.00688	0.02363	0.04502	0.01269	0.00512	0.03733	0.04022	0.02178	0.09958	0.03055	0.06066	0.02862	0.01011	4.6e-05	0.00387	0.01156	9.6e-05	0.00470
2	0.00030	0.00028	0.00046	0.41659	0.46865	0.00988	0.02459	0.00737	0.00029	0.01927	0.00027	0.02928	0.00023	0.00014	0.00014	4.3e-05	0.00717	0.01481	6.8e-05	0.00018
3	0.45224	0.11767	0.03487	0.00461	0.00708	0.02306	0.08287	0.04265	0.01932	0.11628	0.00026	0.01349	0.00020	0.00448	0.00449	4.2e-05	0.07171	0.00010	0.00443	0.00017
4	0.00805	0.18478	0.10777	0.11504	0.42372	0.00711	0.01069	0.00712	0.00029	0.02089	0.00024	0.00030	0.00020	0.00012	0.00012	3.6e-05	0.00658	0.00010	6.7e-05	0.10677
5	0.00033	0.00032	0.00053	0.01405	0.93696	0.00032	0.00040	0.01355	0.01872	0.00044	0.00026	0.00033	0.00021	0.00012	0.00014	4e-05	0.01289	0.00012	6.8e-05	0.00021
6	0.00018	0.00015	0.00750	0.00017	0.00721	0.00013	0.01052	0.00757	0.00907	0.00046	0.52473	0.04270	0.38153	0.00030	0.00016	4.4e-05	7e-05	0.00726	0.00013	0.00012
7	0.00414	0.00683	0.01358	0.06412	0.08834	0.03322	0.00498	0.02332	0.10030	0.00042	0.13221	0.12720	0.32506	0.02082	0.02534	5.1e-05	0.01181	0.01361	0.00453	0.00014
8	0.02976	0.00018	0.00020	0.00019	0.00841	0.01797	0.00014	0.04364	0.07852	0.05112	0.44926	0.00093	0.29921	0.00027	0.00016	4.3e-05	0.01950	0.00022	0.00013	0.00014
9	0.01129	0.00014	0.00018	0.00936	0.00020	0.00015	0.02737	0.00022	0.00601	0.00604	0.08550	0.04592	0.09863	0.53262	0.16144	0.00012	0.00687	0.00775	9.2e-05	0.00010
10	0.00032	0.00030	0.00050	0.05621	0.78276	0.00031	0.01132	0.01744	0.03318	0.00044	0.03645	0.00038	0.00829	0.01843	0.00015	4.3e-05	0.03309	0.00013	7.3e-05	0.00020
11	0.00024	0.00020	0.00030	0.01083	0.25389	0.00021	0.00023	0.00751	0.00608	0.00035	0.00037	0.00844	0.00649	0.20177	0.34010	0.00012	0.05900	0.08658	7.7e-05	0.01722
12	0.00469	0.00029	0.01156	0.39503	0.43855	0.02024	0.00842	0.01668	0.00735	0.00485	0.00028	0.00629	0.02434	0.00014	0.00014	0.00998	0.02643	0.00744	6.8e-05	0.01726
13	0.00875	0.00025	0.00037	0.56583	0.02176	0.01780	0.00995	0.05356	0.01185	0.08326	0.00027	0.00034	0.00020	0.00013	0.00013	3.9e-05	0.01251	0.00011	7.8e-05	0.21280
14	0.00028	0.00027	0.00046	0.58997	0.36230	0.00030	0.01706	0.01411	0.00029	0.00038	0.00025	0.00035	0.00019	0.00014	0.01308	4.5e-05	0.00017	0.00012	6.3e-05	0.00017
15	0.00995	0.00524	0.00052	0.00570	0.74302	0.01597	0.07929	0.02521	0.06546	0.00534	0.00851	0.00536	0.00561	0.00013	0.00014	4.1e-05	0.02410	0.00013	7.4e-05	0.00020

[dist]
# distance from previous block
# <min> <max>
1	2

[block]
# block no. 4 follows, 2595 sequences, length 7
# corresponding to MSA columns:
# 249,251-253,256-258
name=unknown_E
#
# <colnr> <probs for GDERKNQSTAVLIFYWHMCP>
#	G	D	E	R	K	N	Q	S	T	A	V	L	I	F	Y	W	H	M	C	P
0	0.00031	0.00024	0.01173	0.00026	0.00031	0.01949	0.03761	0.24157	0.02653	0.03409	0.03383	0.00050	0.01670	0.06842	0.39396	0.00012	0.09170	0.01118	0.01130	0.00016
1	0.00029	0.01647	0.02473	0.37381	0.16680	0.02515	0.09804	0.02399	0.01027	0.01131	0.00998	0.01134	0.00978	0.00016	0.00018	4.6e-05	0.15128	0.05329	0.01289	0.00016
2	0.00030	0.00028	0.00045	0.30197	0.46448	0.02133	0.01489	0.03125	0.07334	0.00043	0.03071	0.01970	0.01362	0.00014	0.00014	4.2e-05	0.01317	0.00013	0.01345	0.00018
3	0.00031	0.00030	0.01697	0.13268	0.44631	0.04954	0.04840	0.01478	0.04303	0.00996	0.01579	0.02463	0.02295	0.04085	0.00019	4.7e-05	0.11108	0.01086	0.01115	0.00018
4	0.01762	0.01005	0.00046	0.16051	0.15325	0.10896	0.24344	0.00041	0.04976	0.04503	0.01616	0.01601	0.01246	0.00986	0.05751	0.01928	0.01223	0.06675	8.1e-05	0.00017
5	0.85829	0.04129	0.00023	0.00019	0.00027	0.00031	0.00016	0.02925	0.02943	0.03930	0.00021	0.00024	0.00016	0.00013	8.8e-05	4.1e-05	0.00011	7.8e-05	8.8e-05	0.00015
6	0.02368	0.00026	0.00036	0.00031	0.00032	0.00035	0.00025	0.02224	0.00022	0.00034	0.00030	0.00041	0.07991	0.06539	0.02749	6.5e-05	0.75723	0.00013	6.8e-05	0.02068

[dist]
# distance from previous block
# <min> <max>
0	1

[block]
# block no. 5 follows, 2595 sequences, length 14
# corresponding to MSA columns:
# 260-273
name=unknown_F
#
# <colnr> <probs for GDERKNQSTAVLIFYWHMCP>
#	G	D	E	R	K	N	Q	S	T	A	V	L	I	F	Y	W	H	M	C	P
0	0.00027	0.00023	0.00038	0.85432	0.02075	0.00028	0.00035	0.00036	0.00028	0.06574	0.05555	0.00040	0.00025	0.00014	0.00013	4.4e-05	0.00017	0.00013	7.1e-05	0.00015
1	0.00032	0.01704	0.01052	0.09578	0.00067	0.05564	0.74160	0.01233	0.00924	0.01450	0.00027	0.00035	0.00020	0.00012	0.00015	4.4e-05	0.01678	0.00014	6.9e-05	0.02422
2	0.01112	0.05630	0.10336	0.01229	0.05278	0.03764	0.11692	0.02337	0.00677	0.02494	0.00493	0.03522	0.07237	0.01679	0.03637	0.09115	0.11694	0.00717	0.00756	0.16600
3	0.00517	0.00016	0.01169	0.00693	0.00515	0.00521	0.00943	0.00026	0.07064	0.00033	0.01695	0.13741	0.09771	0.29101	0.29687	0.00468	0.01833	0.01643	0.00552	0.00012
4	0.00034	0.00029	0.00034	0.00029	0.00037	0.00033	0.05548	0.08014	0.75387	0.01234	0.00048	0.00047	0.00037	0.00017	0.00014	4.4e-05	0.01814	0.01057	0.00013	0.06570
5	0.00029	0.04152	0.25793	0.14851	0.27023	0.00781	0.05713	0.00850	0.02643	0.01858	0.07883	0.03812	0.01894	0.00017	0.01098	4.4e-05	0.00016	0.00929	0.00638	0.00018
6	0.00020	0.00015	0.00018	0.00018	0.00021	0.00014	0.00013	0.06558	0.00034	0.01087	0.38076	0.29710	0.21390	0.01903	0.00017	4.8e-05	7.6e-05	0.01070	0.00013	0.00012
7	0.00030	0.00029	0.05506	0.19363	0.29463	0.00531	0.05069	0.07973	0.07961	0.00927	0.08068	0.05223	0.01078	0.01182	0.00528	4.6e-05	0.00668	0.06371	9e-05	0.00018
8	0.00019	0.00015	0.00016	0.00016	0.00020	0.00014	0.00012	0.06556	0.00034	0.00043	0.21332	0.05644	0.66169	0.00032	0.00016	4.5e-05	7.2e-05	0.00027	0.00013	0.00012
9	0.01661	0.11500	0.17127	0.00655	0.24699	0.04615	0.02559	0.02393	0.22680	0.02178	0.02371	0.02970	0.03842	0.00016	0.00013	4.1e-05	0.00015	0.00675	9e-05	0.00019
10	0.08359	0.09390	0.13514	0.06885	0.11832	0.04131	0.09672	0.19696	0.02571	0.12257	0.00921	0.00661	0.00023	0.00014	0.00013	4e-05	0.00016	0.00012	9.3e-05	0.00019
11	0.00019	0.00015	0.00016	0.00015	0.00020	0.00014	0.00012	0.07303	0.00033	0.00040	0.06462	0.07564	0.75433	0.02974	0.00017	4.8e-05	7.6e-05	0.00027	0.00012	0.00012
12	0.02988	0.00631	0.05774	0.00520	0.05198	0.18741	0.03218	0.12350	0.05185	0.05361	0.08596	0.15948	0.05891	0.01154	0.00524	4.5e-05	0.00818	0.05844	0.00848	0.00409
13	0.10232	0.00519	0.02623	0.00485	0.02018	0.00885	0.00474	0.03620	0.04759	0.40957	0.09846	0.12657	0.02552	0.01798	0.02128	4.9e-05	0.01312	0.01492	0.01164	0.00472

[dist]
# distance from previous block
# <min> <max>
0	157

# created by:
# /home/cegg/simao/soft/augustus-3.2.1/scripts/msa2prfl.pl ./align_prep/POG091H02LM.fa
