[name]
unknown

[dist]
# distance from previous block
# <min> <max>
0	110

[block]
# block no. 0 follows, 2443 sequences, length 11
# corresponding to MSA columns:
# 175-185
name=unknown_A
#
# <colnr> <probs for GDERKNQSTAVLIFYWHMCP>
#	G	D	E	R	K	N	Q	S	T	A	V	L	I	F	Y	W	H	M	C	P
0	0.03172	0.00643	0.00639	0.01441	0.01888	0.01822	0.01077	0.01412	0.01054	0.01946	0.12111	0.10423	0.19456	0.00941	0.03901	0.00609	0.01333	0.28767	0.00501	0.06864
1	0.01227	0.22506	0.04124	0.00763	0.00574	0.22142	0.05293	0.16163	0.01440	0.02738	0.00028	0.01689	0.00542	0.03105	0.00527	0.00786	0.11373	0.00568	0.00668	0.03744
2	0.88250	0.00027	0.00022	0.01077	0.01916	0.00031	0.00017	0.01110	0.00025	0.01408	0.00022	0.01949	0.00018	0.00015	0.01296	4.7e-05	0.01619	8.8e-05	0.01167	0.00016
3	0.00020	0.00014	0.00017	0.00017	0.00020	0.00013	0.00012	0.00023	0.00031	0.02225	0.24949	0.14120	0.34433	0.09545	0.01198	0.11591	9e-05	0.01737	0.00013	0.00012
4	0.00019	0.00014	0.00017	0.00018	0.00021	0.00013	0.00013	0.01171	0.00031	0.01260	0.18629	0.50381	0.21895	0.03878	0.01176	5.8e-05	8.5e-05	0.01425	0.00013	0.00012
5	0.01954	0.00752	0.00026	0.00024	0.00029	0.26086	0.00018	0.02384	0.01098	0.03500	0.18307	0.24065	0.10435	0.00831	0.00813	4.6e-05	0.00013	0.00022	0.02142	0.07499
6	0.00019	0.00014	0.00017	0.00018	0.00020	0.00012	0.00013	0.00023	0.00033	0.00044	0.36005	0.39866	0.17425	0.03002	0.00019	5.3e-05	7.7e-05	0.01897	0.01549	0.00012
7	0.01104	0.51730	0.00053	0.01001	0.02735	0.11433	0.01267	0.00039	0.00029	0.00697	0.00647	0.09206	0.01116	0.02115	0.09368	0.03484	0.02716	0.00013	0.01229	0.00016
8	0.00035	0.00034	0.00058	0.00087	0.99414	0.00034	0.00043	0.00043	0.00032	0.00046	0.00027	0.00035	0.00022	0.00013	0.00014	4.2e-05	0.00017	0.00013	7e-05	0.00022
9	0.01204	0.02782	0.12344	0.00805	0.00897	0.01420	0.01645	0.01807	0.01357	0.01751	0.00663	0.00688	0.00022	0.00012	0.00646	2.9e-05	0.00742	9.5e-05	8.4e-05	0.71193
10	0.02257	0.00639	0.02987	0.08644	0.12441	0.00549	0.10237	0.05131	0.07150	0.20688	0.05140	0.07046	0.02302	0.01129	0.01489	0.01075	0.00945	0.00676	0.00501	0.08973

[dist]
# distance from previous block
# <min> <max>
0	23

[block]
# block no. 1 follows, 2443 sequences, length 13
# corresponding to MSA columns:
# 209-221
name=unknown_B
#
# <colnr> <probs for GDERKNQSTAVLIFYWHMCP>
#	G	D	E	R	K	N	Q	S	T	A	V	L	I	F	Y	W	H	M	C	P
0	0.82519	0.03898	0.04215	0.01785	0.00723	0.01250	0.00693	0.00781	0.00025	0.01366	0.00021	0.00757	0.00017	0.00014	0.00010	0.00681	0.01213	8.4e-05	8.6e-05	0.00016
1	0.00753	0.00521	0.00629	0.00939	0.00661	0.00015	0.00985	0.00026	0.00030	0.01469	0.05972	0.20930	0.18096	0.04982	0.01282	0.06125	0.00508	0.31621	0.00507	0.03950
2	0.05181	0.00034	0.00036	0.01573	0.01533	0.01352	0.00024	0.32588	0.57386	0.00068	0.00047	0.00044	0.00035	0.00018	0.00014	4.6e-05	0.00013	0.00014	0.00014	0.00022
3	0.00054	0.00039	0.00042	0.00032	0.00044	0.00043	0.00027	0.95470	0.00066	0.03987	0.00035	0.00035	0.00025	0.00017	0.00014	4.3e-05	0.00015	0.00013	0.00014	0.00024
4	0.01153	0.00040	0.00038	0.03258	0.00040	0.29999	0.01921	0.02653	0.13824	0.06105	0.00032	0.00042	0.00027	0.09188	0.00771	5.8e-05	0.29056	0.01822	9e-05	0.00017
5	0.04811	0.50470	0.06728	0.03669	0.03262	0.01918	0.11819	0.02177	0.01930	0.06899	0.00488	0.00567	0.00022	0.01183	0.00732	0.00517	0.02291	0.00011	0.00488	0.00019
6	0.01037	0.00018	0.00023	0.00020	0.00026	0.00017	0.00016	0.01028	0.01132	0.34045	0.38820	0.02542	0.04316	0.00023	0.00015	4.3e-05	8.8e-05	0.01101	0.15791	0.00017
7	0.00020	0.00984	0.00019	0.00019	0.00022	0.00014	0.00014	0.00026	0.01946	0.01034	0.57161	0.29376	0.05378	0.00033	0.00017	4.9e-05	7.5e-05	0.02151	0.01761	0.00013
8	0.06372	0.02240	0.01651	0.05463	0.01116	0.07021	0.26282	0.17329	0.01115	0.18248	0.01232	0.00644	0.01495	0.04273	0.03373	5.5e-05	0.00737	0.00927	0.00455	0.00019
9	0.00538	0.00755	0.01273	0.23637	0.41277	0.00442	0.09125	0.01093	0.01395	0.05570	0.02489	0.00832	0.05196	0.01535	0.01003	0.00852	0.01436	0.00987	0.00548	0.00019
10	0.00025	0.00016	0.00020	0.00019	0.00023	0.00014	0.00014	0.00947	0.01785	0.12072	0.40174	0.19299	0.17568	0.01569	0.00017	4.9e-05	8.2e-05	0.03494	0.02915	0.00014
11	0.01012	0.00029	0.01272	0.53331	0.39492	0.00032	0.01358	0.01012	0.00030	0.00041	0.00028	0.00039	0.01256	0.00014	0.00014	4.5e-05	0.00018	0.00990	6.8e-05	0.00019
12	0.06736	0.00524	0.00630	0.50364	0.21012	0.00570	0.00883	0.00873	0.01279	0.00731	0.00027	0.00546	0.00541	0.00814	0.01796	0.10029	0.01666	0.00501	0.00463	0.00016

[dist]
# distance from previous block
# <min> <max>
4	15

[block]
# block no. 2 follows, 2443 sequences, length 31
# corresponding to MSA columns:
# 248-268,270,271,273-280
name=unknown_C
#
# <colnr> <probs for GDERKNQSTAVLIFYWHMCP>
#	G	D	E	R	K	N	Q	S	T	A	V	L	I	F	Y	W	H	M	C	P
0	0.00033	0.00032	0.00054	0.22718	0.73768	0.00033	0.00785	0.00819	0.00570	0.00044	0.00512	0.00037	0.00507	0.00013	0.00014	4.3e-05	0.00017	0.00013	7e-05	0.00021
1	0.02078	0.00018	0.00022	0.00019	0.00026	0.00016	0.00015	0.00039	0.00555	0.31130	0.36674	0.02374	0.25296	0.00027	0.00016	4.6e-05	8.7e-05	0.00921	0.00746	0.00016
2	0.99602	0.00027	0.00021	0.00019	0.00027	0.00032	0.00015	0.00042	0.00024	0.00064	0.00020	0.00023	0.00015	0.00013	8.8e-05	4.4e-05	0.00011	7.7e-05	8.8e-05	0.00015
3	0.00031	0.00031	0.00043	0.00037	0.00037	0.00043	0.00031	0.00034	0.00022	0.00034	0.00019	0.00032	0.00019	0.00027	0.02831	6.7e-05	0.96691	0.00012	6.2e-05	0.00015
4	0.14172	0.00028	0.00030	0.00026	0.00035	0.00030	0.00021	0.07705	0.41156	0.29663	0.01422	0.01627	0.01403	0.00019	0.00014	4.6e-05	0.00012	0.00642	0.01971	0.00021
5	0.99602	0.00027	0.00021	0.00019	0.00027	0.00032	0.00015	0.00042	0.00024	0.00064	0.00020	0.00023	0.00015	0.00013	8.8e-05	4.4e-05	0.00011	7.7e-05	8.8e-05	0.00015
6	0.00039	0.00030	0.00032	0.00029	0.00037	0.00625	0.00022	0.04275	0.83216	0.09483	0.01283	0.00053	0.00043	0.00019	0.00014	4.7e-05	0.00012	0.00746	0.00015	0.00022
7	0.00017	0.00012	0.00016	0.00020	0.00021	0.00012	0.00013	0.00020	0.00027	0.00036	0.00078	0.99493	0.00094	0.00044	0.00018	5.8e-05	8.2e-05	0.00040	0.00013	0.00012
8	0.00038	0.99511	0.00074	0.00024	0.00036	0.00056	0.00024	0.00042	0.00029	0.00033	0.00020	0.00023	0.00018	0.00012	9.1e-05	3e-05	0.00015	7.6e-05	6.1e-05	0.00018
9	0.00029	0.00025	0.00029	0.00021	0.00033	0.00019	0.00017	0.00860	0.00030	0.00046	0.00820	0.00908	0.00023	0.00681	0.00011	2.2e-05	0.00011	8.9e-05	8.5e-05	0.96417
10	0.02333	0.11129	0.07723	0.00720	0.00440	0.02436	0.00519	0.03177	0.00031	0.06061	0.00059	0.36099	0.01194	0.04699	0.01078	5.8e-05	0.00013	0.21735	0.00011	0.00537
11	0.00057	0.00023	0.00031	0.00024	0.00034	0.00020	0.00020	0.01155	0.00041	0.82689	0.15694	0.00057	0.00050	0.00019	0.00015	4.4e-05	0.00011	0.00016	0.00017	0.00022
12	0.00451	0.03997	0.07591	0.00507	0.00278	0.01019	0.00995	0.17186	0.56314	0.05659	0.03914	0.00048	0.00363	0.00019	0.00599	4.7e-05	0.00013	0.00255	0.00505	0.00282
13	0.99602	0.00027	0.00021	0.00019	0.00027	0.00032	0.00015	0.00042	0.00024	0.00064	0.00020	0.00023	0.00015	0.00013	8.8e-05	4.4e-05	0.00011	7.7e-05	8.8e-05	0.00015
14	0.01250	0.00015	0.00019	0.00019	0.00022	0.00014	0.00014	0.00026	0.00036	0.00892	0.64105	0.17695	0.04921	0.00033	0.00017	4.9e-05	7.7e-05	0.09968	0.00929	0.00013
15	0.00017	0.00012	0.00017	0.00020	0.00021	0.00012	0.00013	0.00020	0.00027	0.00037	0.01026	0.94715	0.01760	0.00044	0.00018	5.7e-05	8.3e-05	0.02202	0.00013	0.00012
16	0.00028	0.00022	0.00027	0.00020	0.00031	0.00018	0.00016	0.00034	0.00526	0.03592	0.16185	0.03601	0.03591	0.00016	0.00012	2.9e-05	9.7e-05	0.00940	0.00639	0.70687
17	0.00019	0.00014	0.00016	0.00017	0.00020	0.00012	0.00012	0.00023	0.00034	0.01275	0.30572	0.19555	0.45205	0.00035	0.00017	4.9e-05	7.3e-05	0.01071	0.02077	0.00012
18	0.11756	0.00018	0.00020	0.00018	0.00023	0.00018	0.00014	0.00385	0.01328	0.24146	0.01408	0.06120	0.00040	0.06370	0.01002	4.8e-05	9.4e-05	0.00500	0.46805	0.00016
19	0.00019	0.00014	0.00017	0.00018	0.00020	0.00013	0.00012	0.00023	0.01119	0.01046	0.23932	0.35830	0.19875	0.16028	0.00026	6.5e-05	8.6e-05	0.00800	0.01182	0.00012
20	0.87927	0.00819	0.05532	0.00707	0.00031	0.03651	0.00585	0.00043	0.00515	0.00061	0.00020	0.00024	0.00016	0.00013	9.3e-05	4.4e-05	0.00012	8e-05	8.5e-05	0.00016
21	0.01455	0.02169	0.31868	0.17165	0.23454	0.04301	0.07604	0.02586	0.00673	0.02699	0.00258	0.00278	0.00756	0.00014	0.00278	0.00207	0.01398	0.00331	0.00282	0.02222
22	0.07680	0.00025	0.00032	0.00025	0.00035	0.00457	0.00020	0.02643	0.00569	0.85372	0.00711	0.00047	0.00412	0.00018	0.00523	4.5e-05	0.00012	0.00014	0.01378	0.00023
23	0.00647	0.00031	0.00032	0.00029	0.00037	0.00616	0.00022	0.02543	0.92734	0.01825	0.00729	0.00052	0.00043	0.00019	0.00014	4.8e-05	0.00011	0.00016	0.00014	0.00579
24	0.00033	0.00031	0.00052	0.32648	0.64675	0.00033	0.00042	0.00704	0.00031	0.00778	0.00825	0.00037	0.00022	0.00013	0.00014	4.4e-05	0.00017	0.00013	7e-05	0.00020
25	0.00450	0.00016	0.00019	0.00019	0.00022	0.00015	0.00013	0.00029	0.09945	0.04624	0.09993	0.38647	0.09176	0.24147	0.00842	7.5e-05	0.00010	0.02000	0.00013	0.00013
26	0.00821	0.01317	0.00027	0.00023	0.00030	0.00348	0.00580	0.26667	0.00965	0.13970	0.18895	0.19021	0.12407	0.00339	0.00016	4.7e-05	0.00011	0.00930	0.03611	0.00017
27	0.11328	0.11209	0.21701	0.03329	0.00557	0.02117	0.22373	0.03307	0.04499	0.04969	0.00283	0.00033	0.00022	0.00014	0.00014	4.2e-05	0.03455	0.00309	8.1e-05	0.10470
28	0.00850	0.03321	0.00312	0.02034	0.00292	0.00390	0.01062	0.00276	0.00342	0.01022	0.01426	0.08326	0.01030	0.20425	0.45436	0.00338	0.07805	0.05057	0.00243	0.00013
29	0.01110	0.00015	0.00020	0.00021	0.00024	0.00014	0.02462	0.01039	0.01006	0.02521	0.11421	0.57664	0.08044	0.02592	0.00385	5.8e-05	0.00492	0.10412	0.00739	0.00013
30	0.01473	0.02490	0.03813	0.00337	0.00033	0.00580	0.05486	0.05448	0.16939	0.04498	0.07332	0.29047	0.02366	0.00282	0.00017	5.1e-05	0.02147	0.14088	0.00013	0.03608

[dist]
# distance from previous block
# <min> <max>
1	3

[block]
# block no. 3 follows, 2443 sequences, length 25
# corresponding to MSA columns:
# 284,286-309
name=unknown_D
#
# <colnr> <probs for GDERKNQSTAVLIFYWHMCP>
#	G	D	E	R	K	N	Q	S	T	A	V	L	I	F	Y	W	H	M	C	P
0	0.11369	0.36019	0.05734	0.05348	0.04805	0.03136	0.01075	0.05449	0.09846	0.04025	0.01398	0.01951	0.00990	0.00965	0.00247	0.00261	0.01467	0.00331	0.00244	0.05341
1	0.00035	0.00034	0.00058	0.00087	0.99414	0.00034	0.00043	0.00043	0.00032	0.00046	0.00027	0.00035	0.00022	0.00013	0.00014	4.2e-05	0.00017	0.00013	7e-05	0.00022
2	0.02991	0.00879	0.09131	0.13101	0.01466	0.00321	0.02545	0.10763	0.24557	0.12889	0.11555	0.00389	0.06522	0.00020	0.00307	4.6e-05	0.00870	0.00473	0.01199	0.00019
3	0.00020	0.00015	0.00023	0.00023	0.00025	0.00018	0.00018	0.00025	0.00023	0.00033	0.00038	0.00056	0.00035	0.00106	0.99446	0.00023	0.00038	0.00015	7.6e-05	0.00013
4	0.00275	0.04766	0.19945	0.28082	0.02840	0.00610	0.07113	0.03105	0.05055	0.02660	0.07333	0.04382	0.07988	0.00900	0.00569	0.00305	0.03436	0.00291	0.00327	0.00017
5	0.17223	0.00022	0.00025	0.00021	0.00028	0.00021	0.00017	0.01035	0.07016	0.38932	0.14893	0.00578	0.00480	0.16364	0.00023	0.00388	0.00011	0.00545	0.02360	0.00018
6	0.01728	0.01372	0.20122	0.04665	0.02568	0.00557	0.03340	0.05898	0.38382	0.01485	0.08127	0.02180	0.06558	0.00020	0.00015	0.00338	0.01317	0.00631	0.00678	0.00020
7	0.03336	0.00016	0.00019	0.00018	0.00023	0.00015	0.00014	0.00524	0.00033	0.11546	0.25261	0.13503	0.28618	0.08092	0.00021	0.00868	8.9e-05	0.06337	0.01733	0.00014
8	0.00724	0.01649	0.01797	0.33013	0.12257	0.00735	0.06154	0.02633	0.17288	0.05382	0.04533	0.06511	0.02189	0.00791	0.00342	4.8e-05	0.01184	0.01137	0.01659	0.00018
9	0.00882	0.00013	0.00017	0.00019	0.00020	0.00012	0.00012	0.00021	0.00492	0.00034	0.00732	0.63338	0.04347	0.15955	0.00031	0.11620	9.7e-05	0.01961	0.00012	0.00473
10	0.95945	0.00028	0.00949	0.00019	0.00028	0.00948	0.00016	0.00892	0.00025	0.01020	0.00020	0.00023	0.00016	0.00013	8.9e-05	4.4e-05	0.00011	7.8e-05	8.9e-05	0.00016
11	0.00317	0.00285	0.14032	0.03439	0.05670	0.00342	0.13874	0.01277	0.03236	0.08730	0.14888	0.04253	0.12252	0.06291	0.06996	0.00496	0.01131	0.01726	0.00750	0.00017
12	0.01579	0.01021	0.13857	0.12067	0.03080	0.01257	0.04816	0.19314	0.13851	0.21347	0.03353	0.00528	0.01917	0.00428	0.00015	4.5e-05	0.00015	0.01203	0.00326	0.00021
13	0.00035	0.00030	0.00033	0.07868	0.00042	0.00035	0.00024	0.03847	0.85666	0.00058	0.00054	0.00052	0.00041	0.00020	0.01213	5e-05	0.00012	0.00931	0.00014	0.00022
14	0.00306	0.46217	0.03869	0.00756	0.00307	0.04067	0.00334	0.08995	0.24426	0.05092	0.01562	0.01297	0.01075	0.00016	0.00012	3.8e-05	0.00407	0.00289	9.8e-05	0.00959
15	0.01105	0.00032	0.00033	0.00029	0.00038	0.01159	0.00023	0.10276	0.86996	0.00062	0.00054	0.00050	0.00041	0.00019	0.00014	4.7e-05	0.00012	0.00016	0.00014	0.00022
16	0.17466	0.25570	0.20486	0.00031	0.00043	0.00319	0.08331	0.07716	0.00032	0.03025	0.00464	0.04090	0.00435	0.00544	0.08286	0.00597	0.00335	0.00287	0.01925	0.00019
17	0.00040	0.99489	0.00075	0.00025	0.00038	0.00057	0.00025	0.00044	0.00030	0.00035	0.00021	0.00025	0.00020	0.00013	9.8e-05	3.3e-05	0.00016	8.2e-05	6.6e-05	0.00019
18	0.01761	0.00864	0.00296	0.08039	0.01860	0.00268	0.02951	0.09025	0.03452	0.40178	0.03923	0.11940	0.08140	0.00374	0.01441	5.2e-05	0.00389	0.02170	0.02649	0.00276
19	0.00685	0.14301	0.48106	0.00036	0.00051	0.00357	0.03032	0.11607	0.13304	0.01222	0.00033	0.00340	0.00025	0.00941	0.01512	0.02804	0.00925	0.00396	0.00301	0.00021
20	0.95617	0.00029	0.00023	0.00020	0.00029	0.01096	0.00017	0.01881	0.00026	0.01121	0.00022	0.00026	0.00017	0.00014	9.7e-05	4.7e-05	0.00012	8.4e-05	9.5e-05	0.00017
21	0.00607	0.07828	0.44130	0.03116	0.11040	0.04134	0.09356	0.02220	0.07284	0.04615	0.01353	0.00375	0.00737	0.00016	0.00015	4.7e-05	0.01187	0.00504	0.00348	0.01129
22	0.00024	0.00019	0.01807	0.01574	0.02062	0.00017	0.00535	0.00518	0.04940	0.02510	0.51476	0.03894	0.24064	0.00874	0.00490	5e-05	0.00340	0.00471	0.00609	0.03772
23	0.00022	0.00955	0.00395	0.00589	0.00342	0.00017	0.00472	0.01420	0.16832	0.00508	0.23952	0.24657	0.28409	0.00033	0.00443	5e-05	8.6e-05	0.00588	0.00339	0.00014
24	0.02905	0.04574	0.25043	0.05574	0.09173	0.02337	0.06553	0.10150	0.03213	0.20789	0.01248	0.02901	0.00309	0.00786	0.00863	0.01096	0.01046	0.00414	0.00475	0.00552

[dist]
# distance from previous block
# <min> <max>
19	45

[block]
# block no. 4 follows, 2443 sequences, length 26
# corresponding to MSA columns:
# 416,417,419-442
name=unknown_E
#
# <colnr> <probs for GDERKNQSTAVLIFYWHMCP>
#	G	D	E	R	K	N	Q	S	T	A	V	L	I	F	Y	W	H	M	C	P
0	0.01233	0.18663	0.26474	0.03396	0.06519	0.04049	0.02602	0.02362	0.08713	0.03174	0.04964	0.03773	0.02362	0.00247	0.00014	0.00709	0.01617	0.00267	0.01016	0.07846
1	0.00885	0.00018	0.00022	0.00800	0.00995	0.01161	0.06005	0.03207	0.04730	0.00042	0.03939	0.05355	0.65433	0.00725	0.04658	5.7e-05	0.00672	0.00804	0.00528	0.00014
2	0.00293	0.08206	0.24154	0.05412	0.09489	0.02746	0.10411	0.05811	0.07180	0.01970	0.02793	0.06366	0.01707	0.00424	0.00374	0.00413	0.00655	0.11055	0.00286	0.00254
3	0.00033	0.00038	0.00082	0.00059	0.00073	0.00035	0.97389	0.00045	0.00033	0.00045	0.00030	0.02013	0.00023	0.00013	0.00017	4.8e-05	0.00024	0.00017	7.3e-05	0.00019
4	0.00023	0.00020	0.03646	0.06814	0.02446	0.00018	0.02677	0.00476	0.06829	0.01332	0.39161	0.05535	0.23944	0.00405	0.00716	4.8e-05	0.00416	0.02092	0.00013	0.03433
5	0.00030	0.00025	0.00029	0.00021	0.00033	0.00019	0.00017	0.00037	0.00826	0.03462	0.05080	0.00035	0.00973	0.00012	0.00011	2.3e-05	0.00010	9.7e-05	9.2e-05	0.89360
6	0.00036	0.00028	0.00032	0.00024	0.00036	0.00024	0.00019	0.18200	0.02629	0.04619	0.00029	0.00032	0.00023	0.00012	0.00011	2.7e-05	0.00012	9.7e-05	0.00010	0.74213
7	0.00032	0.00021	0.00031	0.03238	0.05871	0.00554	0.05742	0.04051	0.01951	0.15170	0.03220	0.03389	0.07036	0.00029	0.00404	5.5e-05	0.00013	0.45764	0.00302	0.03176
8	0.00021	0.00016	0.00022	0.00021	0.00024	0.00018	0.00016	0.00666	0.01428	0.00686	0.12695	0.00069	0.00619	0.18699	0.62139	0.00018	0.02806	0.00018	9e-05	0.00012
9	0.00054	0.00039	0.00042	0.00032	0.00043	0.00043	0.00027	0.96024	0.00066	0.01983	0.00035	0.00035	0.00024	0.00017	0.00014	4.2e-05	0.00015	0.00013	0.01466	0.00024
10	0.00063	0.00025	0.00033	0.00026	0.00036	0.00022	0.00021	0.04065	0.00042	0.95426	0.00055	0.00048	0.00035	0.00018	0.00014	4.4e-05	0.00012	0.00014	0.00017	0.00024
11	0.00021	0.00015	0.00018	0.00721	0.01288	0.00013	0.00013	0.00025	0.00611	0.05163	0.24545	0.30395	0.37050	0.00035	0.00017	5e-05	7.9e-05	0.00031	0.00014	0.00013
12	0.00035	0.00034	0.00056	0.02444	0.87743	0.00684	0.02476	0.01680	0.00834	0.00046	0.00027	0.00824	0.00023	0.00013	0.00015	4.3e-05	0.02528	0.00503	7.2e-05	0.00022
13	0.00022	0.00019	0.00027	0.03721	0.05195	0.00020	0.05273	0.00028	0.00033	0.00046	0.41429	0.01169	0.20430	0.01284	0.08136	0.00439	0.11957	0.00402	0.00356	0.00014
14	0.11291	0.23772	0.05025	0.02453	0.10121	0.25912	0.15663	0.00796	0.00033	0.03056	0.00024	0.00387	0.00020	0.00014	0.00397	4e-05	0.00995	0.00011	7.4e-05	0.00018
15	0.99602	0.00027	0.00021	0.00019	0.00027	0.00032	0.00015	0.00042	0.00024	0.00064	0.00020	0.00023	0.00015	0.00013	8.8e-05	4.4e-05	0.00011	7.7e-05	8.8e-05	0.00015
16	0.00032	0.00036	0.11556	0.15073	0.47261	0.01373	0.12571	0.00042	0.00838	0.00541	0.07764	0.00387	0.00803	0.00015	0.00015	4.5e-05	0.00563	0.01099	7.7e-05	0.00020
17	0.00031	0.00028	0.00043	0.44203	0.25760	0.00029	0.00034	0.01128	0.01233	0.01828	0.00027	0.00035	0.00021	0.00013	0.00014	4e-05	0.01756	0.00012	0.00613	0.23189
18	0.00033	0.00017	0.00023	0.00022	0.00026	0.00016	0.00016	0.03730	0.00695	0.29984	0.00069	0.62239	0.00072	0.00807	0.00590	5.5e-05	0.0001	0.01615	0.00014	0.00016
19	0.00022	0.00017	0.00024	0.00024	0.00026	0.00020	0.00019	0.00027	0.00023	0.01039	0.00969	0.00054	0.00035	0.00095	0.86503	0.00020	0.08329	0.00015	0.02726	0.00013
20	0.00036	0.18332	0.38213	0.02501	0.14938	0.00826	0.05623	0.01155	0.01843	0.12304	0.01413	0.00035	0.00024	0.00665	0.00552	4.4e-05	0.00761	0.00335	0.00421	0.00021
21	0.00020	0.00016	0.00408	0.09310	0.02497	0.00016	0.00018	0.00377	0.00418	0.00905	0.00460	0.51186	0.01373	0.00629	0.29915	0.00790	0.00019	0.01331	0.00298	0.00013
22	0.00057	0.00024	0.01366	0.00025	0.00545	0.00021	0.00021	0.02591	0.00041	0.82371	0.09683	0.00851	0.00957	0.00019	0.00015	4.4e-05	0.00752	0.00618	0.00017	0.00023
23	0.00027	0.00025	0.00043	0.97534	0.00097	0.00032	0.01972	0.00036	0.00028	0.00036	0.00025	0.00038	0.00019	0.00014	0.00014	4.7e-05	0.00019	0.00013	6.3e-05	0.00016
24	0.01111	0.06234	0.18069	0.08226	0.14075	0.04074	0.17285	0.03336	0.01844	0.23216	0.00919	0.00510	0.00026	0.00015	0.00014	4.4e-05	0.00324	0.00687	9.7e-05	0.00021
25	0.90909	0.00876	0.00651	0.00507	0.00029	0.04136	0.01115	0.00561	0.00025	0.00508	0.00020	0.00024	0.00016	0.00013	9.3e-05	4.4e-05	0.00564	8e-05	8.7e-05	0.00016

[dist]
# distance from previous block
# <min> <max>
4	12

[block]
# block no. 5 follows, 2443 sequences, length 12
# corresponding to MSA columns:
# 471,474-480,485-488
name=unknown_F
#
# <colnr> <probs for GDERKNQSTAVLIFYWHMCP>
#	G	D	E	R	K	N	Q	S	T	A	V	L	I	F	Y	W	H	M	C	P
0	0.00025	0.00021	0.00033	0.51900	0.01366	0.00024	0.01419	0.00756	0.00030	0.02455	0.05096	0.22115	0.09776	0.00024	0.00016	4.9e-05	0.00884	0.02279	0.00764	0.01012
1	0.00035	0.01371	0.16645	0.01162	0.23259	0.01138	0.03265	0.01707	0.01634	0.10599	0.01042	0.00660	0.00902	0.00013	0.00013	3.6e-05	0.00015	0.00611	8.9e-05	0.35916
2	0.01840	0.00561	0.05010	0.01456	0.06233	0.00025	0.02088	0.07213	0.07313	0.31497	0.07515	0.01132	0.01853	0.00018	0.00543	0.00539	0.00618	0.00665	0.00823	0.23059
3	0.00028	0.00027	0.00912	0.84455	0.07251	0.00944	0.00900	0.00984	0.00029	0.00038	0.01588	0.00039	0.00930	0.00015	0.00014	4.7e-05	0.00874	0.00013	0.00937	0.00016
4	0.00703	0.05471	0.10564	0.07794	0.12489	0.02138	0.09332	0.05505	0.07046	0.02820	0.00973	0.01773	0.01495	0.01409	0.00503	0.00449	0.03230	0.01240	0.00546	0.24518
5	0.00021	0.00015	0.00018	0.00017	0.00022	0.00014	0.00013	0.00027	0.01485	0.04048	0.57399	0.03181	0.29706	0.00031	0.00017	4.6e-05	7.3e-05	0.02680	0.01280	0.00013
6	0.00033	0.04701	0.14223	0.05483	0.05080	0.04498	0.04102	0.02863	0.37323	0.01029	0.02868	0.01251	0.01506	0.03353	0.01806	0.02452	0.04322	0.01225	0.01862	0.00019
7	0.00018	0.00014	0.00016	0.00016	0.00020	0.00012	0.00012	0.00022	0.00034	0.00043	0.25681	0.03160	0.67304	0.01890	0.00018	4.9e-05	7.3e-05	0.01703	0.00014	0.00012
8	0.00773	0.06939	0.05729	0.02023	0.04690	0.01580	0.01551	0.11673	0.01490	0.02365	0.00570	0.02646	0.02446	0.08751	0.27120	0.00010	0.17873	0.00667	0.00526	0.00578
9	0.02426	0.15782	0.17784	0.13850	0.04531	0.03365	0.07107	0.16252	0.02352	0.08588	0.00824	0.01086	0.00024	0.00831	0.01501	4.6e-05	0.01953	0.00012	0.01707	0.00020
10	0.00022	0.00015	0.00018	0.00018	0.00021	0.00708	0.00662	0.00735	0.00857	0.06384	0.03042	0.34689	0.29545	0.19239	0.01651	0.00847	0.00010	0.00748	0.00776	0.00012
11	0.00919	0.15026	0.26330	0.06453	0.11644	0.04241	0.05273	0.03983	0.09744	0.03823	0.03069	0.02642	0.03155	0.00017	0.00674	0.00477	0.01177	0.00669	0.00665	0.00019

[dist]
# distance from previous block
# <min> <max>
7	147

[block]
# block no. 6 follows, 2443 sequences, length 22
# corresponding to MSA columns:
# 645-666
name=unknown_G
#
# <colnr> <probs for GDERKNQSTAVLIFYWHMCP>
#	G	D	E	R	K	N	Q	S	T	A	V	L	I	F	Y	W	H	M	C	P
0	0.00485	0.13579	0.20441	0.12668	0.05813	0.01144	0.03044	0.05653	0.12925	0.01075	0.09665	0.04359	0.03086	0.00457	0.01066	0.00440	0.01839	0.01012	0.00577	0.00672
1	0.00020	0.00014	0.00017	0.00018	0.00020	0.00013	0.00013	0.00023	0.00028	0.00994	0.11111	0.26835	0.11404	0.33894	0.00982	8.5e-05	0.00011	0.13843	0.00740	0.00011
2	0.00032	0.10433	0.34446	0.19007	0.03576	0.01046	0.01437	0.05343	0.08526	0.03347	0.03308	0.02981	0.00863	0.00763	0.02717	5e-05	0.01267	0.00581	0.00303	0.00019
3	0.00022	0.00015	0.00019	0.00018	0.00022	0.00014	0.00014	0.00029	0.02544	0.05408	0.65602	0.03314	0.15653	0.01268	0.00569	4.8e-05	7.7e-05	0.04013	0.01449	0.00014
4	0.01454	0.07143	0.11696	0.06860	0.08889	0.01162	0.01191	0.05804	0.16924	0.06825	0.05587	0.02526	0.01141	0.00632	0.00403	4.9e-05	0.20230	0.00485	0.01024	0.00019
5	0.01642	0.00015	0.00015	0.00015	0.00018	0.00015	0.00011	0.03177	0.00839	0.00793	0.08684	0.00057	0.00725	0.00018	0.00011	3.5e-05	7e-05	0.00014	0.83928	0.00014
6	0.23281	0.00037	0.00749	0.00767	0.00892	0.00040	0.00025	0.71399	0.01639	0.00993	0.00031	0.00032	0.00022	0.00016	0.00013	4.3e-05	0.00014	0.00012	0.00013	0.00022
7	0.01281	0.00034	0.00599	0.01647	0.76696	0.00034	0.00525	0.12039	0.01254	0.03424	0.00029	0.00035	0.00023	0.00013	0.00014	4.2e-05	0.00640	0.00013	8.3e-05	0.01688
8	0.91082	0.00027	0.00022	0.00019	0.00028	0.00031	0.00016	0.00044	0.00026	0.08568	0.00023	0.00025	0.00017	0.00014	9.2e-05	4.4e-05	0.00011	8.2e-05	9.5e-05	0.00016
9	0.02732	0.00027	0.00029	0.00027	0.00034	0.00031	0.00021	0.00853	0.77703	0.02134	0.03263	0.10178	0.00050	0.01154	0.00562	5e-05	0.00011	0.00019	0.01146	0.00021
10	0.00022	0.00016	0.00023	0.00023	0.00026	0.00019	0.00018	0.00029	0.08528	0.00035	0.00040	0.00056	0.00037	0.02885	0.88149	0.00021	0.00035	0.00015	8.2e-05	0.00013
11	0.00019	0.00014	0.00016	0.00016	0.00020	0.00013	0.00012	0.00023	0.00034	0.00903	0.33907	0.00914	0.52833	0.08547	0.00022	5.5e-05	7.8e-05	0.02668	0.00014	0.00012
12	0.00026	0.00024	0.00040	0.90956	0.00091	0.00030	0.00037	0.00035	0.00029	0.00038	0.08531	0.00044	0.00029	0.00015	0.00014	4.7e-05	0.00018	0.00014	7.1e-05	0.00016
13	0.00045	0.00032	0.00037	0.08541	0.00044	0.00773	0.00709	0.32356	0.36903	0.17369	0.03007	0.00046	0.00036	0.00018	0.00014	4.5e-05	0.00013	0.00015	0.00014	0.00022
14	0.00017	0.00013	0.00016	0.00019	0.00020	0.00012	0.00013	0.00020	0.00028	0.00037	0.03680	0.78804	0.13936	0.02255	0.00019	5.8e-05	8.2e-05	0.01071	0.00013	0.00012
15	0.05532	0.00022	0.00027	0.00022	0.00030	0.00020	0.00018	0.03068	0.01090	0.51088	0.12254	0.01463	0.05745	0.00557	0.00014	4.2e-05	0.00010	0.00016	0.10478	0.08542
16	0.00030	0.07787	0.12981	0.34775	0.00387	0.03010	0.00518	0.00713	0.10386	0.02444	0.13988	0.00372	0.00476	0.01000	0.03140	5.2e-05	0.06500	0.00873	0.00600	0.00017
17	0.00608	0.81280	0.00942	0.00024	0.00035	0.01006	0.00846	0.02077	0.02342	0.00650	0.00033	0.00036	0.08527	0.00015	0.00010	3.3e-05	0.00015	0.01524	7.2e-05	0.00018
18	0.00018	0.00014	0.00016	0.00018	0.00021	0.00012	0.00013	0.00022	0.01268	0.01159	0.03989	0.50469	0.35948	0.01998	0.00019	0.00578	8.2e-05	0.03884	0.00535	0.00012
19	0.83408	0.00027	0.00023	0.00020	0.00029	0.00030	0.00016	0.01452	0.00027	0.12877	0.00025	0.00027	0.00018	0.00014	9.6e-05	4.4e-05	0.00011	8.7e-05	0.01957	0.00017
20	0.00553	0.04318	0.36620	0.12214	0.11207	0.01331	0.05633	0.02001	0.01641	0.10600	0.01923	0.05125	0.02269	0.00508	0.00841	4.7e-05	0.01914	0.01269	8.6e-05	0.00019
21	0.01614	0.05893	0.04009	0.06449	0.20285	0.00778	0.02162	0.03116	0.01974	0.28693	0.03231	0.03643	0.01332	0.00952	0.01467	0.00262	0.02295	0.11536	0.00291	0.00020

[dist]
# distance from previous block
# <min> <max>
5	6

[block]
# block no. 7 follows, 2443 sequences, length 14
# corresponding to MSA columns:
# 677-680,692-699,705,706
name=unknown_H
#
# <colnr> <probs for GDERKNQSTAVLIFYWHMCP>
#	G	D	E	R	K	N	Q	S	T	A	V	L	I	F	Y	W	H	M	C	P
0	0.00030	0.00026	0.00035	0.00031	0.00033	0.00034	0.00025	0.00675	0.11600	0.02935	0.07176	0.01233	0.01315	0.01211	0.06705	0.00621	0.58603	0.01375	0.06320	0.00016
1	0.00021	0.00015	0.00020	0.00022	0.00024	0.00014	0.00017	0.00027	0.01136	0.01191	0.23379	0.26558	0.07057	0.00037	0.00018	5.6e-05	9.8e-05	0.39306	0.01130	0.00013
2	0.02580	0.00493	0.04365	0.01760	0.04447	0.00952	0.01725	0.26491	0.25110	0.13410	0.04799	0.01069	0.07331	0.00021	0.00664	0.01845	0.00875	0.00681	0.01362	0.00021
3	0.04400	0.05734	0.11309	0.03646	0.06073	0.02947	0.04183	0.12091	0.01778	0.20483	0.02672	0.01155	0.00405	0.05915	0.06122	0.01216	0.03622	0.05384	0.00474	0.00391
4	0.00017	0.00012	0.00016	0.00020	0.00021	0.00012	0.00013	0.00020	0.00027	0.00036	0.00078	0.99493	0.00094	0.00044	0.00018	5.8e-05	8.2e-05	0.00040	0.00013	0.00012
5	0.00028	0.00027	0.04304	0.51456	0.02306	0.02057	0.03069	0.00637	0.11724	0.00692	0.07236	0.04738	0.04235	0.00663	0.00523	4.9e-05	0.04337	0.00701	0.01243	0.00016
6	0.00027	0.00025	0.00042	0.99468	0.00098	0.00031	0.00039	0.00036	0.00028	0.00036	0.00025	0.00038	0.00019	0.00014	0.00014	4.7e-05	0.00019	0.00013	6.3e-05	0.00016
7	0.00030	0.00816	0.04708	0.00639	0.01463	0.00961	0.00805	0.02658	0.52957	0.00769	0.06640	0.15603	0.09241	0.00026	0.00753	5e-05	0.00495	0.00862	0.00549	0.00019
8	0.05737	0.00861	0.08271	0.16519	0.08690	0.00778	0.15668	0.06929	0.01375	0.21052	0.01562	0.01661	0.00687	0.01289	0.01863	0.03766	0.00828	0.01678	0.00767	0.00019
9	0.00036	0.00025	0.00029	0.00025	0.00609	0.00681	0.00543	0.28858	0.09137	0.10688	0.41339	0.00993	0.02757	0.00601	0.01038	4.7e-05	0.00620	0.00692	0.01306	0.00018
10	0.60156	0.01748	0.01988	0.00777	0.00648	0.00967	0.00019	0.09028	0.00763	0.18021	0.00587	0.00838	0.00022	0.00016	0.00745	4.5e-05	0.01294	0.00516	0.01845	0.00018
11	0.21930	0.06989	0.04369	0.05420	0.03649	0.04453	0.02224	0.05322	0.01978	0.03060	0.01653	0.00871	0.02039	0.00793	0.00597	3.9e-05	0.03881	0.00557	0.00815	0.29397
12	0.00022	0.00015	0.00588	0.00018	0.00019	0.00015	0.00012	0.00721	0.00616	0.01899	0.00878	0.09244	0.03021	0.62608	0.14317	0.01137	0.01847	0.02230	0.00783	0.00010
13	0.06381	0.11639	0.05046	0.05296	0.04976	0.05502	0.03836	0.11996	0.17501	0.03649	0.02175	0.03803	0.00785	0.00474	0.00919	4.4e-05	0.04715	0.00931	0.01108	0.09265

[dist]
# distance from previous block
# <min> <max>
2	15

[block]
# block no. 8 follows, 2443 sequences, length 9
# corresponding to MSA columns:
# 724,726-728,744,745,751-753
name=unknown_I
#
# <colnr> <probs for GDERKNQSTAVLIFYWHMCP>
#	G	D	E	R	K	N	Q	S	T	A	V	L	I	F	Y	W	H	M	C	P
0	0.03669	0.23997	0.08160	0.06803	0.05451	0.08438	0.18682	0.04551	0.01945	0.04966	0.01217	0.01014	0.00709	0.00627	0.00663	4.3e-05	0.03197	0.01346	0.00692	0.03868
1	0.01769	0.01000	0.01219	0.00025	0.00034	0.00024	0.00841	0.14290	0.04170	0.45567	0.01925	0.02585	0.01044	0.02067	0.00016	4.8e-05	0.00012	0.15633	0.06551	0.01222
2	0.01558	0.00608	0.00023	0.05032	0.01635	0.00611	0.01275	0.01818	0.01526	0.01772	0.28954	0.12788	0.19204	0.02506	0.06760	0.02835	0.05641	0.03110	0.01473	0.00869
3	0.02013	0.06859	0.02463	0.01882	0.03162	0.02259	0.00828	0.15397	0.45942	0.04227	0.01017	0.01520	0.00948	0.00781	0.00014	4.4e-05	0.00935	0.01193	0.01295	0.07262
4	0.00805	0.00015	0.00881	0.00773	0.00023	0.00014	0.00768	0.00876	0.00974	0.02278	0.07564	0.62245	0.09713	0.05032	0.01190	0.02587	9.4e-05	0.02201	0.00013	0.02040
5	0.02687	0.21287	0.38596	0.01757	0.01874	0.01692	0.02766	0.07127	0.01655	0.09170	0.00775	0.00755	0.00772	0.00757	0.01047	4.3e-05	0.01195	0.00011	8.3e-05	0.06062
6	0.02644	0.15386	0.26655	0.01547	0.05439	0.01620	0.16081	0.04246	0.03063	0.11486	0.00766	0.00951	0.00765	0.00963	0.03244	0.00579	0.02134	0.01206	0.00621	0.00605
7	0.01360	0.00904	0.00660	0.01248	0.00687	0.01295	0.00014	0.01220	0.00812	0.01197	0.05529	0.58610	0.18485	0.02573	0.00659	0.01141	0.00802	0.01273	0.00698	0.00832
8	0.01519	0.06838	0.31161	0.02962	0.03808	0.03249	0.09892	0.03752	0.04028	0.11502	0.03019	0.05448	0.02164	0.00920	0.01050	4.7e-05	0.01270	0.01869	0.00983	0.04562

[dist]
# distance from previous block
# <min> <max>
13	57

[block]
# block no. 9 follows, 2443 sequences, length 6
# corresponding to MSA columns:
# 869,871-875
name=unknown_J
#
# <colnr> <probs for GDERKNQSTAVLIFYWHMCP>
#	G	D	E	R	K	N	Q	S	T	A	V	L	I	F	Y	W	H	M	C	P
0	0.00022	0.00017	0.00961	0.01311	0.01156	0.01007	0.00947	0.01058	0.01282	0.01012	0.02301	0.33168	0.03579	0.21222	0.12854	0.05463	0.01971	0.04488	0.01473	0.04710
1	0.01418	0.03427	0.03699	0.03588	0.05319	0.02134	0.02862	0.03181	0.03343	0.05486	0.04333	0.02148	0.01051	0.01004	0.01028	3.5e-05	0.01571	0.01322	9.4e-05	0.53074
2	0.01431	0.01133	0.13353	0.12522	0.15460	0.01127	0.04527	0.05506	0.03256	0.09566	0.05731	0.04134	0.06816	0.01963	0.01679	0.01279	0.04055	0.02020	0.01645	0.02798
3	0.01972	0.01472	0.01436	0.06054	0.00965	0.00018	0.01121	0.01512	0.02932	0.02751	0.27861	0.19710	0.13980	0.04753	0.05248	0.03484	0.01449	0.01946	0.01326	0.00014
4	0.01099	0.08595	0.08630	0.04461	0.03583	0.06499	0.06100	0.07696	0.10373	0.05193	0.09279	0.03702	0.07469	0.02052	0.03740	0.00873	0.03684	0.02175	0.01119	0.03679
5	0.01438	0.00017	0.03296	0.00020	0.00024	0.00015	0.00015	0.02557	0.01550	0.04276	0.21041	0.43272	0.11080	0.03422	0.01409	5.6e-05	9.3e-05	0.01739	0.03189	0.01625

[dist]
# distance from previous block
# <min> <max>
3	15

[block]
# block no. 10 follows, 2443 sequences, length 9
# corresponding to MSA columns:
# 895-902,906
name=unknown_K
#
# <colnr> <probs for GDERKNQSTAVLIFYWHMCP>
#	G	D	E	R	K	N	Q	S	T	A	V	L	I	F	Y	W	H	M	C	P
0	0.04816	0.05428	0.12458	0.08268	0.16963	0.05573	0.07678	0.03404	0.05467	0.11026	0.04071	0.02277	0.02083	0.02806	0.01756	5e-05	0.03559	0.01156	9.4e-05	0.01197
1	0.01402	0.08832	0.07284	0.19458	0.11206	0.04487	0.01686	0.03050	0.00750	0.10075	0.01154	0.07863	0.01364	0.01410	0.10555	0.00575	0.03776	0.03347	0.00946	0.00780
2	0.00022	0.00015	0.00018	0.00018	0.00021	0.00014	0.00013	0.01047	0.01433	0.04848	0.19900	0.31104	0.14912	0.16438	0.02273	0.05099	9.9e-05	0.01775	0.01029	0.00012
3	0.03103	0.00733	0.01576	0.16411	0.18974	0.01006	0.07543	0.09847	0.01646	0.03784	0.03181	0.11972	0.02552	0.01545	0.06567	0.00630	0.01634	0.03216	0.04064	0.00017
4	0.00038	0.01305	0.01074	0.06634	0.07571	0.35676	0.11277	0.02954	0.01039	0.00812	0.01964	0.03400	0.00029	0.04858	0.03252	5.5e-05	0.12738	0.03048	0.02309	0.00017
5	0.90743	0.00028	0.00023	0.03208	0.02902	0.00032	0.00017	0.02826	0.00026	0.00063	0.00021	0.00024	0.00016	0.00013	9.2e-05	4.4e-05	0.00012	8.1e-05	8.8e-05	0.00016
6	0.10013	0.00033	0.00046	0.14290	0.06567	0.13068	0.26460	0.01890	0.00927	0.04484	0.05062	0.04376	0.04297	0.00928	0.00016	4.7e-05	0.00981	0.05538	0.01003	0.00017
7	0.01991	0.00838	0.03245	0.17331	0.10020	0.00881	0.03152	0.07879	0.03674	0.07325	0.03709	0.05288	0.01424	0.05774	0.00670	0.04257	0.00702	0.00839	0.00648	0.20353
8	0.01269	0.00667	0.00020	0.01711	0.00722	0.00016	0.01109	0.02265	0.02949	0.01379	0.22840	0.30226	0.21765	0.06462	0.00734	0.00655	0.00636	0.01022	0.00999	0.02555

[dist]
# distance from previous block
# <min> <max>
28	172

[block]
# block no. 11 follows, 2443 sequences, length 6
# corresponding to MSA columns:
# 1224,1225,1227-1230
name=unknown_L
#
# <colnr> <probs for GDERKNQSTAVLIFYWHMCP>
#	G	D	E	R	K	N	Q	S	T	A	V	L	I	F	Y	W	H	M	C	P
0	0.01014	0.02440	0.03344	0.15114	0.30676	0.03929	0.04157	0.04174	0.02406	0.09086	0.04375	0.01198	0.05652	0.01602	0.01899	0.00982	0.02791	0.02059	0.03083	0.00019
1	0.06202	0.01767	0.00029	0.01378	0.00033	0.01935	0.00018	0.08348	0.04517	0.04956	0.03782	0.04783	0.04743	0.01136	0.01801	3.8e-05	0.00012	0.03335	0.01610	0.49613
2	0.02712	0.04719	0.10705	0.09913	0.14534	0.02244	0.03189	0.03587	0.01994	0.07474	0.12854	0.06433	0.06033	0.01891	0.05147	0.00912	0.02211	0.01181	0.02251	0.00017
3	0.05105	0.00027	0.02271	0.28517	0.25967	0.01164	0.01105	0.02744	0.01638	0.02972	0.05552	0.04466	0.02798	0.03340	0.00017	0.01593	0.01001	0.04243	0.03050	0.02429
4	0.02948	0.00019	0.00023	0.04005	0.01497	0.04098	0.01078	0.01413	0.01245	0.05029	0.34411	0.20376	0.06403	0.02529	0.03307	0.01052	0.00011	0.09437	0.01102	0.00014
5	0.00023	0.00016	0.00021	0.01507	0.00023	0.00016	0.02417	0.02257	0.01390	0.02980	0.08129	0.19829	0.07782	0.39367	0.02883	0.03068	0.02999	0.02766	0.01158	0.01369

[dist]
# distance from previous block
# <min> <max>
0	213

# created by:
# /home/cegg/simao/soft/augustus-3.2.1/scripts/msa2prfl.pl ./align_prep/POG091H02G9.fa
