[name]
unknown

[dist]
# distance from previous block
# <min> <max>
0	129

[block]
# block no. 0 follows, 3397 sequences, length 30
# corresponding to MSA columns:
# 129-146,150-161
name=unknown_A
#
# <colnr> <probs for GDERKNQSTAVLIFYWHMCP>
#	G	D	E	R	K	N	Q	S	T	A	V	L	I	F	Y	W	H	M	C	P
0	0.00022	0.02866	0.00287	0.00346	0.05518	0.00341	0.00017	0.06695	0.00297	0.09706	0.02928	0.00404	0.01312	0.00022	0.00012	3.9e-05	9.4e-05	0.61260	9.1e-05	0.07946
1	0.00962	0.00405	0.01135	0.00517	0.22274	0.01763	0.04382	0.06690	0.01164	0.58906	0.00332	0.00031	0.00449	0.00012	0.00010	3.1e-05	0.00010	9.9e-05	0.0001	0.00935
2	0.00026	0.00024	0.00041	0.01706	0.89204	0.00024	0.02045	0.00862	0.00024	0.05916	0.00021	0.00026	0.00017	9.3e-05	0.00010	3.1e-05	0.00012	9.2e-05	5.5e-05	0.00016
3	0.00025	0.00382	0.07043	0.01721	0.74559	0.00493	0.03132	0.00358	0.00514	0.05662	0.05465	0.00028	0.00021	0.00010	0.00010	3.1e-05	0.00012	9.6e-05	5.8e-05	0.00544
4	0.00015	0.00012	0.01972	0.00335	0.00317	0.00330	0.00372	0.00599	0.00026	0.03572	0.57787	0.10735	0.23170	0.00312	0.00012	3.4e-05	5.6e-05	0.00404	0.00010	9.7e-05
5	0.00325	0.02547	0.06980	0.00238	0.06874	0.00870	0.07333	0.06418	0.13629	0.12765	0.18563	0.04993	0.15575	0.00721	0.00011	3.4e-05	0.00304	0.01829	9.2e-05	0.00013
6	0.36580	0.00687	0.00854	0.04731	0.11073	0.04062	0.00906	0.10321	0.03156	0.26397	0.00293	0.00025	0.00017	0.00011	8.8e-05	3.1e-05	0.00456	8.1e-05	0.00396	0.00014
7	0.00017	0.00015	0.02249	0.04884	0.06932	0.01804	0.07670	0.01165	0.02570	0.00030	0.17541	0.13300	0.10507	0.04562	0.19069	0.03878	0.01204	0.02073	0.00518	0.00010
8	0.00014	0.00011	0.00013	0.00013	0.02144	9.5e-05	9.2e-05	0.00017	0.00025	0.02206	0.32070	0.07174	0.52946	0.02095	0.00013	3.6e-05	5.5e-05	0.01212	0.0001	9.2e-05
9	0.00026	0.00026	0.01187	0.03008	0.82853	0.09091	0.00030	0.00615	0.00875	0.00033	0.00021	0.00026	0.02146	9.7e-05	0.00010	3e-05	0.00013	9.1e-05	5.2e-05	0.00015
10	0.00013	9.4e-05	0.00013	0.00015	0.00016	8.8e-05	0.02139	0.00015	0.00020	0.00027	0.02965	0.89178	0.01998	0.02207	0.00014	4.2e-05	6.3e-05	0.01336	9.4e-05	8.4e-05
11	0.00024	0.00026	0.00946	0.03158	0.00047	0.03646	0.75458	0.00032	0.00024	0.04303	0.03750	0.00441	0.03799	0.00011	0.00012	3.4e-05	0.00409	0.03890	6e-05	0.00013
12	0.00014	0.00011	0.00012	0.00012	0.00015	9.4e-05	9e-05	0.00017	0.00025	0.00838	0.28239	0.10972	0.54905	0.00025	0.00012	3.5e-05	5.5e-05	0.02092	0.01655	0.01129
13	0.00575	0.01028	0.10444	0.01538	0.09498	0.03087	0.08680	0.01210	0.00383	0.05700	0.00455	0.00620	0.02147	0.00328	9.2e-05	2.4e-05	0.00010	0.00328	6.4e-05	0.53952
14	0.16262	0.00018	0.00022	0.00017	0.00025	0.00017	0.00014	0.02304	0.00028	0.79530	0.00865	0.00032	0.00023	0.00012	9.6e-05	3.2e-05	8.6e-05	9.5e-05	0.00783	0.00016
15	0.87652	0.00020	0.00017	0.01498	0.00022	0.00023	0.01453	0.00032	0.00874	0.07728	0.00017	0.00019	0.00013	0.00010	7e-05	3.3e-05	8.4e-05	6.3e-05	0.00584	0.00012
16	0.03018	0.00457	0.02885	0.01335	0.42809	0.00355	0.22991	0.07159	0.00555	0.13891	0.00370	0.00297	0.00019	0.00011	0.00011	3.2e-05	0.00013	0.03800	6.7e-05	0.00015
17	0.00046	0.00018	0.00024	0.00019	0.00026	0.00015	0.00015	0.00050	0.00030	0.97849	0.00041	0.00037	0.00026	0.00013	0.00011	3.3e-05	8.9e-05	0.01738	0.00013	0.00018
18	0.00034	0.00946	0.00027	0.00025	0.02418	0.49109	0.00019	0.03263	0.37041	0.05436	0.00635	0.00029	0.00022	0.00012	0.00010	3.1e-05	0.00014	0.00934	8e-05	0.00014
19	0.00022	0.00018	0.00021	0.00015	0.00024	0.00014	0.00012	0.00027	0.01137	0.02515	0.00019	0.00022	0.00016	7.8e-05	7.7e-05	1.6e-05	7.6e-05	6.2e-05	6.3e-05	0.96102
20	0.11874	0.00022	0.00026	0.00020	0.00938	0.00995	0.00016	0.32745	0.00531	0.51996	0.00032	0.00030	0.00021	0.00012	0.0001	3.2e-05	9.7e-05	9.5e-05	0.00011	0.00699
21	0.00022	0.00018	0.00022	0.00016	0.00025	0.00014	0.01380	0.00644	0.00022	0.03899	0.00019	0.00022	0.00016	8.3e-05	0.00612	1.7e-05	0.00571	6.4e-05	6.3e-05	0.92677
22	0.00022	0.00019	0.00023	0.00020	0.09955	0.00015	0.00014	0.00026	0.00021	0.00033	0.00018	0.00022	0.00015	7.7e-05	7.8e-05	1.7e-05	8e-05	6.4e-05	6e-05	0.89759
23	0.00014	0.00010	0.00013	0.00012	0.00015	9.3e-05	9e-05	0.00018	0.00027	0.00036	0.63978	0.03582	0.32195	0.00023	0.00012	3.3e-05	5e-05	0.00020	0.00011	9.3e-05
24	0.94298	0.00020	0.00015	0.00014	0.00020	0.00022	0.00011	0.00031	0.00018	0.05454	0.00016	0.00018	0.00012	9.7e-05	6.5e-05	3.2e-05	7.9e-05	5.8e-05	6.7e-05	0.00011
25	0.00023	0.00020	0.00024	0.00017	0.00026	0.00016	0.03878	0.09039	0.05364	0.00648	0.00021	0.00024	0.00017	8.6e-05	8.2e-05	1.9e-05	8.3e-05	0.01124	6.7e-05	0.79727
26	0.00041	0.00017	0.00023	0.00737	0.00025	0.00015	0.00015	0.02320	0.02932	0.81523	0.08411	0.00040	0.03825	0.00014	0.00010	3.2e-05	8.3e-05	0.00011	0.00012	0.00016
27	0.00012	8.9e-05	0.00012	0.00014	0.00015	8.3e-05	9.4e-05	0.00014	0.00020	0.00026	0.00057	0.96745	0.01837	0.01151	0.00013	4.2e-05	6e-05	0.00029	9.4e-05	8.3e-05
28	0.96617	0.00020	0.00015	0.00014	0.00020	0.00023	0.00011	0.01168	0.00018	0.01154	0.00015	0.00017	0.00011	9.6e-05	6.4e-05	3.2e-05	7.9e-05	5.7e-05	0.00854	0.00011
29	0.00962	0.00025	0.00047	0.00035	0.02218	0.00023	0.63108	0.08202	0.00026	0.07456	0.00022	0.00027	0.00016	9.1e-05	0.00011	3.1e-05	0.00605	0.00011	6.3e-05	0.17187

[dist]
# distance from previous block
# <min> <max>
3	4

[block]
# block no. 1 follows, 3397 sequences, length 15
# corresponding to MSA columns:
# 167-181
name=unknown_B
#
# <colnr> <probs for GDERKNQSTAVLIFYWHMCP>
#	G	D	E	R	K	N	Q	S	T	A	V	L	I	F	Y	W	H	M	C	P
0	0.00037	0.00045	0.00030	0.00026	0.00032	0.86312	0.02654	0.05570	0.00030	0.01564	0.00017	0.00019	0.00014	0.00010	9.3e-05	2.6e-05	0.00017	6.9e-05	5.7e-05	0.03598
1	0.02005	0.00011	0.00012	0.00011	0.00015	9.6e-05	8.8e-05	0.00017	0.01163	0.03713	0.00093	0.03910	0.82230	0.00025	0.00012	3.5e-05	5.7e-05	0.05376	9.5e-05	0.01369
2	0.04238	0.00014	0.00018	0.01720	0.03161	0.00013	0.01124	0.00023	0.00023	0.03484	0.03150	0.00091	0.01895	0.00023	0.00013	4.1e-05	9.1e-05	0.70419	8.8e-05	0.10568
3	0.12385	0.05865	0.47411	0.00028	0.03074	0.02563	0.12960	0.01564	0.02325	0.09629	0.00021	0.00758	0.00016	0.00010	9.6e-05	3.2e-05	0.00013	0.01344	5.9e-05	0.00014
4	0.00015	9.9e-05	0.00011	0.00011	0.00011	9.9e-05	6.2e-05	0.00015	0.00015	0.00020	0.00032	0.00067	0.00037	0.99641	0.00052	9.9e-05	9.9e-05	0.00015	6.2e-05	6.2e-05
5	0.00019	0.00011	0.00012	0.00011	0.00014	0.00011	8.5e-05	0.00026	0.08486	0.01426	0.17263	0.00047	0.04128	0.00014	8.5e-05	2.7e-05	5.1e-05	0.00012	0.68487	0.00010
6	0.00026	0.03167	0.01742	0.01581	0.77984	0.02667	0.07658	0.02537	0.01666	0.00034	0.00020	0.00026	0.00016	9.4e-05	0.00010	3.1e-05	0.00013	0.00820	5.3e-05	0.00016
7	0.00616	0.05969	0.29618	0.01121	0.01753	0.00889	0.19357	0.03565	0.00737	0.32412	0.00027	0.01263	0.01041	0.00011	0.00010	3.2e-05	0.00013	9.7e-05	7.6e-05	0.01580
8	0.00015	0.00010	0.00012	0.00012	0.00012	0.00010	7.3e-05	0.00015	0.00015	0.00020	0.00031	0.00062	0.00035	0.82477	0.17213	0.00011	0.00013	0.00014	6.1e-05	6.7e-05
9	0.00038	0.00049	0.00029	0.00026	0.00032	0.99600	0.00020	0.00041	0.00029	0.00025	0.00016	0.00018	0.00013	0.00011	9.2e-05	2.6e-05	0.00018	6.6e-05	5.3e-05	0.00012
10	0.01024	0.10097	0.21057	0.00022	0.02127	0.02651	0.00020	0.01294	0.02945	0.56557	0.01144	0.00970	0.00022	0.00012	9.8e-05	3.1e-05	0.00011	9.3e-05	9.5e-05	0.00016
11	0.00488	0.00473	0.01595	0.35409	0.21175	0.00810	0.07259	0.03113	0.01280	0.24261	0.01061	0.00647	0.01339	0.00011	0.00010	3.3e-05	0.00466	0.00578	7.1e-05	0.00014
12	0.00026	0.00022	0.00023	0.00021	0.00027	0.00026	0.00016	0.05054	0.94558	0.00044	0.00041	0.00037	0.00030	0.00014	0.00010	3.4e-05	8.2e-05	0.00011	0.00010	0.00016
13	0.00624	0.01991	0.16110	0.03016	0.21542	0.00797	0.22407	0.05862	0.00888	0.24075	0.00524	0.00727	0.00655	0.00011	0.00011	3.2e-05	0.00013	0.00721	7.2e-05	0.00015
14	0.06722	0.34482	0.06882	0.00026	0.10761	0.09537	0.05275	0.15448	0.01438	0.06525	0.00019	0.00021	0.00015	0.00010	9.1e-05	2.8e-05	0.02161	7.5e-05	6.2e-05	0.00653

[dist]
# distance from previous block
# <min> <max>
0	6

[block]
# block no. 2 follows, 3397 sequences, length 33
# corresponding to MSA columns:
# 188-220
name=unknown_C
#
# <colnr> <probs for GDERKNQSTAVLIFYWHMCP>
#	G	D	E	R	K	N	Q	S	T	A	V	L	I	F	Y	W	H	M	C	P
0	0.05365	0.00268	0.01135	0.07174	0.23611	0.01604	0.03268	0.02403	0.00833	0.24500	0.03143	0.01084	0.03146	0.00013	0.00010	3e-05	0.00010	0.07444	8e-05	0.14977
1	0.90967	0.03760	0.00017	0.00014	0.00021	0.02504	0.00012	0.01892	0.00018	0.00702	0.00015	0.00017	0.00011	9.5e-05	6.5e-05	3.1e-05	8.3e-05	5.7e-05	6.3e-05	0.00011
2	0.00022	0.07037	0.01193	0.00023	0.09635	0.04953	0.05731	0.05244	0.06390	0.05393	0.01999	0.23034	0.06312	0.05074	0.01602	0.00914	9.9e-05	0.15416	8.2e-05	0.00012
3	0.00018	0.03150	0.00018	0.00423	0.02694	0.02774	0.00990	0.00392	0.01562	0.00525	0.18054	0.06735	0.28480	0.00017	0.00010	2.7e-05	7e-05	0.00356	8.2e-05	0.33784
4	0.00013	0.00010	0.00012	0.00012	0.00015	9.5e-05	8.9e-05	0.00017	0.03383	0.00032	0.25771	0.19036	0.47056	0.00479	0.00012	3.5e-05	5.4e-05	0.01220	0.02894	9.1e-05
5	0.01215	0.00019	0.00021	0.00015	0.00024	0.02044	0.00012	0.01605	0.02746	0.00034	0.00021	0.00024	0.03148	8.5e-05	7.8e-05	1.7e-05	7.8e-05	6.7e-05	6.3e-05	0.89032
6	0.00018	0.00012	0.00015	0.00014	0.00017	0.00012	0.00011	0.00025	0.12033	0.05703	0.80115	0.00069	0.00802	0.00019	0.00012	3.2e-05	5.4e-05	0.00017	0.01086	0.00011
7	0.00017	0.01270	0.22617	0.02646	0.00291	0.00015	0.00631	0.00023	0.02942	0.00450	0.46603	0.04430	0.12823	0.00020	0.02042	3.6e-05	0.03143	0.00016	8.7e-05	0.00011
8	0.00012	0.00010	0.00011	0.00011	0.00014	8.7e-05	8e-05	0.00015	0.00024	0.00029	0.07034	0.02220	0.88911	0.00026	0.00012	3.5e-05	5.2e-05	0.01014	0.00624	8.7e-05
9	0.00027	0.00356	0.00290	0.00303	0.01618	0.00481	0.01842	0.13718	0.77119	0.00044	0.00038	0.00037	0.00925	0.00623	0.02262	3.7e-05	9.3e-05	0.00278	0.0001	0.00016
10	0.00017	0.00011	0.00014	0.00013	0.00016	0.00010	0.00010	0.00021	0.00027	0.08767	0.67073	0.01651	0.12039	0.00026	0.09002	4.4e-05	7.3e-05	0.00017	0.01263	0.00010
11	0.00015	0.00011	0.00016	0.00016	0.00017	0.00013	0.00012	0.00018	0.00016	0.00023	0.00028	0.00045	0.00028	0.16247	0.81462	0.00015	0.01224	0.00781	5.6e-05	8.7e-05
12	0.01321	0.02772	0.29370	0.00282	0.05634	0.04514	0.13176	0.15560	0.04329	0.19249	0.01728	0.00027	0.00019	0.00011	0.00010	3.1e-05	0.00382	9.2e-05	7.5e-05	0.01597
13	0.00027	0.97812	0.00053	0.00018	0.00026	0.01875	0.00018	0.00031	0.00021	0.00024	0.00014	0.00016	0.00013	8.8e-05	6.6e-05	2.2e-05	0.00011	5.5e-05	4.4e-05	0.00013
14	0.00531	0.00021	0.00035	0.54553	0.41076	0.01310	0.00029	0.01109	0.00022	0.00030	0.00019	0.00027	0.00015	9.9e-05	0.00010	3.2e-05	0.00689	0.00493	4.9e-05	0.00013
15	0.00037	0.00028	0.00030	0.00024	0.01189	0.00031	0.00019	0.85212	0.13225	0.00061	0.00027	0.00026	0.00019	0.00012	0.00010	3.1e-05	0.00011	9.5e-05	0.00010	0.00017
16	0.00015	0.0001	0.00011	0.00012	0.00012	0.00010	6.6e-05	0.00015	0.00015	0.00020	0.00032	0.01107	0.00037	0.92349	0.06300	0.00010	0.00011	0.00015	6.2e-05	6.4e-05
17	0.00670	0.14733	0.02880	0.00021	0.01177	0.00425	0.00624	0.18246	0.56963	0.01747	0.02383	0.00032	0.00026	0.00013	9.8e-05	3.2e-05	9.4e-05	0.00010	9.2e-05	0.00016
18	0.00016	0.00010	0.00012	0.00012	0.00012	0.0001	6.8e-05	0.00016	0.00016	0.02036	0.02219	0.00514	0.01062	0.88526	0.00720	0.03146	9.8e-05	0.01646	6.5e-05	6.5e-05
19	0.00017	0.02877	0.09429	0.01055	0.08476	0.00255	0.00297	0.01800	0.05021	0.02456	0.29399	0.00491	0.38097	0.00020	0.00011	3.3e-05	7.3e-05	0.00267	9.1e-05	0.00011
20	0.00019	0.00016	0.00017	0.00017	0.00624	0.00016	0.00013	0.03588	0.39029	0.00036	0.07549	0.17642	0.20204	0.00022	0.00400	3.7e-05	7.2e-05	0.09677	0.01108	0.00012
21	0.00025	0.00024	0.00039	0.00880	0.89125	0.00024	0.00030	0.04243	0.00024	0.00675	0.00021	0.04804	0.00019	0.00010	0.00010	3.1e-05	0.00012	0.00010	5.5e-05	0.00016
22	0.05195	0.02652	0.00027	0.01002	0.03147	0.00681	0.06069	0.07673	0.69192	0.00809	0.00628	0.00331	0.01862	0.00013	0.00010	3.4e-05	9.1e-05	0.00672	9.4e-05	0.00015
23	0.00023	0.00019	0.00023	0.00017	0.00026	0.00015	0.03144	0.04722	0.04100	0.01106	0.00530	0.00023	0.00016	8.2e-05	8e-05	1.8e-05	8.1e-05	6.7e-05	6.5e-05	0.86198
24	0.00021	0.00018	0.00021	0.00015	0.00024	0.00014	0.00012	0.02149	0.01510	0.00034	0.00702	0.00023	0.00865	8e-05	7.7e-05	1.6e-05	7.6e-05	6.4e-05	6.3e-05	0.94554
25	0.00434	0.00016	0.00021	0.00017	0.00023	0.00746	0.00014	0.00468	0.06186	0.66322	0.22734	0.00046	0.00469	0.00015	0.00011	3.2e-05	7.9e-05	0.02440	0.00012	0.00015
26	0.00718	0.03158	0.00027	0.00020	0.00028	0.00024	0.00017	0.43326	0.10086	0.36996	0.01241	0.00030	0.00460	0.00012	0.00010	3.1e-05	9.7e-05	9.7e-05	0.00011	0.03812
27	0.00666	0.10970	0.06501	0.01433	0.03553	0.00480	0.00503	0.03222	0.03351	0.01589	0.30619	0.02111	0.06321	0.10652	0.15771	0.00223	0.01812	0.00205	7.9e-05	0.00011
28	0.00014	0.00011	0.00015	0.00016	0.00017	0.00010	0.06023	0.00438	0.00020	0.00565	0.00049	0.69008	0.00058	0.11646	0.03938	0.00790	8.2e-05	0.07357	8.7e-05	8.6e-05
29	0.00012	9.4e-05	0.00011	0.00013	0.00014	8.4e-05	8.9e-05	0.00014	0.00021	0.00027	0.02168	0.62133	0.35463	0.00030	0.00013	3.9e-05	5.6e-05	0.00026	9.5e-05	8.4e-05
30	0.00022	0.00021	0.00034	0.10660	0.67627	0.00021	0.00386	0.00323	0.00603	0.00377	0.00441	0.12246	0.01013	0.00910	0.00011	3.4e-05	0.00011	0.05012	0.00265	0.00014
31	0.00025	0.01054	0.11290	0.01900	0.75725	0.00436	0.05386	0.00919	0.00404	0.01323	0.00559	0.00287	0.00365	9.5e-05	0.00010	3.1e-05	0.00273	9.2e-05	5.2e-05	0.00016
32	0.00500	0.00019	0.05698	0.00021	0.06417	0.00016	0.00017	0.00456	0.01003	0.74875	0.02021	0.01266	0.01757	0.01779	0.03477	3.8e-05	0.00266	0.00381	0.00011	0.00016

[dist]
# distance from previous block
# <min> <max>
1	2

[block]
# block no. 3 follows, 3397 sequences, length 11
# corresponding to MSA columns:
# 223-225,234-241
name=unknown_D
#
# <colnr> <probs for GDERKNQSTAVLIFYWHMCP>
#	G	D	E	R	K	N	Q	S	T	A	V	L	I	F	Y	W	H	M	C	P
0	0.56569	0.01160	0.00954	0.01300	0.24710	0.08527	0.01127	0.01218	0.00021	0.03365	0.00017	0.00020	0.00013	9.7e-05	8.1e-05	3.1e-05	0.00953	6.9e-05	6.1e-05	0.00013
1	0.00855	0.00011	0.00013	0.00013	0.01232	9.8e-05	0.00943	0.00846	0.01077	0.01105	0.22055	0.19841	0.47122	0.00863	0.00013	3.6e-05	5.8e-05	0.03972	9.8e-05	9.2e-05
2	0.02484	0.06187	0.21584	0.00038	0.29534	0.01642	0.14835	0.06206	0.05158	0.07445	0.00828	0.00026	0.00720	0.00010	0.00010	3.1e-05	0.00947	9.2e-05	6.2e-05	0.02328
3	0.02806	0.00025	0.00035	0.01795	0.54980	0.00737	0.00025	0.28904	0.04196	0.01057	0.00938	0.00948	0.00862	0.00760	0.00011	3.1e-05	0.01144	9.5e-05	0.00748	0.00016
4	0.89354	0.00020	0.00016	0.00014	0.00021	0.00023	0.00012	0.03550	0.00019	0.06873	0.00016	0.00018	0.00012	9.8e-05	6.7e-05	3.2e-05	8.1e-05	6e-05	6.9e-05	0.00012
5	0.01709	0.00026	0.00029	0.00022	0.00030	0.00029	0.00018	0.79154	0.04354	0.11340	0.01630	0.00027	0.00020	0.00012	0.00010	3.1e-05	0.00011	9.5e-05	0.01547	0.00017
6	0.34227	0.04612	0.03239	0.00024	0.11140	0.02020	0.04307	0.13916	0.02112	0.16368	0.01160	0.00024	0.00017	0.00011	9e-05	3e-05	0.01542	7.9e-05	7.6e-05	0.05254
7	0.00026	0.02203	0.25377	0.05473	0.13022	0.18546	0.04289	0.01588	0.13216	0.02994	0.07489	0.01836	0.02178	0.00012	0.00010	3.2e-05	0.00845	0.00875	6.6e-05	0.00014
8	0.00024	0.00019	0.00022	0.00016	0.00025	0.01355	0.00013	0.06703	0.02565	0.06672	0.01644	0.01058	0.01055	9.2e-05	8.5e-05	1.9e-05	0.01361	7.3e-05	7e-05	0.77433
9	0.16305	0.01454	0.00028	0.02074	0.12808	0.36108	0.02542	0.02519	0.00024	0.01725	0.01118	0.08135	0.01009	0.00013	0.00013	3.2e-05	0.13365	0.00737	6e-05	0.00012
10	0.00024	0.00022	0.00032	0.23305	0.41434	0.01399	0.01315	0.03727	0.16716	0.01093	0.01485	0.02121	0.04520	0.00012	0.00011	3.3e-05	0.01230	0.00806	0.00730	0.00014

[dist]
# distance from previous block
# <min> <max>
2	3

[block]
# block no. 4 follows, 3397 sequences, length 44
# corresponding to MSA columns:
# 245-288
name=unknown_E
#
# <colnr> <probs for GDERKNQSTAVLIFYWHMCP>
#	G	D	E	R	K	N	Q	S	T	A	V	L	I	F	Y	W	H	M	C	P
0	0.00242	0.00011	0.00015	0.00013	0.00306	0.00263	0.00668	0.00513	0.00330	0.07689	0.79831	0.00823	0.06451	0.00304	0.00012	3.2e-05	5.4e-05	0.00018	0.02201	0.00301
1	0.68478	0.00019	0.00018	0.00015	0.00022	0.00020	0.00012	0.00036	0.01086	0.29047	0.00492	0.00023	0.00016	0.00011	7.6e-05	3.2e-05	8.1e-05	0.00665	8.2e-05	0.00013
2	0.00027	0.00025	0.02655	0.01145	0.43162	0.02338	0.02862	0.15742	0.27737	0.01005	0.01539	0.00030	0.00257	0.00215	0.00250	3.2e-05	0.00974	0.0001	7.5e-05	0.00016
3	0.00013	0.00010	0.00012	0.00012	0.00015	9e-05	9e-05	0.00017	0.00025	0.00634	0.40282	0.23896	0.34379	0.00025	0.00012	3.5e-05	5.3e-05	0.00623	0.00010	9e-05
4	0.00851	0.00581	0.00026	0.00023	0.05171	0.02121	0.00256	0.21066	0.65198	0.01980	0.00035	0.00373	0.00026	0.00013	0.00010	3.3e-05	0.00236	0.00011	9.8e-05	0.02009
5	0.00209	0.01267	0.01171	0.34158	0.21926	0.00474	0.04658	0.03446	0.01986	0.03008	0.01797	0.02126	0.01328	0.00162	0.00595	0.10203	0.03696	0.07447	5.9e-05	0.00339
6	0.00392	0.23443	0.13019	0.00025	0.10737	0.01171	0.01502	0.06316	0.01193	0.40288	0.01080	0.00473	0.00293	0.00011	9.3e-05	2.9e-05	0.00011	8.8e-05	8.4e-05	0.00016
7	0.00024	0.02633	0.01421	0.00043	0.12527	0.00554	0.78225	0.00710	0.00441	0.00944	0.01774	0.00028	0.00603	9.1e-05	0.00012	3.3e-05	0.00016	0.00012	5.4e-05	0.00014
8	0.00015	0.00010	0.00013	0.00013	0.00015	9.3e-05	9.4e-05	0.00018	0.00025	0.03690	0.44475	0.29655	0.17033	0.00024	0.00012	3.5e-05	5.4e-05	0.00683	0.04282	9.3e-05
9	0.00021	0.01005	0.27532	0.35505	0.12671	0.01030	0.07761	0.00279	0.02162	0.02413	0.01066	0.03194	0.00380	0.00260	0.01416	3.5e-05	0.00304	0.02746	0.00237	0.00013
10	0.00254	0.03291	0.71302	0.00604	0.10277	0.00218	0.03393	0.01055	0.02667	0.05347	0.00738	0.00378	0.00410	0.00010	9.8e-05	3.2e-05	0.00014	8.3e-05	5.2e-05	0.00015
11	0.00012	0.00010	0.00010	0.00010	0.00014	8.6e-05	7.8e-05	0.00015	0.00023	0.00028	0.03305	0.01390	0.95079	0.00026	0.00012	3.4e-05	5.2e-05	0.00022	9.5e-05	8.6e-05
12	0.00632	0.00017	0.00023	0.00018	0.00025	0.00015	0.00015	0.00725	0.00297	0.89179	0.06739	0.00038	0.00438	0.00014	0.00623	0.00328	8.5e-05	0.00011	0.00839	0.00017
13	0.00228	0.02119	0.50184	0.01522	0.20833	0.02524	0.12461	0.01514	0.06008	0.01320	0.00521	0.00207	0.00321	9.9e-05	0.00010	3.2e-05	0.00187	8.8e-05	5.2e-05	0.00015
14	0.00770	0.05185	0.01660	0.01260	0.05349	0.00542	0.07446	0.01114	0.35565	0.07437	0.03721	0.16647	0.10341	0.00018	0.00270	3.5e-05	8.7e-05	0.02640	9.1e-05	0.00013
15	0.00025	0.00024	0.00041	0.00063	0.99577	0.00024	0.00031	0.00031	0.00023	0.00033	0.00019	0.00025	0.00016	9.1e-05	0.00010	3e-05	0.00012	9.1e-05	5.1e-05	0.00016
16	0.00591	0.00503	0.04155	0.02608	0.04862	0.01228	0.02347	0.00240	0.00609	0.06695	0.00675	0.09644	0.03144	0.01483	0.00168	0.01146	9.7e-05	0.59873	8.8e-05	0.00011
17	0.00210	0.01699	0.08627	0.00454	0.14465	0.01104	0.05011	0.02348	0.00760	0.14952	0.05230	0.00223	0.00664	9.9e-05	9.1e-05	2.4e-05	9.6e-05	8.5e-05	0.00771	0.43443
18	0.00322	0.96814	0.00531	0.00018	0.00026	0.00386	0.00376	0.00030	0.00021	0.00024	0.00473	0.00017	0.00014	9.2e-05	0.00494	2.3e-05	0.00420	5.6e-05	4.4e-05	0.00013
19	0.00013	9.5e-05	0.00013	0.00015	0.00016	9.1e-05	0.00011	0.00016	0.00626	0.00027	0.00496	0.78810	0.00717	0.00471	0.00013	4.3e-05	6.6e-05	0.18709	9.5e-05	8.5e-05
20	0.01618	0.01885	0.00028	0.00380	0.00432	0.69178	0.00313	0.03159	0.22848	0.00031	0.00022	0.00023	0.00017	0.00011	9.4e-05	2.8e-05	0.00015	7.8e-05	6.6e-05	0.00013
21	0.09337	0.00781	0.00022	0.00017	0.00024	0.00017	0.00014	0.01741	0.09950	0.68277	0.01769	0.00034	0.00604	0.00013	9.7e-05	3.1e-05	8.2e-05	0.00010	0.07353	0.00016
22	0.01824	0.02863	0.00864	0.01848	0.05620	0.20465	0.00566	0.09657	0.02120	0.34764	0.03662	0.01492	0.02399	0.07714	0.02512	3.9e-05	0.01165	0.00010	0.00144	0.00308
23	0.00288	0.54643	0.01014	0.00020	0.00489	0.08728	0.00274	0.18112	0.14164	0.00259	0.00021	0.01622	0.00017	0.00011	8.2e-05	2.6e-05	0.00011	7.6e-05	0.00296	0.00014
24	0.00014	0.00212	0.03794	0.01384	0.01388	0.00011	0.01949	0.00193	0.00416	0.00252	0.23199	0.21440	0.33707	0.00217	0.00012	3.6e-05	0.00327	0.10087	9.4e-05	0.01385
25	0.00215	0.26476	0.65180	0.00456	0.01503	0.00425	0.00360	0.00777	0.00219	0.02834	0.00256	0.00240	0.00014	9.7e-05	9e-05	2.9e-05	0.00226	0.00185	4.7e-05	0.00607
26	0.06947	0.00246	0.00381	0.00891	0.01586	0.01282	0.04895	0.14235	0.04766	0.61867	0.00364	0.00032	0.00023	0.00012	0.00010	3.2e-05	0.00792	0.01099	0.00552	0.00016
27	0.02742	0.00017	0.00023	0.01106	0.01226	0.00251	0.00015	0.00444	0.00028	0.86266	0.00541	0.00265	0.00842	0.00014	0.00010	3.2e-05	8.8e-05	0.05564	0.00618	0.00016
28	0.00021	0.00302	0.05571	0.00731	0.08132	0.00015	0.00017	0.02934	0.05727	0.11544	0.18800	0.00539	0.04591	0.01200	0.00363	3.9e-05	8.8e-05	0.37688	0.01801	0.00012
29	0.00198	0.00390	0.00863	0.45329	0.32131	0.03216	0.02395	0.10535	0.00696	0.01997	0.00020	0.01142	0.00016	0.00010	0.00010	3.2e-05	0.00557	0.00296	0.00181	0.00014
30	0.00019	0.00015	0.00017	0.00017	0.00021	0.00333	0.00661	0.09783	0.16317	0.00275	0.01773	0.01287	0.33912	0.00023	0.00012	3.8e-05	7.8e-05	0.34674	0.00840	0.00011
31	0.00013	0.00010	0.00011	0.00011	0.00014	8.9e-05	8.4e-05	0.00016	0.00025	0.00031	0.28669	0.03975	0.67122	0.00025	0.00012	3.4e-05	5.1e-05	0.00021	0.0001	8.9e-05
32	0.00431	0.00028	0.32571	0.01496	0.01406	0.00018	0.00271	0.01527	0.00416	0.49356	0.02332	0.01967	0.01776	0.00013	0.00010	3.3e-05	0.00011	0.05019	0.01333	0.00015
33	0.98564	0.00020	0.00015	0.00013	0.00020	0.00023	0.00011	0.00030	0.00018	0.01194	0.00015	0.00017	0.00011	9.5e-05	6.4e-05	3.2e-05	7.9e-05	5.6e-05	6.4e-05	0.00011
34	0.00030	0.00024	0.00026	0.00022	0.00028	0.00027	0.00886	0.32878	0.65264	0.00645	0.00036	0.00034	0.00026	0.00013	0.00010	3.3e-05	9.2e-05	0.00011	0.00010	0.00017
35	0.00044	0.00017	0.00024	0.00019	0.02404	0.00015	0.00015	0.00048	0.00029	0.92487	0.00040	0.00036	0.00587	0.00013	0.00010	3.1e-05	8.6e-05	0.00800	0.03384	0.00017
36	0.00020	0.00019	0.00340	0.86700	0.07272	0.00364	0.00204	0.00797	0.00195	0.00890	0.00241	0.00369	0.00979	0.00011	0.00574	3.4e-05	0.00404	9.3e-05	0.00597	0.00012
37	0.00038	0.00028	0.00030	0.00024	0.00031	0.03982	0.01833	0.86913	0.00519	0.04079	0.00025	0.00025	0.00018	0.00014	0.02390	3.4e-05	0.00012	9.2e-05	9.9e-05	0.00017
38	0.02399	0.00012	0.00016	0.00018	0.00021	0.00012	0.00016	0.00022	0.00023	0.01369	0.00424	0.00530	0.02011	0.00027	0.00014	4.6e-05	9.2e-05	0.92599	0.00463	9.5e-05
39	0.96500	0.00020	0.00015	0.00013	0.00020	0.00023	0.00011	0.00860	0.00018	0.00046	0.00015	0.00017	0.00011	9.6e-05	6.4e-05	3.1e-05	7.9e-05	5.7e-05	0.02388	0.00011
40	0.00013	0.0001	0.00012	0.00012	0.00014	8.9e-05	8.8e-05	0.00016	0.00023	0.00029	0.19243	0.26878	0.47424	0.02590	0.02780	4.1e-05	6.1e-05	0.00911	9.6e-05	8.7e-05
41	0.00314	0.07019	0.28432	0.00519	0.07902	0.03423	0.02374	0.02274	0.25479	0.01761	0.13120	0.00836	0.03561	0.00015	0.02390	3.5e-05	0.00349	0.00206	7.4e-05	0.00014
42	0.00278	0.00011	0.00014	0.00013	0.00806	0.00011	9.9e-05	0.02628	0.02433	0.00039	0.75037	0.01665	0.16047	0.00021	0.00012	3.3e-05	5.2e-05	0.00019	0.00482	0.00466
43	0.00901	0.04207	0.48732	0.02557	0.07758	0.00560	0.01084	0.02143	0.05702	0.02387	0.21651	0.00817	0.00771	0.00013	0.00299	3.2e-05	0.00012	0.00186	6.7e-05	0.00211

[dist]
# distance from previous block
# <min> <max>
0	56

# created by:
# /home/cegg/simao/soft/augustus-3.2.1/scripts/msa2prfl.pl ./align_prep/POG091H00SK.fa
