[name]
unknown

[dist]
# distance from previous block
# <min> <max>
1	204

[block]
# block no. 0 follows, 2968 sequences, length 22
# corresponding to MSA columns:
# 306-315,333-344
name=unknown_A
#
# <colnr> <probs for GDERKNQSTAVLIFYWHMCP>
#	G	D	E	R	K	N	Q	S	T	A	V	L	I	F	Y	W	H	M	C	P
0	0.21357	0.04765	0.02060	0.03529	0.08551	0.06105	0.03971	0.09899	0.01402	0.04589	0.04250	0.14252	0.01220	0.05797	0.00527	0.00368	0.00936	0.00426	0.00813	0.05183
1	0.00043	0.00022	0.01868	0.00021	0.00029	0.02587	0.00017	0.03105	0.05876	0.63302	0.06186	0.01066	0.00463	0.00014	0.00012	3.4e-05	0.00444	0.00012	0.00513	0.14417
2	0.00024	0.01330	0.00720	0.17525	0.21207	0.07100	0.04155	0.03383	0.04027	0.00944	0.28606	0.00577	0.07551	0.00017	0.00923	3.8e-05	0.00841	0.00570	0.00482	0.00014
3	0.00014	0.00012	0.00012	0.00012	0.00016	9.9e-05	9e-05	0.00017	0.00026	0.00032	0.01614	0.03662	0.91036	0.02473	0.00015	4.2e-05	6.1e-05	0.01011	0.00011	9.8e-05
4	0.00028	0.00026	0.00978	0.02294	0.72307	0.00026	0.00031	0.00909	0.10602	0.01229	0.05779	0.01388	0.02232	0.00013	0.00012	3.6e-05	0.00013	0.01602	0.00512	0.00017
5	0.00017	0.00012	0.00016	0.00015	0.00018	0.00011	0.00011	0.00023	0.01005	0.01384	0.94239	0.01569	0.01588	0.00024	0.00014	3.7e-05	5.6e-05	0.00021	0.00013	0.00011
6	0.00016	0.00012	0.00013	0.00013	0.00016	0.00011	9.6e-05	0.00019	0.00691	0.01095	0.28908	0.02030	0.55527	0.09300	0.00018	4.6e-05	6.4e-05	0.01374	0.00925	0.00010
7	0.99672	0.00023	0.00017	0.00015	0.00023	0.00026	0.00013	0.00034	0.00020	0.00052	0.00016	0.00019	0.00013	0.00011	7.2e-05	3.6e-05	9e-05	6.3e-05	7.2e-05	0.00013
8	0.00017	0.00012	0.00016	0.00015	0.00018	0.00011	0.00011	0.00023	0.01223	0.02339	0.83267	0.01180	0.08522	0.00024	0.00014	3.7e-05	5.7e-05	0.00021	0.03266	0.00011
9	0.99672	0.00023	0.00017	0.00015	0.00023	0.00026	0.00013	0.00034	0.00020	0.00052	0.00016	0.00019	0.00013	0.00011	7.2e-05	3.6e-05	9e-05	6.3e-05	7.2e-05	0.00013
10	0.99672	0.00023	0.00017	0.00015	0.00023	0.00026	0.00013	0.00034	0.00020	0.00052	0.00016	0.00019	0.00013	0.00011	7.2e-05	3.6e-05	9e-05	6.3e-05	7.2e-05	0.00013
11	0.75794	0.00022	0.00019	0.00017	0.00024	0.00024	0.00014	0.01560	0.00023	0.20298	0.00023	0.00024	0.00016	0.00012	8.2e-05	3.6e-05	9.2e-05	7.6e-05	0.02087	0.00014
12	0.99672	0.00023	0.00017	0.00015	0.00023	0.00026	0.00013	0.00034	0.00020	0.00052	0.00016	0.00019	0.00013	0.00011	7.2e-05	3.6e-05	9e-05	6.3e-05	7.2e-05	0.00013
13	0.49411	0.00028	0.00023	0.00020	0.00026	0.16066	0.00442	0.16391	0.01215	0.00511	0.06766	0.00631	0.00783	0.00013	9.4e-05	3.5e-05	0.00011	0.02222	0.05413	0.00014
14	0.00044	0.00055	0.00033	0.00030	0.00036	0.97169	0.00023	0.02418	0.00034	0.00030	0.00018	0.00021	0.00015	0.00012	0.00011	3e-05	0.00021	7.6e-05	6.2e-05	0.00014
15	0.00988	0.00019	0.00026	0.00021	0.00029	0.00017	0.00017	0.00053	0.02097	0.86361	0.01286	0.00048	0.00033	0.00016	0.00012	3.8e-05	9.9e-05	0.08928	0.00014	0.00019
16	0.00016	0.00012	0.00015	0.00014	0.00017	0.00011	0.00010	0.00020	0.00031	0.00042	0.69307	0.05286	0.25124	0.00026	0.00014	3.8e-05	5.7e-05	0.00023	0.00012	0.00011
17	0.01846	0.03336	0.06412	0.01286	0.05111	0.67885	0.04888	0.02069	0.02268	0.04334	0.00021	0.00024	0.00017	0.00012	0.00011	3.2e-05	0.00019	0.00437	6.5e-05	0.00015
18	0.00841	0.01463	0.01527	0.41276	0.00052	0.15175	0.00972	0.00667	0.02873	0.00947	0.00394	0.00029	0.00017	0.00927	0.02356	4.5e-05	0.30056	0.00010	0.00400	0.00013
19	0.00018	0.00013	0.00018	0.00021	0.00024	0.00013	0.00018	0.00024	0.00027	0.00035	0.00064	0.05466	0.03172	0.00032	0.00016	5.3e-05	0.00010	0.91003	0.00011	0.00011
20	0.00016	0.00013	0.00015	0.00604	0.02527	0.00012	0.00011	0.01500	0.00028	0.01767	0.21302	0.03420	0.59503	0.03748	0.02471	4.6e-05	0.00812	0.01609	0.00628	0.00011
21	0.01033	0.13185	0.30599	0.09492	0.04173	0.10433	0.05712	0.06616	0.03050	0.09761	0.01396	0.00976	0.00731	0.00013	0.00668	3.6e-05	0.01337	0.00434	0.00371	0.00016

[dist]
# distance from previous block
# <min> <max>
5	11

[block]
# block no. 1 follows, 2968 sequences, length 15
# corresponding to MSA columns:
# 383-393,398-401
name=unknown_B
#
# <colnr> <probs for GDERKNQSTAVLIFYWHMCP>
#	G	D	E	R	K	N	Q	S	T	A	V	L	I	F	Y	W	H	M	C	P
0	0.00017	0.00012	0.00016	0.00015	0.00018	0.00011	0.00011	0.00023	0.00888	0.01730	0.85096	0.02645	0.05837	0.00024	0.00014	3.7e-05	5.8e-05	0.00895	0.01058	0.01680
1	0.01912	0.16408	0.59430	0.01136	0.03082	0.02193	0.04415	0.01533	0.05454	0.00906	0.01357	0.00027	0.00499	0.00012	0.00011	3.5e-05	0.00639	0.00484	0.00481	0.00017
2	0.00018	0.00012	0.00014	0.00014	0.00015	0.00012	8.9e-05	0.01353	0.01019	0.00025	0.00038	0.05282	0.00849	0.74458	0.11015	0.00011	0.00013	0.01712	0.00912	0.03218
3	0.00617	0.00012	0.00014	0.01929	0.00018	0.00011	0.00010	0.00619	0.01113	0.01868	0.20875	0.02956	0.60676	0.02700	0.01227	0.03109	6.9e-05	0.01696	0.00534	0.00010
4	0.01484	0.00018	0.00023	0.00019	0.00025	0.00017	0.00670	0.06351	0.04380	0.46800	0.24732	0.01084	0.06543	0.00019	0.00633	3.7e-05	8.6e-05	0.01185	0.05991	0.00016
5	0.00885	0.00016	0.00020	0.00017	0.00023	0.00014	0.00014	0.01116	0.03328	0.40515	0.28237	0.06364	0.12069	0.01002	0.00013	3.9e-05	7.9e-05	0.03488	0.02852	0.00015
6	0.00044	0.00054	0.00033	0.00030	0.00036	0.93187	0.00023	0.06397	0.00034	0.00031	0.00019	0.00022	0.00015	0.00012	0.00011	3e-05	0.00021	7.7e-05	6.4e-05	0.00014
7	0.00029	0.00025	0.00026	0.00023	0.00030	0.00028	0.00018	0.00061	0.95442	0.00049	0.00047	0.00044	0.00035	0.00016	0.00012	3.9e-05	9.1e-05	0.00013	0.04073	0.00018
8	0.00032	0.89959	0.03335	0.00021	0.00031	0.00045	0.00021	0.06387	0.00026	0.00031	0.00017	0.00020	0.00015	0.00010	7.9e-05	2.6e-05	0.00013	6.6e-05	5.4e-05	0.00015
9	0.04227	0.01293	0.03085	0.01805	0.07406	0.02258	0.07131	0.04811	0.00857	0.48225	0.10015	0.02961	0.01928	0.00438	0.00633	3.8e-05	0.00452	0.01820	0.00635	0.00017
10	0.00908	0.00030	0.01728	0.03190	0.02254	0.00028	0.81746	0.00039	0.00894	0.08159	0.00889	0.00032	0.00019	0.00010	0.00013	3.9e-05	0.00018	0.00013	6.7e-05	0.00016
11	0.00043	0.02668	0.00029	0.06379	0.00033	0.00020	0.02814	0.02663	0.01284	0.66279	0.10056	0.00043	0.01003	0.00015	0.00013	3.7e-05	0.05105	0.00013	0.01520	0.00018
12	0.00014	0.00010	0.00014	0.00016	0.00017	9.7e-05	0.00011	0.00017	0.00023	0.00030	0.01748	0.90264	0.04007	0.00036	0.00015	4.7e-05	6.9e-05	0.03736	0.00011	9.6e-05
13	0.03510	0.04461	0.11833	0.12186	0.13312	0.09743	0.06220	0.06579	0.04288	0.06297	0.00857	0.09045	0.01944	0.00640	0.02364	4.2e-05	0.01692	0.04588	0.00423	0.00015
14	0.02871	0.01621	0.02446	0.10040	0.15061	0.12241	0.08201	0.08462	0.04471	0.03113	0.02703	0.13444	0.01781	0.01949	0.00814	0.00391	0.03272	0.06473	0.00633	0.00014

[dist]
# distance from previous block
# <min> <max>
1	3

[block]
# block no. 2 follows, 2968 sequences, length 10
# corresponding to MSA columns:
# 415,416,419-426
name=unknown_C
#
# <colnr> <probs for GDERKNQSTAVLIFYWHMCP>
#	G	D	E	R	K	N	Q	S	T	A	V	L	I	F	Y	W	H	M	C	P
0	0.05421	0.16636	0.03242	0.06193	0.19804	0.07813	0.03314	0.09410	0.02947	0.06104	0.00631	0.05177	0.02009	0.00666	0.00011	3.4e-05	0.01545	0.01250	0.00710	0.07115
1	0.00045	0.01494	0.00026	0.00020	0.00028	0.01359	0.00017	0.06107	0.02205	0.72573	0.09238	0.00046	0.02989	0.00016	0.00012	3.6e-05	9.6e-05	0.01136	0.02657	0.00018
2	0.06509	0.21596	0.16933	0.03859	0.04430	0.02505	0.02666	0.06444	0.04832	0.04307	0.01367	0.00605	0.00845	0.00588	0.00604	3.2e-05	0.02764	0.00626	7e-05	0.18510
3	0.00594	0.00802	0.00903	0.08921	0.04998	0.11957	0.09508	0.03529	0.18292	0.01788	0.21830	0.02167	0.05411	0.01459	0.01824	4.2e-05	0.04055	0.01080	0.00865	0.00014
4	0.00026	0.00024	0.00037	0.12760	0.51741	0.00770	0.02466	0.01240	0.07741	0.01138	0.07631	0.03405	0.04467	0.00732	0.00013	3.7e-05	0.01735	0.00874	0.01338	0.01858
5	0.00015	0.00012	0.00013	0.00014	0.00017	0.00011	0.00010	0.00018	0.00026	0.00033	0.10076	0.25639	0.55295	0.01832	0.00015	4.3e-05	0.01685	0.05264	0.00011	9.9e-05
6	0.00739	0.07004	0.00937	0.01977	0.00823	0.00726	0.69862	0.07102	0.01110	0.01905	0.01050	0.01760	0.01220	0.00011	0.00014	3.8e-05	0.02346	0.00013	6.7e-05	0.01392
7	0.00015	0.00011	0.00014	0.00015	0.00017	0.00010	0.00011	0.00018	0.00025	0.01721	0.05816	0.54645	0.30831	0.00033	0.00014	4.4e-05	6.7e-05	0.05083	0.01700	0.0001
8	0.92008	0.00024	0.00018	0.00016	0.00024	0.03662	0.00013	0.04052	0.00022	0.00052	0.00017	0.00019	0.00013	0.00011	7.5e-05	3.6e-05	9.6e-05	6.5e-05	7.4e-05	0.00013
9	0.04698	0.10418	0.12660	0.10393	0.03719	0.02857	0.09860	0.07851	0.09959	0.06856	0.07697	0.01274	0.02954	0.00758	0.00012	3.6e-05	0.01128	0.00969	8.2e-05	0.05925

[dist]
# distance from previous block
# <min> <max>
0	4

[block]
# block no. 3 follows, 2968 sequences, length 27
# corresponding to MSA columns:
# 431-442,444-449,477,478,505-507,510,522-524
name=unknown_D
#
# <colnr> <probs for GDERKNQSTAVLIFYWHMCP>
#	G	D	E	R	K	N	Q	S	T	A	V	L	I	F	Y	W	H	M	C	P
0	0.04328	0.00381	0.10727	0.36265	0.27657	0.01405	0.06440	0.05061	0.05243	0.00853	0.00023	0.00030	0.00018	0.00012	0.00012	3.7e-05	0.01157	0.00362	6.2e-05	0.00016
1	0.97784	0.00023	0.00017	0.00016	0.00023	0.00026	0.00013	0.00035	0.01905	0.00052	0.00017	0.00019	0.00013	0.00011	7.3e-05	3.6e-05	9e-05	6.5e-05	7.3e-05	0.00013
2	0.00015	0.00011	0.00016	0.03188	0.00809	0.00557	0.01357	0.00018	0.00023	0.00030	0.00061	0.89248	0.00073	0.01490	0.00016	4.8e-05	0.00531	0.02534	0.00010	9.8e-05
3	0.99672	0.00023	0.00017	0.00015	0.00023	0.00026	0.00013	0.00034	0.00020	0.00052	0.00016	0.00019	0.00013	0.00011	7.2e-05	3.6e-05	9e-05	6.3e-05	7.2e-05	0.00013
4	0.00051	0.00020	0.00027	0.00021	0.00030	0.00017	0.00017	0.01379	0.01706	0.94058	0.00046	0.00040	0.00029	0.00014	0.00012	3.6e-05	9.9e-05	0.00012	0.02490	0.00020
5	0.96589	0.00023	0.00018	0.00016	0.00023	0.00027	0.00013	0.03111	0.00021	0.00053	0.00017	0.00019	0.00013	0.00011	7.4e-05	3.6e-05	9.2e-05	6.5e-05	7.4e-05	0.00013
6	0.18480	0.00023	0.00026	0.00021	0.00029	0.01230	0.00017	0.17100	0.00944	0.56241	0.00038	0.00038	0.00026	0.00015	0.00011	3.7e-05	0.00010	0.04918	0.00810	0.00018
7	0.00034	0.16927	0.00318	0.07818	0.16153	0.40517	0.06635	0.01234	0.00691	0.00433	0.01548	0.02996	0.00978	0.00295	0.00299	3.3e-05	0.03090	9.8e-05	6.1e-05	0.00015
8	0.00025	0.00514	0.00024	0.00018	0.00028	0.00578	0.00014	0.00583	0.00024	0.01161	0.00022	0.00531	0.00775	9.2e-05	9e-05	1.8e-05	0.00848	7.3e-05	7e-05	0.94821
9	0.00408	0.11978	0.68041	0.00907	0.00401	0.01051	0.02907	0.02855	0.03597	0.04911	0.00978	0.00297	0.00772	0.00012	0.00011	3.6e-05	0.00016	0.00329	0.00263	0.00261
10	0.00018	0.00014	0.00019	0.03884	0.05763	0.00013	0.02811	0.00023	0.01898	0.00675	0.51376	0.04478	0.25647	0.00024	0.00014	3.9e-05	7.2e-05	0.03310	0.00011	0.00011
11	0.94121	0.00022	0.00018	0.03096	0.00025	0.00026	0.00013	0.00035	0.00020	0.02515	0.00017	0.00020	0.00013	0.00011	7.5e-05	3.6e-05	9.3e-05	6.6e-05	7.3e-05	0.00013
12	0.00377	0.00268	0.08876	0.41693	0.18983	0.00357	0.13261	0.01543	0.01062	0.06660	0.00253	0.01029	0.00020	0.00385	0.01092	4e-05	0.01207	0.02267	0.00649	0.00015
13	0.01084	0.05264	0.09933	0.04202	0.35949	0.05377	0.11272	0.02180	0.02684	0.16818	0.00599	0.01765	0.01350	0.00013	0.00263	3.6e-05	0.00600	0.00621	7.6e-05	0.00017
14	0.00050	0.00022	0.00028	0.00022	0.00030	0.00020	0.00018	0.14916	0.00036	0.81158	0.00043	0.00038	0.00027	0.00015	0.01085	3.8e-05	0.00883	0.00012	0.01574	0.00020
15	0.01334	0.00020	0.00026	0.00020	0.00029	0.00017	0.00017	0.00055	0.01494	0.91615	0.01969	0.00042	0.01695	0.00015	0.00012	3.6e-05	9.7e-05	0.00012	0.01597	0.00019
16	0.00023	0.03080	0.70315	0.00881	0.02068	0.00762	0.05109	0.00369	0.00349	0.00295	0.01417	0.08372	0.04266	0.00312	0.00012	3.8e-05	0.00296	0.02049	6.1e-05	0.00016
17	0.00423	0.08256	0.81685	0.00032	0.00624	0.00028	0.01268	0.00647	0.02793	0.02283	0.01368	0.00501	0.00017	0.00012	0.00011	3.6e-05	0.00016	9e-05	5.5e-05	0.00017
18	0.00406	0.15694	0.00903	0.00025	0.00033	0.04210	0.00461	0.53866	0.02854	0.12410	0.01608	0.00029	0.00022	0.00014	0.00012	3.4e-05	0.05722	0.00010	0.01699	0.00018
19	0.00303	0.00023	0.08732	0.32700	0.13760	0.00248	0.03701	0.02494	0.01153	0.06299	0.03077	0.05776	0.11490	0.04135	0.02701	4.6e-05	0.00665	0.02478	0.00244	0.00014
20	0.00989	0.30991	0.50648	0.00349	0.00470	0.03910	0.03563	0.03822	0.00747	0.02907	0.00021	0.00024	0.00336	0.00011	0.00010	3.3e-05	0.00343	0.00306	5.7e-05	0.00544
21	0.00280	0.11790	0.40688	0.08219	0.01818	0.00905	0.11859	0.01717	0.04008	0.07000	0.03419	0.01605	0.03627	0.01568	0.00012	3.8e-05	0.00314	0.01145	6.8e-05	0.00016
22	0.00014	0.00012	0.00012	0.00013	0.00016	0.00010	9.4e-05	0.00017	0.01090	0.00032	0.05287	0.18086	0.75300	0.00030	0.00014	4.1e-05	6.1e-05	0.00026	0.00011	9.9e-05
23	0.01031	0.00430	0.14404	0.22817	0.18175	0.00955	0.05048	0.03901	0.03547	0.15573	0.04582	0.02730	0.02537	0.00232	0.00540	3.9e-05	0.00808	0.02407	0.00264	0.00016
24	0.00643	0.16711	0.33678	0.03813	0.04167	0.06591	0.10689	0.07902	0.01795	0.10651	0.00310	0.01284	0.00265	0.00013	0.00827	3.6e-05	0.00369	0.00267	7e-05	0.00017
25	0.00268	0.00020	0.01292	0.00684	0.00291	0.00777	0.01442	0.06402	0.03361	0.44590	0.12114	0.05616	0.05513	0.01546	0.01849	4.3e-05	0.10656	0.02636	0.00922	0.00016
26	0.00014	0.00011	0.00014	0.00016	0.00017	9.7e-05	0.00011	0.00017	0.00023	0.00031	0.04167	0.77580	0.13700	0.01458	0.00924	4.8e-05	7e-05	0.01975	0.00011	9.6e-05

[dist]
# distance from previous block
# <min> <max>
1	3

[block]
# block no. 4 follows, 2968 sequences, length 27
# corresponding to MSA columns:
# 528-545,555-560,565-567
name=unknown_E
#
# <colnr> <probs for GDERKNQSTAVLIFYWHMCP>
#	G	D	E	R	K	N	Q	S	T	A	V	L	I	F	Y	W	H	M	C	P
0	0.74773	0.10752	0.01009	0.00018	0.00730	0.06799	0.01220	0.00497	0.01263	0.00379	0.00017	0.00020	0.00014	0.00012	0.01173	3.6e-05	0.00970	6.8e-05	0.00329	0.00013
1	0.00046	0.00022	0.00028	0.00022	0.00030	0.00022	0.00018	0.14522	0.18550	0.62661	0.00880	0.00040	0.00030	0.00015	0.00847	3.8e-05	0.00010	0.00558	0.01138	0.00556
2	0.00031	0.72932	0.00703	0.00713	0.08678	0.05087	0.01029	0.01277	0.00024	0.00029	0.00017	0.00021	0.00015	0.00011	0.00011	2.9e-05	0.09390	7.2e-05	5.2e-05	0.00015
3	0.00018	0.00013	0.00017	0.00020	0.00022	0.00013	0.00016	0.00022	0.00026	0.00034	0.02097	0.13851	0.04985	0.04829	0.00018	5.5e-05	9.9e-05	0.73984	0.00011	0.00010
4	0.00017	0.00012	0.00015	0.00015	0.00017	0.00011	0.00011	0.00022	0.00908	0.01878	0.75400	0.10280	0.06820	0.00025	0.00014	3.8e-05	5.8e-05	0.00022	0.04513	0.00011
5	0.00017	0.00011	0.00013	0.00013	0.00013	0.00011	7.5e-05	0.00017	0.00018	0.00024	0.01502	0.00078	0.05747	0.89545	0.02929	0.00011	0.00012	0.00017	7.4e-05	7.4e-05
6	0.00015	0.00012	0.00013	0.00013	0.00016	0.00010	9.8e-05	0.00019	0.00028	0.00037	0.36463	0.09154	0.51236	0.02904	0.00015	4.1e-05	6e-05	0.00024	0.00011	0.00010
7	0.00878	0.00024	0.00027	0.00023	0.00030	0.00027	0.00018	0.05604	0.75817	0.15248	0.01289	0.00042	0.00034	0.00016	0.00012	3.9e-05	9.5e-05	0.00013	0.00866	0.00019
8	0.00996	0.00021	0.00027	0.00021	0.00029	0.00019	0.00017	0.08650	0.06744	0.76306	0.01367	0.00522	0.01499	0.00015	0.00012	3.6e-05	9.8e-05	0.00012	0.03711	0.00019
9	0.94872	0.00023	0.00018	0.00016	0.00023	0.00026	0.00013	0.00036	0.04812	0.00052	0.00018	0.00020	0.00014	0.00011	7.5e-05	3.6e-05	9e-05	6.7e-05	7.5e-05	0.00013
10	0.00019	0.00018	0.09523	0.00022	0.00564	0.00014	0.00561	0.00025	0.00026	0.01504	0.00057	0.11701	0.00062	0.02247	0.00016	5.2e-05	0.00011	0.73602	0.00010	0.00011
11	0.99672	0.00023	0.00017	0.00015	0.00023	0.00026	0.00013	0.00034	0.00020	0.00052	0.00016	0.00019	0.00013	0.00011	7.2e-05	3.6e-05	9e-05	6.3e-05	7.2e-05	0.00013
12	0.96964	0.00023	0.00018	0.00016	0.01395	0.00026	0.00013	0.01366	0.00020	0.00052	0.00016	0.00019	0.00013	0.00011	7.3e-05	3.6e-05	9.2e-05	6.4e-05	7.3e-05	0.00013
13	0.99672	0.00023	0.00017	0.00015	0.00023	0.00026	0.00013	0.00034	0.00020	0.00052	0.00016	0.00019	0.00013	0.00011	7.2e-05	3.6e-05	9e-05	6.3e-05	7.2e-05	0.00013
14	0.00030	0.00025	0.00027	0.00024	0.00031	0.00029	0.00019	0.03573	0.95984	0.00050	0.00047	0.00043	0.00035	0.00016	0.00012	3.9e-05	9.4e-05	0.00013	0.00012	0.00019
15	0.99672	0.00023	0.00017	0.00015	0.00023	0.00026	0.00013	0.00034	0.00020	0.00052	0.00016	0.00019	0.00013	0.00011	7.2e-05	3.6e-05	9e-05	6.3e-05	7.2e-05	0.00013
16	0.00031	0.00026	0.00027	0.00024	0.00031	0.02539	0.00019	0.08240	0.88807	0.00050	0.00045	0.00042	0.00034	0.00016	0.00012	3.9e-05	9.8e-05	0.00013	0.00012	0.00018
17	0.94873	0.00022	0.00018	0.00016	0.00023	0.00026	0.00013	0.00035	0.00021	0.04844	0.00018	0.00020	0.00013	0.00011	7.4e-05	3.6e-05	9.1e-05	6.6e-05	7.6e-05	0.00013
18	0.09708	0.00020	0.00026	0.00020	0.00029	0.00019	0.00017	0.02479	0.00033	0.87458	0.00043	0.00037	0.00027	0.00014	0.00011	3.6e-05	9.9e-05	0.00011	0.00014	0.00019
19	0.02234	0.00021	0.00026	0.00021	0.00029	0.00019	0.00017	0.04070	0.12262	0.75231	0.01265	0.04071	0.00646	0.00016	0.00012	3.7e-05	9.7e-05	0.00013	0.00014	0.00019
20	0.00585	0.00021	0.00025	0.00560	0.00028	0.00016	0.00014	0.00671	0.00628	0.05645	0.00022	0.00025	0.00018	9.3e-05	9.5e-05	2e-05	0.02088	7.3e-05	7.4e-05	0.89617
21	0.00017	0.00014	0.02193	0.00015	0.00458	0.00012	0.00012	0.00023	0.04596	0.00532	0.65798	0.05296	0.19952	0.00025	0.00472	3.9e-05	6.3e-05	0.00552	0.00012	0.00011
22	0.00016	0.00012	0.00014	0.00014	0.00017	0.00011	0.00010	0.00020	0.00029	0.01249	0.43483	0.01379	0.49900	0.00907	0.00014	3.9e-05	6e-05	0.02894	0.00012	0.00010
23	0.00804	0.00020	0.00026	0.00020	0.00029	0.00017	0.00017	0.00835	0.00033	0.92691	0.04586	0.00042	0.00032	0.00015	0.00012	3.6e-05	9.7e-05	0.00012	0.00775	0.00019
24	0.02540	0.01085	0.24115	0.16955	0.27896	0.02009	0.14577	0.04970	0.00397	0.04268	0.00023	0.00633	0.00018	0.00011	0.00012	3.7e-05	0.00454	0.00010	6.2e-05	0.00017
25	0.00021	0.00014	0.00017	0.00016	0.00464	0.00012	0.01352	0.00026	0.01195	0.16312	0.16703	0.10901	0.46931	0.00026	0.00014	4e-05	7.1e-05	0.04173	0.01802	0.00012
26	0.00051	0.00020	0.00027	0.00021	0.00030	0.00018	0.00017	0.02761	0.01155	0.92644	0.00046	0.01196	0.00029	0.00015	0.00012	3.6e-05	9.9e-05	0.00012	0.01915	0.00020

[dist]
# distance from previous block
# <min> <max>
2	14

[block]
# block no. 5 follows, 2968 sequences, length 33
# corresponding to MSA columns:
# 583,587,588,590-599,601,603,605-608,612-624,627
name=unknown_F
#
# <colnr> <probs for GDERKNQSTAVLIFYWHMCP>
#	G	D	E	R	K	N	Q	S	T	A	V	L	I	F	Y	W	H	M	C	P
0	0.00262	0.00015	0.00741	0.02800	0.03953	0.00647	0.05891	0.02983	0.01487	0.02867	0.08721	0.37387	0.04697	0.00028	0.00015	4.5e-05	0.00450	0.26120	0.00920	0.00012
1	0.84268	0.06946	0.00928	0.00018	0.03732	0.02478	0.00015	0.00729	0.00021	0.00756	0.00017	0.00020	0.00013	0.00011	7.6e-05	3.5e-05	9.9e-05	6.6e-05	7e-05	0.00013
2	0.00033	0.00016	0.00020	0.00017	0.00962	0.00014	0.00013	0.01858	0.00030	0.45895	0.03597	0.00648	0.42752	0.00021	0.00013	3.7e-05	8e-05	0.00509	0.03576	0.00015
3	0.00014	0.00010	0.00014	0.00016	0.00017	9.5e-05	0.00011	0.00016	0.00023	0.00030	0.01660	0.97985	0.00078	0.00036	0.00015	4.7e-05	6.8e-05	0.00033	0.00011	9.5e-05
4	0.00029	0.00025	0.00026	0.00023	0.00030	0.00028	0.00018	0.00904	0.93527	0.00866	0.04355	0.00045	0.00039	0.00016	0.00012	3.9e-05	9.1e-05	0.00014	0.00012	0.00018
5	0.00016	0.00012	0.00015	0.00014	0.00017	0.00011	0.00011	0.00021	0.00032	0.00044	0.83559	0.01149	0.15005	0.00025	0.00014	3.7e-05	5.6e-05	0.00022	0.00013	0.00011
6	0.64399	0.00022	0.00021	0.00017	0.00025	0.00023	0.00014	0.02538	0.00563	0.30614	0.00027	0.01056	0.00019	0.00012	8.8e-05	3.6e-05	9.4e-05	8.4e-05	0.00604	0.00015
7	0.00016	0.00012	0.00015	0.00014	0.00017	0.00011	0.00011	0.00021	0.00032	0.00044	0.82996	0.00091	0.16626	0.00025	0.00014	3.7e-05	5.6e-05	0.00022	0.00013	0.00011
8	0.00017	0.00012	0.00016	0.00015	0.00018	0.00011	0.00011	0.00023	0.00033	0.02642	0.92742	0.01158	0.01769	0.00024	0.00014	3.7e-05	5.6e-05	0.00021	0.01454	0.00011
9	0.00030	0.00025	0.00027	0.00024	0.00030	0.00029	0.00019	0.04226	0.94088	0.00050	0.00047	0.00043	0.00035	0.00016	0.00012	3.9e-05	9.3e-05	0.00013	0.01256	0.00018
10	0.00026	0.00024	0.00039	0.27608	0.54707	0.00402	0.00031	0.00520	0.03020	0.02584	0.00892	0.04389	0.02607	0.00604	0.00012	3.8e-05	0.00013	0.02494	6.6e-05	0.00016
11	0.00024	0.00021	0.00024	0.00017	0.00028	0.00016	0.00014	0.00029	0.00024	0.00038	0.00021	0.00024	0.00017	8.6e-05	8.6e-05	1.7e-05	8.6e-05	6.9e-05	6.9e-05	0.99661
12	0.00017	0.00011	0.00013	0.00013	0.00013	0.00011	7.1e-05	0.00017	0.00017	0.00023	0.00037	0.01714	0.00043	0.97951	0.00059	0.00011	0.00011	0.00017	7.1e-05	7.1e-05
13	0.07161	0.03885	0.03055	0.03438	0.08573	0.06797	0.04961	0.20511	0.16229	0.05578	0.01115	0.02991	0.01105	0.01208	0.00993	3.8e-05	0.03614	0.01791	0.01057	0.05935
14	0.00017	0.00012	0.00014	0.01951	0.00015	0.00012	8.3e-05	0.00384	0.00482	0.00024	0.02452	0.00414	0.00349	0.85871	0.04586	0.02200	0.00350	0.00489	0.00363	7.6e-05
15	0.00023	0.00060	0.99529	0.00033	0.00051	0.00027	0.00043	0.00037	0.00025	0.00037	0.00021	0.00025	0.00015	0.00011	0.00011	3.7e-05	0.00017	8.6e-05	4.9e-05	0.00017
16	0.94130	0.00023	0.00018	0.00482	0.00023	0.01056	0.00467	0.01073	0.00021	0.01776	0.00017	0.00020	0.00013	0.00427	7.7e-05	3.6e-05	9.3e-05	0.00412	7.4e-05	0.00013
17	0.04459	0.00545	0.01673	0.27709	0.32751	0.06394	0.01200	0.04323	0.00738	0.07489	0.00928	0.00448	0.00587	0.00206	0.00011	3.5e-05	0.00503	0.00506	6.9e-05	0.09519
18	0.00469	0.00025	0.00041	0.31775	0.44013	0.00453	0.07251	0.00557	0.02563	0.01049	0.02611	0.00764	0.00907	0.00290	0.00218	3.8e-05	0.03686	0.01649	0.00216	0.01460
19	0.00023	0.00021	0.00036	0.90016	0.09621	0.00026	0.00033	0.00030	0.00024	0.00031	0.00021	0.00031	0.00016	0.00012	0.00012	3.9e-05	0.00015	0.00010	5.2e-05	0.00014
20	0.05395	0.00204	0.00585	0.07005	0.04046	0.01716	0.07017	0.08140	0.04886	0.10806	0.00449	0.06051	0.03347	0.00311	0.00386	0.00259	0.00350	0.38748	0.00286	0.00014
21	0.02392	0.01237	0.06528	0.22740	0.20090	0.09275	0.07589	0.04297	0.05575	0.08411	0.02958	0.04197	0.01390	0.00269	0.00393	3.8e-05	0.00905	0.01728	7.5e-05	0.00016
22	0.00027	0.00261	0.00037	0.04322	0.02446	0.12017	0.28639	0.03914	0.04997	0.03809	0.07807	0.09234	0.06189	0.09053	0.02519	4.9e-05	0.03687	0.01015	8.2e-05	0.00013
23	0.02117	0.00020	0.00027	0.00021	0.00030	0.00018	0.00017	0.01374	0.00033	0.96145	0.00045	0.00039	0.00028	0.00014	0.00012	3.6e-05	0.0001	0.00012	0.00014	0.00020
24	0.00304	0.12365	0.52369	0.02013	0.02248	0.01194	0.06981	0.00588	0.01631	0.06431	0.01920	0.05253	0.04370	0.00014	0.00475	3.7e-05	0.00315	0.01501	6.6e-05	0.00016
25	0.02293	0.04723	0.28819	0.03268	0.07954	0.02091	0.14651	0.07901	0.02458	0.13793	0.00816	0.03285	0.01813	0.00311	0.00937	0.00656	0.01912	0.02093	0.00210	0.00016
26	0.96737	0.00023	0.00018	0.00016	0.00023	0.00026	0.00013	0.01063	0.00020	0.01955	0.00017	0.00019	0.00013	0.00011	7.4e-05	3.6e-05	9.1e-05	6.5e-05	7.4e-05	0.00013
27	0.00016	0.00012	0.00014	0.00014	0.00017	0.00011	0.00422	0.02137	0.01271	0.02198	0.09160	0.15948	0.65311	0.00748	0.00972	0.00445	6.7e-05	0.00711	0.00575	0.00010
28	0.01449	0.09113	0.36912	0.03937	0.08642	0.06209	0.06264	0.04083	0.03589	0.16107	0.00438	0.01391	0.00826	0.00215	0.00011	3.6e-05	0.00015	0.00564	0.00214	0.00017
29	0.01668	0.01531	0.37486	0.03896	0.08934	0.09200	0.08288	0.04534	0.01913	0.15018	0.00562	0.03125	0.00545	0.01181	0.00499	3.8e-05	0.00278	0.00999	0.00322	0.00017
30	0.00015	0.00010	0.00014	0.00016	0.00017	9.8e-05	0.00011	0.00017	0.00646	0.00030	0.00065	0.91194	0.01978	0.01957	0.00016	4.9e-05	7e-05	0.03971	0.00011	9.6e-05
31	0.01584	0.00029	0.09714	0.28664	0.31244	0.00564	0.10481	0.08956	0.00742	0.03652	0.01070	0.00997	0.00251	0.00334	0.00012	3.7e-05	0.01062	0.00616	6.6e-05	0.00016
32	0.02923	0.07826	0.26892	0.02007	0.23062	0.05085	0.12267	0.06697	0.01283	0.07938	0.00274	0.00294	0.00019	0.00012	0.00011	3.6e-05	0.00553	0.01985	0.00236	0.00630

[dist]
# distance from previous block
# <min> <max>
0	25

[block]
# block no. 6 follows, 2968 sequences, length 18
# corresponding to MSA columns:
# 653-661,663-668,672-674
name=unknown_G
#
# <colnr> <probs for GDERKNQSTAVLIFYWHMCP>
#	G	D	E	R	K	N	Q	S	T	A	V	L	I	F	Y	W	H	M	C	P
0	0.00361	0.00348	0.08192	0.08506	0.04600	0.11130	0.04332	0.12313	0.01264	0.05618	0.06917	0.00389	0.02857	0.01292	0.07595	5.2e-05	0.21773	0.00576	0.01918	0.00014
1	0.00020	0.00014	0.00017	0.00016	0.00019	0.00013	0.00012	0.07153	0.01324	0.01936	0.80274	0.01766	0.00969	0.00022	0.00013	3.6e-05	6.2e-05	0.00020	0.06392	0.00012
2	0.00031	0.94539	0.00060	0.00021	0.00030	0.01901	0.00020	0.00035	0.00024	0.00028	0.00016	0.00019	0.00015	0.00010	8.5e-05	2.6e-05	0.03214	6.4e-05	5e-05	0.00015
3	0.01502	0.00027	0.00029	0.00024	0.00032	0.00031	0.00019	0.36284	0.54620	0.05163	0.00040	0.00037	0.00029	0.00015	0.00012	3.7e-05	0.00011	0.00012	0.02091	0.00019
4	0.00015	0.00011	0.00014	0.00016	0.00017	0.00010	0.00011	0.00723	0.00024	0.01302	0.04387	0.75144	0.11399	0.00825	0.02542	5e-05	7.5e-05	0.03525	0.00011	9.8e-05
5	0.00014	0.00012	0.00012	0.00013	0.00016	9.9e-05	9.4e-05	0.00017	0.00027	0.00033	0.11664	0.13116	0.74956	0.00030	0.00014	4e-05	6e-05	0.00025	0.00011	9.9e-05
6	0.00019	0.00015	0.00017	0.00016	0.00020	0.00015	0.00012	0.00853	0.19120	0.02408	0.53705	0.02753	0.20064	0.00024	0.00013	3.8e-05	6.6e-05	0.00909	0.00012	0.00012
7	0.00014	0.00012	0.00012	0.00012	0.00016	0.00010	9.2e-05	0.00017	0.00027	0.00034	0.13496	0.02021	0.84220	0.00029	0.00014	3.9e-05	5.9e-05	0.00024	0.00011	0.00010
8	0.00027	0.00568	0.01619	0.00753	0.00629	0.07733	0.02342	0.07203	0.01108	0.02265	0.00025	0.05916	0.00021	0.00011	0.0001	2.3e-05	0.00927	9.2e-05	7.5e-05	0.68824
9	0.00044	0.00056	0.00033	0.00030	0.00036	0.99543	0.00023	0.00047	0.00033	0.00029	0.00018	0.00021	0.00015	0.00012	0.00011	3e-05	0.00021	7.5e-05	6e-05	0.00014
10	0.00030	0.45013	0.22725	0.00029	0.00041	0.12620	0.17348	0.00982	0.01053	0.00032	0.00019	0.00023	0.00016	0.00011	9.9e-05	3.1e-05	0.00016	8.4e-05	5.4e-05	0.00016
11	0.00029	0.00029	0.00040	0.39297	0.37131	0.14982	0.02100	0.03433	0.00027	0.00751	0.00021	0.00029	0.00017	0.00012	0.00826	3.7e-05	0.01239	0.00010	5.8e-05	0.00015
12	0.00014	0.00010	0.00013	0.00016	0.00017	9.6e-05	0.00011	0.00016	0.00023	0.00030	0.02522	0.84911	0.12293	0.00035	0.00015	4.6e-05	6.6e-05	0.00032	0.00011	9.6e-05
13	0.00017	0.00013	0.00018	0.07087	0.03723	0.00505	0.01020	0.01360	0.00699	0.00693	0.00803	0.61274	0.02452	0.16276	0.02652	6e-05	9.4e-05	0.01374	9.5e-05	0.00010
14	0.02495	0.09163	0.24408	0.09451	0.09762	0.01721	0.10560	0.14501	0.05670	0.03169	0.00510	0.05127	0.00022	0.00491	0.00482	3.8e-05	0.00710	0.00880	0.00329	0.00544
15	0.00427	0.00014	0.00442	0.01098	0.00469	0.00554	0.01229	0.00788	0.06347	0.04000	0.32329	0.11216	0.33091	0.02478	0.00015	4.2e-05	7.2e-05	0.05469	0.00011	0.00011
16	0.03307	0.00490	0.00019	0.00017	0.00022	0.00419	0.00014	0.05650	0.01958	0.18110	0.23057	0.11109	0.14894	0.02472	0.05028	4.9e-05	0.00412	0.10805	0.01400	0.00813
17	0.23411	0.44680	0.06112	0.01152	0.04372	0.06510	0.01388	0.04703	0.01285	0.02613	0.00019	0.00022	0.00016	0.00011	8.6e-05	3e-05	0.00012	7.3e-05	6.3e-05	0.03671

[dist]
# distance from previous block
# <min> <max>
0	2

[block]
# block no. 7 follows, 2968 sequences, length 29
# corresponding to MSA columns:
# 677-687,689-704,706,709
name=unknown_H
#
# <colnr> <probs for GDERKNQSTAVLIFYWHMCP>
#	G	D	E	R	K	N	Q	S	T	A	V	L	I	F	Y	W	H	M	C	P
0	0.09330	0.12452	0.01652	0.09361	0.23823	0.24302	0.04735	0.07310	0.02878	0.02368	0.00021	0.00026	0.00017	0.00011	0.00011	3.3e-05	0.00827	9e-05	6.6e-05	0.00855
1	0.00028	0.00020	0.00640	0.00020	0.00026	0.00020	0.00016	0.01389	0.44892	0.16550	0.07498	0.10098	0.13372	0.00882	0.00481	4.1e-05	8.6e-05	0.02738	0.01301	0.00016
2	0.15671	0.00414	0.02226	0.01299	0.01762	0.00028	0.00520	0.28178	0.28907	0.01942	0.00331	0.00574	0.00023	0.00013	0.00010	3.3e-05	0.00011	0.00010	9.8e-05	0.18068
3	0.00018	0.00013	0.00017	0.00017	0.00019	0.00012	0.02927	0.00021	0.02412	0.02750	0.07029	0.29288	0.13260	0.20704	0.01174	0.00738	0.00393	0.18885	0.00313	0.00010
4	0.01226	0.06279	0.02520	0.02201	0.21553	0.00909	0.05410	0.04004	0.04515	0.09264	0.05082	0.22451	0.05238	0.01201	0.00013	4e-05	0.00796	0.05540	9.1e-05	0.01787
5	0.01515	0.38257	0.39329	0.00028	0.02481	0.04239	0.03791	0.02666	0.00504	0.05108	0.00364	0.01184	0.00017	0.00011	9.9e-05	3.2e-05	0.00015	0.00455	5.9e-05	0.00016
6	0.04049	0.00020	0.00026	0.00021	0.00029	0.00019	0.00017	0.08498	0.02038	0.74449	0.00585	0.00042	0.00030	0.00015	0.00012	3.6e-05	9.9e-05	0.03903	0.06217	0.00019
7	0.00017	0.00011	0.00013	0.00014	0.00014	0.00011	8.1e-05	0.00017	0.00018	0.00024	0.00039	0.06582	0.00770	0.82619	0.08479	0.00011	0.00013	0.01324	7.3e-05	7.6e-05
8	0.04262	0.01287	0.02325	0.21191	0.34879	0.00925	0.06165	0.09484	0.01355	0.11496	0.00588	0.02251	0.00905	0.00013	0.00012	3.7e-05	0.01506	0.01027	0.00311	0.00017
9	0.00026	0.00296	0.13219	0.02469	0.17911	0.00475	0.01808	0.04994	0.04415	0.10028	0.06805	0.09322	0.08225	0.00784	0.01228	4.2e-05	0.01447	0.13456	0.02210	0.00879
10	0.00551	0.00018	0.00025	0.00019	0.00027	0.00016	0.00016	0.01585	0.00033	0.76190	0.15861	0.00050	0.04004	0.00016	0.00012	3.6e-05	9.1e-05	0.00014	0.00656	0.00892
11	0.00033	0.82911	0.00056	0.00022	0.00031	0.16724	0.00020	0.00037	0.00025	0.00028	0.00017	0.00019	0.00015	0.00010	8e-05	2.6e-05	0.00014	6.5e-05	5.2e-05	0.00015
12	0.01403	0.44546	0.20136	0.01906	0.03116	0.15995	0.06900	0.02141	0.02087	0.00553	0.00020	0.00023	0.00297	0.00422	9.9e-05	3.1e-05	0.00413	8e-05	5.6e-05	0.00015
13	0.00017	0.00012	0.00015	0.00015	0.00018	0.00011	0.00011	0.00022	0.01168	0.01809	0.82050	0.01007	0.13120	0.00025	0.00014	3.7e-05	5.7e-05	0.00653	0.00013	0.00011
14	0.00014	0.00010	0.00014	0.00016	0.00017	9.5e-05	0.00011	0.00016	0.00023	0.00030	0.02452	0.97193	0.00078	0.00036	0.00015	4.7e-05	6.7e-05	0.00033	0.00011	9.5e-05
15	0.00025	0.00020	0.00245	0.22135	0.07699	0.02113	0.04221	0.04193	0.03142	0.10439	0.04179	0.16171	0.00934	0.02531	0.13553	0.00262	0.05543	0.01629	0.00952	0.00013
16	0.08206	0.01227	0.01150	0.09821	0.02011	0.17333	0.32968	0.06842	0.04982	0.03375	0.00027	0.00434	0.01742	0.01782	0.03251	4.3e-05	0.02120	0.02443	0.00266	0.00015
17	0.45005	0.00021	0.00023	0.00019	0.00027	0.00022	0.00015	0.01944	0.00027	0.50710	0.00032	0.00030	0.00021	0.00746	0.00010	3.7e-05	0.01307	9.3e-05	0.00011	0.00016
18	0.00019	0.00013	0.00017	0.00015	0.00019	0.00012	0.00012	0.01587	0.02839	0.05452	0.82258	0.00083	0.06135	0.00023	0.00013	3.7e-05	6e-05	0.00020	0.01460	0.00012
19	0.02615	0.00676	0.01604	0.20742	0.15074	0.05294	0.38864	0.06682	0.00029	0.07089	0.00024	0.00030	0.00018	0.00012	0.00669	3.8e-05	0.00017	0.00012	0.00530	0.00016
20	0.83326	0.00024	0.01316	0.00017	0.00024	0.00572	0.00014	0.08009	0.00581	0.02398	0.00019	0.00021	0.00014	0.00011	7.8e-05	3.6e-05	9.4e-05	7e-05	0.03612	0.00013
21	0.00015	0.00012	0.00013	0.00013	0.00017	0.00010	9.8e-05	0.00018	0.00762	0.00640	0.08090	0.01009	0.83095	0.00029	0.00014	4e-05	6.2e-05	0.06222	0.00011	0.00010
22	0.00040	0.00026	0.00029	0.00024	0.00032	0.00028	0.00019	0.42310	0.29155	0.21314	0.02941	0.00039	0.00577	0.02246	0.00013	3.8e-05	0.00011	0.00012	0.01162	0.00019
23	0.03812	0.59103	0.21175	0.00671	0.00752	0.02212	0.00365	0.06935	0.03518	0.00463	0.00369	0.00541	0.00017	0.00011	8.9e-05	3e-05	0.00013	7.6e-05	5.9e-05	0.00016
24	0.00015	0.00011	0.00014	0.00015	0.00017	0.00010	0.00011	0.00529	0.00561	0.00858	0.11160	0.61052	0.24429	0.00033	0.00014	4.4e-05	6.5e-05	0.01239	0.00011	0.0001
25	0.00015	0.00012	0.00013	0.00013	0.00017	0.00010	0.00010	0.00018	0.00027	0.00033	0.05627	0.01982	0.80682	0.00030	0.00014	4.1e-05	6.5e-05	0.11466	0.00011	0.00010
26	0.00346	0.00025	0.00025	0.00759	0.01548	0.14393	0.02196	0.02449	0.38764	0.05163	0.12220	0.12209	0.05797	0.00639	0.00349	4e-05	0.00406	0.02681	0.00011	0.00015
27	0.01911	0.03163	0.03090	0.12491	0.12896	0.10892	0.00955	0.07014	0.08507	0.02148	0.16396	0.02797	0.07247	0.00256	0.00700	3.9e-05	0.03648	0.04771	0.01101	0.00014
28	0.00255	0.03863	0.07109	0.01666	0.00684	0.05973	0.01605	0.06340	0.04853	0.01426	0.00023	0.00683	0.00253	0.00271	0.01909	3e-05	0.08670	8.5e-05	7.1e-05	0.54398

[dist]
# distance from previous block
# <min> <max>
2	6

[block]
# block no. 8 follows, 2968 sequences, length 12
# corresponding to MSA columns:
# 723-734
name=unknown_I
#
# <colnr> <probs for GDERKNQSTAVLIFYWHMCP>
#	G	D	E	R	K	N	Q	S	T	A	V	L	I	F	Y	W	H	M	C	P
0	0.00016	0.00014	0.00018	0.00017	0.00021	0.00012	0.09097	0.00021	0.01516	0.00036	0.21140	0.01780	0.61035	0.00027	0.00014	4e-05	7.4e-05	0.05204	0.00011	0.00011
1	0.00043	0.00054	0.00033	0.00030	0.00036	0.91857	0.00023	0.02848	0.00033	0.00030	0.00018	0.00021	0.00015	0.00013	0.00012	3.1e-05	0.04904	7.7e-05	6.1e-05	0.00014
2	0.00017	0.00012	0.00015	0.02712	0.00019	0.00011	0.00012	0.01086	0.01138	0.01630	0.37253	0.38770	0.14568	0.00029	0.00014	4.1e-05	6.6e-05	0.00912	0.00901	0.00890
3	0.00031	0.99597	0.00061	0.00020	0.00030	0.00046	0.00020	0.00035	0.00024	0.00027	0.00016	0.00019	0.00015	0.0001	7.5e-05	2.5e-05	0.00012	6.2e-05	5e-05	0.00015
4	0.00017	0.00011	0.00013	0.00013	0.00014	0.00011	7.8e-05	0.00017	0.00018	0.00024	0.00040	0.13737	0.00047	0.82993	0.02982	0.00011	0.00011	0.00019	7.6e-05	7.5e-05
5	0.00046	0.00024	0.04115	0.09595	0.02748	0.03199	0.00863	0.04753	0.01219	0.71088	0.00040	0.00038	0.00026	0.00014	0.00012	3.7e-05	0.01172	0.01014	0.00012	0.00019
6	0.00031	0.99597	0.00061	0.00020	0.00030	0.00046	0.00020	0.00035	0.00024	0.00027	0.00016	0.00019	0.00015	0.0001	7.5e-05	2.5e-05	0.00012	6.2e-05	5e-05	0.00015
7	0.00020	0.00013	0.00017	0.00015	0.00019	0.00012	0.00012	0.00026	0.02446	0.10597	0.67171	0.09532	0.10026	0.00024	0.00014	3.8e-05	6.2e-05	0.00021	0.00013	0.00012
8	0.00754	0.00739	0.01773	0.32128	0.51919	0.02551	0.02100	0.01016	0.04160	0.00036	0.00739	0.00746	0.00019	0.00011	0.00012	3.6e-05	0.00014	0.00011	0.01252	0.00016
9	0.02522	0.00027	0.00029	0.00793	0.04054	0.04352	0.00020	0.17324	0.55626	0.11594	0.00908	0.00039	0.00030	0.00016	0.00819	3.9e-05	0.01038	0.00777	0.00011	0.00018
10	0.00019	0.00013	0.00016	0.00015	0.00019	0.00012	0.00011	0.00026	0.07074	0.06047	0.57011	0.02224	0.25869	0.00025	0.00014	3.8e-05	6.3e-05	0.01572	0.00012	0.00012
11	0.00017	0.00013	0.00017	0.00020	0.00022	0.00012	0.00016	0.00022	0.00026	0.00033	0.00063	0.25466	0.02527	0.02130	0.00017	5.3e-05	9.6e-05	0.69564	0.00011	0.00010

[dist]
# distance from previous block
# <min> <max>
3	4

[block]
# block no. 9 follows, 2968 sequences, length 10
# corresponding to MSA columns:
# 743,770,771,773-779
name=unknown_J
#
# <colnr> <probs for GDERKNQSTAVLIFYWHMCP>
#	G	D	E	R	K	N	Q	S	T	A	V	L	I	F	Y	W	H	M	C	P
0	0.91018	0.03644	0.02523	0.00017	0.02544	0.00027	0.00014	0.00034	0.00020	0.00051	0.00017	0.00019	0.00013	0.00011	7.4e-05	3.6e-05	9.5e-05	6.5e-05	7.1e-05	0.00013
1	0.00027	0.03274	0.01420	0.01501	0.07839	0.04404	0.02558	0.10555	0.19922	0.05765	0.10699	0.06133	0.08018	0.01227	0.06564	4.9e-05	0.01478	0.05394	9.9e-05	0.03207
2	0.00050	0.00020	0.00027	0.00021	0.00029	0.00018	0.00017	0.03704	0.02058	0.89487	0.02408	0.00042	0.02034	0.00015	0.00012	3.6e-05	9.8e-05	0.00012	0.00014	0.00019
3	0.00017	0.00013	0.00017	0.00018	0.00020	0.00013	0.00014	0.00021	0.01294	0.00033	0.10775	0.36861	0.13795	0.00032	0.01279	0.02542	0.09572	0.23662	0.00010	0.00010
4	0.00018	0.00013	0.00018	0.00020	0.00023	0.00013	0.00017	0.00023	0.00026	0.00034	0.02224	0.07449	0.04645	0.02589	0.00017	5.4e-05	0.00010	0.82833	0.00011	0.00011
5	0.90184	0.00023	0.00019	0.00016	0.00024	0.00026	0.00013	0.05123	0.00022	0.04438	0.00018	0.00020	0.00014	0.00011	7.7e-05	3.6e-05	9.3e-05	6.8e-05	7.8e-05	0.00013
6	0.00745	0.00020	0.00943	0.00745	0.00023	0.03181	0.00014	0.14353	0.18947	0.01701	0.11710	0.01342	0.39115	0.04646	0.00015	4.2e-05	0.00746	0.00966	0.00771	0.00013
7	0.82449	0.00022	0.00019	0.00016	0.00023	0.00025	0.00013	0.02047	0.00022	0.08644	0.00020	0.00023	0.00015	0.01811	0.01835	4e-05	0.01530	7.3e-05	0.01461	0.00013
8	0.00698	0.03772	0.15927	0.04513	0.06596	0.00895	0.02055	0.11347	0.09043	0.09892	0.11897	0.02849	0.10711	0.01098	0.03440	4.3e-05	0.02582	0.01306	0.01359	0.00015
9	0.31912	0.00864	0.01213	0.01136	0.00865	0.00021	0.00016	0.04392	0.01027	0.51548	0.01866	0.00033	0.00024	0.00790	0.00788	3.8e-05	0.00799	0.00010	0.02674	0.00017

[dist]
# distance from previous block
# <min> <max>
1	5

[block]
# block no. 10 follows, 2968 sequences, length 19
# corresponding to MSA columns:
# 788-791,795-800,829-837
name=unknown_K
#
# <colnr> <probs for GDERKNQSTAVLIFYWHMCP>
#	G	D	E	R	K	N	Q	S	T	A	V	L	I	F	Y	W	H	M	C	P
0	0.94577	0.01287	0.00018	0.00016	0.01066	0.00026	0.00013	0.00975	0.00021	0.01004	0.00017	0.00020	0.00013	0.00011	7.4e-05	3.6e-05	9.2e-05	0.00893	7.3e-05	0.00013
1	0.00448	0.16875	0.59539	0.00957	0.06352	0.00519	0.03471	0.01126	0.00796	0.02469	0.01678	0.00366	0.00460	0.00011	0.00011	3.4e-05	0.00562	0.00370	5.7e-05	0.03981
2	0.13387	0.23541	0.06126	0.00832	0.05996	0.35832	0.00882	0.08959	0.02035	0.00769	0.00020	0.00023	0.00016	0.00012	9.9e-05	3.2e-05	0.00640	0.00894	6.6e-05	0.00015
3	0.01283	0.00021	0.00035	0.79337	0.08673	0.00025	0.00031	0.02006	0.00025	0.06065	0.00732	0.00961	0.00018	0.00012	0.00012	3.8e-05	0.00015	0.00725	6.1e-05	0.00014
4	0.01991	0.01502	0.00026	0.00658	0.00029	0.00018	0.00017	0.01573	0.04908	0.76713	0.07757	0.00045	0.02925	0.00016	0.00012	3.6e-05	9.5e-05	0.00554	0.00696	0.00551
5	0.00327	0.00812	0.10230	0.13785	0.10745	0.00972	0.04645	0.03572	0.04843	0.06047	0.16641	0.09683	0.11829	0.00305	0.00920	4e-05	0.00363	0.03610	0.00334	0.00332
6	0.00027	0.14408	0.45825	0.02796	0.07965	0.01369	0.06458	0.00572	0.02778	0.07042	0.02620	0.04693	0.02001	0.00013	0.00011	3.6e-05	0.00450	0.00945	6.6e-05	0.00016
7	0.01472	0.00020	0.00027	0.00021	0.00029	0.00017	0.00017	0.01354	0.00033	0.94620	0.01147	0.00040	0.00029	0.00014	0.00012	3.6e-05	9.9e-05	0.00012	0.01102	0.00020
8	0.00041	0.00018	0.00024	0.00019	0.00027	0.00016	0.00016	0.01648	0.04818	0.66452	0.15067	0.02721	0.07885	0.00018	0.00012	3.7e-05	8.9e-05	0.01174	0.00014	0.00017
9	0.00488	0.01845	0.38557	0.13292	0.13304	0.05640	0.06890	0.02393	0.03377	0.01217	0.01866	0.03244	0.02439	0.00014	0.00698	3.9e-05	0.00430	0.04280	6.5e-05	0.00016
10	0.01766	0.01299	0.04235	0.06683	0.15381	0.07812	0.12851	0.07770	0.02216	0.24696	0.00035	0.03188	0.02780	0.00551	0.01644	4e-05	0.00597	0.06139	0.00337	0.00016
11	0.00052	0.00020	0.00027	0.00021	0.00030	0.00017	0.00017	0.01845	0.00034	0.95967	0.01813	0.00040	0.00030	0.00015	0.00012	3.6e-05	9.9e-05	0.00012	0.00014	0.00020
12	0.00015	0.00012	0.00013	0.00013	0.00017	0.00011	0.00010	0.00019	0.02341	0.00874	0.08140	0.10369	0.71353	0.00029	0.00014	4.1e-05	6.4e-05	0.05972	0.00777	0.00010
13	0.00382	0.07153	0.04264	0.02345	0.01332	0.14739	0.04853	0.31120	0.01832	0.21557	0.00467	0.00802	0.00493	0.00495	0.02216	3.9e-05	0.04712	0.00832	0.00384	0.00017
14	0.02907	0.00036	0.00033	0.00027	0.00035	0.18470	0.00022	0.73653	0.00048	0.00063	0.00026	0.00027	0.00019	0.00014	0.00012	3.4e-05	0.01170	9.8e-05	0.03408	0.00018
15	0.00025	0.00021	0.00525	0.00693	0.00520	0.00691	0.00547	0.01564	0.00731	0.01185	0.00523	0.00025	0.00018	9.1e-05	9e-05	1.9e-05	0.00494	7.3e-05	7.1e-05	0.92404
16	0.00014	0.00010	0.00014	0.00016	0.00017	9.7e-05	0.00011	0.00017	0.00022	0.00030	0.00064	0.93797	0.00076	0.01858	0.00016	4.9e-05	7e-05	0.03995	0.00011	9.5e-05
17	0.00014	0.00010	0.00014	0.00016	0.00017	9.7e-05	0.00011	0.00017	0.00023	0.00030	0.00065	0.90185	0.02617	0.02414	0.00016	4.9e-05	7e-05	0.04510	0.00011	9.5e-05
18	0.00783	0.25056	0.57116	0.00029	0.01296	0.08542	0.00598	0.00756	0.03795	0.01237	0.00679	0.00024	0.00017	0.00011	0.00010	3.3e-05	0.00016	8.3e-05	5.6e-05	0.00016

[dist]
# distance from previous block
# <min> <max>
1	2

[block]
# block no. 11 follows, 2968 sequences, length 13
# corresponding to MSA columns:
# 841,843-854
name=unknown_L
#
# <colnr> <probs for GDERKNQSTAVLIFYWHMCP>
#	G	D	E	R	K	N	Q	S	T	A	V	L	I	F	Y	W	H	M	C	P
0	0.00813	0.11857	0.01872	0.04977	0.04566	0.07177	0.00815	0.47172	0.12263	0.01588	0.00028	0.01736	0.00022	0.00014	0.00011	3.4e-05	0.00717	0.00010	0.03191	0.01168
1	0.00015	0.00012	0.00013	0.00014	0.00017	0.00010	0.00011	0.00018	0.00026	0.00032	0.05483	0.19134	0.60980	0.01634	0.00015	4.4e-05	6.8e-05	0.12554	0.00011	9.9e-05
2	0.00637	0.22424	0.17448	0.03681	0.13095	0.06062	0.05368	0.11302	0.06256	0.04958	0.01289	0.01728	0.01361	0.00013	0.00492	3.5e-05	0.01904	0.01228	0.00734	0.00016
3	0.87191	0.02257	0.01385	0.01205	0.00025	0.04716	0.00014	0.01564	0.01482	0.00051	0.00017	0.00020	0.00013	0.00011	7.6e-05	3.6e-05	9.9e-05	6.6e-05	7.2e-05	0.00013
