[name]
unknown

[dist]
# distance from previous block
# <min> <max>
0	88

[block]
# block no. 0 follows, 3053 sequences, length 6
# corresponding to MSA columns:
# 141,150-153,156
name=unknown_A
#
# <colnr> <probs for GDERKNQSTAVLIFYWHMCP>
#	G	D	E	R	K	N	Q	S	T	A	V	L	I	F	Y	W	H	M	C	P
0	0.05002	0.01352	0.14552	0.02893	0.06231	0.02364	0.07204	0.02257	0.10478	0.02820	0.07367	0.09426	0.11388	0.01594	0.00957	4.1e-05	0.03242	0.09428	8.6e-05	0.01433
1	0.00023	0.00021	0.03407	0.60834	0.01346	0.00024	0.00027	0.06781	0.04930	0.01839	0.03899	0.02424	0.01427	0.01313	0.07196	4.9e-05	0.03001	0.00012	6.6e-05	0.01486
2	0.00024	0.00020	0.01690	0.09434	0.22918	0.01889	0.01074	0.10399	0.02523	0.01616	0.14012	0.07424	0.12105	0.01067	0.03171	0.01299	0.01031	0.07273	8.7e-05	0.01023
3	0.12529	0.05700	0.00996	0.01184	0.02011	0.13489	0.02317	0.35561	0.09464	0.00049	0.02899	0.03194	0.01256	0.02228	0.01743	3.8e-05	0.00947	0.01647	0.00943	0.01838
4	0.00022	0.02474	0.01386	0.00020	0.05163	0.02415	0.04869	0.02507	0.04974	0.06782	0.02442	0.01988	0.01606	0.50887	0.12409	9.2e-05	0.00014	0.00015	7.7e-05	0.00011
5	0.32239	0.03922	0.04206	0.01329	0.04117	0.03244	0.01651	0.11260	0.04945	0.23945	0.01378	0.02486	0.05205	0.00014	0.00010	3.5e-05	0.00010	0.00010	9.4e-05	0.00015

[dist]
# distance from previous block
# <min> <max>
3	6

[block]
# block no. 1 follows, 3053 sequences, length 16
# corresponding to MSA columns:
# 165-168,170-181
name=unknown_B
#
# <colnr> <probs for GDERKNQSTAVLIFYWHMCP>
#	G	D	E	R	K	N	Q	S	T	A	V	L	I	F	Y	W	H	M	C	P
0	0.01163	0.01092	0.00538	0.02710	0.03734	0.02416	0.00795	0.07031	0.06554	0.05850	0.38075	0.05555	0.10982	0.00789	0.00428	3.6e-05	0.00736	0.00584	0.00010	0.10954
1	0.02301	0.01901	0.00018	0.00372	0.00554	0.01304	0.01716	0.00800	0.02360	0.03708	0.04868	0.49170	0.09812	0.05613	0.01166	0.01970	0.02293	0.07604	0.00879	0.01591
2	0.01303	0.21343	0.34503	0.00440	0.03535	0.03221	0.06345	0.03264	0.03546	0.01912	0.00548	0.01270	0.00781	0.00467	0.03170	3.6e-05	0.00801	0.00434	6.1e-05	0.13109
3	0.00018	0.00013	0.00628	0.00017	0.00713	0.00013	0.00013	0.00024	0.08591	0.01972	0.26659	0.27012	0.11194	0.01092	0.06935	5.1e-05	8.7e-05	0.10967	0.00011	0.04115
4	0.01303	0.00020	0.00024	0.00017	0.00027	0.00016	0.01174	0.01235	0.02829	0.00037	0.00021	0.00025	0.00018	0.02586	9.9e-05	2.1e-05	8.7e-05	7.3e-05	6.9e-05	0.90632
5	0.02198	0.34171	0.00442	0.00470	0.00521	0.33177	0.00427	0.00665	0.00787	0.00434	0.00020	0.00461	0.00018	0.04411	0.13942	5.4e-05	0.05813	8.4e-05	0.00549	0.01478
6	0.00014	0.00010	0.00013	0.00015	0.00016	9.7e-05	0.0001	0.00016	0.00021	0.00028	0.01377	0.73065	0.05081	0.17281	0.01423	5.9e-05	7.7e-05	0.01586	9.9e-05	8.9e-05
7	0.00015	0.00011	0.00013	0.00015	0.00017	0.01075	0.00011	0.00018	0.01963	0.00031	0.05457	0.58391	0.29349	0.00032	0.00014	4.3e-05	6.6e-05	0.03559	0.00011	9.7e-05
8	0.04036	0.17954	0.33574	0.00028	0.03443	0.02177	0.05134	0.09973	0.01663	0.16305	0.00725	0.00945	0.02149	0.00750	0.01094	3.6e-05	0.00014	9.7e-05	7.5e-05	0.00016
9	0.00018	0.00014	0.00016	0.00016	0.00020	0.00668	0.00012	0.01696	0.14546	0.00037	0.23436	0.12048	0.33452	0.01822	0.00015	4.1e-05	0.02368	0.08219	0.00011	0.01581
10	0.00028	0.00030	0.00062	0.00045	0.00055	0.01780	0.86728	0.05819	0.00028	0.00038	0.01592	0.01091	0.00950	0.00010	0.00013	3.8e-05	0.00018	0.00013	6.3e-05	0.01689
11	0.00022	0.00020	0.00029	0.13715	0.27122	0.00836	0.01535	0.01053	0.17656	0.00036	0.04392	0.22000	0.09246	0.00516	0.00013	3.9e-05	0.00713	0.00550	0.00529	0.00014
12	0.00404	0.26436	0.27465	0.02863	0.15332	0.06644	0.05320	0.04630	0.00686	0.04366	0.01108	0.01865	0.00516	0.00416	0.00394	3.3e-05	0.00757	9.2e-05	0.00770	0.00016
13	0.00043	0.00031	0.00034	0.00026	0.00035	0.00034	0.00021	0.93307	0.02786	0.03525	0.00028	0.00028	0.00020	0.00014	0.00011	3.4e-05	0.00012	0.00010	0.00011	0.00019
14	0.00016	0.00012	0.00015	0.00015	0.00016	0.00012	0.00011	0.00018	0.00018	0.00025	0.02728	0.00061	0.00037	0.47365	0.46494	0.01850	0.00020	0.01272	6.7e-05	8.5e-05
15	0.00652	0.22170	0.22672	0.09974	0.12108	0.04162	0.12592	0.01791	0.02780	0.02885	0.03453	0.01345	0.00475	0.00416	0.00670	3.5e-05	0.01289	0.00542	6.1e-05	0.00015

[dist]
# distance from previous block
# <min> <max>
8	31

[block]
# block no. 2 follows, 3053 sequences, length 9
# corresponding to MSA columns:
# 214-222
name=unknown_C
#
# <colnr> <probs for GDERKNQSTAVLIFYWHMCP>
#	G	D	E	R	K	N	Q	S	T	A	V	L	I	F	Y	W	H	M	C	P
0	0.02713	0.03987	0.45178	0.02225	0.09065	0.03657	0.01389	0.04639	0.00813	0.18665	0.00027	0.02088	0.00997	0.00014	0.02562	3.9e-05	0.01198	0.00753	7.3e-05	0.00017
1	0.00024	0.00016	0.03054	0.00017	0.00022	0.00014	0.00014	0.02518	0.08323	0.17857	0.43006	0.07461	0.10774	0.00022	0.00013	3.8e-05	7.4e-05	0.05481	0.01359	0.00013
2	0.00016	0.00011	0.00013	0.00013	0.00014	0.00011	8e-05	0.00017	0.00018	0.00025	0.02894	0.21677	0.02193	0.69221	0.01955	9.2e-05	0.00010	0.00020	0.01869	7.7e-05
3	0.00887	0.13431	0.12694	0.21392	0.18710	0.06433	0.04850	0.04729	0.02019	0.04285	0.00815	0.01464	0.00821	0.00748	0.00834	3.7e-05	0.03259	0.01925	0.00687	0.00015
4	0.01239	0.28560	0.30871	0.01048	0.02180	0.02669	0.02538	0.21261	0.06623	0.01861	0.00023	0.01037	0.00018	0.00012	0.00010	3.2e-05	0.00014	8.8e-05	7e-05	0.00017
5	0.00021	0.00018	0.00018	0.00016	0.00020	0.09136	0.00012	0.06983	0.01875	0.04085	0.26235	0.04448	0.36363	0.05700	0.01517	4.3e-05	0.02022	0.01504	0.00010	0.00011
6	0.02559	0.02178	0.00021	0.00018	0.00021	0.01506	0.00013	0.25336	0.02878	0.02944	0.00034	0.02894	0.00034	0.49944	0.03368	7.8e-05	0.02178	0.02736	0.01319	0.00012
7	0.01269	0.00021	0.02189	0.00019	0.02185	0.00016	0.00015	0.01888	0.01650	0.02305	0.00022	0.00026	0.00018	0.00010	0.01423	2.2e-05	9.2e-05	0.01243	7e-05	0.85682
8	0.00014	0.00011	0.00012	0.00012	0.00016	9.8e-05	9e-05	0.00017	0.00026	0.00032	0.07748	0.02338	0.83319	0.03641	0.00015	4.1e-05	6.1e-05	0.02751	0.00011	9.6e-05

[dist]
# distance from previous block
# <min> <max>
3	14

[block]
# block no. 3 follows, 3053 sequences, length 7
# corresponding to MSA columns:
# 238-243,255
name=unknown_D
#
# <colnr> <probs for GDERKNQSTAVLIFYWHMCP>
#	G	D	E	R	K	N	Q	S	T	A	V	L	I	F	Y	W	H	M	C	P
0	0.01107	0.09772	0.02304	0.04486	0.10263	0.25044	0.02905	0.07071	0.19081	0.02798	0.00982	0.02797	0.01690	0.03480	0.02814	4.1e-05	0.01490	0.01026	0.00871	0.00015
1	0.01932	0.00016	0.00020	0.00019	0.01089	0.00015	0.00015	0.07169	0.02555	0.20400	0.06014	0.14791	0.06736	0.06728	0.01711	0.01419	0.01066	0.26620	0.01672	0.00013
2	0.01533	0.01955	0.20504	0.11456	0.05184	0.01612	0.04023	0.18688	0.03569	0.05197	0.11300	0.01603	0.06329	0.00984	0.01003	3.8e-05	0.00953	0.02288	0.01800	0.00015
3	0.00014	0.00010	0.00014	0.00016	0.00017	9.6e-05	0.00011	0.00017	0.00023	0.00031	0.07468	0.79818	0.05254	0.00034	0.00014	4.5e-05	6.7e-05	0.07219	0.00011	9.4e-05
4	0.00984	0.07554	0.51947	0.02443	0.03571	0.01256	0.06623	0.09413	0.04560	0.01126	0.01864	0.00927	0.00999	0.00910	0.01921	3.9e-05	0.02871	9.8e-05	0.01000	0.00016
5	0.00016	0.00011	0.00014	0.00014	0.00015	0.00012	9.3e-05	0.00018	0.00018	0.00024	0.00039	0.05848	0.03168	0.62452	0.25228	0.00012	0.00015	0.03069	7.1e-05	8e-05
6	0.08537	0.02257	0.05397	0.02910	0.04332	0.01932	0.01220	0.09454	0.02770	0.01498	0.36160	0.10862	0.09164	0.00962	0.00013	3.8e-05	0.01445	0.01061	0.00010	0.00013

[dist]
# distance from previous block
# <min> <max>
7	68

[block]
# block no. 4 follows, 3053 sequences, length 23
# corresponding to MSA columns:
# 347-357,359-370
name=unknown_E
#
# <colnr> <probs for GDERKNQSTAVLIFYWHMCP>
#	G	D	E	R	K	N	Q	S	T	A	V	L	I	F	Y	W	H	M	C	P
0	0.00727	0.00360	0.02700	0.12014	0.54809	0.02479	0.01328	0.01844	0.01987	0.04272	0.05732	0.02879	0.00825	0.00982	0.03908	4.1e-05	0.00417	0.00290	6.8e-05	0.02434
1	0.00020	0.00815	0.02819	0.03094	0.01741	0.05605	0.00403	0.00800	0.01589	0.03170	0.00658	0.06004	0.01857	0.20620	0.42364	0.00295	0.04838	0.03290	7e-05	0.00011
2	0.00426	0.30857	0.02051	0.00023	0.00032	0.05606	0.00603	0.29843	0.23912	0.01812	0.00029	0.00334	0.00823	0.00307	0.00010	3.2e-05	0.00324	0.00398	0.00655	0.01954
3	0.00018	0.01044	0.14597	0.00018	0.00023	0.00014	0.01662	0.00024	0.01520	0.02048	0.39296	0.07119	0.23610	0.00394	0.00013	0.00625	8e-05	0.01801	0.00010	0.06157
4	0.00707	0.16086	0.32150	0.06805	0.14701	0.01014	0.08229	0.02556	0.01562	0.04592	0.00993	0.03619	0.01996	0.00306	0.02389	0.00516	0.00336	0.00010	6.2e-05	0.01426
5	0.00465	0.03882	0.87104	0.00032	0.02466	0.00027	0.02106	0.00036	0.00858	0.00520	0.00732	0.00026	0.00893	0.00792	0.00011	3.6e-05	0.00016	8.8e-05	5.1e-05	0.00017
6	0.00029	0.00014	0.00016	0.00014	0.00018	0.00014	0.00011	0.05769	0.01234	0.22533	0.00792	0.01074	0.00029	0.00014	9.1e-05	2.9e-05	6.8e-05	0.00011	0.68396	0.00013
7	0.00024	0.00024	0.01147	0.19288	0.45700	0.00024	0.12052	0.00848	0.00739	0.00496	0.01386	0.04288	0.10682	0.00359	0.00012	3.7e-05	0.00951	0.01956	6.6e-05	0.00015
8	0.00323	0.10110	0.26337	0.11107	0.03748	0.01378	0.14890	0.03122	0.01824	0.06766	0.02096	0.04569	0.08987	0.00423	0.01620	0.00285	0.01865	0.00527	7e-05	0.00015
9	0.00024	0.00896	0.03590	0.57420	0.25350	0.01319	0.00948	0.00032	0.02225	0.01056	0.00021	0.00029	0.00016	0.00012	0.00013	3.7e-05	0.07016	0.00010	5.4e-05	0.00014
10	0.44972	0.44802	0.01743	0.00547	0.00780	0.01676	0.00735	0.03667	0.00023	0.00040	0.00017	0.00926	0.00014	0.00011	7.6e-05	3e-05	0.00011	6.7e-05	6.2e-05	0.00014
11	0.00737	0.00379	0.01636	0.00972	0.10973	0.00017	0.03575	0.05314	0.04373	0.16350	0.10479	0.23269	0.07629	0.01755	0.01156	4.3e-05	0.00339	0.09780	0.01247	0.00013
12	0.00031	0.00867	0.00027	0.00024	0.00030	0.11169	0.00019	0.11795	0.72103	0.00047	0.00042	0.00040	0.02889	0.00015	0.00012	3.7e-05	0.00847	0.00012	0.00011	0.00017
13	0.00016	0.00012	0.00017	0.00017	0.00019	0.00014	0.00013	0.00020	0.00018	0.00026	0.00031	0.01037	0.00031	0.16875	0.78937	0.01872	0.01016	0.00013	6.2e-05	9.5e-05
14	0.01199	0.04101	0.06084	0.00024	0.00033	0.00810	0.03604	0.38401	0.01649	0.36263	0.02446	0.00033	0.00454	0.00350	0.01241	3.7e-05	0.01055	0.00011	0.02221	0.00018
15	0.03103	0.00435	0.00025	0.03408	0.00698	0.00744	0.00364	0.06940	0.01115	0.60311	0.14187	0.00768	0.02526	0.00017	0.01376	3.8e-05	9.6e-05	0.01999	0.01955	0.00017
16	0.01215	0.00795	0.00454	0.01349	0.05349	0.00412	0.05654	0.03098	0.01309	0.05359	0.01307	0.00472	0.00532	9.6e-05	9.3e-05	2.2e-05	9.6e-05	8.1e-05	7.3e-05	0.72650
17	0.00014	0.00010	0.00013	0.00016	0.00017	9.7e-05	0.00011	0.00017	0.00023	0.00031	0.07683	0.72273	0.11030	0.01398	0.00015	0.00737	6.7e-05	0.06676	0.00011	9.4e-05
18	0.00023	0.00021	0.00563	0.23585	0.34948	0.01455	0.02072	0.00844	0.00849	0.00031	0.00025	0.00867	0.00022	0.11329	0.17489	0.00327	0.04578	0.00579	0.00380	0.00014
19	0.01305	0.00014	0.00018	0.00016	0.00020	0.00013	0.00012	0.01152	0.01593	0.25457	0.59046	0.01685	0.07186	0.00899	0.00013	3.7e-05	6.8e-05	0.00957	0.00590	0.00013
20	0.00027	0.02836	0.02214	0.12974	0.34537	0.05531	0.01737	0.00884	0.31018	0.00334	0.03119	0.01138	0.00859	0.00013	0.00012	0.00455	0.00351	0.00612	0.00316	0.01034
21	0.00020	0.00012	0.00016	0.00015	0.00018	0.00521	0.00011	0.00024	0.01941	0.11304	0.31388	0.32014	0.09455	0.08670	0.00017	4.6e-05	7.1e-05	0.03482	0.01068	0.00011
22	0.00024	0.00958	0.13215	0.60595	0.10956	0.02142	0.04714	0.01670	0.02395	0.00695	0.00645	0.00876	0.00598	0.00012	0.00011	3.7e-05	0.00015	0.00010	0.00451	0.00014

[dist]
# distance from previous block
# <min> <max>
11	86

[block]
# block no. 5 follows, 3053 sequences, length 39
# corresponding to MSA columns:
# 468-479,492-518
name=unknown_F
#
# <colnr> <probs for GDERKNQSTAVLIFYWHMCP>
#	G	D	E	R	K	N	Q	S	T	A	V	L	I	F	Y	W	H	M	C	P
0	0.00017	0.00012	0.00015	0.00014	0.00017	0.00011	0.00011	0.00022	0.00625	0.02798	0.76819	0.03033	0.16080	0.00024	0.00013	3.6e-05	5.6e-05	0.00021	0.00450	0.00011
1	0.00016	0.00012	0.00015	0.00015	0.00017	0.00013	0.00011	0.00018	0.00018	0.00025	0.02069	0.05556	0.00865	0.44618	0.45617	0.00014	0.01070	0.00015	6.8e-05	8.7e-05
2	0.00017	0.00012	0.00016	0.00018	0.00019	0.00012	0.00014	0.00020	0.00418	0.00030	0.00941	0.22670	0.03691	0.20621	0.00507	6.3e-05	9.6e-05	0.50960	9.7e-05	9.4e-05
3	0.91496	0.00717	0.00017	0.00015	0.00022	0.00025	0.00013	0.00035	0.02231	0.03848	0.00471	0.00020	0.00014	0.00011	7.3e-05	3.5e-05	8.8e-05	6.6e-05	0.01026	0.00013
4	0.00237	0.53959	0.24838	0.00024	0.00260	0.02375	0.00252	0.01813	0.11717	0.00606	0.00231	0.00245	0.00018	0.00012	0.01673	3.2e-05	0.00013	7.8e-05	5.9e-05	0.01711
5	0.00015	0.00011	0.00013	0.00013	0.00015	0.00010	9.2e-05	0.00017	0.00022	0.00029	0.04928	0.18836	0.37004	0.31357	0.00752	6.4e-05	8e-05	0.06391	0.00554	8.8e-05
6	0.00024	0.00020	0.00024	0.00017	0.00027	0.00016	0.00014	0.00897	0.00024	0.00037	0.00020	0.00024	0.00017	8.6e-05	8.7e-05	1.7e-05	0.01045	6.8e-05	6.7e-05	0.97763
7	0.00015	0.00011	0.00015	0.00410	0.01996	0.00011	0.00234	0.00018	0.00022	0.00856	0.03639	0.62176	0.09865	0.01063	0.11678	0.00939	0.00648	0.06384	9.9e-05	9.7e-05
8	0.00018	0.00013	0.00019	0.00021	0.00024	0.00013	0.01594	0.00023	0.00026	0.00034	0.00837	0.01452	0.02525	0.00031	0.00016	5.1e-05	0.00010	0.93318	0.00010	0.00010
9	0.00029	0.00025	0.00026	0.00023	0.00030	0.01036	0.00018	0.01481	0.96312	0.00817	0.00046	0.00042	0.00034	0.00015	0.00012	3.8e-05	9.2e-05	0.00013	0.00012	0.00018
10	0.01180	0.30908	0.31243	0.01323	0.04134	0.02484	0.01555	0.04835	0.00897	0.02484	0.00189	0.00368	0.00324	0.00012	0.02044	3.3e-05	0.00613	0.00950	5.9e-05	0.14449
11	0.05282	0.03237	0.00217	0.12605	0.17859	0.18559	0.04749	0.09290	0.14683	0.01871	0.00246	0.01193	0.00236	0.00015	0.01583	0.00856	0.02936	0.04562	7.5e-05	0.00015
12	0.92733	0.00022	0.00017	0.00015	0.00022	0.00025	0.00013	0.00035	0.01206	0.05802	0.00018	0.00020	0.00013	0.00011	7.3e-05	3.5e-05	8.8e-05	6.5e-05	7.5e-05	0.00013
13	0.00030	0.00025	0.00027	0.00484	0.00030	0.00029	0.00018	0.15386	0.80712	0.00455	0.00911	0.00449	0.00033	0.00016	0.01339	4e-05	9.8e-05	0.00013	0.00011	0.00018
14	0.00017	0.00011	0.00012	0.00012	0.00012	0.00011	7e-05	0.00017	0.00017	0.00022	0.00036	0.00074	0.00041	0.98235	0.01423	0.00011	0.00011	0.00016	6.9e-05	6.9e-05
15	0.00014	0.00012	0.00013	0.00013	0.00016	0.00010	9.4e-05	0.00018	0.00028	0.00035	0.31554	0.01197	0.64129	0.00740	0.00014	3.8e-05	5.7e-05	0.01506	0.00672	9.9e-05
16	0.00015	0.00012	0.00013	0.00012	0.00016	0.01402	9.3e-05	0.00448	0.01891	0.00033	0.11840	0.00102	0.81321	0.01357	0.01474	4.1e-05	6.4e-05	0.00023	0.00011	9.9e-05
17	0.01617	0.00053	0.00032	0.00029	0.00957	0.95013	0.00022	0.01496	0.00627	0.00029	0.00018	0.00021	0.00015	0.00012	0.00010	3e-05	0.00020	7.4e-05	6e-05	0.00013
18	0.99681	0.00022	0.00017	0.00015	0.00022	0.00025	0.00012	0.00033	0.00019	0.00051	0.00016	0.00018	0.00012	0.00011	7e-05	3.5e-05	8.8e-05	6.1e-05	7e-05	0.00012
19	0.02309	0.00023	0.00026	0.00022	0.01367	0.00023	0.00018	0.10004	0.41555	0.40783	0.01259	0.00040	0.01029	0.01473	0.00012	3.8e-05	9.6e-05	0.00012	0.00012	0.00018
20	0.00023	0.00708	0.95852	0.00033	0.00049	0.00026	0.02345	0.00036	0.00024	0.00036	0.00020	0.00024	0.00014	0.00011	0.00011	3.6e-05	0.00017	8.5e-05	4.8e-05	0.00755
21	0.00022	0.00021	0.00035	0.92025	0.06758	0.00025	0.00032	0.00029	0.00023	0.00030	0.00020	0.00030	0.00015	0.00011	0.00011	3.7e-05	0.00015	0.00010	0.00871	0.00013
22	0.00017	0.00012	0.00015	0.00014	0.00017	0.00011	0.00011	0.00022	0.00032	0.02136	0.91019	0.01476	0.05129	0.00023	0.00013	3.6e-05	5.5e-05	0.00021	0.00012	0.00011
23	0.00015	0.00012	0.00013	0.00013	0.00016	0.00010	9.6e-05	0.00019	0.00028	0.01375	0.40244	0.00098	0.58053	0.00026	0.00013	3.7e-05	5.6e-05	0.00022	0.00011	0.00010
24	0.00016	0.00012	0.00015	0.00014	0.00017	0.00011	0.00011	0.00022	0.00579	0.01167	0.95128	0.00085	0.02314	0.00543	0.00014	3.6e-05	5.5e-05	0.00020	0.00012	0.00011
25	0.00043	0.00034	0.00034	0.00026	0.00035	0.10244	0.00548	0.85357	0.02835	0.00690	0.00027	0.00027	0.00019	0.00013	0.00011	3.4e-05	0.00013	0.00010	0.00011	0.00019
26	0.00027	0.00030	0.00067	0.01484	0.00060	0.00029	0.98054	0.00036	0.00027	0.00036	0.00023	0.00031	0.00017	9.6e-05	0.00013	3.8e-05	0.00019	0.00013	5.7e-05	0.00015
27	0.00014	0.00010	0.00014	0.00016	0.00017	9.6e-05	0.00011	0.00017	0.00023	0.00030	0.02968	0.82530	0.06765	0.00034	0.00014	4.6e-05	6.8e-05	0.07496	0.00011	9.4e-05
28	0.00021	0.00018	0.00026	0.00022	0.00025	0.00022	0.04528	0.00025	0.00461	0.00974	0.40249	0.01421	0.08478	0.00022	0.00024	4.2e-05	0.43310	0.00016	8.7e-05	0.00345
29	0.00022	0.00020	0.00034	0.98187	0.01465	0.00025	0.00032	0.00029	0.00023	0.00029	0.00020	0.00030	0.00015	0.00011	0.00011	3.8e-05	0.00015	0.00010	5.1e-05	0.00013
30	0.00043	0.00032	0.00034	0.00026	0.00035	0.00035	0.00021	0.96909	0.00779	0.01273	0.00028	0.00027	0.00020	0.00014	0.00011	3.4e-05	0.00012	0.00010	0.00011	0.00676
31	0.00025	0.00021	0.00024	0.00018	0.00028	0.00016	0.00565	0.04608	0.02058	0.01961	0.00022	0.00024	0.00018	8.9e-05	8.7e-05	1.9e-05	8.7e-05	7.1e-05	7.2e-05	0.90570
32	0.93690	0.00023	0.00018	0.00016	0.00023	0.00026	0.00013	0.06014	0.00021	0.00052	0.00016	0.00019	0.00013	0.00011	7.3e-05	3.5e-05	9e-05	6.4e-05	7.3e-05	0.00013
33	0.00020	0.00013	0.00016	0.00015	0.00018	0.00012	0.00011	0.02094	0.00447	0.10465	0.64212	0.02460	0.18595	0.00023	0.00013	3.6e-05	6.1e-05	0.00348	0.00681	0.00546
34	0.00018	0.00013	0.00016	0.00016	0.00018	0.02117	0.00011	0.01072	0.01118	0.00749	0.02174	0.02139	0.04679	0.34856	0.47615	0.00013	0.00942	0.00015	0.02411	9.3e-05
35	0.00016	0.00011	0.00013	0.00013	0.00014	0.00012	8.2e-05	0.00017	0.00017	0.00023	0.00783	0.01035	0.00743	0.80842	0.16395	0.00012	0.00014	0.00016	6.9e-05	7.5e-05
36	0.14463	0.25466	0.16629	0.01113	0.03336	0.09066	0.00237	0.12227	0.04727	0.03821	0.02251	0.00027	0.00584	0.00520	0.00836	3.4e-05	0.02973	0.01486	0.00219	0.00015
37	0.03988	0.06861	0.08387	0.05520	0.06635	0.00755	0.12889	0.08835	0.01330	0.02800	0.04199	0.03040	0.04143	0.00887	0.03047	4.4e-05	0.24172	0.01078	0.01040	0.00391
38	0.04387	0.34425	0.16505	0.01125	0.11526	0.03469	0.02148	0.13145	0.06956	0.02981	0.00298	0.01149	0.00220	0.00012	9.7e-05	3.1e-05	0.00185	0.00279	6.8e-05	0.01171

[dist]
# distance from previous block
# <min> <max>
2	12

[block]
# block no. 6 follows, 3053 sequences, length 9
# corresponding to MSA columns:
# 535,536,538-542,545,546
name=unknown_G
#
# <colnr> <probs for GDERKNQSTAVLIFYWHMCP>
#	G	D	E	R	K	N	Q	S	T	A	V	L	I	F	Y	W	H	M	C	P
0	0.05716	0.00015	0.00017	0.02618	0.01033	0.02823	0.00714	0.04532	0.04401	0.00790	0.10115	0.40656	0.14864	0.07371	0.01219	4.8e-05	0.00759	0.01492	0.00850	0.00011
1	0.00020	0.00016	0.00018	0.00018	0.00019	0.07405	0.00013	0.01030	0.00921	0.00975	0.02185	0.02416	0.01521	0.30653	0.42923	0.01036	0.05704	0.00880	0.02239	9.7e-05
2	0.14497	0.01700	0.01000	0.01088	0.10364	0.07059	0.00894	0.31145	0.10053	0.06507	0.04571	0.01795	0.01912	0.02088	0.01427	3.9e-05	0.02611	0.01258	9.3e-05	0.00016
3	0.06263	0.00020	0.00024	0.00020	0.00026	0.01204	0.00016	0.09249	0.08255	0.49694	0.10906	0.04260	0.00037	0.01712	0.00013	3.7e-05	0.02799	0.00013	0.05469	0.00016
4	0.00027	0.01878	0.08322	0.23500	0.15270	0.04759	0.07244	0.05719	0.29159	0.00039	0.01191	0.00033	0.00023	0.00013	0.00012	3.7e-05	0.02772	0.00011	7.5e-05	0.00016
5	0.00016	0.00012	0.00014	0.00014	0.00017	0.00011	0.00010	0.01477	0.02815	0.00037	0.37602	0.10367	0.36797	0.06156	0.01553	4.5e-05	6.7e-05	0.03069	0.00011	0.00010
6	0.00015	0.00013	0.00013	0.00013	0.00017	0.02762	9.8e-05	0.00018	0.00026	0.00030	0.00104	0.07573	0.84025	0.00029	0.00014	3.9e-05	0.02458	0.02858	0.00010	9.8e-05
7	0.00024	0.00020	0.00024	0.00017	0.00027	0.00015	0.00013	0.00029	0.00024	0.00037	0.00020	0.00024	0.00017	8.4e-05	8.4e-05	1.7e-05	8.4e-05	6.7e-05	6.7e-05	0.99670
8	0.02016	0.04109	0.01284	0.04739	0.00877	0.32396	0.01973	0.15910	0.01495	0.05977	0.03168	0.00739	0.00684	0.02915	0.19055	6.4e-05	0.01549	0.01086	7.6e-05	0.00014

[dist]
# distance from previous block
# <min> <max>
0	1

[block]
# block no. 7 follows, 3053 sequences, length 9
# corresponding to MSA columns:
# 548-556
name=unknown_H
#
# <colnr> <probs for GDERKNQSTAVLIFYWHMCP>
#	G	D	E	R	K	N	Q	S	T	A	V	L	I	F	Y	W	H	M	C	P
0	0.00022	0.00021	0.00035	0.65704	0.18996	0.00024	0.02620	0.00029	0.00024	0.00031	0.02245	0.03890	0.04150	0.00013	0.00012	3.8e-05	0.00014	0.02147	5.9e-05	0.00013
1	0.99681	0.00022	0.00017	0.00015	0.00022	0.00025	0.00012	0.00033	0.00019	0.00051	0.00016	0.00018	0.00012	0.00011	7e-05	3.5e-05	8.8e-05	6.1e-05	7e-05	0.00012
2	0.00042	0.00028	0.01701	0.00024	0.00032	0.05178	0.00019	0.50348	0.04606	0.30881	0.01653	0.05376	0.00027	0.00015	0.00012	3.5e-05	0.00012	0.00012	0.00012	0.00018
3	0.00020	0.00010	0.00016	0.04534	0.00018	0.00011	0.00011	0.00016	0.00015	0.00020	0.00020	0.00035	0.00020	0.00040	0.03803	0.91381	0.00011	0.0001	5e-05	5.5e-05
4	0.00014	0.00011	0.00013	0.00015	0.00017	9.8e-05	0.00011	0.00017	0.00023	0.00031	0.07165	0.62004	0.18896	0.02577	0.02098	4.9e-05	7.2e-05	0.07067	0.00010	9.4e-05
5	0.00026	0.21145	0.70267	0.00031	0.03095	0.05182	0.00036	0.00036	0.00024	0.00034	0.00019	0.00023	0.00015	0.00011	0.00010	3.3e-05	0.00016	7.9e-05	4.9e-05	0.00016
6	0.01301	0.00012	0.00014	0.00014	0.00015	0.00012	9.2e-05	0.01280	0.00021	0.03926	0.03694	0.07918	0.18971	0.51422	0.08796	8.9e-05	0.00011	0.02559	8.4e-05	8.8e-05
7	0.00026	0.08021	0.56553	0.00028	0.01060	0.00026	0.03621	0.06555	0.01809	0.06982	0.01549	0.06013	0.01764	0.02125	0.02715	4.1e-05	0.00015	0.01113	6.7e-05	0.00016
8	0.00023	0.00018	0.00980	0.00020	0.00831	0.00833	0.00850	0.02102	0.29074	0.05185	0.04920	0.06706	0.05209	0.27852	0.03212	6.4e-05	0.10215	0.01943	9.2e-05	0.00013

[dist]
# distance from previous block
# <min> <max>
3	16

[block]
# block no. 8 follows, 3053 sequences, length 10
# corresponding to MSA columns:
# 577-580,585-587,590-592
name=unknown_I
#
# <colnr> <probs for GDERKNQSTAVLIFYWHMCP>
#	G	D	E	R	K	N	Q	S	T	A	V	L	I	F	Y	W	H	M	C	P
0	0.00020	0.00018	0.00643	0.01470	0.02363	0.06068	0.03479	0.02142	0.11296	0.02004	0.23871	0.13503	0.24364	0.01631	0.01290	4.1e-05	0.01704	0.01533	0.01333	0.01266
1	0.00865	0.00787	0.00016	0.00015	0.00018	0.00012	0.00012	0.01828	0.00993	0.06660	0.26435	0.31356	0.16376	0.04170	0.00831	4.4e-05	7.2e-05	0.07390	0.00801	0.01423
2	0.10020	0.00019	0.00025	0.00024	0.07055	0.03606	0.06201	0.08865	0.00745	0.02287	0.02062	0.00811	0.01292	0.08757	0.40308	0.02480	0.02360	0.02430	0.00639	0.00012
3	0.02391	0.00013	0.00017	0.00015	0.00019	0.00013	0.00012	0.00028	0.04776	0.14096	0.58000	0.01553	0.11587	0.04670	0.00015	4e-05	6.6e-05	0.01591	0.01182	0.00012
4	0.00024	0.00023	0.00035	0.60564	0.13263	0.04593	0.04642	0.02617	0.00024	0.00031	0.00022	0.00032	0.00018	0.05060	0.06476	5e-05	0.02544	0.00011	5.5e-05	0.00013
5	0.00014	0.00011	0.00013	0.00013	0.00016	9.9e-05	9.5e-05	0.00018	0.00027	0.00034	0.24203	0.05236	0.67169	0.00028	0.00014	3.9e-05	5.8e-05	0.03155	0.00011	9.9e-05
6	0.00031	0.90024	0.03312	0.00020	0.00030	0.02731	0.00020	0.00035	0.00024	0.03663	0.00017	0.00019	0.00015	0.0001	7.6e-05	2.5e-05	0.00012	6.4e-05	5.2e-05	0.00015
7	0.02128	0.00023	0.00036	0.72775	0.18478	0.02747	0.00031	0.03589	0.00025	0.00032	0.00020	0.00029	0.00016	0.00011	0.00011	3.7e-05	0.00015	9.9e-05	5.4e-05	0.00014
8	0.00028	0.01143	0.00038	0.28068	0.36997	0.06251	0.01205	0.03698	0.16059	0.01217	0.00025	0.00030	0.00020	0.00012	0.00013	3.6e-05	0.05160	0.00010	6.7e-05	0.00016
9	0.00024	0.00022	0.00037	0.65168	0.29848	0.00026	0.00032	0.00032	0.04638	0.00032	0.00022	0.00030	0.00017	0.00011	0.00011	3.7e-05	0.00014	0.00010	5.5e-05	0.00014

[dist]
# distance from previous block
# <min> <max>
2	6

[block]
# block no. 9 follows, 3053 sequences, length 7
# corresponding to MSA columns:
# 599-605
name=unknown_J
#
# <colnr> <probs for GDERKNQSTAVLIFYWHMCP>
#	G	D	E	R	K	N	Q	S	T	A	V	L	I	F	Y	W	H	M	C	P
0	0.04817	0.00015	0.00019	0.00017	0.00021	0.00014	0.00013	0.02491	0.01657	0.31632	0.25363	0.17579	0.10284	0.03633	0.00014	4.1e-05	7.7e-05	0.02394	0.00012	0.00013
1	0.01982	0.00025	0.00026	0.00023	0.00029	0.03421	0.01155	0.11761	0.66285	0.02824	0.02001	0.01180	0.02913	0.01935	0.00013	3.9e-05	0.01797	0.01415	0.00011	0.01199
2	0.00023	0.00020	0.02929	0.00021	0.04039	0.01894	0.00016	0.09741	0.23178	0.02775	0.22631	0.04695	0.18834	0.01156	0.03619	0.01013	0.01073	0.01227	0.01104	0.00014
3	0.00016	0.00011	0.00013	0.00015	0.00016	0.00010	9.6e-05	0.00017	0.00021	0.02504	0.03156	0.50823	0.07901	0.32194	0.00028	6.6e-05	8.1e-05	0.03233	9.5e-05	8.8e-05
4	0.01852	0.00011	0.00014	0.00015	0.00017	0.00010	0.00011	0.00018	0.00023	0.02117	0.07775	0.58948	0.14192	0.06903	0.00017	4.8e-05	7e-05	0.06210	0.01845	9.6e-05
5	0.02089	0.00020	0.00033	0.52709	0.18911	0.00023	0.01364	0.01089	0.02093	0.02405	0.01078	0.01343	0.00022	0.02228	0.05113	4.6e-05	0.01690	0.04367	0.03405	0.00014
6	0.01777	0.00019	0.00025	0.00020	0.00028	0.00018	0.00016	0.06815	0.01768	0.78571	0.01769	0.00041	0.01626	0.00016	0.01627	3.7e-05	9.9e-05	0.01607	0.04224	0.00018

[dist]
# distance from previous block
# <min> <max>
31	221

[block]
# block no. 10 follows, 3053 sequences, length 11
# corresponding to MSA columns:
# 1311-1318,1320,1321,1326
name=unknown_K
#
# <colnr> <probs for GDERKNQSTAVLIFYWHMCP>
#	G	D	E	R	K	N	Q	S	T	A	V	L	I	F	Y	W	H	M	C	P
0	0.01277	0.20476	0.41314	0.00965	0.02875	0.04928	0.03665	0.08547	0.01880	0.07426	0.00601	0.01192	0.01481	0.00013	0.00894	3.5e-05	0.01327	0.01113	6.6e-05	0.00016
1	0.07486	0.00020	0.00026	0.00020	0.00028	0.02332	0.02811	0.03768	0.00031	0.70403	0.06320	0.00039	0.00031	0.00014	0.00011	3.5e-05	0.01179	0.00011	0.05447	0.00017
2	0.00016	0.00012	0.00018	0.04498	0.01081	0.00012	0.05718	0.00020	0.00827	0.00032	0.13397	0.56592	0.06637	0.00827	0.01946	0.01525	8.3e-05	0.05443	0.01380	0.00010
3	0.00021	0.01138	0.13752	0.04386	0.06927	0.02043	0.04938	0.04630	0.03116	0.01732	0.11125	0.24370	0.09923	0.02237	0.01553	4.3e-05	0.00011	0.06752	0.01329	0.00013
4	0.00028	0.15598	0.42706	0.00030	0.07743	0.00938	0.02411	0.02224	0.01209	0.11786	0.02400	0.02027	0.01606	0.00983	0.04950	4.2e-05	0.01976	0.00010	6.7e-05	0.01366
5	0.00015	0.00011	0.00013	0.00013	0.00016	0.00010	9.4e-05	0.00018	0.01595	0.00032	0.13787	0.13447	0.57977	0.10544	0.00018	4.7e-05	6.5e-05	0.02464	0.00010	9.6e-05
6	0.00017	0.00013	0.00018	0.00018	0.00020	0.00015	0.00014	0.00020	0.00018	0.00026	0.00033	0.01864	0.02561	0.11551	0.77708	0.00016	0.06060	0.00013	6.3e-05	9.9e-05
7	0.03557	0.01599	0.08047	0.45503	0.19138	0.02671	0.02132	0.09905	0.01453	0.01973	0.00874	0.01548	0.00018	0.00687	0.00012	3.7e-05	0.00849	0.00010	6.3e-05	0.00015
8	0.00795	0.00020	0.00031	0.19204	0.22173	0.02193	0.06610	0.01393	0.02352	0.04069	0.16441	0.04212	0.08405	0.00018	0.00013	0.01165	0.02544	0.08339	8.2e-05	0.00014
9	0.00016	0.00013	0.00018	0.00019	0.00021	0.00012	0.07769	0.00020	0.00024	0.01330	0.03215	0.47539	0.15739	0.01553	0.00015	4.6e-05	8.4e-05	0.22663	0.00010	0.00010
10	0.00022	0.00020	0.00033	0.80979	0.05702	0.00024	0.01372	0.00029	0.01184	0.00030	0.00023	0.01690	0.00019	0.03080	0.00014	0.01046	0.01116	0.03600	5.5e-05	0.00013

[dist]
# distance from previous block
# <min> <max>
5	17

[block]
# block no. 11 follows, 3053 sequences, length 31
# corresponding to MSA columns:
# 1351,1358-1367,1369-1388
name=unknown_L
#
# <colnr> <probs for GDERKNQSTAVLIFYWHMCP>
#	G	D	E	R	K	N	Q	S	T	A	V	L	I	F	Y	W	H	M	C	P
0	0.00023	0.04640	0.12151	0.07451	0.08528	0.00018	0.00314	0.01438	0.02192	0.10798	0.20912	0.09581	0.14631	0.00468	0.00560	3.7e-05	9.7e-05	0.01706	9.3e-05	0.04568
1	0.00027	0.27987	0.56484	0.00028	0.01145	0.01390	0.01000	0.03321	0.00745	0.05575	0.00422	0.00539	0.00977	0.00011	9.9e-05	3.3e-05	0.00015	8.4e-05	5.7e-05	0.00307
2	0.09278	0.00029	0.00028	0.02373	0.00032	0.17090	0.00689	0.29848	0.10387	0.23915	0.03254	0.01278	0.01720	0.00014	0.00011	3.4e-05	0.00012	0.00011	0.00011	0.00017
3	0.03606	0.00020	0.00026	0.00020	0.01265	0.00018	0.00016	0.07816	0.00460	0.75439	0.08192	0.01589	0.01021	0.00015	0.00011	3.5e-05	9.4e-05	0.00012	0.00442	0.00018
4	0.00025	0.00500	0.26471	0.28837	0.12464	0.01184	0.09851	0.03266	0.05150	0.03001	0.03436	0.01440	0.02949	0.00231	0.00361	3.7e-05	0.00442	0.00368	6.5e-05	0.00015
5	0.05234	0.02376	0.07065	0.01922	0.05184	0.15281	0.04497	0.22303	0.12827	0.18071	0.01020	0.01673	0.00911	0.00014	0.00821	3.6e-05	0.00240	0.00238	9.4e-05	0.00311
6	0.00016	0.02746	0.02622	0.00017	0.00019	0.00013	0.00493	0.00534	0.03945	0.00547	0.03508	0.63572	0.03368	0.07782	0.03931	0.00338	0.01743	0.04786	9.8e-05	0.00010
7	0.00015	0.00011	0.00013	0.00014	0.00015	0.00010	9e-05	0.00017	0.00021	0.00028	0.01367	0.37056	0.21689	0.34380	0.00029	6.6e-05	8e-05	0.02994	0.02311	8.6e-05
8	0.00663	0.13450	0.18230	0.03438	0.03611	0.24047	0.06627	0.01850	0.04340	0.01015	0.03030	0.00443	0.01606	0.01228	0.03377	3.9e-05	0.06084	0.01996	6.3e-05	0.04956
9	0.09658	0.02683	0.00649	0.10681	0.04515	0.31584	0.01724	0.20118	0.04652	0.08739	0.00846	0.01221	0.00020	0.00448	0.00346	3.4e-05	0.00767	0.00712	8.1e-05	0.00625
10	0.00017	0.00013	0.00017	0.10255	0.02691	0.00324	0.00014	0.01044	0.02535	0.00581	0.00863	0.60314	0.03955	0.03912	0.02261	5e-05	8.9e-05	0.11170	9.6e-05	0.00010
11	0.00016	0.00011	0.00013	0.00013	0.00013	0.00011	7.8e-05	0.00017	0.00018	0.00024	0.02336	0.08909	0.01285	0.80148	0.07123	0.00011	0.00012	0.00018	7.3e-05	7.4e-05
12	0.00396	0.00454	0.00555	0.01531	0.00425	0.00012	0.00561	0.00575	0.00320	0.00910	0.00035	0.01470	0.00040	0.88971	0.03414	0.00011	0.00288	0.00016	6.9e-05	7.5e-05
13	0.00234	0.45822	0.01624	0.01716	0.02182	0.17777	0.00490	0.23951	0.02035	0.00698	0.00295	0.00260	0.00860	0.00012	0.00687	3e-05	0.00904	0.00209	6.9e-05	0.00235
14	0.00995	0.06957	0.18198	0.01243	0.04031	0.01738	0.01554	0.06311	0.02124	0.09780	0.00578	0.01274	0.01458	0.00707	0.00744	2.9e-05	0.01085	0.00236	7.4e-05	0.40976
15	0.00278	0.11576	0.15482	0.18472	0.41730	0.01034	0.04981	0.01472	0.01497	0.01519	0.00022	0.00028	0.00354	0.00011	0.00788	3.5e-05	0.00473	0.00258	5.6e-05	0.00016
16	0.00359	0.00021	0.00034	0.78527	0.06772	0.00025	0.00030	0.03447	0.04061	0.01263	0.00023	0.01403	0.00018	0.00014	0.02248	4.1e-05	0.01385	0.00011	0.00345	0.00013
17	0.00016	0.00012	0.00018	0.00018	0.00020	0.00014	0.00014	0.00020	0.00018	0.00026	0.00031	0.00046	0.00029	0.05160	0.94482	0.00018	0.00029	0.00012	6.1e-05	0.0001
18	0.00032	0.83155	0.01089	0.00021	0.00030	0.07249	0.00020	0.04859	0.01104	0.02327	0.00018	0.00020	0.00015	0.00010	7.9e-05	2.6e-05	0.00013	6.6e-05	5.5e-05	0.00015
19	0.00014	0.00010	0.00013	0.00016	0.00017	9.5e-05	0.00011	0.00016	0.00612	0.00029	0.00651	0.93670	0.00957	0.01480	0.00605	4.8e-05	6.9e-05	0.01857	0.00010	9.3e-05
20	0.22250	0.00026	0.00995	0.00022	0.00030	0.00781	0.00018	0.39342	0.05476	0.29609	0.00031	0.00708	0.00022	0.00013	0.00010	3.5e-05	0.00011	0.00625	0.00011	0.00017
21	0.00629	0.07399	0.11963	0.19164	0.21307	0.03951	0.00502	0.04383	0.03268	0.16583	0.00940	0.00287	0.01013	0.00012	0.00248	3.4e-05	0.01802	0.00553	0.00270	0.05721
22	0.00018	0.00013	0.00016	0.00015	0.00018	0.00012	0.00011	0.00025	0.05317	0.04558	0.85403	0.00081	0.02744	0.01115	0.00014	3.7e-05	5.8e-05	0.00020	0.00012	0.00599
23	0.99681	0.00022	0.00017	0.00015	0.00022	0.00025	0.00012	0.00033	0.00019	0.00051	0.00016	0.00018	0.00012	0.00011	7e-05	3.5e-05	8.8e-05	6.1e-05	7e-05	0.00012
24	0.00021	0.00020	0.00034	0.97886	0.00077	0.00025	0.00031	0.00029	0.00023	0.00029	0.00022	0.00032	0.01702	0.00012	0.00011	3.8e-05	0.00015	0.00010	5.1e-05	0.00013
25	0.00017	0.00012	0.00018	0.00018	0.00020	0.00014	0.00014	0.00021	0.00021	0.00439	0.09344	0.03337	0.00932	0.07251	0.61579	0.00013	0.01209	0.15355	0.00375	0.00010
26	0.00027	0.00026	0.00044	0.08188	0.85712	0.00026	0.00685	0.00034	0.01221	0.00036	0.00023	0.00032	0.00020	0.00011	0.00011	3.5e-05	0.00013	0.03862	5.8e-05	0.00017
27	0.00016	0.00011	0.00014	0.00015	0.00017	0.00011	0.00011	0.00019	0.01261	0.01326	0.09171	0.30412	0.23707	0.19830	0.01677	5.9e-05	8.1e-05	0.12469	0.0001	9.4e-05
28	0.00417	0.00553	0.00032	0.01063	0.00823	0.90754	0.01100	0.01508	0.00961	0.00369	0.00019	0.00022	0.00700	0.00291	0.00011	0.00260	0.01089	7.7e-05	6e-05	0.00013
29	0.00337	0.00300	0.00315	0.19278	0.45990	0.01830	0.05508	0.07820	0.01628	0.05851	0.00027	0.02214	0.00774	0.00562	0.01212	3.8e-05	0.00735	0.05349	0.00252	0.00016
30	0.00027	0.00025	0.00488	0.28838	0.63482	0.00517	0.00463	0.04384	0.00803	0.00409	0.00022	0.00029	0.00017	0.00011	0.00435	3.6e-05	0.00014	0.00010	5.8e-05	0.00016

[dist]
# distance from previous block
# <min> <max>
10	463

[block]
# block no. 12 follows, 3053 sequences, length 16
# corresponding to MSA columns:
# 1885,1886,1912-1925
name=unknown_M
#
# <colnr> <probs for GDERKNQSTAVLIFYWHMCP>
#	G	D	E	R	K	N	Q	S	T	A	V	L	I	F	Y	W	H	M	C	P
0	0.00575	0.05913	0.01656	0.11781	0.00549	0.01776	0.01596	0.13020	0.48631	0.01016	0.02547	0.03613	0.04565	0.00016	0.00012	3.7e-05	0.00879	0.00672	0.00775	0.00405
1	0.00530	0.01993	0.04899	0.12563	0.29042	0.05817	0.01731	0.01008	0.01752	0.02263	0.06395	0.03022	0.08604	0.00015	0.00919	0.00458	0.02221	0.01496	0.00406	0.14863
2	0.01360	0.20732	0.42346	0.01083	0.01336	0.01543	0.01820	0.08015	0.01513	0.12152	0.00581	0.01018	0.01057	0.00378	0.00429	3.4e-05	0.00378	0.01229	0.02027	0.00999
3	0.00030	0.96278	0.03387	0.00020	0.00030	0.00044	0.00020	0.00034	0.00023	0.00027	0.00016	0.00018	0.00015	9.7e-05	7.4e-05	2.5e-05	0.00012	6.1e-05	4.9e-05	0.00015
4	0.00014	0.00012	0.00012	0.00013	0.00016	0.0001	9.5e-05	0.00018	0.00026	0.01089	0.11164	0.04569	0.76660	0.01370	0.00014	4e-05	6.1e-05	0.04972	0.00011	9.8e-05
5	0.00016	0.00012	0.00628	0.00520	0.00899	0.00493	0.00011	0.00490	0.01147	0.02214	0.23844	0.24842	0.30630	0.05353	0.06388	5.3e-05	0.00512	0.01974	0.00010	0.00010
6	0.03460	0.06216	0.09976	0.01664	0.01834	0.03706	0.02634	0.06341	0.02817	0.54127	0.00701	0.03307	0.00026	0.01292	0.00432	3.7e-05	0.00614	0.00436	0.00397	0.00017
7	0.01026	0.00021	0.01902	0.00020	0.00026	0.01577	0.00016	0.18111	0.26609	0.11292	0.18780	0.01176	0.12219	0.03047	0.00658	4e-05	0.00504	0.01208	0.01789	0.00015
8	0.00016	0.00012	0.00015	0.00015	0.00593	0.00011	0.00011	0.01050	0.02416	0.01154	0.20070	0.09336	0.45804	0.01795	0.03625	4.7e-05	7.6e-05	0.13379	0.00675	0.00010
9	0.01963	0.02780	0.04487	0.14264	0.36701	0.13561	0.01745	0.16435	0.00819	0.03301	0.00023	0.00659	0.00503	0.00012	0.00011	3.4e-05	0.01559	0.00674	0.00482	0.00016
10	0.01276	0.00018	0.03954	0.01477	0.05836	0.01856	0.01582	0.00433	0.06846	0.01822	0.04057	0.02082	0.02719	0.02673	0.58584	0.00012	0.03235	0.01142	0.00385	0.00012
11	0.00017	0.00577	0.03288	0.00017	0.00019	0.05891	0.01223	0.00020	0.00457	0.00676	0.02543	0.61750	0.04906	0.09834	0.01939	0.01128	0.00436	0.04758	0.00510	9.8e-05
12	0.00016	0.00402	0.00404	0.00459	0.00708	0.01687	0.00011	0.00406	0.01513	0.01099	0.23423	0.26844	0.27389	0.07837	0.00400	0.00420	0.00395	0.04249	0.02330	0.00010
13	0.09277	0.12551	0.13869	0.06909	0.06298	0.26893	0.01769	0.01291	0.03330	0.06806	0.00549	0.01140	0.00423	0.00812	0.00372	3.5e-05	0.05829	0.01266	0.00598	0.00014
14	0.00015	0.00011	0.00014	0.00016	0.00017	0.01258	0.01287	0.00017	0.00023	0.00030	0.05038	0.70572	0.17479	0.01193	0.00015	4.5e-05	6.9e-05	0.02984	0.00010	9.5e-05
15	0.00934	0.02857	0.05112	0.26722	0.11383	0.03018	0.02896	0.01701	0.00957	0.04454	0.04098	0.04407	0.04883	0.03402	0.03073	4.6e-05	0.09316	0.09298	0.00386	0.01099

[dist]
# distance from previous block
# <min> <max>
5	31

[block]
# block no. 13 follows, 3053 sequences, length 40
# corresponding to MSA columns:
# 1966-2005
name=unknown_N
#
# <colnr> <probs for GDERKNQSTAVLIFYWHMCP>
#	G	D	E	R	K	N	Q	S	T	A	V	L	I	F	Y	W	H	M	C	P
0	0.00670	0.07243	0.01072	0.00226	0.03752	0.00818	0.00554	0.02569	0.13957	0.03009	0.32848	0.09860	0.15931	0.00856	0.00545	3.8e-05	0.00166	0.03113	0.00172	0.02634
1	0.00030	0.99608	0.00059	0.00019	0.00029	0.00045	0.00019	0.00034	0.00023	0.00027	0.00016	0.00018	0.00015	9.7e-05	7.3e-05	2.4e-05	0.00012	6.1e-05	4.9e-05	0.00015
2	0.00456	0.92087	0.01847	0.00020	0.00029	0.00043	0.00020	0.00035	0.04456	0.00028	0.00458	0.00020	0.00441	0.00010	7.6e-05	2.5e-05	0.00012	6.6e-05	5.2e-05	0.00015
3	0.00016	0.00013	0.00015	0.00015	0.04451	0.00011	0.00444	0.00019	0.00026	0.01520	0.00768	0.00096	0.83277	0.00027	0.01686	3.9e-05	6.8e-05	0.00022	0.00010	0.07573
4	0.00031	0.93280	0.01730	0.00020	0.00029	0.00043	0.00020	0.00035	0.00023	0.04042	0.00017	0.00019	0.00015	0.00010	0.00643	2.6e-05	0.00012	6.4e-05	5.2e-05	0.00015
5	0.00028	0.00327	0.00034	0.00029	0.00031	0.07017	0.00336	0.08849	0.01199	0.01188	0.00018	0.00026	0.00016	0.00020	0.01664	4.9e-05	0.78446	0.00749	5.8e-05	0.00013
6	0.00014	0.00010	0.00013	0.00016	0.00016	9.5e-05	0.00010	0.00016	0.00021	0.00028	0.00060	0.86470	0.00071	0.10665	0.00019	5.3e-05	7.2e-05	0.02528	0.00010	9e-05
7	0.74456	0.00023	0.01696	0.00017	0.00024	0.00025	0.00014	0.11500	0.02026	0.03053	0.03549	0.00026	0.02147	0.00012	8.3e-05	3.5e-05	9.2e-05	0.01389	8.1e-05	0.00013
8	0.00042	0.00053	0.00032	0.00584	0.00555	0.95923	0.00022	0.01215	0.00032	0.00028	0.00018	0.00021	0.00015	0.00012	0.00011	3e-05	0.01407	7.4e-05	5.9e-05	0.00013
9	0.00022	0.00021	0.00036	0.86100	0.13545	0.00025	0.00032	0.00030	0.00023	0.00030	0.00020	0.00030	0.00016	0.00011	0.00011	3.7e-05	0.00015	0.00010	5.1e-05	0.00013
10	0.00021	0.00020	0.00034	0.99574	0.00078	0.00025	0.00032	0.00029	0.00023	0.00029	0.00020	0.00030	0.00015	0.00011	0.00011	3.8e-05	0.00015	0.00010	5e-05	0.00013
11	0.00015	0.00011	0.00014	0.00014	0.00017	0.00010	0.00010	0.00443	0.00491	0.00038	0.50952	0.13927	0.33476	0.00027	0.00014	3.8e-05	5.7e-05	0.00510	0.00012	0.00010
12	0.00021	0.00020	0.00033	0.88204	0.02396	0.00024	0.00030	0.00028	0.00024	0.00031	0.07999	0.00035	0.01085	0.00012	0.00012	3.8e-05	0.00014	0.00011	5.7e-05	0.00013
13	0.03231	0.00026	0.00028	0.01014	0.00031	0.01352	0.00927	0.42876	0.24786	0.12357	0.00036	0.05294	0.00027	0.00015	0.00011	3.5e-05	0.00011	0.00012	0.05101	0.02862
14	0.00016	0.00012	0.00015	0.00014	0.00017	0.00011	0.00011	0.00021	0.00032	0.00796	0.89986	0.00086	0.07712	0.00024	0.00013	3.6e-05	5.5e-05	0.00676	0.00538	0.00011
15	0.98391	0.00022	0.00017	0.00015	0.00022	0.00025	0.00012	0.00034	0.00019	0.01340	0.00016	0.00019	0.00013	0.00011	7.1e-05	3.5e-05	8.8e-05	6.2e-05	7.1e-05	0.00012
16	0.00023	0.00059	0.99542	0.00032	0.00049	0.00026	0.00042	0.00036	0.00024	0.00036	0.00020	0.00024	0.00014	0.00011	0.00011	3.6e-05	0.00017	8.4e-05	4.8e-05	0.00017
17	0.00016	0.00012	0.00019	0.00020	0.00022	0.00012	0.10384	0.00019	0.00023	0.00030	0.00059	0.76889	0.01683	0.00540	0.00015	4.6e-05	8.3e-05	0.10225	0.00010	0.0001
18	0.00019	0.00012	0.00015	0.00016	0.00019	0.00011	0.00012	0.00022	0.01539	0.11227	0.07844	0.49326	0.19684	0.00357	0.00014	4.3e-05	7.1e-05	0.09490	0.00372	0.00011
19	0.00413	0.00036	0.30593	0.03571	0.02249	0.00026	0.37700	0.04222	0.05925	0.10188	0.00027	0.02011	0.00020	0.00267	0.02468	0.00233	0.00016	0.00012	7e-05	0.00016
20	0.02566	0.02187	0.01181	0.00798	0.00034	0.75982	0.02219	0.01949	0.01954	0.03851	0.01021	0.00681	0.03183	0.00013	0.00011	3.1e-05	0.00018	0.02329	6.7e-05	0.00013
21	0.00027	0.00031	0.05357	0.00044	0.01554	0.01523	0.81893	0.00342	0.00608	0.02830	0.01755	0.00033	0.01663	0.00355	0.00014	3.8e-05	0.01934	0.00013	6.2e-05	0.00015
22	0.00017	0.00011	0.00014	0.00014	0.00015	0.00011	9.1e-05	0.00019	0.00020	0.04051	0.07664	0.12846	0.06444	0.53806	0.11322	9.4e-05	0.00012	0.01012	0.02695	8.7e-05
23	0.04134	0.00024	0.04525	0.67504	0.11349	0.04040	0.00856	0.03322	0.00025	0.01115	0.00338	0.02680	0.00017	0.00012	0.00011	3.7e-05	0.00015	0.00010	5.7e-05	0.00014
24	0.02389	0.00016	0.01517	0.03020	0.03503	0.00249	0.00014	0.03842	0.11306	0.03375	0.27500	0.06415	0.35466	0.00023	0.00013	3.8e-05	7.3e-05	0.01318	0.00011	0.00012
25	0.84463	0.00022	0.00018	0.00016	0.00023	0.00024	0.00013	0.00983	0.00022	0.13450	0.00871	0.00022	0.00015	0.00011	7.7e-05	3.5e-05	8.9e-05	7e-05	8.1e-05	0.00013
26	0.00014	0.00010	0.00013	0.00016	0.00016	9.7e-05	0.00011	0.00016	0.00022	0.00029	0.01399	0.78405	0.03899	0.10111	0.00019	5.3e-05	7.2e-05	0.05978	0.00010	9.1e-05
27	0.01570	0.00021	0.00025	0.00021	0.00027	0.01889	0.00358	0.30019	0.05899	0.24666	0.18242	0.08899	0.03303	0.00021	0.04459	4.3e-05	0.00010	0.00539	0.00012	0.00016
28	0.00022	0.00021	0.00036	0.82105	0.16263	0.00025	0.00032	0.00030	0.00023	0.00030	0.00022	0.00031	0.01290	0.00011	0.00011	3.7e-05	0.00015	0.00010	5.2e-05	0.00013
29	0.00019	0.00013	0.00018	0.00019	0.00022	0.00013	0.00016	0.01298	0.01658	0.04539	0.16654	0.09901	0.06211	0.00029	0.00015	4.7e-05	8.9e-05	0.59541	0.00011	0.00011
