[name]
unknown

[dist]
# distance from previous block
# <min> <max>
0	430

[block]
# block no. 0 follows, 2450 sequences, length 11
# corresponding to MSA columns:
# 526-536
name=unknown_A
#
# <colnr> <probs for GDERKNQSTAVLIFYWHMCP>
#	G	D	E	R	K	N	Q	S	T	A	V	L	I	F	Y	W	H	M	C	P
0	0.07788	0.06069	0.02044	0.22290	0.24033	0.08843	0.08091	0.10126	0.02583	0.03554	0.00028	0.00036	0.00022	0.00014	0.00014	4.3e-05	0.01174	0.01628	0.00694	0.00964
1	0.11728	0.00626	0.09105	0.00656	0.05170	0.02012	0.01534	0.04202	0.01060	0.23791	0.05934	0.19752	0.01191	0.01716	0.00015	4.6e-05	0.00012	0.01677	0.00683	0.09131
2	0.08728	0.26001	0.01652	0.02614	0.03163	0.29509	0.00902	0.15124	0.02229	0.02333	0.00881	0.00599	0.00575	0.00015	0.00012	3.8e-05	0.01177	0.00842	0.00616	0.03024
3	0.00023	0.00884	0.00019	0.00020	0.00022	0.00987	0.00014	0.01382	0.02226	0.07579	0.07409	0.51205	0.01799	0.21296	0.02292	7.5e-05	0.00011	0.01430	0.00012	0.01383
4	0.01258	0.01529	0.00033	0.02783	0.05562	0.01602	0.01953	0.08995	0.04729	0.19387	0.12864	0.00957	0.02102	0.00017	0.00697	3.7e-05	0.00012	0.00693	0.00012	0.34812
5	0.06150	0.08929	0.16416	0.03288	0.18860	0.05272	0.15152	0.02436	0.03312	0.11464	0.02802	0.01120	0.01857	0.00683	0.00583	4.5e-05	0.01092	0.00551	8.9e-05	0.00020
6	0.00027	0.00023	0.00719	0.36612	0.08150	0.02812	0.01330	0.01555	0.04211	0.03409	0.10253	0.08087	0.12468	0.00839	0.00016	4.9e-05	0.00014	0.08722	0.00732	0.00016
7	0.02272	0.03668	0.73894	0.00038	0.00056	0.07175	0.02279	0.01491	0.01260	0.06665	0.00028	0.00031	0.00020	0.00015	0.01046	4.5e-05	0.00020	0.00011	7.2e-05	0.00020
8	0.00992	0.01962	0.14379	0.05125	0.15988	0.03553	0.07175	0.02370	0.02241	0.05261	0.01402	0.04268	0.02113	0.00017	0.01370	4.1e-05	0.03318	0.00855	0.00551	0.27055
9	0.03536	0.07891	0.36365	0.10407	0.10785	0.03999	0.08090	0.02223	0.01671	0.05506	0.02393	0.01704	0.01740	0.00862	0.00015	4.5e-05	0.01470	0.00754	0.00564	0.00019
10	0.00021	0.00017	0.00733	0.02560	0.00025	0.00016	0.02461	0.00687	0.04788	0.00995	0.32456	0.04910	0.33467	0.02340	0.02705	0.04644	0.00682	0.06466	0.00013	0.00013

[dist]
# distance from previous block
# <min> <max>
5	14

[block]
# block no. 1 follows, 2450 sequences, length 8
# corresponding to MSA columns:
# 557-564
name=unknown_B
#
# <colnr> <probs for GDERKNQSTAVLIFYWHMCP>
#	G	D	E	R	K	N	Q	S	T	A	V	L	I	F	Y	W	H	M	C	P
0	0.16386	0.30594	0.03737	0.04004	0.12582	0.17545	0.05348	0.01737	0.00971	0.01265	0.00024	0.00946	0.00020	0.00014	0.00013	3.9e-05	0.02943	0.00905	0.00943	0.00018
1	0.00021	0.01286	0.00020	0.01596	0.00024	0.00016	0.00014	0.00029	0.10085	0.03203	0.11594	0.31402	0.35206	0.01593	0.01280	5.4e-05	0.01153	0.01445	0.00013	0.00014
2	0.00865	0.04925	0.01001	0.01369	0.00025	0.00019	0.00873	0.00890	0.00024	0.02576	0.02012	0.04880	0.02488	0.26165	0.48750	0.01031	0.01066	0.00018	0.01011	0.00012
3	0.10104	0.05050	0.20068	0.06142	0.09125	0.05751	0.17852	0.02615	0.01624	0.08147	0.00764	0.01934	0.00728	0.01744	0.01053	0.00714	0.05688	0.00013	8.3e-05	0.00877
4	0.00036	0.01445	0.05081	0.10806	0.39042	0.01382	0.11121	0.01768	0.01903	0.13420	0.01034	0.04730	0.03669	0.00018	0.01596	4.8e-05	0.00923	0.01180	0.00821	0.00020
5	0.01123	0.00024	0.00027	0.02208	0.01412	0.02178	0.01327	0.26260	0.03840	0.02194	0.05936	0.26104	0.18351	0.00030	0.00016	4.9e-05	0.00011	0.07777	0.01161	0.00016
6	0.03654	0.00700	0.01526	0.29890	0.01765	0.00862	0.03193	0.03967	0.01004	0.01666	0.11088	0.15950	0.11998	0.04515	0.01298	0.00868	0.00721	0.04418	0.00903	0.00015
7	0.01561	0.11791	0.27789	0.03950	0.14792	0.03224	0.11369	0.04023	0.04060	0.11629	0.01260	0.02316	0.01026	0.00015	0.00014	4.3e-05	0.01136	0.00013	8.7e-05	0.00020

[dist]
# distance from previous block
# <min> <max>
2	24

[block]
# block no. 2 follows, 2450 sequences, length 62
# corresponding to MSA columns:
# 624,625,627,630-670,672-689
name=unknown_C
#
# <colnr> <probs for GDERKNQSTAVLIFYWHMCP>
#	G	D	E	R	K	N	Q	S	T	A	V	L	I	F	Y	W	H	M	C	P
0	0.63544	0.12642	0.02878	0.00956	0.03122	0.06168	0.00913	0.04064	0.00826	0.00656	0.00197	0.00148	0.00017	0.00014	0.00253	4.1e-05	0.00490	8.5e-05	0.00209	0.02889
1	0.10493	0.03197	0.01773	0.22405	0.26373	0.05848	0.02192	0.05367	0.00657	0.12977	0.00324	0.00643	0.00260	0.00124	0.00425	4.4e-05	0.01859	0.00167	0.04892	0.00019
2	0.01003	0.03418	0.18047	0.01475	0.19837	0.05252	0.03087	0.01432	0.02572	0.01160	0.00208	0.00032	0.00394	0.00012	0.00012	3.3e-05	0.00166	0.00010	7.8e-05	0.41872
3	0.00187	0.00574	0.14508	0.04633	0.23237	0.02633	0.04491	0.11169	0.11854	0.02661	0.02287	0.07190	0.01859	0.00336	0.02024	4.7e-05	0.00289	0.00429	0.00323	0.09309
4	0.00021	0.00014	0.00018	0.00018	0.00846	0.00015	0.00011	0.00022	0.00021	0.00029	0.00042	0.00082	0.00046	0.72553	0.20549	0.04719	0.00498	0.00019	0.00469	9.4e-05
5	0.00308	0.00017	0.00019	0.00251	0.00023	0.00938	0.00014	0.01254	0.09830	0.00049	0.46614	0.01242	0.35503	0.01550	0.00017	4.8e-05	0.00427	0.01737	0.00188	0.00014
6	0.00019	0.00013	0.00016	0.00018	0.00019	0.00012	0.00365	0.00020	0.00025	0.00033	0.00405	0.61517	0.00932	0.35970	0.00304	8.6e-05	0.00010	0.00033	0.00270	0.00010
7	0.00027	0.00025	0.00035	0.00031	0.00032	0.00523	0.00609	0.00031	0.00022	0.00354	0.00446	0.00043	0.00027	0.07768	0.29534	0.00012	0.60447	0.00014	6.9e-05	0.00014
8	0.00036	0.79519	0.20050	0.00027	0.00041	0.00051	0.00030	0.00043	0.00029	0.00036	0.00021	0.00024	0.00018	0.00012	9.9e-05	3.3e-05	0.00016	8.1e-05	6e-05	0.00019
9	0.99603	0.00027	0.00021	0.00019	0.00027	0.00032	0.00015	0.00042	0.00024	0.00063	0.00020	0.00023	0.00015	0.00013	8.7e-05	4.4e-05	0.00011	7.6e-05	8.7e-05	0.00015
10	0.00029	0.00025	0.00029	0.00021	0.00033	0.00019	0.00017	0.00036	0.00029	0.00046	0.00025	0.00029	0.00021	0.00010	0.00010	2.1e-05	0.00010	8.4e-05	8.4e-05	0.99590
11	0.00029	0.00025	0.00029	0.00021	0.00033	0.00019	0.00017	0.00035	0.00029	0.00046	0.00027	0.00031	0.01303	0.00011	0.00011	2.1e-05	0.00010	8.6e-05	8.4e-05	0.98305
12	0.00026	0.00020	0.00025	0.00024	0.00028	0.00023	0.00018	0.10097	0.17129	0.00042	0.00042	0.00058	0.00038	0.13808	0.58539	0.00017	0.00028	0.00016	9.5e-05	0.00015
13	0.00062	0.00024	0.00033	0.00025	0.00036	0.00021	0.00021	0.02510	0.01296	0.92945	0.00373	0.01371	0.00036	0.00018	0.00014	4.4e-05	0.00012	0.00015	0.00017	0.01168
14	0.00053	0.00067	0.00040	0.00036	0.00044	0.98305	0.00027	0.00057	0.01182	0.00035	0.00022	0.00026	0.00018	0.00015	0.00013	3.7e-05	0.00025	9.2e-05	7.4e-05	0.00016
15	0.98350	0.00028	0.00021	0.00019	0.00027	0.00599	0.00015	0.00042	0.00024	0.00747	0.00020	0.00023	0.00015	0.00013	8.8e-05	4.4e-05	0.00011	7.7e-05	8.8e-05	0.00015
16	0.00840	0.13989	0.03874	0.01931	0.10849	0.17506	0.03416	0.09032	0.02475	0.02536	0.00487	0.14219	0.00468	0.00143	0.00017	4.6e-05	0.10480	0.06179	9.2e-05	0.01544
17	0.00022	0.00018	0.00021	0.00018	0.00025	0.00015	0.00014	0.00027	0.00651	0.00915	0.00636	0.14701	0.43347	0.01630	0.00015	4e-05	8.7e-05	0.00428	0.00011	0.37494
18	0.17900	0.00030	0.00039	0.00034	0.00035	0.00041	0.00028	0.00035	0.00022	0.00039	0.00019	0.00029	0.00018	0.00023	0.00040	5.9e-05	0.81627	0.00012	6.6e-05	0.00015
19	0.00020	0.00015	0.00017	0.00018	0.00022	0.00237	0.00014	0.00024	0.01161	0.03336	0.08367	0.13711	0.53737	0.00043	0.10258	6.8e-05	0.00011	0.08195	0.00292	0.00516
20	0.81734	0.00028	0.00025	0.00022	0.00029	0.00034	0.00018	0.00040	0.00024	0.00058	0.00019	0.00024	0.00016	0.00015	0.00015	4.7e-05	0.17861	8.5e-05	8.3e-05	0.00015
21	0.00855	0.00031	0.00042	0.00036	0.00037	0.00042	0.00030	0.00746	0.08555	0.00037	0.00022	0.00033	0.00021	0.00024	0.00043	6e-05	0.89405	0.00013	7e-05	0.00016
22	0.02012	0.00022	0.00028	0.00023	0.00031	0.00020	0.00018	0.06691	0.01820	0.53508	0.19357	0.11017	0.04241	0.00500	0.00015	4.6e-05	0.00011	0.00646	0.00016	0.00020
23	0.00019	0.00016	0.04807	0.00021	0.00023	0.00014	0.00016	0.00024	0.00492	0.00375	0.22737	0.54598	0.04326	0.02254	0.00841	5.7e-05	9.3e-05	0.09398	0.00013	0.00013
24	0.03397	0.00053	0.00037	0.00033	0.00041	0.62026	0.00025	0.02532	0.16855	0.14818	0.00033	0.00034	0.00025	0.00016	0.00013	4e-05	0.00020	0.00011	0.00010	0.00019
25	0.10057	0.00030	0.00049	0.27730	0.60455	0.00033	0.00270	0.00272	0.00030	0.00045	0.00026	0.00035	0.00021	0.00013	0.00014	4.4e-05	0.00248	0.00316	0.00333	0.00020
26	0.00025	0.00018	0.00021	0.00019	0.00025	0.00018	0.00015	0.04577	0.14225	0.05306	0.22875	0.00357	0.41925	0.01193	0.09102	6.4e-05	0.00011	0.00024	0.00244	0.00015
27	0.00019	0.00014	0.00017	0.00019	0.00021	0.00330	0.00013	0.00372	0.00029	0.02233	0.08058	0.62453	0.19548	0.04632	0.00299	5.8e-05	0.00209	0.01705	0.00013	0.00012
28	0.00035	0.00034	0.00057	0.00087	0.99415	0.00034	0.00043	0.00043	0.00032	0.00046	0.00027	0.00035	0.00022	0.00013	0.00014	4.2e-05	0.00017	0.00013	7e-05	0.00022
29	0.00038	0.98538	0.01047	0.00024	0.00036	0.00056	0.00024	0.00042	0.00029	0.00033	0.00020	0.00023	0.00018	0.00012	9.1e-05	3e-05	0.00015	7.6e-05	6e-05	0.00018
30	0.00020	0.00015	0.00018	0.00018	0.00022	0.00014	0.00014	0.01548	0.02931	0.01915	0.14236	0.07276	0.48596	0.09238	0.00213	0.00305	9e-05	0.13586	0.00013	0.00013
31	0.00019	0.00015	0.00016	0.00016	0.00020	0.00227	0.00012	0.00024	0.03032	0.00286	0.23956	0.01119	0.56899	0.13561	0.00527	6e-05	8.3e-05	0.00234	0.00013	0.00012
32	0.02081	0.00022	0.00023	0.00020	0.00026	0.08710	0.00015	0.00804	0.05244	0.03383	0.29917	0.05951	0.11940	0.00023	0.00014	3.9e-05	9.8e-05	0.00779	0.12078	0.18954
33	0.00030	0.00028	0.00048	0.61543	0.37999	0.00032	0.00041	0.00039	0.00030	0.00040	0.00026	0.00037	0.00020	0.00014	0.00014	4.5e-05	0.00018	0.00013	6.5e-05	0.00018
34	0.00034	0.00024	0.00208	0.00501	0.00031	0.00172	0.00398	0.33660	0.00632	0.04083	0.00208	0.00362	0.01248	0.12022	0.44625	0.00557	0.00758	0.00316	0.00146	0.00017
35	0.00032	0.00031	0.00262	0.17966	0.51316	0.00245	0.14206	0.00210	0.00030	0.01280	0.00028	0.00256	0.00023	0.02693	0.03537	0.00939	0.06343	0.00575	7.1e-05	0.00019
36	0.04961	0.00258	0.00037	0.04221	0.00042	0.08591	0.08165	0.09081	0.50411	0.05148	0.02330	0.03133	0.00839	0.00404	0.00853	0.00316	0.00888	0.00176	0.00125	0.00020
37	0.00333	0.00017	0.00025	0.00026	0.00221	0.00016	0.05873	0.00384	0.00031	0.04201	0.00301	0.26755	0.01280	0.01677	0.00019	6.2e-05	0.00012	0.58796	0.00013	0.00013
38	0.00168	0.02501	0.01925	0.18660	0.20888	0.01923	0.12803	0.15344	0.02532	0.14022	0.00192	0.04662	0.00370	0.00656	0.00015	4.6e-05	0.00311	0.02786	0.00216	0.00020
39	0.97197	0.01491	0.00022	0.00457	0.00028	0.00535	0.00016	0.00042	0.00024	0.00063	0.00020	0.00023	0.00015	0.00013	8.8e-05	4.3e-05	0.00011	7.7e-05	8.7e-05	0.00015
40	0.00023	0.00018	0.00347	0.05367	0.08323	0.01366	0.01386	0.00309	0.00161	0.00260	0.00038	0.00982	0.00039	0.40519	0.36136	0.00304	0.03744	0.00279	0.00387	0.00012
41	0.00473	0.32810	0.01383	0.08191	0.15261	0.03955	0.13617	0.00479	0.00186	0.01045	0.00170	0.01816	0.00504	0.02076	0.08313	5.9e-05	0.07365	0.01501	0.00716	0.00133
42	0.00040	0.00023	0.00028	0.00023	0.00030	0.00022	0.00018	0.15103	0.08260	0.31129	0.42522	0.00072	0.01105	0.00023	0.00015	4.4e-05	0.00010	0.00019	0.01535	0.00019
43	0.01168	0.04358	0.07330	0.05573	0.07363	0.06931	0.01123	0.00479	0.00545	0.02446	0.03092	0.04248	0.02699	0.00913	0.00377	0.00144	0.02745	0.00495	0.00930	0.47041
44	0.00023	0.00019	0.00030	0.36195	0.00956	0.00022	0.00025	0.00029	0.00025	0.00034	0.00856	0.00341	0.00032	0.06567	0.52394	0.00384	0.00028	0.01615	0.00412	0.00014
45	0.00024	0.00021	0.00031	0.07823	0.26625	0.00020	0.00365	0.00032	0.01766	0.00255	0.43971	0.00368	0.18108	0.00268	0.00016	4.5e-05	0.00011	0.00263	0.00012	0.00016
46	0.01430	0.00024	0.00029	0.00022	0.00032	0.00019	0.00017	0.00660	0.00031	0.25535	0.00036	0.00597	0.00029	0.10260	0.00018	4e-05	0.00305	0.00996	0.00599	0.59357
47	0.97597	0.00027	0.00021	0.00019	0.00027	0.00032	0.00015	0.00629	0.00589	0.00063	0.00020	0.00023	0.00016	0.00013	8.8e-05	4.4e-05	0.00011	7.8e-05	0.00861	0.00015
48	0.00024	0.00012	0.00018	0.00018	0.00018	0.00012	0.00012	0.00018	0.00018	0.00025	0.00025	0.00043	0.00025	0.00050	0.01355	0.98287	0.00013	0.00012	6.2e-05	6.2e-05
49	0.00038	0.99512	0.00074	0.00024	0.00036	0.00056	0.00024	0.00042	0.00029	0.00033	0.00020	0.00023	0.00018	0.00012	9.1e-05	3e-05	0.00015	7.6e-05	6e-05	0.00018
50	0.00030	0.00021	0.00022	0.00020	0.00025	0.01177	0.00015	0.00051	0.42628	0.00055	0.00051	0.00052	0.00039	0.00018	0.00012	3.9e-05	8.8e-05	0.00014	0.55739	0.00017
51	0.00031	0.00031	0.00043	0.00037	0.00037	0.00043	0.00031	0.00034	0.00022	0.00034	0.00019	0.00031	0.00019	0.00025	0.00046	6.2e-05	0.99478	0.00012	6.2e-05	0.00015
52	0.99603	0.00027	0.00021	0.00019	0.00027	0.00032	0.00015	0.00042	0.00024	0.00063	0.00020	0.00023	0.00015	0.00013	8.7e-05	4.4e-05	0.00011	7.6e-05	8.7e-05	0.00015
53	0.00018	0.00013	0.00017	0.00020	0.00022	0.00012	0.00876	0.00021	0.00027	0.00037	0.00077	0.91903	0.00092	0.00044	0.00018	5.8e-05	8.7e-05	0.06764	0.00013	0.00012
54	0.00029	0.00025	0.00029	0.00021	0.00033	0.00019	0.00017	0.00036	0.00029	0.00046	0.00025	0.00029	0.00021	0.00010	0.00010	2.1e-05	0.00010	8.4e-05	8.4e-05	0.99590
55	0.00022	0.00015	0.00017	0.00016	0.00021	0.00013	0.00012	0.00027	0.00573	0.09910	0.24933	0.00119	0.64204	0.00032	0.00016	4.6e-05	7.5e-05	0.00027	0.00014	0.00014
56	0.00028	0.00073	0.99430	0.00040	0.00061	0.00033	0.00052	0.00045	0.00030	0.00045	0.00025	0.00030	0.00018	0.00013	0.00013	4.5e-05	0.00021	0.00010	6e-05	0.00021
57	0.00022	0.00018	0.00025	0.00829	0.00027	0.01718	0.04643	0.01880	0.01360	0.00037	0.03637	0.52185	0.09130	0.00306	0.00506	0.08399	0.14196	0.01057	0.00011	0.00013
58	0.09617	0.00040	0.18872	0.03031	0.31165	0.03520	0.13783	0.00658	0.00191	0.13014	0.00661	0.00926	0.00609	0.00139	0.00014	4.5e-05	0.00157	0.03570	8.8e-05	0.00020
59	0.00025	0.00016	0.00020	0.00018	0.00023	0.00014	0.00014	0.00657	0.01109	0.10852	0.66834	0.00653	0.18296	0.00029	0.00016	4.5e-05	7.5e-05	0.01055	0.00343	0.00014
60	0.00210	0.01482	0.68947	0.00575	0.00053	0.00228	0.03854	0.00988	0.03846	0.00773	0.01824	0.08460	0.04885	0.00374	0.00015	4.7e-05	0.00018	0.03437	7.9e-05	0.00019
61	0.01721	0.00243	0.10443	0.05376	0.62537	0.01478	0.11391	0.02157	0.01989	0.00370	0.01354	0.00259	0.00211	0.00013	0.00014	4.3e-05	0.00397	0.00013	7.4e-05	0.00021

[dist]
# distance from previous block
# <min> <max>
5	18

[block]
# block no. 3 follows, 2450 sequences, length 35
# corresponding to MSA columns:
# 733-749,754-770,782
name=unknown_D
#
# <colnr> <probs for GDERKNQSTAVLIFYWHMCP>
#	G	D	E	R	K	N	Q	S	T	A	V	L	I	F	Y	W	H	M	C	P
0	0.29813	0.08040	0.00868	0.00025	0.00323	0.01431	0.00021	0.26800	0.11993	0.02691	0.00031	0.00385	0.00291	0.00015	0.00012	3.9e-05	0.00421	0.00011	0.00011	0.16816
1	0.00238	0.00349	0.00416	0.01828	0.03165	0.00018	0.01028	0.02076	0.05560	0.14041	0.22014	0.06665	0.21783	0.00363	0.00678	4.4e-05	0.00354	0.01901	0.00013	0.17505
2	0.01071	0.08290	0.22056	0.00741	0.02267	0.04731	0.00965	0.04298	0.02146	0.24645	0.09886	0.10536	0.05666	0.00462	0.00531	4.6e-05	0.00541	0.00224	0.00012	0.00928
3	0.00606	0.10181	0.45599	0.01678	0.15733	0.01501	0.04423	0.01073	0.04630	0.05293	0.01236	0.00744	0.01198	0.00014	0.00013	4.2e-05	0.00655	0.00012	7.7e-05	0.05401
4	0.00021	0.00014	0.00018	0.00447	0.00868	0.00014	0.00012	0.00023	0.01790	0.00774	0.05558	0.16839	0.04697	0.54930	0.11257	0.00012	0.00015	0.02689	0.00010	0.00011
5	0.00033	0.00036	0.00397	0.53800	0.00574	0.27365	0.05118	0.00041	0.00032	0.00037	0.02381	0.00550	0.07254	0.00017	0.00014	4.4e-05	0.00646	0.01023	0.00661	0.00016
6	0.00751	0.07496	0.14712	0.09261	0.23026	0.03483	0.17352	0.02794	0.02315	0.14498	0.00298	0.00302	0.00969	0.00015	0.00510	4.5e-05	0.01973	0.00212	8.7e-05	0.00020
7	0.00035	0.00287	0.13456	0.04970	0.35165	0.00492	0.01849	0.00305	0.01784	0.17419	0.01265	0.12225	0.03041	0.01076	0.03280	5.3e-05	0.02416	0.00902	9.9e-05	0.00020
8	0.00714	0.00015	0.00017	0.00015	0.00020	0.00015	0.00012	0.02539	0.00538	0.13483	0.00535	0.00052	0.00036	0.00017	0.00011	3.5e-05	7.6e-05	0.00013	0.81942	0.00015
9	0.00284	0.00733	0.02479	0.65060	0.18777	0.01426	0.00509	0.01195	0.00937	0.04412	0.00027	0.00300	0.00021	0.00628	0.00987	4.8e-05	0.01881	0.00315	7.1e-05	0.00018
10	0.00623	0.13367	0.38220	0.01694	0.12504	0.05016	0.02542	0.02285	0.03787	0.17084	0.00486	0.00671	0.00024	0.00438	0.00302	4.3e-05	0.00613	0.00012	0.00309	0.00021
11	0.00533	0.01493	0.01103	0.00024	0.00029	0.02795	0.00019	0.24614	0.01636	0.02214	0.00039	0.00764	0.00036	0.19359	0.43151	0.00655	0.00321	0.01189	9.8e-05	0.00015
12	0.00578	0.00021	0.00028	0.00022	0.00030	0.00018	0.00018	0.00639	0.00766	0.60296	0.36630	0.00070	0.00776	0.00022	0.00015	4.4e-05	0.00010	0.00018	0.00017	0.00020
13	0.01839	0.02586	0.09314	0.02205	0.03627	0.02728	0.04778	0.02420	0.07366	0.10976	0.00279	0.20563	0.00808	0.08514	0.01681	0.05050	0.01542	0.13698	0.00011	0.00016
14	0.04385	0.01878	0.21221	0.12157	0.30449	0.01623	0.03474	0.06809	0.05557	0.04391	0.00817	0.00287	0.00717	0.00239	0.00891	4.7e-05	0.03972	0.00921	0.00189	0.00020
15	0.00027	0.00024	0.00043	0.00420	0.00570	0.00369	0.32382	0.01627	0.03793	0.00774	0.00034	0.00474	0.00031	0.12104	0.30897	0.12277	0.03468	0.00016	0.00656	0.00014
16	0.00024	0.00022	0.05342	0.00434	0.06237	0.00020	0.01504	0.01813	0.16769	0.01716	0.31948	0.03951	0.28367	0.00027	0.00016	4.7e-05	9.7e-05	0.01766	0.00013	0.00016
17	0.09968	0.25387	0.19050	0.01174	0.13390	0.06720	0.04732	0.04758	0.02862	0.08460	0.00819	0.01200	0.00341	0.00014	0.00013	4e-05	0.00779	0.00301	8.4e-05	0.00020
18	0.08824	0.02172	0.18884	0.05541	0.11478	0.04625	0.07401	0.01423	0.02411	0.04433	0.09027	0.04673	0.12763	0.00021	0.00015	0.00247	0.00311	0.05724	9.8e-05	0.00017
19	0.00030	0.00028	0.00059	0.00044	0.00053	0.00027	0.61365	0.00035	0.00028	0.00038	0.00028	0.00042	0.00024	0.03368	0.00032	0.33378	0.00662	0.00738	6.9e-05	0.00014
20	0.03554	0.01045	0.12453	0.30362	0.25423	0.02540	0.02190	0.04300	0.02593	0.04351	0.00034	0.02028	0.01493	0.00017	0.00014	4.6e-05	0.00235	0.06470	0.00875	0.00019
21	0.02003	0.15776	0.33062	0.02393	0.14444	0.03715	0.06025	0.05081	0.02721	0.09672	0.02211	0.00665	0.00616	0.00522	0.00222	4.3e-05	0.00018	0.00541	8.4e-05	0.00301
22	0.06460	0.23828	0.13966	0.00030	0.00461	0.00986	0.12410	0.03323	0.00787	0.00653	0.00451	0.12131	0.00330	0.07367	0.09938	6.9e-05	0.00018	0.06608	0.00230	0.00016
23	0.00026	0.00020	0.00779	0.00020	0.00023	0.01195	0.00014	0.07121	0.17961	0.00041	0.09358	0.03446	0.01186	0.57705	0.00626	0.00010	0.00013	0.00433	0.00011	0.00013
24	0.01051	0.03589	0.12343	0.04246	0.33886	0.02658	0.07350	0.04176	0.09745	0.00511	0.02350	0.00486	0.12617	0.00018	0.00417	4.6e-05	0.02488	0.02037	9e-05	0.00019
25	0.00327	0.00338	0.01676	0.75472	0.09953	0.00032	0.03036	0.03097	0.02947	0.01134	0.00908	0.00413	0.00331	0.00015	0.00014	4.6e-05	0.00018	0.00261	7.1e-05	0.00017
26	0.00020	0.00016	0.00024	0.00024	0.00027	0.00015	0.09371	0.00525	0.00307	0.00319	0.04645	0.52384	0.06575	0.05101	0.03662	0.01483	0.00012	0.15464	0.00012	0.00012
27	0.79558	0.00540	0.00024	0.00020	0.00029	0.00912	0.01714	0.01159	0.00027	0.12728	0.00026	0.03164	0.00021	0.00015	0.0001	4.4e-05	0.00011	9.7e-05	0.00010	0.00016
28	0.00416	0.00523	0.00022	0.09960	0.00030	0.00016	0.00774	0.00386	0.00290	0.00264	0.39887	0.04346	0.11801	0.05638	0.20645	8.9e-05	0.00015	0.01467	0.03500	0.00013
29	0.00208	0.00016	0.01886	0.01929	0.00220	0.01095	0.00696	0.00718	0.02554	0.00532	0.03371	0.28456	0.05934	0.12424	0.00225	0.37654	0.00011	0.01865	0.00196	0.00010
30	0.45837	0.00023	0.00023	0.00021	0.01202	0.00025	0.00016	0.01664	0.06534	0.10710	0.24257	0.01177	0.03212	0.00616	0.00465	0.03146	0.00010	0.00517	0.00530	0.00016
31	0.00274	0.80458	0.09666	0.00268	0.00410	0.04471	0.00699	0.00327	0.00413	0.00958	0.00395	0.00328	0.00019	0.00248	0.00223	3.3e-05	0.00596	8.4e-05	0.00219	0.00018
32	0.00024	0.00016	0.02549	0.00021	0.00628	0.01190	0.00424	0.00803	0.00449	0.00031	0.00042	0.09298	0.00357	0.18375	0.02882	0.47651	0.00013	0.15232	8.5e-05	9.2e-05
33	0.02377	0.46989	0.27062	0.00504	0.05765	0.03670	0.01831	0.03784	0.00618	0.03848	0.00025	0.01204	0.00020	0.00328	0.00400	3.8e-05	0.00646	9.9e-05	0.00536	0.00379
34	0.00528	0.14201	0.02040	0.05588	0.06966	0.43169	0.02195	0.00630	0.01616	0.00937	0.01203	0.00030	0.00236	0.00017	0.00344	4.3e-05	0.20029	0.00011	0.00241	0.00017

[dist]
# distance from previous block
# <min> <max>
1	1

[block]
# block no. 4 follows, 2450 sequences, length 46
# corresponding to MSA columns:
# 829-874
name=unknown_E
#
# <colnr> <probs for GDERKNQSTAVLIFYWHMCP>
#	G	D	E	R	K	N	Q	S	T	A	V	L	I	F	Y	W	H	M	C	P
0	0.00021	0.00016	0.00023	0.00023	0.00025	0.00887	0.00018	0.00635	0.00023	0.00033	0.00038	0.00055	0.00035	0.01474	0.95664	0.00022	0.00972	0.00015	7.6e-05	0.00013
1	0.00023	0.00019	0.00236	0.05426	0.16071	0.00018	0.01310	0.00505	0.04736	0.02363	0.10955	0.39020	0.15485	0.00032	0.00382	0.00572	0.00415	0.01794	0.00623	0.00015
2	0.00036	0.00030	0.00032	0.00029	0.00037	0.00035	0.00022	0.02591	0.96125	0.00060	0.00057	0.00053	0.00043	0.00019	0.00014	4.8e-05	0.00011	0.00764	0.00014	0.00022
3	0.00021	0.00015	0.00021	0.00024	0.00830	0.00480	0.00019	0.00249	0.00898	0.00039	0.00296	0.28877	0.00591	0.02336	0.12552	8.4e-05	0.00015	0.52011	0.00704	0.00013
4	0.00245	0.43621	0.04962	0.01907	0.06181	0.20581	0.02846	0.04861	0.05703	0.04209	0.00027	0.01362	0.00234	0.00015	0.00227	3.8e-05	0.02594	0.00396	7.9e-05	0.00019
5	0.00030	0.01472	0.00355	0.00725	0.04509	0.13988	0.00596	0.01848	0.01517	0.01184	0.01504	0.04844	0.01900	0.28787	0.09512	8.3e-05	0.02394	0.00574	0.00224	0.24031
6	0.02695	0.14328	0.14720	0.05161	0.19222	0.05751	0.03336	0.07301	0.02631	0.07343	0.01611	0.00606	0.01864	0.00282	0.00429	4.3e-05	0.07401	0.00012	8.5e-05	0.05292
7	0.00030	0.00023	0.00027	0.00025	0.00029	0.07439	0.02695	0.02829	0.10503	0.09486	0.01100	0.00887	0.00732	0.15996	0.48120	0.00015	0.00026	0.00016	9.7e-05	0.00015
8	0.00026	0.00053	0.63409	0.00033	0.00049	0.00026	0.02000	0.00038	0.00665	0.00441	0.03142	0.00068	0.17183	0.00021	0.00015	4.8e-05	0.00017	0.12784	8.5e-05	0.00018
9	0.00952	0.00924	0.31572	0.00959	0.00366	0.00319	0.00436	0.05995	0.00535	0.53822	0.01327	0.00516	0.00528	0.00213	0.00739	4.6e-05	0.00015	0.00741	0.00013	0.00022
10	0.05219	0.08935	0.02716	0.06605	0.06322	0.13622	0.04481	0.29151	0.07744	0.07827	0.03349	0.00531	0.01453	0.00016	0.00014	4.2e-05	0.01099	0.00183	0.00710	0.00020
11	0.00023	0.00027	0.13330	0.00026	0.00034	0.00725	0.12858	0.00319	0.07079	0.00629	0.24500	0.04287	0.35280	0.00027	0.00016	4.7e-05	0.00012	0.00459	0.00351	0.00015
12	0.00230	0.00015	0.00019	0.00019	0.00022	0.00014	0.00014	0.00237	0.00419	0.13853	0.14212	0.11177	0.31493	0.00349	0.00560	0.21608	9.5e-05	0.05502	0.00234	0.00013
13	0.06841	0.02218	0.09406	0.35650	0.05401	0.02192	0.00646	0.01886	0.00273	0.02961	0.00222	0.00892	0.00196	0.00268	0.01949	0.26786	0.02179	0.00012	7.1e-05	0.00014
14	0.00335	0.00253	0.18991	0.00026	0.00036	0.00022	0.00024	0.06501	0.05238	0.32078	0.14962	0.13251	0.06827	0.00321	0.00015	4.7e-05	0.00012	0.01069	0.00014	0.00019
15	0.00019	0.00013	0.00016	0.00018	0.00019	0.00012	0.00011	0.00020	0.00025	0.00033	0.00549	0.57136	0.03689	0.35335	0.01150	8.7e-05	0.00010	0.00481	0.01444	0.00011
16	0.31868	0.01169	0.00864	0.01108	0.30540	0.01636	0.02002	0.04853	0.00900	0.13143	0.00410	0.04350	0.00662	0.00017	0.00913	0.00155	0.00587	0.04032	0.00773	0.00019
17	0.00361	0.03895	0.17503	0.07845	0.38798	0.02610	0.15588	0.01496	0.06800	0.03176	0.00550	0.00618	0.00475	0.00014	0.00014	4.4e-05	0.00213	0.00013	7.8e-05	0.00021
18	0.00019	0.00014	0.00291	0.00018	0.00021	0.00013	0.00013	0.00023	0.00372	0.00572	0.03853	0.24114	0.33639	0.17300	0.00300	6.9e-05	9.8e-05	0.18552	0.00857	0.00012
19	0.00320	0.00354	0.00201	0.00021	0.00025	0.00768	0.00834	0.00326	0.00341	0.18747	0.16068	0.06880	0.11625	0.10068	0.18437	0.07616	0.05467	0.01731	0.00155	0.00014
20	0.02374	0.19305	0.19753	0.02536	0.20988	0.05866	0.03294	0.02600	0.02054	0.06175	0.00322	0.07626	0.00470	0.00665	0.00014	4.4e-05	0.00848	0.04633	0.00453	0.00019
21	0.01458	0.03923	0.02624	0.05674	0.48976	0.20451	0.02294	0.07583	0.01945	0.03837	0.00028	0.00386	0.00022	0.00191	0.00014	4.1e-05	0.00307	0.00255	8.1e-05	0.00020
22	0.85457	0.05038	0.01039	0.00023	0.04430	0.02239	0.00623	0.00323	0.00025	0.00315	0.00020	0.00024	0.00016	0.00013	9.3e-05	4.3e-05	0.00369	8e-05	8.5e-05	0.00016
23	0.02674	0.00837	0.00432	0.00675	0.00030	0.01213	0.05940	0.04086	0.02392	0.01300	0.00536	0.37629	0.01033	0.03859	0.18510	0.00369	0.17030	0.01259	0.00182	0.00014
24	0.00020	0.00014	0.00017	0.00018	0.00021	0.00013	0.00013	0.00024	0.00949	0.04368	0.22368	0.42955	0.26516	0.00833	0.00018	5.2e-05	7.9e-05	0.01813	0.00014	0.00013
25	0.00022	0.00018	0.02075	0.00024	0.00251	0.00019	0.02005	0.00788	0.01268	0.00506	0.05631	0.01725	0.00991	0.08519	0.70650	0.00018	0.05133	0.00334	8.3e-05	0.00013
26	0.00216	0.00230	0.08305	0.32649	0.40871	0.00703	0.12141	0.00292	0.00031	0.00043	0.00027	0.00817	0.00021	0.00013	0.00014	4.4e-05	0.00455	0.00298	0.00493	0.02375
27	0.80093	0.09258	0.00690	0.00374	0.00555	0.00901	0.01161	0.04170	0.00258	0.01779	0.00021	0.00024	0.00017	0.00013	9.5e-05	4.3e-05	0.00638	8.2e-05	8.8e-05	0.00016
28	0.00030	0.00222	0.00884	0.01503	0.10908	0.01018	0.00987	0.11331	0.00828	0.06850	0.01943	0.22984	0.01395	0.13228	0.15622	8.9e-05	0.08973	0.00883	0.00011	0.00391
29	0.00034	0.00032	0.00052	0.18778	0.70754	0.00033	0.00650	0.01084	0.07856	0.00046	0.00029	0.00037	0.00023	0.00014	0.00516	4.4e-05	0.00017	0.00013	7.5e-05	0.00021
30	0.00027	0.00022	0.00025	0.00020	0.00029	0.00017	0.00015	0.01128	0.01640	0.01718	0.18632	0.00059	0.14077	0.00018	0.00013	3e-05	9.4e-05	0.00015	0.00471	0.62061
31	0.00517	0.00017	0.00025	0.00022	0.00027	0.00016	0.08877	0.02580	0.01288	0.02412	0.59250	0.12176	0.11400	0.00029	0.00017	4.7e-05	9e-05	0.01304	0.00014	0.00014
32	0.00029	0.00026	0.00031	0.00027	0.00033	0.07782	0.01584	0.00034	0.00027	0.00711	0.00033	0.01827	0.00032	0.01403	0.23624	0.00567	0.19758	0.10473	8.3e-05	0.31992
33	0.00023	0.00013	0.00020	0.00020	0.00020	0.00014	0.00014	0.00021	0.00020	0.00027	0.00029	0.00048	0.00028	0.01668	0.31043	0.66349	0.00020	0.00013	0.00602	8.2e-05
34	0.00036	0.00870	0.00024	0.00020	0.00027	0.00025	0.00016	0.36545	0.00043	0.00066	0.00041	0.00046	0.00032	0.00017	0.00011	3.6e-05	9.9e-05	0.00013	0.62138	0.00017
35	0.00372	0.00021	0.00024	0.00021	0.00560	0.00839	0.00016	0.01548	0.08585	0.02029	0.10565	0.06228	0.07136	0.07379	0.00796	0.10643	0.00414	0.01610	0.02476	0.38737
36	0.00851	0.25580	0.01504	0.13484	0.06204	0.02782	0.01130	0.16423	0.01771	0.08544	0.12099	0.00043	0.00474	0.00569	0.03219	4.7e-05	0.04145	0.00193	0.00569	0.00410
37	0.00899	0.09922	0.14857	0.00246	0.00030	0.00684	0.00020	0.08008	0.00434	0.08754	0.00277	0.02249	0.00299	0.00293	0.00011	3.7e-05	0.00011	0.00013	0.52971	0.00017
38	0.37044	0.00233	0.16453	0.10583	0.09545	0.00855	0.14515	0.00827	0.00571	0.03317	0.01435	0.00032	0.00021	0.00014	0.00467	4.6e-05	0.03199	0.00191	0.00673	0.00018
39	0.00041	0.00033	0.00035	0.00030	0.00039	0.00038	0.00024	0.30780	0.68676	0.00068	0.00050	0.00047	0.00037	0.00018	0.00014	4.6e-05	0.00013	0.00015	0.00014	0.00023
40	0.13877	0.00026	0.00031	0.00024	0.00035	0.00024	0.00020	0.09656	0.02523	0.57858	0.01562	0.00042	0.00031	0.00016	0.00013	4e-05	0.00012	0.00013	0.00015	0.14219
41	0.00018	0.00013	0.00925	0.00020	0.00021	0.00012	0.00014	0.00020	0.00027	0.00036	0.01013	0.95514	0.00092	0.00043	0.00018	5.7e-05	0.01672	0.00510	0.00013	0.00012
42	0.00060	0.00029	0.00036	0.00027	0.00039	0.00028	0.00023	0.31789	0.00049	0.67694	0.00049	0.00044	0.00031	0.00017	0.00014	4.3e-05	0.00013	0.00014	0.00016	0.00024
43	0.00037	0.07016	0.60766	0.00037	0.00053	0.09440	0.00576	0.15836	0.00863	0.03459	0.00028	0.00407	0.00020	0.00015	0.00620	4.4e-05	0.00784	0.00011	7.9e-05	0.00021
44	0.00052	0.00027	0.00037	0.00030	0.00038	0.00028	0.03765	0.02732	0.01041	0.63067	0.00044	0.00704	0.00031	0.01790	0.00024	5e-05	0.26538	0.00014	0.00014	0.00021
45	0.00028	0.00073	0.99430	0.00040	0.00061	0.00033	0.00052	0.00045	0.00030	0.00045	0.00025	0.00030	0.00018	0.00013	0.00013	4.5e-05	0.00021	0.00010	6e-05	0.00021

[dist]
# distance from previous block
# <min> <max>
5	12

[block]
# block no. 5 follows, 2450 sequences, length 12
# corresponding to MSA columns:
# 898,899,901-910
name=unknown_F
#
# <colnr> <probs for GDERKNQSTAVLIFYWHMCP>
#	G	D	E	R	K	N	Q	S	T	A	V	L	I	F	Y	W	H	M	C	P
0	0.00028	0.04835	0.02742	0.12963	0.24316	0.00029	0.01243	0.00601	0.00751	0.00693	0.24879	0.01157	0.05649	0.00588	0.02510	5.2e-05	0.16312	0.00673	9.5e-05	0.00017
1	0.00486	0.01171	0.06314	0.03125	0.33294	0.01577	0.13283	0.01669	0.22506	0.00817	0.07286	0.00576	0.01129	0.00531	0.00875	4.7e-05	0.01363	0.01097	0.00653	0.02243
2	0.00839	0.26814	0.04648	0.00030	0.00042	0.00896	0.02336	0.53405	0.05250	0.02073	0.01140	0.00034	0.00823	0.00016	0.00013	4e-05	0.00015	0.00012	0.01589	0.00022
3	0.00032	0.10902	0.02034	0.05328	0.01745	0.04644	0.02154	0.01530	0.14797	0.02535	0.00921	0.05711	0.04886	0.02022	0.01500	0.00551	0.01775	0.00504	9.6e-05	0.36421
4	0.00046	0.00032	0.00036	0.00030	0.00039	0.00035	0.01391	0.39360	0.36712	0.16056	0.02096	0.00048	0.01237	0.00019	0.00015	0.01056	0.00013	0.01740	0.00015	0.00023
5	0.00023	0.00016	0.00018	0.00017	0.00022	0.00014	0.00013	0.00029	0.01116	0.10955	0.26580	0.08179	0.47597	0.00032	0.00016	4.6e-05	7.8e-05	0.01199	0.01832	0.02329
6	0.00028	0.20734	0.00691	0.00023	0.00028	0.00028	0.00018	0.02465	0.16083	0.00758	0.07423	0.00847	0.06601	0.09595	0.23273	0.08659	0.01936	0.00786	9.6e-05	0.00015
7	0.01266	0.00016	0.00021	0.00019	0.00024	0.00015	0.00015	0.00034	0.03103	0.13541	0.71592	0.03235	0.02279	0.01112	0.02014	4.9e-05	8.3e-05	0.00024	0.01662	0.00015
8	0.10994	0.01126	0.01147	0.13551	0.30322	0.00627	0.08364	0.02587	0.03046	0.20209	0.00710	0.01054	0.00482	0.00471	0.00014	0.00845	0.00555	0.01453	0.01678	0.00765
9	0.00021	0.00015	0.02013	0.00017	0.00018	0.00014	0.00011	0.00022	0.00022	0.00030	0.02875	0.03617	0.01358	0.79937	0.05390	0.00013	0.00015	0.03308	0.01296	9.5e-05
10	0.01298	0.02064	0.03150	0.06862	0.28525	0.02293	0.05649	0.02796	0.03684	0.05294	0.01372	0.02137	0.00562	0.00874	0.00014	3.8e-05	0.01195	0.00582	0.00552	0.31094
11	0.00590	0.00622	0.00023	0.02298	0.02853	0.00016	0.00016	0.01718	0.01659	0.15527	0.32976	0.14930	0.14802	0.04303	0.00700	5.3e-05	9.6e-05	0.05367	0.00835	0.00750

[dist]
# distance from previous block
# <min> <max>
4	61

[block]
# block no. 6 follows, 2450 sequences, length 30
# corresponding to MSA columns:
# 977-996,999,1002-1010
name=unknown_G
#
# <colnr> <probs for GDERKNQSTAVLIFYWHMCP>
#	G	D	E	R	K	N	Q	S	T	A	V	L	I	F	Y	W	H	M	C	P
0	0.02222	0.03322	0.02860	0.00989	0.03963	0.03229	0.03519	0.22319	0.00980	0.07636	0.00422	0.01821	0.00355	0.09439	0.31307	0.02481	0.02272	0.00259	0.00589	0.00017
1	0.00414	0.00016	0.00019	0.00018	0.00022	0.00299	0.00013	0.00457	0.00648	0.12938	0.22418	0.18385	0.18866	0.20801	0.00600	6.8e-05	9.7e-05	0.02107	0.01509	0.00454
2	0.00495	0.00014	0.00018	0.00019	0.00022	0.00013	0.00014	0.00414	0.00543	0.03890	0.43431	0.37768	0.09497	0.00357	0.00017	5e-05	7.7e-05	0.01504	0.00463	0.01507
3	0.03199	0.00017	0.00019	0.00017	0.00024	0.00015	0.00013	0.02007	0.00035	0.21444	0.06898	0.00108	0.63906	0.02212	0.00017	4.8e-05	8.6e-05	0.00025	0.00014	0.00015
4	0.00024	0.00012	0.00018	0.00018	0.00018	0.00012	0.00012	0.00018	0.00018	0.00025	0.00025	0.00044	0.00025	0.02740	0.00056	0.96895	0.00012	0.00012	6.2e-05	6.2e-05
5	0.00035	0.00030	0.00032	0.00029	0.00037	0.00035	0.00022	0.00075	0.99390	0.00059	0.00057	0.00053	0.00043	0.00019	0.00014	4.8e-05	0.00011	0.00016	0.00014	0.00022
6	0.00035	0.00031	0.00032	0.00029	0.00037	0.00035	0.00022	0.01949	0.97515	0.00060	0.00057	0.00052	0.00043	0.00019	0.00014	4.8e-05	0.00011	0.00016	0.00014	0.00022
7	0.00036	0.00031	0.00032	0.00029	0.00037	0.02161	0.00022	0.00075	0.95681	0.01643	0.00057	0.00052	0.00042	0.00019	0.00014	4.8e-05	0.00011	0.00016	0.00014	0.00022
8	0.00030	0.00025	0.00029	0.00021	0.00033	0.00019	0.00017	0.00037	0.02084	0.01449	0.00028	0.01259	0.00859	0.00011	0.00011	2.2e-05	0.00010	9.2e-05	8.7e-05	0.94059
9	0.00024	0.00012	0.00018	0.00018	0.00018	0.00012	0.00012	0.00018	0.00018	0.00025	0.00025	0.00044	0.00025	0.02332	0.00056	0.97303	0.00012	0.00012	6.2e-05	6.2e-05
10	0.00036	0.00031	0.00032	0.00029	0.00037	0.00035	0.00023	0.03523	0.95941	0.00060	0.00057	0.00052	0.00042	0.00019	0.00014	4.8e-05	0.00011	0.00016	0.00014	0.00022
11	0.00017	0.00013	0.00016	0.00018	0.00021	0.00012	0.00013	0.00021	0.00743	0.00038	0.04453	0.65609	0.25855	0.00041	0.00018	5.4e-05	8e-05	0.03074	0.00013	0.00012
12	0.00029	0.00025	0.00029	0.00021	0.00033	0.00019	0.00017	0.01128	0.00427	0.01620	0.04941	0.00714	0.01409	0.00012	0.00011	2.4e-05	0.00834	0.0001	0.00408	0.88312
13	0.11332	0.01004	0.00036	0.00028	0.00038	0.00520	0.01795	0.35889	0.04005	0.43102	0.00391	0.00541	0.00029	0.00017	0.00014	4.3e-05	0.00013	0.00469	0.00750	0.00023
14	0.00052	0.01021	0.00040	0.00036	0.00043	0.90782	0.00027	0.05442	0.00041	0.00038	0.00023	0.00026	0.00019	0.00015	0.00013	3.7e-05	0.01197	9.4e-05	0.01155	0.00017
15	0.00241	0.01113	0.02325	0.19807	0.01741	0.00266	0.19505	0.01914	0.10420	0.01794	0.11336	0.21547	0.01224	0.02522	0.00266	5.2e-05	0.00015	0.03569	0.00375	0.00016
16	0.05624	0.00024	0.00032	0.00025	0.00035	0.00022	0.00020	0.01185	0.02721	0.86247	0.00388	0.01679	0.00035	0.00371	0.00344	4.5e-05	0.00371	0.00380	0.00468	0.00023
17	0.00019	0.00014	0.00017	0.00018	0.00021	0.00013	0.00013	0.00023	0.00943	0.01390	0.29880	0.33814	0.31705	0.00036	0.00017	5e-05	7.5e-05	0.01296	0.00757	0.00012
18	0.00409	0.00027	0.00031	0.00025	0.00034	0.05503	0.00020	0.16547	0.06144	0.47413	0.03567	0.00050	0.01493	0.00018	0.00014	4.2e-05	0.01768	0.01467	0.15446	0.00021
19	0.00022	0.00015	0.00019	0.00019	0.00022	0.00014	0.00014	0.00027	0.00034	0.06327	0.52121	0.17321	0.07490	0.08460	0.05899	6.6e-05	9.8e-05	0.01612	0.00556	0.00013
20	0.26058	0.00426	0.00372	0.01118	0.00447	0.32145	0.00025	0.07298	0.00032	0.02089	0.00023	0.00769	0.00019	0.00018	0.00021	4.6e-05	0.28428	0.00010	0.00680	0.00017
21	0.01655	0.02457	0.06230	0.02060	0.04313	0.02137	0.00885	0.05065	0.00502	0.13045	0.00031	0.00522	0.00751	0.00014	0.01597	3.3e-05	0.00254	0.00010	9.6e-05	0.58459
22	0.02195	0.28689	0.31710	0.03958	0.11602	0.09210	0.02211	0.03539	0.02200	0.02749	0.00623	0.00307	0.00274	0.00292	0.00013	4e-05	0.00386	0.00010	7.2e-05	0.00020
23	0.00021	0.00461	0.04037	0.00019	0.00022	0.00015	0.00275	0.00316	0.00643	0.02868	0.13543	0.18405	0.33046	0.16611	0.05468	7.4e-05	0.00581	0.02896	0.00754	0.00012
24	0.00648	0.29267	0.25031	0.01388	0.02800	0.02726	0.02223	0.06873	0.14572	0.03658	0.02609	0.01126	0.01871	0.00218	0.01936	4.4e-05	0.00456	0.00012	0.00304	0.02278
25	0.00020	0.00015	0.00023	0.00023	0.00025	0.00018	0.00018	0.00025	0.00023	0.00033	0.00039	0.01772	0.00036	0.00105	0.97731	0.00022	0.00037	0.00016	7.7e-05	0.00013
26	0.09236	0.00718	0.00608	0.00372	0.00032	0.00965	0.07772	0.09322	0.00795	0.20765	0.41286	0.02189	0.03119	0.00023	0.00712	4.6e-05	0.00246	0.00019	0.01798	0.00017
27	0.00795	0.00248	0.04424	0.03073	0.10800	0.00308	0.01372	0.00313	0.00631	0.07720	0.14762	0.44665	0.04854	0.02278	0.00401	0.01628	0.00840	0.00430	0.00442	0.00015
28	0.00304	0.00016	0.00020	0.00378	0.00023	0.00015	0.00014	0.00319	0.00553	0.10930	0.58294	0.03527	0.12196	0.02587	0.09414	0.00319	0.00011	0.00391	0.00675	0.00014
29	0.00256	0.08176	0.21369	0.11220	0.23259	0.00677	0.15463	0.02015	0.05388	0.02196	0.02296	0.01435	0.01268	0.00217	0.00222	4.5e-05	0.02246	0.01337	0.00220	0.00739

[dist]
# distance from previous block
# <min> <max>
4	49

[block]
# block no. 7 follows, 2450 sequences, length 9
# corresponding to MSA columns:
# 1079-1081,1086-1090,1100
name=unknown_H
#
# <colnr> <probs for GDERKNQSTAVLIFYWHMCP>
#	G	D	E	R	K	N	Q	S	T	A	V	L	I	F	Y	W	H	M	C	P
0	0.00741	0.01354	0.02591	0.16027	0.13335	0.06876	0.03186	0.01524	0.08706	0.02770	0.10578	0.07046	0.05170	0.02879	0.10135	0.01033	0.02674	0.01778	0.01014	0.00584
1	0.00021	0.00015	0.00019	0.00020	0.00022	0.00015	0.00015	0.00963	0.00994	0.03326	0.12125	0.30449	0.07617	0.11586	0.26102	0.01522	0.01078	0.03060	0.01039	0.00012
2	0.00019	0.00014	0.00017	0.00017	0.00021	0.00013	0.00013	0.00024	0.01151	0.01755	0.24164	0.13210	0.43728	0.01257	0.10346	0.01885	0.00011	0.01155	0.01185	0.00012
3	0.00020	0.00014	0.00018	0.00019	0.00021	0.00013	0.00014	0.00025	0.01455	0.02006	0.25047	0.42217	0.08558	0.07213	0.00021	5.9e-05	8.7e-05	0.09969	0.03343	0.00012
4	0.05347	0.00025	0.01157	0.00025	0.00035	0.01190	0.00021	0.05565	0.01571	0.77849	0.01306	0.02003	0.01379	0.00018	0.00014	4.4e-05	0.00012	0.00015	0.02440	0.00023
5	0.00832	0.11364	0.21588	0.02874	0.25459	0.01105	0.05524	0.05150	0.05429	0.12625	0.03773	0.00919	0.00029	0.00719	0.00729	4.5e-05	0.00912	0.00013	0.00931	0.00021
6	0.08479	0.21003	0.18882	0.01472	0.08189	0.06702	0.01981	0.05171	0.01748	0.17123	0.01912	0.00945	0.00789	0.00015	0.00013	0.00805	0.00016	0.00011	9.4e-05	0.04736
7	0.00866	0.00015	0.00021	0.09750	0.00915	0.00858	0.00822	0.00831	0.00928	0.01001	0.01058	0.75498	0.00080	0.01422	0.01458	5.9e-05	0.00010	0.03371	0.01077	0.00013
8	0.00030	0.00018	0.00929	0.00962	0.02150	0.00678	0.01193	0.01585	0.02232	0.19693	0.35661	0.24691	0.03175	0.00969	0.00986	0.00725	0.00736	0.02405	0.01166	0.00016

[dist]
# distance from previous block
# <min> <max>
19	91

[block]
# block no. 8 follows, 2450 sequences, length 6
# corresponding to MSA columns:
# 1325-1330
name=unknown_I
#
# <colnr> <probs for GDERKNQSTAVLIFYWHMCP>
#	G	D	E	R	K	N	Q	S	T	A	V	L	I	F	Y	W	H	M	C	P
0	0.01283	0.01532	0.16926	0.15743	0.10356	0.02469	0.07982	0.04814	0.11720	0.04088	0.04842	0.03251	0.03564	0.01299	0.01031	4.9e-05	0.05783	0.01208	0.00985	0.01120
1	0.00023	0.00016	0.00021	0.00021	0.00024	0.00017	0.00016	0.01546	0.01922	0.04142	0.02186	0.10595	0.01735	0.12571	0.54236	0.00016	0.00025	0.01835	0.07506	0.01549
2	0.01276	0.01830	0.19552	0.11877	0.08135	0.04788	0.13862	0.03882	0.07097	0.07643	0.03045	0.02991	0.01181	0.01296	0.02868	0.01340	0.05348	0.01019	0.00952	0.00019
3	0.00033	0.00031	0.00043	0.03755	0.00042	0.02279	0.10858	0.02415	0.02039	0.03125	0.00024	0.00033	0.00021	0.00019	0.00031	4.9e-05	0.52439	0.00012	0.02228	0.20569
4	0.00027	0.00022	0.00026	0.00021	0.00030	0.00017	0.00016	0.02144	0.00031	0.02251	0.04753	0.17824	0.03994	0.00019	0.00013	3.2e-05	9.9e-05	0.02142	0.02137	0.64521
5	0.00021	0.00014	0.00017	0.00018	0.00019	0.00014	0.00012	0.01893	0.02250	0.00034	0.04458	0.23233	0.08130	0.48243	0.04647	0.02525	0.00013	0.04437	0.00011	0.00011

[dist]
# distance from previous block
# <min> <max>
4	45

[block]
# block no. 9 follows, 2450 sequences, length 6
# corresponding to MSA columns:
# 1578-1581,1589,1590
name=unknown_J
#
# <colnr> <probs for GDERKNQSTAVLIFYWHMCP>
#	G	D	E	R	K	N	Q	S	T	A	V	L	I	F	Y	W	H	M	C	P
0	0.04033	0.00024	0.00962	0.04149	0.00966	0.01635	0.01060	0.17813	0.02927	0.01841	0.17135	0.01358	0.04367	0.18482	0.04619	0.04390	0.08897	0.01324	0.04003	0.00015
1	0.00029	0.04152	0.02618	0.08091	0.03715	0.01097	0.07038	0.01341	0.06971	0.02098	0.04411	0.05131	0.05121	0.09423	0.05067	5.7e-05	0.02606	0.01202	9.4e-05	0.29875
2	0.01694	0.00016	0.00019	0.00018	0.00022	0.00015	0.00014	0.02128	0.02751	0.03167	0.38134	0.09529	0.26802	0.06176	0.00020	5.3e-05	8.4e-05	0.05469	0.01599	0.02414
3	0.00021	0.00017	0.01436	0.04145	0.00026	0.00016	0.00016	0.00028	0.06902	0.01482	0.16845	0.28034	0.25632	0.02870	0.07861	6.7e-05	0.01430	0.01770	0.01452	0.00013
4	0.02032	0.05065	0.02094	0.00979	0.00028	0.03898	0.00952	0.02785	0.04148	0.11206	0.05902	0.29056	0.07923	0.05391	0.01138	0.01005	0.03449	0.01467	0.07522	0.03958
5	0.50291	0.06352	0.01956	0.00023	0.00032	0.01889	0.00019	0.04493	0.01891	0.29023	0.02019	0.00036	0.00026	0.00015	0.00011	4.3e-05	0.00012	0.01877	0.00012	0.00019

[dist]
# distance from previous block
# <min> <max>
0	1

[block]
# block no. 10 follows, 2450 sequences, length 8
# corresponding to MSA columns:
# 1592-1599
name=unknown_K
#
# <colnr> <probs for GDERKNQSTAVLIFYWHMCP>
#	G	D	E	R	K	N	Q	S	T	A	V	L	I	F	Y	W	H	M	C	P
0	0.01695	0.57172	0.16593	0.03401	0.03175	0.03434	0.00971	0.02930	0.01897	0.01468	0.00024	0.01067	0.00020	0.00015	0.01026	3.8e-05	0.03979	9.5e-05	6.8e-05	0.01112
1	0.00026	0.00022	0.00029	0.00027	0.00029	0.02356	0.00021	0.02291	0.00024	0.02133	0.00033	0.00052	0.00032	0.16658	0.43648	0.00015	0.32570	0.00015	7.6e-05	0.00013
2	0.00022	0.00015	0.00019	0.00018	0.00022	0.00014	0.00013	0.00028	0.00039	0.04996	0.85728	0.00105	0.08869	0.00029	0.00017	4.5e-05	7e-05	0.00025	0.00015	0.00014
