[name]
unknown

[dist]
# distance from previous block
# <min> <max>
0	60

[block]
# block no. 0 follows, 3419 sequences, length 29
# corresponding to MSA columns:
# 60-85,98-100
name=unknown_A
#
# <colnr> <probs for GDERKNQSTAVLIFYWHMCP>
#	G	D	E	R	K	N	Q	S	T	A	V	L	I	F	Y	W	H	M	C	P
0	0.00017	0.00012	0.00017	0.00019	0.00021	0.00012	0.00016	0.01420	0.00024	0.01502	0.01098	0.00112	0.00058	0.00027	0.00014	4.6e-05	9.3e-05	0.95599	9.4e-05	9.6e-05
1	0.00012	0.00010	0.00011	0.00011	0.00014	8.7e-05	8.1e-05	0.00015	0.00023	0.00028	0.08629	0.07554	0.82607	0.00026	0.00012	3.5e-05	5.2e-05	0.01003	9.6e-05	8.6e-05
2	0.00809	0.00027	0.00057	0.01278	0.00051	0.00025	0.92135	0.01544	0.00381	0.00033	0.00022	0.00886	0.00940	0.00405	0.00012	3.4e-05	0.00490	0.00358	0.00530	0.00014
3	0.00289	0.00022	0.07463	0.01428	0.01642	0.02367	0.30789	0.02506	0.08318	0.01962	0.07367	0.05116	0.01936	0.02190	0.00013	3.7e-05	0.00410	0.20493	7.4e-05	0.05679
4	0.01794	0.00036	0.45289	0.08948	0.00301	0.01065	0.29655	0.00560	0.00419	0.00031	0.00021	0.02729	0.00017	0.03360	0.02209	3.8e-05	0.00480	0.02305	5e-05	0.00773
5	0.00032	0.00025	0.00027	0.00022	0.00029	0.00028	0.00018	0.51401	0.48204	0.00054	0.00033	0.00031	0.00024	0.00013	0.00010	3.2e-05	9.6e-05	0.00010	0.00010	0.00017
6	0.00020	0.00403	0.00897	0.44471	0.04752	0.06211	0.01806	0.00671	0.04793	0.00241	0.03729	0.02823	0.08210	0.02138	0.07080	0.02119	0.00387	0.08988	0.00250	0.00011
7	0.00013	9.1e-05	0.00012	0.00014	0.00015	8.5e-05	9.6e-05	0.00015	0.00020	0.01486	0.02078	0.90510	0.01193	0.00031	0.00013	4e-05	5.9e-05	0.01976	0.02579	8.5e-05
8	0.00491	0.15127	0.11443	0.07923	0.24261	0.19700	0.05211	0.01526	0.05579	0.01466	0.04029	0.00383	0.00443	0.00657	0.00216	3e-05	0.00989	0.00327	0.00212	0.00014
9	0.00016	0.00011	0.00014	0.00013	0.00016	0.00010	9.8e-05	0.00611	0.01283	0.03401	0.91225	0.00587	0.02081	0.00020	0.00012	3.2e-05	5e-05	0.00018	0.00654	9.9e-05
10	0.01722	0.00017	0.00023	0.00018	0.00026	0.00015	0.00015	0.01191	0.01150	0.93338	0.00039	0.00034	0.00025	0.00012	0.00010	3.1e-05	8.6e-05	0.00010	0.02325	0.00017
11	0.00027	0.97736	0.00052	0.00017	0.00026	0.00040	0.00017	0.00030	0.00021	0.00024	0.00014	0.00017	0.00013	8.7e-05	6.5e-05	2.2e-05	0.00011	5.5e-05	0.01919	0.00013
12	0.00038	0.00048	0.00029	0.00026	0.00031	0.99603	0.00020	0.00041	0.00029	0.00025	0.00016	0.00018	0.00013	0.00010	9.1e-05	2.6e-05	0.00018	6.5e-05	5.2e-05	0.00012
13	0.00034	0.00026	0.00028	0.00022	0.00030	0.00029	0.00018	0.63872	0.35730	0.00056	0.00030	0.00029	0.00022	0.00013	0.00010	3.2e-05	0.00010	0.0001	0.00010	0.00017
14	0.99715	0.00020	0.00015	0.00013	0.00020	0.00023	0.00011	0.00030	0.00017	0.00046	0.00014	0.00016	0.00011	9.4e-05	6.3e-05	3.1e-05	7.8e-05	5.5e-05	6.3e-05	0.00011
15	0.02776	0.00017	0.00023	0.00018	0.00025	0.00015	0.00015	0.00048	0.00029	0.93229	0.02098	0.00036	0.01598	0.00013	0.00010	3.1e-05	8.5e-05	0.00010	0.00012	0.00017
16	0.00023	0.00021	0.00036	0.41606	0.55045	0.00023	0.00983	0.00836	0.00022	0.00030	0.00644	0.00027	0.00639	9.7e-05	0.00010	3.2e-05	0.00013	9.2e-05	4.9e-05	0.00014
17	0.00226	0.00034	0.42613	0.18741	0.20292	0.00379	0.02912	0.04494	0.01916	0.00292	0.02247	0.01830	0.01530	0.00251	0.00249	0.00216	0.00352	0.01202	0.00209	0.00014
18	0.00018	0.00011	0.00014	0.00013	0.00016	9.8e-05	9.8e-05	0.00021	0.00026	0.12939	0.43852	0.17892	0.24082	0.00023	0.00012	3.4e-05	5.6e-05	0.00020	0.01024	0.00010
19	0.04795	0.00016	0.02019	0.02815	0.06996	0.00016	0.17245	0.02706	0.01099	0.01826	0.00464	0.28590	0.00044	0.00745	0.00573	4e-05	0.00010	0.29754	0.00275	0.00011
20	0.00018	0.00011	0.00012	0.00011	0.00014	0.00011	8.8e-05	0.00025	0.07367	0.01221	0.15474	0.00840	0.03794	0.00016	0.01466	2.9e-05	5.6e-05	0.04658	0.65034	0.00010
21	0.00012	0.00010	0.00010	0.00010	0.00014	8.6e-05	7.7e-05	0.00015	0.00023	0.00028	0.02801	0.00968	0.93574	0.02458	0.00013	3.6e-05	5.3e-05	0.00021	9.4e-05	8.5e-05
22	0.03375	0.00022	0.00036	0.37406	0.47903	0.01266	0.03641	0.01191	0.00022	0.00031	0.00020	0.03044	0.00016	0.00010	0.00011	3.2e-05	0.01976	9.6e-05	5.1e-05	0.00014
23	0.00015	0.00012	0.00015	0.01570	0.01473	0.02345	0.00010	0.00020	0.00028	0.00555	0.83443	0.01353	0.04471	0.00020	0.00012	3.1e-05	5.5e-05	0.00017	0.01036	0.03595
24	0.00013	0.00010	0.00475	0.01245	0.03562	9.6e-05	0.00011	0.00325	0.00798	0.00027	0.01738	0.82655	0.02260	0.00837	0.00402	4.1e-05	0.00286	0.04069	9.1e-05	0.01265
25	0.95843	0.00020	0.00016	0.00993	0.01382	0.00828	0.00012	0.00752	0.00018	0.00045	0.00014	0.00017	0.00011	9.4e-05	6.4e-05	3.1e-05	8.1e-05	5.6e-05	6.3e-05	0.00011
26	0.89385	0.00020	0.00017	0.01093	0.01562	0.00470	0.03022	0.02752	0.00763	0.00820	0.00015	0.00018	0.00012	9.5e-05	6.7e-05	3.1e-05	8.4e-05	6e-05	6.4e-05	0.00011
27	0.02795	0.00623	0.00028	0.00635	0.01652	0.02153	0.00018	0.70499	0.14236	0.02425	0.00028	0.00028	0.00929	0.00555	0.00600	3.2e-05	0.00446	0.01465	9.7e-05	0.00873
28	0.13697	0.00021	0.00374	0.14702	0.28956	0.04278	0.00644	0.02262	0.07053	0.01529	0.03584	0.03227	0.00647	0.00614	0.03872	0.00535	0.13306	0.00477	0.00208	0.00013

[dist]
# distance from previous block
# <min> <max>
0	5

[block]
# block no. 1 follows, 3419 sequences, length 12
# corresponding to MSA columns:
# 106-117
name=unknown_B
#
# <colnr> <probs for GDERKNQSTAVLIFYWHMCP>
#	G	D	E	R	K	N	Q	S	T	A	V	L	I	F	Y	W	H	M	C	P
0	0.00021	0.01345	0.00032	0.60350	0.25185	0.00578	0.00732	0.00848	0.00654	0.01328	0.00021	0.01130	0.00958	0.00554	0.00604	3.4e-05	0.00633	0.03002	0.00539	0.01482
1	0.00017	0.00014	0.01485	0.00880	0.01210	0.00795	0.01708	0.03105	0.09397	0.00710	0.02790	0.00044	0.02181	0.11668	0.61087	0.00900	0.00641	0.00762	0.00596	0.0001
2	0.10555	0.00018	0.00023	0.00018	0.00025	0.00016	0.00015	0.03059	0.02367	0.83740	0.00037	0.00032	0.00024	0.00012	9.8e-05	3.1e-05	8.6e-05	9.7e-05	0.00012	0.00017
3	0.27302	0.00640	0.00665	0.04072	0.05617	0.20814	0.00935	0.20283	0.07888	0.02313	0.00579	0.00551	0.00017	0.01092	0.01279	3.3e-05	0.05092	8e-05	0.00837	0.00013
4	0.00013	0.00010	0.00012	0.00012	0.00014	8.9e-05	8.6e-05	0.00016	0.00025	0.00032	0.35066	0.14810	0.49887	0.00025	0.00012	3.4e-05	5.1e-05	0.00021	0.00010	8.9e-05
5	0.93431	0.00020	0.00016	0.00014	0.00020	0.00023	0.00011	0.02869	0.00019	0.03483	0.00015	0.00017	0.00012	9.6e-05	6.5e-05	3.1e-05	8e-05	5.8e-05	6.6e-05	0.00011
6	0.00027	0.93455	0.02886	0.00018	0.00027	0.00039	0.00018	0.03386	0.00022	0.00025	0.00015	0.00017	0.00013	8.8e-05	6.7e-05	2.2e-05	0.00011	5.6e-05	4.5e-05	0.00013
7	0.00015	0.00012	0.01970	0.01076	0.02370	0.00011	0.01444	0.00999	0.04052	0.00035	0.48113	0.02815	0.35703	0.00022	0.00012	3.3e-05	5.8e-05	0.01322	0.0001	9.8e-05
8	0.00013	0.00010	0.00011	0.00011	0.00014	8.8e-05	8e-05	0.00015	0.00024	0.00030	0.18181	0.00093	0.78541	0.02980	0.00013	3.6e-05	5.2e-05	0.00021	9.6e-05	8.7e-05
9	0.00017	0.00013	0.00018	0.01215	0.14877	0.00013	0.00014	0.00023	0.07708	0.00038	0.60331	0.01284	0.08564	0.00019	0.00012	3.3e-05	6.5e-05	0.05823	9.8e-05	0.00011
10	0.03868	0.00013	0.00016	0.00014	0.00018	0.00012	0.00011	0.00030	0.00026	0.32370	0.36262	0.01466	0.06921	0.00016	0.00010	3e-05	6.2e-05	0.00014	0.18910	0.00012
11	0.01236	0.00024	0.00026	0.00021	0.00028	0.01702	0.00017	0.41083	0.30908	0.20276	0.01960	0.00031	0.00024	0.00013	0.00011	3.2e-05	0.02598	0.00010	0.00010	0.00016

[dist]
# distance from previous block
# <min> <max>
0	17

[block]
# block no. 2 follows, 3419 sequences, length 8
# corresponding to MSA columns:
# 135-142
name=unknown_C
#
# <colnr> <probs for GDERKNQSTAVLIFYWHMCP>
#	G	D	E	R	K	N	Q	S	T	A	V	L	I	F	Y	W	H	M	C	P
0	0.00014	0.00010	0.00013	0.00012	0.00015	9.3e-05	9.2e-05	0.00018	0.00027	0.00038	0.75450	0.03360	0.17820	0.00022	0.00012	3.2e-05	4.9e-05	0.00019	0.03134	9.3e-05
1	0.01464	0.00024	0.01466	0.05957	0.74328	0.01607	0.08191	0.00032	0.03684	0.00033	0.00021	0.00027	0.01517	9.7e-05	0.00011	3.1e-05	0.01595	9.4e-05	5.3e-05	0.00015
2	0.01011	0.26689	0.29926	0.01015	0.05335	0.10798	0.05571	0.13271	0.01216	0.01491	0.01405	0.00023	0.01134	0.00010	9.3e-05	2.9e-05	0.01067	7.8e-05	5.6e-05	0.00014
3	0.00037	0.00016	0.00021	0.00017	0.00023	0.00015	0.00014	0.05490	0.02487	0.66463	0.13589	0.02763	0.07115	0.00015	0.00011	3.2e-05	7.8e-05	0.00013	0.01887	0.00015
4	0.00021	0.01160	0.03700	0.00017	0.00022	0.01116	0.05203	0.08364	0.15133	0.10346	0.03865	0.09632	0.36874	0.00020	0.00012	3.4e-05	0.01421	0.03070	9.4e-05	0.00012
5	0.00023	0.00019	0.00022	0.00016	0.00025	0.00015	0.00013	0.04901	0.05654	0.03502	0.00020	0.00023	0.00016	8.3e-05	7.9e-05	1.7e-05	7.8e-05	6.6e-05	6.7e-05	0.85713
6	0.24923	0.06496	0.02830	0.11693	0.05259	0.13175	0.01207	0.19555	0.06168	0.04938	0.00021	0.01065	0.00016	0.00011	9.5e-05	3.1e-05	0.02603	8e-05	7e-05	0.00013
7	0.47885	0.00021	0.00020	0.00017	0.00023	0.00023	0.01406	0.25661	0.01920	0.11764	0.00023	0.00026	0.00017	0.02432	0.02286	3.6e-05	9.3e-05	0.02080	0.04369	0.00013

[dist]
# distance from previous block
# <min> <max>
2	10

[block]
# block no. 3 follows, 3419 sequences, length 36
# corresponding to MSA columns:
# 154-189
name=unknown_D
#
# <colnr> <probs for GDERKNQSTAVLIFYWHMCP>
#	G	D	E	R	K	N	Q	S	T	A	V	L	I	F	Y	W	H	M	C	P
0	0.00025	0.00024	0.00486	0.00578	0.93320	0.00355	0.00379	0.00608	0.00023	0.01508	0.00019	0.00025	0.00016	9.3e-05	0.00011	3e-05	0.02248	9e-05	5.1e-05	0.00347
1	0.00025	0.00026	0.04063	0.02626	0.85593	0.03067	0.00341	0.00838	0.00023	0.01591	0.00019	0.00025	0.00016	0.01086	0.00011	3.1e-05	0.00306	9e-05	0.00316	0.00016
2	0.91136	0.00020	0.00017	0.00453	0.03634	0.00484	0.00012	0.03045	0.00019	0.00581	0.00015	0.00017	0.00011	9.6e-05	6.7e-05	3.1e-05	0.00515	5.8e-05	6.4e-05	0.00011
3	0.00027	0.49778	0.18528	0.00025	0.03970	0.00286	0.13938	0.02375	0.01966	0.06998	0.00377	0.01099	0.00288	9.7e-05	8.5e-05	2.7e-05	0.00012	0.00292	5.4e-05	0.00014
4	0.00014	0.00010	0.00013	0.00013	0.00015	9.6e-05	9.5e-05	0.00019	0.00649	0.00040	0.90207	0.00662	0.07250	0.00021	0.00012	3.2e-05	4.9e-05	0.01026	0.00011	9.5e-05
5	0.00018	0.00013	0.01238	0.01143	0.01002	0.00013	0.02883	0.05521	0.01419	0.02886	0.49084	0.08756	0.01344	0.00680	0.10951	0.00559	0.02917	0.06572	0.02989	0.00010
6	0.00025	0.01033	0.00038	0.16028	0.67395	0.08593	0.01058	0.01407	0.02456	0.00032	0.00019	0.00025	0.00016	0.00443	0.00298	3.1e-05	0.00765	8.9e-05	5.2e-05	0.00353
7	0.02455	0.00017	0.00023	0.00018	0.00025	0.00015	0.00015	0.00048	0.01104	0.92943	0.00806	0.00035	0.00025	0.00013	0.00010	3.1e-05	8.5e-05	0.00010	0.02409	0.00017
8	0.00014	0.00010	0.00013	0.00013	0.00015	9.5e-05	9.6e-05	0.00019	0.00028	0.00039	0.90882	0.05242	0.02901	0.00022	0.00012	3.3e-05	4.9e-05	0.00741	0.00011	9.5e-05
9	0.00013	0.00010	0.00012	0.00012	0.00015	9.1e-05	8.8e-05	0.00017	0.00026	0.00035	0.54936	0.01172	0.43652	0.00023	0.00012	3.3e-05	5e-05	0.00020	0.00010	9.1e-05
10	0.00015	0.00010	0.00014	0.00013	0.00015	9.6e-05	9.5e-05	0.00019	0.00028	0.01017	0.94537	0.00076	0.04156	0.00021	0.00012	3.2e-05	4.8e-05	0.00018	0.00011	9.6e-05
11	0.00019	0.00018	0.00030	0.99619	0.00070	0.00023	0.00028	0.00026	0.00020	0.00026	0.00018	0.00027	0.00014	0.00010	0.00010	3.4e-05	0.00014	9e-05	4.5e-05	0.00011
12	0.00026	0.00021	0.00023	0.00020	0.00026	0.00024	0.00499	0.05664	0.85546	0.01719	0.04081	0.00478	0.00662	0.00014	0.00010	3.4e-05	8.1e-05	0.00347	0.00811	0.00016
13	0.00027	0.00021	0.00032	0.13352	0.48299	0.00570	0.00365	0.03092	0.04837	0.18519	0.09643	0.00033	0.00346	0.00011	0.00010	3.1e-05	0.00529	0.00010	0.00286	0.00015
14	0.00026	0.00629	0.00037	0.06978	0.65366	0.02426	0.01569	0.08383	0.02130	0.02379	0.00021	0.00027	0.00017	0.01001	0.04307	3.7e-05	0.03014	9.2e-05	0.01663	0.00015
15	0.37278	0.05816	0.39326	0.01331	0.00986	0.01498	0.00974	0.03419	0.02035	0.01578	0.00328	0.00020	0.00013	0.00010	0.00957	3.2e-05	0.00338	6.9e-05	5.6e-05	0.04078
16	0.00181	0.00013	0.00186	0.03085	0.01370	0.00504	0.01316	0.00616	0.07517	0.06374	0.32338	0.07464	0.31958	0.00365	0.03269	0.00213	0.01114	0.01467	0.00642	0.00010
17	0.02477	0.00196	0.00032	0.71102	0.06268	0.00552	0.05969	0.01379	0.02167	0.02214	0.01492	0.01115	0.00221	0.00589	0.00209	3.4e-05	0.03550	0.00225	5.2e-05	0.00233
18	0.00019	0.00018	0.00030	0.99619	0.00070	0.00023	0.00028	0.00026	0.00020	0.00026	0.00018	0.00027	0.00014	0.00010	0.00010	3.4e-05	0.00014	9e-05	4.5e-05	0.00011
19	0.01581	0.04852	0.07329	0.01389	0.19826	0.03713	0.04079	0.06813	0.02339	0.13697	0.01474	0.00480	0.00354	0.00010	0.00189	2.6e-05	0.00948	0.00637	6.9e-05	0.30280
20	0.00028	0.85984	0.00854	0.00018	0.00027	0.09082	0.00018	0.02107	0.01758	0.00025	0.00015	0.00017	0.00013	9e-05	6.9e-05	2.3e-05	0.00012	5.7e-05	4.6e-05	0.00013
21	0.96676	0.01495	0.00016	0.00013	0.00020	0.00023	0.00011	0.00742	0.00018	0.00045	0.00014	0.00017	0.00011	0.0001	0.00855	3.2e-05	8.1e-05	5.6e-05	6.3e-05	0.00011
22	0.00324	0.00028	0.00360	0.00023	0.00031	0.02200	0.00426	0.81578	0.11670	0.00895	0.00438	0.01035	0.00020	0.00278	0.00010	3.1e-05	0.00011	0.00644	0.00010	0.00017
23	0.00017	0.00013	0.00017	0.00369	0.01226	0.01460	0.00415	0.03965	0.05185	0.02845	0.11499	0.12825	0.02034	0.01000	0.51794	0.00651	0.02808	0.01479	0.00388	0.00010
24	0.00012	0.00010	0.00011	0.00011	0.00014	8.7e-05	8e-05	0.00015	0.00024	0.00029	0.12727	0.04810	0.82234	0.00025	0.00012	3.4e-05	5.1e-05	0.00021	9.6e-05	8.7e-05
25	0.00437	0.00020	0.00034	0.60695	0.30331	0.00539	0.00838	0.03921	0.00443	0.02055	0.00019	0.00027	0.00015	9.9e-05	0.00010	3.2e-05	0.00013	9.1e-05	0.00569	0.00013
26	0.00015	9.9e-05	0.00011	0.00011	0.00011	9.9e-05	6.3e-05	0.00015	0.00015	0.01455	0.00032	0.00066	0.00037	0.98207	0.00051	9.7e-05	9.8e-05	0.00015	6.2e-05	6.3e-05
27	0.00774	0.94761	0.00860	0.00018	0.00026	0.00450	0.00018	0.01966	0.00021	0.00025	0.00014	0.00017	0.00013	9.2e-05	0.00514	2.3e-05	0.00488	5.6e-05	4.5e-05	0.00013
28	0.09871	0.33613	0.31321	0.04167	0.04444	0.02875	0.01428	0.05553	0.04909	0.00315	0.00328	0.00021	0.00014	9.8e-05	8.6e-05	2.9e-05	0.01093	7.1e-05	5.2e-05	0.00014
29	0.00991	0.00048	0.00029	0.00026	0.00031	0.97615	0.00020	0.01075	0.00029	0.00025	0.00016	0.00018	0.00013	0.00010	9.1e-05	2.6e-05	0.00018	6.6e-05	5.3e-05	0.00012
30	0.00045	0.01465	0.00025	0.00019	0.00026	0.00017	0.00015	0.09329	0.00031	0.88860	0.00038	0.00033	0.00024	0.00012	0.00010	3.1e-05	8.9e-05	0.00010	0.00012	0.00017
31	0.01562	0.00015	0.00019	0.00015	0.00021	0.00013	0.00012	0.00039	0.00027	0.61747	0.11880	0.01241	0.00776	0.00014	9.7e-05	3e-05	7.2e-05	0.00475	0.22109	0.00014
32	0.00015	0.00011	0.00014	0.00013	0.00015	9.7e-05	9.7e-05	0.00020	0.00029	0.02275	0.95582	0.00075	0.01139	0.00021	0.00012	3.2e-05	4.9e-05	0.00018	0.00725	9.7e-05
33	0.00012	9.6e-05	0.00011	0.00012	0.00014	8.5e-05	8.7e-05	0.00015	0.00022	0.00027	0.05173	0.47041	0.46424	0.00028	0.00012	3.8e-05	5.5e-05	0.01154	9.5e-05	8.5e-05
34	0.00012	9.6e-05	0.00011	0.00012	0.00014	8.5e-05	8.7e-05	0.00015	0.00022	0.00028	0.09414	0.44873	0.45478	0.00028	0.00012	3.7e-05	5.4e-05	0.00024	9.6e-05	8.5e-05
35	0.02204	0.18450	0.00036	0.05944	0.21250	0.46886	0.00413	0.01522	0.01625	0.00843	0.00017	0.00021	0.00014	0.0001	9e-05	2.7e-05	0.00397	0.00339	5.2e-05	0.00013

[dist]
# distance from previous block
# <min> <max>
3	5

[block]
# block no. 4 follows, 3419 sequences, length 15
# corresponding to MSA columns:
# 196-210
name=unknown_E
#
# <colnr> <probs for GDERKNQSTAVLIFYWHMCP>
#	G	D	E	R	K	N	Q	S	T	A	V	L	I	F	Y	W	H	M	C	P
0	0.01522	0.06908	0.46488	0.00027	0.00038	0.13243	0.08298	0.07578	0.09522	0.04802	0.00022	0.00737	0.00016	0.00011	9.7e-05	3.1e-05	0.00014	0.00741	6e-05	0.00015
1	0.00020	0.00017	0.00020	0.00015	0.00023	0.00013	0.00012	0.00025	0.00021	0.01194	0.01494	0.04575	0.03195	0.00011	8.5e-05	2e-05	7.5e-05	0.07406	6.7e-05	0.81935
2	0.00017	0.00015	0.00023	0.42592	0.10480	0.00017	0.00938	0.00649	0.00771	0.00683	0.10594	0.05735	0.25509	0.01055	0.00011	3.5e-05	9.7e-05	0.00877	7e-05	0.00011
3	0.94101	0.00019	0.00015	0.00014	0.00020	0.00022	0.00011	0.00031	0.00018	0.05652	0.00016	0.00017	0.00012	9.6e-05	6.5e-05	3.1e-05	7.9e-05	5.8e-05	6.6e-05	0.00011
4	0.00026	0.00022	0.00024	0.01733	0.02602	0.00025	0.00017	0.05366	0.89963	0.00043	0.00039	0.00037	0.00030	0.00013	0.00010	3.4e-05	8.4e-05	0.00011	0.00010	0.00016
5	0.00019	0.00018	0.00030	0.96264	0.00068	0.00022	0.00027	0.00026	0.00020	0.00026	0.00019	0.00027	0.00014	0.00010	0.00010	3.3e-05	0.00013	9e-05	0.03362	0.00011
6	0.00013	0.00010	0.00011	0.00011	0.00014	8.8e-05	8.1e-05	0.00016	0.00024	0.00030	0.21589	0.00093	0.78088	0.00025	0.00012	3.4e-05	5.1e-05	0.00021	9.8e-05	8.8e-05
7	0.00015	0.00010	0.00012	0.00011	0.00012	0.00010	6.6e-05	0.02260	0.00016	0.00021	0.00033	0.04411	0.00038	0.93049	0.00049	9.4e-05	9.7e-05	0.00015	6.4e-05	6.5e-05
8	0.99715	0.00020	0.00015	0.00013	0.00020	0.00023	0.00011	0.00030	0.00017	0.00046	0.00014	0.00016	0.00011	9.4e-05	6.3e-05	3.1e-05	7.8e-05	5.5e-05	6.3e-05	0.00011
9	0.00022	0.00018	0.00021	0.00015	0.00024	0.00014	0.00012	0.03038	0.00022	0.02481	0.00019	0.00021	0.00015	7.8e-05	7.7e-05	1.6e-05	7.7e-05	6.2e-05	6.3e-05	0.94238
10	0.00014	0.00010	0.00013	0.00013	0.00015	9.5e-05	9.5e-05	0.00019	0.00028	0.00040	0.93238	0.00077	0.06433	0.00021	0.00012	3.2e-05	4.8e-05	0.00019	0.00011	9.5e-05
11	0.06175	0.00018	0.00023	0.00018	0.00025	0.00018	0.00015	0.04012	0.19209	0.61460	0.02423	0.00034	0.00026	0.00013	9.8e-05	3.1e-05	8.3e-05	0.00010	0.02090	0.04410
12	0.00019	0.00018	0.00031	0.96104	0.03583	0.00023	0.00028	0.00026	0.00020	0.00026	0.00018	0.00027	0.00014	0.00010	0.00010	3.4e-05	0.00013	9e-05	4.5e-05	0.00011
13	0.00021	0.03437	0.96209	0.00029	0.00043	0.00024	0.00037	0.00032	0.00021	0.00032	0.00018	0.00021	0.00013	9.6e-05	9.5e-05	3.2e-05	0.00015	7.4e-05	4.3e-05	0.00015
14	0.00013	9.3e-05	0.00012	0.00014	0.00015	8.7e-05	9.7e-05	0.00016	0.01191	0.02296	0.05820	0.86109	0.03270	0.00030	0.00013	4e-05	5.9e-05	0.01146	9.6e-05	8.6e-05

[dist]
# distance from previous block
# <min> <max>
3	6

[block]
# block no. 5 follows, 3419 sequences, length 12
# corresponding to MSA columns:
# 218-224,229-233
name=unknown_F
#
# <colnr> <probs for GDERKNQSTAVLIFYWHMCP>
#	G	D	E	R	K	N	Q	S	T	A	V	L	I	F	Y	W	H	M	C	P
0	0.00016	0.00013	0.00016	0.00015	0.00016	0.04194	0.04595	0.00018	0.00016	0.00022	0.00030	0.01137	0.00032	0.61086	0.23459	0.00010	0.03151	0.01058	0.01109	7.7e-05
1	0.00681	0.00016	0.00018	0.00019	0.00668	0.07670	0.01007	0.01427	0.09430	0.02338	0.08123	0.05495	0.01192	0.00024	0.00698	4.2e-05	9.5e-05	0.60289	9.2e-05	0.00883
2	0.00025	0.00024	0.00039	0.11091	0.82959	0.00024	0.00030	0.05624	0.00024	0.00034	0.00019	0.00025	0.00016	9.3e-05	0.00010	3.1e-05	0.00012	9e-05	5.3e-05	0.00016
3	0.00012	0.00010	0.00010	0.00011	0.00014	8.6e-05	7.8e-05	0.00015	0.00023	0.00028	0.04956	0.02889	0.91929	0.00026	0.00012	3.4e-05	5.1e-05	0.00021	9.5e-05	8.6e-05
4	0.00017	0.00012	0.00014	0.00013	0.00017	0.00011	0.00010	0.02226	0.04520	0.07571	0.45896	0.13711	0.22422	0.00022	0.00012	3.4e-05	5.7e-05	0.02377	0.01128	0.00010
5	0.00038	0.00029	0.00030	0.00023	0.00031	0.03712	0.00019	0.92742	0.03174	0.00062	0.00025	0.00025	0.00018	0.00012	0.00010	3e-05	0.00011	9.1e-05	0.0001	0.00017
6	0.00013	9e-05	0.00012	0.00014	0.00015	8.5e-05	9.9e-05	0.00015	0.00020	0.00026	0.00056	0.92401	0.00066	0.00032	0.00013	4.2e-05	6.1e-05	0.07262	9.4e-05	8.3e-05
7	0.00045	0.00018	0.00024	0.00018	0.00026	0.00016	0.00015	0.04202	0.00030	0.95433	0.00039	0.00034	0.00025	0.00013	0.00010	3.1e-05	8.7e-05	0.00010	0.00012	0.00017
8	0.00021	0.00019	0.02603	0.00017	0.00889	0.00872	0.01855	0.01502	0.00791	0.00839	0.00904	0.00857	0.01004	8.4e-05	7.9e-05	1.7e-05	8e-05	0.00706	6.2e-05	0.87086
9	0.00020	0.02840	0.91206	0.00028	0.00042	0.00023	0.00035	0.00031	0.00022	0.00032	0.05614	0.00024	0.00018	0.00010	9.7e-05	3.2e-05	0.00014	8e-05	4.7e-05	0.00015
10	0.00015	0.00011	0.00014	0.00013	0.00016	0.00011	0.00010	0.02927	0.03060	0.00041	0.93637	0.00073	0.00091	0.00020	0.00012	3.2e-05	5.1e-05	0.00018	0.00011	0.0001
11	0.00013	9.1e-05	0.00012	0.00013	0.00014	8.4e-05	9.1e-05	0.00014	0.00020	0.00026	0.04498	0.76068	0.14468	0.01714	0.00014	0.03047	5.9e-05	0.00026	9.3e-05	8.2e-05

[dist]
# distance from previous block
# <min> <max>
0	0

# created by:
# /home/cegg/simao/soft/augustus-3.2.1/scripts/msa2prfl.pl ./align_prep/POG091H00C5.fa
