[name]
unknown

[dist]
# distance from previous block
# <min> <max>
0	87

[block]
# block no. 0 follows, 3319 sequences, length 11
# corresponding to MSA columns:
# 430-440
name=unknown_A
#
# <colnr> <probs for GDERKNQSTAVLIFYWHMCP>
#	G	D	E	R	K	N	Q	S	T	A	V	L	I	F	Y	W	H	M	C	P
0	0.01672	0.00560	0.01184	0.45916	0.21867	0.02042	0.03588	0.03880	0.03266	0.01037	0.01540	0.02943	0.00857	0.02249	0.00766	3.6e-05	0.01025	0.02590	5.8e-05	0.03007
1	0.02003	0.00709	0.01713	0.33874	0.34679	0.03329	0.01931	0.02877	0.01462	0.05776	0.04749	0.00712	0.00840	0.00011	0.00010	3.2e-05	0.00012	9.8e-05	6.1e-05	0.05293
2	0.00025	0.03658	0.00830	0.21315	0.59242	0.00864	0.02183	0.04690	0.01970	0.01201	0.00021	0.02133	0.00018	0.00011	0.00011	3.2e-05	0.00806	0.00998	5.6e-05	0.00015
3	0.01928	0.01520	0.00823	0.10810	0.16672	0.01297	0.02905	0.02230	0.03936	0.02450	0.24647	0.04809	0.01847	0.07391	0.11031	5.3e-05	0.00680	0.00540	7.7e-05	0.04470
4	0.00025	0.06006	0.01853	0.02517	0.05059	0.14228	0.00013	0.05924	0.00025	0.02558	0.02708	0.00035	0.01559	0.00013	0.02116	2.9e-05	9e-05	9.5e-05	0.55328	0.00011
5	0.02648	0.01820	0.02020	0.21098	0.10507	0.01408	0.04975	0.03845	0.00807	0.02865	0.02896	0.07564	0.00732	0.03587	0.04628	0.01658	0.00773	0.00831	6.4e-05	0.25332
6	0.01344	0.01462	0.00016	0.02138	0.02244	0.01517	0.03542	0.01847	0.01488	0.00026	0.04471	0.19577	0.09843	0.44677	0.03799	0.00671	9.8e-05	0.00732	0.00587	8.5e-05
7	0.00742	0.08287	0.03093	0.01094	0.11874	0.01185	0.04217	0.11549	0.12933	0.06995	0.05892	0.01471	0.00689	0.01618	0.00010	3.1e-05	0.00731	0.00011	0.24966	0.02640
8	0.05847	0.01658	0.10202	0.04968	0.17051	0.01299	0.01883	0.05870	0.02522	0.24919	0.09244	0.02147	0.00838	0.01178	0.02755	3.6e-05	0.00656	0.00774	8.4e-05	0.06175
9	0.05433	0.13745	0.10672	0.02795	0.06007	0.13876	0.03989	0.07514	0.01626	0.13337	0.00839	0.07437	0.00024	0.02883	0.02061	3.6e-05	0.00674	0.03956	7.2e-05	0.03120
10	0.34610	0.06024	0.03298	0.01512	0.22588	0.12225	0.05388	0.01078	0.01120	0.01530	0.01466	0.00023	0.00016	0.00012	0.02063	3.4e-05	0.05961	7.8e-05	5.9e-05	0.01069

[dist]
# distance from previous block
# <min> <max>
0	8

[block]
# block no. 1 follows, 3319 sequences, length 6
# corresponding to MSA columns:
# 451-455,457
name=unknown_B
#
# <colnr> <probs for GDERKNQSTAVLIFYWHMCP>
#	G	D	E	R	K	N	Q	S	T	A	V	L	I	F	Y	W	H	M	C	P
0	0.01556	0.02538	0.15662	0.01679	0.05714	0.02669	0.04680	0.02504	0.02885	0.05371	0.05595	0.03121	0.04929	0.10204	0.07796	0.00847	0.08300	0.00845	0.00846	0.12260
1	0.00015	0.00011	0.00012	0.00012	0.00015	9.9e-05	9e-05	0.00018	0.02873	0.02339	0.16750	0.05817	0.60081	0.04594	0.00014	3.8e-05	5.8e-05	0.02157	0.01871	0.03390
2	0.02113	0.77607	0.00049	0.04178	0.04184	0.03757	0.00019	0.03425	0.02214	0.00028	0.00016	0.00019	0.00014	9.3e-05	7.3e-05	2.4e-05	0.00011	6.2e-05	5e-05	0.02336
3	0.00015	0.00011	0.00017	0.00017	0.00018	0.00013	0.00013	0.00018	0.00016	0.00024	0.00027	0.00042	0.00026	0.08853	0.82080	0.04541	0.04242	0.00011	5.6e-05	8.9e-05
4	0.00025	0.00023	0.00039	0.08847	0.78235	0.00024	0.00030	0.00033	0.08333	0.00034	0.00022	0.00028	0.00018	0.00013	0.04249	3.8e-05	0.00013	9.6e-05	5.6e-05	0.00016
5	0.00028	0.69981	0.03815	0.03599	0.01423	0.08689	0.03677	0.01541	0.01410	0.01423	0.00017	0.01450	0.00015	9.9e-05	8.1e-05	2.5e-05	0.01494	6.9e-05	0.01397	0.00013

[dist]
# distance from previous block
# <min> <max>
2	5

[block]
# block no. 2 follows, 3319 sequences, length 46
# corresponding to MSA columns:
# 465-510
name=unknown_C
#
# <colnr> <probs for GDERKNQSTAVLIFYWHMCP>
#	G	D	E	R	K	N	Q	S	T	A	V	L	I	F	Y	W	H	M	C	P
0	0.00177	0.00647	0.01407	0.03117	0.06923	0.00655	0.00895	0.01660	0.19231	0.01042	0.02776	0.42066	0.04368	0.08712	0.00858	0.00590	8.3e-05	0.04706	9e-05	0.00152
1	0.00013	9.3e-05	0.00012	0.00014	0.00015	8.6e-05	9.7e-05	0.00015	0.00020	0.00719	0.00502	0.91917	0.04939	0.00371	0.00445	4.3e-05	6.2e-05	0.00960	9.7e-05	8.6e-05
2	0.00960	0.00240	0.02176	0.29534	0.44314	0.00967	0.05033	0.06978	0.01321	0.01057	0.00480	0.02469	0.02102	0.00199	0.00606	3.4e-05	0.00319	0.01221	5.8e-05	0.00014
3	0.01733	0.07286	0.02182	0.24734	0.32353	0.07925	0.05774	0.02554	0.01650	0.02383	0.00933	0.01722	0.00183	0.00830	0.03416	3.7e-05	0.03461	0.00205	5.6e-05	0.00666
4	0.00016	0.00012	0.00014	0.00014	0.00356	0.00523	9.2e-05	0.03239	0.01650	0.00545	0.00033	0.04228	0.00035	0.60988	0.25972	0.00011	0.00383	0.01090	0.00874	7.9e-05
5	0.00014	0.00011	0.00012	0.00013	0.00015	9.7e-05	9.5e-05	0.00018	0.03335	0.00032	0.21558	0.19509	0.48546	0.00026	0.00013	3.7e-05	5.7e-05	0.05577	0.01284	9.3e-05
6	0.01753	0.01302	0.00029	0.00520	0.01069	0.14457	0.01055	0.44220	0.32127	0.02086	0.00030	0.00219	0.00354	0.00013	0.00010	3.2e-05	0.00011	0.00715	9.5e-05	0.00016
7	0.01686	0.18127	0.63899	0.03251	0.00040	0.03319	0.00830	0.02283	0.00319	0.02600	0.00273	0.00245	0.00014	0.00010	9.4e-05	3.1e-05	0.00377	0.00464	5e-05	0.02246
8	0.01647	0.00024	0.01219	0.52430	0.04054	0.09408	0.10434	0.05225	0.06010	0.00866	0.02497	0.00030	0.00927	0.00635	0.02553	3.8e-05	0.01594	9.9e-05	0.00422	0.00013
9	0.85606	0.00020	0.00342	0.00014	0.00021	0.01306	0.00012	0.01837	0.00019	0.03378	0.00017	0.00978	0.00014	0.01980	0.03514	3.9e-05	0.00664	6.6e-05	0.00255	0.00011
10	0.00025	0.00025	0.00042	0.08230	0.86772	0.00651	0.02873	0.00663	0.00024	0.00034	0.00020	0.00027	0.00017	9.5e-05	0.00010	3.2e-05	0.00013	0.00541	5.2e-05	0.00016
11	0.00013	0.00011	0.00011	0.00011	0.00014	8.9e-05	8.3e-05	0.00015	0.00024	0.00029	0.03535	0.03200	0.90091	0.00027	0.00012	3.6e-05	5.4e-05	0.02962	9.8e-05	8.9e-05
12	0.00016	0.00013	0.00896	0.09249	0.04460	0.00219	0.01157	0.00755	0.02120	0.01238	0.16917	0.39032	0.14460	0.01639	0.00013	3.9e-05	7.5e-05	0.07787	9.2e-05	0.0001
13	0.01608	0.00417	0.00023	0.00266	0.00026	0.00422	0.00014	0.12381	0.00025	0.05096	0.00021	0.00024	0.01091	8.9e-05	8.4e-05	1.9e-05	0.00724	7e-05	7.1e-05	0.77829
14	0.00026	0.00021	0.00031	0.65902	0.03602	0.00025	0.00693	0.18801	0.00325	0.07327	0.00022	0.00326	0.00016	0.00011	0.00011	3.4e-05	0.02280	9.5e-05	0.00250	0.00318
15	0.00439	0.00019	0.00032	0.88961	0.05585	0.00023	0.00418	0.01203	0.00258	0.00810	0.01123	0.00028	0.00015	0.00011	0.00011	3.5e-05	0.00641	9.4e-05	0.00399	0.00012
16	0.00015	0.00012	0.00015	0.03417	0.02414	0.00445	0.02166	0.00927	0.01538	0.03089	0.22007	0.14656	0.47073	0.00025	0.01031	3.7e-05	6.6e-05	0.01139	9.8e-05	9.9e-05
17	0.00028	0.00024	0.00025	0.00714	0.00028	0.01485	0.00017	0.13291	0.82921	0.00389	0.00417	0.00037	0.00030	0.00014	0.00530	3.5e-05	9e-05	0.00011	0.00010	0.00017
18	0.88455	0.00327	0.00017	0.01474	0.00623	0.02481	0.00012	0.00451	0.00019	0.04264	0.00016	0.00019	0.00012	0.00876	0.00344	3.3e-05	0.00581	6.1e-05	6.7e-05	0.00012
19	0.00025	0.00023	0.00021	0.00020	0.00024	0.18061	0.00015	0.00924	0.44519	0.03617	0.14261	0.16171	0.00663	0.00018	0.00011	3.4e-05	9.3e-05	0.00015	0.01587	0.00013
20	0.00627	0.00229	0.00758	0.04626	0.07071	0.01255	0.00395	0.32626	0.10808	0.00298	0.00030	0.00662	0.00023	0.00013	0.00186	3e-05	0.00390	0.00677	0.39111	0.00212
21	0.00490	0.00019	0.00189	0.01189	0.05593	0.00678	0.02107	0.07050	0.02802	0.63522	0.03464	0.06521	0.00029	0.00183	0.00011	3.2e-05	0.00969	0.00236	0.00332	0.04613
22	0.01216	0.00023	0.00504	0.16650	0.59326	0.00623	0.08328	0.00980	0.00781	0.02514	0.00788	0.01072	0.01344	0.00587	0.01000	3.5e-05	0.02708	0.01008	0.00280	0.00264
23	0.00022	0.00881	0.01489	0.00539	0.09567	0.04857	0.11238	0.01045	0.00019	0.00523	0.00895	0.00218	0.00391	0.05896	0.23371	0.02303	0.35725	0.00625	0.00385	0.00011
24	0.00025	0.00028	0.00061	0.00044	0.00054	0.00026	0.98429	0.00033	0.00025	0.00033	0.00021	0.00028	0.00016	8.9e-05	0.00013	3.5e-05	0.01119	0.00012	5.3e-05	0.00014
25	0.00700	0.01100	0.04182	0.85766	0.02020	0.01587	0.00029	0.00364	0.00616	0.00654	0.00275	0.00027	0.00014	0.00011	0.00011	3.5e-05	0.02614	9.2e-05	4.8e-05	0.00012
26	0.00397	0.04023	0.12444	0.09182	0.21610	0.00253	0.27395	0.01074	0.00384	0.06928	0.01840	0.03484	0.01896	0.00013	0.00011	3.5e-05	0.00689	0.08123	6.4e-05	0.00244
27	0.00014	0.00010	0.00013	0.00014	0.00016	9.3e-05	9.9e-05	0.00656	0.00394	0.00664	0.31522	0.54147	0.09939	0.00028	0.00013	3.9e-05	5.8e-05	0.02522	0.00010	9.1e-05
28	0.00851	0.02080	0.04107	0.02817	0.00998	0.03270	0.00261	0.09631	0.30502	0.43948	0.00583	0.00034	0.00026	0.00013	0.00010	3.3e-05	9.7e-05	0.00010	0.00829	0.00017
29	0.00399	0.02184	0.03153	0.13733	0.10601	0.07458	0.09604	0.02026	0.20166	0.03692	0.12153	0.09118	0.03954	0.00015	0.00011	3.4e-05	0.01292	0.00241	0.00183	0.00013
30	0.00301	0.00021	0.07986	0.00020	0.00028	0.00349	0.00677	0.02105	0.00609	0.86207	0.00737	0.00035	0.00025	0.00013	0.00010	3.2e-05	9.5e-05	0.00268	0.00579	0.00017
31	0.00013	0.00011	0.00011	0.00011	0.00014	9.1e-05	8.4e-05	0.00016	0.00025	0.00031	0.22583	0.00760	0.75856	0.00025	0.00012	3.5e-05	5.2e-05	0.00021	0.00574	9.1e-05
32	0.00025	0.00024	0.00429	0.03927	0.90988	0.00484	0.00838	0.00387	0.00024	0.00270	0.00021	0.01084	0.01051	9.9e-05	0.00010	3.1e-05	0.00012	0.00390	5.3e-05	0.00016
33	0.00022	0.00022	0.00032	0.74087	0.07909	0.08880	0.02655	0.00028	0.00438	0.00027	0.00446	0.00884	0.02367	0.00012	0.00539	0.01109	0.00317	0.00210	5e-05	0.00012
34	0.00779	0.00488	0.00024	0.00019	0.00027	0.00016	0.00016	0.05862	0.00031	0.89998	0.00040	0.00036	0.00026	0.00013	0.00011	3.2e-05	9e-05	0.01798	0.00786	0.00018
35	0.00020	0.00019	0.00032	0.97819	0.01860	0.00023	0.00029	0.00027	0.00021	0.00027	0.00019	0.00028	0.00014	0.00010	0.00010	3.5e-05	0.00014	9.3e-05	4.7e-05	0.00012
36	0.00330	0.00023	0.10313	0.00023	0.00599	0.06482	0.13496	0.02044	0.00271	0.02175	0.02922	0.01605	0.08860	0.22691	0.10431	6.5e-05	0.15521	0.02039	0.00158	0.00011
37	0.00317	0.00011	0.00014	0.00015	0.00017	0.00010	0.00012	0.00018	0.00593	0.01590	0.06738	0.38671	0.18320	0.00345	0.00014	4.2e-05	7.1e-05	0.33285	9.8e-05	9.2e-05
38	0.13987	0.00018	0.00023	0.00018	0.00026	0.00017	0.00015	0.03804	0.00345	0.80104	0.00419	0.00033	0.00024	0.00013	0.0001	3.2e-05	8.8e-05	0.00581	0.00533	0.00017
39	0.00013	9.2e-05	0.00012	0.00014	0.00015	8.6e-05	9.7e-05	0.00015	0.00020	0.00027	0.01018	0.91292	0.04391	0.01514	0.00513	4.4e-05	6.2e-05	0.01099	9.6e-05	8.5e-05
40	0.00013	9.7e-05	0.00013	0.00014	0.00016	9e-05	0.00010	0.00016	0.00021	0.00695	0.04935	0.71694	0.13249	0.00031	0.00013	4.1e-05	6.3e-05	0.09231	9.8e-05	8.8e-05
41	0.00022	0.00019	0.00022	0.00016	0.00025	0.00014	0.00680	0.00344	0.00022	0.01452	0.00019	0.00023	0.00390	0.00607	0.00563	1.7e-05	0.00330	6.5e-05	6.3e-05	0.95439
42	0.00015	0.00011	0.00015	0.00015	0.00017	0.00012	0.00011	0.00619	0.00017	0.00024	0.00413	0.00308	0.00616	0.27196	0.69661	0.00015	0.00297	0.00427	0.00302	8.6e-05
43	0.01517	0.00343	0.01084	0.00017	0.01421	0.00444	0.00900	0.05488	0.29543	0.03595	0.38118	0.01002	0.08456	0.00018	0.00011	3.3e-05	0.00247	0.00279	0.04430	0.03085
44	0.11596	0.18127	0.01200	0.01152	0.05863	0.05079	0.01160	0.07711	0.09815	0.12928	0.16112	0.01555	0.03305	0.01310	0.00858	3.3e-05	0.00169	0.00303	0.00454	0.01300
45	0.02330	0.22601	0.19169	0.09877	0.08606	0.05629	0.06619	0.05687	0.03542	0.04285	0.02644	0.02984	0.01278	0.00012	0.00847	3.1e-05	0.00746	0.00397	0.00137	0.02607

[dist]
# distance from previous block
# <min> <max>
0	60

# created by:
# /home/cegg/simao/soft/augustus-3.2.1/scripts/msa2prfl.pl ./align_prep/POG091H02JS.fa
