[name]
unknown

[dist]
# distance from previous block
# <min> <max>
8	357

[block]
# block no. 0 follows, 3264 sequences, length 21
# corresponding to MSA columns:
# 764-775,777,785-792
name=unknown_A
#
# <colnr> <probs for GDERKNQSTAVLIFYWHMCP>
#	G	D	E	R	K	N	Q	S	T	A	V	L	I	F	Y	W	H	M	C	P
0	0.01664	0.00014	0.00017	0.00405	0.00019	0.00013	0.00011	0.02015	0.07169	0.27070	0.05132	0.12863	0.08097	0.28526	0.04019	6e-05	9.3e-05	0.01512	0.00942	0.00497
1	0.00717	0.06807	0.07775	0.19532	0.11382	0.04288	0.05555	0.03879	0.03983	0.03398	0.05456	0.10310	0.04998	0.00804	0.01862	0.00899	0.04609	0.02311	0.00980	0.00454
2	0.02011	0.11107	0.22245	0.07847	0.09375	0.06542	0.05605	0.08104	0.08255	0.08254	0.01125	0.02383	0.00968	0.00489	0.00839	0.01162	0.01236	0.01883	0.00284	0.00285
3	0.00465	0.00301	0.00821	0.01510	0.01766	0.00410	0.00011	0.01208	0.01247	0.01808	0.05264	0.63630	0.16461	0.00946	0.01889	0.00521	0.00407	0.00962	0.00363	9.4e-05
4	0.00389	0.00011	0.00014	0.00522	0.00016	0.00011	0.0001	0.00669	0.01179	0.04442	0.32655	0.27239	0.10065	0.14760	0.03795	0.01141	0.00389	0.01077	0.01606	9.4e-05
5	0.03232	0.03431	0.08888	0.20255	0.07293	0.09513	0.04723	0.07552	0.07190	0.06095	0.01611	0.03575	0.01779	0.02126	0.02126	0.00411	0.07607	0.01403	0.00713	0.00479
6	0.62041	0.01783	0.02861	0.01929	0.05963	0.02997	0.03922	0.02602	0.02766	0.04952	0.00376	0.02818	0.00645	0.01080	0.01444	3.6e-05	0.00825	0.00314	0.00665	0.00013
7	0.00020	0.00014	0.00017	0.00015	0.00019	0.00478	0.00393	0.02261	0.18473	0.06705	0.48487	0.02510	0.12615	0.02299	0.02428	0.00408	7e-05	0.01156	0.01683	0.00012
8	0.01146	0.01549	0.02407	0.02287	0.02990	0.01553	0.02232	0.02531	0.05721	0.13271	0.15778	0.17196	0.16696	0.01752	0.02164	0.02302	0.01049	0.02148	0.02434	0.02795
9	0.02386	0.10390	0.24654	0.07690	0.06165	0.04132	0.04413	0.04417	0.05924	0.13973	0.02171	0.08936	0.01068	0.00525	0.00573	0.00273	0.00714	0.00705	0.00349	0.00541
10	0.01049	0.05057	0.06263	0.07498	0.08372	0.34405	0.03418	0.03130	0.01207	0.02246	0.00531	0.00641	0.00607	0.00729	0.02488	3.8e-05	0.20551	0.00751	0.01040	0.00013
11	0.02266	0.02629	0.03842	0.12934	0.11404	0.02190	0.13228	0.03687	0.02683	0.09672	0.04212	0.11975	0.05729	0.00886	0.02760	0.01592	0.04831	0.01524	0.01685	0.00272
12	0.03203	0.19405	0.22421	0.03380	0.07113	0.04161	0.03359	0.05650	0.04731	0.15024	0.02043	0.00980	0.00892	0.00356	0.00369	0.00267	0.00567	0.00331	0.00288	0.05459
13	0.01246	0.06770	0.35851	0.06571	0.06009	0.03403	0.07570	0.03848	0.04515	0.09531	0.03307	0.02154	0.01112	0.00754	0.03340	0.00333	0.01894	0.01012	0.00291	0.00489
14	0.00014	0.00403	0.00013	0.00364	0.00016	0.01036	0.00382	0.00437	0.00838	0.01338	0.05832	0.38550	0.40188	0.02004	0.06682	0.00424	0.00432	0.00648	0.00391	9.2e-05
15	0.00437	0.72551	0.06076	0.04524	0.01399	0.01810	0.02703	0.01175	0.02268	0.01515	0.00764	0.01250	0.00956	0.00355	8.2e-05	2.6e-05	0.00492	0.01296	0.00406	0.00014
16	0.05145	0.07636	0.27168	0.04364	0.09092	0.03391	0.06280	0.07826	0.03626	0.14591	0.01300	0.01005	0.00603	0.00549	0.00383	3.3e-05	0.01811	0.00578	0.01105	0.03542
17	0.00564	0.01200	0.05183	0.03753	0.07336	0.01547	0.05334	0.02117	0.05793	0.09785	0.06008	0.29644	0.09369	0.00932	0.04264	0.00392	0.01442	0.03359	0.01967	0.00012
18	0.00014	0.00011	0.00012	0.00013	0.00015	9.4e-05	9.3e-05	0.00016	0.00701	0.00830	0.03204	0.23487	0.59164	0.03934	0.01887	4.4e-05	6.5e-05	0.06663	9.7e-05	9e-05
19	0.03590	0.07153	0.13807	0.06544	0.09468	0.05794	0.04517	0.16637	0.07596	0.15486	0.02994	0.01003	0.02473	0.00317	0.00315	3.3e-05	0.01413	0.00483	0.00392	0.00015
20	0.03603	0.06210	0.12420	0.05986	0.12537	0.03409	0.07068	0.08892	0.04582	0.07152	0.00966	0.00746	0.00383	0.00283	0.00439	2.9e-05	0.00770	0.00361	0.00398	0.23792

[dist]
# distance from previous block
# <min> <max>
3	6

[block]
# block no. 1 follows, 3264 sequences, length 24
# corresponding to MSA columns:
# 801,802,806-808,811-829
name=unknown_B
#
# <colnr> <probs for GDERKNQSTAVLIFYWHMCP>
#	G	D	E	R	K	N	Q	S	T	A	V	L	I	F	Y	W	H	M	C	P
0	0.00733	0.00012	0.00019	0.22199	0.00702	0.00652	0.00014	0.01258	0.01525	0.00303	0.01262	0.00924	0.00906	0.00422	0.00639	0.67291	0.00418	0.00344	5.1e-05	0.00373
1	0.01807	0.16095	0.06661	0.08419	0.11720	0.02420	0.05253	0.11819	0.14665	0.03180	0.00348	0.01438	0.00353	0.00011	0.00237	0.00328	0.00948	0.00270	0.00245	0.13782
2	0.00429	0.01404	0.01629	0.00372	0.01397	0.00342	0.00572	0.01517	0.02701	0.01320	0.09282	0.42314	0.17127	0.10762	0.01875	0.00503	0.00365	0.04318	9.3e-05	0.01759
3	0.02045	0.18612	0.28014	0.01326	0.09212	0.07108	0.02308	0.12298	0.04065	0.07820	0.00840	0.01096	0.00307	0.00236	0.00286	0.00232	0.01518	0.00354	0.00490	0.01829
4	0.00584	0.03128	0.13327	0.70617	0.01869	0.00655	0.03263	0.00695	0.00796	0.02244	0.00363	0.00548	0.00316	0.00011	0.00297	3.5e-05	0.00014	9.4e-05	5.1e-05	0.01256
5	0.00014	0.00011	0.00014	0.00015	0.01258	9.8e-05	0.00951	0.00017	0.00583	0.00030	0.09022	0.48587	0.24543	0.00594	0.00014	4.1e-05	6.6e-05	0.14309	9.9e-05	9.2e-05
6	0.09530	0.20234	0.03540	0.00303	0.00346	0.05557	0.00602	0.17905	0.04698	0.18855	0.02259	0.01117	0.00827	0.00012	9.3e-05	2.8e-05	0.00425	0.00340	8.3e-05	0.13428
7	0.04169	0.01886	0.02062	0.06719	0.15008	0.02824	0.04358	0.04875	0.03531	0.08821	0.05105	0.08256	0.03779	0.02518	0.02464	0.00242	0.01145	0.01920	0.01109	0.19213
8	0.00016	0.00012	0.00462	0.00014	0.00018	0.00012	0.00011	0.00958	0.07942	0.01119	0.47404	0.05592	0.25506	0.00023	0.00013	3.6e-05	0.00444	0.08962	0.00011	0.01479
9	0.00368	0.48883	0.32845	0.00022	0.00429	0.02652	0.00361	0.01760	0.00760	0.01232	0.01938	0.07017	0.00471	0.00012	8.8e-05	2.9e-05	0.00012	0.01206	5.4e-05	0.00014
10	0.00355	0.00320	0.00029	0.42404	0.15428	0.01012	0.02191	0.01023	0.01169	0.01431	0.03085	0.20484	0.02030	0.00322	0.00750	0.00487	0.05572	0.01202	0.00694	0.00012
11	0.00906	0.03828	0.01004	0.00020	0.00303	0.13521	0.01802	0.08712	0.04759	0.47004	0.05490	0.02291	0.07732	0.00015	0.00317	3.3e-05	0.00291	0.00301	0.01685	0.00015
12	0.00014	0.00011	0.00012	0.00012	0.00015	9.8e-05	9.1e-05	0.00588	0.02068	0.02527	0.14827	0.14304	0.63954	0.00026	0.00013	3.7e-05	5.7e-05	0.00968	0.00622	9.5e-05
13	0.00014	0.0001	0.00013	0.00015	0.00016	9.4e-05	0.00011	0.00017	0.00695	0.01496	0.01123	0.77002	0.05538	0.00784	0.00014	4.4e-05	6.7e-05	0.13212	9.9e-05	9e-05
14	0.00394	0.00290	0.01578	0.72822	0.05171	0.00341	0.04769	0.00591	0.00265	0.00477	0.00533	0.06305	0.00876	0.00441	0.00999	0.02296	0.00394	0.01159	0.00289	0.00012
15	0.00482	0.00012	0.00015	0.00015	0.00018	0.00011	0.00551	0.00737	0.03003	0.07113	0.09462	0.40534	0.19601	0.00409	0.00389	4.1e-05	6.9e-05	0.15033	0.02595	0.00010
16	0.31537	0.00020	0.00022	0.00018	0.00025	0.00020	0.00015	0.13373	0.01228	0.50010	0.00591	0.00030	0.00022	0.00551	9.6e-05	3.3e-05	9.1e-05	0.01255	0.01243	0.00016
17	0.01524	0.00014	0.00017	0.00016	0.00020	0.00014	0.00376	0.02942	0.13299	0.16822	0.23167	0.17033	0.15224	0.02235	0.01110	0.00395	0.00948	0.03042	0.01789	0.00012
18	0.01002	0.00013	0.00017	0.00016	0.00019	0.01449	0.00324	0.01657	0.02437	0.09694	0.02406	0.01487	0.00535	0.17678	0.46008	0.07559	0.02335	0.00012	0.05341	9.9e-05
19	0.00625	0.02427	0.91286	0.00029	0.00045	0.00025	0.00524	0.02160	0.00515	0.01290	0.00020	0.00023	0.00014	0.00010	0.00010	3.3e-05	0.00015	7.9e-05	0.00482	0.00489
20	0.01085	0.00011	0.00014	0.00015	0.00017	0.00010	0.00011	0.00712	0.00022	0.01174	0.01566	0.47762	0.20074	0.06769	0.00665	4.7e-05	0.01395	0.18675	9.6e-05	9e-05
21	0.01254	0.01184	0.01406	0.05208	0.11817	0.01416	0.05916	0.04331	0.07060	0.04042	0.04715	0.32725	0.07113	0.02470	0.02244	0.00458	0.00768	0.05168	0.00693	0.00012
22	0.00709	0.04544	0.04935	0.01986	0.06383	0.07392	0.02752	0.04632	0.03286	0.03656	0.01381	0.01580	0.01447	0.16145	0.25339	0.02317	0.10004	0.00761	0.00739	0.00011
23	0.02346	0.03166	0.05867	0.19713	0.01997	0.06946	0.04442	0.06366	0.04619	0.03225	0.04778	0.05307	0.01078	0.13693	0.00684	4.5e-05	0.04593	0.05634	0.05076	0.00467

[dist]
# distance from previous block
# <min> <max>
4	12

[block]
# block no. 2 follows, 3264 sequences, length 13
# corresponding to MSA columns:
# 857-861,883-887,893-895
name=unknown_C
#
# <colnr> <probs for GDERKNQSTAVLIFYWHMCP>
#	G	D	E	R	K	N	Q	S	T	A	V	L	I	F	Y	W	H	M	C	P
0	0.00743	0.00013	0.00017	0.01352	0.00019	0.00012	0.01471	0.01351	0.03282	0.06514	0.68710	0.00800	0.09213	0.00020	0.00012	3.3e-05	0.01383	0.00661	0.00011	0.04414
1	0.00998	0.00016	0.00020	0.00017	0.00883	0.00015	0.00013	0.06235	0.08010	0.37735	0.27597	0.05566	0.11398	0.00018	0.00011	3.4e-05	7.4e-05	0.00015	0.01427	0.00014
2	0.00014	0.00011	0.00012	0.00012	0.00015	9.6e-05	8.9e-05	0.00017	0.01556	0.01596	0.14210	0.10521	0.66009	0.02579	0.00014	3.8e-05	5.7e-05	0.01909	0.01487	9.3e-05
3	0.00608	0.16614	0.04040	0.00497	0.01647	0.44137	0.01064	0.13754	0.04061	0.04949	0.01509	0.00026	0.01604	0.00970	0.01251	3.1e-05	0.00512	0.01355	6.8e-05	0.01391
4	0.00023	0.04879	0.84251	0.00029	0.00044	0.01288	0.03068	0.01732	0.00023	0.02228	0.02327	0.00024	0.00016	0.00010	0.00010	3.3e-05	0.00015	8.2e-05	5e-05	0.00015
5	0.04264	0.00016	0.00021	0.00018	0.00024	0.00015	0.00014	0.01948	0.02598	0.57224	0.00908	0.00040	0.03075	0.01328	0.22473	0.02740	0.00013	0.01106	0.02158	0.00015
6	0.00016	0.00012	0.00015	0.00014	0.01019	0.00011	0.01002	0.00021	0.03963	0.03365	0.48919	0.08797	0.28070	0.00024	0.00013	3.6e-05	5.9e-05	0.04709	0.00011	0.00010
7	0.02221	0.12564	0.47463	0.05432	0.04339	0.07143	0.04617	0.05039	0.02753	0.03259	0.01025	0.01202	0.01080	0.00011	0.00010	3.2e-05	0.00697	0.00587	0.00540	0.00015
8	0.00015	0.00011	0.00014	0.00015	0.00017	0.00932	0.01250	0.01605	0.01825	0.01266	0.07997	0.55890	0.25076	0.00810	0.00013	4.1e-05	6.5e-05	0.03236	0.0001	9.4e-05
9	0.03978	0.00889	0.00024	0.00019	0.00026	0.00958	0.00015	0.07426	0.06496	0.71255	0.03436	0.00038	0.02571	0.00014	0.00011	3.3e-05	8.9e-05	0.00011	0.02805	0.00017
10	0.01708	0.03209	0.03004	0.09348	0.56740	0.04164	0.01282	0.04948	0.04856	0.02393	0.00022	0.01532	0.00018	0.00012	0.01161	3.4e-05	0.05570	9.6e-05	6e-05	0.00016
11	0.01061	0.04503	0.19217	0.10351	0.14909	0.01933	0.03616	0.04409	0.06819	0.12660	0.04458	0.04275	0.02718	0.00618	0.01919	0.00416	0.02308	0.02700	0.01095	0.00014
12	0.00016	0.00011	0.00014	0.01962	0.00016	0.00012	0.00010	0.00017	0.00017	0.00879	0.00949	0.12088	0.01464	0.43492	0.35481	0.00011	0.00990	0.01551	0.01011	8.2e-05

[dist]
# distance from previous block
# <min> <max>
2	7

[block]
# block no. 3 follows, 3264 sequences, length 14
# corresponding to MSA columns:
# 942-949,953-958
name=unknown_D
#
# <colnr> <probs for GDERKNQSTAVLIFYWHMCP>
#	G	D	E	R	K	N	Q	S	T	A	V	L	I	F	Y	W	H	M	C	P
0	0.13646	0.01645	0.11953	0.00023	0.00674	0.00661	0.00596	0.50113	0.04213	0.13373	0.00713	0.00026	0.00019	0.00012	0.00010	3.2e-05	0.01047	9.1e-05	0.00579	0.00685
1	0.07422	0.00449	0.00438	0.06928	0.04456	0.01293	0.00499	0.08252	0.02396	0.09838	0.03947	0.00485	0.02162	0.03297	0.09778	4.7e-05	0.13854	9.7e-05	0.01503	0.22990
2	0.10461	0.01579	0.01027	0.13988	0.40542	0.02005	0.02783	0.09968	0.01849	0.08045	0.01190	0.00590	0.01102	0.00491	0.00413	3.3e-05	0.00617	0.00431	6.8e-05	0.02909
3	0.00015	0.00010	0.00013	0.00013	0.00014	0.00011	8.4e-05	0.00016	0.00017	0.00023	0.01287	0.10473	0.01329	0.67595	0.14010	0.00010	0.00012	0.05129	7e-05	7.3e-05
4	0.00983	0.00012	0.00013	0.00013	0.00016	0.01930	9.6e-05	0.00019	0.01063	0.01660	0.45432	0.06214	0.41652	0.00024	0.00012	3.5e-05	5.7e-05	0.00917	0.00011	9.8e-05
5	0.01189	0.00047	0.00029	0.00027	0.00032	0.88974	0.00020	0.01235	0.00029	0.00027	0.00018	0.01169	0.00015	0.00978	0.01212	3.1e-05	0.04058	0.00920	5.6e-05	0.00012
6	0.72721	0.00020	0.00018	0.00016	0.02075	0.00022	0.00013	0.02615	0.00022	0.20058	0.02321	0.00023	0.00017	0.00011	7.7e-05	3.3e-05	8.5e-05	7.2e-05	8.1e-05	0.00013
7	0.00016	0.00011	0.00014	0.00014	0.00016	0.00010	0.00010	0.01786	0.01747	0.02331	0.53996	0.13097	0.24649	0.00024	0.00013	3.6e-05	5.6e-05	0.02238	0.00011	0.00010
8	0.01047	9.6e-05	0.00013	0.00015	0.00016	9e-05	0.00010	0.00016	0.00021	0.01103	0.01084	0.91283	0.01451	0.01603	0.00014	4.4e-05	6.3e-05	0.02279	9.8e-05	8.8e-05
9	0.14555	0.53744	0.02393	0.02992	0.01344	0.04342	0.00900	0.10501	0.01356	0.05866	0.00622	0.00021	0.00015	0.00010	8.3e-05	2.7e-05	0.01302	6.9e-05	6.2e-05	0.00014
10	0.03636	0.02392	0.01073	0.18272	0.28240	0.08334	0.06913	0.08799	0.05139	0.12842	0.01034	0.00532	0.00019	0.00012	0.00503	3.3e-05	0.01642	9.7e-05	7.1e-05	0.00596
11	0.00016	0.00011	0.00702	0.00014	0.00016	0.00010	0.00010	0.00816	0.01035	0.05110	0.21066	0.25457	0.31478	0.07320	0.02525	4.6e-05	6.9e-05	0.03178	0.01216	9.6e-05
12	0.04203	0.00440	0.02300	0.01370	0.04624	0.01197	0.01743	0.10045	0.02645	0.38676	0.11029	0.05277	0.04782	0.03883	0.01590	0.00380	0.01518	0.02770	0.01095	0.00433
13	0.01398	0.08339	0.05498	0.19908	0.29504	0.04894	0.06595	0.03192	0.03519	0.04136	0.01435	0.02963	0.00694	0.00739	0.00011	3.2e-05	0.01100	0.00578	0.00419	0.05075

[dist]
# distance from previous block
# <min> <max>
0	290

# created by:
# /home/cegg/simao/soft/augustus-3.2.1/scripts/msa2prfl.pl ./align_prep/POG091H04JC.fa
