[name]
unknown

[dist]
# distance from previous block
# <min> <max>
0	52

[block]
# block no. 0 follows, 1899 sequences, length 9
# corresponding to MSA columns:
# 883-885,903,907,908,911-913
name=unknown_A
#
# <colnr> <probs for GDERKNQSTAVLIFYWHMCP>
#	G	D	E	R	K	N	Q	S	T	A	V	L	I	F	Y	W	H	M	C	P
0	0.01165	0.06293	0.01668	0.03544	0.02652	0.06700	0.03654	0.18094	0.41258	0.03010	0.00058	0.01756	0.01904	0.00843	0.00878	0.00677	0.00992	0.01792	0.00729	0.02333
1	0.01088	0.00742	0.00663	0.01483	0.01437	0.00022	0.00835	0.04444	0.03023	0.08974	0.07913	0.50259	0.06749	0.04970	0.01121	0.01005	0.00702	0.01603	0.01158	0.01810
2	0.03507	0.06436	0.10075	0.05122	0.11278	0.06173	0.09672	0.20153	0.03640	0.08720	0.01044	0.01902	0.01743	0.00759	0.01196	0.01127	0.03692	0.02207	0.00678	0.00875
3	0.01036	0.14658	0.33081	0.02459	0.02953	0.03040	0.16402	0.02180	0.03865	0.06122	0.01248	0.02973	0.01817	0.01923	0.00021	0.02895	0.01025	0.02266	0.00010	0.00024
4	0.00911	0.01171	0.00025	0.00024	0.00029	0.01164	0.00018	0.00036	0.01306	0.10925	0.11133	0.30479	0.31281	0.04416	0.01237	0.00975	0.00012	0.03836	0.01004	0.00017
5	0.01754	0.02785	0.04163	0.02483	0.01488	0.01112	0.02583	0.04067	0.05846	0.42609	0.09791	0.07620	0.04759	0.02474	0.00634	0.00576	0.00790	0.00780	0.02512	0.01177
6	0.02537	0.06136	0.14550	0.08208	0.10926	0.03293	0.13983	0.05362	0.04702	0.15698	0.01908	0.04476	0.00883	0.00702	0.00833	6e-05	0.03437	0.00661	0.00689	0.01009
7	0.02012	0.00859	0.01776	0.01953	0.00935	0.00975	0.02255	0.01099	0.01204	0.39021	0.09807	0.10358	0.09946	0.03065	0.00747	0.05472	0.01384	0.02741	0.01792	0.02599
8	0.03238	0.00025	0.00029	0.00028	0.00034	0.00958	0.01083	0.01746	0.19641	0.07222	0.16023	0.29933	0.07849	0.02146	0.00022	6.6e-05	0.00012	0.05416	0.03582	0.01005

[dist]
# distance from previous block
# <min> <max>
6	37

[block]
# block no. 1 follows, 1899 sequences, length 9
# corresponding to MSA columns:
# 972,973,975,977,978,980-982,987
name=unknown_B
#
# <colnr> <probs for GDERKNQSTAVLIFYWHMCP>
#	G	D	E	R	K	N	Q	S	T	A	V	L	I	F	Y	W	H	M	C	P
0	0.01767	0.07240	0.06453	0.09280	0.05781	0.11154	0.04286	0.09528	0.25163	0.03916	0.01953	0.03612	0.02280	0.00825	0.00795	6e-05	0.02588	0.00796	0.00990	0.01589
1	0.31583	0.08442	0.07960	0.06973	0.05355	0.07025	0.02389	0.11330	0.05641	0.06398	0.01077	0.00862	0.00030	0.00751	0.00796	5.8e-05	0.02236	0.00014	0.01108	0.00024
2	0.00028	0.00020	0.00024	0.00023	0.00028	0.00018	0.00017	0.01117	0.01343	0.03981	0.46593	0.08977	0.27785	0.03562	0.00977	0.01871	0.00010	0.01068	0.01103	0.01458
3	0.02232	0.00915	0.07868	0.00871	0.02762	0.02797	0.04992	0.26284	0.18564	0.08512	0.09585	0.02470	0.01577	0.00962	0.01362	6.2e-05	0.03368	0.01321	0.03528	0.00026
4	0.00035	0.00029	0.00032	0.00730	0.00829	0.01075	0.01138	0.02289	0.38723	0.00759	0.02220	0.01398	0.21468	0.18535	0.01032	0.04948	0.01057	0.01076	0.01301	0.01326
5	0.00051	0.80101	0.00087	0.00034	0.00048	0.08785	0.00032	0.04400	0.00040	0.00046	0.00026	0.00031	0.00024	0.00017	0.00015	4.3e-05	0.06217	0.00011	8.4e-05	0.00023
6	0.01944	0.00048	0.00050	0.00040	0.00053	0.02003	0.00033	0.67018	0.24380	0.02037	0.00051	0.00049	0.00037	0.00023	0.00019	5.7e-05	0.02144	0.00017	0.00018	0.00030
7	0.03945	0.02327	0.00055	0.80263	0.04821	0.02064	0.01819	0.00047	0.00037	0.00049	0.00035	0.04399	0.00029	0.00020	0.00018	6e-05	0.00023	0.00017	8.7e-05	0.00021
8	0.01135	0.06193	0.11781	0.02097	0.19311	0.03849	0.12720	0.05599	0.13474	0.07517	0.01185	0.07378	0.02626	0.00677	0.00667	6e-05	0.02305	0.00803	0.00651	0.00025

[dist]
# distance from previous block
# <min> <max>
3	7

[block]
# block no. 2 follows, 1899 sequences, length 8
# corresponding to MSA columns:
# 998-1004,1016
name=unknown_C
#
# <colnr> <probs for GDERKNQSTAVLIFYWHMCP>
#	G	D	E	R	K	N	Q	S	T	A	V	L	I	F	Y	W	H	M	C	P
0	0.71822	0.05568	0.01223	0.01159	0.04128	0.05022	0.02204	0.01799	0.00999	0.01296	0.00029	0.00879	0.00023	0.00019	0.00976	5.7e-05	0.01049	0.00011	0.00887	0.00902
1	0.07619	0.30493	0.08833	0.00859	0.00049	0.05389	0.03757	0.12244	0.02815	0.08050	0.02359	0.00049	0.00035	0.01862	0.02207	0.00916	0.00939	0.01525	0.09978	0.00024
2	0.01600	0.00018	0.00023	0.00025	0.00028	0.00017	0.00018	0.00032	0.00038	0.07311	0.07149	0.67211	0.09762	0.01853	0.00024	7.2e-05	0.00011	0.03122	0.01735	0.00016
3	0.00026	0.00018	0.00021	0.00021	0.00022	0.00018	0.00013	0.00027	0.00027	0.00037	0.00058	0.04260	0.00066	0.83225	0.12072	0.00019	0.00021	0.00027	0.00011	0.00012
4	0.00027	0.00019	0.00023	0.00022	0.00027	0.00018	0.00016	0.01364	0.01394	0.02382	0.43332	0.11582	0.22593	0.13063	0.00031	0.01271	0.00011	0.01457	0.01351	0.00016
5	0.01882	0.00031	0.00040	0.00030	0.00044	0.00027	0.00025	0.01913	0.01868	0.65728	0.01913	0.00057	0.00043	0.00021	0.00017	4.9e-05	0.00015	0.00017	0.03713	0.22612
6	0.00023	0.00017	0.00021	0.00024	0.00026	0.00016	0.00017	0.00028	0.02168	0.00048	0.02359	0.63606	0.22282	0.04065	0.00026	0.01871	0.00011	0.03360	0.00017	0.00015
7	0.00831	0.01467	0.01578	0.19258	0.37099	0.00962	0.04610	0.02028	0.02312	0.03999	0.12526	0.01258	0.04593	0.00022	0.00019	5.6e-05	0.01714	0.00866	0.00861	0.03991

[dist]
# distance from previous block
# <min> <max>
3	19

[block]
# block no. 3 follows, 1899 sequences, length 17
# corresponding to MSA columns:
# 1044-1047,1060,1068-1073,1075,1077,1079-1082
name=unknown_D
#
# <colnr> <probs for GDERKNQSTAVLIFYWHMCP>
#	G	D	E	R	K	N	Q	S	T	A	V	L	I	F	Y	W	H	M	C	P
0	0.00050	0.84193	0.00088	0.01070	0.00048	0.09731	0.00032	0.00056	0.00038	0.00043	0.00026	0.00031	0.00024	0.00018	0.01025	4.4e-05	0.02451	0.00010	0.01040	0.00023
1	0.71232	0.00034	0.00031	0.00026	0.00038	0.00037	0.00022	0.00063	0.00037	0.28274	0.00039	0.00039	0.00027	0.00018	0.00013	5.6e-05	0.00014	0.00012	0.00014	0.00023
2	0.00690	0.00930	0.03941	0.02901	0.00052	0.06858	0.00867	0.00760	0.00031	0.00999	0.00026	0.00040	0.00024	0.00627	0.00660	7.7e-05	0.80541	0.00016	8.3e-05	0.00020
3	0.00616	0.50101	0.09513	0.04182	0.04431	0.06487	0.03119	0.02867	0.02999	0.06779	0.00037	0.01367	0.01774	0.00445	0.00017	4.9e-05	0.03343	0.01449	0.00447	0.00024
4	0.00026	0.00018	0.00023	0.00023	0.00023	0.00019	0.00014	0.00028	0.00028	0.00038	0.01311	0.03639	0.00064	0.72220	0.20384	0.00019	0.02073	0.00026	0.00011	0.00012
5	0.00033	0.00021	0.00025	0.00024	0.00030	0.00019	0.00018	0.00687	0.02152	0.15462	0.23893	0.21257	0.30797	0.00676	0.00627	6.4e-05	0.00011	0.01777	0.02468	0.00019
6	0.03720	0.09621	0.17837	0.01715	0.06883	0.03200	0.06515	0.04299	0.02532	0.22550	0.02608	0.01898	0.03081	0.00699	0.01112	5.7e-05	0.01477	0.00594	0.00551	0.09104
7	0.01542	0.16103	0.09940	0.01309	0.07096	0.04307	0.27584	0.07186	0.05370	0.08526	0.01689	0.01362	0.02817	0.00608	0.00349	5.7e-05	0.00652	0.02306	0.00338	0.00909
8	0.02477	0.00029	0.00039	0.00031	0.00043	0.00026	0.00025	0.00917	0.02066	0.77251	0.11760	0.01045	0.00885	0.00774	0.00019	5.8e-05	0.00014	0.00702	0.01863	0.00028
9	0.01074	0.00026	0.02442	0.03626	0.04414	0.00400	0.03998	0.01896	0.00883	0.10202	0.14311	0.16914	0.15857	0.12184	0.03442	0.00374	0.00602	0.03927	0.00669	0.02759
10	0.02333	0.10583	0.27999	0.02826	0.09817	0.05163	0.05340	0.03933	0.02206	0.21108	0.01260	0.01941	0.03145	0.00021	0.00018	5.6e-05	0.01600	0.00662	0.00013	0.00026
11	0.02866	0.02870	0.00939	0.08071	0.26380	0.19229	0.10070	0.05027	0.00537	0.14852	0.00740	0.01467	0.00737	0.00020	0.00385	5.5e-05	0.01136	0.01815	0.00421	0.02432
12	0.88787	0.00642	0.03064	0.00663	0.01664	0.01159	0.00952	0.00841	0.00032	0.01155	0.00027	0.00031	0.00021	0.00017	0.00012	0.00877	0.00015	0.00010	0.00011	0.00020
13	0.01613	0.00031	0.00040	0.02434	0.00046	0.00673	0.00026	0.04216	0.00700	0.75759	0.03736	0.00064	0.00823	0.00023	0.00018	5.5e-05	0.00015	0.00018	0.07497	0.02264
14	0.08261	0.00518	0.00866	0.02019	0.06625	0.00958	0.02829	0.14827	0.03883	0.21725	0.17086	0.05567	0.07230	0.00441	0.02422	6.3e-05	0.00851	0.00611	0.01511	0.01762
15	0.09011	0.00028	0.00035	0.00029	0.00039	0.00026	0.00023	0.02000	0.02530	0.55573	0.06921	0.07676	0.05899	0.01080	0.00622	0.00982	0.00014	0.01058	0.05270	0.01184
16	0.00528	0.00025	0.00031	0.00028	0.00035	0.00024	0.00021	0.03423	0.08775	0.29945	0.19533	0.18748	0.04469	0.05175	0.01169	6.9e-05	0.00587	0.01151	0.05146	0.01180

[dist]
# distance from previous block
# <min> <max>
16	85

[block]
# block no. 4 follows, 1899 sequences, length 11
# corresponding to MSA columns:
# 1225-1230,1233,1238-1241
name=unknown_E
#
# <colnr> <probs for GDERKNQSTAVLIFYWHMCP>
#	G	D	E	R	K	N	Q	S	T	A	V	L	I	F	Y	W	H	M	C	P
0	0.01051	0.01638	0.10868	0.05453	0.13239	0.01327	0.10199	0.02210	0.05582	0.13972	0.04248	0.18167	0.05277	0.00779	0.00821	6.4e-05	0.02242	0.01661	0.00591	0.00669
1	0.06878	0.00031	0.00041	0.00032	0.00045	0.00028	0.00026	0.02309	0.02548	0.84234	0.01741	0.00062	0.00046	0.01871	0.00019	5.9e-05	0.00015	0.00018	0.00021	0.00030
2	0.00024	0.00017	0.00022	0.00026	0.00027	0.00016	0.00018	0.00028	0.00035	0.01348	0.02378	0.71153	0.02014	0.08181	0.06218	9.6e-05	0.00014	0.08439	0.00016	0.00015
3	0.29618	0.00576	0.05583	0.02141	0.03263	0.00996	0.35931	0.00801	0.02005	0.05032	0.02113	0.04169	0.01812	0.00022	0.00578	0.00911	0.01502	0.02141	0.00782	0.00022
4	0.00920	0.18069	0.10139	0.09107	0.10469	0.02086	0.19109	0.02101	0.05317	0.10846	0.02412	0.02982	0.00793	0.00535	0.00618	5.8e-05	0.01491	0.02193	0.00783	0.00025
5	0.00025	0.00018	0.00022	0.00025	0.00028	0.00016	0.00017	0.01054	0.01135	0.02055	0.01852	0.69708	0.16291	0.01704	0.01073	7.5e-05	0.00011	0.04926	0.00017	0.00016
6	0.26353	0.00033	0.00039	0.00031	0.00044	0.00032	0.00025	0.03962	0.02410	0.66801	0.00058	0.00053	0.00038	0.00021	0.00016	5.6e-05	0.00015	0.00016	0.00019	0.00028
7	0.02276	0.00038	0.03890	0.17121	0.15964	0.01419	0.05697	0.07528	0.03127	0.26423	0.02650	0.02810	0.02228	0.00633	0.00784	6.1e-05	0.04424	0.00890	0.02067	0.00025
8	0.06987	0.00950	0.01473	0.00852	0.01044	0.02369	0.01585	0.03000	0.00667	0.21156	0.01532	0.03348	0.00998	0.06533	0.25026	0.14798	0.05651	0.01070	0.00944	0.00019
9	0.01672	0.00026	0.01125	0.02849	0.01317	0.04688	0.01197	0.03127	0.00037	0.09599	0.11862	0.03392	0.01697	0.00072	0.33588	0.18076	0.02890	0.01868	0.00898	0.00018
10	0.01033	0.00030	0.00049	0.66826	0.04767	0.00036	0.02148	0.00043	0.00037	0.00996	0.02036	0.13227	0.04374	0.00026	0.00020	6.3e-05	0.02674	0.01641	0.00010	0.00020

[dist]
# distance from previous block
# <min> <max>
5	10

[block]
# block no. 5 follows, 1899 sequences, length 21
# corresponding to MSA columns:
# 1268-1272,1275-1279,1281-1291
name=unknown_F
#
# <colnr> <probs for GDERKNQSTAVLIFYWHMCP>
#	G	D	E	R	K	N	Q	S	T	A	V	L	I	F	Y	W	H	M	C	P
0	0.00028	0.00021	0.00026	0.03145	0.01086	0.00020	0.00019	0.00586	0.06518	0.01353	0.56433	0.11871	0.12152	0.03714	0.00518	6.6e-05	0.00406	0.00789	0.01292	0.00018
1	0.02509	0.00020	0.00023	0.00022	0.00027	0.00018	0.00016	0.00034	0.01094	0.04685	0.42723	0.03130	0.40594	0.03280	0.00522	6.5e-05	0.0001	0.00680	0.00591	0.00017
2	0.30215	0.00032	0.00037	0.00030	0.00043	0.00031	0.00714	0.00837	0.01143	0.63977	0.00957	0.00673	0.00039	0.00021	0.00016	5.6e-05	0.00015	0.00016	0.01170	0.00027
3	0.00024	0.00018	0.00022	0.00022	0.00026	0.00016	0.00016	0.00030	0.00045	0.00060	0.46730	0.10596	0.39534	0.00043	0.00022	6.1e-05	9.3e-05	0.02745	0.00018	0.00016
4	0.01748	0.00039	0.00041	0.00037	0.00047	0.00045	0.00028	0.02147	0.92515	0.01094	0.01171	0.00068	0.00890	0.00025	0.00018	6.1e-05	0.00014	0.00021	0.00018	0.00028
5	0.99489	0.00035	0.00027	0.00024	0.00035	0.00041	0.00020	0.00053	0.00031	0.00082	0.00025	0.00030	0.00020	0.00017	0.00011	5.6e-05	0.00014	9.8e-05	0.00011	0.00020
6	0.00068	0.00051	0.00054	0.00042	0.00056	0.01904	0.00034	0.93952	0.03476	0.00112	0.00044	0.00044	0.00032	0.00022	0.00018	5.5e-05	0.00020	0.00016	0.00018	0.00031
7	0.00840	0.00542	0.00041	0.00036	0.00045	0.35513	0.00546	0.18227	0.02025	0.06251	0.30599	0.00071	0.00611	0.00026	0.00018	5.2e-05	0.00020	0.00020	0.04541	0.00022
8	0.99489	0.00035	0.00027	0.00024	0.00035	0.00041	0.00020	0.00053	0.00031	0.00082	0.00025	0.00030	0.00020	0.00017	0.00011	5.6e-05	0.00014	9.8e-05	0.00011	0.00020
9	0.00045	0.00043	0.00074	0.00112	0.99248	0.00043	0.00056	0.00056	0.00041	0.00059	0.00034	0.00045	0.00029	0.00016	0.00018	5.4e-05	0.00022	0.00016	9e-05	0.00029
10	0.00046	0.00040	0.00042	0.00037	0.00048	0.01640	0.00029	0.02530	0.95186	0.00076	0.00073	0.00067	0.00054	0.00025	0.00018	6.1e-05	0.00015	0.00020	0.00018	0.00029
11	0.04315	0.00042	0.00044	0.00038	0.00049	0.00048	0.00030	0.26943	0.66750	0.00086	0.00064	0.00062	0.00048	0.00024	0.00018	6e-05	0.00016	0.01371	0.00018	0.00029
12	0.00038	0.00031	0.00034	0.00031	0.00039	0.00034	0.00024	0.01394	0.56210	0.01382	0.37283	0.01071	0.00860	0.00030	0.00020	6e-05	0.00012	0.00648	0.00829	0.00024
13	0.00044	0.00042	0.00071	0.05611	0.89437	0.00043	0.00054	0.00057	0.04353	0.00059	0.00036	0.00046	0.00030	0.00017	0.00018	5.5e-05	0.00021	0.00016	9.4e-05	0.00028
14	0.00790	0.27163	0.59679	0.01157	0.00527	0.01747	0.04652	0.00830	0.00568	0.01805	0.00032	0.00038	0.00024	0.00018	0.00474	5.4e-05	0.00025	0.00431	8.3e-05	0.00026
15	0.00505	0.00021	0.00029	0.00031	0.00036	0.00021	0.00430	0.00589	0.00509	0.08343	0.01417	0.14728	0.05996	0.02095	0.00665	0.00804	0.00015	0.63147	0.00602	0.00018
16	0.00028	0.00021	0.00024	0.00025	0.00029	0.00020	0.00018	0.00911	0.13164	0.02326	0.13765	0.35214	0.29194	0.00595	0.00022	6.6e-05	0.00011	0.01781	0.02829	0.00018
17	0.04152	0.00551	0.02165	0.09098	0.03260	0.00941	0.00416	0.05558	0.02296	0.57381	0.00504	0.01933	0.00354	0.02833	0.04891	0.00386	0.02396	0.00840	0.00018	0.00027
18	0.02085	0.01699	0.01482	0.02375	0.01083	0.01134	0.06231	0.25381	0.05330	0.39849	0.01110	0.03231	0.00979	0.00570	0.00808	6.1e-05	0.05208	0.00630	0.00781	0.00028
19	0.03308	0.00021	0.00024	0.00023	0.00029	0.00019	0.00017	0.01856	0.01489	0.10728	0.30966	0.06048	0.41780	0.01404	0.00022	6.2e-05	0.00010	0.01434	0.00796	0.00018
20	0.00819	0.00017	0.00022	0.00025	0.00026	0.00016	0.00017	0.00027	0.01023	0.00917	0.02163	0.83525	0.02345	0.06518	0.00027	7.9e-05	0.00011	0.01292	0.01188	0.00015

[dist]
# distance from previous block
# <min> <max>
2	30

[block]
# block no. 6 follows, 1899 sequences, length 21
# corresponding to MSA columns:
# 1365,1366,1370,1371,1373-1376,1378-1389,1416
name=unknown_G
#
# <colnr> <probs for GDERKNQSTAVLIFYWHMCP>
#	G	D	E	R	K	N	Q	S	T	A	V	L	I	F	Y	W	H	M	C	P
0	0.01594	0.00026	0.00540	0.00517	0.00461	0.00028	0.01627	0.00692	0.01506	0.03671	0.03382	0.31852	0.02694	0.06898	0.11380	0.00547	0.21133	0.00996	0.01422	0.09033
1	0.00543	0.00035	0.00053	0.04145	0.36995	0.00366	0.00695	0.02682	0.00572	0.37790	0.02204	0.00415	0.01522	0.02067	0.06134	0.00390	0.00566	0.01253	0.01546	0.00027
2	0.01125	0.00045	0.00043	0.00037	0.00049	0.10837	0.00029	0.12853	0.59554	0.03646	0.00060	0.00057	0.00045	0.00022	0.00018	5.5e-05	0.00017	0.00018	0.00753	0.10787
3	0.01228	0.00766	0.19586	0.09716	0.03481	0.00631	0.15683	0.01663	0.00598	0.11196	0.08236	0.02394	0.03082	0.02068	0.02800	6.4e-05	0.03256	0.00495	0.00290	0.12824
4	0.64069	0.01545	0.01973	0.01704	0.10256	0.01456	0.00576	0.00499	0.00036	0.15265	0.00035	0.01212	0.00027	0.00019	0.00445	5.7e-05	0.00016	0.00825	0.00013	0.00023
5	0.00068	0.00081	0.00052	0.00046	0.00056	0.83985	0.00035	0.15357	0.00057	0.00055	0.00031	0.00034	0.00025	0.00019	0.00017	4.8e-05	0.00031	0.00012	0.00011	0.00023
6	0.00027	0.00022	0.01073	0.02999	0.00034	0.00913	0.05438	0.00933	0.00032	0.00043	0.00065	0.29995	0.00072	0.33290	0.21245	0.01155	0.02605	0.00031	0.00012	0.00015
7	0.00068	0.00087	0.00052	0.00047	0.00056	0.99288	0.00035	0.00073	0.00052	0.00044	0.00028	0.00033	0.00023	0.00019	0.00016	4.7e-05	0.00033	0.00012	9.4e-05	0.00021
8	0.00066	0.00079	0.00051	0.00046	0.00055	0.82874	0.00034	0.05958	0.10570	0.00052	0.00034	0.00037	0.00027	0.00020	0.00017	4.9e-05	0.00030	0.00013	0.00011	0.00022
9	0.00363	0.19249	0.28587	0.01221	0.01270	0.02478	0.08905	0.00530	0.00490	0.06820	0.00337	0.02852	0.00030	0.01234	0.00851	6.2e-05	0.20697	0.00334	0.01299	0.02447
10	0.00025	0.00019	0.00022	0.00022	0.00027	0.00017	0.00016	0.00029	0.01706	0.00050	0.07851	0.15052	0.51266	0.02663	0.01230	0.10292	0.00011	0.00656	0.00015	0.09030
11	0.90944	0.00035	0.00028	0.00024	0.00036	0.00039	0.00020	0.00054	0.00032	0.02497	0.00027	0.00031	0.00021	0.00017	0.00012	5.4e-05	0.00014	0.00010	0.00011	0.06143
12	0.00026	0.00019	0.00572	0.00025	0.00029	0.00017	0.00564	0.00033	0.01769	0.02201	0.48066	0.39517	0.01094	0.00045	0.00022	6.5e-05	0.00010	0.05108	0.00860	0.00017
13	0.00040	0.00032	0.00037	0.00027	0.00042	0.00024	0.00022	0.01861	0.00040	0.06698	0.02818	0.02649	0.00035	0.00016	0.00014	3.2e-05	0.00013	0.00013	0.01078	0.84537
14	0.00027	0.00022	0.00459	0.11048	0.07068	0.00372	0.02462	0.00423	0.00796	0.00408	0.01821	0.53770	0.06219	0.01125	0.06254	8.5e-05	0.00440	0.07246	0.00015	0.00017
15	0.00047	0.00038	0.00040	0.00036	0.00045	0.03255	0.00597	0.11092	0.65914	0.02392	0.00068	0.00866	0.00055	0.09031	0.00573	7.3e-05	0.00016	0.05141	0.00759	0.00026
16	0.00024	0.00017	0.00022	0.00024	0.00026	0.00016	0.00017	0.00028	0.00037	0.01798	0.09393	0.59666	0.16718	0.07501	0.00028	0.00701	0.00011	0.03939	0.00017	0.00015
17	0.00522	0.00020	0.00026	0.00026	0.00030	0.00019	0.00018	0.02665	0.00836	0.17192	0.01117	0.58376	0.01855	0.12188	0.00032	0.02796	0.00013	0.01238	0.01016	0.00018
18	0.04641	0.02264	0.11703	0.36868	0.05842	0.06705	0.05389	0.07544	0.01427	0.04089	0.00035	0.00357	0.00027	0.00021	0.00354	6.1e-05	0.10719	0.01061	0.00569	0.00381
19	0.00686	0.00020	0.00026	0.00568	0.00389	0.00019	0.00795	0.01391	0.01191	0.06404	0.01905	0.45420	0.07847	0.02301	0.00424	7.7e-05	0.00013	0.29624	0.00952	0.00017
20	0.02748	0.14293	0.07821	0.06683	0.04012	0.04566	0.02566	0.05832	0.13265	0.05495	0.00975	0.00555	0.00033	0.00018	0.00016	4.6e-05	0.00597	0.00547	0.00390	0.29584

[dist]
# distance from previous block
# <min> <max>
2	7

[block]
# block no. 7 follows, 1899 sequences, length 25
# corresponding to MSA columns:
# 1426-1428,1430-1434,1436-1438,1441,1443,1445-1448,1450-1452,1454-1458
name=unknown_H
#
# <colnr> <probs for GDERKNQSTAVLIFYWHMCP>
#	G	D	E	R	K	N	Q	S	T	A	V	L	I	F	Y	W	H	M	C	P
0	0.00849	0.17369	0.37300	0.13943	0.04508	0.01866	0.12697	0.01313	0.01730	0.02823	0.00899	0.00363	0.00312	0.00322	0.00436	5.6e-05	0.01505	0.00015	0.00246	0.01498
1	0.01910	0.00022	0.00029	0.01798	0.05605	0.00022	0.00333	0.01661	0.00536	0.10030	0.15140	0.03920	0.10408	0.26873	0.18180	0.00672	0.00397	0.01621	0.00824	0.00017
2	0.13196	0.00028	0.00034	0.00029	0.00039	0.00026	0.00023	0.00582	0.00514	0.56611	0.03092	0.14091	0.03570	0.00030	0.00020	0.03430	0.00014	0.01286	0.03361	0.00025
3	0.00026	0.00019	0.00024	0.00022	0.00027	0.00017	0.00017	0.00034	0.00640	0.00862	0.78606	0.00944	0.17317	0.00658	0.00022	5.9e-05	8.9e-05	0.00716	0.00019	0.00017
4	0.00025	0.00018	0.00022	0.00023	0.00026	0.00017	0.00436	0.00778	0.00040	0.01097	0.19127	0.27529	0.32047	0.11905	0.01324	8.1e-05	0.00012	0.04518	0.01033	0.00015
5	0.00037	0.00093	0.97249	0.00052	0.00079	0.00042	0.02084	0.00058	0.00038	0.00058	0.00033	0.00039	0.00023	0.00017	0.00017	5.8e-05	0.00027	0.00014	7.7e-05	0.00027
6	0.00028	0.00021	0.00532	0.00030	0.00034	0.01728	0.00474	0.00035	0.00681	0.01681	0.02854	0.30375	0.09346	0.00442	0.00024	7.7e-05	0.00537	0.51138	0.00017	0.00016
7	0.94445	0.00035	0.00028	0.01733	0.00037	0.00040	0.00020	0.00055	0.00032	0.03406	0.00027	0.00031	0.00021	0.00017	0.00012	5.6e-05	0.00014	0.00010	0.00012	0.00020
8	0.00042	0.00025	0.00035	0.00034	0.00041	0.00024	0.04076	0.01136	0.03465	0.22716	0.02022	0.00155	0.07112	0.00041	0.00023	7.3e-05	0.00016	0.58270	0.00739	0.00021
9	0.02716	0.15686	0.01274	0.08062	0.00483	0.41892	0.00453	0.28115	0.00537	0.00571	0.00033	0.00037	0.00026	0.00019	0.00016	4.9e-05	0.00026	0.00013	0.00012	0.00024
10	0.12785	0.01834	0.05651	0.13314	0.04022	0.03943	0.02106	0.01493	0.00807	0.03816	0.00494	0.00653	0.00027	0.00963	0.00447	6.9e-05	0.46451	0.00641	0.00525	0.00021
11	0.00749	0.00029	0.00678	0.06929	0.05572	0.00026	0.06362	0.01398	0.01013	0.09677	0.04414	0.12473	0.04260	0.14574	0.00434	7e-05	0.00571	0.01921	0.00268	0.28644
12	0.85580	0.02907	0.00849	0.00428	0.00819	0.03628	0.01074	0.00917	0.00417	0.00921	0.00027	0.00031	0.00021	0.00400	0.00399	5.7e-05	0.01227	0.00011	0.00320	0.00020
13	0.00039	0.13552	0.71707	0.00052	0.00076	0.00047	0.13137	0.00057	0.00039	0.00056	0.00032	0.00039	0.00024	0.00017	0.00018	5.6e-05	0.01056	0.00014	7.9e-05	0.00026
14	0.00024	0.00020	0.00021	0.00022	0.00027	0.00746	0.00017	0.00030	0.02940	0.00050	0.00932	0.10611	0.72763	0.00047	0.00022	6.5e-05	0.00011	0.11679	0.00017	0.00016
15	0.01459	0.13063	0.10629	0.12150	0.03106	0.01836	0.00853	0.06875	0.04896	0.31814	0.01361	0.01501	0.00360	0.00358	0.00022	5.8e-05	0.09655	0.00017	0.00014	0.00026
16	0.00414	0.01321	0.11526	0.10383	0.02747	0.04388	0.02697	0.01328	0.01366	0.04101	0.03746	0.09235	0.01050	0.07385	0.21172	0.02760	0.03552	0.00534	0.00225	0.10072
17	0.00027	0.00020	0.00025	0.00536	0.00031	0.00457	0.00019	0.01141	0.14615	0.00528	0.01002	0.74738	0.03259	0.00050	0.00022	7.1e-05	0.00012	0.03063	0.00428	0.00017
18	0.03637	0.00037	0.00042	0.00361	0.00893	0.00405	0.00028	0.32932	0.16962	0.25019	0.12735	0.00422	0.01022	0.00532	0.00019	5.7e-05	0.00016	0.00868	0.04037	0.00027
19	0.04769	0.06611	0.12503	0.15134	0.16438	0.05985	0.08882	0.09268	0.02536	0.10100	0.00692	0.01828	0.00296	0.00322	0.00367	0.00231	0.01709	0.00329	0.00598	0.01404
20	0.00025	0.00019	0.00542	0.00025	0.00336	0.00018	0.01841	0.00459	0.00394	0.01356	0.06362	0.34077	0.39068	0.01778	0.00575	0.01009	0.00836	0.10506	0.00415	0.00358
21	0.01067	0.00028	0.00035	0.00029	0.00039	0.00026	0.00023	0.02004	0.10337	0.49837	0.29190	0.03029	0.01694	0.00604	0.00467	5.9e-05	0.00013	0.00024	0.01522	0.00025
22	0.01599	0.00486	0.07617	0.33166	0.15729	0.03561	0.18065	0.02803	0.00828	0.04394	0.00685	0.02856	0.00324	0.00270	0.00563	6e-05	0.02964	0.00817	0.01833	0.01433
23	0.00038	0.00032	0.00037	0.00027	0.00043	0.00024	0.00022	0.00951	0.00039	0.01730	0.00932	0.00694	0.00764	0.00015	0.00014	2.9e-05	0.00013	0.00633	0.01068	0.92922
24	0.00692	0.42515	0.05217	0.01956	0.04337	0.06002	0.05909	0.03415	0.12469	0.00342	0.00928	0.00762	0.00031	0.00286	0.00319	5.4e-05	0.14177	0.00284	0.00330	0.00024

[dist]
# distance from previous block
# <min> <max>
0	1

[block]
# block no. 8 follows, 1899 sequences, length 13
# corresponding to MSA columns:
# 1460-1466,1469,1470,1472-1474,1477
name=unknown_I
#
# <colnr> <probs for GDERKNQSTAVLIFYWHMCP>
#	G	D	E	R	K	N	Q	S	T	A	V	L	I	F	Y	W	H	M	C	P
0	0.00609	0.00547	0.00027	0.00503	0.00031	0.00570	0.00497	0.01761	0.03710	0.09727	0.43522	0.04970	0.25132	0.00742	0.01423	0.00731	0.02608	0.01743	0.01128	0.00019
1	0.14789	0.00031	0.00038	0.00848	0.00043	0.00029	0.00025	0.03333	0.01527	0.65697	0.05556	0.01093	0.01313	0.00023	0.00018	5.6e-05	0.00765	0.00777	0.04062	0.00027
2	0.03204	0.00019	0.00023	0.00024	0.00028	0.00018	0.00017	0.00034	0.02073	0.03733	0.34289	0.28962	0.21377	0.00919	0.00022	6.5e-05	0.00010	0.04096	0.01129	0.00017
3	0.00024	0.00019	0.00021	0.00021	0.00026	0.00016	0.00016	0.00030	0.00044	0.01298	0.31096	0.06646	0.56175	0.01339	0.01184	6.5e-05	9.9e-05	0.01996	0.00018	0.00016
4	0.00048	0.00046	0.00042	0.00038	0.00047	0.18873	0.00029	0.01968	0.67645	0.00069	0.02746	0.04308	0.01605	0.00026	0.00019	5.9e-05	0.01202	0.00021	0.01239	0.00026
5	0.00561	0.00069	0.00561	0.00812	0.00619	0.67196	0.00625	0.02354	0.08126	0.01943	0.00738	0.06477	0.00896	0.00525	0.00019	0.00479	0.02536	0.04542	0.00901	0.00021
6	0.00032	0.00020	0.00024	0.00022	0.00029	0.00018	0.00017	0.00039	0.01252	0.14773	0.26818	0.06662	0.47642	0.01338	0.00022	6.2e-05	0.00010	0.00034	0.01224	0.00018
7	0.54512	0.00685	0.02639	0.00572	0.00043	0.00037	0.05910	0.04131	0.00944	0.21325	0.00750	0.02408	0.00032	0.01498	0.00838	6.1e-05	0.01466	0.01333	0.00848	0.00023
8	0.03145	0.03455	0.17591	0.06457	0.00934	0.00965	0.02822	0.02641	0.11027	0.16255	0.04704	0.03066	0.02029	0.00506	0.02022	5.9e-05	0.03867	0.00754	0.01798	0.15957
9	0.03243	0.00903	0.07958	0.00034	0.00047	0.01032	0.00030	0.12034	0.02357	0.60466	0.07638	0.00062	0.00050	0.00023	0.00018	5.6e-05	0.00016	0.00018	0.04038	0.00028
10	0.00040	0.00040	0.00056	0.00048	0.00048	0.00056	0.00040	0.00044	0.00028	0.00044	0.00024	0.00040	0.00024	0.00032	0.00060	8e-05	0.99328	0.00016	8e-05	0.00020
11	0.00025	0.00019	0.00025	0.00026	0.00030	0.00018	0.03194	0.01411	0.01651	0.01232	0.06068	0.54481	0.24664	0.00966	0.00023	7e-05	0.00011	0.05268	0.00865	0.00016
12	0.18371	0.02032	0.64754	0.00045	0.00878	0.00041	0.02562	0.01707	0.00039	0.05479	0.00768	0.01336	0.00027	0.00019	0.00017	5.8e-05	0.00781	0.01102	9.7e-05	0.00025

[dist]
# distance from previous block
# <min> <max>
4	6

[block]
# block no. 9 follows, 1899 sequences, length 13
# corresponding to MSA columns:
# 1492,1495-1499,1502-1505,1507-1509
name=unknown_J
#
# <colnr> <probs for GDERKNQSTAVLIFYWHMCP>
#	G	D	E	R	K	N	Q	S	T	A	V	L	I	F	Y	W	H	M	C	P
0	0.01292	0.15581	0.48989	0.03734	0.04035	0.01222	0.03194	0.02367	0.01540	0.09986	0.00689	0.02294	0.00429	0.00927	0.00807	0.00400	0.00770	0.00567	0.00418	0.00758
1	0.37660	0.02719	0.06857	0.01639	0.07063	0.14982	0.00734	0.00912	0.01890	0.21677	0.00513	0.00043	0.00614	0.00020	0.00516	0.00470	0.00567	0.00529	0.00573	0.00024
2	0.00025	0.00019	0.00022	0.00021	0.00027	0.00017	0.00016	0.01319	0.02021	0.01750	0.37526	0.01682	0.55405	0.00042	0.00021	6e-05	9.3e-05	0.00036	0.00018	0.00017
3	0.01057	0.00028	0.00039	0.02887	0.01930	0.00025	0.00796	0.00712	0.00048	0.68105	0.05098	0.10251	0.01753	0.02065	0.01881	6.5e-05	0.00016	0.00793	0.02482	0.00027
4	0.00042	0.06843	0.12758	0.16884	0.24056	0.00775	0.13466	0.01802	0.01293	0.05562	0.01104	0.05363	0.01255	0.00023	0.00986	0.01472	0.05132	0.00586	0.00572	0.00024
5	0.06078	0.00836	0.29283	0.00038	0.00055	0.00033	0.01056	0.01118	0.02243	0.54101	0.00718	0.00054	0.00719	0.00023	0.01812	6.1e-05	0.01113	0.00017	0.00669	0.00028
6	0.00045	0.00048	0.06152	0.00100	0.81840	0.04935	0.00054	0.00056	0.00041	0.00058	0.00034	0.00044	0.00028	0.00019	0.01769	5.9e-05	0.04719	0.00016	8.9e-05	0.00028
7	0.26383	0.00032	0.00766	0.01209	0.01961	0.00033	0.00699	0.12319	0.05866	0.22055	0.00060	0.09387	0.00785	0.02372	0.00566	0.00565	0.00016	0.11343	0.03560	0.00023
8	0.02037	0.03162	0.58458	0.02908	0.03883	0.00660	0.05805	0.05370	0.01675	0.08569	0.00893	0.00044	0.00029	0.00612	0.00020	5.9e-05	0.04537	0.00545	0.00761	0.00026
9	0.00025	0.00019	0.00021	0.00022	0.00027	0.00016	0.00016	0.01049	0.00041	0.03012	0.08512	0.26082	0.55415	0.00047	0.00022	6.4e-05	0.00010	0.03538	0.01063	0.01056
10	0.00029	0.00021	0.00027	0.00026	0.00726	0.00021	0.02727	0.00915	0.06807	0.03694	0.04834	0.21162	0.14583	0.27436	0.12377	0.00790	0.00018	0.02179	0.01035	0.00592
11	0.02401	0.20934	0.15697	0.07743	0.03247	0.02829	0.06145	0.09277	0.03425	0.16810	0.00727	0.01698	0.00683	0.00022	0.01277	5.7e-05	0.04737	0.00532	0.01041	0.00770
12	0.40878	0.01589	0.02557	0.01583	0.01133	0.02162	0.01351	0.02791	0.02197	0.20065	0.00522	0.00444	0.00468	0.04171	0.04305	0.00662	0.11306	0.00518	0.00838	0.00460

[dist]
# distance from previous block
# <min> <max>
4	34

[block]
# block no. 10 follows, 1899 sequences, length 6
# corresponding to MSA columns:
# 1570-1573,1576,1577
name=unknown_K
#
# <colnr> <probs for GDERKNQSTAVLIFYWHMCP>
#	G	D	E	R	K	N	Q	S	T	A	V	L	I	F	Y	W	H	M	C	P
0	0.00026	0.00022	0.03449	0.00024	0.00030	0.00019	0.01939	0.00034	0.03331	0.01581	0.25733	0.11143	0.39871	0.07038	0.01797	7.4e-05	0.00012	0.02316	0.01612	0.00017
1	0.00031	0.00023	0.00032	0.01432	0.00036	0.00021	0.08423	0.01424	0.02794	0.06309	0.21427	0.21901	0.19657	0.04471	0.06276	8.3e-05	0.00015	0.03250	0.02453	0.00018
2	0.01981	0.02147	0.01972	0.00038	0.01362	0.43050	0.00030	0.02585	0.01556	0.10353	0.00037	0.01559	0.00030	0.00020	0.01318	4.7e-05	0.02111	0.00013	0.02968	0.26864
3	0.17005	0.04124	0.02512	0.06062	0.05401	0.01431	0.03164	0.02061	0.03153	0.32770	0.01961	0.07583	0.01170	0.01910	0.04504	7.1e-05	0.01952	0.01602	0.01603	0.00024
4	0.02289	0.61120	0.11006	0.02236	0.01503	0.02267	0.02727	0.02134	0.01391	0.03653	0.01155	0.00037	0.00027	0.00020	0.02534	5.1e-05	0.01262	0.00012	0.01167	0.03457
5	0.02612	0.26646	0.14386	0.00038	0.01394	0.09904	0.01057	0.10709	0.01298	0.01864	0.04213	0.05120	0.01554	0.01456	0.08027	7.3e-05	0.04326	0.01023	0.01227	0.03140

[dist]
# distance from previous block
# <min> <max>
3	45

[block]
# block no. 11 follows, 1899 sequences, length 6
# corresponding to MSA columns:
# 1639-1644
name=unknown_L
#
# <colnr> <probs for GDERKNQSTAVLIFYWHMCP>
#	G	D	E	R	K	N	Q	S	T	A	V	L	I	F	Y	W	H	M	C	P
0	0.03966	0.05106	0.07387	0.13775	0.20040	0.05764	0.08706	0.03626	0.09278	0.05079	0.01664	0.02873	0.01505	0.01010	0.00906	6e-05	0.02874	0.01239	0.01193	0.04003
1	0.00913	0.01023	0.01245	0.03226	0.03648	0.01053	0.03331	0.01965	0.07904	0.02298	0.32270	0.09041	0.16910	0.01837	0.01769	0.01087	0.02137	0.01706	0.01830	0.04805
2	0.00925	0.00943	0.02114	0.06181	0.08396	0.01792	0.06365	0.01956	0.03199	0.02459	0.13811	0.19303	0.12283	0.01315	0.02335	0.06762	0.02312	0.03198	0.01600	0.02750
3	0.04711	0.04827	0.01667	0.14089	0.05304	0.01651	0.01031	0.13714	0.24364	0.04430	0.02001	0.02354	0.00044	0.07652	0.03932	0.01819	0.02707	0.01025	0.01301	0.01377
4	0.00029	0.01332	0.00024	0.00023	0.00025	0.00021	0.00015	0.01948	0.01689	0.01447	0.05304	0.01757	0.02948	0.64287	0.12027	0.01315	0.01590	0.01780	0.02425	0.00014
5	0.58821	0.01716	0.01602	0.00030	0.00041	0.02493	0.00025	0.20165	0.01829	0.06327	0.01555	0.00039	0.00028	0.01573	0.00016	5.7e-05	0.01589	0.00013	0.02110	0.00023

[dist]
# distance from previous block
# <min> <max>
26	89

[block]
# block no. 12 follows, 1899 sequences, length 20
# corresponding to MSA columns:
# 1913,1915-1921,1928-1932,1934,1936,1937,1940-1942,1945
name=unknown_M
#
# <colnr> <probs for GDERKNQSTAVLIFYWHMCP>
#	G	D	E	R	K	N	Q	S	T	A	V	L	I	F	Y	W	H	M	C	P
0	0.00769	0.00029	0.00811	0.01590	0.01389	0.00605	0.01847	0.03200	0.05653	0.09432	0.02703	0.14233	0.10196	0.04629	0.01270	5.8e-05	0.01016	0.02505	0.00933	0.37184
1	0.89840	0.00037	0.01376	0.00025	0.00037	0.02127	0.00021	0.02473	0.00033	0.01645	0.00027	0.00031	0.00021	0.00017	0.00012	5.5e-05	0.00015	0.00010	0.00011	0.02235
2	0.01509	0.03448	0.14594	0.24579	0.20586	0.00928	0.03442	0.03222	0.03612	0.07056	0.02422	0.03538	0.02791	0.01988	0.02013	0.00461	0.01077	0.01757	0.00287	0.00692
3	0.03219	0.00037	0.00690	0.00852	0.00046	0.00633	0.01009	0.00044	0.00029	0.02343	0.00029	0.00046	0.00028	0.02301	0.13276	0.00011	0.75362	0.00017	8.7e-05	0.00020
4	0.01034	0.01450	0.00045	0.00040	0.00048	0.57304	0.04024	0.00782	0.00574	0.01017	0.00837	0.03574	0.03706	0.09151	0.00717	0.04995	0.02146	0.05750	0.00578	0.02227
5	0.01900	0.00023	0.00030	0.00027	0.01381	0.00021	0.00533	0.00051	0.01648	0.29579	0.41709	0.03733	0.15087	0.01342	0.00021	6e-05	0.00449	0.00938	0.01500	0.00021
6	0.00981	0.01317	0.07798	0.03988	0.04747	0.03329	0.05879	0.10337	0.08016	0.07818	0.02102	0.12529	0.02839	0.02276	0.14716	0.00435	0.02374	0.07438	0.00442	0.00640
7	0.01375	0.03079	0.00052	0.00045	0.00055	0.89999	0.00034	0.01875	0.00730	0.00944	0.00029	0.00034	0.00024	0.00019	0.00016	4.7e-05	0.00031	0.00012	0.00742	0.00899
8	0.02093	0.00031	0.00039	0.00032	0.00044	0.00029	0.00026	0.09563	0.03712	0.64931	0.03175	0.03149	0.02655	0.02534	0.03746	0.00497	0.00017	0.02415	0.01286	0.00028
9	0.01851	0.00021	0.00681	0.00028	0.00031	0.00019	0.00020	0.01600	0.04398	0.09237	0.03547	0.60517	0.02591	0.00631	0.00023	7.1e-05	0.00012	0.13020	0.01748	0.00018
10	0.08605	0.00028	0.00035	0.00029	0.00040	0.00026	0.00023	0.02427	0.00791	0.58481	0.05424	0.04657	0.08320	0.03648	0.01048	6.5e-05	0.00015	0.03507	0.01859	0.01030
11	0.03131	0.00029	0.00038	0.00030	0.00042	0.00026	0.00025	0.03136	0.02187	0.69129	0.16937	0.00077	0.02323	0.00026	0.00019	5.7e-05	0.00014	0.00734	0.02065	0.00027
12	0.00516	0.00024	0.00029	0.00027	0.00034	0.00022	0.00021	0.04253	0.06983	0.24850	0.05937	0.27580	0.20061	0.02746	0.01643	0.00782	0.00013	0.03658	0.00798	0.00021
13	0.07672	0.00031	0.01025	0.01123	0.00799	0.00029	0.00912	0.06107	0.03299	0.59307	0.00735	0.08005	0.01769	0.00583	0.04853	0.00566	0.00017	0.00697	0.02444	0.00027
14	0.01976	0.00022	0.00027	0.00025	0.00032	0.00020	0.00019	0.00835	0.02682	0.21373	0.37793	0.10193	0.14398	0.02916	0.00022	6.3e-05	0.00011	0.02897	0.04733	0.00020
15	0.23789	0.00030	0.00034	0.00029	0.00040	0.00030	0.00023	0.04094	0.02919	0.46843	0.08147	0.04590	0.03280	0.00585	0.00017	5.8e-05	0.00014	0.00737	0.04769	0.00025
16	0.00824	0.05951	0.10761	0.10544	0.10332	0.01626	0.05245	0.03988	0.02949	0.04522	0.02004	0.17241	0.04637	0.03274	0.03545	0.00577	0.07485	0.03959	0.00516	0.00021
17	0.01966	0.01573	0.07655	0.02101	0.02663	0.01772	0.03057	0.05954	0.01820	0.29613	0.06882	0.11519	0.08332	0.02359	0.02886	0.00734	0.05656	0.01782	0.01255	0.00422
18	0.00029	0.00021	0.02232	0.00352	0.00402	0.00358	0.01018	0.00890	0.00621	0.07007	0.10180	0.50427	0.04506	0.11278	0.04861	0.00369	0.00375	0.03610	0.01447	0.00017
19	0.70901	0.05261	0.03797	0.00937	0.03557	0.04873	0.02269	0.00911	0.00687	0.02429	0.00463	0.00034	0.00023	0.00018	0.00014	5.6e-05	0.03355	0.00434	0.00011	0.00021

[dist]
# distance from previous block
# <min> <max>
4	11

[block]
# block no. 13 follows, 1899 sequences, length 6
# corresponding to MSA columns:
# 1967-1971,1975
name=unknown_N
#
# <colnr> <probs for GDERKNQSTAVLIFYWHMCP>
#	G	D	E	R	K	N	Q	S	T	A	V	L	I	F	Y	W	H	M	C	P
0	0.02670	0.07952	0.19691	0.04599	0.12957	0.02392	0.08739	0.06589	0.03177	0.08453	0.03298	0.04715	0.03336	0.01235	0.01098	0.00864	0.02450	0.01576	0.01349	0.02858
1	0.01717	0.00023	0.01434	0.00025	0.00032	0.00020	0.00019	0.02271	0.01783	0.17915	0.12855	0.11480	0.39710	0.01858	0.00022	6.4e-05	0.00012	0.05435	0.01916	0.01468
2	0.02219	0.03135	0.01465	0.06133	0.09763	0.01404	0.13051	0.03712	0.05023	0.24204	0.08754	0.03737	0.07025	0.01723	0.01004	6.3e-05	0.01571	0.03335	0.01558	0.01180
3	0.02441	0.03670	0.10303	0.07971	0.11569	0.04111	0.14914	0.04391	0.03505	0.13683	0.01441	0.08138	0.01434	0.01616	0.00950	6.2e-05	0.01535	0.02906	0.01830	0.03586
4	0.41985	0.02815	0.01239	0.01433	0.02007	0.01349	0.01882	0.05392	0.01696	0.29279	0.01632	0.01152	0.03095	0.00022	0.01133	5.9e-05	0.01698	0.00015	0.01008	0.01163
5	0.00026	0.00018	0.00023	0.00026	0.00028	0.00018	0.00018	0.02337	0.03098	0.02227	0.05854	0.68456	0.07603	0.06426	0.00027	7.8e-05	0.00011	0.03763	0.00017	0.00016

[dist]
# distance from previous block
# <min> <max>
18	39

[block]
# block no. 14 follows, 1899 sequences, length 21
# corresponding to MSA columns:
# 2044-2049,2055-2069
name=unknown_O
#
# <colnr> <probs for GDERKNQSTAVLIFYWHMCP>
#	G	D	E	R	K	N	Q	S	T	A	V	L	I	F	Y	W	H	M	C	P
0	0.00024	0.00018	0.00021	0.00022	0.00026	0.00016	0.00016	0.00028	0.00040	0.00710	0.21052	0.35704	0.34376	0.04767	0.01029	7.3e-05	0.00010	0.01065	0.01053	0.00015
1	0.00023	0.00018	0.00020	0.00022	0.00026	0.00016	0.00016	0.00027	0.00039	0.00050	0.07644	0.36100	0.49162	0.01596	0.01173	0.00876	0.00011	0.03151	0.00017	0.00015
2	0.00054	0.61835	0.00736	0.00826	0.00531	0.17943	0.00473	0.12612	0.00046	0.00617	0.00661	0.01128	0.00027	0.00579	0.00014	4.4e-05	0.00593	0.00012	0.01285	0.00024
3	0.02268	0.80774	0.16455	0.00034	0.00052	0.00066	0.00037	0.00055	0.00037	0.00046	0.00026	0.00031	0.00023	0.00016	0.00013	4.2e-05	0.00021	0.00010	7.8e-05	0.00024
4	0.00698	0.00036	0.00040	0.00033	0.00044	0.00038	0.00027	0.28696	0.29429	0.15120	0.12229	0.00070	0.01942	0.00027	0.01702	6e-05	0.00015	0.00020	0.09800	0.00027
5	0.00026	0.00019	0.00029	0.00029	0.00032	0.00022	0.00022	0.00032	0.00029	0.00042	0.00049	0.00072	0.00046	0.02506	0.94984	0.01968	0.00047	0.00020	9.7e-05	0.00016
6	0.00066	0.00083	0.00052	0.00048	0.03102	0.92641	0.00036	0.01288	0.00051	0.00046	0.00030	0.00037	0.00026	0.00019	0.00017	4.8e-05	0.00032	0.02389	9.6e-05	0.00021
7	0.02270	0.00034	0.00045	0.00035	0.00049	0.00032	0.02406	0.13799	0.00056	0.80976	0.00066	0.00058	0.00042	0.00022	0.00018	5.6e-05	0.00016	0.00018	0.00021	0.00031
8	0.03680	0.00075	0.00052	0.00045	0.00056	0.71184	0.01595	0.20691	0.00058	0.02352	0.00032	0.00036	0.00025	0.00019	0.00017	4.9e-05	0.00029	0.00013	0.00012	0.00023
9	0.00503	0.00832	0.01224	0.00028	0.00535	0.00024	0.00414	0.00830	0.01243	0.00723	0.11931	0.03067	0.00433	0.00579	0.00401	3.6e-05	0.00013	0.00015	0.00012	0.77189
10	0.11325	0.13853	0.09361	0.00406	0.02463	0.00856	0.04427	0.04938	0.23483	0.13524	0.02595	0.06114	0.00819	0.00024	0.00650	5.7e-05	0.01061	0.00818	0.00014	0.03260
11	0.00072	0.00046	0.00052	0.00040	0.00054	0.00049	0.00033	0.75914	0.00078	0.23399	0.00050	0.00048	0.00034	0.00022	0.00018	5.5e-05	0.00019	0.00017	0.00019	0.00031
12	0.00031	0.00021	0.00029	0.00031	0.00035	0.00021	0.00026	0.01471	0.02136	0.04656	0.12807	0.08545	0.02676	0.01838	0.00526	7.9e-05	0.00015	0.64526	0.00583	0.00018
13	0.03031	0.01463	0.05033	0.22054	0.29237	0.02106	0.02097	0.02036	0.07872	0.08619	0.00821	0.04815	0.06486	0.00023	0.00019	5.8e-05	0.00849	0.01199	0.02213	0.00024
14	0.00404	0.00422	0.03737	0.03478	0.00482	0.01074	0.01421	0.08145	0.00995	0.69934	0.02171	0.05856	0.00682	0.00025	0.00019	5.8e-05	0.00368	0.00736	0.00020	0.00029
15	0.05478	0.00031	0.00039	0.00031	0.00043	0.00029	0.00025	0.10039	0.02003	0.62499	0.11411	0.00625	0.04020	0.00026	0.00018	5.7e-05	0.00015	0.02113	0.01522	0.00027
16	0.00596	0.00019	0.00022	0.00024	0.00028	0.00017	0.00017	0.00522	0.01261	0.06578	0.07375	0.48322	0.30189	0.03222	0.00547	7.2e-05	0.00011	0.01209	0.00017	0.00016
17	0.01279	0.25322	0.23801	0.02998	0.07687	0.03223	0.10804	0.04978	0.04185	0.09720	0.00464	0.00398	0.00373	0.00019	0.00546	5.5e-05	0.04147	0.00015	0.00011	0.00026
18	0.00879	0.00889	0.00853	0.00029	0.00036	0.01032	0.01231	0.07159	0.19747	0.07309	0.35294	0.15116	0.03003	0.01850	0.01726	0.01069	0.00293	0.01528	0.00641	0.00316
19	0.00479	0.00018	0.00023	0.00025	0.00027	0.00017	0.00506	0.00531	0.01609	0.04283	0.04292	0.64886	0.01977	0.16752	0.00034	8.9e-05	0.00012	0.03246	0.01258	0.00015
20	0.12106	0.01504	0.03126	0.03625	0.10811	0.03186	0.04885	0.14361	0.03577	0.32162	0.01543	0.01958	0.00040	0.00330	0.01721	0.00302	0.00777	0.02232	0.01726	0.00026

[dist]
# distance from previous block
# <min> <max>
4	22

[block]
# block no. 15 follows, 1899 sequences, length 12
# corresponding to MSA columns:
# 2112,2115-2123,2127,2128
name=unknown_P
#
# <colnr> <probs for GDERKNQSTAVLIFYWHMCP>
#	G	D	E	R	K	N	Q	S	T	A	V	L	I	F	Y	W	H	M	C	P
0	0.01327	0.00698	0.00552	0.45335	0.30415	0.00517	0.01351	0.02520	0.04137	0.01402	0.01495	0.01811	0.00032	0.00548	0.00561	6.1e-05	0.05492	0.00587	0.00584	0.00632
1	0.00802	0.00019	0.00023	0.00023	0.00847	0.00017	0.00016	0.00032	0.01522	0.02072	0.29386	0.09105	0.38078	0.01767	0.01417	0.11632	0.00011	0.01303	0.01915	0.00016
2	0.02221	0.00024	0.00031	0.00028	0.00036	0.00022	0.00022	0.00055	0.01185	0.41193	0.06570	0.28640	0.03439	0.04224	0.00991	7.1e-05	0.00014	0.09259	0.02017	0.00022
3	0.00027	0.00019	0.00024	0.00023	0.00028	0.00017	0.00017	0.00035	0.00048	0.04288	0.66891	0.06185	0.16322	0.01267	0.01387	6.4e-05	9.9e-05	0.01536	0.01853	0.00017
4	0.00026	0.00018	0.00023	0.00026	0.00028	0.00017	0.00018	0.01074	0.01384	0.03267	0.09721	0.69671	0.04838	0.03934	0.00026	7.5e-05	0.00011	0.05879	0.00017	0.00016
5	0.84161	0.00035	0.00029	0.00026	0.00037	0.00040	0.00021	0.03113	0.02340	0.10013	0.00032	0.00034	0.00023	0.00018	0.00012	5.6e-05	0.00014	0.00011	0.00013	0.00021
6	0.01625	0.71548	0.05831	0.00656	0.01271	0.02742	0.00598	0.02555	0.05901	0.04032	0.00594	0.00036	0.00028	0.00624	0.00632	4.6e-05	0.00635	0.00012	9.5e-05	0.00666
7	0.00028	0.00020	0.00028	0.00031	0.00035	0.00020	0.00027	0.00036	0.00041	0.00054	0.01681	0.03402	0.08111	0.02440	0.00026	8.3e-05	0.00016	0.82494	0.01483	0.00016
8	0.28370	0.00030	0.00847	0.07164	0.13482	0.00680	0.00028	0.00670	0.00616	0.12666	0.00676	0.29304	0.00058	0.01932	0.00919	6.6e-05	0.00881	0.00973	0.00678	0.00021
9	0.01775	0.01901	0.92252	0.00051	0.00077	0.00043	0.01798	0.00058	0.00039	0.01796	0.00033	0.00039	0.00023	0.00017	0.00017	5.7e-05	0.00026	0.00014	8e-05	0.00027
10	0.00024	0.00017	0.00023	0.00027	0.00028	0.00016	0.01308	0.00029	0.01246	0.01710	0.03686	0.84725	0.01520	0.00054	0.00023	7.3e-05	0.00011	0.05511	0.00017	0.00016
11	0.95293	0.00035	0.00027	0.00024	0.00036	0.00040	0.00020	0.00055	0.00032	0.04268	0.00027	0.00031	0.00021	0.00017	0.00012	5.6e-05	0.00014	0.00010	0.00012	0.00020

[dist]
# distance from previous block
# <min> <max>
1	3

[block]
