[name]
unknown

[dist]
# distance from previous block
# <min> <max>
1	52

[block]
# block no. 0 follows, 3524 sequences, length 15
# corresponding to MSA columns:
# 82-96
name=unknown_A
#
# <colnr> <probs for GDERKNQSTAVLIFYWHMCP>
#	G	D	E	R	K	N	Q	S	T	A	V	L	I	F	Y	W	H	M	C	P
0	0.01291	0.00712	0.00019	0.00890	0.03470	0.01058	0.01529	0.04332	0.04035	0.32731	0.22758	0.01141	0.20506	0.00720	0.00443	3.2e-05	0.00613	0.00014	0.00010	0.03726
1	0.08229	0.00497	0.10383	0.03885	0.12911	0.02054	0.04385	0.05133	0.02924	0.06701	0.07329	0.01424	0.07221	0.01859	0.04306	3.5e-05	0.00536	0.01181	6.9e-05	0.19030
2	0.00646	0.00809	0.04396	0.09633	0.47433	0.02218	0.08234	0.06209	0.01344	0.03283	0.03962	0.02166	0.02671	0.00013	0.03296	3.5e-05	0.01372	0.00419	5.9e-05	0.01885
3	0.04405	0.01544	0.03655	0.70371	0.07392	0.00610	0.00563	0.00770	0.00727	0.01269	0.00722	0.00030	0.04350	0.00553	0.00010	3.3e-05	0.01382	0.01024	5e-05	0.00615
4	0.02485	0.09435	0.20735	0.04654	0.11167	0.05678	0.08744	0.01282	0.03373	0.01790	0.04524	0.02449	0.03375	0.00586	0.00870	3e-05	0.03658	0.00465	5.7e-05	0.14720
5	0.00420	0.00447	0.01350	0.01079	0.00850	0.00647	0.00010	0.00520	0.02075	0.00801	0.37774	0.17547	0.27172	0.00854	0.04733	0.00794	0.01044	0.00019	9.3e-05	0.01855
6	0.02683	0.00547	0.03906	0.01309	0.07121	0.01842	0.03887	0.01798	0.09254	0.02712	0.06262	0.40524	0.04663	0.02377	0.00012	3.6e-05	0.00438	0.04671	8.2e-05	0.05983
7	0.05149	0.05120	0.00628	0.01068	0.05070	0.04818	0.01433	0.01178	0.02926	0.08667	0.04428	0.01674	0.01385	9.6e-05	8.2e-05	2.1e-05	8.4e-05	7.7e-05	6.7e-05	0.56414
8	0.00027	0.89276	0.01405	0.00018	0.00026	0.02650	0.00017	0.00030	0.00020	0.02930	0.00014	0.00017	0.00013	8.9e-05	7.4e-05	2.2e-05	0.03516	5.6e-05	4.5e-05	0.00013
9	0.00837	0.00018	0.00492	0.00641	0.00023	0.01041	0.00531	0.04002	0.02239	0.11261	0.01407	0.01319	0.04445	0.01747	0.01507	2.3e-05	0.00721	0.00615	7e-05	0.67145
10	0.00020	0.00017	0.00026	0.16205	0.31815	0.00018	0.01032	0.02931	0.05740	0.03537	0.22423	0.03124	0.09526	0.00710	0.00011	3.2e-05	0.00647	0.02195	7.5e-05	0.00012
11	0.00016	0.03518	0.00019	0.00017	0.02924	0.00014	0.03794	0.00018	0.00696	0.00023	0.00026	0.00714	0.00026	0.27368	0.54939	0.00763	0.04422	0.00011	0.00683	8.6e-05
12	0.33204	0.06091	0.05389	0.01689	0.04957	0.31891	0.03727	0.04239	0.00579	0.00995	0.03520	0.00021	0.00016	0.00696	9.1e-05	2.9e-05	0.02950	7e-05	5.8e-05	0.00012
13	0.00033	0.21613	0.05781	0.00720	0.00031	0.10405	0.02630	0.54831	0.00738	0.00756	0.00021	0.00698	0.00016	0.00011	9.3e-05	2.8e-05	0.01049	0.00634	7.6e-05	0.00015
14	0.00021	0.00605	0.12368	0.11140	0.21074	0.00414	0.08395	0.02481	0.05039	0.01911	0.14597	0.05544	0.02963	0.00467	0.00497	3.2e-05	0.03365	0.00498	0.00532	0.08088

[dist]
# distance from previous block
# <min> <max>
0	6

[block]
# block no. 1 follows, 3524 sequences, length 31
# corresponding to MSA columns:
# 103-133
name=unknown_B
#
# <colnr> <probs for GDERKNQSTAVLIFYWHMCP>
#	G	D	E	R	K	N	Q	S	T	A	V	L	I	F	Y	W	H	M	C	P
0	0.00550	0.01352	0.02717	0.01014	0.03152	0.00866	0.02389	0.00568	0.04226	0.00571	0.22981	0.50132	0.07217	0.00024	0.00012	3.6e-05	0.00319	0.01888	9e-05	9.4e-05
1	0.00015	0.00010	0.00013	0.00013	0.00015	9.4e-05	9.4e-05	0.00893	0.00026	0.04816	0.62506	0.19983	0.10575	0.00537	0.00012	3.3e-05	5.2e-05	0.00538	0.00010	9.3e-05
2	0.00779	0.00022	0.01254	0.00020	0.00027	0.02210	0.02198	0.21379	0.41934	0.26679	0.00909	0.00033	0.00025	0.00013	0.00276	3.2e-05	0.00574	0.00506	0.00718	0.00442
3	0.00023	0.00021	0.00365	0.19562	0.57702	0.00756	0.06754	0.01678	0.00343	0.01774	0.00345	0.00034	0.00020	0.00011	0.00010	3.2e-05	0.00410	0.10168	5.5e-05	0.00014
4	0.00014	9.7e-05	0.00012	0.00012	0.00013	9.6e-05	7.8e-05	0.00016	0.02601	0.01174	0.02266	0.30549	0.01417	0.56929	0.00034	7.1e-05	8.1e-05	0.04358	0.00556	7.2e-05
5	0.00721	0.00010	0.00012	0.00012	0.00015	9.3e-05	9.2e-05	0.00534	0.00727	0.00811	0.31647	0.00752	0.53938	0.00023	0.00012	3.4e-05	5.4e-05	0.10739	9.7e-05	8.9e-05
6	0.00823	0.00470	0.00028	0.05548	0.00981	0.83626	0.00558	0.02564	0.01212	0.01568	0.00402	0.00019	0.00014	0.00010	9.1e-05	2.6e-05	0.00710	6.8e-05	0.01436	0.00012
7	0.00895	0.00428	0.00246	0.22913	0.22569	0.07347	0.01721	0.06334	0.01189	0.04207	0.08376	0.00281	0.05633	0.00013	0.00994	3.3e-05	0.07900	0.02480	0.06457	0.00012
8	0.00013	9.9e-05	0.00012	0.00013	0.00015	9.2e-05	9.6e-05	0.01158	0.00631	0.00030	0.27543	0.33814	0.24622	0.01045	0.00013	3.7e-05	5.7e-05	0.11033	9.6e-05	8.7e-05
9	0.00016	0.00012	0.00016	0.00018	0.00020	0.01434	0.00015	0.00020	0.00022	0.00029	0.00052	0.08476	0.00057	0.00027	0.00013	4.5e-05	8.9e-05	0.89741	9e-05	9e-05
10	0.00473	0.00282	0.04459	0.07700	0.10079	0.00224	0.03685	0.01200	0.00525	0.00235	0.11331	0.32885	0.05714	0.03440	0.10699	0.03786	0.00998	0.02267	7.4e-05	9.8e-05
11	0.02712	0.61400	0.03140	0.03046	0.01203	0.04713	0.02764	0.12028	0.00023	0.01135	0.00016	0.00019	0.00013	9.7e-05	9.2e-05	2.5e-05	0.07167	0.00284	0.00302	0.00013
12	0.99724	0.00019	0.00014	0.00013	0.00019	0.00022	0.00011	0.00029	0.00017	0.00044	0.00014	0.00016	0.00011	9.1e-05	6.1e-05	3e-05	7.6e-05	5.3e-05	6.1e-05	0.00011
13	0.00838	0.00024	0.00737	0.00679	0.95752	0.00632	0.01134	0.00030	0.00022	0.00032	0.00018	0.00024	0.00015	8.8e-05	9.7e-05	2.9e-05	0.00012	8.8e-05	4.9e-05	0.00015
14	0.00024	0.00023	0.00038	0.12136	0.84640	0.00469	0.00495	0.00030	0.00022	0.00529	0.00019	0.00519	0.00016	0.00531	0.00010	3e-05	0.00469	8.9e-05	4.9e-05	0.00015
15	0.15883	0.00891	0.01277	0.00021	0.00028	0.06386	0.00966	0.59845	0.02774	0.09508	0.00537	0.01167	0.00018	0.00359	0.00296	3e-05	0.00010	8.6e-05	9e-05	0.00015
16	0.00752	0.00014	0.00016	0.00322	0.03944	0.00293	0.00375	0.00027	0.25787	0.02806	0.35360	0.13843	0.15760	0.00020	0.00011	3.3e-05	6.2e-05	0.00302	0.00349	0.00011
17	0.00967	0.00018	0.00023	0.00018	0.00025	0.00016	0.00015	0.07919	0.00983	0.87490	0.00038	0.00033	0.01043	0.00012	9.8e-05	3e-05	8.5e-05	9.9e-05	0.01354	0.00016
18	0.00316	0.00037	0.52019	0.04034	0.00633	0.00663	0.16237	0.05711	0.04352	0.05619	0.00517	0.00928	0.00319	0.02375	0.05041	4e-05	0.00279	0.00543	0.00360	0.00014
19	0.05829	0.01262	0.02599	0.32600	0.28096	0.06556	0.01061	0.10814	0.05323	0.03003	0.00308	0.00025	0.00016	0.00262	0.00315	0.00359	0.01333	0.00222	5.8e-05	0.00013
20	0.00013	0.00010	0.00011	0.00011	0.00014	0.00475	8e-05	0.00477	0.00543	0.01119	0.06298	0.05196	0.84625	0.00025	0.00012	3.4e-05	5.2e-05	0.01139	9.3e-05	8.5e-05
21	0.00014	9.9e-05	0.00012	0.00012	0.00014	9.2e-05	8.6e-05	0.00017	0.00657	0.00462	0.51224	0.13839	0.08797	0.18792	0.00019	4.5e-05	5.9e-05	0.02634	0.03460	8.5e-05
22	0.00015	0.00011	0.00017	0.00017	0.01398	0.00013	0.00013	0.01864	0.00618	0.02127	0.00026	0.00038	0.00024	0.00562	0.92429	0.00015	0.00786	0.00010	5.5e-05	9.2e-05
23	0.33161	0.23812	0.04016	0.00883	0.06118	0.06668	0.03268	0.11059	0.06824	0.02944	0.00598	0.00020	0.00015	9.9e-05	0.00270	2.8e-05	0.00306	6.9e-05	6.3e-05	0.00013
24	0.00700	0.00017	0.00023	0.00018	0.00025	0.00015	0.00015	0.04944	0.00935	0.91696	0.00038	0.00033	0.00024	0.00012	9.8e-05	3e-05	8.4e-05	9.8e-05	0.01457	0.00017
25	0.00013	9.4e-05	0.00012	0.00013	0.00014	9e-05	8.9e-05	0.00015	0.00018	0.00024	0.01994	0.45140	0.04596	0.33411	0.00025	5.9e-05	7.4e-05	0.13355	0.01322	7.5e-05
26	0.03100	0.38480	0.34199	0.01164	0.06535	0.03559	0.01537	0.02203	0.02316	0.03618	0.01440	0.00914	0.00016	0.00249	8.4e-05	2.7e-05	0.00269	0.00369	5e-05	0.00014
27	0.04330	0.00373	0.02102	0.06122	0.07629	0.02383	0.08637	0.01404	0.10637	0.03416	0.05418	0.14825	0.27462	0.00570	0.00463	0.00300	0.01078	0.02833	8e-05	0.00011
28	0.00377	0.00011	0.00012	0.00012	0.00015	9.4e-05	9.1e-05	0.00599	0.00670	0.08158	0.28561	0.13420	0.42311	0.01398	0.00012	3.4e-05	5.5e-05	0.02670	0.01737	9.3e-05
29	0.07821	0.01606	0.20812	0.09931	0.18332	0.02560	0.11412	0.06979	0.00903	0.17506	0.00792	0.00243	0.00240	0.00280	0.00224	3.1e-05	0.00327	8.8e-05	6.5e-05	0.00014
30	0.02499	0.06529	0.49714	0.00900	0.12772	0.01611	0.07759	0.04463	0.03036	0.07496	0.00476	0.00451	0.01181	0.00233	9.6e-05	3.1e-05	0.00499	0.00348	5.5e-05	0.00014

[dist]
# distance from previous block
# <min> <max>
3	44

[block]
# block no. 2 follows, 3524 sequences, length 35
# corresponding to MSA columns:
# 182,184-217
name=unknown_C
#
# <colnr> <probs for GDERKNQSTAVLIFYWHMCP>
#	G	D	E	R	K	N	Q	S	T	A	V	L	I	F	Y	W	H	M	C	P
0	0.00608	0.39104	0.18847	0.00234	0.03956	0.05934	0.01502	0.09479	0.06876	0.02175	0.00450	0.00279	0.01066	9.7e-05	8.4e-05	2.6e-05	0.01023	7.2e-05	5.6e-05	0.08432
1	0.07913	0.00019	0.02201	0.00583	0.00580	0.00015	0.00301	0.03081	0.00236	0.23599	0.00796	0.00245	0.00017	0.00319	0.00260	2.2e-05	0.02418	7.2e-05	0.00298	0.57109
2	0.00013	0.00276	0.00013	0.00014	0.00283	9.2e-05	0.00332	0.00262	0.00747	0.00545	0.18217	0.47721	0.16107	0.00806	0.04001	4.3e-05	6.7e-05	0.10625	9.2e-05	8.6e-05
3	0.01327	0.11320	0.57948	0.02141	0.04696	0.01294	0.03549	0.02433	0.02905	0.06230	0.02934	0.01162	0.01443	0.00010	0.00241	3e-05	0.00013	8.3e-05	5.4e-05	0.00337
4	0.00418	0.00012	0.00014	0.00014	0.00017	0.00243	0.00358	0.00347	0.10080	0.06950	0.53408	0.09173	0.13289	0.02792	0.00391	3.5e-05	5.8e-05	0.02235	0.00242	0.00010
5	0.00014	9.3e-05	0.00011	0.00012	0.00012	9.2e-05	7e-05	0.00014	0.00015	0.00020	0.01261	0.17933	0.00473	0.68410	0.00853	0.10328	8.8e-05	0.00596	6.4e-05	6.2e-05
6	0.00321	0.03592	0.36714	0.04906	0.20614	0.08881	0.02640	0.01125	0.04952	0.00429	0.00265	0.03003	0.00314	0.01088	0.00794	3.3e-05	0.08019	0.02081	0.00245	0.00013
7	0.03700	0.05426	0.17976	0.07008	0.26023	0.03085	0.15028	0.01223	0.06061	0.05106	0.04641	0.03287	0.00902	0.00011	9.9e-05	3.1e-05	0.00222	0.00268	5.9e-05	0.00014
8	0.03141	0.00017	0.00022	0.00017	0.00024	0.00015	0.00014	0.00737	0.01405	0.88124	0.04107	0.00419	0.00593	0.00013	9.8e-05	3e-05	8.1e-05	0.00010	0.01306	0.00016
9	0.00013	9.3e-05	0.00012	0.00014	0.00015	8.7e-05	9.8e-05	0.00015	0.00020	0.00027	0.09061	0.59719	0.12123	0.03712	0.00965	4.2e-05	6.3e-05	0.14248	9.1e-05	8.2e-05
10	0.02211	0.24205	0.28070	0.02907	0.13284	0.14067	0.01007	0.05817	0.01663	0.02831	0.00019	0.00309	0.01011	0.00010	0.00367	2.8e-05	0.02193	7.4e-05	5.2e-05	0.00014
11	0.00036	0.00044	0.00029	0.01195	0.03111	0.89490	0.01429	0.01582	0.00546	0.01384	0.00016	0.00346	0.00013	0.00010	9.2e-05	2.6e-05	0.00734	6.7e-05	5.3e-05	0.00012
12	0.00015	0.00011	0.00013	0.00012	0.00015	9.4e-05	9e-05	0.00511	0.00772	0.05837	0.51127	0.02512	0.37658	0.00022	0.00011	3.2e-05	5.1e-05	0.00435	0.01014	9.4e-05
13	0.01123	0.00018	0.00277	0.15527	0.29953	0.00019	0.01139	0.04443	0.10207	0.07685	0.00033	0.00508	0.01035	0.00706	0.00011	3.5e-05	0.00010	0.27282	7.3e-05	0.00013
14	0.00021	0.00018	0.00021	0.00015	0.00024	0.00014	0.00012	0.00025	0.00021	0.00033	0.00018	0.00022	0.00015	7.8e-05	7.6e-05	1.6e-05	7.6e-05	6.1e-05	6.1e-05	0.99704
15	0.00655	0.01133	0.02068	0.04100	0.00425	0.01219	0.10610	0.08583	0.09363	0.08333	0.16462	0.14051	0.03150	0.00445	0.01397	3.7e-05	0.10484	0.07288	8.3e-05	0.00223
16	0.00013	9.7e-05	0.00013	0.00013	0.00015	9e-05	0.00771	0.00017	0.00684	0.00032	0.49109	0.34810	0.09784	0.01476	0.00658	0.01068	5.5e-05	0.01495	9.8e-05	8.7e-05
17	0.00769	0.00050	0.97349	0.00028	0.00042	0.00023	0.00776	0.00031	0.00021	0.00031	0.00018	0.00021	0.00013	9.5e-05	9.4e-05	3.1e-05	0.00014	0.00772	4.2e-05	0.00014
18	0.00014	0.0001	0.00013	0.00013	0.00015	9.3e-05	9.3e-05	0.00018	0.00906	0.00038	0.85260	0.11344	0.01449	0.00021	0.00012	3.2e-05	4.8e-05	0.00019	0.00833	9.2e-05
19	0.00022	0.00021	0.00035	0.44342	0.51808	0.00023	0.00028	0.00028	0.02232	0.00029	0.00020	0.00026	0.01325	9.6e-05	9.8e-05	3.1e-05	0.00012	9e-05	4.8e-05	0.00013
20	0.00641	0.00024	0.00026	0.01194	0.00028	0.00025	0.00017	0.59953	0.10423	0.18959	0.02888	0.00028	0.00022	0.00012	9.8e-05	2.9e-05	9.7e-05	9.4e-05	0.00010	0.05718
21	0.00019	0.00017	0.00029	0.90470	0.03774	0.00021	0.00026	0.00025	0.00675	0.00026	0.02229	0.00028	0.00016	0.02092	0.00011	3.4e-05	0.00013	9.1e-05	0.00505	0.00011
22	0.00019	0.00018	0.00030	0.93920	0.02937	0.00022	0.00027	0.00026	0.02858	0.00026	0.00018	0.00026	0.00014	9.9e-05	9.8e-05	3.3e-05	0.00013	8.8e-05	4.5e-05	0.00011
23	0.00014	0.00010	0.00013	0.00012	0.00015	9.3e-05	9.3e-05	0.00018	0.00027	0.02117	0.77615	0.00077	0.17315	0.00021	0.00012	3.2e-05	4.9e-05	0.02687	0.00011	9.3e-05
24	0.96354	0.00019	0.00015	0.01898	0.00020	0.00022	0.00011	0.00029	0.00017	0.01524	0.00014	0.00016	0.00011	9.2e-05	6.2e-05	3.1e-05	7.7e-05	5.5e-05	6.2e-05	0.00011
25	0.96882	0.00019	0.00015	0.00013	0.00019	0.00022	0.00011	0.02866	0.00018	0.00045	0.00014	0.00016	0.00011	9.2e-05	6.2e-05	3e-05	7.7e-05	5.4e-05	6.2e-05	0.00011
26	0.01048	0.00019	0.00025	0.00019	0.00027	0.00019	0.03840	0.22738	0.01539	0.67007	0.03589	0.00032	0.00025	0.00012	0.0001	3e-05	9.1e-05	0.0001	0.00011	0.00016
27	0.00029	0.00030	0.00025	0.00023	0.03232	0.33120	0.00017	0.00759	0.59726	0.01309	0.01607	0.00030	0.00025	0.00012	9.7e-05	3e-05	0.00011	9.5e-05	8.2e-05	0.00014
28	0.00014	0.00010	0.00015	0.00015	0.00017	0.00012	0.00012	0.00017	0.00016	0.00023	0.00029	0.01485	0.03054	0.07122	0.88093	0.00015	0.00024	0.00011	5.5e-05	8.6e-05
29	0.00023	0.00027	0.00057	0.02122	0.00051	0.01076	0.94958	0.01500	0.00024	0.00032	0.00020	0.00026	0.00015	8.4e-05	0.00012	3.3e-05	0.00016	0.00011	5e-05	0.00013
30	0.00014	0.00010	0.00013	0.00012	0.00015	9.2e-05	9.1e-05	0.00018	0.00027	0.00038	0.88035	0.00076	0.11646	0.00021	0.00012	3.1e-05	4.7e-05	0.00018	0.00011	9.2e-05
31	0.00020	0.00017	0.00020	0.00015	0.00023	0.00013	0.00012	0.00025	0.00020	0.00032	0.00017	0.00020	0.00015	7.3e-05	7.3e-05	1.5e-05	7.3e-05	5.8e-05	5.8e-05	0.99714
32	0.01980	0.00012	0.00014	0.00293	0.00017	0.00356	0.00011	0.01096	0.08255	0.00304	0.53542	0.04509	0.13657	0.00596	0.00012	3.4e-05	5.9e-05	0.14665	0.00664	9.7e-05
33	0.00020	0.02979	0.83312	0.00027	0.00040	0.00023	0.03591	0.00030	0.00021	0.00031	0.00669	0.00022	0.01323	9.6e-05	9.8e-05	3e-05	0.02109	7.6e-05	4.4e-05	0.05768
34	0.00014	0.00010	0.00013	0.00012	0.00015	9.6e-05	9.3e-05	0.01902	0.00027	0.01178	0.80296	0.00837	0.14543	0.00537	0.00012	3.2e-05	4.9e-05	0.00018	0.00011	0.00548

[dist]
# distance from previous block
# <min> <max>
0	2

[block]
# block no. 3 follows, 3524 sequences, length 19
# corresponding to MSA columns:
# 220-235,239-241
name=unknown_D
#
# <colnr> <probs for GDERKNQSTAVLIFYWHMCP>
#	G	D	E	R	K	N	Q	S	T	A	V	L	I	F	Y	W	H	M	C	P
0	0.01119	0.02340	0.01447	0.56654	0.09211	0.06048	0.06024	0.08597	0.01464	0.02944	0.00020	0.01001	0.00395	0.00010	0.00421	3.2e-05	0.00378	8.9e-05	5.4e-05	0.01909
1	0.02154	0.00631	0.06175	0.00474	0.01798	0.00550	0.01653	0.08400	0.01291	0.12259	0.00605	0.00583	0.00338	0.00371	0.00371	2.2e-05	0.00475	0.01000	6.9e-05	0.60862
2	0.04723	0.19351	0.27766	0.09360	0.01606	0.05896	0.00453	0.08238	0.01901	0.05914	0.05576	0.01118	0.00483	0.00013	0.03014	3.3e-05	0.03759	8.3e-05	5.9e-05	0.00810
3	0.00019	0.00018	0.00029	0.92764	0.00065	0.00022	0.00026	0.03883	0.00021	0.00027	0.03021	0.00028	0.00016	0.00010	9.9e-05	3.3e-05	0.00013	9e-05	4.8e-05	0.00011
4	0.06500	0.00021	0.00034	0.42214	0.19925	0.00023	0.14895	0.06482	0.01165	0.08617	0.00020	0.00026	0.00015	9.7e-05	9.9e-05	3.2e-05	0.00012	9.1e-05	5.8e-05	0.00013
5	0.00701	0.01359	0.08059	0.02294	0.00408	0.09461	0.24474	0.02574	0.20796	0.00579	0.07722	0.06631	0.08194	0.00503	0.02618	3.6e-05	0.00378	0.03228	7.3e-05	0.00012
6	0.00033	0.00021	0.00024	0.00020	0.00608	0.00022	0.00614	0.25705	0.34739	0.31084	0.00626	0.00033	0.00581	0.01435	0.00011	3.2e-05	0.01995	0.00010	0.02420	0.00016
7	0.00013	0.0001	0.00014	0.00017	0.06879	9.5e-05	0.00011	0.00016	0.01023	0.00026	0.02159	0.78827	0.05591	0.00029	0.02129	4.1e-05	6.6e-05	0.03218	8.8e-05	8.7e-05
8	0.19837	0.00018	0.00022	0.00017	0.00024	0.00018	0.00014	0.10940	0.02442	0.65186	0.00032	0.00029	0.00021	0.00012	9.1e-05	3e-05	8.4e-05	8.9e-05	0.01342	0.00015
9	0.00014	0.00011	0.00013	0.00901	0.00017	0.00010	0.00011	0.02209	0.00713	0.00028	0.00984	0.31337	0.23218	0.05645	0.00015	4.3e-05	7.1e-05	0.34844	8.9e-05	8.6e-05
10	0.01976	0.00019	0.00032	0.72525	0.19250	0.00022	0.02351	0.01198	0.01387	0.00028	0.00018	0.00026	0.00014	9.7e-05	9.8e-05	3.2e-05	0.00013	8.8e-05	0.01098	0.00012
11	0.00019	0.00011	0.00014	0.00014	0.00014	0.05355	9.6e-05	0.03017	0.00015	0.00019	0.00019	0.03891	0.00019	0.00810	0.00954	0.85029	0.00771	9.3e-05	4.7e-05	5.3e-05
12	0.00013	9.4e-05	0.00012	0.00013	0.00015	8.6e-05	9.4e-05	0.00015	0.00883	0.00808	0.02452	0.61764	0.24991	0.00798	0.00013	3.9e-05	5.8e-05	0.08171	9.2e-05	8.3e-05
13	0.00015	0.00011	0.00014	0.02871	0.02064	0.00011	0.00010	0.00759	0.06016	0.01715	0.38067	0.09276	0.38211	0.00022	0.00011	3.3e-05	5.6e-05	0.00898	9.7e-05	9.5e-05
14	0.04833	0.12899	0.11072	0.02840	0.05081	0.16921	0.08041	0.12557	0.08041	0.05839	0.00648	0.05848	0.01918	0.01142	0.00010	3e-05	0.01107	0.01180	6.7e-05	0.00013
15	0.00553	0.00015	0.01251	0.00017	0.00021	0.01587	0.00457	0.04961	0.00023	0.33214	0.00033	0.00472	0.01122	0.17149	0.30491	8.2e-05	0.01595	0.00448	0.06572	0.00012
16	0.00879	0.00019	0.00024	0.00018	0.00026	0.00019	0.00015	0.23110	0.05104	0.65839	0.02605	0.00033	0.00720	0.00697	0.00010	3.1e-05	8.8e-05	0.0001	0.00845	0.00016
17	0.00758	0.02264	0.01534	0.78580	0.03937	0.02786	0.00776	0.05651	0.01027	0.01939	0.00019	0.00655	0.00014	0.00010	9.7e-05	3.2e-05	0.00013	8.8e-05	5e-05	0.00012
18	0.06404	0.02216	0.06321	0.01783	0.36078	0.02763	0.05367	0.09147	0.02186	0.14857	0.01105	0.07802	0.03183	0.00012	9.9e-05	3.1e-05	0.00373	0.00368	7.1e-05	0.00014

[dist]
# distance from previous block
# <min> <max>
4	8

[block]
# block no. 4 follows, 3524 sequences, length 32
# corresponding to MSA columns:
# 250-280,291
name=unknown_E
#
# <colnr> <probs for GDERKNQSTAVLIFYWHMCP>
#	G	D	E	R	K	N	Q	S	T	A	V	L	I	F	Y	W	H	M	C	P
0	0.09794	0.00545	0.00585	0.01309	0.00858	0.00528	0.00256	0.28307	0.40218	0.00589	0.00473	0.00592	0.00023	0.00013	0.00478	3.2e-05	0.00576	0.01625	0.02969	0.10258
1	0.00017	0.00012	0.00016	0.00018	0.00021	0.00012	0.00622	0.02223	0.01807	0.01472	0.00724	0.01056	0.03822	0.00703	0.00437	4.5e-05	9e-05	0.87007	9.1e-05	9.4e-05
2	0.01570	0.03097	0.12132	0.03942	0.07633	0.00248	0.02451	0.04926	0.04997	0.30150	0.14522	0.00428	0.06352	0.00278	0.01116	3.3e-05	0.02891	0.01403	0.00486	0.01375
3	0.00951	0.16209	0.35646	0.01475	0.01821	0.02117	0.08830	0.02292	0.00451	0.07063	0.04258	0.13910	0.01515	0.00214	0.00274	3.2e-05	0.01916	0.01037	6.1e-05	0.00013
4	0.01936	0.00020	0.00032	0.58117	0.33284	0.00689	0.00027	0.00858	0.00475	0.03901	0.00019	0.00026	0.00015	9.6e-05	9.7e-05	3.1e-05	0.00012	8.7e-05	0.00545	0.00013
5	0.00012	8.7e-05	0.00011	0.00014	0.00014	8.1e-05	9.1e-05	0.00014	0.00019	0.00025	0.01778	0.92401	0.03936	0.01037	0.00013	4e-05	5.7e-05	0.00672	9.1e-05	8e-05
6	0.01261	0.00018	0.00024	0.00302	0.03738	0.00016	0.00532	0.09548	0.01014	0.77774	0.01582	0.00496	0.00025	0.00649	0.00702	3.2e-05	8.8e-05	0.01470	0.00821	0.00016
7	0.20102	0.03114	0.04005	0.02878	0.07539	0.27699	0.02632	0.05104	0.00868	0.18367	0.00022	0.02874	0.00017	0.00490	0.01594	3.2e-05	0.01435	0.00352	0.00893	0.00013
8	0.00020	0.00050	0.97951	0.00028	0.00042	0.00023	0.00036	0.00031	0.00021	0.00031	0.00018	0.01673	0.00013	9.7e-05	9.4e-05	3.1e-05	0.00014	7.6e-05	4.2e-05	0.00014
9	0.00012	9.5e-05	0.00011	0.00012	0.00014	8.6e-05	8.5e-05	0.00603	0.00636	0.00026	0.02459	0.47353	0.40279	0.05820	0.00014	4e-05	5.7e-05	0.02225	0.00491	8.2e-05
10	0.00290	0.00011	0.00225	0.00235	0.00425	0.00826	0.00380	0.03182	0.00805	0.02387	0.08917	0.31882	0.22144	0.02047	0.00735	0.02409	7e-05	0.23075	9.1e-05	9e-05
11	0.00028	0.74039	0.07658	0.00018	0.00027	0.01585	0.00522	0.02260	0.00022	0.13108	0.00018	0.00646	0.00015	9.2e-05	7.2e-05	2.4e-05	0.00011	6.3e-05	5.4e-05	0.00013
12	0.02045	0.00017	0.00022	0.00017	0.00025	0.00015	0.00014	0.02596	0.00028	0.91924	0.00792	0.00033	0.00024	0.00012	9.8e-05	3e-05	8.3e-05	9.8e-05	0.02387	0.00016
13	0.00269	0.00017	0.00022	0.00018	0.00319	0.00289	0.01792	0.22004	0.01019	0.37026	0.02700	0.02657	0.02638	0.09256	0.14562	0.00231	0.03089	0.01145	0.00933	0.00013
14	0.00369	0.03731	0.15833	0.03180	0.10438	0.53161	0.03132	0.06455	0.00377	0.00469	0.00017	0.00980	0.00014	0.00010	9.6e-05	2.8e-05	0.01796	7.4e-05	5.2e-05	0.00013
15	0.29444	0.01948	0.12002	0.02913	0.07286	0.37883	0.00845	0.05979	0.00255	0.00357	0.00016	0.00272	0.00013	0.0001	0.00239	2.9e-05	0.00280	0.00240	5.5e-05	0.00012
16	0.00022	0.00463	0.17106	0.16514	0.17504	0.01497	0.08260	0.01049	0.24662	0.02100	0.01934	0.05052	0.00558	0.00012	0.00011	3.3e-05	0.02391	0.00842	6.5e-05	0.00014
17	0.99724	0.00019	0.00014	0.00013	0.00019	0.00022	0.00011	0.00029	0.00017	0.00044	0.00014	0.00016	0.00011	9.1e-05	6.1e-05	3e-05	7.6e-05	5.3e-05	6.1e-05	0.00011
18	0.21588	0.00349	0.03159	0.01122	0.00501	0.04112	0.01472	0.12163	0.08122	0.40308	0.02526	0.02875	0.00721	0.00012	0.00284	3.1e-05	0.00398	9.4e-05	9.4e-05	0.00266
19	0.01084	0.00019	0.00024	0.00019	0.00026	0.00018	0.00015	0.19186	0.05185	0.72806	0.00839	0.00683	0.00024	0.00012	9.9e-05	3.1e-05	8.8e-05	9.9e-05	0.00012	0.00017
20	0.00014	0.00010	0.00013	0.00012	0.00015	9.4e-05	9.1e-05	0.00018	0.00377	0.00851	0.58087	0.00636	0.21112	0.09188	0.03754	4.3e-05	6.3e-05	0.05331	0.00545	8.8e-05
21	0.00024	0.00023	0.00038	0.07795	0.85313	0.00023	0.00029	0.01588	0.03735	0.01308	0.00020	0.00025	0.00016	9.1e-05	9.8e-05	3e-05	0.00012	8.9e-05	5.2e-05	0.00015
22	0.00023	0.00022	0.00038	0.13078	0.83313	0.00023	0.00793	0.00030	0.01271	0.00031	0.00019	0.00025	0.00016	9.4e-05	0.00706	3.1e-05	0.00012	8.8e-05	0.00563	0.00015
23	0.00020	0.00019	0.00032	0.63402	0.33232	0.00022	0.00028	0.00027	0.00020	0.00027	0.00018	0.00027	0.00015	0.02213	0.00011	3.3e-05	0.00012	8.9e-05	0.00848	0.00012
24	0.00021	0.15525	0.74710	0.00026	0.02666	0.00910	0.00329	0.00336	0.00593	0.00506	0.01555	0.00750	0.00732	9.9e-05	9e-05	3e-05	0.00013	0.01288	4.5e-05	0.00014
25	0.00025	0.66163	0.22375	0.00020	0.00029	0.05399	0.01124	0.00624	0.01638	0.00026	0.00017	0.00019	0.02486	9.2e-05	7.4e-05	2.4e-05	0.00012	6.3e-05	4.5e-05	0.00013
26	0.00020	0.00017	0.00019	0.00017	0.00021	0.02221	0.00014	0.00405	0.52376	0.00466	0.25774	0.01058	0.07598	0.00017	0.00011	3.4e-05	0.02481	0.07458	9.8e-05	0.00013
27	0.00021	0.00021	0.01361	0.01693	0.00419	0.00028	0.00504	0.00023	0.00016	0.00024	0.02220	0.00405	0.04253	0.00839	0.02647	4.5e-05	0.85498	9.5e-05	4.7e-05	0.00011
28	0.00022	0.00021	0.00035	0.46811	0.51117	0.00023	0.00864	0.00028	0.00021	0.00940	0.00018	0.00025	0.00015	9.3e-05	9.8e-05	3.1e-05	0.00012	8.8e-05	4.7e-05	0.00013
29	0.00016	0.00012	0.00016	0.00018	0.00020	0.00012	0.00413	0.00021	0.02520	0.00549	0.02902	0.00516	0.00893	0.00027	0.00014	0.02480	8.9e-05	0.89543	9e-05	9.2e-05
30	0.00043	0.00017	0.00023	0.00017	0.00025	0.00014	0.00014	0.01204	0.00028	0.95969	0.00039	0.02507	0.00025	0.00013	0.0001	3.1e-05	8.3e-05	0.00010	0.00012	0.00017
31	0.00021	0.10793	0.82303	0.00028	0.03062	0.00025	0.02127	0.00515	0.00021	0.00510	0.00017	0.00021	0.00013	9.3e-05	9.2e-05	3e-05	0.00497	7.2e-05	4.3e-05	0.00014

[dist]
# distance from previous block
# <min> <max>
0	7

[block]
# block no. 5 follows, 3524 sequences, length 10
# corresponding to MSA columns:
# 299-308
name=unknown_F
#
# <colnr> <probs for GDERKNQSTAVLIFYWHMCP>
#	G	D	E	R	K	N	Q	S	T	A	V	L	I	F	Y	W	H	M	C	P
0	0.02596	0.00019	0.00024	0.00019	0.00026	0.00018	0.00015	0.17170	0.10204	0.69747	0.00036	0.00032	0.00023	0.00012	9.8e-05	3.1e-05	8.7e-05	9.7e-05	0.00011	0.00016
1	0.03958	0.00045	0.00027	0.00025	0.00030	0.91373	0.00019	0.04360	0.00028	0.00027	0.00016	0.00018	0.00013	0.00010	8.8e-05	2.6e-05	0.00017	6.4e-05	5.3e-05	0.00012
2	0.10211	0.00021	0.00034	0.33526	0.51522	0.00022	0.02085	0.00028	0.00021	0.00031	0.00019	0.00026	0.00015	9.6e-05	9.5e-05	3.1e-05	0.00012	0.02387	4.9e-05	0.00013
3	0.00041	0.00020	0.00023	0.00018	0.00025	0.10193	0.00015	0.02027	0.01709	0.80314	0.03808	0.00033	0.00026	0.00012	9.8e-05	3e-05	9.2e-05	9.8e-05	0.00011	0.01692
4	0.00014	9.7e-05	0.00011	0.00011	0.00012	9.9e-05	6.7e-05	0.00015	0.00014	0.00020	0.00030	0.00061	0.00034	0.87655	0.12048	0.00010	0.00012	0.00014	5.9e-05	6.3e-05
5	0.00038	0.00019	0.00023	0.00018	0.00025	0.00018	0.00015	0.24596	0.02146	0.59190	0.11724	0.00037	0.00031	0.00013	0.00010	3.1e-05	8.5e-05	0.02058	0.00011	0.00016
6	0.00021	0.00021	0.00028	0.00024	0.00024	0.02533	0.00020	0.00024	0.00016	0.00025	0.00015	0.00023	0.00014	0.00018	0.02725	4.4e-05	0.84252	8.7e-05	0.10194	0.00011
7	0.00014	9.9e-05	0.00013	0.00014	0.00015	0.00011	9.6e-05	0.00016	0.00016	0.00022	0.00033	0.13899	0.00036	0.37216	0.45189	0.00011	0.00017	0.03446	6.2e-05	7.6e-05
8	0.02009	0.00020	0.00031	0.71035	0.14146	0.05594	0.01468	0.02538	0.00021	0.03019	0.00018	0.00025	0.00014	9.8e-05	9.7e-05	3.2e-05	0.00013	8.6e-05	4.9e-05	0.00012
9	0.00017	0.00011	0.00016	0.02554	0.10191	0.00990	0.00011	0.00016	0.00015	0.00021	0.01816	0.04826	0.01178	0.15962	0.02733	0.55348	9.5e-05	0.01757	5.2e-05	0.02521

[dist]
# distance from previous block
# <min> <max>
0	32

# created by:
# /home/cegg/simao/soft/augustus-3.2.1/scripts/msa2prfl.pl ./align_prep/POG091H001O.fa
