[name]
unknown

[dist]
# distance from previous block
# <min> <max>
0	102

[block]
# block no. 0 follows, 3078 sequences, length 13
# corresponding to MSA columns:
# 685-697
name=unknown_A
#
# <colnr> <probs for GDERKNQSTAVLIFYWHMCP>
#	G	D	E	R	K	N	Q	S	T	A	V	L	I	F	Y	W	H	M	C	P
0	0.01187	0.00829	0.01468	0.01200	0.01987	0.03256	0.02947	0.02635	0.03664	0.02404	0.03149	0.03925	0.01349	0.00603	0.00015	4.7e-05	0.00475	0.67862	9.9e-05	0.01031
1	0.00598	0.00500	0.00557	0.45014	0.07973	0.14166	0.03865	0.02731	0.04822	0.06905	0.00795	0.00516	0.00579	0.00999	0.00707	3.6e-05	0.01750	0.00471	6.6e-05	0.07042
2	0.00026	0.01024	0.01632	0.01558	0.26944	0.05649	0.08128	0.05302	0.01949	0.03565	0.01572	0.13264	0.02997	0.02941	0.03199	4.5e-05	0.16886	0.00933	0.00491	0.01936
3	0.00016	0.00012	0.00018	0.00018	0.00020	0.00014	0.00014	0.00020	0.00018	0.00026	0.00030	0.00045	0.00029	0.04183	0.95461	0.00018	0.00029	0.00012	6.1e-05	9.9e-05
4	0.00023	0.03471	0.93554	0.00032	0.00048	0.00027	0.02621	0.00036	0.00024	0.00035	0.00020	0.00024	0.00014	0.00011	0.00011	3.5e-05	0.00017	8.4e-05	4.8e-05	0.00017
5	0.03306	0.00018	0.00603	0.00019	0.01071	0.01725	0.00534	0.06068	0.23215	0.01435	0.13146	0.18658	0.17738	0.00993	0.00015	4e-05	0.06785	0.02946	0.01709	0.00013
6	0.01011	0.00015	0.00018	0.00018	0.00021	0.03386	0.00014	0.01277	0.07060	0.07832	0.29898	0.12955	0.07717	0.00730	0.00014	4.2e-05	8.1e-05	0.26965	0.01046	0.00012
7	0.00016	0.00011	0.00015	0.00015	0.00016	0.00011	0.00010	0.00019	0.00969	0.00944	0.15168	0.16355	0.07539	0.31811	0.23134	0.00797	0.00013	0.02244	0.00903	9e-05
8	0.00014	0.00011	0.00013	0.00013	0.00016	9.9e-05	9.6e-05	0.00018	0.00026	0.01337	0.12686	0.14369	0.64433	0.02056	0.00014	4.1e-05	6.2e-05	0.04943	0.00011	9.7e-05
9	0.00018	0.00012	0.00015	0.00015	0.00018	0.00011	0.00758	0.00989	0.01368	0.09334	0.20750	0.40097	0.19463	0.04264	0.00738	4.4e-05	7e-05	0.01401	0.00726	0.00011
10	0.00029	0.14316	0.00717	0.25922	0.11010	0.08658	0.02148	0.15072	0.06182	0.01300	0.00650	0.01078	0.00711	0.01265	0.00644	3.7e-05	0.10261	9.9e-05	6.7e-05	0.00015
11	0.01574	0.00022	0.00646	0.00021	0.00658	0.00900	0.10248	0.02648	0.01293	0.06504	0.03184	0.00664	0.00631	0.00010	9.5e-05	2.3e-05	9.7e-05	0.00629	7.5e-05	0.70339
12	0.03004	0.37826	0.11590	0.00928	0.05455	0.10534	0.00863	0.06437	0.12722	0.03086	0.03928	0.01181	0.01533	0.00012	9.6e-05	3.1e-05	0.00013	0.00854	7.1e-05	0.00015

[dist]
# distance from previous block
# <min> <max>
7	10

[block]
# block no. 1 follows, 3078 sequences, length 9
# corresponding to MSA columns:
# 709-717
name=unknown_B
#
# <colnr> <probs for GDERKNQSTAVLIFYWHMCP>
#	G	D	E	R	K	N	Q	S	T	A	V	L	I	F	Y	W	H	M	C	P
0	0.01119	0.01363	0.01104	0.00681	0.05042	0.02282	0.01059	0.02014	0.03979	0.03857	0.27881	0.14011	0.23570	0.03948	0.01421	4.3e-05	0.00702	0.05942	0.00010	0.00011
1	0.01321	0.15297	0.45400	0.01182	0.07349	0.05393	0.02444	0.03861	0.05817	0.09782	0.01080	0.00984	0.00019	0.00012	0.00010	3.4e-05	0.00014	9.1e-05	6.6e-05	0.00016
2	0.03870	0.01270	0.03070	0.29179	0.32501	0.02646	0.05859	0.01897	0.04427	0.02245	0.02774	0.01646	0.01705	0.02672	0.00986	3.9e-05	0.02097	0.01132	6.4e-05	0.00015
3	0.00017	0.00012	0.00016	0.00016	0.00017	0.01128	0.00011	0.00021	0.02839	0.02593	0.08803	0.12799	0.12311	0.25377	0.30109	0.00010	0.01039	0.01816	0.01057	9.6e-05
4	0.02288	0.07387	0.07184	0.06522	0.21678	0.03794	0.09668	0.05801	0.11800	0.03215	0.02031	0.10211	0.02142	0.01255	0.00785	3.8e-05	0.02617	0.00636	0.00966	0.00015
5	0.19902	0.07139	0.11400	0.01385	0.08828	0.10751	0.05919	0.10085	0.09395	0.12561	0.01508	0.00028	0.00020	0.00012	0.00010	3.4e-05	0.01022	9.2e-05	8e-05	0.00016
6	0.01179	0.01422	0.00695	0.00697	0.00660	0.00916	0.02471	0.01720	0.05624	0.06989	0.24827	0.16197	0.23940	0.04770	0.02943	4.6e-05	0.01238	0.02691	0.00010	0.01008
7	0.00015	0.00012	0.01953	0.00014	0.00017	0.00010	0.00010	0.00018	0.00026	0.01692	0.18688	0.26297	0.47532	0.01949	0.00014	4.1e-05	6.3e-05	0.01720	0.00011	9.9e-05
8	0.01675	0.01366	0.22902	0.05217	0.09745	0.02733	0.03841	0.03426	0.29316	0.08688	0.03171	0.01655	0.02239	0.00014	0.00011	3.6e-05	0.00737	0.00689	0.00680	0.01890

[dist]
# distance from previous block
# <min> <max>
11	15

[block]
# block no. 2 follows, 3078 sequences, length 24
# corresponding to MSA columns:
# 751-756,765,771-774,786,788-795,797,798,800,801
name=unknown_C
#
# <colnr> <probs for GDERKNQSTAVLIFYWHMCP>
#	G	D	E	R	K	N	Q	S	T	A	V	L	I	F	Y	W	H	M	C	P
0	0.89739	0.00482	0.03298	0.00016	0.00492	0.00472	0.01100	0.01263	0.00540	0.00831	0.00017	0.00020	0.00013	0.00011	7.4e-05	3.5e-05	9.2e-05	0.01257	7e-05	0.00421
1	0.00023	0.00334	0.01352	0.23102	0.32674	0.02560	0.00581	0.01603	0.03142	0.00577	0.05827	0.19000	0.01925	0.00018	0.00012	3.8e-05	0.00341	0.06584	7.5e-05	0.00333
2	0.00023	0.00021	0.00036	0.73076	0.20442	0.00025	0.01869	0.00030	0.00023	0.00031	0.00022	0.01743	0.00875	0.00547	0.00012	3.7e-05	0.00556	0.00011	0.00642	0.00014
3	0.00379	0.04007	0.01265	0.35292	0.21756	0.04701	0.14434	0.06140	0.07616	0.00933	0.00365	0.00030	0.00347	0.00011	0.00012	3.6e-05	0.01359	0.00383	6.3e-05	0.00960
4	0.00015	0.00010	0.00014	0.00016	0.00017	0.0001	0.00011	0.00017	0.02678	0.00029	0.00061	0.80865	0.03018	0.08668	0.00018	5.1e-05	7.1e-05	0.04523	0.00010	9.2e-05
5	0.00048	0.00020	0.00590	0.00020	0.00029	0.00550	0.00444	0.02723	0.05211	0.86217	0.00892	0.01251	0.00029	0.01020	0.00012	3.6e-05	9.7e-05	0.00012	0.00502	0.00416
6	0.00016	0.00012	0.00018	0.00018	0.00020	0.00014	0.00014	0.00021	0.01351	0.00026	0.00030	0.00045	0.00028	0.03506	0.93238	0.00017	0.01594	0.00012	6.1e-05	0.00010
7	0.00024	0.01722	0.33592	0.09489	0.05950	0.00635	0.01595	0.02145	0.01741	0.03091	0.00024	0.02175	0.00451	0.00471	0.00010	3e-05	0.00363	0.01766	6.3e-05	0.34747
8	0.00014	0.00011	0.00012	0.00012	0.00016	9.7e-05	9.1e-05	0.00017	0.00026	0.00032	0.08828	0.01866	0.85939	0.00028	0.00013	3.8e-05	5.8e-05	0.03138	0.00011	9.6e-05
9	0.04908	0.09119	0.05470	0.04088	0.20251	0.28368	0.16264	0.01620	0.00295	0.06822	0.00344	0.00736	0.00623	0.00297	0.00011	3.3e-05	0.00468	9.5e-05	0.00287	0.00015
10	0.05838	0.09693	0.00721	0.02866	0.68109	0.05442	0.00404	0.00462	0.00639	0.00036	0.00021	0.01021	0.00018	0.00363	0.00533	3.4e-05	0.03802	9.5e-05	5.7e-05	0.00016
11	0.00024	0.02938	0.01513	0.01328	0.17218	0.15467	0.05198	0.00945	0.00412	0.01070	0.03431	0.14323	0.02492	0.10779	0.09472	5.9e-05	0.09945	0.02864	0.00562	0.00012
12	0.00639	0.01063	0.02136	0.30319	0.12693	0.05668	0.04005	0.07306	0.10535	0.05185	0.01900	0.00786	0.00404	0.00493	0.00873	3.8e-05	0.09320	0.01033	0.00261	0.05377
13	0.00026	0.08163	0.33172	0.09790	0.35198	0.01367	0.01799	0.03284	0.03082	0.00472	0.00403	0.00438	0.00893	0.00397	0.00609	3.5e-05	0.00364	0.00520	5.7e-05	0.00016
14	0.72292	0.00021	0.00019	0.00016	0.00024	0.00023	0.00013	0.01605	0.00023	0.25836	0.00023	0.00024	0.00016	0.00011	8.2e-05	3.5e-05	9e-05	7.5e-05	8.8e-05	0.00014
15	0.00020	0.02489	0.00023	0.01525	0.00391	0.02119	0.00402	0.01525	0.04853	0.00672	0.04392	0.02631	0.16242	0.12658	0.21753	8.1e-05	0.26914	0.00628	0.00744	0.00011
16	0.00016	0.00012	0.00018	0.00018	0.00020	0.00014	0.00014	0.00020	0.00018	0.00026	0.01495	0.00046	0.00030	0.05265	0.92914	0.00018	0.00029	0.00012	6.2e-05	9.9e-05
17	0.01239	0.00017	0.00370	0.00650	0.00022	0.01565	0.01681	0.03506	0.06940	0.09397	0.35470	0.04701	0.07082	0.03927	0.08142	0.00516	0.11246	0.01873	0.01643	0.00012
18	0.00017	0.00013	0.00017	0.02267	0.00020	0.00934	0.02677	0.00617	0.01256	0.00032	0.18506	0.38487	0.09602	0.08774	0.02792	0.01280	0.04495	0.04263	0.03941	9.9e-05
19	0.00017	0.00012	0.00015	0.00356	0.00018	0.00012	0.00012	0.00914	0.01971	0.02847	0.18851	0.24768	0.19419	0.07207	0.04252	0.00391	0.00439	0.17827	0.00661	0.00010
20	0.01545	0.09261	0.11467	0.04295	0.05340	0.37583	0.02848	0.01535	0.08078	0.00702	0.01280	0.01045	0.01407	0.00873	0.09504	4.7e-05	0.02147	0.00654	6.4e-05	0.00424
21	0.00016	0.00012	0.00014	0.00014	0.00016	0.00011	9.5e-05	0.00930	0.01315	0.00914	0.18032	0.09403	0.21441	0.36959	0.07232	0.00406	0.01189	0.01654	0.00425	9e-05
22	0.00567	0.13351	0.27562	0.03310	0.14753	0.05611	0.04700	0.04749	0.13902	0.04016	0.01055	0.02912	0.00377	0.00013	0.00314	3.5e-05	0.02056	0.00360	0.00372	0.00016
23	0.14045	0.00019	0.00023	0.00019	0.00025	0.00019	0.00423	0.08354	0.04423	0.49340	0.03352	0.01342	0.01910	0.00536	0.00011	3.5e-05	0.00385	0.04075	0.11681	0.00016

[dist]
# distance from previous block
# <min> <max>
1	8

[block]
# block no. 3 follows, 3078 sequences, length 27
# corresponding to MSA columns:
# 811,813-815,827-836,914,916-926,930
name=unknown_D
#
# <colnr> <probs for GDERKNQSTAVLIFYWHMCP>
#	G	D	E	R	K	N	Q	S	T	A	V	L	I	F	Y	W	H	M	C	P
0	0.18595	0.02843	0.01966	0.00557	0.01470	0.03865	0.09988	0.09934	0.03525	0.15321	0.00909	0.00621	0.00391	0.00263	0.00010	3e-05	0.00710	9e-05	0.00254	0.28766
1	0.02225	0.09996	0.21915	0.01213	0.07764	0.06084	0.05853	0.10174	0.07002	0.20742	0.01655	0.00753	0.00316	0.00297	0.00011	3.4e-05	0.00699	0.00266	8.3e-05	0.03023
2	0.01947	0.01089	0.01223	0.00787	0.00681	0.02968	0.04748	0.02590	0.14383	0.28243	0.19275	0.08294	0.03575	0.01992	0.00013	3.8e-05	0.01441	0.02633	0.02968	0.01144
3	0.00017	0.00014	0.01052	0.00462	0.01212	0.00824	0.00432	0.01133	0.01741	0.02777	0.29464	0.17373	0.33915	0.00025	0.00013	3.7e-05	6.7e-05	0.01989	0.00011	0.07538
4	0.01480	0.13602	0.07408	0.01746	0.14371	0.12658	0.06121	0.04673	0.03119	0.26065	0.01000	0.02972	0.00933	0.00672	0.00265	3.4e-05	0.02181	0.00010	8.4e-05	0.00713
5	0.00727	0.03090	0.74605	0.00965	0.05053	0.01104	0.01947	0.01037	0.02033	0.02976	0.02534	0.00567	0.00530	0.00011	0.00011	3.5e-05	0.00015	9.1e-05	5.6e-05	0.02777
6	0.00015	0.00011	0.00013	0.00015	0.00016	0.0001	0.00010	0.00017	0.00564	0.00527	0.04420	0.61045	0.10413	0.13746	0.01661	0.00526	7.6e-05	0.05927	0.01046	9.1e-05
7	0.00911	0.23552	0.58705	0.00322	0.02545	0.01853	0.02547	0.00915	0.02037	0.02750	0.00977	0.00025	0.00728	0.00012	0.00438	0.01372	0.00015	0.00273	5.4e-05	0.00016
8	0.00542	0.02394	0.03800	0.57240	0.04001	0.04827	0.01608	0.03719	0.08728	0.01509	0.01816	0.02536	0.01409	0.00517	0.01099	3.9e-05	0.03606	0.00625	6.4e-05	0.00014
9	0.01576	0.02563	0.07358	0.05134	0.03115	0.10847	0.12579	0.03923	0.03155	0.11675	0.08077	0.18805	0.04031	0.02921	0.01340	4.1e-05	0.01337	0.01324	8.7e-05	0.00227
10	0.00385	0.00013	0.00960	0.00017	0.00019	0.00284	0.00911	0.04608	0.00759	0.06704	0.02772	0.24198	0.05318	0.28779	0.07398	7.3e-05	0.00011	0.16482	0.00363	0.00010
11	0.04549	0.00024	0.00390	0.55523	0.24736	0.05111	0.01392	0.02609	0.00554	0.01382	0.00393	0.00823	0.00017	0.00012	0.00371	3.7e-05	0.02083	0.0001	5.7e-05	0.00014
12	0.00016	0.00013	0.00015	0.07716	0.00021	0.01939	0.00726	0.00439	0.00023	0.00029	0.03502	0.25962	0.38081	0.13724	0.07130	6e-05	9.5e-05	0.00630	9.2e-05	9.5e-05
13	0.00897	0.14202	0.01744	0.05366	0.00943	0.46019	0.00631	0.12175	0.08319	0.01373	0.00024	0.00866	0.00443	0.00376	0.00647	3.3e-05	0.01613	0.03815	0.00531	0.00014
14	0.01487	0.43015	0.42823	0.00396	0.01062	0.02765	0.00885	0.00522	0.00753	0.01072	0.00289	0.00847	0.00645	0.00011	9.3e-05	3e-05	0.00414	7.7e-05	5.2e-05	0.02989
15	0.05166	0.27569	0.08857	0.07151	0.03253	0.09413	0.02843	0.07200	0.02312	0.19766	0.00745	0.00473	0.00732	0.00316	0.00374	3.2e-05	0.01093	0.00369	7.7e-05	0.02359
16	0.00015	0.00011	0.00014	0.00013	0.00016	0.00010	0.0001	0.00020	0.00029	0.00802	0.61215	0.03527	0.30997	0.02431	0.00014	3.9e-05	5.7e-05	0.00842	0.00012	0.00010
17	0.00015	0.00012	0.00400	0.02387	0.00576	0.00011	0.00348	0.00018	0.01228	0.00031	0.04430	0.44511	0.33999	0.01797	0.00514	4.5e-05	0.00387	0.09314	0.00010	9.7e-05
18	0.00022	0.00020	0.00035	0.92104	0.06292	0.00025	0.00031	0.00029	0.00023	0.00029	0.00020	0.00030	0.00015	0.00011	0.00012	3.7e-05	0.01270	0.00010	5e-05	0.00013
19	0.00024	0.01208	0.00924	0.00456	0.00261	0.07382	0.00985	0.07697	0.08488	0.00674	0.03846	0.00431	0.00823	0.21084	0.22744	0.02419	0.20298	0.00012	0.00234	0.00012
20	0.00017	0.00013	0.00019	0.00586	0.08603	0.00013	0.02790	0.00588	0.00606	0.00391	0.01784	0.43561	0.11118	0.00659	0.00014	4.5e-05	8.6e-05	0.29203	9.9e-05	0.00011
21	0.00021	0.00017	0.00371	0.00017	0.00022	0.00700	0.00013	0.02774	0.36604	0.01396	0.24720	0.02008	0.25081	0.02458	0.00014	3.9e-05	0.00424	0.00479	0.02863	0.00013
22	0.00016	0.00012	0.00015	0.00015	0.00376	0.00011	0.00448	0.00338	0.04922	0.00700	0.42497	0.12744	0.25089	0.04449	0.00345	4.2e-05	6.6e-05	0.07580	0.00421	0.00010
23	0.00553	0.00024	0.00038	0.39590	0.41825	0.02729	0.01645	0.02670	0.01218	0.02860	0.01683	0.01855	0.00438	0.00314	0.00621	3.7e-05	0.01054	0.00376	0.00491	0.00015
24	0.00320	0.04715	0.05177	0.11795	0.05212	0.00648	0.07865	0.01047	0.10468	0.03015	0.14758	0.18746	0.02789	0.00421	0.03154	4.2e-05	0.00896	0.04581	0.00420	0.03970
25	0.01585	0.39653	0.26690	0.02349	0.13518	0.02305	0.01347	0.01306	0.02802	0.03078	0.01041	0.00635	0.01450	0.00485	0.00258	3.1e-05	0.00377	8.4e-05	5.7e-05	0.01102
26	0.04149	0.10775	0.21988	0.01478	0.22409	0.03547	0.02332	0.04504	0.01925	0.15087	0.01603	0.00704	0.00696	0.00581	0.00302	3.4e-05	0.03954	0.00332	0.00221	0.03410

[dist]
# distance from previous block
# <min> <max>
0	112

# created by:
# /home/cegg/simao/soft/augustus-3.2.1/scripts/msa2prfl.pl ./align_prep/POG091H015D.fa
