[name]
unknown

[dist]
# distance from previous block
# <min> <max>
0	141

[block]
# block no. 0 follows, 2744 sequences, length 8
# corresponding to MSA columns:
# 187,188,194,195,204-207
name=unknown_A
#
# <colnr> <probs for GDERKNQSTAVLIFYWHMCP>
#	G	D	E	R	K	N	Q	S	T	A	V	L	I	F	Y	W	H	M	C	P
0	0.00812	0.01236	0.00967	0.02159	0.03019	0.03220	0.01696	0.02382	0.04450	0.06637	0.12535	0.26923	0.15333	0.10063	0.00750	5.3e-05	0.01398	0.04443	0.01077	0.00895
1	0.01417	0.00884	0.01866	0.00017	0.00019	0.00013	0.01021	0.00920	0.01081	0.01190	0.00892	0.01740	0.02410	0.03865	0.00906	0.79652	0.00011	0.00888	6.3e-05	0.01202
2	0.03135	0.12517	0.14659	0.02482	0.07950	0.11902	0.15198	0.08856	0.03593	0.05947	0.01633	0.02600	0.01151	0.00739	0.00778	4e-05	0.02965	0.00791	7.8e-05	0.03091
3	0.01062	0.07057	0.12846	0.17393	0.09313	0.06506	0.15520	0.06089	0.03669	0.06354	0.00910	0.03398	0.00999	0.01578	0.01547	0.00686	0.03263	0.00887	7.6e-05	0.00915
4	0.01281	0.00014	0.00017	0.00016	0.00020	0.00014	0.00012	0.01905	0.04462	0.07329	0.25155	0.10160	0.20436	0.04924	0.01541	4.6e-05	7.7e-05	0.01491	0.21201	0.00012
5	0.00022	0.00018	0.01187	0.04789	0.06751	0.03344	0.04653	0.04488	0.02143	0.01790	0.08215	0.48713	0.03723	0.01249	0.01970	0.00979	0.00814	0.01839	0.03299	0.00013
6	0.05797	0.09358	0.19266	0.02952	0.06816	0.05844	0.07501	0.08131	0.04876	0.17918	0.01496	0.03176	0.00876	0.00967	0.00904	4.1e-05	0.01844	0.00834	0.00749	0.00692
7	0.02653	0.03698	0.10968	0.16224	0.07468	0.03347	0.07478	0.03969	0.04971	0.05816	0.04152	0.10094	0.06391	0.02650	0.04220	0.00689	0.02934	0.01273	0.00990	0.00015

[dist]
# distance from previous block
# <min> <max>
2	22

[block]
# block no. 1 follows, 2744 sequences, length 11
# corresponding to MSA columns:
# 250-255,258,259,261,264,265
name=unknown_B
#
# <colnr> <probs for GDERKNQSTAVLIFYWHMCP>
#	G	D	E	R	K	N	Q	S	T	A	V	L	I	F	Y	W	H	M	C	P
0	0.03035	0.05469	0.08721	0.02924	0.03883	0.04369	0.11956	0.08117	0.06921	0.09986	0.05851	0.02005	0.03436	0.01442	0.00697	3.9e-05	0.03274	0.01174	9.1e-05	0.16725
1	0.03267	0.03614	0.12572	0.06128	0.02927	0.01894	0.12965	0.15827	0.10209	0.10667	0.07556	0.02494	0.02234	0.00663	0.01031	4.3e-05	0.01006	0.03482	9.9e-05	0.01450
2	0.00654	0.04873	0.02296	0.00023	0.01287	0.01642	0.09484	0.01049	0.00696	0.02458	0.02580	0.02994	0.01720	0.31893	0.31929	0.01900	0.01039	0.00815	0.00656	0.00012
3	0.01776	0.13202	0.15134	0.12959	0.12211	0.12301	0.03743	0.09183	0.04432	0.03455	0.01359	0.01828	0.01168	0.01354	0.01935	4.2e-05	0.01843	0.02087	7.6e-05	0.00017
4	0.04610	0.00679	0.00591	0.01355	0.01379	0.04662	0.02669	0.15331	0.29603	0.14818	0.02019	0.02858	0.04707	0.05875	0.01289	4.8e-05	0.01324	0.04957	0.00574	0.00696
5	0.00022	0.00012	0.00017	0.00017	0.00749	0.00760	0.00012	0.00019	0.01355	0.00763	0.01108	0.02006	0.00744	0.12304	0.10810	0.65007	0.00875	0.01967	0.01445	7.3e-05
6	0.00018	0.00013	0.00016	0.00016	0.00018	0.00012	0.01369	0.00020	0.00026	0.02899	0.09567	0.33640	0.26440	0.23334	0.00027	6.4e-05	8.5e-05	0.02551	0.00011	0.00010
7	0.02834	0.02323	0.11332	0.18428	0.23494	0.01911	0.06442	0.09832	0.02429	0.07250	0.01195	0.03039	0.02336	0.00700	0.01538	4.3e-05	0.01850	0.01766	8e-05	0.01289
8	0.02639	0.06926	0.01595	0.10152	0.02216	0.05594	0.09351	0.07260	0.05866	0.01280	0.01392	0.10176	0.01941	0.00652	0.00500	3.6e-05	0.01117	0.02050	0.00646	0.28640
9	0.00995	0.00017	0.00020	0.00019	0.00024	0.00016	0.00015	0.02872	0.13864	0.17660	0.12689	0.28927	0.12007	0.00027	0.00014	4.4e-05	8.4e-05	0.05594	0.04179	0.01047
10	0.00603	0.02590	0.10541	0.13495	0.21889	0.02100	0.15791	0.02913	0.07116	0.02541	0.07996	0.03021	0.02294	0.00016	0.00955	4.2e-05	0.03346	0.00925	0.01304	0.00562

[dist]
# distance from previous block
# <min> <max>
8	21

[block]
# block no. 2 follows, 2744 sequences, length 6
# corresponding to MSA columns:
# 305,311-315
name=unknown_C
#
# <colnr> <probs for GDERKNQSTAVLIFYWHMCP>
#	G	D	E	R	K	N	Q	S	T	A	V	L	I	F	Y	W	H	M	C	P
0	0.00918	0.02757	0.02077	0.05107	0.04209	0.01037	0.01317	0.01761	0.18714	0.02031	0.21831	0.07153	0.14785	0.03869	0.06761	0.00994	0.01705	0.01881	0.01080	0.00014
1	0.00017	0.00012	0.00015	0.00016	0.00018	0.00011	0.00011	0.00020	0.00027	0.02190	0.15490	0.38578	0.31029	0.05907	0.02262	5.4e-05	7.9e-05	0.02277	0.02095	0.00011
2	0.03769	0.02412	0.06184	0.02941	0.03163	0.02264	0.04472	0.11896	0.04882	0.09660	0.03186	0.14306	0.03508	0.05350	0.15010	0.00939	0.01963	0.01556	0.02525	0.00015
3	0.02398	0.00017	0.00021	0.00019	0.00024	0.00016	0.00014	0.03219	0.06611	0.24795	0.42419	0.08677	0.03119	0.02287	0.00015	4.2e-05	8.1e-05	0.01754	0.04568	0.00015
4	0.02270	0.06008	0.02544	0.01434	0.03678	0.04008	0.02178	0.05926	0.02291	0.04321	0.01144	0.01316	0.01330	0.00012	0.00011	2.7e-05	0.01100	0.01120	8.2e-05	0.59298
5	0.01196	0.03451	0.01919	0.01885	0.01608	0.40534	0.01412	0.19269	0.14562	0.01849	0.01047	0.01812	0.02490	0.01072	0.01112	4e-05	0.02188	0.01346	9.1e-05	0.01237

[dist]
# distance from previous block
# <min> <max>
10	18

[block]
# block no. 3 follows, 2744 sequences, length 6
# corresponding to MSA columns:
# 361,363-366,370
name=unknown_D
#
# <colnr> <probs for GDERKNQSTAVLIFYWHMCP>
#	G	D	E	R	K	N	Q	S	T	A	V	L	I	F	Y	W	H	M	C	P
0	0.09131	0.02998	0.01499	0.06860	0.05335	0.02392	0.02471	0.10975	0.04679	0.11738	0.05099	0.19718	0.06508	0.01463	0.02685	0.01089	0.01515	0.01979	0.00985	0.00882
1	0.07280	0.16970	0.10947	0.04881	0.05685	0.09781	0.04373	0.07234	0.03371	0.08304	0.01653	0.02993	0.01955	0.02200	0.01169	4e-05	0.02199	0.02002	8.2e-05	0.06992
2	0.00945	0.01466	0.02390	0.13975	0.05593	0.04183	0.07545	0.03462	0.05387	0.03125	0.05943	0.22876	0.06453	0.03301	0.01944	4.8e-05	0.02110	0.01720	0.01228	0.06349
3	0.00017	0.00013	0.00015	0.00017	0.02304	0.00012	0.00012	0.00021	0.02251	0.02304	0.07021	0.26069	0.51454	0.05779	0.00018	4.9e-05	7.5e-05	0.02657	0.00012	0.00011
4	0.02600	0.02411	0.08106	0.07147	0.13114	0.08005	0.06500	0.09203	0.08088	0.06956	0.05773	0.10953	0.03971	0.00955	0.01107	0.00957	0.01105	0.01837	0.01196	0.00016
5	0.04967	0.10052	0.20662	0.03107	0.05978	0.04947	0.07260	0.07161	0.07262	0.09731	0.05517	0.03056	0.02805	0.00985	0.01272	4.2e-05	0.02283	0.01870	8.8e-05	0.01071

[dist]
# distance from previous block
# <min> <max>
24	328

[block]
# block no. 4 follows, 2744 sequences, length 31
# corresponding to MSA columns:
# 1020-1040,1071-1077,1082,1083,1086
name=unknown_E
#
# <colnr> <probs for GDERKNQSTAVLIFYWHMCP>
#	G	D	E	R	K	N	Q	S	T	A	V	L	I	F	Y	W	H	M	C	P
0	0.04404	0.02959	0.06980	0.06354	0.07530	0.04766	0.05173	0.05870	0.03333	0.03272	0.05961	0.07589	0.09467	0.07577	0.03364	0.00653	0.05899	0.01891	0.00258	0.06702
1	0.09654	0.12670	0.08142	0.09151	0.11506	0.04300	0.06456	0.10407	0.04920	0.07411	0.01787	0.03035	0.01162	0.01219	0.00854	4e-05	0.02601	0.00430	8.3e-05	0.04283
2	0.03431	0.00933	0.01523	0.02218	0.01862	0.05529	0.00686	0.37166	0.16617	0.10536	0.02035	0.03144	0.00994	0.00327	0.00303	3.8e-05	0.01714	0.00242	0.00813	0.09921
3	0.09103	0.03038	0.00824	0.08981	0.02623	0.17775	0.15488	0.09208	0.02764	0.02307	0.00319	0.03786	0.02925	0.01289	0.02079	0.00252	0.06619	0.02469	8e-05	0.08144
4	0.00998	0.00290	0.00015	0.00276	0.00019	0.00011	0.00012	0.00324	0.00432	0.00363	0.05605	0.78802	0.04617	0.06500	0.00500	5.5e-05	7.8e-05	0.00825	0.00011	0.00388
5	0.00042	0.14082	0.02365	0.00876	0.05658	0.67206	0.03984	0.01857	0.00520	0.00291	0.00730	0.00339	0.01003	0.00256	0.00012	3.3e-05	0.00492	0.00262	6.6e-05	0.00015
6	0.00624	0.03789	0.09614	0.03649	0.02641	0.01331	0.01071	0.08572	0.03905	0.05379	0.01700	0.02390	0.00504	0.00269	0.01541	3.1e-05	0.00479	0.00545	8.4e-05	0.51985
7	0.02138	0.02774	0.03914	0.24571	0.28291	0.09708	0.01897	0.09046	0.02148	0.02694	0.01933	0.02303	0.00949	0.00667	0.00354	4.1e-05	0.05840	0.00329	0.00422	0.00017
8	0.00020	0.00320	0.00022	0.00311	0.01266	0.02139	0.01725	0.00365	0.00021	0.01329	0.00037	0.11242	0.00038	0.17843	0.54884	0.00015	0.07760	0.00343	0.00307	0.00011
9	0.01003	0.00633	0.00540	0.03247	0.01910	0.07297	0.00746	0.06352	0.68378	0.00471	0.04672	0.01727	0.01369	0.00018	0.00243	4.2e-05	0.00434	0.00542	0.00397	0.00019
10	0.00018	0.00012	0.00014	0.00014	0.00014	0.00012	7.8e-05	0.00018	0.00019	0.00025	0.00040	0.01349	0.00047	0.97169	0.00063	0.00012	0.00012	0.01138	7.7e-05	7.7e-05
11	0.01410	0.51988	0.25080	0.01123	0.01179	0.03492	0.00893	0.07154	0.00937	0.04979	0.00282	0.00025	0.00245	0.00012	0.00296	3.3e-05	0.00588	8.4e-05	6.6e-05	0.00299
12	0.00728	0.02083	0.00645	0.05428	0.01857	0.37580	0.00746	0.15323	0.30675	0.01738	0.00033	0.02497	0.00026	0.00015	0.00012	3.8e-05	0.00570	0.00012	9.6e-05	0.00017
13	0.00018	0.00012	0.00014	0.00014	0.00015	0.00012	8.5e-05	0.00019	0.00019	0.00025	0.00041	0.04926	0.00047	0.86812	0.07957	0.00013	0.00014	0.00019	7.8e-05	8.1e-05
14	0.00018	0.00013	0.00016	0.00016	0.00019	0.00012	0.00012	0.00023	0.00034	0.01274	0.77321	0.01703	0.15690	0.01354	0.01316	4.4e-05	6.6e-05	0.01144	0.00013	0.00012
15	0.00288	0.01330	0.30041	0.00671	0.01133	0.00244	0.07258	0.01643	0.06563	0.01229	0.29698	0.00479	0.15450	0.00020	0.00014	4e-05	0.00227	0.00687	0.00872	0.02150
16	0.94339	0.01727	0.00020	0.00017	0.00025	0.00029	0.00014	0.02473	0.00023	0.01218	0.00018	0.00021	0.00014	0.00012	8e-05	3.9e-05	9.9e-05	7e-05	8e-05	0.00014
17	0.01755	0.16817	0.06574	0.07874	0.24685	0.05461	0.00902	0.12974	0.03835	0.08470	0.00799	0.00030	0.00021	0.00013	0.00931	3.6e-05	0.00276	0.00010	8.1e-05	0.08559
18	0.12404	0.01125	0.02116	0.00025	0.00035	0.08022	0.00021	0.53744	0.03302	0.06931	0.00030	0.00031	0.00022	0.00399	0.00320	3.7e-05	0.00013	0.00011	0.07528	0.03916
19	0.00047	0.00059	0.00036	0.00032	0.00039	0.95612	0.00024	0.02265	0.00884	0.00032	0.00020	0.00023	0.00017	0.00013	0.00011	3.3e-05	0.00022	8.3e-05	0.00837	0.00015
20	0.00492	0.01933	0.08377	0.35224	0.11799	0.04063	0.26831	0.01833	0.01124	0.01508	0.01563	0.00259	0.01094	0.00013	0.00540	4.2e-05	0.01459	0.00768	6.5e-05	0.01109
21	0.00018	0.00013	0.00850	0.00018	0.00019	0.00604	0.00313	0.00021	0.02967	0.00032	0.04161	0.46309	0.01555	0.26617	0.01599	0.02966	0.00835	0.11082	0.00010	0.00010
22	0.03026	0.00022	0.00028	0.00022	0.00031	0.00019	0.00018	0.02679	0.00577	0.83069	0.03665	0.00043	0.00033	0.00015	0.00012	3.8e-05	0.00011	0.00013	0.00511	0.06202
23	0.00026	0.00021	0.00258	0.24933	0.03612	0.01006	0.00367	0.00671	0.00460	0.07796	0.02733	0.07192	0.00630	0.04652	0.14612	0.01852	0.26507	0.00295	0.02361	0.00014
24	0.02317	0.00390	0.05595	0.01132	0.00641	0.04143	0.00344	0.17040	0.06745	0.59389	0.00748	0.01054	0.00372	0.00016	0.00013	3.9e-05	0.00012	0.00012	0.00013	0.00020
25	0.00593	0.00020	0.00027	0.00021	0.00030	0.00515	0.00017	0.01579	0.03533	0.74405	0.09527	0.00567	0.06946	0.00018	0.00013	4e-05	0.00010	0.01113	0.01042	0.00019
26	0.09643	0.00024	0.00029	0.00022	0.00032	0.00023	0.00018	0.18801	0.01053	0.62646	0.01455	0.00039	0.00029	0.00015	0.00012	3.8e-05	0.00011	0.00012	0.06112	0.00020
27	0.00205	0.00213	0.04197	0.15689	0.13266	0.00321	0.11240	0.01046	0.01547	0.00580	0.06626	0.27414	0.05896	0.02360	0.00898	0.01392	0.00295	0.05890	0.00911	0.00014
28	0.00289	0.00026	0.00305	0.05434	0.07057	0.00378	0.19587	0.07898	0.03723	0.50825	0.01393	0.00349	0.00333	0.00280	0.00014	4e-05	0.01409	0.00665	0.00012	0.00020
29	0.00018	0.00013	0.00017	0.00016	0.00019	0.00012	0.00012	0.00436	0.00562	0.02035	0.74430	0.01235	0.15260	0.00835	0.00015	4.2e-05	6.5e-05	0.05047	0.00013	0.00012
30	0.00944	0.00022	0.00029	0.00023	0.00456	0.00020	0.00019	0.09783	0.00795	0.82916	0.01194	0.02829	0.00491	0.00016	0.00013	3.9e-05	0.00011	0.00013	0.00400	0.00021

[dist]
# distance from previous block
# <min> <max>
5	11

[block]
# block no. 5 follows, 2744 sequences, length 27
# corresponding to MSA columns:
# 1140-1152,1155-1168
name=unknown_F
#
# <colnr> <probs for GDERKNQSTAVLIFYWHMCP>
#	G	D	E	R	K	N	Q	S	T	A	V	L	I	F	Y	W	H	M	C	P
0	0.00019	0.00014	0.00018	0.00018	0.00020	0.00431	0.00013	0.01511	0.00021	0.00778	0.00038	0.05705	0.00039	0.33275	0.53499	0.00537	0.02282	0.00553	0.01218	0.00010
1	0.01255	0.04067	0.00037	0.00032	0.00038	0.90325	0.00024	0.02483	0.01567	0.00033	0.00020	0.00023	0.00017	0.00013	0.00011	3.3e-05	0.00022	8.2e-05	6.7e-05	0.00015
2	0.00026	0.00022	0.00026	0.00019	0.00029	0.00017	0.00015	0.00031	0.00026	0.00041	0.00025	0.03654	0.00022	0.00011	9.7e-05	2.1e-05	9.3e-05	0.01598	7.7e-05	0.94411
3	0.00016	0.00011	0.00015	0.00017	0.00018	0.00011	0.00012	0.00018	0.00025	0.00034	0.06874	0.82421	0.01165	0.04257	0.00858	5.5e-05	7.7e-05	0.02644	0.01581	0.00010
4	0.00018	0.00013	0.00015	0.00016	0.00016	0.00013	9.8e-05	0.01227	0.00821	0.00028	0.01814	0.12932	0.00050	0.67918	0.12288	0.00012	0.00014	0.01718	0.01068	8.9e-05
5	0.00016	0.00012	0.00014	0.00015	0.00017	0.00011	0.00010	0.00019	0.00027	0.00715	0.05658	0.29059	0.54893	0.08728	0.00020	5.2e-05	7.2e-05	0.00753	0.00012	0.00010
6	0.00021	0.00016	0.00024	0.00023	0.01471	0.00020	0.00018	0.00676	0.00020	0.00030	0.00030	0.00045	0.00028	0.04631	0.63390	0.06185	0.20122	0.00013	0.03225	0.00011
7	0.82673	0.00025	0.00021	0.00018	0.00026	0.00028	0.00015	0.08936	0.00026	0.08104	0.00021	0.00023	0.00016	0.00012	8.6e-05	3.9e-05	0.00010	7.7e-05	8.9e-05	0.00015
8	0.60562	0.03190	0.03935	0.00344	0.02488	0.02331	0.00599	0.08144	0.01590	0.06839	0.00023	0.00025	0.00309	0.00012	9.3e-05	3.7e-05	0.00350	8.2e-05	0.00286	0.08952
9	0.00029	0.00022	0.00025	0.00021	0.00027	0.00588	0.00017	0.23039	0.23198	0.01367	0.45182	0.00065	0.01723	0.00022	0.01666	4.2e-05	9.5e-05	0.00017	0.00013	0.02965
10	0.99646	0.00024	0.00019	0.00017	0.00024	0.00028	0.00014	0.00037	0.00021	0.00057	0.00018	0.00021	0.00014	0.00012	7.8e-05	3.9e-05	9.8e-05	6.8e-05	7.8e-05	0.00014
11	0.00017	0.00012	0.00017	0.00413	0.00021	0.00012	0.04029	0.00425	0.00025	0.00034	0.04012	0.80023	0.05290	0.01197	0.00768	5.1e-05	8.1e-05	0.01027	0.02655	0.00011
12	0.97744	0.00024	0.00019	0.01916	0.00026	0.00028	0.00014	0.00037	0.00022	0.00056	0.00018	0.00021	0.00014	0.00012	7.9e-05	3.9e-05	9.9e-05	6.9e-05	7.8e-05	0.00014
13	0.00031	0.00030	0.00051	0.00077	0.99478	0.00030	0.00039	0.00039	0.00029	0.00041	0.00024	0.00031	0.00020	0.00011	0.00012	3.7e-05	0.00015	0.00011	6.2e-05	0.00020
14	0.00032	0.00027	0.00029	0.00026	0.00033	0.00032	0.00020	0.03067	0.96454	0.00054	0.00051	0.00047	0.00038	0.00017	0.00013	4.3e-05	0.00010	0.00014	0.00013	0.00020
15	0.00028	0.00028	0.00039	0.00033	0.00033	0.00039	0.00028	0.00030	0.00019	0.00030	0.00017	0.00028	0.00017	0.00022	0.00041	5.5e-05	0.99533	0.00011	5.5e-05	0.00014
16	0.00015	0.00011	0.00015	0.00017	0.00018	0.00010	0.00012	0.00018	0.00025	0.00033	0.01172	0.93485	0.03710	0.00039	0.00016	5.1e-05	7.3e-05	0.01369	0.00012	0.00010
17	0.00525	0.00013	0.00017	0.00019	0.00021	0.00013	0.00015	0.01244	0.00582	0.03502	0.03616	0.52180	0.06169	0.00035	0.00016	5.1e-05	8.7e-05	0.30411	0.01597	0.00011
18	0.00454	0.00034	0.00359	0.00306	0.00975	0.13941	0.28781	0.00370	0.00675	0.00034	0.00021	0.00336	0.00289	0.00962	0.01308	5e-05	0.50410	0.00425	0.00301	0.00015
19	0.01901	0.00022	0.00030	0.00023	0.00032	0.00020	0.00019	0.05978	0.00037	0.91726	0.00048	0.00042	0.00030	0.00016	0.00013	3.9e-05	0.00011	0.00013	0.00015	0.00021
20	0.00020	0.00014	0.00015	0.00015	0.00019	0.00012	0.00011	0.00024	0.00646	0.09274	0.17843	0.02906	0.67892	0.00029	0.00015	4.2e-05	6.8e-05	0.00604	0.00640	0.00012
21	0.71340	0.00024	0.00022	0.00543	0.00027	0.00026	0.01092	0.00794	0.01809	0.23055	0.00534	0.00027	0.00019	0.00013	9.2e-05	3.9e-05	0.00010	8.6e-05	0.00628	0.00016
22	0.00499	0.00392	0.00033	0.01670	0.00034	0.42520	0.00622	0.02355	0.03994	0.05801	0.02947	0.03359	0.00728	0.00637	0.00645	0.07758	0.25427	0.00556	7.6e-05	0.00014
23	0.04497	0.01814	0.22131	0.04568	0.05802	0.00334	0.05696	0.03042	0.01117	0.17318	0.02616	0.01180	0.00277	0.03278	0.18523	7.4e-05	0.07430	0.00346	8.4e-05	0.00016
24	0.01881	0.00017	0.00020	0.02305	0.00025	0.00356	0.00293	0.02748	0.03070	0.24281	0.15371	0.09715	0.28200	0.03286	0.02468	4.9e-05	0.00430	0.04480	0.01038	0.00014
25	0.00443	0.00228	0.01401	0.14103	0.18459	0.02776	0.06400	0.03404	0.01066	0.01551	0.04076	0.33885	0.04734	0.00366	0.00629	0.00604	0.01464	0.03963	0.00435	0.00014
26	0.01628	0.06580	0.22080	0.10276	0.15465	0.02376	0.12518	0.05132	0.02488	0.13674	0.02102	0.02240	0.00852	0.00312	0.00290	4e-05	0.00878	0.00840	0.00246	0.00018

[dist]
# distance from previous block
# <min> <max>
0	9

[block]
# block no. 6 follows, 2744 sequences, length 22
# corresponding to MSA columns:
# 1215-1235,1241
name=unknown_G
#
# <colnr> <probs for GDERKNQSTAVLIFYWHMCP>
#	G	D	E	R	K	N	Q	S	T	A	V	L	I	F	Y	W	H	M	C	P
0	0.02090	0.02084	0.02597	0.03352	0.06383	0.02574	0.02393	0.02266	0.02762	0.03599	0.00483	0.00809	0.00732	0.00414	0.01084	2.9e-05	0.01320	0.01403	7.9e-05	0.63647
1	0.16372	0.14949	0.12470	0.05332	0.06465	0.20582	0.04249	0.06012	0.02545	0.03427	0.00489	0.00820	0.00019	0.00014	0.00367	0.00390	0.04507	0.00307	7.2e-05	0.00678
2	0.00510	0.00637	0.00685	0.06500	0.25099	0.00424	0.01441	0.04433	0.02201	0.33812	0.04262	0.08370	0.03132	0.01112	0.02142	4.5e-05	0.00330	0.03048	0.00791	0.01069
3	0.00028	0.01055	0.00531	0.38107	0.35447	0.03302	0.02029	0.02952	0.05961	0.00841	0.02845	0.01934	0.00714	0.01308	0.00656	4.2e-05	0.01066	0.00538	7.1e-05	0.00673
4	0.00018	0.00013	0.00016	0.00016	0.00019	0.00012	0.00012	0.00024	0.01069	0.00923	0.78138	0.01281	0.17590	0.00027	0.00015	4.1e-05	6.2e-05	0.00793	0.00013	0.00012
5	0.00337	0.00016	0.00541	0.10490	0.09200	0.00016	0.00684	0.01520	0.00788	0.04300	0.17516	0.32979	0.13491	0.02734	0.00437	4.7e-05	9.5e-05	0.03308	0.01615	0.00013
6	0.00018	0.00014	0.00020	0.00020	0.00022	0.00016	0.00015	0.00023	0.00021	0.00030	0.00035	0.03079	0.00033	0.02593	0.90277	0.00019	0.01032	0.00014	0.02709	0.00011
7	0.00019	0.00014	0.00017	0.00443	0.00021	0.00013	0.00418	0.00482	0.03181	0.02607	0.43736	0.17123	0.18930	0.00526	0.00908	4.6e-05	7.5e-05	0.10484	0.01054	0.00012
8	0.01535	0.00607	0.00922	0.02435	0.01487	0.02304	0.01106	0.43031	0.27802	0.02005	0.00034	0.00035	0.00025	0.00017	0.00374	4.2e-05	0.14496	0.00012	0.00011	0.01758
9	0.02625	0.00027	0.00032	0.00025	0.00034	0.00028	0.00020	0.42247	0.09400	0.38479	0.01255	0.01164	0.01213	0.00016	0.00013	3.9e-05	0.00012	0.01791	0.01594	0.00020
10	0.00027	0.06290	0.81724	0.02775	0.01168	0.02151	0.00043	0.00040	0.00978	0.00581	0.00023	0.00027	0.00017	0.00013	0.00013	4e-05	0.03462	0.00642	5.6e-05	0.00018
11	0.00388	0.11082	0.10165	0.13356	0.20253	0.05331	0.16888	0.02422	0.05505	0.00859	0.00755	0.06358	0.00487	0.00670	0.03122	0.00261	0.00816	0.00823	0.00443	0.00017
12	0.00018	0.00012	0.00014	0.00014	0.00015	0.00012	8.4e-05	0.00019	0.00019	0.00025	0.00040	0.01893	0.00046	0.89109	0.06487	0.01109	0.00014	0.01130	7.7e-05	8e-05
13	0.00404	0.00021	0.01828	0.00572	0.00859	0.00337	0.05081	0.01412	0.31909	0.03201	0.17593	0.07431	0.07466	0.01220	0.02143	5e-05	0.00011	0.17698	0.00793	0.00015
14	0.00694	0.00359	0.00035	0.03002	0.01220	0.46181	0.08859	0.07750	0.05602	0.03764	0.05930	0.00797	0.02302	0.01295	0.06426	0.03000	0.00888	0.01597	0.00283	0.00015
15	0.02485	0.38294	0.27086	0.06012	0.00855	0.00610	0.18318	0.01890	0.00800	0.01810	0.00022	0.00026	0.00017	0.00012	0.00011	3.6e-05	0.01714	9.6e-05	6e-05	0.00017
16	0.00018	0.00013	0.00016	0.00016	0.00017	0.00013	0.00011	0.00020	0.00022	0.00030	0.06809	0.13258	0.01995	0.53573	0.10948	0.00811	0.00664	0.11749	9e-05	9.2e-05
17	0.00020	0.00015	0.00018	0.00868	0.00537	0.00599	0.00900	0.01166	0.09941	0.04349	0.32541	0.05379	0.40805	0.00452	0.00015	4.3e-05	7.4e-05	0.02358	0.00013	0.00013
18	0.00809	0.10720	0.06954	0.07900	0.15638	0.22075	0.03722	0.10984	0.08549	0.05115	0.01420	0.00507	0.00615	0.02270	0.01333	4.1e-05	0.00277	0.00333	8.1e-05	0.00764
19	0.00691	0.00026	0.00032	0.01295	0.00998	0.02296	0.00021	0.25382	0.00536	0.57196	0.00040	0.00575	0.00027	0.00017	0.00870	4.1e-05	0.08633	0.00012	0.01327	0.00020
20	0.00647	0.00013	0.00016	0.00017	0.00020	0.00828	0.01028	0.00672	0.01625	0.01227	0.11274	0.33645	0.38969	0.00959	0.05944	5.6e-05	9e-05	0.03079	0.00012	0.00011
21	0.03298	0.02537	0.01287	0.46369	0.13411	0.02893	0.19786	0.01508	0.00704	0.00830	0.00876	0.02377	0.00796	0.00601	0.00776	4.3e-05	0.01094	0.00831	6.5e-05	0.00016

[dist]
# distance from previous block
# <min> <max>
3	12

[block]
# block no. 7 follows, 2744 sequences, length 8
# corresponding to MSA columns:
# 1261,1265,1271-1276
name=unknown_H
#
# <colnr> <probs for GDERKNQSTAVLIFYWHMCP>
#	G	D	E	R	K	N	Q	S	T	A	V	L	I	F	Y	W	H	M	C	P
0	0.01924	0.14455	0.19231	0.01222	0.03822	0.11160	0.08312	0.03172	0.06892	0.05608	0.03287	0.08500	0.01927	0.00845	0.00013	3.9e-05	0.01279	0.04808	8.3e-05	0.03531
1	0.01452	0.17927	0.24541	0.01388	0.05854	0.03028	0.04055	0.09138	0.03310	0.15017	0.04063	0.02271	0.01290	0.00776	0.00756	4e-05	0.00858	0.04246	8.8e-05	0.00018
2	0.00018	0.00012	0.00014	0.00014	0.00015	0.00012	8.6e-05	0.00019	0.00020	0.00027	0.03494	0.08447	0.02277	0.81290	0.02167	0.00011	0.00012	0.02125	8.4e-05	8.2e-05
3	0.00029	0.00027	0.01015	0.26873	0.48923	0.01528	0.04892	0.02267	0.02912	0.01228	0.01193	0.01099	0.04382	0.00015	0.00929	4.2e-05	0.01382	0.01277	7e-05	0.00017
4	0.01244	0.10592	0.22311	0.15651	0.08217	0.12982	0.12574	0.03094	0.01311	0.03466	0.00025	0.01214	0.00816	0.00014	0.01220	4.1e-05	0.03617	0.00839	0.00791	0.00017
5	0.00028	0.00781	0.03144	0.17078	0.22911	0.03331	0.06352	0.02981	0.05808	0.03920	0.01044	0.01676	0.01360	0.16186	0.08455	6.8e-05	0.03207	0.00911	0.00806	0.00015
6	0.00018	0.00013	0.00019	0.00019	0.00021	0.00015	0.00014	0.00022	0.00021	0.00030	0.00042	0.15152	0.01874	0.09510	0.66012	0.00016	0.01875	0.02542	0.02773	0.00011
7	0.00025	0.03477	0.00041	0.72497	0.03613	0.01283	0.08395	0.00033	0.00026	0.01301	0.00025	0.02040	0.00021	0.00015	0.01358	4.4e-05	0.02791	0.03031	6.1e-05	0.00014

[dist]
# distance from previous block
# <min> <max>
1	2

[block]
# block no. 8 follows, 2744 sequences, length 15
# corresponding to MSA columns:
# 1281-1295
name=unknown_I
#
# <colnr> <probs for GDERKNQSTAVLIFYWHMCP>
#	G	D	E	R	K	N	Q	S	T	A	V	L	I	F	Y	W	H	M	C	P
0	0.00020	0.00014	0.00016	0.00733	0.00020	0.00998	0.00012	0.00025	0.01319	0.06663	0.29635	0.12933	0.32063	0.00767	0.01246	4.5e-05	7.5e-05	0.04332	0.08587	0.00605
1	0.01010	0.90734	0.01121	0.01172	0.00033	0.02986	0.00022	0.01023	0.00026	0.00031	0.00018	0.00021	0.00016	0.00011	8.9e-05	2.8e-05	0.01735	7e-05	5.5e-05	0.00016
2	0.00021	0.00014	0.00017	0.00017	0.00020	0.00013	0.00013	0.00026	0.00907	0.10188	0.43497	0.21566	0.09330	0.05019	0.01515	5e-05	7.9e-05	0.06955	0.00857	0.00012
3	0.00016	0.00011	0.00015	0.00017	0.00018	0.00010	0.00012	0.00018	0.00024	0.00032	0.00069	0.88098	0.03379	0.05457	0.00019	0.01365	7.7e-05	0.01410	0.00011	0.00010
4	0.00016	0.00012	0.00015	0.00017	0.00019	0.00011	0.00012	0.00019	0.00026	0.01153	0.02569	0.64416	0.23498	0.01353	0.00016	5e-05	7.5e-05	0.06815	0.00012	0.00011
5	0.00016	0.00013	0.00014	0.00014	0.00018	0.00011	0.00011	0.00020	0.00030	0.00038	0.25649	0.07951	0.61518	0.01398	0.00016	4.4e-05	6.6e-05	0.03248	0.00012	0.00011
6	0.00034	0.99564	0.00066	0.00022	0.00032	0.00050	0.00022	0.00038	0.00026	0.00030	0.00018	0.00020	0.00016	0.00011	8.1e-05	2.7e-05	0.00013	6.7e-05	5.4e-05	0.00016
7	0.00034	0.96099	0.00065	0.00022	0.00033	0.03513	0.00022	0.00038	0.00026	0.00030	0.00018	0.00020	0.00016	0.00011	8.2e-05	2.7e-05	0.00014	6.8e-05	5.4e-05	0.00016
8	0.00018	0.00013	0.00015	0.00015	0.00019	0.00012	0.00011	0.00022	0.01181	0.04682	0.21754	0.06482	0.62093	0.00030	0.00015	4.3e-05	6.8e-05	0.03602	0.00012	0.00012
9	0.00029	0.00035	0.04191	0.00051	0.00062	0.00032	0.86023	0.00039	0.00029	0.00039	0.00025	0.00033	0.00019	0.00012	0.00017	4.4e-05	0.09321	0.00014	6.3e-05	0.00017
10	0.01220	0.01348	0.07343	0.00017	0.00019	0.01817	0.00683	0.03279	0.00776	0.00029	0.00038	0.02809	0.00042	0.79211	0.00675	0.00646	0.00013	0.00017	7.7e-05	9.5e-05
11	0.00017	0.00012	0.00014	0.00016	0.00017	0.00011	0.00010	0.00018	0.00023	0.00030	0.01548	0.44383	0.19548	0.27733	0.00031	0.04532	8.7e-05	0.02029	0.00010	9.4e-05
12	0.05431	0.00028	0.08040	0.00497	0.01777	0.00718	0.18180	0.10463	0.00651	0.40466	0.01866	0.00046	0.07135	0.00016	0.00013	4e-05	0.00933	0.02483	0.00774	0.00479
13	0.64468	0.02076	0.01348	0.01858	0.06990	0.10258	0.00699	0.07587	0.02383	0.01033	0.00021	0.00024	0.00016	0.00012	9.4e-05	3.8e-05	0.00619	8.1e-05	0.00572	0.00015
14	0.00032	0.00030	0.03579	0.02532	0.82587	0.00616	0.00751	0.00924	0.01588	0.03799	0.01371	0.00720	0.00647	0.00012	0.00013	3.8e-05	0.00015	0.00753	6.9e-05	0.00020

[dist]
# distance from previous block
# <min> <max>
1	7

[block]
# block no. 9 follows, 2744 sequences, length 66
# corresponding to MSA columns:
# 1309-1313,1317-1322,1350-1352,1378-1395,1400-1406,1419-1421,1431-1436,1439,1440,1459-1470,1475-1478
name=unknown_J
#
# <colnr> <probs for GDERKNQSTAVLIFYWHMCP>
#	G	D	E	R	K	N	Q	S	T	A	V	L	I	F	Y	W	H	M	C	P
0	0.01231	0.00025	0.00027	0.00024	0.00030	0.00369	0.00018	0.10188	0.63445	0.03086	0.03565	0.02219	0.14000	0.00358	0.00014	4.3e-05	0.01023	0.00343	0.00013	0.00018
1	0.00029	0.00033	0.03606	0.00049	0.00061	0.00030	0.83633	0.00039	0.00546	0.01923	0.00716	0.04416	0.00490	0.00013	0.00015	4.3e-05	0.02342	0.02031	7e-05	0.00017
2	0.00028	0.08233	0.69050	0.01125	0.00988	0.03938	0.04611	0.00326	0.01293	0.01972	0.01148	0.01784	0.00448	0.00013	0.00202	4e-05	0.04803	0.00010	6e-05	0.00018
3	0.00360	0.00059	0.83719	0.00034	0.00331	0.00401	0.01274	0.00276	0.06074	0.03039	0.02487	0.00171	0.01082	0.00155	0.00012	4e-05	0.00017	0.00479	6.5e-05	0.00018
4	0.00018	0.00012	0.00014	0.00014	0.00014	0.00012	8.1e-05	0.00018	0.00019	0.00025	0.00043	0.07890	0.00890	0.89722	0.00454	0.00012	0.00012	0.00806	8e-05	7.9e-05
5	0.02854	0.01114	0.00015	0.00014	0.00015	0.00013	8.6e-05	0.01846	0.00020	0.00029	0.00040	0.05197	0.00045	0.79359	0.00302	0.00011	0.00011	0.00018	0.09079	8.7e-05
6	0.00029	0.00030	0.00577	0.00034	0.02789	0.08411	0.04026	0.00921	0.00259	0.00244	0.00019	0.00030	0.00019	0.01541	0.08161	0.00159	0.72721	0.00011	5.9e-05	0.00014
7	0.00028	0.00023	0.00025	0.00023	0.00029	0.00478	0.00017	0.00054	0.68561	0.03969	0.02037	0.09180	0.15132	0.00022	0.00014	4.3e-05	9.2e-05	0.00366	0.00013	0.00018
8	0.00018	0.00012	0.00014	0.00015	0.00015	0.00012	8.8e-05	0.00018	0.00020	0.00027	0.00602	0.16293	0.04193	0.74734	0.02010	0.00011	0.00012	0.01970	8.6e-05	8.4e-05
9	0.00044	0.01848	0.08201	0.01045	0.00040	0.85466	0.00026	0.00049	0.02716	0.00032	0.00021	0.00024	0.00405	0.00013	0.00011	3.3e-05	0.00022	8.5e-05	6.6e-05	0.00015
10	0.00040	0.03575	0.09927	0.00027	0.01173	0.00827	0.00198	0.04161	0.13798	0.41176	0.01790	0.01603	0.00032	0.00018	0.00590	0.00195	0.14030	0.06333	0.00487	0.00019
11	0.00015	0.00011	0.00015	0.00017	0.00018	0.00010	0.00012	0.00018	0.00024	0.00032	0.00596	0.93323	0.03246	0.01087	0.00017	5.2e-05	7.4e-05	0.01131	0.00403	0.00010
12	0.00021	0.00018	0.00025	0.02167	0.02316	0.00022	0.01105	0.00204	0.01924	0.00313	0.06294	0.17669	0.11279	0.07459	0.15572	7.9e-05	0.30045	0.03538	8.6e-05	0.00012
13	0.02313	0.25149	0.28055	0.03508	0.01522	0.10519	0.11841	0.03439	0.01893	0.06906	0.00462	0.01314	0.00400	0.00013	0.00012	3.7e-05	0.00407	0.02219	7.1e-05	0.00017
14	0.08572	0.04652	0.06465	0.01219	0.05223	0.17356	0.05978	0.19723	0.01905	0.21591	0.00314	0.03944	0.00653	0.00015	0.00142	3.9e-05	0.01550	0.00664	0.00010	0.00018
15	0.36902	0.01984	0.01063	0.03367	0.09019	0.22990	0.04837	0.05423	0.00163	0.06590	0.00023	0.00026	0.00018	0.00305	0.00113	3.7e-05	0.02162	0.00361	0.00861	0.03789
16	0.03134	0.00029	0.00048	0.11694	0.68743	0.00373	0.06203	0.02591	0.01080	0.02397	0.00025	0.00033	0.00021	0.00012	0.00013	3.9e-05	0.01591	0.01209	0.00782	0.00019
17	0.00029	0.00032	0.00069	0.11080	0.01266	0.00031	0.84207	0.00040	0.00334	0.00701	0.00025	0.00034	0.00019	0.00011	0.00015	4.3e-05	0.01715	0.00014	6.4e-05	0.00366
18	0.00016	0.00013	0.00014	0.00014	0.00018	0.00011	0.00011	0.00020	0.00030	0.00038	0.23243	0.09446	0.64772	0.00031	0.00015	4.3e-05	6.5e-05	0.02275	0.00012	0.00011
19	0.00017	0.00013	0.00015	0.00015	0.00018	0.00011	0.00011	0.00022	0.00033	0.00475	0.56462	0.00665	0.41625	0.00545	0.00015	4.1e-05	6.2e-05	0.00024	0.00013	0.00011
20	0.00017	0.00012	0.00015	0.00017	0.00019	0.00011	0.00012	0.00020	0.00027	0.00755	0.12143	0.42514	0.27009	0.05666	0.00018	5.2e-05	7.7e-05	0.11324	0.00398	0.00011
21	0.00311	0.00027	0.00030	0.00025	0.00033	0.00029	0.00020	0.22428	0.50323	0.22543	0.01145	0.00044	0.02189	0.00017	0.00013	4.1e-05	0.00011	0.00014	0.00772	0.00020
22	0.01268	0.00029	0.00033	0.00025	0.00035	0.00805	0.00021	0.61442	0.00049	0.25594	0.00036	0.00035	0.00025	0.00015	0.00012	3.7e-05	0.00012	0.00012	0.10527	0.00020
23	0.00034	0.97282	0.00065	0.00022	0.00032	0.01230	0.00022	0.00038	0.00026	0.01130	0.00018	0.00021	0.00016	0.00011	8.2e-05	2.7e-05	0.00014	6.8e-05	5.5e-05	0.00016
24	0.00025	0.00024	0.00513	0.66662	0.15891	0.01394	0.00950	0.00514	0.05342	0.00036	0.05058	0.01426	0.00347	0.00014	0.00013	4.1e-05	0.00268	0.00346	0.01158	0.00015
25	0.00032	0.00200	0.00027	0.00357	0.00255	0.00588	0.01870	0.11187	0.01339	0.17541	0.00889	0.05956	0.00716	0.03282	0.12776	5.5e-05	0.00902	0.00012	9.8e-05	0.42056
26	0.00027	0.00022	0.00026	0.00019	0.00030	0.00017	0.00015	0.00032	0.00027	0.02516	0.00956	0.00666	0.01102	0.00010	9.6e-05	2e-05	9.3e-05	8.1e-05	7.8e-05	0.94500
27	0.02102	0.02876	0.03177	0.03233	0.40473	0.06131	0.05787	0.11035	0.03557	0.07213	0.09820	0.00702	0.00287	0.00015	0.00014	0.01865	0.00529	0.01156	8.7e-05	0.00018
28	0.01148	0.18919	0.45073	0.00565	0.02262	0.06239	0.09922	0.01366	0.00516	0.04418	0.00190	0.02629	0.00567	0.00730	0.00218	3.9e-05	0.02226	0.02985	6.6e-05	0.00017
29	0.00016	0.00012	0.00014	0.00016	0.00018	0.00011	0.00012	0.00019	0.00027	0.00034	0.03496	0.51284	0.37277	0.00515	0.00016	4.8e-05	7.3e-05	0.07200	0.00012	0.00011
30	0.00681	0.09400	0.23132	0.01163	0.14716	0.05701	0.06523	0.05315	0.07629	0.08196	0.02957	0.01595	0.00845	0.00014	0.00230	3.6e-05	0.00224	0.00347	8.1e-05	0.11321
31	0.41792	0.10141	0.05962	0.04276	0.03171	0.06358	0.00699	0.09617	0.14721	0.01578	0.00154	0.00201	0.00347	0.00126	0.00010	3.8e-05	0.00509	0.00162	8.5e-05	0.00163
32	0.00016	0.00012	0.00015	0.00017	0.00019	0.00011	0.00012	0.00019	0.00026	0.00034	0.07507	0.56515	0.15836	0.07716	0.00020	5.5e-05	8e-05	0.11836	0.00365	0.00010
33	0.03106	0.21462	0.55637	0.00032	0.00241	0.03867	0.05283	0.02191	0.03618	0.01285	0.00438	0.00178	0.00018	0.00012	0.00012	3.7e-05	0.01324	0.00163	6.2e-05	0.01121
34	0.00203	0.34424	0.34879	0.00159	0.01020	0.01277	0.04050	0.05232	0.00604	0.05123	0.00722	0.01181	0.00019	0.00012	0.00011	3.3e-05	0.00348	0.00373	6.8e-05	0.10354
35	0.00025	0.00022	0.00037	0.93394	0.00084	0.00028	0.00034	0.00034	0.02236	0.02447	0.00024	0.00686	0.00018	0.00013	0.00013	4.2e-05	0.00869	0.00011	6.1e-05	0.00014
36	0.00016	0.00012	0.00015	0.00017	0.00019	0.00011	0.00012	0.00019	0.00878	0.00316	0.10656	0.75129	0.08514	0.00693	0.00016	5e-05	7.3e-05	0.03642	0.00012	0.00011
37	0.00023	0.00021	0.00213	0.37599	0.20452	0.00022	0.00792	0.00822	0.02745	0.00281	0.11891	0.13309	0.10783	0.00020	0.00014	4.2e-05	0.00012	0.00157	0.00824	0.00014
38	0.00598	0.00034	0.00037	0.00029	0.01050	0.00756	0.01222	0.78866	0.15595	0.00073	0.00033	0.00033	0.00024	0.00579	0.01007	4.1e-05	0.00014	0.00012	0.00012	0.00021
39	0.00024	0.00023	0.00038	0.96454	0.00085	0.00028	0.00035	0.00032	0.00025	0.00032	0.00022	0.00033	0.00017	0.00013	0.00014	4.2e-05	0.03090	0.00011	5.6e-05	0.00014
40	0.00018	0.00012	0.00014	0.00015	0.00015	0.00012	8.9e-05	0.00018	0.00020	0.00027	0.00051	0.25643	0.04091	0.68052	0.00049	9.9e-05	0.00011	0.01278	0.00648	8.5e-05
41	0.11179	0.04406	0.23959	0.00924	0.09445	0.02606	0.12954	0.16539	0.02064	0.15157	0.00440	0.00031	0.00212	0.00013	0.00012	3.9e-05	0.00015	0.00011	8.8e-05	0.00019
42	0.15047	0.01031	0.00267	0.03402	0.02135	0.00963	0.01530	0.08268	0.01223	0.04684	0.00216	0.00172	0.00025	0.00030	0.00396	0.48416	0.00916	0.05502	0.05766	0.00011
43	0.96855	0.00025	0.00019	0.00017	0.00025	0.00028	0.00014	0.01420	0.00022	0.01460	0.00018	0.00021	0.00014	0.00012	7.9e-05	3.9e-05	9.8e-05	7e-05	8e-05	0.00014
44	0.00016	0.00013	0.02771	0.00018	0.00020	0.00011	0.00013	0.00020	0.00786	0.00540	0.07630	0.74644	0.08899	0.00622	0.00567	5.1e-05	7.8e-05	0.03199	0.00207	0.00011
45	0.00028	0.00022	0.00024	0.00021	0.00207	0.02213	0.01180	0.13366	0.25965	0.05388	0.24237	0.02905	0.18764	0.00022	0.00014	4.1e-05	9.2e-05	0.02887	0.00930	0.01815
46	0.00034	0.00018	0.00260	0.00020	0.00026	0.00017	0.01585	0.01389	0.11119	0.37129	0.33562	0.05296	0.05026	0.00021	0.00014	4e-05	8.7e-05	0.00758	0.03697	0.00016
47	0.06436	0.45301	0.21763	0.00027	0.02895	0.03587	0.00901	0.01800	0.03181	0.10797	0.00024	0.00174	0.00208	0.00012	0.00010	3.3e-05	0.00138	0.00293	7.2e-05	0.02442
48	0.00016	0.00013	0.00014	0.00015	0.00018	0.00011	0.00011	0.00019	0.00029	0.00037	0.18074	0.18218	0.58637	0.00576	0.00016	4.5e-05	6.7e-05	0.04263	0.00012	0.00011
49	0.05283	0.03767	0.26957	0.01316	0.02552	0.02544	0.31806	0.03757	0.11006	0.02278	0.00180	0.00881	0.00236	0.00162	0.00209	4.2e-05	0.04521	0.02516	7.4e-05	0.00017
50	0.01587	0.00024	0.01232	0.03612	0.07406	0.00549	0.02074	0.05790	0.02710	0.12499	0.02034	0.00822	0.01006	0.00013	0.00180	2.9e-05	0.01583	0.01876	0.00132	0.54869
51	0.00550	0.00022	0.00027	0.00020	0.00030	0.00018	0.00867	0.00363	0.06805	0.05732	0.00028	0.03223	0.00023	0.00703	0.00011	2.4e-05	0.01068	9.3e-05	8.4e-05	0.80491
52	0.03874	0.61863	0.20720	0.00026	0.00381	0.05236	0.01266	0.02099	0.03728	0.00460	0.00021	0.00024	0.00017	0.00012	9.5e-05	3.2e-05	0.00015	0.00224	6e-05	0.00017
53	0.00018	0.00326	0.02680	0.02843	0.00250	0.00240	0.00494	0.00021	0.00553	0.00226	0.03806	0.43401	0.05563	0.14409	0.22753	0.00115	0.01008	0.00985	9.6e-05	0.00301
54	0.00667	0.07444	0.75991	0.00034	0.01038	0.01166	0.03129	0.01752	0.00840	0.04626	0.00876	0.01041	0.00019	0.00012	0.00012	3.9e-05	0.00017	9.9e-05	6.2e-05	0.01315
55	0.00025	0.00021	0.00616	0.00023	0.00028	0.00023	0.00018	0.00047	0.56255	0.00045	0.00988	0.29083	0.00759	0.00026	0.00014	4.7e-05	0.00249	0.11748	0.00012	0.00016
56	0.00025	0.00023	0.00038	0.85374	0.10670	0.00028	0.00035	0.00536	0.00026	0.00034	0.00023	0.00034	0.00018	0.00013	0.00012	4.1e-05	0.00016	0.00011	0.03067	0.00015
57	0.00020	0.00015	0.00372	0.04844	0.04844	0.00217	0.00380	0.00130	0.02159	0.02240	0.24612	0.17841	0.27057	0.00478	0.01059	0.00347	0.03608	0.08979	0.00787	0.00012
58	0.08161	0.06150	0.07725	0.01998	0.04063	0.04129	0.00639	0.05503	0.01015	0.59689	0.00039	0.00195	0.00026	0.00014	0.00012	3.8e-05	0.00012	0.00455	0.00152	0.00020
59	0.00015	0.00013	0.00013	0.00013	0.00017	0.00011	0.00010	0.00019	0.00029	0.00035	0.03038	0.00121	0.92065	0.00032	0.00852	4.4e-05	6.8e-05	0.03682	0.00012	0.00011
60	0.00016	0.00011	0.00015	0.00017	0.00018	0.00011	0.00012	0.00019	0.00026	0.01531	0.05427	0.80953	0.11357	0.00038	0.00016	5e-05	7.2e-05	0.00500	0.00012	0.00011
61	0.00167	0.00988	0.11023	0.23378	0.19207	0.03846	0.17230	0.01566	0.01970	0.00712	0.00191	0.05714	0.02717	0.00415	0.00318	4.3e-05	0.03010	0.07319	0.00209	0.00016
62	0.00375	0.00390	0.00899	0.10900	0.41537	0.12612	0.07454	0.10588	0.01843	0.05082	0.00266	0.01884	0.00197	0.00014	0.00549	4e-05	0.02324	0.02418	0.00644	0.00018
63	0.00029	0.00028	0.00263	0.19957	0.74625	0.00829	0.00236	0.00037	0.00276	0.00039	0.00026	0.01000	0.01457	0.00013	0.00266	3.9e-05	0.00015	0.00875	6.3e-05	0.00018
64	0.00653	0.00018	0.01420	0.01557	0.00027	0.00016	0.00493	0.03037	0.01988	0.45140	0.07319	0.15429	0.12981	0.00023	0.00176	4.2e-05	9.4e-05	0.02917	0.06775	0.00016
65	0.01598	0.07709	0.31827	0.04569	0.07816	0.01589	0.13295	0.04073	0.02546	0.11666	0.01596	0.02775	0.01745	0.01546	0.02514	0.00106	0.02481	0.00421	0.00109	0.00017

[dist]
# distance from previous block
# <min> <max>
4	12

[block]
# block no. 10 follows, 2744 sequences, length 14
# corresponding to MSA columns:
# 1515,1517-1519,1523,1525-1528,1530,1532-1535
name=unknown_K
#
# <colnr> <probs for GDERKNQSTAVLIFYWHMCP>
#	G	D	E	R	K	N	Q	S	T	A	V	L	I	F	Y	W	H	M	C	P
0	0.00587	0.16732	0.18533	0.06309	0.05495	0.10104	0.04569	0.07938	0.06299	0.04005	0.04649	0.01232	0.02889	0.00685	0.02228	4.2e-05	0.04277	0.00628	0.00555	0.02281
1	0.00019	0.00014	0.00016	0.00017	0.00020	0.00012	0.00012	0.00023	0.00948	0.03922	0.21146	0.34303	0.27345	0.06446	0.00019	5.2e-05	7.8e-05	0.04703	0.00012	0.01011
2	0.01626	0.07895	0.02350	0.01736	0.00671	0.01582	0.03168	0.11321	0.01161	0.03383	0.00025	0.00752	0.00020	0.00011	0.00010	2.5e-05	0.00622	8.7e-05	0.00565	0.63091
3	0.03066	0.24950	0.18624	0.10967	0.02626	0.10914	0.03405	0.04912	0.01180	0.03582	0.00667	0.00897	0.00795	0.00438	0.01251	3.8e-05	0.03851	0.01177	6.9e-05	0.06688
4	0.02840	0.39787	0.40484	0.00567	0.02253	0.04167	0.00639	0.02129	0.00921	0.02136	0.00482	0.00497	0.00018	0.00517	0.00011	3.5e-05	0.00526	0.00517	6.1e-05	0.01501
5	0.00022	0.00015	0.00019	0.00017	0.00021	0.00014	0.00013	0.02451	0.07868	0.06309	0.65936	0.03177	0.10457	0.01040	0.00015	4.1e-05	7e-05	0.00864	0.01739	0.00013
6	0.00458	0.00442	0.00019	0.00595	0.00605	0.00464	0.00453	0.00799	0.01613	0.20775	0.06912	0.33650	0.23306	0.01605	0.00548	4.8e-05	0.00450	0.06847	0.00442	0.00013
7	0.00641	0.10184	0.33450	0.01007	0.01159	0.06983	0.05590	0.04178	0.03823	0.04558	0.01758	0.05302	0.00613	0.14495	0.02413	5.5e-05	0.01669	0.01310	0.00442	0.00419
8	0.00019	0.00015	0.01377	0.00592	0.00021	0.00015	0.01336	0.00560	0.00551	0.00555	0.00039	0.09124	0.00585	0.37520	0.40842	0.00827	0.04048	0.01277	0.00688	0.00010
9	0.00016	0.00012	0.00014	0.00015	0.00018	0.00011	0.00011	0.00019	0.00029	0.00036	0.11661	0.22975	0.61797	0.00033	0.00015	4.5e-05	6.7e-05	0.03306	0.00012	0.00011
10	0.03431	0.00021	0.00028	0.00022	0.00031	0.00019	0.00018	0.02271	0.00036	0.89397	0.02938	0.00043	0.00033	0.00016	0.00013	3.9e-05	0.00011	0.00013	0.01634	0.00021
11	0.07625	0.03957	0.08621	0.09544	0.16054	0.08418	0.11311	0.14479	0.09464	0.01615	0.00605	0.00635	0.00469	0.00426	0.01205	4.2e-05	0.04541	0.00536	0.00474	0.00017
12	0.00551	0.00034	0.01102	0.26274	0.11792	0.20576	0.13004	0.04998	0.06243	0.02226	0.00695	0.01133	0.00604	0.00015	0.01879	4.3e-05	0.07375	0.00012	0.00606	0.00876
13	0.00019	0.00612	0.00016	0.00016	0.00545	0.00546	0.00012	0.00580	0.02631	0.02796	0.22588	0.10916	0.40162	0.11276	0.03480	5.8e-05	0.00531	0.02694	0.00567	0.00011

[dist]
# distance from previous block
# <min> <max>
1	2

[block]
# block no. 11 follows, 2744 sequences, length 19
# corresponding to MSA columns:
# 1568-1570,1573,1574,1578-1582,1595-1597,1599-1604
name=unknown_L
#
# <colnr> <probs for GDERKNQSTAVLIFYWHMCP>
#	G	D	E	R	K	N	Q	S	T	A	V	L	I	F	Y	W	H	M	C	P
0	0.09638	0.10013	0.06142	0.03709	0.01501	0.03031	0.00610	0.41738	0.17089	0.04080	0.00437	0.00422	0.00023	0.00015	0.00012	3.8e-05	0.01040	0.00011	0.00465	0.00019
1	0.00047	0.02463	0.00037	0.00032	0.00039	0.76608	0.00024	0.18109	0.01136	0.00040	0.00022	0.00024	0.00017	0.00014	0.00012	3.4e-05	0.01342	8.8e-05	7.6e-05	0.00016
2	0.09143	0.00014	0.00016	0.00015	0.00019	0.00013	0.00011	0.00023	0.00825	0.01147	0.43860	0.00099	0.42840	0.00885	0.00015	4.2e-05	6.7e-05	0.01041	0.00012	0.00012
3	0.00024	0.00022	0.00038	0.99526	0.00087	0.00028	0.00035	0.00032	0.00025	0.00032	0.00022	0.00034	0.00017	0.00013	0.00013	4.2e-05	0.00017	0.00011	5.6e-05	0.00014
4	0.01393	0.20469	0.61974	0.01411	0.01612	0.00033	0.06546	0.00971	0.01821	0.00039	0.02666	0.00028	0.00020	0.00013	0.00949	3.9e-05	0.00017	9.7e-05	5.9e-05	0.00018
5	0.00016	0.00011	0.00015	0.00017	0.00019	0.00010	0.00012	0.00018	0.00025	0.00033	0.01671	0.86269	0.07452	0.00039	0.00016	5.1e-05	7.4e-05	0.04342	0.00012	0.00010
6	0.00025	0.01176	0.90221	0.00036	0.01617	0.00029	0.03014	0.00039	0.00027	0.00040	0.01514	0.00767	0.00744	0.00013	0.00012	4e-05	0.00018	0.00679	5.6e-05	0.00018
7	0.94819	0.00025	0.00019	0.00017	0.00025	0.00028	0.00014	0.02433	0.00023	0.02479	0.00019	0.00021	0.00014	0.00012	8e-05	3.9e-05	9.9e-05	7.1e-05	8.1e-05	0.00014
8	0.01284	0.00020	0.00027	0.00021	0.00030	0.00018	0.00017	0.01976	0.03514	0.73259	0.09014	0.00594	0.06620	0.00515	0.00584	4.1e-05	0.00010	0.00870	0.01604	0.00019
9	0.00016	0.00012	0.00015	0.00016	0.00018	0.01197	0.00011	0.00019	0.00026	0.00034	0.10556	0.57245	0.16688	0.11387	0.01258	5.8e-05	8.2e-05	0.01466	0.00011	0.00010
10	0.00032	0.00033	0.00029	0.03863	0.05456	0.33684	0.01188	0.01934	0.12965	0.03358	0.07470	0.04507	0.20220	0.00919	0.00014	4e-05	0.02504	0.01797	9.6e-05	0.00015
