[name]
unknown

[dist]
# distance from previous block
# <min> <max>
0	65

[block]
# block no. 0 follows, 3206 sequences, length 13
# corresponding to MSA columns:
# 116-128
name=unknown_A
#
# <colnr> <probs for GDERKNQSTAVLIFYWHMCP>
#	G	D	E	R	K	N	Q	S	T	A	V	L	I	F	Y	W	H	M	C	P
0	0.00018	0.00013	0.00017	0.00930	0.00839	0.00820	0.00549	0.00680	0.00551	0.00031	0.00966	0.05093	0.03097	0.08315	0.03558	0.04739	0.00546	0.68403	9.1e-05	0.00827
1	0.00023	0.01716	0.00951	0.44095	0.20188	0.04511	0.05024	0.01314	0.03086	0.01305	0.00729	0.03040	0.01829	0.02326	0.00893	0.04198	0.03129	0.00489	0.00465	0.00690
2	0.00017	0.00012	0.00013	0.00013	0.00015	0.00011	9e-05	0.00812	0.00872	0.08543	0.06383	0.06246	0.43983	0.28455	0.02032	5.9e-05	7.8e-05	0.00845	0.01716	9.4e-05
3	0.06064	0.44664	0.05519	0.01236	0.02249	0.04037	0.04423	0.05470	0.12457	0.03965	0.01817	0.00576	0.00800	0.01107	0.01012	3.2e-05	0.03330	0.00455	0.00801	0.00014
4	0.00016	0.00012	0.00014	0.00013	0.00016	0.00011	9.8e-05	0.00731	0.02248	0.03854	0.40681	0.04729	0.36448	0.07121	0.01407	4.2e-05	6.4e-05	0.00789	0.01074	0.00818
5	0.00014	0.00011	0.00013	0.00014	0.00016	9.6e-05	0.0001	0.00018	0.00025	0.01762	0.24895	0.34294	0.31035	0.02128	0.00014	4.1e-05	6.1e-05	0.05713	0.00010	9.4e-05
6	0.00031	0.00025	0.00027	0.00023	0.00030	0.00028	0.00018	0.25936	0.70982	0.02718	0.00039	0.00037	0.00029	0.00014	0.00011	3.5e-05	9.4e-05	0.00012	0.00011	0.00017
7	0.00890	0.00010	0.00013	0.00015	0.00016	9.7e-05	0.00010	0.00018	0.01894	0.01521	0.10528	0.68042	0.13319	0.00030	0.00013	4.1e-05	6.2e-05	0.01068	0.01704	0.00888
8	0.00016	0.00011	0.00013	0.00013	0.00014	0.00669	0.00966	0.00017	0.00673	0.01258	0.04601	0.04359	0.01863	0.77609	0.05702	9.8e-05	0.00685	0.00768	0.00745	7.5e-05
9	0.01068	0.02102	0.01414	0.00017	0.01150	0.00016	0.00998	0.01204	0.00023	0.01416	0.00020	0.00023	0.00016	8.3e-05	8.2e-05	1.7e-05	8.4e-05	6.6e-05	6.5e-05	0.90494
10	0.03122	0.14498	0.55610	0.02594	0.02300	0.05256	0.05463	0.01549	0.00950	0.03434	0.00531	0.01269	0.00016	0.00011	0.00533	3.3e-05	0.01205	0.00810	5.4e-05	0.00839
11	0.00019	0.00013	0.00539	0.00593	0.00735	0.00013	0.01050	0.01532	0.02264	0.05701	0.01913	0.14696	0.09220	0.06231	0.08912	0.00556	0.00011	0.45188	0.00805	0.00010
12	0.00016	0.00011	0.00013	0.00013	0.00014	0.00010	8.4e-05	0.00017	0.00860	0.00998	0.12929	0.13868	0.11623	0.52046	0.03236	7.7e-05	9.1e-05	0.01861	0.01554	0.00905

[dist]
# distance from previous block
# <min> <max>
3	4

[block]
# block no. 1 follows, 3206 sequences, length 8
# corresponding to MSA columns:
# 133,139-143,149,150
name=unknown_B
#
# <colnr> <probs for GDERKNQSTAVLIFYWHMCP>
#	G	D	E	R	K	N	Q	S	T	A	V	L	I	F	Y	W	H	M	C	P
0	0.15923	0.09852	0.13319	0.08602	0.04261	0.13561	0.09022	0.09523	0.03321	0.06054	0.00856	0.00823	0.00017	0.00012	0.00856	3.4e-05	0.02217	8.8e-05	0.00966	0.00803
1	0.00921	0.04397	0.13696	0.00023	0.01244	0.03247	0.04926	0.10364	0.04898	0.05784	0.08164	0.05285	0.01513	0.04812	0.11491	0.02067	0.13546	0.01833	0.01777	0.00013
2	0.33024	0.00026	0.00026	0.00021	0.00028	0.00029	0.00017	0.55863	0.02306	0.03984	0.00023	0.00025	0.00017	0.02170	0.00011	3.5e-05	0.02393	8.7e-05	9.3e-05	0.00016
3	0.00015	0.00012	0.00014	0.00015	0.01767	0.01430	0.01405	0.00019	0.01512	0.01426	0.14895	0.22765	0.48043	0.00027	0.00013	3.8e-05	6.5e-05	0.06611	0.00010	9.8e-05
4	0.00019	0.00014	0.00017	0.00016	0.00020	0.01073	0.01328	0.03823	0.11825	0.05614	0.11281	0.26024	0.21867	0.03678	0.01148	4.2e-05	7.7e-05	0.08398	0.00010	0.03831
5	0.45207	0.00023	0.01287	0.05521	0.23582	0.01096	0.06116	0.03946	0.00983	0.05323	0.00021	0.00944	0.00017	0.00012	0.00911	3.5e-05	0.01050	0.03017	0.00926	0.00014
6	0.00023	0.01267	0.01169	0.53469	0.27100	0.04897	0.02781	0.00030	0.01392	0.00030	0.01224	0.01204	0.01802	0.00012	0.00011	3.5e-05	0.02477	0.01090	5.4e-05	0.00014
7	0.06687	0.00019	0.00024	0.00019	0.00027	0.00017	0.00015	0.02467	0.02167	0.84091	0.02197	0.00038	0.02155	0.00014	0.00011	3.4e-05	9e-05	0.00011	0.00013	0.00018

[dist]
# distance from previous block
# <min> <max>
2	7

[block]
# block no. 2 follows, 3206 sequences, length 16
# corresponding to MSA columns:
# 172,175-181,191-198
name=unknown_C
#
# <colnr> <probs for GDERKNQSTAVLIFYWHMCP>
#	G	D	E	R	K	N	Q	S	T	A	V	L	I	F	Y	W	H	M	C	P
0	0.60569	0.04839	0.07421	0.02240	0.06514	0.07799	0.04673	0.01888	0.00670	0.00902	0.00017	0.00517	0.00014	0.00761	8.7e-05	3.3e-05	0.01139	7.1e-05	6.3e-05	0.00013
1	0.00380	0.01767	0.00486	0.04471	0.07727	0.00368	0.03211	0.00649	0.02587	0.06004	0.03629	0.43356	0.17027	0.02766	0.01228	4.3e-05	0.02512	0.00864	0.00588	0.00376
2	0.00018	0.00011	0.00014	0.00014	0.00016	0.00010	0.00010	0.00779	0.00615	0.08380	0.19209	0.29555	0.15997	0.05311	0.01950	0.16422	7.4e-05	0.00916	0.00753	9.3e-05
3	0.02380	0.12519	0.24871	0.02495	0.05354	0.04775	0.09506	0.20871	0.07575	0.05090	0.01198	0.00474	0.00460	0.00456	0.00011	3.3e-05	0.01051	0.00444	0.00451	0.00016
4	0.00585	0.00011	0.00013	0.00014	0.00016	0.00010	9.7e-05	0.00018	0.00862	0.00937	0.23212	0.31239	0.26407	0.07640	0.02974	0.00776	0.00543	0.02153	0.02573	9.3e-05
5	0.02908	0.11935	0.17915	0.09402	0.03994	0.16812	0.06823	0.02533	0.04213	0.02739	0.01591	0.00433	0.00589	0.00439	0.03088	0.00344	0.13332	9e-05	0.00498	0.00403
6	0.00899	0.00014	0.00017	0.00604	0.00397	0.00480	0.00370	0.03289	0.13732	0.09590	0.24336	0.12675	0.09842	0.08151	0.03442	0.00366	0.00578	0.00628	0.08052	0.02540
7	0.00019	0.00016	0.00748	0.03122	0.00575	0.00018	0.00445	0.01215	0.06363	0.00437	0.18873	0.03246	0.14314	0.02680	0.03464	0.15956	0.27520	0.00464	0.00514	0.00010
8	0.00572	0.28572	0.00596	0.00026	0.00033	0.57374	0.05900	0.02523	0.00613	0.00687	0.00017	0.00020	0.00015	0.00546	0.00562	2.9e-05	0.01265	7.2e-05	5.5e-05	0.00664
9	0.00016	0.00013	0.00015	0.00014	0.00018	0.00011	0.00010	0.00019	0.00021	0.00029	0.01399	0.31178	0.20331	0.14455	0.01150	0.00977	7.5e-05	0.01296	8.4e-05	0.29030
10	0.00021	0.00020	0.00033	0.94182	0.02562	0.00024	0.00030	0.00028	0.00022	0.00028	0.00019	0.00029	0.00014	0.00011	0.00012	3.6e-05	0.02937	9.6e-05	4.8e-05	0.00012
11	0.00835	0.62224	0.11297	0.01385	0.02818	0.03726	0.04091	0.03650	0.01409	0.03732	0.00382	0.00635	0.00390	0.00011	0.00380	0.00343	0.00935	0.00364	0.00373	0.01021
12	0.00017	0.00580	0.00017	0.00497	0.00511	0.01820	0.01650	0.01114	0.00434	0.00534	0.00451	0.00505	0.00031	0.45382	0.32766	0.08756	0.04093	0.00425	0.00408	8.3e-05
13	0.08394	0.00022	0.00025	0.00021	0.00028	0.00024	0.00951	0.20422	0.31773	0.33020	0.02879	0.00035	0.00028	0.00014	0.00011	3.4e-05	9.4e-05	0.00011	0.02314	0.00017
14	0.03309	0.08015	0.12362	0.01745	0.05331	0.03722	0.03505	0.06016	0.22096	0.03219	0.02029	0.07937	0.02874	0.01846	0.02494	4e-05	0.11189	0.00730	0.00384	0.01191
15	0.14986	0.51670	0.00685	0.00736	0.02533	0.20918	0.00463	0.02014	0.01933	0.00031	0.00017	0.00872	0.00015	0.00495	0.00794	2.9e-05	0.00899	6.8e-05	0.00437	0.00491

[dist]
# distance from previous block
# <min> <max>
0	2

[block]
# block no. 3 follows, 3206 sequences, length 11
# corresponding to MSA columns:
# 201-211
name=unknown_D
#
# <colnr> <probs for GDERKNQSTAVLIFYWHMCP>
#	G	D	E	R	K	N	Q	S	T	A	V	L	I	F	Y	W	H	M	C	P
0	0.00743	0.00020	0.00029	0.02270	0.00801	0.00895	0.02802	0.01113	0.00955	0.01868	0.00019	0.01904	0.00018	0.01682	0.14194	0.09344	0.61317	0.00010	5.3e-05	0.00011
1	0.05690	0.00024	0.00036	0.31334	0.30609	0.06739	0.08057	0.02078	0.00023	0.01146	0.00021	0.03206	0.00018	0.01937	0.00775	3.8e-05	0.07203	0.01079	5.7e-05	0.00014
2	0.00611	0.00025	0.00613	0.10460	0.21204	0.04400	0.17226	0.10001	0.17293	0.01572	0.03553	0.00035	0.00743	0.01055	0.01888	3.9e-05	0.06034	0.02602	7.4e-05	0.00672
3	0.00018	0.00012	0.00015	0.00014	0.00017	0.00011	0.00011	0.00024	0.05570	0.05546	0.74060	0.02005	0.08309	0.00022	0.00012	3.5e-05	5.6e-05	0.01513	0.02820	0.00011
4	0.00029	0.99626	0.00057	0.00019	0.00028	0.00043	0.00019	0.00032	0.00022	0.00025	0.00015	0.00017	0.00014	9.3e-05	6.9e-05	2.3e-05	0.00012	5.8e-05	4.6e-05	0.00014
5	0.00894	0.81924	0.02868	0.00790	0.01673	0.00942	0.00019	0.01743	0.00022	0.01506	0.00017	0.00779	0.00015	0.01004	0.00756	2.7e-05	0.04267	0.00757	5e-05	0.00014
6	0.00808	0.00783	0.05404	0.13136	0.02065	0.00958	0.01215	0.05422	0.23660	0.10054	0.01610	0.01117	0.02193	0.00031	0.25397	7e-05	0.00544	0.00938	0.00607	0.04051
7	0.01198	0.00019	0.00024	0.00019	0.01834	0.00015	0.04335	0.02670	0.01680	0.04382	0.01712	0.05678	0.01558	0.00012	9.3e-05	2.3e-05	8.5e-05	0.04152	0.02204	0.68488
8	0.00018	0.00012	0.00016	0.00015	0.00017	0.00013	0.00011	0.01339	0.00953	0.05797	0.03899	0.01150	0.11514	0.23997	0.48557	0.00012	0.00018	0.00927	0.01726	9.6e-05
9	0.87698	0.00022	0.00018	0.00016	0.00022	0.03463	0.00013	0.03377	0.00020	0.02132	0.00016	0.00019	0.00012	0.00011	7.9e-05	3.4e-05	0.03125	6.2e-05	6.9e-05	0.00012
10	0.88625	0.00023	0.01643	0.00015	0.00022	0.03483	0.00013	0.01719	0.00019	0.00047	0.00016	0.00019	0.00012	0.01487	8.1e-05	3.4e-05	0.01503	6.2e-05	6.7e-05	0.01330

[dist]
# distance from previous block
# <min> <max>
0	1

[block]
# block no. 4 follows, 3206 sequences, length 17
# corresponding to MSA columns:
# 213-229
name=unknown_E
#
# <colnr> <probs for GDERKNQSTAVLIFYWHMCP>
#	G	D	E	R	K	N	Q	S	T	A	V	L	I	F	Y	W	H	M	C	P
0	0.04880	0.00848	0.01969	0.01608	0.00671	0.00681	0.04904	0.02888	0.00430	0.42088	0.02151	0.00401	0.00356	0.00457	0.02695	3.3e-05	0.01673	0.00361	0.01009	0.29925
1	0.99696	0.00021	0.00016	0.00014	0.00021	0.00024	0.00012	0.00032	0.00018	0.00049	0.00015	0.00018	0.00012	0.00010	6.7e-05	3.3e-05	8.4e-05	5.9e-05	6.7e-05	0.00012
2	0.00018	0.00013	0.00020	0.00021	0.00024	0.00013	0.04851	0.00024	0.02385	0.01753	0.00055	0.05197	0.00059	0.00028	0.00015	4.8e-05	0.00010	0.85487	9.8e-05	0.00010
3	0.00015	0.00011	0.00014	0.00014	0.00016	0.0001	0.00010	0.00019	0.01214	0.00038	0.63098	0.25449	0.08815	0.00026	0.00013	3.7e-05	5.5e-05	0.01209	0.00011	9.8e-05
4	0.00016	0.00011	0.00015	0.00018	0.00020	0.00011	0.00014	0.00020	0.00024	0.01068	0.02419	0.34735	0.04239	0.01053	0.00015	4.7e-05	8.4e-05	0.56289	0.00010	9.6e-05
5	0.01478	0.03949	0.01281	0.13935	0.29644	0.00619	0.12156	0.02910	0.04082	0.01237	0.00380	0.04740	0.00525	0.00755	0.00489	3.9e-05	0.00354	0.21068	0.00381	0.00014
6	0.00990	0.00017	0.00020	0.00016	0.00023	0.00014	0.00013	0.00755	0.01557	0.29003	0.13083	0.01627	0.09380	0.01185	0.01440	3e-05	8e-05	0.00518	0.03194	0.37154
7	0.02049	0.16437	0.41673	0.00929	0.03033	0.00425	0.22435	0.02725	0.01266	0.01345	0.00371	0.00749	0.00375	0.00692	0.00504	3.4e-05	0.00361	0.00781	5.4e-05	0.03841
8	0.00022	0.00018	0.00021	0.00016	0.00024	0.00014	0.00013	0.00902	0.01789	0.02316	0.12405	0.00706	0.03571	0.00012	9.2e-05	2.1e-05	7.7e-05	0.03856	0.00767	0.73532
9	0.00014	0.00010	0.00013	0.00014	0.00016	9.5e-05	9.8e-05	0.00017	0.00702	0.00879	0.12345	0.43444	0.27770	0.02946	0.02717	0.06906	7e-05	0.02163	9.7e-05	8.9e-05
10	0.09366	0.06743	0.11340	0.06598	0.02189	0.00548	0.01249	0.02963	0.00971	0.13402	0.06255	0.02039	0.03823	0.16527	0.10752	0.02324	0.01597	0.00433	0.00871	0.00012
11	0.01002	0.24122	0.08414	0.15024	0.10991	0.09714	0.05851	0.02071	0.01461	0.13206	0.00362	0.03646	0.00019	0.00516	0.00465	3.2e-05	0.00581	0.00553	0.00381	0.01617
12	0.00541	0.00018	0.00023	0.00018	0.00025	0.01097	0.00478	0.05133	0.06846	0.66931	0.00982	0.00884	0.00695	0.02157	0.00985	3.6e-05	9.1e-05	0.00488	0.12668	0.00017
13	0.00014	0.00011	0.00013	0.00014	0.00016	9.8e-05	9.7e-05	0.00017	0.00579	0.00633	0.09782	0.33290	0.38166	0.05478	0.05131	0.02524	0.00671	0.02974	0.00658	9e-05
14	0.01063	0.22042	0.21400	0.06950	0.07704	0.04276	0.05653	0.04392	0.01781	0.06515	0.01488	0.01566	0.00645	0.00481	0.03038	3.8e-05	0.10050	0.00502	0.00436	0.00014
15	0.01284	0.08617	0.08131	0.00936	0.06308	0.01281	0.02909	0.24143	0.02920	0.26280	0.00749	0.00559	0.00994	0.02083	0.01297	0.00597	0.09588	0.00339	0.00517	0.00470
16	0.00611	0.00014	0.00478	0.00598	0.02027	0.02035	0.00012	0.00714	0.01262	0.24969	0.24297	0.19423	0.20008	0.00406	0.00980	3.8e-05	0.00482	0.00582	0.01085	0.00012

[dist]
# distance from previous block
# <min> <max>
1	114

[block]
# block no. 5 follows, 3206 sequences, length 21
# corresponding to MSA columns:
# 350-353,356-372
name=unknown_F
#
# <colnr> <probs for GDERKNQSTAVLIFYWHMCP>
#	G	D	E	R	K	N	Q	S	T	A	V	L	I	F	Y	W	H	M	C	P
0	0.08440	0.07039	0.00687	0.09140	0.06485	0.00729	0.00876	0.10358	0.07767	0.15037	0.03209	0.02109	0.01949	0.00807	0.00468	0.01244	0.01167	0.00823	0.02551	0.19116
1	0.00022	0.00846	0.08332	0.20957	0.17465	0.00340	0.01269	0.01426	0.02965	0.01306	0.04506	0.04970	0.01836	0.01499	0.04544	0.00695	0.09707	0.00011	0.01025	0.16279
2	0.00017	0.00013	0.00016	0.04394	0.01781	0.00013	0.00402	0.00678	0.09309	0.00496	0.54048	0.12934	0.12162	0.01112	0.00013	0.00789	0.00447	0.00826	0.00537	0.00011
3	0.00014	0.00011	0.00012	0.00012	0.00015	9.6e-05	9.1e-05	0.00017	0.00025	0.02058	0.21038	0.10686	0.61509	0.01111	0.01325	0.00621	6e-05	0.00787	0.00724	9.5e-05
4	0.00802	0.00011	0.00015	0.00015	0.00017	0.00427	0.00011	0.00965	0.00020	0.02444	0.06198	0.26653	0.03340	0.19755	0.33641	9.8e-05	0.01337	0.03214	0.01116	9.2e-05
5	0.00017	0.00013	0.00016	0.00017	0.00019	0.00012	0.00012	0.00022	0.06399	0.00713	0.03983	0.44540	0.00654	0.05292	0.00015	4.4e-05	7.7e-05	0.23781	0.00628	0.13855
6	0.02930	0.05111	0.00936	0.00023	0.00030	0.03752	0.00019	0.50895	0.27315	0.04419	0.00031	0.00915	0.00023	0.00013	0.00010	3.3e-05	0.00011	0.00010	0.03537	0.00017
7	0.00024	0.00019	0.00023	0.00016	0.00026	0.00015	0.00013	0.00029	0.01623	0.05658	0.00021	0.00024	0.00017	8.4e-05	8.2e-05	1.7e-05	8.1e-05	6.8e-05	6.9e-05	0.92453
8	0.01539	0.07964	0.00764	0.11995	0.03817	0.01068	0.38575	0.09118	0.02433	0.12837	0.05949	0.00367	0.00669	0.00012	0.00012	0.01016	0.00535	0.00011	0.01304	0.00015
9	0.94362	0.00021	0.00016	0.00014	0.00021	0.00024	0.00012	0.00033	0.00019	0.05376	0.00017	0.00019	0.00013	0.00010	6.9e-05	3.3e-05	8.4e-05	6.1e-05	7.1e-05	0.00012
10	0.00372	0.01636	0.14417	0.24068	0.30515	0.01022	0.07031	0.01684	0.02389	0.04714	0.03681	0.00634	0.02172	0.00287	0.00458	3.4e-05	0.00577	0.00532	0.00364	0.03443
11	0.00359	0.00020	0.00404	0.12175	0.10087	0.00560	0.04765	0.01412	0.16020	0.00761	0.09697	0.08041	0.02232	0.00014	0.00011	3e-05	0.01049	0.00434	7.8e-05	0.31946
12	0.00015	0.00010	0.00013	0.00014	0.00014	0.00010	8.7e-05	0.00016	0.00018	0.00612	0.00918	0.35840	0.02799	0.51028	0.04218	0.01101	0.00771	0.02578	8e-05	7.8e-05
13	0.00582	0.20251	0.00757	0.01733	0.06565	0.23813	0.01544	0.06889	0.33090	0.00593	0.00457	0.00422	0.00372	0.00013	0.00369	3.2e-05	0.01526	0.00336	0.00671	0.00015
14	0.00490	0.01534	0.03046	0.00504	0.00547	0.00990	0.83578	0.00462	0.00444	0.01345	0.00022	0.00029	0.00017	0.00361	0.00014	3.7e-05	0.05849	0.00371	5.6e-05	0.00390
15	0.03414	0.04222	0.11055	0.06663	0.16103	0.07016	0.09780	0.08639	0.02840	0.18765	0.00832	0.00282	0.03827	0.00304	0.00398	0.00259	0.01366	0.00264	0.00353	0.03619
16	0.06525	0.15179	0.02354	0.08136	0.12061	0.00470	0.00581	0.00835	0.04679	0.04325	0.03667	0.13475	0.07374	0.01307	0.03967	0.00488	0.01280	0.12856	0.00428	0.00012
17	0.00790	0.00016	0.00021	0.00017	0.00024	0.00014	0.00014	0.02171	0.00864	0.62264	0.21754	0.05080	0.03249	0.01562	0.00012	3.5e-05	8.1e-05	0.00994	0.01125	0.00015
18	0.00675	0.00797	0.18040	0.19070	0.12111	0.08796	0.09059	0.02173	0.04849	0.03489	0.04534	0.01540	0.01889	0.00577	0.01465	0.00699	0.02100	0.06493	0.01629	0.00014
19	0.00701	0.08016	0.41958	0.18089	0.03444	0.02937	0.08010	0.05091	0.02788	0.04403	0.00446	0.00403	0.00402	0.00277	0.00357	0.00282	0.01493	0.00531	0.00358	0.00015
20	0.00015	0.00010	0.00013	0.00376	0.00420	0.00536	0.00010	0.00016	0.00373	0.00480	0.00631	0.71426	0.03490	0.07530	0.02800	0.07378	0.00385	0.03731	0.00371	8.6e-05

[dist]
# distance from previous block
# <min> <max>
3	18

[block]
# block no. 6 follows, 3206 sequences, length 17
# corresponding to MSA columns:
# 419-421,423-436
name=unknown_G
#
# <colnr> <probs for GDERKNQSTAVLIFYWHMCP>
#	G	D	E	R	K	N	Q	S	T	A	V	L	I	F	Y	W	H	M	C	P
0	0.04465	0.16148	0.27279	0.01335	0.09267	0.01536	0.08030	0.05407	0.01306	0.02031	0.00670	0.00560	0.00017	0.00010	9.6e-05	2.9e-05	0.00557	0.00501	0.00430	0.20438
1	0.20983	0.02673	0.05785	0.08686	0.05889	0.11619	0.05625	0.02236	0.00456	0.03106	0.01320	0.00024	0.00016	0.00014	0.00017	0.05206	0.23992	8.6e-05	0.00451	0.01893
2	0.00015	0.00011	0.00013	0.00014	0.00016	9.7e-05	0.00010	0.00573	0.00637	0.03685	0.10605	0.60257	0.16608	0.02569	0.00015	0.00702	6.4e-05	0.02400	0.00570	0.01284
3	0.00521	0.00013	0.00014	0.00014	0.00017	0.00566	0.00010	0.00719	0.10687	0.02413	0.29045	0.09511	0.41560	0.00585	0.00777	3.8e-05	6.3e-05	0.01665	0.01863	0.00011
4	0.00014	0.00010	0.00012	0.00013	0.00014	9.6e-05	8.8e-05	0.00016	0.00020	0.00883	0.04842	0.40737	0.18415	0.32696	0.00878	6.3e-05	7.7e-05	0.01398	9e-05	8.3e-05
5	0.01737	0.00011	0.00014	0.00014	0.00017	0.00011	0.00010	0.00021	0.03534	0.05704	0.24307	0.33708	0.26642	0.00857	0.00013	0.00604	6.1e-05	0.01112	0.01668	0.00010
6	0.00023	0.00013	0.00013	0.00012	0.00016	0.01645	9.2e-05	0.03568	0.00923	0.07004	0.00035	0.00888	0.00027	0.00013	8.1e-05	2.6e-05	6e-05	0.00010	0.80083	0.05703
7	0.91833	0.00021	0.00017	0.00015	0.00022	0.00024	0.00012	0.02044	0.01510	0.04399	0.00017	0.00019	0.00013	0.00010	7e-05	3.3e-05	8.5e-05	6.2e-05	7.1e-05	0.00012
8	0.00022	0.00021	0.00033	0.63420	0.00058	0.01202	0.01037	0.00933	0.00020	0.00027	0.00018	0.00028	0.00015	0.00890	0.01456	4.2e-05	0.30789	9.7e-05	4.9e-05	0.00012
9	0.00015	0.00011	0.00017	0.00017	0.00018	0.00013	0.00013	0.00019	0.00017	0.00025	0.00030	0.00046	0.00029	0.12795	0.86865	0.00017	0.00027	0.00012	5.9e-05	9.3e-05
10	0.00871	0.00920	0.87532	0.00961	0.07645	0.00025	0.00976	0.00034	0.00023	0.00887	0.00020	0.00023	0.00014	0.00010	0.00010	3.4e-05	0.00016	8.2e-05	4.7e-05	0.00016
11	0.94662	0.00021	0.00016	0.00014	0.00021	0.00024	0.00012	0.00033	0.00019	0.05076	0.00016	0.00019	0.00012	0.00010	6.9e-05	3.3e-05	8.4e-05	6.1e-05	7e-05	0.00012
12	0.00014	0.00011	0.00013	0.00013	0.00015	0.00010	9.3e-05	0.00017	0.00025	0.00032	0.28924	0.03152	0.46844	0.10209	0.08553	5.5e-05	8e-05	0.02126	9.9e-05	9.2e-05
13	0.00029	0.99626	0.00057	0.00019	0.00028	0.00043	0.00019	0.00032	0.00022	0.00025	0.00015	0.00017	0.00014	9.3e-05	6.9e-05	2.3e-05	0.00012	5.8e-05	4.6e-05	0.00014
14	0.00594	0.01154	0.52129	0.03845	0.00743	0.00951	0.27295	0.00833	0.00686	0.05571	0.00022	0.00026	0.00016	0.00500	0.02263	3.9e-05	0.03338	9.7e-05	5.5e-05	0.00015
15	0.00020	0.00019	0.00032	0.99594	0.00074	0.00024	0.00030	0.00028	0.00022	0.00028	0.00019	0.00029	0.00014	0.00011	0.00011	3.6e-05	0.00014	9.6e-05	4.8e-05	0.00012
16	0.00016	0.00011	0.00014	0.00013	0.00016	0.00010	9.9e-05	0.01819	0.00638	0.03126	0.44377	0.14501	0.26272	0.07062	0.00615	4.2e-05	6.2e-05	0.00658	0.00821	9.9e-05

[dist]
# distance from previous block
# <min> <max>
5	15

[block]
# block no. 7 follows, 3206 sequences, length 34
# corresponding to MSA columns:
# 454-487
name=unknown_H
#
# <colnr> <probs for GDERKNQSTAVLIFYWHMCP>
#	G	D	E	R	K	N	Q	S	T	A	V	L	I	F	Y	W	H	M	C	P
0	0.00441	0.15175	0.47254	0.09972	0.03688	0.00026	0.03704	0.00669	0.00852	0.01302	0.00917	0.03845	0.02072	0.01275	0.01381	3.7e-05	0.01148	0.06066	0.00195	0.00014
1	0.00021	0.00318	0.79553	0.00424	0.00223	0.00273	0.02935	0.00365	0.01091	0.00488	0.05766	0.02435	0.01074	0.00211	0.01563	3.7e-05	0.00243	0.00417	0.00475	0.02121
2	0.00015	0.00011	0.00013	0.00013	0.00015	9.9e-05	9.5e-05	0.00311	0.00409	0.00523	0.29440	0.09562	0.36513	0.06059	0.02974	0.11349	7e-05	0.02383	0.00374	8.9e-05
3	0.00678	0.00029	0.00031	0.00024	0.00032	0.00032	0.00020	0.93124	0.00667	0.00837	0.00027	0.00027	0.00019	0.00013	0.00011	3.2e-05	0.00012	9.8e-05	0.04386	0.00018
4	0.00014	0.00011	0.00012	0.00013	0.00015	9.3e-05	9.3e-05	0.00017	0.00024	0.00977	0.10827	0.24297	0.60402	0.00028	0.00013	3.8e-05	5.8e-05	0.03303	0.00010	9.3e-05
5	0.97012	0.00021	0.00016	0.00014	0.00021	0.00024	0.00012	0.01665	0.00019	0.01096	0.00016	0.00018	0.00012	0.00010	6.8e-05	3.3e-05	8.4e-05	6e-05	6.8e-05	0.00012
6	0.00029	0.94898	0.01245	0.00019	0.00028	0.02786	0.00019	0.00825	0.00022	0.00026	0.00015	0.00018	0.00014	9.3e-05	7.1e-05	2.3e-05	0.00012	5.9e-05	4.7e-05	0.00014
7	0.00016	0.00011	0.00015	0.00015	0.00017	0.00012	0.00011	0.00019	0.00018	0.01161	0.02138	0.00054	0.02942	0.32019	0.60079	0.00014	0.00021	0.00470	0.00959	8.8e-05
8	0.00015	0.00011	0.00014	0.00013	0.00016	0.00010	9.8e-05	0.00020	0.00030	0.00041	0.81640	0.00085	0.18010	0.00023	0.00013	3.4e-05	5.2e-05	0.00020	0.00012	0.00010
9	0.00014	9.7e-05	0.00013	0.00015	0.00016	9.1e-05	0.00010	0.00016	0.00843	0.00028	0.03387	0.90535	0.01622	0.00033	0.00014	4.4e-05	6.4e-05	0.03405	0.00010	8.9e-05
10	0.00033	0.00027	0.00027	0.00023	0.00030	0.07832	0.00373	0.33553	0.49807	0.02809	0.00610	0.00036	0.02118	0.00571	0.00375	3.5e-05	0.00011	0.00565	0.00010	0.01186
11	0.88222	0.00022	0.00017	0.00015	0.00022	0.03506	0.00012	0.03832	0.00020	0.01782	0.00017	0.00019	0.00013	0.00010	7.1e-05	3.3e-05	8.8e-05	6.2e-05	0.02453	0.00012
12	0.98213	0.00021	0.00016	0.00014	0.00021	0.00024	0.00012	0.00032	0.00019	0.01530	0.00015	0.00018	0.00012	0.00010	6.8e-05	3.3e-05	8.4e-05	5.9e-05	6.8e-05	0.00012
13	0.01014	0.02305	0.93749	0.00030	0.00045	0.00025	0.00038	0.00034	0.00757	0.00636	0.00020	0.00023	0.00014	0.00010	0.00010	3.4e-05	0.00016	8e-05	0.01245	0.00016
14	0.00452	0.00012	0.00015	0.00015	0.00018	0.00011	0.00257	0.02222	0.02653	0.05476	0.11085	0.52988	0.16335	0.00904	0.00554	4.1e-05	6.7e-05	0.03657	0.00527	0.02810
15	0.09114	0.00019	0.00023	0.00018	0.00026	0.00016	0.00014	0.00955	0.00027	0.51729	0.00687	0.00030	0.00022	0.00011	9.4e-05	2.7e-05	8.7e-05	8.8e-05	0.00010	0.37269
16	0.00044	0.00019	0.00025	0.00019	0.00027	0.00017	0.00016	0.09261	0.02852	0.78536	0.06980	0.00039	0.00031	0.00014	0.00011	3.3e-05	9.1e-05	0.00011	0.02067	0.00018
17	0.00018	0.00013	0.00320	0.00018	0.00021	0.00236	0.01801	0.01329	0.01154	0.07192	0.02954	0.34823	0.06839	0.00596	0.00307	4.5e-05	0.00245	0.41578	0.00543	0.00010
18	0.00022	0.00014	0.00017	0.00016	0.00020	0.00375	0.00012	0.02022	0.09750	0.14551	0.50520	0.03686	0.04982	0.00379	0.00012	3.5e-05	6.6e-05	0.04815	0.06879	0.01918
19	0.00015	0.00011	0.00014	0.00015	0.00017	0.00010	0.00011	0.00018	0.00489	0.00513	0.18512	0.36429	0.18395	0.01548	0.00014	4.3e-05	6.9e-05	0.23528	0.00440	9.4e-05
20	0.00018	0.00013	0.00015	0.00014	0.00018	0.00012	0.00011	0.02319	0.05463	0.07914	0.13719	0.13041	0.43640	0.00359	0.00013	3.8e-05	6.6e-05	0.09342	0.04068	0.00011
21	0.00028	0.77860	0.17132	0.00021	0.00031	0.03966	0.00022	0.00783	0.00023	0.00027	0.00016	0.00018	0.00014	9.5e-05	7.7e-05	2.5e-05	0.00013	6.2e-05	4.7e-05	0.00014
22	0.06736	0.00021	0.00026	0.00020	0.00028	0.00021	0.00017	0.25084	0.03176	0.61733	0.00981	0.00033	0.00025	0.00013	0.00011	3.3e-05	9.7e-05	0.00010	0.02034	0.00018
23	0.00016	0.00012	0.00014	0.00014	0.00017	0.00011	0.00010	0.00366	0.08435	0.01400	0.46606	0.05446	0.29447	0.00857	0.00013	3.6e-05	5.7e-05	0.00874	0.06443	0.00010
24	0.02438	0.00017	0.00020	0.00017	0.00022	0.00017	0.00013	0.15636	0.09875	0.18846	0.29065	0.04376	0.14761	0.00329	0.02130	3.8e-05	8e-05	0.00363	0.02052	0.00014
25	0.00020	0.00019	0.00032	0.99594	0.00074	0.00024	0.00030	0.00028	0.00022	0.00028	0.00019	0.00029	0.00014	0.00011	0.00011	3.6e-05	0.00014	9.6e-05	4.8e-05	0.00012
26	0.00015	0.00012	0.00219	0.02135	0.00602	0.01960	0.02774	0.00471	0.00237	0.00028	0.01381	0.71947	0.02109	0.08454	0.00344	0.00217	0.02444	0.03990	0.00651	9.2e-05
27	0.00014	0.00011	0.00014	0.00998	0.00785	9.9e-05	0.01830	0.00017	0.00326	0.00443	0.16953	0.43111	0.33232	0.00029	0.00013	0.00305	6.2e-05	0.01404	0.00490	9.4e-05
28	0.00424	0.06433	0.03361	0.00345	0.01166	0.01027	0.03365	0.00807	0.00561	0.00635	0.00019	0.00023	0.00016	8.5e-05	8.4e-05	1.9e-05	0.00528	0.00289	6.3e-05	0.80977
29	0.87274	0.03002	0.03298	0.00593	0.00355	0.02767	0.00478	0.00351	0.00472	0.00303	0.00016	0.00018	0.00012	0.00010	7.2e-05	3.3e-05	0.00753	6.1e-05	0.00269	0.00012
30	0.00018	0.00012	0.00016	0.00014	0.00017	0.00328	0.00011	0.00659	0.05898	0.05897	0.78276	0.00526	0.01772	0.05604	0.00366	3.9e-05	6.1e-05	0.00554	0.00012	0.00011
31	0.00014	0.00010	0.00013	0.00015	0.00017	9.6e-05	0.00011	0.00017	0.00550	0.00478	0.07733	0.62567	0.14942	0.00477	0.00014	4.3e-05	6.6e-05	0.13103	0.00010	9.2e-05
32	0.72166	0.00418	0.00605	0.00940	0.03958	0.08682	0.00277	0.08064	0.00906	0.01701	0.00017	0.00283	0.00013	0.00011	8e-05	3.3e-05	0.00959	0.00253	7e-05	0.00729
33	0.00731	0.17933	0.03173	0.00424	0.14946	0.36447	0.01542	0.06172	0.01743	0.06380	0.00251	0.00023	0.00016	0.00011	0.00012	3e-05	0.07798	8e-05	0.00965	0.01424

[dist]
# distance from previous block
# <min> <max>
2	3

[block]
# block no. 8 follows, 3206 sequences, length 6
# corresponding to MSA columns:
# 491-496
name=unknown_I
#
# <colnr> <probs for GDERKNQSTAVLIFYWHMCP>
#	G	D	E	R	K	N	Q	S	T	A	V	L	I	F	Y	W	H	M	C	P
0	0.04511	0.00954	0.00024	0.01252	0.06786	0.00971	0.01351	0.02911	0.02111	0.40111	0.02455	0.13095	0.05392	0.02629	0.02479	0.02131	0.07608	0.00991	0.0001	0.02227
1	0.01168	0.04843	0.20166	0.07467	0.04308	0.01073	0.08720	0.02887	0.03566	0.04787	0.10909	0.14819	0.03628	0.02398	0.00896	0.00862	0.02214	0.02811	0.00900	0.01577
2	0.02188	0.14381	0.27034	0.01227	0.01952	0.02973	0.06922	0.14168	0.10186	0.04288	0.01300	0.01614	0.01499	0.02584	0.02072	0.00894	0.01980	0.01113	0.01610	0.00015
3	0.00027	0.52230	0.41814	0.00024	0.00036	0.05644	0.00028	0.00034	0.00023	0.00029	0.00017	0.00020	0.00014	9.8e-05	8.5e-05	2.8e-05	0.00014	6.8e-05	4.7e-05	0.00015
4	0.00040	0.00028	0.00031	0.00024	0.00032	0.00031	0.00020	0.85447	0.04816	0.04261	0.00028	0.00028	0.00020	0.00013	0.00011	3.2e-05	0.00011	9.9e-05	0.05129	0.00018
5	0.00016	0.00012	0.00015	0.00014	0.00015	0.00013	9.3e-05	0.00017	0.00017	0.00023	0.02425	0.03541	0.03051	0.72695	0.04709	9.5e-05	0.10650	0.02754	6.8e-05	7.6e-05

[dist]
# distance from previous block
# <min> <max>
2	27

[block]
# block no. 9 follows, 3206 sequences, length 13
# corresponding to MSA columns:
# 524-536
name=unknown_J
#
# <colnr> <probs for GDERKNQSTAVLIFYWHMCP>
#	G	D	E	R	K	N	Q	S	T	A	V	L	I	F	Y	W	H	M	C	P
0	0.00827	0.00011	0.00014	0.02399	0.00656	0.00010	0.00544	0.00556	0.00660	0.00572	0.01073	0.76564	0.03591	0.00838	0.07241	0.00531	8.4e-05	0.03185	0.00712	9.2e-05
1	0.00013	9.5e-05	0.00013	0.00015	0.00016	8.9e-05	0.00010	0.00015	0.00021	0.00028	0.02326	0.92534	0.01659	0.01667	0.00014	4.5e-05	6.4e-05	0.01620	0.00010	8.8e-05
2	0.01593	0.28556	0.56165	0.00027	0.01526	0.00823	0.02124	0.03535	0.00920	0.03819	0.00019	0.00022	0.00015	0.00010	9.6e-05	3.1e-05	0.00803	7.7e-05	5.3e-05	0.00015
3	0.06737	0.01232	0.01033	0.00018	0.00022	0.00017	0.01081	0.01489	0.00725	0.22451	0.00632	0.00037	0.00025	0.03633	0.26143	0.00580	0.09969	0.00010	0.19446	0.04719
4	0.00024	0.02608	0.00616	0.00753	0.00635	0.00604	0.00569	0.01257	0.00625	0.02627	0.00727	0.00024	0.00017	0.00577	0.00861	2e-05	0.01716	6.9e-05	6.6e-05	0.85744
5	0.00026	0.01822	0.02135	0.00492	0.00035	0.12253	0.27550	0.05059	0.00486	0.02376	0.13135	0.01004	0.02507	0.00017	0.02358	0.00618	0.24891	0.01325	0.00683	0.01229
6	0.00016	0.00012	0.00016	0.00016	0.00018	0.00013	0.00012	0.00019	0.00017	0.00024	0.00030	0.00048	0.00029	0.22589	0.72974	0.01944	0.02196	0.00012	5.9e-05	8.9e-05
7	0.00031	0.00023	0.00025	0.00022	0.00028	0.00025	0.00017	0.05795	0.77029	0.14707	0.02147	0.00040	0.00033	0.00015	0.00011	3.6e-05	8.8e-05	0.00012	0.00011	0.00017
8	0.00023	0.00023	0.00035	0.64734	0.21057	0.08325	0.01673	0.00030	0.00023	0.00029	0.00019	0.00028	0.00015	0.00012	0.01806	3.7e-05	0.02136	9.5e-05	5e-05	0.00013
9	0.00025	0.01366	0.00024	0.00017	0.00026	0.00016	0.00014	0.02343	0.01548	0.07114	0.00021	0.00024	0.00017	8.8e-05	8.8e-05	1.9e-05	0.01910	6.9e-05	7e-05	0.85503
10	0.00458	0.02248	0.18056	0.12369	0.04186	0.00823	0.02592	0.04191	0.03780	0.21031	0.10920	0.00867	0.02486	0.01919	0.03050	3.9e-05	0.02474	0.00459	0.00417	0.07672
11	0.00024	0.07773	0.21125	0.04346	0.03499	0.06429	0.03769	0.07745	0.04936	0.02893	0.14844	0.01193	0.06720	0.07686	0.00530	4e-05	0.01427	0.02396	0.01399	0.01261
12	0.01921	0.00747	0.00017	0.00019	0.09219	0.00013	0.00012	0.00583	0.00018	0.00580	0.00850	0.05493	0.02057	0.37959	0.15538	0.20868	0.02601	0.00567	6.3e-05	0.00932

[dist]
# distance from previous block
# <min> <max>
2	32

[block]
# block no. 10 follows, 3206 sequences, length 36
# corresponding to MSA columns:
# 580-583,587-603,607-621
name=unknown_K
#
# <colnr> <probs for GDERKNQSTAVLIFYWHMCP>
#	G	D	E	R	K	N	Q	S	T	A	V	L	I	F	Y	W	H	M	C	P
0	0.00571	0.00835	0.02856	0.10749	0.06649	0.00877	0.03688	0.00522	0.00259	0.00956	0.03259	0.22058	0.07227	0.02808	0.02532	0.10419	0.03230	0.20023	0.00472	0.00010
1	0.02020	0.07032	0.18949	0.05312	0.24621	0.00729	0.02442	0.07865	0.04936	0.09478	0.01973	0.00526	0.00623	0.01583	0.01443	0.00153	0.00358	0.00654	0.00711	0.08593
2	0.00017	0.00012	0.00015	0.00014	0.00017	0.00011	0.00011	0.00939	0.01993	0.04765	0.81537	0.01055	0.08698	0.00022	0.00013	3.4e-05	5.5e-05	0.00019	0.00012	0.00841
3	0.00022	0.02367	0.00023	0.00016	0.00025	0.00894	0.00013	0.00645	0.00023	0.00035	0.01806	0.00026	0.03253	9e-05	8.3e-05	1.7e-05	8.1e-05	7.2e-05	6.6e-05	0.90811
4	0.00452	0.27005	0.32367	0.00370	0.03213	0.00838	0.01478	0.12393	0.00387	0.07082	0.00200	0.03160	0.00213	0.00205	9.6e-05	3e-05	0.00192	0.00239	6.5e-05	0.10188
5	0.00017	0.01133	0.12470	0.00016	0.00020	0.00013	0.00014	0.00022	0.00732	0.01900	0.65680	0.00601	0.16186	0.00021	0.00012	3.4e-05	6.7e-05	0.00415	0.00011	0.00728
6	0.00013	9.7e-05	0.00013	0.00015	0.00016	9.3e-05	0.00010	0.00015	0.00020	0.00027	0.00750	0.85373	0.00678	0.05150	0.07839	5.7e-05	8.3e-05	0.00028	9.5e-05	8.8e-05
7	0.00248	0.00014	0.00018	0.06699	0.01856	0.00301	0.01083	0.06754	0.08420	0.00473	0.01971	0.61979	0.02101	0.01015	0.00438	4.3e-05	8e-05	0.06068	0.00539	0.00011
8	0.05390	0.00273	0.00376	0.00750	0.13009	0.03611	0.00516	0.72255	0.01449	0.00391	0.00025	0.00267	0.00018	0.00012	0.00011	3.2e-05	0.00469	9.5e-05	0.01148	0.00017
9	0.99696	0.00021	0.00016	0.00014	0.00021	0.00024	0.00012	0.00032	0.00018	0.00049	0.00015	0.00018	0.00012	0.00010	6.7e-05	3.3e-05	8.4e-05	5.9e-05	6.7e-05	0.00012
10	0.00034	0.21692	0.00037	0.00587	0.00031	0.51704	0.00021	0.00037	0.00025	0.00685	0.00016	0.00020	0.00014	0.00013	0.00016	3.2e-05	0.25041	7.4e-05	5.2e-05	0.00013
11	0.00024	0.00403	0.02390	0.00028	0.00029	0.00324	0.00804	0.00304	0.00920	0.00582	0.00015	0.00312	0.00015	0.01357	0.00034	4.7e-05	0.92160	9.6e-05	4.9e-05	0.00278
12	0.11329	0.01286	0.10841	0.02603	0.16144	0.00762	0.05961	0.03223	0.00915	0.43101	0.00536	0.00509	0.00487	0.00012	0.00010	3.3e-05	0.00011	0.00230	0.00197	0.01840
13	0.00266	0.02035	0.11565	0.10982	0.37003	0.12951	0.01490	0.02502	0.00026	0.10825	0.00616	0.05437	0.00850	0.00186	0.00184	0.00283	0.02398	0.00380	6.6e-05	0.00015
14	0.00013	0.00011	0.00012	0.00012	0.00015	9.5e-05	0.00484	0.00017	0.00836	0.00543	0.10556	0.00101	0.86384	0.00027	0.00013	3.6e-05	5.6e-05	0.00940	0.00010	9.4e-05
15	0.00938	0.08456	0.20172	0.17459	0.07771	0.02711	0.03150	0.02956	0.01031	0.29655	0.00313	0.03129	0.00021	0.00012	0.00255	3.4e-05	0.01468	0.00193	0.00289	0.00015
16	0.01149	0.06399	0.12489	0.23132	0.17769	0.01737	0.10399	0.03150	0.02369	0.14155	0.00699	0.04573	0.00842	0.00266	0.00011	3.4e-05	0.00479	0.00184	0.00182	0.00015
17	0.00018	9.8e-05	0.00014	0.00991	0.00015	9.9e-05	9.8e-05	0.00333	0.00462	0.00478	0.00689	0.11885	0.00986	0.02255	0.01546	0.79733	0.00542	0.00012	5.6e-05	5.7e-05
18	0.00022	0.00021	0.01716	0.77474	0.13582	0.00778	0.02265	0.00385	0.00668	0.00029	0.00021	0.00350	0.00349	0.00011	0.00011	3.6e-05	0.00474	0.01822	5.1e-05	0.00013
19	0.00324	0.01029	0.07304	0.32342	0.07293	0.04776	0.04296	0.00469	0.01780	0.00907	0.00230	0.23034	0.00781	0.03669	0.02005	0.00203	0.06051	0.02851	0.00644	0.00012
20	0.00510	0.14951	0.24389	0.05724	0.21559	0.02783	0.14868	0.00650	0.02073	0.05003	0.00495	0.02812	0.00354	0.00460	0.01484	0.00502	0.00365	0.00834	0.00167	0.00015
21	0.00260	0.00403	0.20069	0.02801	0.05956	0.03540	0.42433	0.01230	0.00994	0.02468	0.01020	0.10612	0.00809	0.00014	0.00187	0.00285	0.01021	0.05452	0.00432	0.00014
22	0.00462	0.00025	0.00422	0.06929	0.01731	0.00026	0.04176	0.48482	0.00040	0.36156	0.00586	0.00031	0.00022	0.00013	0.00011	3.3e-05	0.00011	0.00844	0.00011	0.00018
23	0.00016	0.00210	0.06646	0.02632	0.06175	0.00422	0.00730	0.01604	0.00429	0.00846	0.03915	0.55979	0.10909	0.02096	0.04037	0.00276	0.01090	0.01780	0.00199	0.00010
24	0.08946	0.02834	0.18761	0.15226	0.13781	0.00887	0.05608	0.01603	0.02635	0.07536	0.00942	0.10152	0.03090	0.00014	0.00699	3.6e-05	0.00562	0.00790	0.05915	0.00014
25	0.00251	0.00970	0.00591	0.53011	0.19007	0.03057	0.00441	0.00345	0.01111	0.01983	0.02340	0.06811	0.08228	0.00279	0.00224	3.6e-05	0.00791	0.00349	0.00197	0.00013
26	0.00027	0.00024	0.02467	0.00022	0.00029	0.00027	0.00018	0.01029	0.96119	0.00045	0.00043	0.00040	0.00032	0.00015	0.00011	3.7e-05	8.8e-05	0.00012	0.00011	0.00017
27	0.00314	0.00318	0.01719	0.19014	0.20075	0.00794	0.05868	0.01280	0.00621	0.08527	0.01922	0.14447	0.01172	0.03790	0.06773	0.11187	0.00276	0.01213	0.00678	0.00012
28	0.02650	0.02368	0.22502	0.09745	0.09217	0.02440	0.07846	0.02900	0.03249	0.06306	0.00804	0.13115	0.01661	0.08541	0.04913	0.00161	0.00857	0.00540	0.00169	0.00013
29	0.00194	0.00518	0.00493	0.52217	0.11211	0.07223	0.00656	0.00763	0.01191	0.00564	0.02429	0.04700	0.01315	0.07762	0.04554	0.00421	0.03084	0.00357	0.00338	0.00012
30	0.00852	0.01107	0.00032	0.92366	0.01315	0.00521	0.00029	0.00028	0.00022	0.01152	0.00020	0.00029	0.00015	0.00013	0.02454	3.9e-05	0.00015	9.6e-05	5e-05	0.00012
31	0.00023	0.00020	0.02831	0.01324	0.01570	0.00311	0.00713	0.01208	0.00194	0.01034	0.00257	0.03475	0.00277	0.00376	0.00481	2e-05	0.00191	0.00212	0.00181	0.85322
32	0.00988	0.78486	0.11946	0.00021	0.00870	0.00516	0.00021	0.03716	0.00023	0.00317	0.00017	0.00020	0.01101	0.00011	0.01285	2.7e-05	0.00012	6.5e-05	5e-05	0.00636
33	0.00014	0.00011	0.00844	0.00016	0.00445	9.9e-05	0.00933	0.00017	0.02463	0.00029	0.00753	0.82633	0.02671	0.01102	0.00014	4.4e-05	6.8e-05	0.06925	0.01098	9.2e-05
34	0.00015	0.00011	0.00014	0.00741	0.00293	0.00010	0.00010	0.00416	0.00995	0.00472	0.02078	0.47377	0.14761	0.13377	0.10952	0.05905	0.01138	0.01416	8.7e-05	8.7e-05
35	0.01793	0.08318	0.28659	0.04782	0.16773	0.02628	0.05999	0.02356	0.02570	0.11531	0.01333	0.04232	0.02888	0.00013	0.01021	0.00427	0.01254	0.00304	0.00778	0.02339

[dist]
# distance from previous block
# <min> <max>
0	277

# created by:
# /home/cegg/simao/soft/augustus-3.2.1/scripts/msa2prfl.pl ./align_prep/POG091H01WE.fa
