[name]
unknown

[dist]
# distance from previous block
# <min> <max>
0	559

[block]
# block no. 0 follows, 2675 sequences, length 79
# corresponding to MSA columns:
# 566-571,577-584,590-603,641-648,655-670,674-685,689-703
name=unknown_A
#
# <colnr> <probs for GDERKNQSTAVLIFYWHMCP>
#	G	D	E	R	K	N	Q	S	T	A	V	L	I	F	Y	W	H	M	C	P
0	0.00035	0.00026	0.00029	0.00683	0.01854	0.00206	0.00535	0.04325	0.67893	0.13433	0.06162	0.00052	0.00655	0.00018	0.00013	4.3e-05	0.00010	0.02012	0.00342	0.01713
1	0.00032	0.00032	0.00048	0.17611	0.71441	0.07882	0.00202	0.00039	0.00029	0.00232	0.00024	0.00032	0.00020	0.00013	0.00942	4e-05	0.00197	0.00011	0.00179	0.01030
2	0.00020	0.00016	0.00022	0.00021	0.00023	0.00019	0.00574	0.00023	0.00021	0.00030	0.01111	0.01510	0.00560	0.20278	0.61634	0.00016	0.14088	0.00015	7.1e-05	0.00011
3	0.00016	0.00013	0.00014	0.00014	0.00018	0.00011	0.00010	0.00020	0.00031	0.00038	0.16723	0.02913	0.79730	0.00032	0.00015	4.4e-05	6.5e-05	0.00369	0.00012	0.00011
4	0.00019	0.00013	0.00014	0.00014	0.00014	0.00013	7.9e-05	0.00019	0.00019	0.00025	0.00042	0.00588	0.00802	0.98286	0.00065	0.00012	0.00012	0.00019	7.9e-05	7.9e-05
5	0.00018	0.00013	0.00016	0.00016	0.00019	0.00012	0.00012	0.00023	0.00334	0.00048	0.77516	0.00421	0.20571	0.00476	0.00016	4.2e-05	6.3e-05	0.00452	0.00014	0.00012
6	0.00033	0.00028	0.00029	0.00026	0.00034	0.00032	0.00021	0.02401	0.97108	0.00055	0.00052	0.00048	0.00039	0.00018	0.00013	4.4e-05	0.00010	0.00015	0.00013	0.00021
7	0.99636	0.00025	0.00019	0.00017	0.00025	0.00029	0.00014	0.00038	0.00022	0.00058	0.00018	0.00021	0.00014	0.00012	8e-05	4e-05	0.00010	7e-05	8e-05	0.00014
8	0.98987	0.00025	0.00019	0.00017	0.00025	0.00029	0.00014	0.00686	0.00022	0.00058	0.00018	0.00021	0.00014	0.00012	8e-05	4e-05	0.00010	7e-05	8e-05	0.00014
9	0.01227	0.00013	0.00017	0.00016	0.00019	0.00012	0.00012	0.00025	0.00036	0.00052	0.98251	0.00096	0.00121	0.00026	0.00015	4.1e-05	6.2e-05	0.00023	0.00014	0.00012
10	0.00024	0.00015	0.00020	0.00018	0.00022	0.00015	0.00014	0.02400	0.05444	0.10995	0.75122	0.03359	0.01963	0.00025	0.00015	4.1e-05	7.1e-05	0.00022	0.00502	0.00014
11	0.00049	0.00036	0.00039	0.00030	0.00040	0.00040	0.00025	0.99421	0.00061	0.00082	0.00031	0.00031	0.00022	0.00016	0.00013	3.9e-05	0.00014	0.00012	0.00013	0.00022
12	0.07056	0.00035	0.00037	0.00029	0.00039	0.00039	0.00024	0.91657	0.00058	0.00852	0.00030	0.00030	0.00022	0.00015	0.00013	3.9e-05	0.00014	0.00011	0.00013	0.00021
13	0.00016	0.00012	0.00015	0.00018	0.00019	0.00011	0.00012	0.00018	0.00026	0.00034	0.01691	0.86447	0.10569	0.00039	0.00016	5.2e-05	7.4e-05	0.01023	0.00012	0.00011
14	0.99636	0.00025	0.00019	0.00017	0.00025	0.00029	0.00014	0.00038	0.00022	0.00058	0.00018	0.00021	0.00014	0.00012	8e-05	4e-05	0.00010	7e-05	8e-05	0.00014
15	0.00032	0.00031	0.00053	0.00079	0.99464	0.00031	0.00040	0.00040	0.00029	0.00042	0.00024	0.00032	0.00021	0.00012	0.00013	3.8e-05	0.00015	0.00012	6.4e-05	0.00021
16	0.99636	0.00025	0.00019	0.00017	0.00025	0.00029	0.00014	0.00038	0.00022	0.00058	0.00018	0.00021	0.00014	0.00012	8e-05	4e-05	0.00010	7e-05	8e-05	0.00014
17	0.00016	0.00013	0.00014	0.00015	0.00018	0.00011	0.00011	0.00019	0.00306	0.00420	0.05629	0.25897	0.67519	0.00034	0.00016	4.6e-05	6.8e-05	0.00029	0.00012	0.00011
18	0.00275	0.00023	0.00026	0.00023	0.00030	0.01431	0.00018	0.03040	0.38070	0.31586	0.14876	0.00642	0.07895	0.00230	0.00014	4.2e-05	9.9e-05	0.01006	0.00782	0.00019
19	0.01368	0.00024	0.00031	0.00024	0.00034	0.00023	0.00020	0.17919	0.00877	0.75646	0.02948	0.00043	0.00461	0.00016	0.00013	4e-05	0.00011	0.00013	0.00504	0.00022
20	0.00529	0.00025	0.00032	0.00024	0.00034	0.00023	0.00020	0.19868	0.00042	0.79190	0.00047	0.00041	0.00030	0.00016	0.00013	4e-05	0.00012	0.00013	0.00015	0.00022
21	0.00286	0.00034	0.00038	0.00029	0.00039	0.00037	0.00024	0.86068	0.00375	0.12293	0.00265	0.00033	0.00024	0.00016	0.00013	3.9e-05	0.00014	0.00012	0.00374	0.00022
22	0.00016	0.00012	0.00015	0.00017	0.00019	0.00011	0.00012	0.00018	0.00026	0.00034	0.01265	0.85162	0.12546	0.00039	0.00016	5.1e-05	7.4e-05	0.00757	0.00012	0.00011
23	0.76178	0.00024	0.00022	0.00018	0.00027	0.00027	0.00015	0.00044	0.00026	0.23478	0.00026	0.00026	0.00018	0.00013	9.2e-05	4e-05	0.00010	8.4e-05	9.9e-05	0.00016
24	0.00307	0.00024	0.00302	0.35045	0.07648	0.01500	0.05021	0.03639	0.02540	0.31797	0.01596	0.01570	0.00029	0.00505	0.00014	4.3e-05	0.00921	0.04724	0.02796	0.00018
25	0.00016	0.00012	0.00015	0.00017	0.00019	0.00011	0.00012	0.00279	0.00026	0.00268	0.02420	0.79182	0.17121	0.00039	0.00016	5.1e-05	7.4e-05	0.00513	0.00012	0.00011
26	0.00016	0.00011	0.00015	0.00018	0.00019	0.00011	0.00012	0.00018	0.00025	0.00033	0.00071	0.98182	0.00085	0.00678	0.00017	5.3e-05	7.6e-05	0.00754	0.00012	0.00011
27	0.00205	0.00041	0.28900	0.03873	0.40243	0.00031	0.18923	0.00419	0.05923	0.00180	0.00385	0.00509	0.00283	0.00012	0.00013	4.1e-05	0.00017	0.00012	6.6e-05	0.00019
28	0.00646	0.02321	0.01326	0.02260	0.00829	0.17499	0.00743	0.22699	0.00663	0.48801	0.00204	0.00337	0.00026	0.00015	0.00013	3.9e-05	0.00570	0.00538	0.00487	0.00020
29	0.00025	0.00023	0.00039	0.97003	0.00375	0.00029	0.00457	0.00332	0.00026	0.00033	0.00023	0.00035	0.00018	0.00013	0.00349	4.4e-05	0.00597	0.00330	0.00273	0.00014
30	0.94007	0.01529	0.00168	0.00167	0.00718	0.01913	0.00500	0.00430	0.00222	0.00057	0.00018	0.00021	0.00014	0.00012	8.3e-05	4e-05	0.00181	7.2e-05	7.9e-05	0.00014
31	0.00017	0.00012	0.00017	0.00019	0.00381	0.00013	0.00228	0.00020	0.00024	0.00032	0.01244	0.57298	0.03178	0.06361	0.29467	0.00010	0.00198	0.01216	0.00255	0.00011
32	0.00180	0.01231	0.00488	0.17722	0.40857	0.13559	0.01984	0.14650	0.04913	0.00850	0.00026	0.00168	0.00156	0.00122	0.00563	4e-05	0.02490	0.00011	7.7e-05	0.00019
33	0.00019	0.00013	0.00017	0.00016	0.00020	0.00012	0.00012	0.00025	0.01209	0.00975	0.90031	0.01086	0.06183	0.00027	0.00015	4.1e-05	6.2e-05	0.00024	0.00294	0.00012
34	0.00180	0.00028	0.00031	0.11813	0.00880	0.01679	0.00160	0.11717	0.60916	0.06061	0.02864	0.01321	0.00324	0.01563	0.00014	4.4e-05	0.00012	0.00401	0.00012	0.00019
35	0.00019	0.00015	0.00018	0.00018	0.00022	0.01817	0.01251	0.00890	0.00242	0.01871	0.04488	0.15102	0.45052	0.00888	0.00164	5e-05	0.00766	0.27228	0.00132	0.00012
36	0.00026	0.00027	0.00054	0.10018	0.01010	0.00026	0.58047	0.00035	0.00896	0.00039	0.01951	0.12894	0.03287	0.00019	0.00015	4.6e-05	0.00017	0.11447	0.00170	0.00015
37	0.00032	0.00031	0.00053	0.00079	0.99464	0.00031	0.00040	0.00040	0.00029	0.00042	0.00024	0.00032	0.00021	0.00012	0.00013	3.8e-05	0.00015	0.00012	6.4e-05	0.00021
38	0.00017	0.00012	0.00015	0.00017	0.00018	0.00012	0.00011	0.00019	0.00023	0.00962	0.00336	0.58496	0.01726	0.32611	0.00787	7.8e-05	9.6e-05	0.04381	0.00530	9.8e-05
39	0.00035	0.99553	0.00068	0.00022	0.00033	0.00051	0.00022	0.00039	0.00026	0.00030	0.00018	0.00021	0.00017	0.00011	8.3e-05	2.8e-05	0.00014	6.9e-05	5.5e-05	0.00017
40	0.00027	0.00023	0.00027	0.00019	0.00031	0.00017	0.00015	0.00033	0.00027	0.00042	0.00023	0.00027	0.00019	9.6e-05	9.6e-05	1.9e-05	9.6e-05	7.7e-05	7.7e-05	0.99624
41	0.00018	0.00014	0.00021	0.00021	0.00023	0.00016	0.00016	0.00023	0.00021	0.00030	0.00035	0.00051	0.00032	0.00097	0.99494	0.00021	0.00035	0.00014	6.9e-05	0.00012
42	0.00016	0.00012	0.00014	0.00015	0.00018	0.00011	0.00011	0.00018	0.00028	0.00034	0.00877	0.33840	0.64088	0.00560	0.00016	4.7e-05	6.9e-05	0.00408	0.00012	0.00011
43	0.00048	0.00061	0.00037	0.00034	0.00040	0.98416	0.01101	0.00052	0.00037	0.00032	0.00020	0.00023	0.00017	0.00013	0.00012	3.3e-05	0.00023	8.4e-05	6.7e-05	0.00015
44	0.00018	0.00013	0.00016	0.00016	0.00019	0.00012	0.00012	0.00602	0.00394	0.00047	0.70296	0.01325	0.25692	0.00255	0.00205	4.2e-05	6.4e-05	0.00682	0.00014	0.00370
45	0.00035	0.98754	0.00068	0.00022	0.00033	0.00849	0.00022	0.00039	0.00026	0.00030	0.00018	0.00021	0.00017	0.00011	8.3e-05	2.8e-05	0.00014	6.9e-05	5.5e-05	0.00017
46	0.00028	0.00023	0.00027	0.00019	0.00031	0.00017	0.00015	0.00034	0.00027	0.03510	0.00024	0.00027	0.00020	9.8e-05	9.7e-05	2e-05	9.6e-05	7.9e-05	8e-05	0.96151
47	0.98501	0.00025	0.00019	0.01151	0.00026	0.00029	0.00014	0.00038	0.00022	0.00058	0.00018	0.00021	0.00014	0.00012	8.1e-05	4e-05	0.00010	7.1e-05	8e-05	0.00014
48	0.00032	0.00028	0.00029	0.00026	0.00034	0.00032	0.00020	0.00068	0.97794	0.00568	0.00053	0.00049	0.00040	0.00018	0.00013	4.4e-05	0.00010	0.01147	0.00013	0.00020
49	0.00020	0.00015	0.00020	0.00023	0.00026	0.00014	0.00020	0.00026	0.00029	0.00038	0.00070	0.09055	0.01973	0.00036	0.00018	5.9e-05	0.00011	0.88575	0.00012	0.00012
50	0.00049	0.00542	0.00038	0.00031	0.00040	0.30727	0.00025	0.68263	0.00053	0.00066	0.00028	0.00029	0.00020	0.00015	0.00013	3.7e-05	0.00017	0.00011	0.00011	0.00020
51	0.00027	0.00023	0.00027	0.00019	0.00031	0.00017	0.00015	0.00033	0.00027	0.00042	0.00023	0.00027	0.00019	9.6e-05	9.6e-05	1.9e-05	9.6e-05	7.7e-05	7.7e-05	0.99624
52	0.00019	0.00014	0.00019	0.00192	0.00278	0.00015	0.00013	0.00024	0.06029	0.00031	0.01809	0.01376	0.06885	0.33129	0.49734	0.00015	0.00023	0.00377	8.2e-05	0.00011
53	0.00030	0.00039	0.12865	0.00052	0.00066	0.00032	0.86633	0.00041	0.00030	0.00041	0.00026	0.00034	0.00019	0.00011	0.00015	4.3e-05	0.00021	0.00015	6.4e-05	0.00018
54	0.00028	0.00028	0.00040	0.00034	0.00034	0.00040	0.00028	0.00031	0.00020	0.00031	0.00017	0.00028	0.00017	0.00023	0.00042	5.7e-05	0.99521	0.00011	5.7e-05	0.00014
55	0.99636	0.00025	0.00019	0.00017	0.00025	0.00029	0.00014	0.00038	0.00022	0.00058	0.00018	0.00021	0.00014	0.00012	8e-05	4e-05	0.00010	7e-05	8e-05	0.00014
56	0.00026	0.00067	0.99478	0.00037	0.00056	0.00030	0.00048	0.00041	0.00027	0.00041	0.00023	0.00027	0.00016	0.00012	0.00012	4.1e-05	0.00019	9.6e-05	5.5e-05	0.00019
57	0.00019	0.00013	0.00017	0.00016	0.00019	0.00013	0.00012	0.00026	0.01674	0.00052	0.88358	0.00091	0.00112	0.00025	0.00015	4e-05	6.2e-05	0.00022	0.09494	0.00012
58	0.00019	0.00013	0.00016	0.00016	0.00016	0.00013	0.00010	0.00020	0.00019	0.00026	0.00039	0.00076	0.00043	0.73610	0.25996	0.00015	0.00018	0.00018	7.6e-05	8.8e-05
59	0.00018	0.00013	0.00017	0.00016	0.00019	0.00012	0.00012	0.00024	0.00037	0.00052	0.98342	0.00097	0.01237	0.00027	0.00015	4.1e-05	6.1e-05	0.00023	0.00014	0.00012
60	0.00032	0.00027	0.00029	0.00026	0.00033	0.00032	0.00020	0.00067	0.96867	0.00054	0.00053	0.02624	0.00041	0.00018	0.00013	4.4e-05	0.00010	0.00015	0.00013	0.00020
61	0.01751	0.48093	0.33547	0.00410	0.01057	0.02805	0.02760	0.00346	0.00298	0.02593	0.03212	0.00027	0.00131	0.00013	0.00206	3.5e-05	0.02055	9e-05	0.00667	0.00017
62	0.00035	0.99553	0.00068	0.00022	0.00033	0.00051	0.00022	0.00039	0.00026	0.00030	0.00018	0.00021	0.00017	0.00011	8.3e-05	2.8e-05	0.00014	6.9e-05	5.5e-05	0.00017
63	0.99636	0.00025	0.00019	0.00017	0.00025	0.00029	0.00014	0.00038	0.00022	0.00058	0.00018	0.00021	0.00014	0.00012	8e-05	4e-05	0.00010	7e-05	8e-05	0.00014
64	0.02897	0.00023	0.00030	0.00143	0.00380	0.00021	0.00308	0.02256	0.04249	0.82653	0.00590	0.01431	0.00033	0.00136	0.00532	4.2e-05	0.02667	0.01462	0.00163	0.00021
65	0.00026	0.00067	0.99478	0.00037	0.00056	0.00030	0.00048	0.00041	0.00027	0.00041	0.00023	0.00027	0.00016	0.00012	0.00012	4.1e-05	0.00019	9.6e-05	5.5e-05	0.00019
66	0.00418	0.00027	0.00029	0.00026	0.00034	0.00031	0.00020	0.00586	0.92520	0.05641	0.00052	0.00048	0.00039	0.00017	0.00013	4.4e-05	0.00010	0.00014	0.00448	0.00021
67	0.00035	0.99553	0.00068	0.00022	0.00033	0.00051	0.00022	0.00039	0.00026	0.00030	0.00018	0.00021	0.00017	0.00011	8.3e-05	2.8e-05	0.00014	6.9e-05	5.5e-05	0.00017
68	0.00016	0.00011	0.00015	0.00018	0.00019	0.00011	0.00012	0.00018	0.00025	0.00033	0.00071	0.98313	0.00085	0.00041	0.00017	5.3e-05	7.6e-05	0.01260	0.00012	0.00011
69	0.00035	0.99553	0.00068	0.00022	0.00033	0.00051	0.00022	0.00039	0.00026	0.00030	0.00018	0.00021	0.00017	0.00011	8.3e-05	2.8e-05	0.00014	6.9e-05	5.5e-05	0.00017
70	0.00016	0.00012	0.00015	0.00018	0.00019	0.00011	0.00012	0.00019	0.00026	0.00034	0.05728	0.83118	0.08553	0.01075	0.00017	5.2e-05	7.5e-05	0.01293	0.00012	0.00011
71	0.99636	0.00025	0.00019	0.00017	0.00025	0.00029	0.00014	0.00038	0.00022	0.00058	0.00018	0.00021	0.00014	0.00012	8e-05	4e-05	0.00010	7e-05	8e-05	0.00014
72	0.00028	0.00028	0.00039	0.00034	0.00034	0.01525	0.00028	0.00621	0.00020	0.00031	0.00018	0.00029	0.00017	0.00024	0.02648	6e-05	0.94837	0.00011	5.8e-05	0.00014
73	0.00018	0.00014	0.00021	0.00021	0.00023	0.00016	0.00016	0.00023	0.00021	0.00030	0.00035	0.00051	0.00032	0.00097	0.99494	0.00021	0.00035	0.00014	6.9e-05	0.00012
74	0.00026	0.00067	0.99478	0.00037	0.00056	0.00030	0.00048	0.00041	0.00027	0.00041	0.00023	0.00027	0.00016	0.00012	0.00012	4.1e-05	0.00019	9.6e-05	5.5e-05	0.00019
75	0.00024	0.00023	0.00039	0.99514	0.00089	0.00029	0.00036	0.00033	0.00026	0.00033	0.00023	0.00035	0.00017	0.00013	0.00013	4.3e-05	0.00017	0.00012	5.8e-05	0.00014
76	0.00019	0.00013	0.00014	0.00014	0.00014	0.00013	8.1e-05	0.00019	0.00019	0.00025	0.00042	0.00646	0.00980	0.95148	0.02966	0.00013	0.00013	0.00019	7.9e-05	8e-05
77	0.00020	0.00017	0.00018	0.00018	0.00022	0.00017	0.00014	0.00609	0.25092	0.00284	0.05222	0.24207	0.41539	0.00030	0.00015	4.6e-05	7.9e-05	0.02837	0.00012	0.00013
78	0.13785	0.49603	0.00506	0.14741	0.01973	0.11046	0.00235	0.03922	0.00379	0.00304	0.00020	0.00240	0.00017	0.00012	0.00011	3.4e-05	0.03170	8.3e-05	6.4e-05	0.00016

[dist]
# distance from previous block
# <min> <max>
0	1

[block]
# block no. 1 follows, 2675 sequences, length 25
# corresponding to MSA columns:
# 705-707,718-722,725-737,741-744
name=unknown_B
#
# <colnr> <probs for GDERKNQSTAVLIFYWHMCP>
#	G	D	E	R	K	N	Q	S	T	A	V	L	I	F	Y	W	H	M	C	P
0	0.00986	0.00285	0.15477	0.10089	0.00654	0.01044	0.01313	0.04135	0.20572	0.05083	0.18327	0.00728	0.18367	0.00259	0.00271	4.3e-05	0.00533	0.00748	0.01108	0.00016
1	0.00765	0.06038	0.02832	0.05600	0.14093	0.27782	0.02536	0.13148	0.04766	0.04607	0.01643	0.00390	0.00300	0.01111	0.00767	3.8e-05	0.01495	0.00011	0.00759	0.11354
2	0.00442	0.00016	0.00020	0.00021	0.00025	0.00016	0.00016	0.00997	0.11311	0.14570	0.00868	0.45758	0.01444	0.00964	0.00016	5.1e-05	0.00406	0.22043	0.01047	0.00014
3	0.02967	0.03507	0.00492	0.06057	0.00677	0.16710	0.00385	0.33458	0.29571	0.00818	0.00454	0.00283	0.00283	0.00016	0.00316	4e-05	0.02283	0.00492	0.00734	0.00492
4	0.06426	0.00029	0.00500	0.25905	0.37068	0.01056	0.15867	0.03915	0.00873	0.04371	0.00622	0.00372	0.00416	0.00318	0.00014	4.1e-05	0.01259	0.00610	0.00358	0.00018
5	0.01908	0.04995	0.02546	0.13659	0.07492	0.09745	0.04458	0.10233	0.04331	0.12954	0.00648	0.06822	0.00485	0.03150	0.13689	6.6e-05	0.02271	0.00329	0.00263	0.00016
6	0.00806	0.15501	0.00041	0.00029	0.00038	0.43063	0.00024	0.28358	0.00042	0.10443	0.00026	0.00028	0.00020	0.00014	0.00012	3.5e-05	0.00018	9.6e-05	0.01508	0.00018
7	0.00048	0.00056	0.00037	0.00032	0.00040	0.78895	0.00025	0.17548	0.01293	0.00998	0.00023	0.00025	0.00018	0.00014	0.00012	3.4e-05	0.00021	9.1e-05	0.00886	0.00016
8	0.00019	0.00014	0.00017	0.00016	0.00346	0.00013	0.00012	0.00422	0.01905	0.01534	0.47227	0.06602	0.15705	0.19372	0.02881	0.00838	0.01023	0.01312	0.00731	0.00011
9	0.00033	0.00028	0.00030	0.00027	0.00034	0.00033	0.00021	0.06919	0.92588	0.00056	0.00051	0.00047	0.00038	0.00017	0.00013	4.4e-05	0.00011	0.00014	0.00013	0.00021
10	0.00037	0.00029	0.00033	0.00028	0.00036	0.00032	0.04451	0.15743	0.68876	0.08970	0.00048	0.00046	0.00036	0.00017	0.00013	4.3e-05	0.00011	0.01557	0.00013	0.00021
11	0.99636	0.00025	0.00019	0.00017	0.00025	0.00029	0.00014	0.00038	0.00022	0.00058	0.00018	0.00021	0.00014	0.00012	8e-05	4e-05	0.00010	7e-05	8e-05	0.00014
12	0.01136	0.00028	0.00050	0.39605	0.28547	0.00030	0.21054	0.04920	0.00502	0.01829	0.00026	0.01230	0.00020	0.00013	0.00013	4.2e-05	0.00017	0.00531	0.00428	0.00017
13	0.00017	0.00013	0.00015	0.00014	0.00018	0.00012	0.00011	0.00021	0.00728	0.00732	0.33352	0.01346	0.62792	0.00030	0.00015	4.3e-05	6.5e-05	0.00026	0.00835	0.00012
14	0.00019	0.00014	0.00021	0.00021	0.00023	0.00016	0.00016	0.00023	0.00021	0.00030	0.00035	0.00053	0.00033	0.01725	0.96093	0.00020	0.00034	0.01783	7e-05	0.00012
15	0.00301	0.01521	0.10194	0.03039	0.07439	0.03825	0.19106	0.32440	0.01263	0.02854	0.00029	0.02542	0.00023	0.01017	0.02041	0.09563	0.02187	0.00588	8.9e-05	0.00018
16	0.00661	0.12631	0.12626	0.01475	0.02389	0.16477	0.02374	0.24526	0.14651	0.07498	0.00031	0.00644	0.00023	0.00015	0.00013	3.9e-05	0.03567	0.00011	0.00365	0.00019
17	0.00018	0.00013	0.00017	0.00016	0.00019	0.00012	0.00012	0.00023	0.00035	0.00049	0.83284	0.02865	0.13533	0.00028	0.00015	4.1e-05	6.2e-05	0.00024	0.00014	0.00012
18	0.00016	0.00012	0.00014	0.00015	0.00018	0.00011	0.00011	0.00019	0.00028	0.00034	0.01122	0.37661	0.59855	0.00036	0.00016	4.7e-05	7e-05	0.01098	0.00012	0.00011
19	0.00379	0.07975	0.12615	0.18680	0.05222	0.12365	0.08196	0.06337	0.05705	0.19888	0.00031	0.00035	0.00023	0.00014	0.00333	4e-05	0.00521	0.01297	0.00362	0.00018
20	0.00480	0.00030	0.00049	0.16551	0.77017	0.02051	0.00862	0.00474	0.00029	0.00588	0.00024	0.00033	0.00020	0.00012	0.00013	3.9e-05	0.00695	0.00607	0.00441	0.00019
21	0.00026	0.00067	0.99478	0.00037	0.00056	0.00030	0.00048	0.00041	0.00027	0.00041	0.00023	0.00027	0.00016	0.00012	0.00012	4.1e-05	0.00019	9.6e-05	5.5e-05	0.00019
22	0.00024	0.00023	0.00039	0.99514	0.00089	0.00029	0.00036	0.00033	0.00026	0.00033	0.00023	0.00035	0.00017	0.00013	0.00013	4.3e-05	0.00017	0.00012	5.8e-05	0.00014
23	0.00027	0.00491	0.02826	0.72519	0.13600	0.00625	0.01251	0.01027	0.00423	0.03910	0.00435	0.00366	0.00019	0.00013	0.00014	4.2e-05	0.02001	0.00012	0.00420	0.00016
24	0.99636	0.00025	0.00019	0.00017	0.00025	0.00029	0.00014	0.00038	0.00022	0.00058	0.00018	0.00021	0.00014	0.00012	8e-05	4e-05	0.00010	7e-05	8e-05	0.00014

[dist]
# distance from previous block
# <min> <max>
1	2

[block]
# block no. 2 follows, 2675 sequences, length 22
# corresponding to MSA columns:
# 748,752-754,773-778,797-808
name=unknown_C
#
# <colnr> <probs for GDERKNQSTAVLIFYWHMCP>
#	G	D	E	R	K	N	Q	S	T	A	V	L	I	F	Y	W	H	M	C	P
0	0.00019	0.00014	0.00020	0.00020	0.00022	0.00016	0.00015	0.00023	0.00021	0.00030	0.00035	0.00055	0.00034	0.11008	0.88585	0.00020	0.00032	0.00014	7e-05	0.00011
1	0.04794	0.01019	0.01280	0.00519	0.00530	0.03904	0.01926	0.00022	0.00025	0.00035	0.00063	0.82463	0.00074	0.00036	0.00016	5.1e-05	0.01734	0.01084	0.00459	0.00011
2	0.99636	0.00025	0.00019	0.00017	0.00025	0.00029	0.00014	0.00038	0.00022	0.00058	0.00018	0.00021	0.00014	0.00012	8e-05	4e-05	0.00010	7e-05	8e-05	0.00014
3	0.31302	0.09283	0.02292	0.03115	0.13714	0.00758	0.04622	0.01958	0.00515	0.30868	0.00031	0.00032	0.00426	0.00013	0.00011	3.9e-05	0.01018	0.00010	0.0001	0.00018
4	0.00032	0.00027	0.00029	0.00026	0.00033	0.00031	0.00020	0.00067	0.95659	0.00054	0.00052	0.00048	0.00039	0.00017	0.00013	4.3e-05	0.00010	0.00015	0.03803	0.00020
5	0.00018	0.00013	0.00017	0.00016	0.00019	0.00012	0.00012	0.00024	0.00036	0.00049	0.84302	0.00101	0.15279	0.00027	0.00015	4.1e-05	6.2e-05	0.00024	0.00014	0.00012
6	0.00031	0.00035	0.00076	0.00055	0.00068	0.00033	0.99417	0.00041	0.00031	0.00041	0.00026	0.00035	0.00020	0.00011	0.00015	4.4e-05	0.00022	0.00015	6.5e-05	0.00017
7	0.00019	0.00014	0.00017	0.00017	0.00020	0.00013	0.00012	0.00025	0.02184	0.00051	0.91891	0.00097	0.02781	0.00816	0.00793	4.3e-05	6.6e-05	0.01214	0.00014	0.00012
8	0.00016	0.00013	0.00014	0.00014	0.00018	0.00011	0.00010	0.00019	0.00031	0.00037	0.14903	0.00120	0.84686	0.00032	0.00015	4.3e-05	6.5e-05	0.00027	0.00012	0.00011
9	0.00027	0.00023	0.00027	0.00019	0.00031	0.00017	0.00015	0.00033	0.00027	0.00042	0.00023	0.00027	0.00019	9.6e-05	9.6e-05	1.9e-05	9.6e-05	7.7e-05	7.7e-05	0.99624
10	0.02320	0.00028	0.00039	0.00034	0.00034	0.00039	0.00028	0.00031	0.00020	0.00032	0.00017	0.00028	0.00017	0.00022	0.00042	5.6e-05	0.97232	0.00011	5.7e-05	0.00014
11	0.00016	0.00013	0.00014	0.00014	0.00018	0.00011	0.00011	0.00020	0.00031	0.00039	0.21411	0.01081	0.74568	0.01217	0.00016	4.4e-05	6.6e-05	0.01486	0.00012	0.00011
12	0.00032	0.00028	0.00029	0.00026	0.00033	0.00032	0.00020	0.01215	0.95262	0.01213	0.00054	0.00049	0.01912	0.00018	0.00013	4.4e-05	0.00010	0.00015	0.00013	0.00020
13	0.03333	0.42623	0.00634	0.00577	0.00489	0.49166	0.00792	0.00045	0.00608	0.00493	0.00020	0.00023	0.00017	0.00013	0.00448	3.2e-05	0.00687	7.9e-05	6.3e-05	0.00016
14	0.00398	0.00865	0.76771	0.00520	0.00514	0.00429	0.01343	0.00708	0.01127	0.13135	0.00029	0.00443	0.00021	0.00014	0.00013	4.1e-05	0.00018	0.03257	0.00372	0.00019
15	0.00016	0.00013	0.00013	0.00014	0.00018	0.00011	0.00010	0.00019	0.00029	0.00035	0.00125	0.05864	0.90582	0.00033	0.00015	4.4e-05	6.7e-05	0.01472	0.01708	0.00011
16	0.00519	0.00030	0.00051	0.04323	0.90467	0.00474	0.00734	0.00473	0.00491	0.00042	0.00512	0.00034	0.00838	0.00012	0.00013	3.9e-05	0.00015	0.00444	0.00504	0.00020
17	0.02304	0.13800	0.28075	0.16792	0.03573	0.06045	0.03234	0.13536	0.00484	0.05446	0.00363	0.00711	0.00020	0.00015	0.02108	4.2e-05	0.02004	0.00011	0.01456	0.00018
18	0.00369	0.00374	0.00036	0.53809	0.13547	0.06844	0.00376	0.02572	0.00500	0.02430	0.00828	0.01182	0.00412	0.10815	0.02105	0.00919	0.00429	0.00013	0.02424	0.00015
19	0.00018	0.00014	0.00016	0.00016	0.00019	0.00012	0.00012	0.00022	0.00710	0.01426	0.25810	0.04175	0.46484	0.06456	0.00019	5.1e-05	7.7e-05	0.14035	0.00732	0.00011
20	0.00657	0.00871	0.02274	0.15304	0.10626	0.00529	0.04586	0.01199	0.02372	0.01344	0.02221	0.15677	0.10790	0.02809	0.16489	0.00313	0.05833	0.05511	0.00582	0.00014
21	0.00986	0.03551	0.11293	0.31218	0.09448	0.01313	0.02675	0.04331	0.01551	0.16183	0.01562	0.08581	0.04304	0.00311	0.00713	0.00271	0.00679	0.00685	0.00328	0.00017

[dist]
# distance from previous block
# <min> <max>
4	32

[block]
# block no. 3 follows, 2675 sequences, length 32
# corresponding to MSA columns:
# 842-858,861-873,875,877
name=unknown_D
#
# <colnr> <probs for GDERKNQSTAVLIFYWHMCP>
#	G	D	E	R	K	N	Q	S	T	A	V	L	I	F	Y	W	H	M	C	P
0	0.00035	0.92020	0.02227	0.00620	0.00518	0.00512	0.01216	0.00937	0.00672	0.00592	0.00019	0.00022	0.00017	0.00011	8.8e-05	2.9e-05	0.00542	7.3e-05	5.7e-05	0.00017
1	0.00018	0.00013	0.00016	0.00015	0.00018	0.00012	0.00011	0.00023	0.00474	0.00898	0.58595	0.00751	0.20726	0.17449	0.00024	5.6e-05	7.4e-05	0.00442	0.00489	0.00011
2	0.00418	0.00015	0.00319	0.00017	0.00022	0.00014	0.00324	0.00496	0.00523	0.16549	0.59601	0.02328	0.16402	0.00026	0.00015	4.2e-05	7.3e-05	0.02408	0.00498	0.00014
3	0.00016	0.00013	0.00014	0.00015	0.00018	0.00011	0.00011	0.00019	0.00028	0.00035	0.01253	0.23711	0.73047	0.00035	0.00016	4.6e-05	6.9e-05	0.01727	0.00012	0.00011
4	0.00489	0.00021	0.00024	0.00021	0.00027	0.00023	0.00016	0.03477	0.49892	0.00745	0.27788	0.00067	0.07552	0.00021	0.00014	4.2e-05	0.00692	0.00018	0.09092	0.00017
5	0.00026	0.00067	0.99478	0.00037	0.00056	0.00030	0.00048	0.00041	0.00027	0.00041	0.00023	0.00027	0.00016	0.00012	0.00012	4.1e-05	0.00019	9.6e-05	5.5e-05	0.00019
6	0.00016	0.00013	0.00014	0.00014	0.00018	0.00011	0.00010	0.00020	0.00889	0.00038	0.17920	0.02249	0.78678	0.00032	0.00015	4.3e-05	6.5e-05	0.00027	0.00012	0.00011
7	0.99636	0.00025	0.00019	0.00017	0.00025	0.00029	0.00014	0.00038	0.00022	0.00058	0.00018	0.00021	0.00014	0.00012	8e-05	4e-05	0.00010	7e-05	8e-05	0.00014
8	0.99636	0.00025	0.00019	0.00017	0.00025	0.00029	0.00014	0.00038	0.00022	0.00058	0.00018	0.00021	0.00014	0.00012	8e-05	4e-05	0.00010	7e-05	8e-05	0.00014
9	0.00032	0.00027	0.00029	0.00026	0.00033	0.00032	0.00020	0.00714	0.95543	0.00054	0.00761	0.00049	0.01176	0.00018	0.00013	4.4e-05	0.00010	0.00015	0.01423	0.00020
10	0.00019	0.00014	0.00018	0.00016	0.00020	0.00013	0.00012	0.00026	0.03256	0.01066	0.87806	0.00734	0.06898	0.00027	0.00015	4.1e-05	6.3e-05	0.00023	0.00014	0.00012
11	0.99636	0.00025	0.00019	0.00017	0.00025	0.00029	0.00014	0.00038	0.00022	0.00058	0.00018	0.00021	0.00014	0.00012	8e-05	4e-05	0.00010	7e-05	8e-05	0.00014
12	0.00035	0.94296	0.00066	0.00023	0.00034	0.05305	0.00022	0.00039	0.00027	0.00031	0.00018	0.00021	0.00017	0.00011	8.5e-05	2.8e-05	0.00014	7e-05	5.6e-05	0.00017
13	0.00016	0.00013	0.00013	0.00013	0.00018	0.00011	0.00010	0.00019	0.00029	0.00035	0.00128	0.00125	0.94767	0.01727	0.00016	4.6e-05	6.8e-05	0.03026	0.00012	0.00011
14	0.00026	0.00065	0.94225	0.00039	0.05308	0.00030	0.00047	0.00041	0.00027	0.00041	0.00023	0.00028	0.00017	0.00012	0.00012	4.1e-05	0.00019	9.7e-05	5.5e-05	0.00019
15	0.11114	0.00034	0.00036	0.00028	0.00038	0.01175	0.00023	0.82133	0.00055	0.03570	0.00640	0.00031	0.00554	0.00015	0.00012	3.9e-05	0.00014	0.00011	0.00491	0.00021
16	0.00020	0.01087	0.00382	0.00026	0.00030	0.00339	0.19610	0.00025	0.02075	0.01128	0.00435	0.67968	0.01173	0.00033	0.00016	5e-05	0.00970	0.04654	0.00011	0.00012
17	0.00027	0.00023	0.00027	0.00019	0.00031	0.00018	0.00016	0.01725	0.00718	0.00740	0.00025	0.00028	0.00978	0.00010	9.7e-05	2e-05	9.7e-05	8e-05	7.9e-05	0.95579
18	0.00019	0.00013	0.00015	0.00015	0.00015	0.00013	8.6e-05	0.00019	0.00019	0.00026	0.00040	0.00082	0.00046	0.90715	0.08894	0.00013	0.00015	0.00018	7.8e-05	8.2e-05
19	0.00016	0.00012	0.00015	0.00017	0.00019	0.00011	0.00012	0.00019	0.00026	0.00034	0.03562	0.70753	0.13918	0.05030	0.00604	5.6e-05	8e-05	0.05915	0.00012	0.00011
20	0.00026	0.00067	0.99478	0.00037	0.00056	0.00030	0.00048	0.00041	0.00027	0.00041	0.00023	0.00027	0.00016	0.00012	0.00012	4.1e-05	0.00019	9.6e-05	5.5e-05	0.00019
21	0.00055	0.00024	0.00031	0.00024	0.00034	0.00021	0.00019	0.09564	0.02433	0.82320	0.00048	0.00042	0.00031	0.00016	0.00013	3.9e-05	0.00011	0.00013	0.00015	0.05284
22	0.00019	0.00014	0.00015	0.00015	0.00019	0.00012	0.00011	0.00023	0.00579	0.07693	0.11460	0.07694	0.70062	0.00031	0.00015	4.4e-05	7e-05	0.01418	0.00895	0.00012
23	0.00024	0.00023	0.00039	0.99514	0.00089	0.00029	0.00036	0.00033	0.00026	0.00033	0.00023	0.00035	0.00017	0.00013	0.00013	4.3e-05	0.00017	0.00012	5.8e-05	0.00014
24	0.00030	0.00035	0.03030	0.00052	0.00065	0.00032	0.91210	0.00041	0.00030	0.00041	0.00026	0.00034	0.00020	0.00011	0.00015	4.2e-05	0.00021	0.00015	6.6e-05	0.05280
25	0.00020	0.00016	0.00018	0.00019	0.00021	0.05268	0.00014	0.00024	0.00374	0.01762	0.12277	0.29344	0.10100	0.17870	0.00758	6.5e-05	0.00010	0.21733	0.00355	0.00011
26	0.15470	0.00240	0.00305	0.34142	0.26199	0.00279	0.03801	0.02463	0.00300	0.10474	0.00964	0.01011	0.00403	0.00014	0.00235	4.2e-05	0.01962	0.00965	7.8e-05	0.00761
27	0.02397	0.00026	0.00431	0.06843	0.08481	0.09384	0.05392	0.07287	0.03581	0.05963	0.14928	0.05480	0.01826	0.02222	0.03497	0.10644	0.11012	0.00585	9.2e-05	0.00015
28	0.00029	0.35276	0.57004	0.00795	0.01550	0.00573	0.02373	0.00351	0.00342	0.00345	0.00022	0.00303	0.00339	0.00012	0.00369	3.7e-05	0.00017	0.00272	5.7e-05	0.00018
29	0.00022	0.00221	0.01940	0.02492	0.02903	0.06264	0.01215	0.00259	0.00390	0.03394	0.34954	0.32694	0.07011	0.01893	0.00217	4.7e-05	0.01603	0.02287	0.00223	0.00013
30	0.85934	0.00837	0.00673	0.00294	0.01772	0.00620	0.00015	0.01058	0.00299	0.00465	0.00019	0.00330	0.00015	0.00328	8.6e-05	3.9e-05	0.00010	7.4e-05	8e-05	0.07302
31	0.00419	0.02622	0.04369	0.49837	0.07299	0.01292	0.01274	0.07529	0.00945	0.07455	0.00826	0.00246	0.00339	0.00325	0.01906	4.4e-05	0.06034	0.00329	7.5e-05	0.06942

[dist]
# distance from previous block
# <min> <max>
0	3

[block]
# block no. 4 follows, 2675 sequences, length 47
# corresponding to MSA columns:
# 881-888,901-926,929-935,939-944
name=unknown_E
#
# <colnr> <probs for GDERKNQSTAVLIFYWHMCP>
#	G	D	E	R	K	N	Q	S	T	A	V	L	I	F	Y	W	H	M	C	P
0	0.00668	0.08613	0.00513	0.08165	0.01496	0.63424	0.04756	0.02244	0.01272	0.00635	0.00021	0.00026	0.00017	0.00014	0.00534	3.7e-05	0.07567	9.3e-05	6.7e-05	0.00015
1	0.01271	0.00018	0.00022	0.00492	0.00025	0.00018	0.00015	0.06093	0.13517	0.18494	0.43152	0.01526	0.01095	0.01304	0.00014	4.1e-05	8.3e-05	0.00290	0.12351	0.00291
2	0.00019	0.00013	0.00017	0.00018	0.00020	0.00012	0.00014	0.00290	0.00307	0.01947	0.07455	0.35621	0.13652	0.09563	0.00319	5.8e-05	9e-05	0.25356	0.05351	0.00011
3	0.00020	0.00015	0.00018	0.00246	0.00020	0.02785	0.00013	0.01453	0.00592	0.00032	0.07280	0.06140	0.01189	0.34498	0.42208	0.00014	0.00021	0.00827	0.02618	0.00011
4	0.00018	0.00014	0.00016	0.00016	0.00020	0.00012	0.00013	0.00023	0.00513	0.02545	0.20851	0.08777	0.50390	0.00032	0.00016	4.6e-05	7.5e-05	0.15622	0.01100	0.00012
5	0.00028	0.00028	0.00039	0.00034	0.00034	0.00836	0.00028	0.00031	0.00020	0.00031	0.00018	0.01023	0.00018	0.00023	0.00042	5.6e-05	0.97730	0.00012	5.7e-05	0.00014
6	0.00019	0.00014	0.00018	0.00018	0.00021	0.00383	0.00013	0.00028	0.11974	0.00602	0.35400	0.43327	0.02098	0.00031	0.00015	4.6e-05	7.3e-05	0.00333	0.05683	0.00013
7	0.01389	0.00028	0.00030	0.00026	0.00034	0.00032	0.00020	0.15232	0.74759	0.01246	0.05962	0.00048	0.00425	0.00018	0.00013	4.3e-05	0.00011	0.00015	0.00013	0.00695
8	0.00016	0.00012	0.00016	0.00018	0.00019	0.00011	0.00012	0.00019	0.00024	0.00033	0.00066	0.86897	0.00079	0.01920	0.06658	0.00508	9.5e-05	0.00034	0.00011	0.03635
9	0.00017	0.00013	0.00016	0.00016	0.00019	0.00012	0.00012	0.00022	0.00033	0.00044	0.55596	0.17084	0.21448	0.00031	0.00016	4.4e-05	6.8e-05	0.05585	0.00013	0.00012
10	0.00026	0.00022	0.00026	0.00019	0.00030	0.00017	0.00015	0.00032	0.00027	0.00042	0.02553	0.03650	0.00627	0.00011	0.00010	2.1e-05	9.4e-05	9.2e-05	8e-05	0.92863
11	0.00020	0.00016	0.00299	0.00022	0.00610	0.00542	0.01245	0.00885	0.03151	0.00031	0.00035	0.00622	0.00212	0.09065	0.75037	0.02882	0.05084	0.00223	7.2e-05	0.00012
12	0.00016	0.00012	0.00014	0.00016	0.00018	0.00011	0.00011	0.00019	0.00027	0.00035	0.02086	0.45714	0.48421	0.00036	0.00016	4.8e-05	7.2e-05	0.03513	0.00012	0.00011
13	0.09336	0.00311	0.01051	0.12218	0.19929	0.00747	0.02004	0.08345	0.02678	0.27477	0.00178	0.00035	0.00182	0.00178	0.00225	3.8e-05	0.01623	0.00011	0.00010	0.13459
14	0.06624	0.00025	0.01382	0.00272	0.02528	0.00262	0.00020	0.10193	0.09732	0.57119	0.02472	0.00042	0.00225	0.00016	0.00013	3.9e-05	0.00398	0.00793	0.01158	0.06723
15	0.00604	0.00026	0.00032	0.00025	0.00035	0.00025	0.00020	0.28416	0.03495	0.65352	0.00450	0.00041	0.00030	0.00016	0.00013	4e-05	0.00012	0.00013	0.01370	0.00022
16	0.76761	0.03998	0.02156	0.00775	0.04988	0.01773	0.03649	0.00631	0.00253	0.00521	0.00019	0.00023	0.00015	0.00012	0.00010	4e-05	0.03793	7.9e-05	0.00595	0.00015
17	0.00026	0.00067	0.99478	0.00037	0.00056	0.00030	0.00048	0.00041	0.00027	0.00041	0.00023	0.00027	0.00016	0.00012	0.00012	4.1e-05	0.00019	9.6e-05	5.5e-05	0.00019
18	0.00019	0.00014	0.00018	0.00020	0.00022	0.00013	0.00951	0.00916	0.02225	0.03065	0.09877	0.54864	0.07403	0.00666	0.01399	5.4e-05	0.02418	0.15552	0.00012	0.00541
19	0.00032	0.00031	0.00053	0.00079	0.99464	0.00031	0.00040	0.00040	0.00029	0.00042	0.00024	0.00032	0.00021	0.00012	0.00013	3.8e-05	0.00015	0.00012	6.4e-05	0.00021
20	0.00033	0.00028	0.00030	0.00027	0.00034	0.00033	0.00021	0.07256	0.92252	0.00056	0.00051	0.00047	0.00038	0.00017	0.00013	4.4e-05	0.00011	0.00014	0.00013	0.00021
21	0.00032	0.00031	0.00053	0.00079	0.99464	0.00031	0.00040	0.00040	0.00029	0.00042	0.00024	0.00032	0.00021	0.00012	0.00013	3.8e-05	0.00015	0.00012	6.4e-05	0.00021
22	0.00026	0.00023	0.00026	0.00019	0.00030	0.00017	0.00015	0.00032	0.00027	0.00042	0.00027	0.00030	0.03638	0.00010	9.8e-05	2e-05	9.5e-05	8.4e-05	7.8e-05	0.95999
23	0.00033	0.00027	0.00029	0.00026	0.00034	0.00031	0.00020	0.01689	0.90922	0.04949	0.00053	0.00050	0.00690	0.00018	0.00013	4.4e-05	0.00010	0.01366	0.00013	0.00020
24	0.00031	0.00035	0.00076	0.00055	0.00068	0.00033	0.99417	0.00041	0.00031	0.00041	0.00026	0.00035	0.00020	0.00011	0.00015	4.4e-05	0.00022	0.00015	6.5e-05	0.00017
25	0.00030	0.00029	0.00040	0.00566	0.00035	0.03741	0.02270	0.01170	0.00490	0.01707	0.00019	0.00030	0.00018	0.00022	0.00335	5.5e-05	0.88486	0.00986	6.1e-05	0.00014
26	0.00049	0.00035	0.00038	0.00029	0.00040	0.00039	0.00024	0.91558	0.01846	0.06160	0.00033	0.00032	0.00023	0.00016	0.00013	3.9e-05	0.00014	0.00012	0.00013	0.00022
27	0.00019	0.00014	0.00018	0.00017	0.00020	0.00013	0.00013	0.00026	0.04039	0.00569	0.90942	0.00094	0.00826	0.02037	0.00900	4.4e-05	6.7e-05	0.00023	0.00408	0.00012
28	0.00907	0.00030	0.00048	0.06298	0.74777	0.01818	0.00782	0.01574	0.00031	0.10653	0.00028	0.00036	0.00023	0.00013	0.00013	3.9e-05	0.00451	0.02487	7.6e-05	0.00020
29	0.00029	0.01410	0.68826	0.00407	0.01266	0.00676	0.06116	0.00870	0.07029	0.07123	0.00509	0.00350	0.00311	0.00206	0.00013	4.2e-05	0.00192	0.04637	7.3e-05	0.00019
30	0.00016	0.00012	0.00015	0.00018	0.00019	0.00011	0.00012	0.00019	0.00025	0.00706	0.00071	0.94131	0.00708	0.00040	0.00017	5.3e-05	7.7e-05	0.04143	0.00012	0.00011
31	0.00024	0.00022	0.00039	0.55469	0.00067	0.00025	0.15959	0.00556	0.01150	0.01000	0.00037	0.17667	0.00316	0.00019	0.00014	4.6e-05	0.00016	0.07594	7.7e-05	0.00014
32	0.16563	0.00039	0.15876	0.02856	0.00595	0.03004	0.02852	0.51329	0.01101	0.05357	0.00028	0.00030	0.00020	0.00014	0.00012	4e-05	0.00015	0.00274	0.00010	0.00020
33	0.00019	0.00252	0.00476	0.00018	0.00021	0.01967	0.01161	0.04569	0.00979	0.01249	0.05773	0.23656	0.45424	0.01911	0.05632	5.7e-05	0.00998	0.05864	0.00012	0.00012
34	0.99636	0.00025	0.00019	0.00017	0.00025	0.00029	0.00014	0.00038	0.00022	0.00058	0.00018	0.00021	0.00014	0.00012	8e-05	4e-05	0.00010	7e-05	8e-05	0.00014
35	0.00015	0.00013	0.00013	0.00014	0.00018	0.00011	0.00010	0.00019	0.00029	0.00036	0.05024	0.08453	0.86235	0.00033	0.00015	4.4e-05	6.6e-05	0.00028	0.00012	0.00011
36	0.00300	0.00033	0.00067	0.01021	0.04542	0.01089	0.76794	0.04352	0.01441	0.03884	0.00487	0.00565	0.00495	0.00576	0.00016	0.00342	0.02665	0.01304	7.4e-05	0.00018
37	0.00030	0.00023	0.00027	0.00020	0.00031	0.00018	0.00016	0.00591	0.02134	0.08654	0.00026	0.00029	0.00021	0.00010	0.0001	2.2e-05	9.8e-05	8.3e-05	8.5e-05	0.88332
38	0.00037	0.78580	0.00554	0.00025	0.00035	0.17130	0.00843	0.00434	0.00421	0.00454	0.00019	0.00022	0.00017	0.00012	9.5e-05	2.9e-05	0.01377	7.4e-05	5.8e-05	0.00016
39	0.00499	0.00014	0.00017	0.00016	0.00021	0.00013	0.00013	0.00297	0.00405	0.08199	0.24312	0.02532	0.49505	0.01193	0.00016	4.6e-05	7.7e-05	0.12912	0.00013	0.00012
40	0.00016	0.00012	0.00015	0.00017	0.00018	0.00011	0.00011	0.00018	0.00027	0.00034	0.03326	0.67253	0.29120	0.00038	0.00016	5e-05	7.2e-05	0.00034	0.00012	0.00011
41	0.00018	0.00013	0.00016	0.00016	0.00019	0.00012	0.00012	0.00023	0.00033	0.00526	0.64347	0.14704	0.17491	0.00402	0.00016	4.4e-05	6.6e-05	0.02316	0.00013	0.00012
42	0.00365	0.00013	0.00014	0.00014	0.00017	0.00012	0.00011	0.00028	0.01599	0.01777	0.12156	0.20579	0.03840	0.00022	0.00012	3.7e-05	6.6e-05	0.00278	0.58770	0.00485
43	0.00024	0.00023	0.00039	0.99514	0.00089	0.00029	0.00036	0.00033	0.00026	0.00033	0.00023	0.00035	0.00017	0.00013	0.00013	4.3e-05	0.00017	0.00012	5.8e-05	0.00014
44	0.00539	0.00028	0.00030	0.00025	0.00033	0.00409	0.00020	0.37176	0.31796	0.10968	0.02331	0.00341	0.00374	0.00017	0.00013	4e-05	0.00011	0.02117	0.13748	0.00020
45	0.00534	0.39742	0.50861	0.00253	0.00290	0.01845	0.01155	0.02667	0.00334	0.00304	0.00444	0.00025	0.00246	0.00012	0.00011	3.6e-05	0.00742	8.7e-05	5.9e-05	0.00516
46	0.03747	0.00247	0.04778	0.34094	0.11737	0.00273	0.07315	0.00804	0.00613	0.01133	0.06000	0.03230	0.01195	0.00552	0.04740	5.3e-05	0.16327	0.02991	0.00206	0.00015

[dist]
# distance from previous block
# <min> <max>
3	4

[block]
# block no. 5 follows, 2675 sequences, length 24
# corresponding to MSA columns:
# 955-962,964-979
name=unknown_F
#
# <colnr> <probs for GDERKNQSTAVLIFYWHMCP>
#	G	D	E	R	K	N	Q	S	T	A	V	L	I	F	Y	W	H	M	C	P
0	0.00512	0.14965	0.25891	0.04661	0.08426	0.02182	0.17103	0.02144	0.02319	0.11037	0.02094	0.01298	0.01358	0.00309	0.00337	3.9e-05	0.00516	0.00999	7.8e-05	0.03837
1	0.14034	0.23206	0.20178	0.00327	0.02828	0.09794	0.00497	0.16228	0.01768	0.07723	0.00370	0.00028	0.00019	0.00013	0.00377	3.7e-05	0.00621	0.00383	8.3e-05	0.01593
2	0.00021	0.01343	0.19640	0.00023	0.00029	0.01050	0.01235	0.02226	0.00991	0.00901	0.08315	0.20802	0.23693	0.00028	0.00016	4.7e-05	0.03829	0.15826	0.00011	0.00013
3	0.00028	0.00026	0.00676	0.40954	0.48924	0.00028	0.00403	0.00036	0.00448	0.00640	0.00410	0.03042	0.01552	0.01507	0.00014	4.2e-05	0.00016	0.00426	0.00850	0.00017
4	0.01975	0.15592	0.14032	0.21808	0.10415	0.11562	0.03230	0.05544	0.00627	0.10677	0.00739	0.00364	0.00021	0.00014	0.00939	4e-05	0.01559	0.00299	0.00583	0.00017
5	0.00032	0.00031	0.00053	0.00079	0.99464	0.00031	0.00040	0.00040	0.00029	0.00042	0.00024	0.00032	0.00021	0.00012	0.00013	3.8e-05	0.00015	0.00012	6.4e-05	0.00021
6	0.00016	0.00013	0.00014	0.00015	0.00018	0.00011	0.00011	0.00020	0.00975	0.00036	0.08308	0.20786	0.68073	0.00034	0.00016	4.6e-05	6.8e-05	0.01621	0.00012	0.00011
7	0.09895	0.00026	0.00032	0.00024	0.00034	0.00025	0.01091	0.23778	0.00041	0.64853	0.00043	0.00039	0.00028	0.00015	0.00013	4e-05	0.00012	0.00012	0.00014	0.00021
8	0.01976	0.00618	0.02989	0.01692	0.00300	0.01929	0.06615	0.02169	0.02915	0.02318	0.00370	0.70348	0.00404	0.00832	0.00016	5.1e-05	0.01382	0.03096	0.00011	0.00012
9	0.00020	0.00013	0.00016	0.00016	0.00016	0.00013	9.8e-05	0.00890	0.00815	0.02219	0.00044	0.00910	0.00049	0.83518	0.01551	0.00012	0.00013	0.09857	8.5e-05	8.9e-05
10	0.00860	0.00014	0.00015	0.00014	0.00018	0.00015	0.00011	0.01104	0.11764	0.01660	0.00044	0.00048	0.00767	0.00016	9.7e-05	3.2e-05	6.7e-05	0.00012	0.83604	0.00013
11	0.02585	0.41975	0.00049	0.00028	0.00037	0.52916	0.00023	0.01181	0.00032	0.01040	0.00020	0.00023	0.00017	0.00012	0.00010	3.1e-05	0.00019	7.8e-05	6.4e-05	0.00016
12	0.00018	0.00013	0.00017	0.00016	0.00019	0.00012	0.00012	0.00024	0.01240	0.00049	0.82881	0.05988	0.09605	0.00028	0.00015	4.2e-05	6.3e-05	0.00024	0.00014	0.00012
13	0.00379	0.30057	0.14224	0.08883	0.07144	0.03156	0.03237	0.03054	0.00566	0.04091	0.00332	0.00380	0.00308	0.00012	0.00011	3.2e-05	0.01229	0.00399	0.00298	0.22237
14	0.02493	0.02268	0.24770	0.04275	0.10938	0.01240	0.02446	0.02378	0.03754	0.06386	0.10204	0.04218	0.03649	0.01138	0.00552	3.9e-05	0.00686	0.00902	0.00263	0.17435
15	0.02178	0.21432	0.34313	0.09604	0.11264	0.05575	0.02765	0.06126	0.00970	0.02695	0.00024	0.00994	0.00019	0.00013	0.00012	0.00313	0.00980	0.0001	6.7e-05	0.00708
16	0.07628	0.02556	0.01877	0.02496	0.00393	0.04410	0.00431	0.06952	0.00375	0.57984	0.00042	0.00041	0.00028	0.00016	0.00863	0.00362	0.02376	0.01178	0.09973	0.00019
17	0.00018	0.00013	0.00017	0.00016	0.00019	0.00012	0.00012	0.00025	0.01406	0.00051	0.88721	0.00098	0.08040	0.00027	0.00015	4.1e-05	6.2e-05	0.00023	0.01464	0.00012
18	0.00719	0.00013	0.00014	0.00014	0.00018	0.00012	0.00011	0.00021	0.00813	0.01110	0.17534	0.02935	0.71161	0.04438	0.00018	4.7e-05	6.9e-05	0.01133	0.00012	0.00011
19	0.02939	0.00401	0.26269	0.00035	0.00047	0.03105	0.20875	0.20697	0.06670	0.09840	0.00638	0.00809	0.00403	0.00454	0.00013	4e-05	0.00016	0.00373	9.2e-05	0.06403
20	0.00919	0.00029	0.02015	0.00024	0.00031	0.12643	0.00019	0.22965	0.03702	0.27748	0.01082	0.11560	0.00036	0.00415	0.00013	4e-05	0.00012	0.02923	0.13842	0.00018
21	0.00356	0.00023	0.06662	0.11177	0.09757	0.01355	0.05677	0.01784	0.01723	0.02678	0.09617	0.18534	0.10739	0.01049	0.02467	0.00289	0.00257	0.02471	0.00314	0.13073
22	0.00035	0.86949	0.00063	0.00023	0.00033	0.02506	0.00022	0.00042	0.08449	0.00892	0.00021	0.00023	0.00019	0.00012	9.1e-05	3e-05	0.00868	7.7e-05	6.3e-05	0.00017
23	0.00371	0.00019	0.01328	0.00021	0.00986	0.00418	0.00413	0.01435	0.01706	0.47467	0.31625	0.07358	0.02400	0.00022	0.00014	4.2e-05	9.3e-05	0.02204	0.02182	0.00017

[dist]
# distance from previous block
# <min> <max>
1	2

[block]
# block no. 6 follows, 2675 sequences, length 24
# corresponding to MSA columns:
# 982-994,1003-1010,1012-1014
name=unknown_G
#
# <colnr> <probs for GDERKNQSTAVLIFYWHMCP>
#	G	D	E	R	K	N	Q	S	T	A	V	L	I	F	Y	W	H	M	C	P
0	0.00040	0.01124	0.00409	0.00027	0.00035	0.06733	0.00022	0.48864	0.24314	0.00665	0.06968	0.00530	0.02579	0.00728	0.01371	4.3e-05	0.03995	0.00323	0.00947	0.00321
1	0.00016	0.00013	0.00014	0.00015	0.00018	0.00011	0.00011	0.00019	0.01110	0.00035	0.01844	0.25361	0.71420	0.00034	0.00016	4.6e-05	6.8e-05	0.00030	0.00012	0.00011
2	0.00019	0.00014	0.00021	0.00021	0.00023	0.00016	0.00016	0.00023	0.00021	0.00030	0.00035	0.00052	0.00033	0.03143	0.96448	0.00021	0.00034	0.00014	7e-05	0.00011
3	0.02458	0.18452	0.43374	0.03449	0.11310	0.00910	0.07194	0.03599	0.00527	0.06651	0.00393	0.00510	0.00019	0.00013	0.00441	3.9e-05	0.00350	0.00323	6.8e-05	0.00019
4	0.00020	0.00014	0.00017	0.00016	0.00020	0.00013	0.00678	0.01609	0.00034	0.05104	0.50084	0.04930	0.33826	0.00028	0.00015	4.2e-05	6.9e-05	0.01512	0.02056	0.00012
