[name]
unknown

[dist]
# distance from previous block
# <min> <max>
0	273

[block]
# block no. 0 follows, 3443 sequences, length 26
# corresponding to MSA columns:
# 532-546,550-553,558-564
name=unknown_A
#
# <colnr> <probs for GDERKNQSTAVLIFYWHMCP>
#	G	D	E	R	K	N	Q	S	T	A	V	L	I	F	Y	W	H	M	C	P
0	0.00976	0.04302	0.08796	0.07920	0.13317	0.08640	0.04538	0.02414	0.03847	0.04539	0.03078	0.03574	0.02544	0.00573	0.00261	2.9e-05	0.02266	0.05710	0.00272	0.22431
1	0.00015	0.00010	0.00012	0.00012	0.00012	0.00614	6.8e-05	0.00729	0.01027	0.00021	0.00034	0.02634	0.02508	0.87353	0.03499	9.4e-05	0.00010	0.00538	6.3e-05	0.00951
2	0.00348	0.04419	0.23189	0.07212	0.28525	0.03517	0.13800	0.02978	0.02353	0.00407	0.03661	0.00774	0.01845	0.03662	0.00287	3.4e-05	0.01853	9.8e-05	0.01142	0.00014
3	0.00013	9.7e-05	0.00013	0.02683	0.00016	9e-05	9.9e-05	0.00016	0.00022	0.00598	0.17190	0.60093	0.14432	0.00028	0.00012	3.8e-05	5.9e-05	0.04269	0.00568	8.6e-05
4	0.00021	0.01206	0.05080	0.01327	0.09718	0.03770	0.06920	0.04167	0.03929	0.02670	0.34436	0.00447	0.04986	0.01072	0.05670	4.1e-05	0.13775	0.00314	0.00476	0.00012
5	0.00375	0.00025	0.00030	0.02856	0.00570	0.00027	0.04727	0.66441	0.09365	0.13418	0.00028	0.00417	0.00357	0.00503	0.00010	3.1e-05	0.00011	0.00415	0.00405	0.00016
6	0.04205	0.17267	0.17096	0.02473	0.13856	0.02882	0.01626	0.04679	0.00661	0.05433	0.00505	0.00376	0.00016	9.5e-05	0.00282	2.6e-05	0.01076	0.00272	5.8e-05	0.27278
7	0.00015	0.00011	0.00015	0.00014	0.00016	0.01015	0.00010	0.00017	0.00016	0.00022	0.00029	0.01219	0.00484	0.38736	0.51059	0.01848	0.01471	0.00713	5.7e-05	0.03284
8	0.01265	0.01817	0.20390	0.01864	0.24003	0.00904	0.18552	0.10419	0.05186	0.06509	0.01147	0.01265	0.00294	0.00310	0.00391	3.1e-05	0.00387	9.5e-05	6.3e-05	0.05277
9	0.00021	0.00018	0.00021	0.00015	0.00024	0.00014	0.00012	0.00707	0.00714	0.02182	0.00020	0.01368	0.00017	8.4e-05	7.8e-05	1.7e-05	7.5e-05	0.02261	6.3e-05	0.92574
10	0.01274	0.00392	0.00835	0.02775	0.07104	0.00766	0.03955	0.24796	0.14922	0.37810	0.00346	0.00320	0.00023	0.00012	0.00010	3.2e-05	9.9e-05	0.02762	0.01870	0.00016
11	0.92713	0.00639	0.01346	0.00014	0.00481	0.00022	0.00011	0.00665	0.00018	0.00747	0.00015	0.01785	0.00012	0.00616	6.8e-05	3.2e-05	7.9e-05	6e-05	6.3e-05	0.00886
12	0.01165	0.94791	0.01819	0.00018	0.00026	0.00039	0.00018	0.00910	0.00021	0.00024	0.00014	0.00016	0.00013	8.8e-05	6.8e-05	2.2e-05	0.01086	5.5e-05	4.4e-05	0.00013
13	0.00024	0.00027	0.00059	0.00042	0.00053	0.00025	0.99546	0.00032	0.00024	0.00032	0.00020	0.00027	0.00015	8.5e-05	0.00012	3.4e-05	0.00017	0.00012	5.1e-05	0.00014
14	0.01136	0.00019	0.03612	0.00652	0.00885	0.00456	0.02054	0.00638	0.00467	0.02144	0.01604	0.00342	0.01175	8.3e-05	7.9e-05	1.8e-05	8e-05	6.8e-05	6.2e-05	0.84775
15	0.01519	0.01368	0.18416	0.05361	0.19633	0.02243	0.24884	0.02119	0.13484	0.07109	0.00778	0.00441	0.00928	0.00236	0.00263	3.3e-05	0.00587	0.00253	6.3e-05	0.00368
16	0.01011	0.00017	0.00023	0.00018	0.00025	0.00015	0.00015	0.00048	0.01062	0.94906	0.02724	0.00035	0.00027	0.00013	0.00010	3.1e-05	8.5e-05	0.00010	0.00012	0.00017
17	0.00012	0.00010	0.00011	0.00011	0.00014	8.7e-05	7.9e-05	0.00015	0.00803	0.00981	0.05210	0.00938	0.91894	0.00025	0.00012	3.4e-05	5.1e-05	0.00021	9.5e-05	8.7e-05
18	0.01585	0.12837	0.23669	0.12120	0.13219	0.02610	0.06205	0.01935	0.01808	0.20003	0.00620	0.00404	0.00244	0.00308	9.9e-05	3.1e-05	0.01035	0.00482	0.00251	0.00651
19	0.03822	0.04508	0.26463	0.04049	0.20074	0.03823	0.17155	0.05036	0.04638	0.07198	0.00276	0.01252	0.00301	0.00504	0.00311	3.2e-05	0.00263	0.00305	6e-05	0.00014
20	0.00012	9e-05	0.00012	0.00014	0.00015	8.3e-05	9.3e-05	0.00014	0.00020	0.00026	0.01047	0.82977	0.13766	0.00031	0.00013	4e-05	5.8e-05	0.02001	9.4e-05	8.3e-05
21	0.00382	0.00723	0.04757	0.00426	0.01420	0.00958	0.00765	0.10175	0.11893	0.09364	0.46285	0.04763	0.04117	0.00564	0.00451	3.3e-05	0.00243	0.00312	0.02389	0.00012
22	0.01498	0.12131	0.37939	0.05509	0.12768	0.04181	0.05844	0.03998	0.03315	0.10768	0.00290	0.00391	0.00016	0.00010	0.00349	0.00282	0.00423	8.3e-05	0.00264	0.00015
23	0.60732	0.00359	0.00301	0.08069	0.00440	0.08042	0.01090	0.13248	0.00425	0.04941	0.00017	0.00020	0.00013	0.00514	0.00381	0.00283	0.00797	6.8e-05	0.00309	0.00012
24	0.00013	9.9e-05	0.00012	0.00012	0.00014	8.9e-05	8.7e-05	0.00016	0.00022	0.02313	0.19694	0.29454	0.39527	0.07513	0.00681	4.1e-05	5.9e-05	0.00672	9.5e-05	8.6e-05
25	0.01951	0.05307	0.26128	0.10282	0.16560	0.12887	0.06827	0.02689	0.02110	0.02152	0.01356	0.07194	0.01697	0.00526	0.00396	3.2e-05	0.01476	0.00439	5.7e-05	0.00013

[dist]
# distance from previous block
# <min> <max>
2	9

[block]
# block no. 1 follows, 3443 sequences, length 99
# corresponding to MSA columns:
# 576-608,615-645,648-652,655-684
name=unknown_B
#
# <colnr> <probs for GDERKNQSTAVLIFYWHMCP>
#	G	D	E	R	K	N	Q	S	T	A	V	L	I	F	Y	W	H	M	C	P
0	0.00220	0.09188	0.26226	0.01276	0.10106	0.09964	0.02474	0.00813	0.01526	0.02066	0.06688	0.17665	0.01533	0.02030	0.04369	3.9e-05	0.01369	0.02298	0.00170	0.00012
1	0.00142	0.00960	0.01189	0.23392	0.35725	0.02180	0.06623	0.03513	0.01899	0.11315	0.01102	0.00406	0.00080	0.00447	0.00174	0.00758	0.03465	0.01422	0.00082	0.05126
2	0.00858	0.16706	0.05933	0.00971	0.02549	0.02851	0.00588	0.04571	0.01850	0.09040	0.00328	0.00032	0.00333	0.12060	0.17414	0.00543	0.21546	0.00152	0.01428	0.00249
3	0.00023	0.00025	0.00648	0.00038	0.00047	0.00969	0.84174	0.00569	0.01306	0.00272	0.08885	0.00410	0.02045	0.00010	0.00012	3.4e-05	0.00184	0.00237	0.00128	0.00013
4	0.00419	0.00016	0.00018	0.00017	0.00021	0.00190	0.00013	0.00151	0.52346	0.00287	0.36738	0.01300	0.07108	0.00017	0.00011	3.3e-05	6.6e-05	0.00916	0.00409	0.00013
5	0.00012	8.8e-05	0.00012	0.00014	0.00015	8.2e-05	9.4e-05	0.00014	0.00019	0.00026	0.00056	0.99041	0.00067	0.00032	0.00013	4.1e-05	5.9e-05	0.00627	9.4e-05	8.2e-05
6	0.00013	0.00010	0.01217	0.00356	0.04661	9.6e-05	0.00987	0.00016	0.00020	0.00027	0.04501	0.82151	0.01035	0.00029	0.00013	0.00366	0.00142	0.04428	9.1e-05	8.8e-05
7	0.99717	0.00019	0.00015	0.00013	0.00019	0.00023	0.00011	0.00030	0.00017	0.00045	0.00014	0.00016	0.00011	9.4e-05	6.2e-05	3.1e-05	7.8e-05	5.5e-05	6.2e-05	0.00011
8	0.00952	0.00013	0.00017	0.00015	0.00019	0.00012	0.00011	0.00030	0.00913	0.34986	0.60132	0.00061	0.02763	0.00018	0.00011	3.2e-05	6.2e-05	0.00015	0.00011	0.00012
9	0.00025	0.00022	0.00023	0.00021	0.00026	0.00025	0.00016	0.00054	0.99565	0.00042	0.00041	0.00038	0.00031	0.00014	0.00010	3.4e-05	8e-05	0.00011	0.00010	0.00016
10	0.99071	0.00019	0.00015	0.00013	0.00020	0.00023	0.00011	0.00030	0.00017	0.00690	0.00014	0.00016	0.00011	9.4e-05	6.3e-05	3.1e-05	7.8e-05	5.5e-05	6.3e-05	0.00011
11	0.00033	0.00026	0.00027	0.00022	0.00029	0.00029	0.00018	0.63622	0.35465	0.00056	0.00030	0.00029	0.00022	0.00013	0.00010	3.2e-05	9.9e-05	9.9e-05	0.00528	0.00017
12	0.99717	0.00019	0.00015	0.00013	0.00019	0.00023	0.00011	0.00030	0.00017	0.00045	0.00014	0.00016	0.00011	9.4e-05	6.2e-05	3.1e-05	7.8e-05	5.5e-05	6.2e-05	0.00011
13	0.00025	0.00024	0.00041	0.00062	0.99583	0.00024	0.00031	0.00031	0.00023	0.00033	0.00019	0.00025	0.00016	9e-05	0.0001	3e-05	0.00012	9e-05	5e-05	0.00016
14	0.00026	0.00022	0.00023	0.00021	0.00027	0.00026	0.00016	0.07303	0.92314	0.00044	0.00040	0.00037	0.00030	0.00014	0.00010	3.4e-05	8.2e-05	0.00011	0.00010	0.00016
15	0.00018	0.00011	0.00013	0.00013	0.00014	0.00011	8.2e-05	0.00019	0.00017	0.10792	0.00386	0.00816	0.00034	0.71481	0.14948	9.9e-05	0.00920	0.00474	6.7e-05	7.8e-05
16	0.00025	0.00022	0.00023	0.00020	0.00026	0.00025	0.00016	0.04062	0.93486	0.00358	0.01041	0.00038	0.00548	0.00014	0.00010	3.4e-05	8.1e-05	0.00011	0.00010	0.00253
17	0.00016	0.00012	0.00015	0.00016	0.00019	0.00012	0.00013	0.00184	0.06925	0.02223	0.10324	0.01370	0.27374	0.00371	0.00013	4e-05	7.5e-05	0.50955	0.00138	9.7e-05
18	0.00394	0.00018	0.00024	0.00018	0.00026	0.00016	0.00015	0.08471	0.00030	0.90349	0.00506	0.00034	0.00025	0.00012	0.00010	3.1e-05	8.8e-05	0.00010	0.00012	0.00017
19	0.00467	0.00038	0.00454	0.01166	0.12381	0.63482	0.04906	0.01496	0.00026	0.01009	0.00017	0.00021	0.00014	0.00013	0.00013	0.10789	0.03441	7.5e-05	0.00249	0.00012
20	0.00014	0.00010	0.00013	0.00013	0.00015	9.7e-05	9.5e-05	0.00019	0.03354	0.00328	0.61504	0.13160	0.19261	0.00229	0.00012	3.4e-05	5.2e-05	0.01748	0.00283	9.4e-05
21	0.00013	0.00010	0.00011	0.00011	0.00014	8.8e-05	7.9e-05	0.00016	0.00198	0.02234	0.05544	0.00325	0.89695	0.01680	0.00013	3.5e-05	5.3e-05	0.00193	9.5e-05	8.7e-05
22	0.00128	0.00377	0.37057	0.00938	0.08495	0.01207	0.11441	0.02921	0.00533	0.36337	0.00135	0.00027	0.00018	0.00095	0.00010	3.2e-05	0.00131	0.00125	7.6e-05	0.00016
23	0.00291	0.03902	0.13877	0.18200	0.18361	0.09725	0.23759	0.01440	0.01491	0.06542	0.00125	0.00025	0.00246	9.8e-05	0.00011	3.2e-05	0.01963	9.2e-05	5.5e-05	0.00014
24	0.00017	0.00012	0.00365	0.00399	0.00102	0.00285	0.00974	0.01264	0.12819	0.03667	0.33058	0.29767	0.07283	0.02970	0.01390	0.00419	0.00996	0.03378	0.00822	0.00010
25	0.12860	0.02683	0.01806	0.00476	0.02830	0.34184	0.44109	0.00344	0.00024	0.00317	0.00018	0.00022	0.00014	9.3e-05	0.0001	3e-05	0.00263	8.8e-05	5.3e-05	0.00013
26	0.00021	0.00019	0.00033	0.58907	0.31698	0.00022	0.00955	0.00027	0.00167	0.00028	0.01210	0.02657	0.00647	0.00011	0.00010	3.3e-05	0.00779	0.01781	0.01013	0.00013
27	0.00021	0.00018	0.00022	0.00016	0.01402	0.00014	0.01329	0.00314	0.00301	0.00233	0.00018	0.00021	0.00015	7.5e-05	7.6e-05	1.6e-05	7.7e-05	6.1e-05	6e-05	0.96240
28	0.00029	0.00020	0.00022	0.00019	0.00025	0.00022	0.00015	0.01405	0.67912	0.23515	0.04386	0.00040	0.00252	0.00014	0.00010	3.3e-05	8e-05	0.01886	0.00399	0.00016
29	0.00012	9.1e-05	0.00012	0.00014	0.00015	8.4e-05	9.5e-05	0.00014	0.00020	0.00026	0.00811	0.83819	0.10239	0.00257	0.00013	4.1e-05	5.9e-05	0.04693	9.4e-05	8.3e-05
30	0.00013	0.00010	0.00012	0.00012	0.00015	9.1e-05	8.9e-05	0.00017	0.00026	0.00035	0.62026	0.01831	0.35429	0.00237	0.00012	3.3e-05	4.9e-05	0.00279	0.00010	9.1e-05
31	0.00013	9.9e-05	0.00013	0.00014	0.00016	9.2e-05	0.00011	0.00016	0.00021	0.00027	0.01424	0.44868	0.23495	0.03511	0.00014	4.3e-05	6.7e-05	0.26509	9.2e-05	8.5e-05
32	0.00041	0.00021	0.02937	0.00020	0.00028	0.00019	0.01855	0.24318	0.02914	0.64993	0.01915	0.00032	0.00024	0.00012	0.00010	3.1e-05	9.4e-05	0.00268	0.00563	0.00017
33	0.00022	0.00021	0.00027	0.00022	0.00026	0.00024	0.00881	0.00025	0.00018	0.00028	0.00015	0.00022	0.00014	0.00014	0.00023	3.3e-05	0.61456	7.8e-05	5e-05	0.37347
34	0.00038	0.00048	0.00029	0.00026	0.00031	0.99605	0.00019	0.00040	0.00029	0.00025	0.00016	0.00018	0.00013	0.00010	9.1e-05	2.6e-05	0.00018	6.5e-05	5.2e-05	0.00012
35	0.00025	0.00024	0.00041	0.00062	0.99583	0.00024	0.00031	0.00031	0.00023	0.00033	0.00019	0.00025	0.00016	9e-05	0.0001	3e-05	0.00012	9e-05	5e-05	0.00016
36	0.00025	0.00021	0.00022	0.00020	0.00026	0.00024	0.00016	0.01571	0.93777	0.00367	0.00596	0.00406	0.03055	0.00014	0.00010	3.4e-05	7.9e-05	0.00012	0.00010	0.00016
37	0.00012	8.8e-05	0.00012	0.00014	0.00015	8.2e-05	9.4e-05	0.00014	0.00019	0.00026	0.00056	0.99639	0.00067	0.00032	0.00013	4.1e-05	5.8e-05	0.00029	9.4e-05	8.2e-05
38	0.00043	0.00017	0.00023	0.00018	0.00025	0.00015	0.00014	0.00704	0.01136	0.90960	0.03486	0.00036	0.00027	0.00013	0.00010	3.1e-05	8.3e-05	0.00010	0.03435	0.00017
39	0.11484	0.00018	0.00022	0.00018	0.00025	0.00378	0.00015	0.04300	0.00028	0.79879	0.00995	0.00034	0.00024	0.00013	0.00973	3.3e-05	8.8e-05	0.01755	0.00011	0.00016
40	0.00024	0.00027	0.00059	0.00042	0.00053	0.00025	0.99546	0.00032	0.00024	0.00032	0.00020	0.00027	0.00015	8.5e-05	0.00012	3.4e-05	0.00017	0.00012	5.1e-05	0.00014
41	0.00012	8.9e-05	0.00012	0.00014	0.00015	8.4e-05	9.4e-05	0.00014	0.00483	0.00026	0.00582	0.94643	0.01205	0.01556	0.00790	4.3e-05	6.1e-05	0.00593	9.3e-05	8.2e-05
42	0.00019	0.00012	0.00016	0.00016	0.00018	0.00013	0.00012	0.00023	0.00379	0.13540	0.00179	0.00039	0.00026	0.03596	0.71938	0.00910	0.00663	0.00011	0.08580	0.00010
43	0.26562	0.00027	0.02090	0.05681	0.01411	0.13085	0.02562	0.32835	0.02218	0.10044	0.00556	0.00489	0.00297	0.00012	0.00942	3.2e-05	0.00525	0.00429	0.00219	0.00014
44	0.00020	0.00819	0.98827	0.00029	0.00043	0.00024	0.00037	0.00032	0.00021	0.00032	0.00018	0.00021	0.00013	9.6e-05	9.5e-05	3.2e-05	0.00015	7.4e-05	4.3e-05	0.00015
45	0.00014	9.9e-05	0.00012	0.00013	0.00013	9.8e-05	8.5e-05	0.00016	0.00017	0.00023	0.00040	0.20131	0.00394	0.61669	0.01761	7.9e-05	9.2e-05	0.15837	7.3e-05	7.1e-05
46	0.00249	0.00022	0.00038	0.28149	0.69942	0.00024	0.00429	0.00664	0.00022	0.00031	0.00019	0.00333	0.00015	9.4e-05	0.00010	3.1e-05	0.00012	9e-05	4.9e-05	0.00015
47	0.09201	0.05024	0.49349	0.00391	0.01139	0.02380	0.08842	0.10611	0.01738	0.09833	0.00092	0.00269	0.00166	0.00010	0.00081	3.1e-05	0.00206	0.00557	0.00091	0.00015
48	0.00014	9.7e-05	0.00011	0.00012	0.00012	9.6e-05	7.1e-05	0.00015	0.00016	0.00021	0.00216	0.14094	0.00809	0.79359	0.00795	8.7e-05	9.3e-05	0.04567	6.7e-05	6.6e-05
49	0.00014	9.7e-05	0.00011	0.00011	0.00012	9.7e-05	6.6e-05	0.00015	0.00015	0.00020	0.00034	0.09078	0.00040	0.88666	0.00047	9.2e-05	9.4e-05	0.01978	6.5e-05	6.4e-05
50	0.00021	0.00018	0.00021	0.00229	0.00024	0.00247	0.00012	0.00678	0.00021	0.00304	0.00018	0.00021	0.00015	7.5e-05	7.5e-05	1.5e-05	7.5e-05	6e-05	6e-05	0.98334
51	0.00742	0.20823	0.22753	0.02094	0.04761	0.30318	0.00959	0.00258	0.00222	0.00126	0.00016	0.00020	0.00013	0.00012	0.01022	3.1e-05	0.15833	7.1e-05	4.7e-05	0.00013
52	0.00038	0.00402	0.00029	0.00026	0.00031	0.95777	0.00019	0.00691	0.00029	0.02614	0.00016	0.00019	0.00013	0.00010	9.2e-05	2.6e-05	0.00252	6.6e-05	5.4e-05	0.00012
53	0.00041	0.00018	0.00539	0.07832	0.03593	0.00238	0.00017	0.03972	0.00117	0.79264	0.00213	0.00155	0.00327	0.00013	0.00463	3.2e-05	0.02641	0.0001	0.00529	0.00016
54	0.00014	0.00010	0.00013	0.00013	0.00015	9.5e-05	9.5e-05	0.00019	0.00028	0.00040	0.98374	0.00076	0.01299	0.00021	0.00012	3.2e-05	4.8e-05	0.00018	0.00011	9.5e-05
55	0.01544	0.00902	0.92033	0.00149	0.00042	0.00431	0.00323	0.01553	0.00209	0.00186	0.00846	0.00022	0.00014	0.00010	0.00338	3.2e-05	0.01368	7.6e-05	4.5e-05	0.00015
56	0.00014	0.00011	0.00016	0.00016	0.00018	0.00012	0.00012	0.00018	0.00016	0.00023	0.00028	0.01646	0.00027	0.02776	0.93645	0.00016	0.00026	0.01664	5.5e-05	8.9e-05
57	0.00015	9.8e-05	0.00011	0.00011	0.00011	9.9e-05	6.3e-05	0.00015	0.00015	0.00020	0.00032	0.00065	0.00036	0.96005	0.03692	0.00010	0.00010	0.00015	6.1e-05	6.2e-05
58	0.00014	0.00010	0.00013	0.00012	0.00015	9.3e-05	9.2e-05	0.00018	0.00027	0.00038	0.80858	0.00080	0.17884	0.00022	0.00012	3.2e-05	4.9e-05	0.00951	0.00011	9.3e-05
59	0.00038	0.00028	0.00030	0.00023	0.00031	0.00031	0.00019	0.99549	0.00047	0.00063	0.00024	0.00024	0.00017	0.00012	0.00010	3e-05	0.00011	9.1e-05	0.00010	0.00017
60	0.00016	0.00012	0.00017	0.00017	0.00019	0.03310	0.00013	0.00019	0.00401	0.00680	0.00026	0.00039	0.00025	0.00718	0.92015	0.00015	0.02632	0.00011	5.4e-05	9.2e-05
61	0.00014	0.00011	0.00016	0.00016	0.00017	0.00012	0.00012	0.00018	0.00016	0.00023	0.00028	0.00043	0.00026	0.11352	0.88332	0.00015	0.00025	0.00011	5.5e-05	8.7e-05
62	0.00027	0.99124	0.00053	0.00017	0.00026	0.00568	0.00017	0.00030	0.00021	0.00024	0.00014	0.00016	0.00013	8.6e-05	6.5e-05	2.2e-05	0.00011	5.4e-05	4.3e-05	0.00013
63	0.00015	0.00011	0.00912	0.00016	0.00018	0.00013	0.00012	0.00018	0.00016	0.00345	0.00028	0.00041	0.00405	0.05852	0.91852	0.00016	0.00026	0.00390	5.5e-05	8.9e-05
64	0.00014	0.00011	0.00016	0.00016	0.00018	0.00013	0.00012	0.00018	0.00016	0.00023	0.00027	0.00040	0.00025	0.02289	0.97393	0.00016	0.00027	0.00011	5.4e-05	8.9e-05
65	0.00024	0.00027	0.00057	0.03415	0.00052	0.00025	0.93186	0.00033	0.02512	0.00032	0.00021	0.00028	0.00016	8.8e-05	0.00012	3.4e-05	0.00017	0.00513	5.2e-05	0.00014
66	0.00021	0.00018	0.00021	0.00015	0.00024	0.00013	0.00012	0.00025	0.00021	0.00033	0.00018	0.00021	0.00015	7.5e-05	7.5e-05	1.5e-05	7.5e-05	6e-05	6e-05	0.99708
67	0.00020	0.00052	0.99594	0.00029	0.00044	0.00023	0.00037	0.00032	0.00021	0.00032	0.00018	0.00021	0.00013	9.6e-05	9.6e-05	3.2e-05	0.00015	7.4e-05	4.3e-05	0.00015
68	0.00045	0.00018	0.00024	0.00018	0.00026	0.00016	0.00015	0.04752	0.00030	0.93722	0.00332	0.00034	0.00025	0.00013	0.00881	3.2e-05	8.8e-05	0.00010	0.00012	0.00017
69	0.00014	0.00011	0.00016	0.00016	0.00018	0.00013	0.00012	0.00018	0.00016	0.00023	0.00027	0.00040	0.00026	0.03041	0.96641	0.00016	0.00026	0.00011	5.4e-05	8.9e-05
70	0.00014	0.00010	0.00013	0.00012	0.00417	0.00188	9.2e-05	0.00323	0.00026	0.00034	0.52422	0.07231	0.36636	0.00023	0.00012	3.4e-05	0.00876	0.01731	0.00010	9.1e-05
71	0.00024	0.00018	0.00021	0.00016	0.00501	0.00014	0.00336	0.00351	0.00246	0.12304	0.02258	0.00024	0.00175	0.00231	8.1e-05	1.8e-05	7.6e-05	0.00225	6.9e-05	0.83234
72	0.02902	0.00024	0.01568	0.13336	0.02068	0.00904	0.21682	0.33366	0.08155	0.07763	0.04192	0.00135	0.01349	0.00117	0.00011	3.2e-05	0.01987	0.00092	8e-05	0.00336
73	0.00259	0.00024	0.00028	0.10471	0.08146	0.00827	0.01127	0.39417	0.38605	0.00189	0.00030	0.00334	0.00271	0.00012	0.00010	3.2e-05	0.00010	0.00211	9e-05	0.00016
74	0.02481	0.93964	0.00051	0.00017	0.00026	0.02973	0.00017	0.00332	0.00021	0.00024	0.00014	0.00016	0.00013	8.7e-05	6.5e-05	2.2e-05	0.00011	5.4e-05	4.4e-05	0.00013
75	0.00022	0.00019	0.00021	0.00019	0.00740	0.00021	0.00193	0.01924	0.72607	0.00162	0.02885	0.19298	0.01229	0.00018	0.00011	3.5e-05	7.6e-05	0.00795	0.00010	0.00014
76	0.00015	0.00011	0.00015	0.00015	0.00016	0.00012	0.00011	0.00017	0.00016	0.00022	0.00029	0.00366	0.00029	0.32333	0.66602	0.00014	0.00455	0.00012	5.6e-05	8.1e-05
77	0.00012	0.00010	0.00010	0.00010	0.00014	8.7e-05	7.8e-05	0.00885	0.00023	0.00028	0.00477	0.00798	0.97631	0.00025	0.00012	3.4e-05	5.2e-05	0.00021	9.4e-05	8.6e-05
78	0.00257	0.05779	0.87837	0.00028	0.00042	0.00363	0.00610	0.00033	0.00022	0.04210	0.00019	0.00022	0.00013	9.6e-05	9.4e-05	3.1e-05	0.00014	7.4e-05	4.6e-05	0.00717
79	0.00025	0.00024	0.00041	0.00062	0.99583	0.00024	0.00031	0.00031	0.00023	0.00033	0.00019	0.00025	0.00016	9e-05	0.0001	3e-05	0.00012	9e-05	5e-05	0.00016
80	0.00027	0.80760	0.09017	0.00019	0.00028	0.02937	0.00451	0.02276	0.03239	0.00273	0.00886	0.00018	0.00014	9.1e-05	7.1e-05	2.3e-05	0.00011	6e-05	4.7e-05	0.00013
81	0.00038	0.00022	0.00026	0.00020	0.00027	0.00023	0.00017	0.52346	0.00759	0.35119	0.00354	0.08834	0.00025	0.00959	0.00011	3.2e-05	9.6e-05	0.01057	0.00335	0.00016
82	0.00803	0.02455	0.01251	0.02307	0.02717	0.01528	0.05497	0.64746	0.01579	0.13597	0.00462	0.02174	0.00130	0.00012	0.00010	3.1e-05	0.00011	0.00691	9.5e-05	0.00016
83	0.00013	0.00011	0.00013	0.01313	0.00016	0.00442	0.01475	0.00406	0.05170	0.00030	0.15128	0.02018	0.73474	0.00024	0.00012	3.4e-05	5.6e-05	0.00428	9.5e-05	9.2e-05
84	0.00038	0.00632	0.00029	0.00026	0.00031	0.99022	0.00019	0.00040	0.00029	0.00025	0.00016	0.00018	0.00013	0.00010	9.1e-05	2.6e-05	0.00018	6.5e-05	5.2e-05	0.00012
85	0.00115	0.42252	0.41996	0.00023	0.01388	0.00778	0.02049	0.01335	0.00606	0.05749	0.00289	0.00022	0.00015	0.00444	0.00598	2.9e-05	0.00013	0.01717	5e-05	0.00603
86	0.00103	0.11975	0.56758	0.01310	0.00987	0.00454	0.07416	0.00244	0.00605	0.01280	0.00977	0.00472	0.00906	0.00097	0.00350	3.3e-05	0.15680	0.00366	4.7e-05	0.00014
87	0.00012	0.00010	0.00011	0.00011	0.00014	8.6e-05	8.1e-05	0.00015	0.00023	0.00029	0.12100	0.12494	0.75179	0.00026	0.00012	3.5e-05	5.2e-05	0.00022	9.6e-05	8.6e-05
88	0.00024	0.52022	0.45708	0.00023	0.00034	0.00254	0.00540	0.00229	0.00021	0.00622	0.00434	0.00019	0.00013	9.1e-05	8e-05	2.6e-05	0.00013	6.5e-05	4.4e-05	0.00014
89	0.00022	0.00021	0.00637	0.36155	0.29982	0.00125	0.19715	0.00450	0.00022	0.01625	0.00024	0.01254	0.01475	0.00011	0.00011	3.4e-05	0.00013	0.08313	0.00129	0.00013
90	0.00014	9.9e-05	0.00014	0.00016	0.00897	9.6e-05	0.00012	0.00017	0.00021	0.00027	0.00054	0.61898	0.00255	0.00646	0.00437	4.4e-05	7.2e-05	0.35645	9.3e-05	8.6e-05
91	0.00019	0.00018	0.00030	0.97945	0.00367	0.00679	0.00028	0.00424	0.00344	0.00026	0.00018	0.00027	0.00014	0.00010	0.00010	3.4e-05	0.00013	8.9e-05	4.5e-05	0.00011
92	0.00018	0.00016	0.00257	0.00020	0.00021	0.01144	0.00379	0.00425	0.00018	0.00371	0.00172	0.42040	0.03078	0.00024	0.00674	4.3e-05	0.47488	0.03834	6.9e-05	9.7e-05
93	0.00399	0.00026	0.00352	0.04574	0.01901	0.00650	0.00971	0.75283	0.00042	0.15217	0.00026	0.00265	0.00018	0.00012	0.00010	3.1e-05	0.00214	9.3e-05	0.0001	0.00017
94	0.00043	0.00018	0.00023	0.00018	0.00026	0.00016	0.00015	0.02444	0.08619	0.87807	0.00039	0.00034	0.00025	0.00013	0.00010	3.1e-05	8.6e-05	0.00010	0.00811	0.00017
95	0.00024	0.00020	0.00021	0.00019	0.00025	0.00023	0.00196	0.01067	0.82976	0.00656	0.06074	0.02274	0.02680	0.00550	0.00374	3.5e-05	7.8e-05	0.02155	0.00839	0.00015
96	0.00200	0.00026	0.00030	0.15168	0.18253	0.13090	0.02512	0.25649	0.05388	0.11096	0.00736	0.00118	0.00309	0.00970	0.00646	0.00392	0.01399	0.02873	0.01133	0.00014
97	0.00211	0.00860	0.00415	0.00021	0.00029	0.03075	0.00260	0.52611	0.00664	0.41571	0.00161	0.00028	0.00020	0.00012	0.00010	3e-05	0.00010	9.4e-05	0.00011	0.00017
98	0.00013	9e-05	0.00012	0.00014	0.00015	8.3e-05	9.3e-05	0.00014	0.00020	0.00261	0.05611	0.87155	0.04683	0.01065	0.00013	4.1e-05	5.8e-05	0.01071	9.4e-05	8.3e-05

[dist]
# distance from previous block
# <min> <max>
2	3

[block]
# block no. 2 follows, 3443 sequences, length 27
# corresponding to MSA columns:
# 688-714
name=unknown_C
#
# <colnr> <probs for GDERKNQSTAVLIFYWHMCP>
#	G	D	E	R	K	N	Q	S	T	A	V	L	I	F	Y	W	H	M	C	P
0	0.00019	0.00018	0.00030	0.89219	0.00512	0.00855	0.00882	0.00903	0.00020	0.00026	0.00018	0.00028	0.00014	0.01592	0.03433	3.9e-05	0.01975	9.1e-05	0.00430	0.00011
1	0.00364	0.12515	0.03274	0.50173	0.12969	0.14407	0.01656	0.00984	0.00613	0.00396	0.00018	0.00024	0.00014	9.8e-05	9.5e-05	3e-05	0.00370	8.1e-05	4.8e-05	0.02190
2	0.00027	0.95769	0.00052	0.00018	0.00026	0.02607	0.00017	0.00030	0.00021	0.00024	0.00014	0.00016	0.00013	8.8e-05	6.9e-05	2.2e-05	0.01325	5.5e-05	4.3e-05	0.00013
3	0.00018	0.00013	0.00016	0.00014	0.00018	0.00013	0.00011	0.01085	0.15978	0.06180	0.72469	0.00066	0.01630	0.00019	0.00011	3.2e-05	5.6e-05	0.00016	0.02425	0.00011
4	0.00012	0.00010	0.00011	0.00011	0.00014	8.7e-05	8.2e-05	0.00015	0.00024	0.00030	0.18343	0.06297	0.74189	0.00025	0.00012	3.4e-05	5.1e-05	0.00963	9.7e-05	8.7e-05
5	0.00013	0.00010	0.00012	0.00012	0.00015	9.2e-05	8.8e-05	0.00018	0.00915	0.00035	0.57114	0.01419	0.38782	0.00022	0.00012	3.3e-05	4.9e-05	0.00019	0.01566	9.2e-05
6	0.00014	0.00010	0.00013	0.00012	0.00015	9.4e-05	9.3e-05	0.00018	0.00028	0.00039	0.88218	0.01463	0.10071	0.00021	0.00012	3.2e-05	4.8e-05	0.00019	0.00011	9.4e-05
7	0.02136	0.00019	0.00024	0.00019	0.00026	0.00018	0.00015	0.16515	0.01677	0.77850	0.00815	0.00033	0.00024	0.00012	0.00010	3.1e-05	8.9e-05	9.9e-05	0.00768	0.00017
8	0.00036	0.00027	0.00029	0.00023	0.00030	0.00030	0.00019	0.81254	0.18347	0.00060	0.00027	0.00027	0.00020	0.00012	0.00010	3.1e-05	0.00011	9.5e-05	0.00010	0.00017
9	0.00014	0.00010	0.00013	0.00013	0.00015	9.5e-05	9.4e-05	0.00019	0.00028	0.00040	0.94247	0.00076	0.05426	0.00021	0.00012	3.2e-05	4.8e-05	0.00018	0.00011	9.5e-05
10	0.00039	0.00027	0.00030	0.00023	0.00031	0.00030	0.00019	0.92770	0.00046	0.06845	0.00025	0.00025	0.00018	0.00012	0.00010	3e-05	0.00011	9.1e-05	0.00010	0.00017
11	0.00028	0.00013	0.00015	0.00013	0.00017	0.00013	0.00010	0.08594	0.01149	0.27591	0.00034	0.00036	0.00025	0.00012	8.2e-05	2.6e-05	6.4e-05	9.6e-05	0.62410	0.00012
12	0.00013	0.00012	0.00011	0.00011	0.00015	0.05378	8.5e-05	0.00016	0.00023	0.00027	0.00865	0.05813	0.86943	0.00025	0.00012	3.4e-05	5.9e-05	0.00799	9.1e-05	8.7e-05
13	0.00014	0.00011	0.00016	0.00016	0.00017	0.00012	0.00012	0.00018	0.00016	0.00023	0.00027	0.00041	0.00026	0.07098	0.92585	0.00016	0.00026	0.00011	5.4e-05	8.8e-05
14	0.87473	0.00020	0.00016	0.00014	0.00020	0.01066	0.00012	0.02197	0.00656	0.07108	0.00016	0.00018	0.00012	9.6e-05	6.7e-05	3.1e-05	8e-05	5.9e-05	6.8e-05	0.01332
15	0.00015	0.00010	0.00013	0.00014	0.00016	9.7e-05	0.00010	0.03174	0.01218	0.05476	0.00779	0.62758	0.19394	0.00028	0.00013	0.00836	6.2e-05	0.05306	0.00914	9.2e-05
16	0.85774	0.00851	0.00486	0.00014	0.00021	0.00022	0.02030	0.01795	0.00703	0.04365	0.01738	0.02133	0.00015	0.00010	6.9e-05	3.1e-05	8e-05	6.6e-05	6.7e-05	0.00011
17	0.01587	0.29318	0.01274	0.00334	0.00866	0.23550	0.00336	0.26452	0.07616	0.03408	0.00023	0.00666	0.01959	0.00011	8.8e-05	2.7e-05	0.00012	0.01586	7e-05	0.00982
18	0.00021	0.00017	0.00021	0.01091	0.00966	0.00013	0.00012	0.00025	0.00021	0.01665	0.05576	0.00947	0.00495	8.8e-05	7.9e-05	1.7e-05	7.4e-05	0.00747	6.4e-05	0.88349
19	0.01099	0.10053	0.35699	0.02056	0.07393	0.03743	0.05805	0.07103	0.04673	0.06567	0.05491	0.01343	0.04856	0.00790	0.00579	3.2e-05	0.01962	0.00764	6.4e-05	0.00014
20	0.00258	0.21437	0.37859	0.00234	0.00287	0.01435	0.04207	0.11640	0.07250	0.06218	0.01300	0.02439	0.00522	0.01301	0.01125	0.00214	0.00774	0.00645	0.00840	0.00014
21	0.00014	0.00011	0.00015	0.00015	0.00017	0.00012	0.00012	0.00017	0.00016	0.00023	0.00802	0.00955	0.00028	0.14521	0.80373	0.01202	0.00024	0.01928	5.6e-05	8.5e-05
22	0.02579	0.02191	0.04670	0.11671	0.10042	0.01438	0.10228	0.07580	0.04498	0.08130	0.03150	0.20077	0.01360	0.01089	0.01846	3.8e-05	0.05367	0.04062	7.4e-05	0.00012
23	0.05379	0.14381	0.11249	0.03759	0.26348	0.10052	0.06019	0.09232	0.03181	0.08028	0.00022	0.00024	0.01335	0.00010	0.00302	3e-05	0.00649	8.4e-05	6.2e-05	0.00014
24	0.00772	0.00017	0.00463	0.05196	0.01299	0.06830	0.04913	0.07696	0.00385	0.07462	0.02858	0.10264	0.00817	0.00356	0.01333	4.1e-05	0.04454	0.44586	0.00284	0.00011
25	0.00393	0.00015	0.00018	0.05668	0.01217	0.03639	0.00281	0.03843	0.09233	0.09354	0.34142	0.05229	0.09481	0.04006	0.00304	3.7e-05	0.00449	0.12254	0.00460	0.00011
26	0.00014	0.00012	0.02425	0.00630	0.00453	0.00304	0.01840	0.00296	0.00795	0.01212	0.17848	0.32385	0.25645	0.10889	0.01026	0.00272	0.01007	0.02067	0.00462	0.00417

[dist]
# distance from previous block
# <min> <max>
0	1

[block]
# block no. 3 follows, 3443 sequences, length 26
# corresponding to MSA columns:
# 716-740,743
name=unknown_D
#
# <colnr> <probs for GDERKNQSTAVLIFYWHMCP>
#	G	D	E	R	K	N	Q	S	T	A	V	L	I	F	Y	W	H	M	C	P
0	0.00359	0.04395	0.08234	0.04234	0.08067	0.02447	0.04403	0.19985	0.08867	0.03198	0.02665	0.01190	0.02860	0.02232	0.02118	0.00243	0.14771	0.01057	7e-05	0.08667
1	0.00013	0.00777	0.00012	0.00013	0.00015	9e-05	9.2e-05	0.00016	0.00426	0.00976	0.09504	0.57775	0.19211	0.06920	0.00826	4.3e-05	6.2e-05	0.03069	0.00410	8.4e-05
2	0.00557	0.05409	0.15209	0.27586	0.17730	0.02092	0.06005	0.06297	0.04140	0.03655	0.02532	0.00442	0.01276	0.02288	0.00514	3.4e-05	0.03696	0.00306	0.00248	0.00013
3	0.00260	0.00598	0.05907	0.09426	0.13261	0.00596	0.03955	0.00726	0.05082	0.03096	0.42522	0.03950	0.03392	0.00016	0.00011	3.1e-05	0.00300	0.00268	0.00404	0.06226
4	0.87649	0.02676	0.01251	0.00398	0.01032	0.02362	0.01141	0.01294	0.00381	0.00542	0.00015	0.00784	0.00012	9.6e-05	6.7e-05	3.1e-05	0.00421	5.9e-05	6.2e-05	0.00011
5	0.01755	0.19578	0.19123	0.01533	0.03948	0.01974	0.21157	0.01894	0.02543	0.02634	0.01483	0.02101	0.00475	0.00351	0.00357	3.4e-05	0.00281	0.18539	0.00257	0.00013
6	0.02160	0.02328	0.26731	0.11555	0.15825	0.01940	0.07368	0.04108	0.07962	0.00893	0.04328	0.02398	0.06836	0.00560	0.00263	3.3e-05	0.01096	0.01122	0.00333	0.02191
7	0.00015	0.00012	0.00456	0.04023	0.05837	0.00011	0.00405	0.00337	0.01258	0.01005	0.08119	0.16728	0.39397	0.02762	0.10859	0.01194	0.00647	0.06647	0.00280	9.3e-05
8	0.06176	0.37841	0.09883	0.01749	0.01872	0.08162	0.00476	0.16077	0.01810	0.04265	0.00660	0.01148	0.00016	0.00263	8.4e-05	2.6e-05	0.00639	7.2e-05	0.00300	0.08645
9	0.00020	0.00020	0.00717	0.52964	0.01280	0.00289	0.25361	0.00484	0.00685	0.00325	0.01289	0.04427	0.03392	0.00651	0.02261	3.7e-05	0.01591	0.02495	5.4e-05	0.01740
10	0.00834	0.27622	0.04322	0.29454	0.10377	0.12015	0.01385	0.02271	0.04664	0.01989	0.00413	0.00511	0.00286	0.00267	9.2e-05	2.9e-05	0.01067	0.00245	0.01998	0.00269
11	0.01946	0.15931	0.22078	0.02837	0.09847	0.01238	0.19954	0.04879	0.03253	0.09515	0.01978	0.01107	0.01996	0.00856	0.00341	3.2e-05	0.01253	0.00736	6.2e-05	0.00245
12	0.00014	0.00010	0.00559	0.00013	0.00015	9.2e-05	0.00546	0.00821	0.00387	0.00984	0.09500	0.46148	0.20877	0.17400	0.00364	4.9e-05	6.6e-05	0.01947	0.00386	8.3e-05
13	0.00316	0.00011	0.00479	0.00611	0.02588	0.00010	0.02081	0.01880	0.01550	0.03509	0.01904	0.57769	0.20134	0.01274	0.00013	3.9e-05	6.6e-05	0.05433	0.00417	9.3e-05
14	0.01159	0.02067	0.06557	0.40652	0.10868	0.04812	0.03139	0.04313	0.03612	0.10711	0.00259	0.03652	0.00910	0.00690	0.01127	3.5e-05	0.04867	0.00582	6.2e-05	0.00013
15	0.00598	0.14279	0.07106	0.28271	0.20402	0.01652	0.10087	0.04301	0.02038	0.02176	0.00599	0.02734	0.01249	0.00560	0.00449	0.00495	0.02124	0.00574	0.00294	0.00013
16	0.00012	8.9e-05	0.00012	0.00014	0.00014	8.3e-05	9.2e-05	0.00014	0.00019	0.00025	0.00054	0.91245	0.00064	0.07108	0.00016	4.5e-05	6.2e-05	0.01348	9.1e-05	8.1e-05
17	0.00426	0.00473	0.00015	0.00013	0.00017	0.00378	0.00010	0.01690	0.02740	0.09739	0.65294	0.02213	0.15571	0.00020	0.00012	3.2e-05	5.5e-05	0.00711	0.00659	0.00010
18	0.01374	0.24675	0.24862	0.04602	0.05592	0.05178	0.04148	0.09029	0.02749	0.13545	0.00354	0.00967	0.00275	0.00491	0.00286	3e-05	0.01842	8.2e-05	6.3e-05	0.00014
19	0.00692	0.00311	0.00379	0.01284	0.00341	0.04273	0.05482	0.05259	0.00693	0.03026	0.06103	0.26647	0.23833	0.00024	0.00012	3.8e-05	8e-05	0.21609	9e-05	9.9e-05
20	0.06477	0.00024	0.00047	0.02976	0.00868	0.02234	0.68513	0.00386	0.00316	0.00478	0.00023	0.08912	0.00339	0.00743	0.02538	3.8e-05	0.04692	0.00410	5.6e-05	0.00013
21	0.00014	0.00011	0.00016	0.00016	0.00018	0.00012	0.00012	0.00018	0.00016	0.00023	0.00027	0.00041	0.00026	0.06986	0.92697	0.00016	0.00026	0.00011	5.4e-05	8.8e-05
22	0.00579	0.06165	0.22560	0.02500	0.15055	0.02722	0.06396	0.11511	0.18783	0.04123	0.05410	0.00473	0.01279	0.00541	0.00336	3.2e-05	0.00761	0.00537	0.00251	0.00015
23	0.00020	0.00019	0.00030	0.93327	0.00067	0.01864	0.00027	0.01062	0.00021	0.02578	0.00018	0.00027	0.00014	0.00010	0.00010	3.3e-05	0.00877	8.9e-05	4.8e-05	0.00011
24	0.02629	0.01739	0.00029	0.01238	0.01105	0.75614	0.02406	0.05500	0.06803	0.00972	0.00625	0.00425	0.00512	0.00011	9.3e-05	2.7e-05	0.00355	7.4e-05	5.9e-05	0.00012
25	0.00322	0.70506	0.13864	0.00695	0.01613	0.02856	0.01461	0.02659	0.01351	0.00386	0.00562	0.01720	0.00015	0.00504	7.7e-05	2.5e-05	0.00011	0.00322	4.8e-05	0.01139

[dist]
# distance from previous block
# <min> <max>
0	1

[block]
# block no. 4 follows, 3443 sequences, length 11
# corresponding to MSA columns:
# 745-755
name=unknown_E
#
# <colnr> <probs for GDERKNQSTAVLIFYWHMCP>
#	G	D	E	R	K	N	Q	S	T	A	V	L	I	F	Y	W	H	M	C	P
0	0.02191	0.25017	0.17383	0.02585	0.01188	0.08104	0.01581	0.03638	0.07860	0.11724	0.07791	0.01081	0.03405	0.02764	0.01991	3.4e-05	0.00986	9.4e-05	0.00685	0.00013
1	0.01635	0.00674	0.00016	0.00602	0.00017	0.02086	0.03915	0.03521	0.00787	0.01189	0.01091	0.18001	0.03694	0.47410	0.06107	7.3e-05	0.03989	0.01017	0.00760	0.03481
2	0.03331	0.08029	0.17489	0.02655	0.09807	0.01926	0.11930	0.08703	0.11564	0.05997	0.06439	0.04237	0.02072	0.00514	0.00642	0.00493	0.02117	0.00965	7.1e-05	0.01084
3	0.04016	0.00018	0.00028	0.73368	0.01619	0.00780	0.00702	0.02793	0.00776	0.00896	0.00699	0.03018	0.00716	0.00011	0.00010	3.2e-05	0.01952	0.00882	0.00630	0.07084
4	0.77293	0.01972	0.00018	0.00015	0.00021	0.02711	0.00012	0.04064	0.01343	0.11128	0.00018	0.00019	0.00013	9.9e-05	7e-05	3.1e-05	8.3e-05	6.3e-05	0.01327	0.00012
5	0.00594	0.02583	0.00817	0.08505	0.08059	0.08454	0.00965	0.15260	0.37795	0.02968	0.02633	0.00562	0.00874	0.00560	0.01408	3.4e-05	0.03344	0.01632	0.02970	0.00014
6	0.00015	9.8e-05	0.00011	0.00011	0.00012	9.9e-05	6.7e-05	0.00015	0.00015	0.00020	0.01593	0.01580	0.01884	0.89034	0.04189	9.6e-05	0.00010	0.01561	6.3e-05	6.4e-05
7	0.00022	0.00020	0.00030	0.78459	0.02310	0.01549	0.00026	0.12215	0.00024	0.02058	0.00020	0.00028	0.00015	0.00011	0.00011	3.3e-05	0.01732	0.01451	5.4e-05	0.00012
8	0.00838	0.00012	0.03036	0.00892	0.00984	0.00011	0.00011	0.01223	0.00027	0.07387	0.72157	0.03510	0.06485	0.01309	0.00012	0.01022	5.8e-05	0.01057	0.00010	0.00010
9	0.00022	0.00021	0.00033	0.56886	0.24572	0.03795	0.03162	0.01981	0.02055	0.00029	0.00757	0.01210	0.01442	0.00011	0.00744	3.4e-05	0.01377	0.01103	0.00785	0.00013
10	0.94956	0.00019	0.00015	0.00013	0.00020	0.00022	0.00011	0.00031	0.00018	0.04800	0.00015	0.00017	0.00012	9.5e-05	6.4e-05	3.1e-05	7.8e-05	5.7e-05	6.5e-05	0.00011

[dist]
# distance from previous block
# <min> <max>
0	1

[block]
# block no. 5 follows, 3443 sequences, length 8
# corresponding to MSA columns:
# 757-764
name=unknown_F
#
# <colnr> <probs for GDERKNQSTAVLIFYWHMCP>
#	G	D	E	R	K	N	Q	S	T	A	V	L	I	F	Y	W	H	M	C	P
0	0.02862	0.75687	0.14010	0.00019	0.00028	0.02291	0.00020	0.02413	0.00021	0.00026	0.00015	0.00018	0.00014	0.02529	8.2e-05	2.6e-05	0.00011	6e-05	4.6e-05	0.00013
1	0.00020	0.00016	0.00019	0.00925	0.03622	0.02794	0.00903	0.05431	0.25707	0.03442	0.37264	0.03878	0.10055	0.00946	0.00950	3.5e-05	0.00855	0.01013	0.02147	0.00012
2	0.00013	0.00010	0.00012	0.00012	0.00015	9e-05	8.9e-05	0.00017	0.00025	0.00033	0.43562	0.16020	0.34576	0.02861	0.00013	3.6e-05	5.3e-05	0.02786	0.00010	8.8e-05
3	0.00023	0.38274	0.47980	0.01182	0.01605	0.01267	0.00027	0.01223	0.01225	0.00029	0.00019	0.02712	0.01384	0.01488	0.01519	3.1e-05	0.00013	7.7e-05	4.7e-05	0.00014
4	0.00013	0.00010	0.00011	0.00011	0.00014	8.7e-05	8.2e-05	0.00016	0.00024	0.00030	0.22069	0.06574	0.67999	0.00024	0.00012	3.4e-05	5.1e-05	0.00021	0.03138	8.7e-05
5	0.01587	0.00012	0.00015	0.02775	0.00017	0.01069	0.02605	0.01547	0.01979	0.04587	0.04264	0.01932	0.08461	0.44402	0.09440	0.07667	0.01314	0.03452	0.02864	8.2e-05
6	0.00021	0.00018	0.00021	0.01220	0.00024	0.00014	0.01149	0.01410	0.01261	0.01617	0.01370	0.03461	0.01170	9.8e-05	8.5e-05	1.9e-05	0.01332	0.03613	6.5e-05	0.82273
7	0.04936	0.00019	0.00023	0.01165	0.01184	0.00018	0.01199	0.15853	0.01933	0.53672	0.06430	0.00036	0.02560	0.00013	9.9e-05	3e-05	8.7e-05	0.01722	0.00011	0.09205

[dist]
# distance from previous block
# <min> <max>
3	6

[block]
# block no. 6 follows, 3443 sequences, length 25
# corresponding to MSA columns:
# 774-798
name=unknown_G
#
# <colnr> <probs for GDERKNQSTAVLIFYWHMCP>
#	G	D	E	R	K	N	Q	S	T	A	V	L	I	F	Y	W	H	M	C	P
0	0.01089	0.04892	0.12757	0.12449	0.05871	0.09205	0.03481	0.01646	0.05785	0.00768	0.02284	0.13640	0.02950	0.06476	0.03497	0.00552	0.09659	0.02627	6.3e-05	0.00365
1	0.07292	0.00016	0.00020	0.00017	0.00409	0.00396	0.00388	0.01614	0.00539	0.63751	0.05282	0.02652	0.04925	0.04437	0.00699	3.5e-05	0.00288	0.01146	0.03038	0.03089
2	0.00014	9.9e-05	0.00012	0.00013	0.00015	9.3e-05	9.1e-05	0.00016	0.00489	0.00028	0.19994	0.19591	0.30233	0.06337	0.12056	0.10060	8.5e-05	0.00628	0.00470	8.2e-05
3	0.00019	0.00018	0.00030	0.94224	0.02318	0.00023	0.00028	0.01091	0.00020	0.00026	0.00018	0.00027	0.00014	0.00010	0.00010	3.4e-05	0.01281	9e-05	0.00818	0.00011
4	0.00013	0.00010	0.00012	0.00012	0.00014	8.9e-05	8.6e-05	0.00016	0.00024	0.00718	0.34350	0.13562	0.47846	0.02084	0.00013	3.5e-05	5.2e-05	0.00695	0.00596	8.8e-05
5	0.00735	0.02903	0.63769	0.00290	0.00341	0.00867	0.00673	0.13280	0.04439	0.00420	0.02023	0.00489	0.01565	0.00637	0.01935	3.5e-05	0.03661	0.00606	0.01351	0.00014
6	0.00014	9.7e-05	0.00012	0.00013	0.00013	9.6e-05	8.2e-05	0.00015	0.00575	0.00023	0.00040	0.26691	0.00709	0.56623	0.01419	0.03071	8.8e-05	0.10065	0.00674	7.1e-05
7	0.01122	0.06925	0.01180	0.00012	0.00013	0.00012	8.1e-05	0.01717	0.00016	0.00636	0.01716	0.01006	0.00602	0.71994	0.00627	0.11019	9.7e-05	0.01026	0.00351	7e-05
8	0.61712	0.24463	0.00511	0.00015	0.00021	0.04408	0.00013	0.00427	0.00019	0.00599	0.00465	0.00019	0.00013	0.02479	0.00453	0.03246	9.2e-05	6e-05	5.7e-05	0.01117
9	0.01272	0.82896	0.05751	0.00019	0.00767	0.05385	0.01476	0.01335	0.00021	0.00025	0.00465	0.00017	0.00013	8.9e-05	7e-05	2.3e-05	0.00011	5.8e-05	4.5e-05	0.00518
10	0.00279	0.03421	0.79983	0.01363	0.01982	0.00430	0.00901	0.00335	0.05955	0.01287	0.02267	0.00590	0.00304	0.00278	0.00267	3.2e-05	0.00014	0.00321	5e-05	0.00015
11	0.00013	0.00010	0.00011	0.00011	0.00014	8.7e-05	8.3e-05	0.00016	0.00024	0.00030	0.25241	0.12669	0.61858	0.00025	0.00012	3.4e-05	5.1e-05	0.00021	9.8e-05	8.7e-05
12	0.00023	0.29585	0.56187	0.00024	0.00953	0.01353	0.00028	0.02074	0.01600	0.01211	0.04182	0.00024	0.01394	0.00011	0.00421	2.9e-05	0.00013	0.00893	5e-05	0.00014
13	0.02162	0.01373	0.08258	0.31647	0.05069	0.02400	0.01990	0.25136	0.03348	0.13514	0.00400	0.00926	0.00018	0.00012	0.01536	3.4e-05	0.00788	0.00511	0.00894	0.00014
14	0.00012	9.9e-05	0.00011	0.00011	0.00014	8.5e-05	8.3e-05	0.00015	0.00022	0.00027	0.01907	0.21214	0.73657	0.00027	0.00012	3.6e-05	5.4e-05	0.03017	9.4e-05	8.5e-05
15	0.00357	0.02550	0.14635	0.11593	0.02042	0.01476	0.08189	0.21130	0.09669	0.05928	0.02976	0.02138	0.01243	0.00483	0.09682	0.00252	0.03364	0.00701	0.01578	0.00014
16	0.00285	0.00338	0.36399	0.07352	0.02783	0.00430	0.01637	0.02989	0.06723	0.02967	0.03693	0.13532	0.03327	0.02189	0.08503	0.02393	0.01760	0.01995	0.00695	0.00012
17	0.00015	0.00011	0.00012	0.00699	0.00014	0.00011	8.4e-05	0.03756	0.00854	0.00459	0.14978	0.08413	0.24197	0.41383	0.01320	0.00361	0.00579	0.01467	0.01455	8.1e-05
18	0.00027	0.71184	0.03772	0.00020	0.00451	0.10356	0.00450	0.02123	0.00591	0.00397	0.00384	0.00018	0.00014	0.00010	0.00556	2.6e-05	0.09621	6.2e-05	4.6e-05	0.00013
19	0.00381	0.00019	0.01498	0.00825	0.00496	0.01105	0.00782	0.06387	0.02992	0.07266	0.06261	0.01170	0.01530	0.00280	0.02494	2.4e-05	0.00288	0.00859	7.2e-05	0.65357
20	0.00283	0.00377	0.01434	0.00444	0.01507	0.00735	0.01201	0.00445	0.02053	0.00731	0.11243	0.66627	0.08177	0.02321	0.00255	4e-05	0.00319	0.01315	0.00519	8.9e-05
21	0.00027	0.01099	0.04137	0.01244	0.00512	0.04863	0.00017	0.11003	0.73871	0.00574	0.00037	0.00638	0.00817	0.00430	0.00010	0.00352	0.00332	0.00011	9.5e-05	0.00016
22	0.73112	0.00312	0.00018	0.03352	0.04165	0.06221	0.00334	0.01544	0.00313	0.01471	0.00018	0.00389	0.00015	0.01682	0.00826	3.4e-05	0.01124	0.04627	0.00466	0.00011
23	0.00315	0.06741	0.31122	0.04089	0.15499	0.05003	0.10942	0.02695	0.03237	0.04043	0.02975	0.01103	0.04544	0.00012	0.00273	3.2e-05	0.06464	0.00413	0.00516	0.00014
24	0.00340	0.00016	0.02326	0.06237	0.15449	0.02097	0.00414	0.01819	0.08125	0.01653	0.32784	0.03031	0.18058	0.00482	0.00433	3.3e-05	0.00269	0.01390	0.00283	0.04790

[dist]
# distance from previous block
# <min> <max>
5	7

[block]
# block no. 7 follows, 3443 sequences, length 15
# corresponding to MSA columns:
# 807-821
name=unknown_H
#
# <colnr> <probs for GDERKNQSTAVLIFYWHMCP>
#	G	D	E	R	K	N	Q	S	T	A	V	L	I	F	Y	W	H	M	C	P
0	0.01435	0.02137	0.10877	0.21313	0.09686	0.00901	0.04537	0.10118	0.04639	0.03949	0.02457	0.00818	0.00832	0.04614	0.02063	4e-05	0.17676	0.01465	0.00467	0.00013
1	0.00519	0.00012	0.00524	0.00514	0.00016	0.00011	0.00010	0.00751	0.03855	0.07552	0.24377	0.12099	0.19542	0.14441	0.10836	0.00431	0.00682	0.02455	0.00878	0.00494
2	0.00554	0.02196	0.02082	0.04115	0.07312	0.04015	0.01018	0.07191	0.24173	0.13446	0.06957	0.02331	0.06923	0.03667	0.04406	4.1e-05	0.01321	0.05393	0.00478	0.02416
3	0.00013	0.00010	0.00011	0.00011	0.00014	8.8e-05	8.4e-05	0.00016	0.00023	0.00030	0.22281	0.14929	0.58999	0.02162	0.00013	3.6e-05	5.3e-05	0.01444	9.7e-05	8.6e-05
4	0.00948	0.00011	0.00015	0.01480	0.00017	0.00012	0.00523	0.00807	0.00672	0.00512	0.00029	0.00570	0.00029	0.36765	0.51145	0.02090	0.01166	0.00942	0.00565	0.01701
5	0.03653	0.00018	0.00021	0.00016	0.00024	0.00015	0.00012	0.03432	0.00023	0.12090	0.00021	0.00022	0.00016	8.3e-05	7.8e-05	1.8e-05	7.7e-05	6.6e-05	6.9e-05	0.80597
6	0.04598	0.00022	0.00025	0.00716	0.09060	0.12862	0.00586	0.02478	0.03005	0.63352	0.01293	0.00031	0.00594	0.00012	0.0001	3.1e-05	0.00672	9.5e-05	0.00655	0.00016
7	0.00612	0.02167	0.01958	0.02206	0.08675	0.09415	0.02862	0.51172	0.17863	0.00816	0.00855	0.00027	0.00566	0.00012	0.00746	3.2e-05	0.00012	9.3e-05	8.7e-05	0.00016
8	0.01949	0.00607	0.03729	0.00026	0.00028	0.00706	0.07686	0.00986	0.00018	0.03934	0.00906	0.06351	0.00774	0.00505	0.01823	4.3e-05	0.67358	0.01107	5.4e-05	0.01498
9	0.00015	0.00011	0.00015	0.00014	0.00015	0.00012	0.00010	0.00017	0.00016	0.00022	0.00028	0.00049	0.00029	0.37372	0.57877	0.02000	0.02472	0.00012	5.6e-05	7.9e-05
10	0.00018	0.00012	0.00015	0.00014	0.00017	0.00877	0.00011	0.01616	0.03777	0.10440	0.65761	0.04075	0.09998	0.00020	0.00012	3.3e-05	5.7e-05	0.03306	0.00011	0.00011
