[name]
unknown

[dist]
# distance from previous block
# <min> <max>
0	63

[block]
# block no. 0 follows, 3250 sequences, length 73
# corresponding to MSA columns:
# 63-69,71-136
name=unknown_A
#
# <colnr> <probs for GDERKNQSTAVLIFYWHMCP>
#	G	D	E	R	K	N	Q	S	T	A	V	L	I	F	Y	W	H	M	C	P
0	0.00017	0.00012	0.00016	0.00018	0.00020	0.00012	0.00015	0.00021	0.00022	0.00029	0.00051	0.01412	0.00056	0.23050	0.00421	6.2e-05	0.00496	0.74043	0.00275	9e-05
1	0.02636	0.00019	0.00025	0.00019	0.00027	0.00017	0.00016	0.07020	0.00032	0.90010	0.00040	0.00035	0.00025	0.00013	0.00011	3.3e-05	9.2e-05	0.00011	0.00013	0.00018
2	0.00025	0.00024	0.00033	0.03283	0.01682	0.00032	0.02637	0.10568	0.04196	0.00031	0.00017	0.00025	0.00015	0.00017	0.00030	4.4e-05	0.77352	9.6e-05	5.6e-05	0.00013
3	0.00026	0.00025	0.00041	0.00607	0.85996	0.00025	0.00031	0.01438	0.03577	0.00035	0.02826	0.00028	0.00020	0.00011	0.00012	3.3e-05	0.05267	9.9e-05	5.7e-05	0.00016
4	0.00026	0.00025	0.00043	0.02447	0.96290	0.00025	0.00032	0.00033	0.00024	0.00566	0.00376	0.00027	0.00017	9.6e-05	0.00011	3.2e-05	0.00013	9.5e-05	5.3e-05	0.00017
5	0.63772	0.00020	0.00019	0.00016	0.00023	0.00022	0.00013	0.03242	0.00438	0.32308	0.00024	0.00024	0.00017	0.00011	8.1e-05	3.3e-05	8.6e-05	7.5e-05	8.9e-05	0.00014
6	0.50653	0.00018	0.00204	0.00017	0.00023	0.00019	0.06231	0.00283	0.02954	0.10341	0.23781	0.02708	0.00038	0.00014	9.4e-05	3.4e-05	8.2e-05	0.02674	8.7e-05	0.00012
7	0.84308	0.00022	0.00018	0.00016	0.00022	0.00025	0.00013	0.14136	0.00326	0.00492	0.00535	0.00019	0.00013	0.00010	7.2e-05	3.3e-05	8.7e-05	6.4e-05	7.2e-05	0.00013
8	0.03298	0.00029	0.00031	0.00542	0.00033	0.00276	0.00020	0.93247	0.01841	0.00066	0.00496	0.00026	0.00019	0.00013	0.00011	3.2e-05	0.00012	9.6e-05	0.00011	0.00018
9	0.00034	0.00026	0.00028	0.00023	0.00030	0.00029	0.00018	0.45191	0.48679	0.04402	0.01103	0.00034	0.00327	0.00014	0.00011	3.4e-05	9.9e-05	0.00011	0.00011	0.00017
10	0.00231	0.00200	0.00659	0.47861	0.33763	0.00799	0.04046	0.07537	0.00604	0.03292	0.00021	0.00028	0.00016	0.00011	0.00011	3.4e-05	0.00673	9.6e-05	0.00222	0.00014
11	0.00040	0.00051	0.00030	0.00027	0.00033	0.99582	0.00021	0.00043	0.00030	0.00026	0.00016	0.00019	0.00014	0.00011	9.6e-05	2.7e-05	0.00019	6.9e-05	5.5e-05	0.00012
12	0.91338	0.00021	0.00016	0.00015	0.00021	0.03715	0.00012	0.00717	0.00641	0.00047	0.02820	0.00566	0.00015	0.00010	7e-05	3.3e-05	8.6e-05	6.4e-05	6.8e-05	0.00012
13	0.00020	0.00019	0.00032	0.96793	0.00072	0.00024	0.00029	0.00027	0.00021	0.00027	0.00019	0.00028	0.00014	0.00011	0.00011	3.6e-05	0.02821	9.5e-05	4.7e-05	0.00012
14	0.00029	0.85940	0.08379	0.00020	0.00029	0.05400	0.00020	0.00033	0.00022	0.00026	0.00015	0.00018	0.00014	9.3e-05	7.3e-05	2.4e-05	0.00012	6e-05	4.6e-05	0.00014
15	0.00040	0.00030	0.00032	0.00025	0.00033	0.02838	0.00020	0.96007	0.00762	0.00066	0.00025	0.00026	0.00018	0.00013	0.00011	3.2e-05	0.00012	9.5e-05	0.00011	0.00018
16	0.00143	0.00562	0.28195	0.03039	0.03428	0.22332	0.08412	0.00242	0.00160	0.22137	0.00547	0.00500	0.03279	0.00140	0.00012	3.3e-05	0.06656	9.5e-05	7e-05	0.00198
17	0.23846	0.00023	0.00025	0.00020	0.00028	0.00024	0.00016	0.38697	0.00034	0.23306	0.00026	0.00026	0.00018	0.00012	9.3e-05	3e-05	9.8e-05	8.5e-05	9.7e-05	0.13860
18	0.00026	0.00025	0.00044	0.16165	0.61450	0.01096	0.17335	0.00655	0.00024	0.02838	0.00021	0.00027	0.00017	9.8e-05	0.00011	3.3e-05	0.00221	0.00010	5.5e-05	0.00016
19	0.00020	0.00018	0.00030	0.84745	0.00066	0.00659	0.00027	0.01563	0.00022	0.00028	0.00021	0.00033	0.00017	0.00614	0.08078	4.7e-05	0.00411	0.03625	5.1e-05	0.00012
20	0.00013	9.6e-05	0.00013	0.02824	0.00017	9.1e-05	0.00010	0.00015	0.00020	0.00027	0.00057	0.95939	0.00069	0.00033	0.00883	4.4e-05	6.6e-05	0.00030	9.7e-05	8.8e-05
21	0.99700	0.00021	0.00016	0.00014	0.00021	0.00024	0.00012	0.00031	0.00018	0.00048	0.00015	0.00017	0.00012	9.9e-05	6.6e-05	3.3e-05	8.3e-05	5.8e-05	6.6e-05	0.00012
22	0.00021	0.00013	0.00017	0.00015	0.00019	0.00012	0.00902	0.00761	0.04405	0.14637	0.73074	0.00833	0.04543	0.00020	0.00012	3.4e-05	6e-05	0.00018	0.00495	0.00194
23	0.00026	0.00025	0.00043	0.00065	0.99558	0.00025	0.00033	0.00033	0.00024	0.00035	0.00020	0.00026	0.00017	9.5e-05	0.00011	3.2e-05	0.00013	9.5e-05	5.3e-05	0.00017
24	0.00023	0.00019	0.01590	0.40504	0.19979	0.00020	0.00170	0.01755	0.00322	0.09874	0.06451	0.06441	0.09424	0.00015	0.00011	3.5e-05	0.00263	0.02093	0.01031	0.00013
25	0.05113	0.00014	0.00017	0.00016	0.00018	0.00346	0.00583	0.04890	0.00860	0.16242	0.00032	0.00051	0.00031	0.46909	0.20674	0.01418	0.02418	0.00013	7.6e-05	0.00348
26	0.64059	0.31156	0.00463	0.00016	0.00023	0.00361	0.00014	0.00282	0.00020	0.03189	0.00016	0.00018	0.00013	9.8e-05	6.9e-05	3e-05	0.00327	5.9e-05	6.2e-05	0.00012
27	0.94548	0.00629	0.00268	0.00015	0.00021	0.00775	0.00012	0.02891	0.00304	0.00242	0.00015	0.00018	0.00012	0.00010	6.8e-05	3.3e-05	0.00206	5.9e-05	6.7e-05	0.00012
28	0.00295	0.00037	0.33307	0.00039	0.00548	0.00461	0.61036	0.01842	0.01345	0.00437	0.00342	0.00027	0.00016	9.6e-05	0.00012	3.5e-05	0.00017	0.00205	5.3e-05	0.00015
29	0.00134	0.01208	0.02100	0.00954	0.07026	0.00599	0.02834	0.07619	0.09083	0.16857	0.12446	0.07667	0.03899	0.19636	0.02951	0.00146	0.03345	0.00922	9.1e-05	0.00565
30	0.00019	0.00012	0.00015	0.00014	0.00017	0.00011	0.00011	0.00024	0.01104	0.11083	0.74700	0.00529	0.09955	0.00021	0.00012	3.4e-05	5.6e-05	0.00018	0.02437	0.00011
31	0.00317	0.00337	0.00424	0.07765	0.17537	0.08178	0.00640	0.08369	0.17373	0.00287	0.04440	0.13941	0.15747	0.00018	0.00246	3.5e-05	0.02813	0.00116	8.4e-05	0.01439
32	0.07522	0.00019	0.00024	0.00019	0.00027	0.00307	0.00015	0.02707	0.03297	0.76771	0.00309	0.00034	0.00025	0.00013	0.00010	3.2e-05	9e-05	0.00010	0.00288	0.08591
33	0.99700	0.00021	0.00016	0.00014	0.00021	0.00024	0.00012	0.00031	0.00018	0.00048	0.00015	0.00017	0.00012	9.9e-05	6.6e-05	3.3e-05	8.3e-05	5.8e-05	6.6e-05	0.00012
34	0.02506	0.00191	0.10029	0.00027	0.00034	0.48464	0.03291	0.30689	0.02736	0.00827	0.00143	0.00023	0.00016	0.00012	0.00163	3.1e-05	0.00243	0.00327	0.00260	0.00015
35	0.00013	0.00011	0.00011	0.00011	0.00014	9.1e-05	8.2e-05	0.00016	0.00025	0.00029	0.04186	0.00102	0.95476	0.00027	0.00013	3.6e-05	5.4e-05	0.00022	0.0001	9.1e-05
36	0.00013	0.00010	0.00011	0.00012	0.00015	8.9e-05	8.8e-05	0.00015	0.00023	0.00028	0.00565	0.38262	0.60931	0.00029	0.00013	3.9e-05	5.7e-05	0.00026	9.9e-05	8.9e-05
37	0.00015	0.00011	0.00014	0.00014	0.00016	0.00011	0.00010	0.00020	0.00027	0.01321	0.65167	0.01393	0.11385	0.02307	0.17344	6e-05	9.4e-05	0.00354	0.00565	9.9e-05
38	0.00020	0.00019	0.00032	0.95906	0.01911	0.00024	0.00029	0.00028	0.01875	0.00028	0.00019	0.00029	0.00015	0.00011	0.00011	3.5e-05	0.00014	9.5e-05	4.9e-05	0.00012
39	0.00025	0.00029	0.00063	0.00045	0.00056	0.00027	0.99520	0.00034	0.00025	0.00034	0.00022	0.00029	0.00016	9e-05	0.00013	3.6e-05	0.00018	0.00013	5.4e-05	0.00014
40	0.00021	0.00019	0.00031	0.91316	0.00648	0.00984	0.00029	0.00028	0.02826	0.00897	0.00601	0.01494	0.00016	0.00011	0.00011	3.6e-05	0.00426	0.00255	0.00370	0.00012
41	0.99700	0.00021	0.00016	0.00014	0.00021	0.00024	0.00012	0.00031	0.00018	0.00048	0.00015	0.00017	0.00012	9.9e-05	6.6e-05	3.3e-05	8.3e-05	5.8e-05	6.6e-05	0.00012
42	0.00028	0.00024	0.00025	0.00022	0.00323	0.03704	0.00017	0.04273	0.90209	0.00045	0.00042	0.00039	0.00031	0.00431	0.00292	3.6e-05	9.1e-05	0.00223	0.00244	0.00017
43	0.00025	0.00025	0.02746	0.10936	0.54487	0.00369	0.05236	0.01685	0.05741	0.01619	0.02169	0.00416	0.00019	0.00012	0.00186	3.5e-05	0.14014	0.00010	5.8e-05	0.00295
44	0.00016	0.00012	0.00015	0.00015	0.03000	0.00012	0.00010	0.00018	0.01109	0.00026	0.06933	0.00576	0.32691	0.36476	0.03149	0.05075	0.07360	0.03491	7.9e-05	8.5e-05
45	0.00022	0.00021	0.00028	0.01487	0.01954	0.03662	0.00231	0.00025	0.00424	0.00202	0.02540	0.01104	0.01500	0.05639	0.13138	0.02024	0.65608	0.00212	0.00169	0.00011
46	0.00313	0.00019	0.00023	0.00170	0.00026	0.00235	0.00013	0.00196	0.00252	0.21329	0.00318	0.00270	0.00179	9.2e-05	8.6e-05	2e-05	8.2e-05	7.4e-05	7.8e-05	0.76615
47	0.98077	0.00797	0.00016	0.00014	0.00021	0.00024	0.00012	0.00032	0.00018	0.00893	0.00015	0.00017	0.00012	9.9e-05	6.6e-05	3.3e-05	8.3e-05	5.8e-05	6.6e-05	0.00012
48	0.00026	0.05162	0.18124	0.02021	0.10542	0.12865	0.03425	0.03383	0.08989	0.07010	0.13691	0.03623	0.01823	0.00831	0.01419	0.00199	0.02122	0.00365	0.00103	0.04276
49	0.12633	0.00292	0.00028	0.00026	0.00031	0.85397	0.00220	0.00225	0.00029	0.00029	0.00017	0.00468	0.00014	0.00011	9.4e-05	2.8e-05	0.00359	0.00191	5.7e-05	0.00012
50	0.00016	0.00011	0.00015	0.00014	0.00017	0.00011	0.00010	0.00022	0.03624	0.00794	0.91630	0.00079	0.01102	0.00022	0.00013	3.4e-05	5.3e-05	0.01875	0.00727	0.00010
51	0.83112	0.00500	0.00018	0.01468	0.04575	0.00023	0.00303	0.00527	0.00019	0.02050	0.00017	0.01028	0.00014	0.01463	0.04494	4e-05	9.6e-05	0.00357	6.7e-05	0.00012
52	0.00504	0.00015	0.00355	0.27136	0.04459	0.00016	0.04058	0.00024	0.01944	0.00744	0.03817	0.10422	0.17376	0.00229	0.00012	0.00121	9.9e-05	0.23553	0.05193	0.00011
53	0.94254	0.00021	0.00016	0.00014	0.00021	0.00024	0.00012	0.03385	0.00019	0.02134	0.00016	0.00018	0.00012	0.00010	6.8e-05	3.3e-05	8.4e-05	6e-05	6.9e-05	0.00012
54	0.23634	0.00235	0.00033	0.16103	0.47435	0.04166	0.00026	0.05126	0.01959	0.00376	0.00568	0.00025	0.00016	0.00010	9.7e-05	3.3e-05	0.00246	8.6e-05	6e-05	0.00015
55	0.00029	0.94970	0.00055	0.00019	0.00028	0.03694	0.00018	0.00033	0.01029	0.00025	0.00015	0.00017	0.00014	9.3e-05	7e-05	2.3e-05	0.00012	5.8e-05	4.7e-05	0.00014
56	0.00025	0.42643	0.00040	0.00216	0.00026	0.00755	0.00019	0.00027	0.00019	0.00025	0.00017	0.00024	0.00016	0.05050	0.06575	0.00813	0.42812	8.2e-05	0.00876	0.00012
57	0.00027	0.00023	0.00024	0.00022	0.00028	0.00027	0.00017	0.03949	0.95646	0.00046	0.00043	0.00039	0.00032	0.00014	0.00011	3.6e-05	8.6e-05	0.00012	0.00011	0.00017
58	0.00013	9.5e-05	0.00012	0.00014	0.00015	8.7e-05	9.6e-05	0.00015	0.00021	0.00027	0.00067	0.83969	0.15714	0.00032	0.00013	4.2e-05	6.1e-05	0.00029	9.9e-05	8.7e-05
59	0.00016	0.00011	0.00014	0.00014	0.00014	0.00012	8.6e-05	0.00017	0.00016	0.00022	0.00032	0.00063	0.00035	0.78983	0.13720	0.00011	0.06985	0.00015	6.2e-05	7.3e-05
60	0.00047	0.00019	0.00025	0.00019	0.00027	0.00016	0.00016	0.03966	0.00568	0.94310	0.00041	0.00036	0.00026	0.00013	0.00011	3.3e-05	9.2e-05	0.00392	0.00436	0.00018
61	0.00020	0.00016	0.00023	0.00930	0.26163	0.00016	0.00913	0.00454	0.10291	0.04249	0.03672	0.51539	0.00367	0.00023	0.00012	3.9e-05	8.5e-05	0.01279	8.9e-05	0.00012
62	0.00320	0.00797	0.01862	0.00935	0.05736	0.00393	0.02281	0.03190	0.08719	0.17728	0.35046	0.00279	0.20849	0.00019	0.00012	3.4e-05	7.5e-05	0.00320	0.01491	0.00013
63	0.00525	0.58586	0.15506	0.00021	0.00757	0.03777	0.00538	0.02894	0.03985	0.10134	0.00313	0.00022	0.00016	0.00010	8.5e-05	2.7e-05	0.01070	0.00133	0.00117	0.01583
64	0.99700	0.00021	0.00016	0.00014	0.00021	0.00024	0.00012	0.00031	0.00018	0.00048	0.00015	0.00017	0.00012	9.9e-05	6.6e-05	3.3e-05	8.3e-05	5.8e-05	6.6e-05	0.00012
65	0.00022	0.00135	0.00735	0.05442	0.17252	0.02969	0.01393	0.03521	0.08177	0.06261	0.32767	0.01496	0.09126	0.02071	0.04981	0.00404	0.02849	0.00236	0.00149	0.00013
66	0.00015	0.00011	0.00014	0.00013	0.00016	0.00010	0.00010	0.00020	0.00030	0.00042	0.95440	0.01213	0.03081	0.00022	0.00013	3.4e-05	5.1e-05	0.00020	0.00012	0.00010
67	0.01572	0.00431	0.11888	0.11347	0.42678	0.01263	0.05959	0.05034	0.05732	0.03986	0.05101	0.00751	0.00517	0.00337	0.01604	3.6e-05	0.01075	0.00273	0.00434	0.00015
68	0.00015	0.00010	0.00012	0.00012	0.00012	0.00011	7.1e-05	0.00016	0.00016	0.00021	0.00325	0.00067	0.00342	0.89170	0.09476	0.00446	0.00012	0.00015	6.4e-05	6.8e-05
69	0.10342	0.01427	0.46601	0.05188	0.05742	0.00408	0.04937	0.04422	0.06170	0.03882	0.01752	0.00880	0.00673	0.00436	0.00408	3.5e-05	0.06504	9.1e-05	0.00200	0.00015
70	0.00218	0.01320	0.03367	0.32804	0.17987	0.01726	0.02501	0.02160	0.14484	0.01287	0.11623	0.00147	0.02453	0.00230	0.01420	0.00206	0.03575	0.01429	7e-05	0.01055
71	0.08217	0.00110	0.00445	0.13055	0.48553	0.00472	0.00544	0.01747	0.01104	0.00835	0.04608	0.07602	0.02053	0.03924	0.03329	0.00472	0.01326	0.01332	0.00258	0.00014
72	0.45610	0.05275	0.00025	0.16821	0.11135	0.01968	0.00671	0.01658	0.02036	0.07031	0.00798	0.01926	0.01091	0.00923	0.00145	0.00182	0.00517	0.02169	6.8e-05	0.00013

[dist]
# distance from previous block
# <min> <max>
1	9

[block]
# block no. 1 follows, 3250 sequences, length 6
# corresponding to MSA columns:
# 146-151
name=unknown_B
#
# <colnr> <probs for GDERKNQSTAVLIFYWHMCP>
#	G	D	E	R	K	N	Q	S	T	A	V	L	I	F	Y	W	H	M	C	P
0	0.00020	0.00014	0.00017	0.00016	0.02397	0.00013	0.00012	0.03449	0.09809	0.06396	0.56347	0.00067	0.07997	0.03549	0.04465	4.2e-05	7.4e-05	0.00017	0.01899	0.03505
1	0.06302	0.01846	0.00947	0.06982	0.01189	0.08201	0.00908	0.43198	0.02860	0.05188	0.07855	0.04452	0.02106	0.00969	0.00012	0.00898	0.01850	0.00990	0.00939	0.02310
2	0.00018	0.00015	0.03043	0.02801	0.01879	0.03453	0.00012	0.02953	0.00028	0.01950	0.54597	0.00074	0.22947	0.03547	0.00014	3.6e-05	6.9e-05	0.00018	0.00010	0.02631
3	0.00019	0.02436	0.08702	0.02571	0.01655	0.01241	0.01270	0.01312	0.10976	0.01951	0.27665	0.09280	0.07175	0.02647	0.10942	5.2e-05	0.05482	0.01498	0.01082	0.02093
4	0.01699	0.01000	0.09635	0.01189	0.01999	0.01010	0.04690	0.05265	0.04505	0.15641	0.06975	0.02525	0.04541	0.03767	0.00012	3.1e-05	0.02795	0.01138	0.00944	0.30666
5	0.01269	0.01524	0.09939	0.01626	0.03815	0.01878	0.09079	0.06838	0.06839	0.19377	0.15919	0.05022	0.04527	0.01288	0.01471	0.00951	0.01227	0.01881	0.00850	0.04680

[dist]
# distance from previous block
# <min> <max>
0	131

# created by:
# /home/cegg/simao/soft/augustus-3.2.1/scripts/msa2prfl.pl ./align_prep/POG091H01MP.fa
