[name]
unknown

[dist]
# distance from previous block
# <min> <max>
0	163

[block]
# block no. 0 follows, 2797 sequences, length 33
# corresponding to MSA columns:
# 178-181,186-213,216
name=unknown_A
#
# <colnr> <probs for GDERKNQSTAVLIFYWHMCP>
#	G	D	E	R	K	N	Q	S	T	A	V	L	I	F	Y	W	H	M	C	P
0	0.03675	0.05102	0.03022	0.24621	0.16780	0.07227	0.01403	0.11363	0.02801	0.04886	0.00788	0.03169	0.01790	0.00324	0.05131	0.00175	0.04618	0.01275	0.00257	0.01594
1	0.00245	0.00221	0.00364	0.21272	0.10947	0.01226	0.01041	0.03259	0.02487	0.01600	0.01022	0.00840	0.01252	0.11214	0.30204	0.00578	0.11388	0.00820	7e-05	0.00013
2	0.00016	0.00012	0.00015	0.00422	0.00273	0.00011	0.00560	0.00524	0.00458	0.00267	0.06855	0.76440	0.04799	0.04876	0.03262	5.7e-05	0.00274	0.00494	0.00011	0.00423
3	0.00018	0.00012	0.00014	0.00014	0.00014	0.00012	7.8e-05	0.00018	0.00019	0.00025	0.01241	0.01380	0.05190	0.90581	0.01398	0.00012	0.00012	0.00019	7.8e-05	7.8e-05
4	0.00032	0.00027	0.00029	0.00025	0.00033	0.00031	0.00020	0.08027	0.90229	0.01326	0.00049	0.00045	0.00036	0.00017	0.00013	4.2e-05	0.00010	0.00014	0.00013	0.00020
5	0.00047	0.00034	0.00037	0.00028	0.00038	0.00038	0.00023	0.95099	0.00057	0.04427	0.00031	0.00030	0.00021	0.00015	0.00012	3.7e-05	0.00013	0.00011	0.00013	0.00021
6	0.00025	0.00064	0.99501	0.00035	0.00054	0.00029	0.00046	0.00039	0.00026	0.00039	0.00022	0.00026	0.00016	0.00012	0.00012	3.9e-05	0.00018	9.2e-05	5.2e-05	0.00018
7	0.00047	0.00034	0.00037	0.00028	0.00038	0.00038	0.00023	0.97798	0.00058	0.01727	0.00030	0.00030	0.00021	0.00015	0.00012	3.7e-05	0.00014	0.00011	0.00012	0.00021
8	0.00018	0.00013	0.00017	0.00016	0.00019	0.00012	0.00012	0.00024	0.00035	0.01576	0.97955	0.00092	0.00116	0.00025	0.00015	3.9e-05	5.9e-05	0.00022	0.00014	0.00012
9	0.02216	0.00030	0.00032	0.00026	0.00035	0.00034	0.00021	0.44136	0.51010	0.01641	0.00661	0.00039	0.00030	0.00016	0.00012	4e-05	0.00011	0.00013	0.00012	0.00020
10	0.00303	0.00551	0.94688	0.00501	0.00415	0.00029	0.00354	0.00322	0.00026	0.01065	0.00470	0.00028	0.00500	0.00012	0.00012	3.9e-05	0.00018	0.00400	5.5e-05	0.00298
11	0.97977	0.00024	0.00018	0.00016	0.00024	0.00028	0.00013	0.00037	0.00021	0.01728	0.00018	0.00020	0.00014	0.00012	7.7e-05	3.8e-05	9.6e-05	6.8e-05	7.8e-05	0.00014
12	0.00027	0.00027	0.00038	0.00033	0.00033	0.00038	0.00027	0.00030	0.00019	0.00030	0.00016	0.00027	0.00016	0.00022	0.00041	5.4e-05	0.99542	0.00011	5.4e-05	0.00014
13	0.00026	0.00022	0.00026	0.00019	0.00029	0.00017	0.00015	0.01202	0.00026	0.01076	0.00022	0.00026	0.00019	9.3e-05	9.2e-05	1.9e-05	9.2e-05	7.4e-05	7.5e-05	0.97431
14	0.00033	0.99572	0.00065	0.00021	0.00032	0.00049	0.00021	0.00037	0.00025	0.00029	0.00017	0.00020	0.00016	0.00011	7.9e-05	2.6e-05	0.00013	6.6e-05	5.3e-05	0.00016
15	0.00031	0.00029	0.00050	0.00076	0.99487	0.00029	0.00038	0.00038	0.00028	0.00040	0.00023	0.00031	0.00020	0.00011	0.00012	3.7e-05	0.00015	0.00011	6.1e-05	0.00020
16	0.00017	0.00013	0.00015	0.00015	0.00019	0.00011	0.00012	0.00021	0.00030	0.00677	0.34708	0.07686	0.44041	0.00030	0.00015	4.3e-05	6.9e-05	0.12655	0.00012	0.00011
17	0.00044	0.00018	0.00023	0.00019	0.00026	0.00017	0.00015	0.03992	0.00033	0.60461	0.00045	0.00043	0.00031	0.00015	0.00011	3.5e-05	9e-05	0.00012	0.35166	0.00018
18	0.00033	0.99572	0.00065	0.00021	0.00032	0.00049	0.00021	0.00037	0.00025	0.00029	0.00017	0.00020	0.00016	0.00011	7.9e-05	2.6e-05	0.00013	6.6e-05	5.3e-05	0.00016
19	0.00031	0.00031	0.00065	0.04218	0.00321	0.00291	0.81915	0.00450	0.01302	0.08082	0.00028	0.00685	0.00021	0.01133	0.00534	4.3e-05	0.00268	0.00344	0.00261	0.00017
20	0.00015	0.00013	0.00013	0.00013	0.00017	0.00011	9.6e-05	0.00018	0.00029	0.00035	0.08516	0.00117	0.91091	0.00031	0.00015	4.2e-05	6.2e-05	0.00026	0.00012	0.00011
21	0.00047	0.00034	0.00037	0.00028	0.00038	0.00037	0.00023	0.94924	0.00057	0.04602	0.00031	0.00030	0.00022	0.00015	0.00012	3.7e-05	0.00013	0.00011	0.00013	0.00021
22	0.00033	0.99572	0.00065	0.00021	0.00032	0.00049	0.00021	0.00037	0.00025	0.00029	0.00017	0.00020	0.00016	0.00011	7.9e-05	2.6e-05	0.00013	6.6e-05	5.3e-05	0.00016
23	0.03073	0.00023	0.00557	0.00852	0.00033	0.00423	0.00019	0.10792	0.06677	0.76762	0.00630	0.00040	0.00030	0.00015	0.00012	3.8e-05	0.00011	0.00012	0.00014	0.00021
24	0.00016	0.00012	0.00014	0.00014	0.00018	0.00011	0.00010	0.00020	0.00030	0.00039	0.34291	0.07681	0.56834	0.00030	0.00015	4.2e-05	6.2e-05	0.00932	0.00012	0.00011
25	0.00015	0.00011	0.00014	0.00017	0.00018	0.00010	0.00011	0.00018	0.00024	0.00033	0.04732	0.90719	0.04256	0.00038	0.00016	4.9e-05	7.1e-05	0.00034	0.00012	0.00010
26	0.00033	0.99572	0.00065	0.00021	0.00032	0.00049	0.00021	0.00037	0.00025	0.00029	0.00017	0.00020	0.00016	0.00011	7.9e-05	2.6e-05	0.00013	6.6e-05	5.3e-05	0.00016
27	0.00676	0.05258	0.11066	0.00246	0.01000	0.03296	0.02400	0.01624	0.01212	0.66474	0.00582	0.00038	0.00027	0.00289	0.02396	4.2e-05	0.03028	0.00012	0.00355	0.00019
28	0.00017	0.00013	0.00014	0.00015	0.00018	0.00355	0.00011	0.00020	0.00026	0.01942	0.03296	0.17688	0.49007	0.10470	0.03588	5.8e-05	0.00582	0.08249	0.04672	0.00011
29	0.00015	0.00011	0.00014	0.00017	0.00018	0.00010	0.00012	0.00018	0.00024	0.00032	0.00720	0.82325	0.10299	0.02066	0.00738	5.2e-05	7.5e-05	0.03646	0.00011	0.00010
30	0.00769	0.00745	0.19698	0.07998	0.10698	0.00291	0.02537	0.04362	0.07588	0.42467	0.00455	0.00703	0.00719	0.00014	0.00290	3.9e-05	0.00013	0.00361	0.00267	0.00019
31	0.00777	0.04265	0.09424	0.03058	0.15510	0.01689	0.46490	0.00402	0.01788	0.03925	0.01089	0.00858	0.00306	0.03755	0.04435	0.00393	0.01555	0.00013	0.00252	0.00017
32	0.00033	0.93736	0.04844	0.00022	0.00033	0.00048	0.00022	0.01089	0.00026	0.00030	0.00018	0.00020	0.00016	0.00011	8.2e-05	2.7e-05	0.00013	6.8e-05	5.4e-05	0.00016

[dist]
# distance from previous block
# <min> <max>
2	20

[block]
# block no. 1 follows, 2797 sequences, length 22
# corresponding to MSA columns:
# 249-268,276,278
name=unknown_B
#
# <colnr> <probs for GDERKNQSTAVLIFYWHMCP>
#	G	D	E	R	K	N	Q	S	T	A	V	L	I	F	Y	W	H	M	C	P
0	0.04446	0.00026	0.00031	0.00024	0.00033	0.00025	0.00020	0.35326	0.00043	0.54448	0.02069	0.00565	0.00575	0.00554	0.00013	3.8e-05	0.00011	0.00731	0.01037	0.00020
1	0.00025	0.00024	0.00039	0.69848	0.11345	0.00878	0.00033	0.00824	0.00025	0.00033	0.00022	0.00033	0.00017	0.00014	0.00017	4.3e-05	0.15995	0.00805	5.7e-05	0.00014
2	0.00019	0.00013	0.00017	0.00016	0.00019	0.00013	0.00012	0.01783	0.02135	0.01326	0.85596	0.00751	0.00977	0.00024	0.00014	3.8e-05	6.1e-05	0.00021	0.07241	0.00012
3	0.00056	0.00021	0.00029	0.00022	0.00032	0.00018	0.00018	0.00060	0.00035	0.99496	0.00049	0.00042	0.00031	0.00015	0.00012	3.8e-05	0.00011	0.00012	0.00015	0.00021
4	0.00025	0.00013	0.00015	0.00014	0.00018	0.00012	0.00011	0.00031	0.00029	0.12218	0.21575	0.01256	0.06564	0.00018	0.00011	3.3e-05	6.4e-05	0.00015	0.58153	0.00013
5	0.00025	0.00064	0.99501	0.00035	0.00054	0.00029	0.00046	0.00039	0.00026	0.00039	0.00022	0.00026	0.00016	0.00012	0.00012	3.9e-05	0.00018	9.2e-05	5.2e-05	0.00018
6	0.00030	0.00025	0.00026	0.00024	0.00030	0.00028	0.00018	0.01288	0.82712	0.01610	0.10997	0.00052	0.00939	0.00018	0.00013	4.1e-05	9.3e-05	0.00015	0.02143	0.00019
7	0.00022	0.00015	0.00018	0.00019	0.00021	0.00015	0.00014	0.06812	0.05742	0.06578	0.08110	0.36314	0.02684	0.12824	0.06879	6.6e-05	0.00011	0.09684	0.04219	0.00012
8	0.00744	0.00515	0.00019	0.00017	0.00022	0.01317	0.00013	0.00660	0.07466	0.15299	0.63002	0.02514	0.03681	0.00023	0.00014	3.9e-05	7.2e-05	0.00020	0.04650	0.00014
9	0.01134	0.00030	0.00695	0.00033	0.15528	0.07174	0.00023	0.13009	0.51841	0.03838	0.00511	0.00040	0.00031	0.00018	0.03581	4.5e-05	0.00013	0.00452	0.02027	0.00019
10	0.00032	0.00029	0.01596	0.00492	0.01126	0.05328	0.00549	0.01639	0.85094	0.00683	0.02085	0.00045	0.00037	0.00017	0.00755	4.2e-05	0.00011	0.00014	0.00012	0.00453
11	0.87128	0.02763	0.00021	0.00018	0.00025	0.07257	0.00015	0.00980	0.00023	0.01655	0.00018	0.00021	0.00014	0.00012	8e-05	3.8e-05	0.00011	6.9e-05	7.7e-05	0.00014
12	0.00321	0.01662	0.00029	0.00025	0.00336	0.00431	0.17688	0.03295	0.04916	0.01759	0.05627	0.33749	0.04004	0.06127	0.04369	5.8e-05	0.00432	0.14853	0.00358	0.00013
13	0.00021	0.00013	0.00017	0.00016	0.00019	0.00012	0.00012	0.00027	0.00832	0.09310	0.66924	0.04138	0.08433	0.03822	0.00016	4.2e-05	6.7e-05	0.00726	0.05639	0.00012
14	0.00020	0.00016	0.00020	0.00020	0.00022	0.02450	0.00532	0.02126	0.00574	0.00899	0.24075	0.27129	0.09599	0.05906	0.00522	0.00612	0.14564	0.10346	0.00557	0.00011
15	0.00016	0.00012	0.00015	0.00015	0.00018	0.00011	0.00011	0.00021	0.00031	0.00042	0.53740	0.15663	0.27823	0.00029	0.00015	4.2e-05	6.2e-05	0.00997	0.01519	0.00011
16	0.14865	0.00020	0.00023	0.00020	0.00027	0.00020	0.00016	0.03586	0.09043	0.41452	0.04958	0.00848	0.02356	0.13268	0.00019	5.1e-05	0.00010	0.08465	0.00983	0.00016
17	0.99652	0.00024	0.00018	0.00016	0.00024	0.00028	0.00013	0.00036	0.00021	0.00056	0.00017	0.00020	0.00013	0.00011	7.7e-05	3.8e-05	9.6e-05	6.7e-05	7.7e-05	0.00013
18	0.00025	0.00063	0.95954	0.00036	0.00054	0.00029	0.03592	0.00039	0.00026	0.00039	0.00022	0.00026	0.00016	0.00012	0.00012	3.9e-05	0.00018	9.3e-05	5.3e-05	0.00018
19	0.00016	0.00013	0.00014	0.00014	0.00018	0.00011	0.00010	0.00020	0.00030	0.01166	0.32993	0.06261	0.57606	0.00804	0.00015	4.2e-05	6.3e-05	0.00976	0.00012	0.00011
20	0.00516	0.00496	0.00033	0.12326	0.08622	0.01360	0.00024	0.22061	0.51283	0.02122	0.00039	0.00039	0.00029	0.00016	0.00501	4.1e-05	0.00486	0.00013	0.00011	0.00019
21	0.01817	0.00028	0.00029	0.00025	0.00033	0.00032	0.00020	0.18134	0.76268	0.01207	0.00709	0.00044	0.00706	0.00016	0.00012	4.1e-05	0.00010	0.00013	0.00873	0.00020

[dist]
# distance from previous block
# <min> <max>
2	8

[block]
# block no. 2 follows, 2797 sequences, length 12
# corresponding to MSA columns:
# 305-307,312-316,319-322
name=unknown_C
#
# <colnr> <probs for GDERKNQSTAVLIFYWHMCP>
#	G	D	E	R	K	N	Q	S	T	A	V	L	I	F	Y	W	H	M	C	P
0	0.00024	0.00921	0.00809	0.01146	0.03989	0.09046	0.03895	0.01591	0.03034	0.00658	0.01875	0.02595	0.00853	0.04144	0.46257	0.11829	0.06743	0.00013	0.00568	0.00012
1	0.02303	0.00015	0.00018	0.00016	0.00021	0.00014	0.00013	0.02901	0.02084	0.10106	0.61050	0.03367	0.12463	0.00884	0.00014	4e-05	7e-05	0.00021	0.01718	0.02982
2	0.00034	0.70637	0.05717	0.02301	0.00035	0.14075	0.00023	0.01285	0.00027	0.00031	0.00018	0.00021	0.00016	0.00011	9.4e-05	2.9e-05	0.01834	7.2e-05	5.6e-05	0.03908
3	0.00017	0.00013	0.00016	0.00016	0.00019	0.00012	0.00956	0.00021	0.01112	0.01618	0.17121	0.08307	0.41532	0.06153	0.19575	7.8e-05	0.00012	0.03469	0.00011	0.00011
4	0.00029	0.00965	0.22299	0.05633	0.01152	0.05180	0.23700	0.01279	0.02595	0.06360	0.03520	0.00614	0.07069	0.00014	0.00013	3.6e-05	0.00622	0.00729	7.7e-05	0.18217
5	0.05634	0.10392	0.23445	0.03313	0.15768	0.05738	0.11151	0.08472	0.04168	0.06181	0.01308	0.01021	0.00668	0.00013	0.00576	3.9e-05	0.02112	0.00011	7.5e-05	0.00018
6	0.00017	0.00014	0.01013	0.00017	0.02094	0.00013	0.01017	0.00023	0.06467	0.01039	0.18038	0.16623	0.52536	0.00030	0.00015	4.3e-05	7.1e-05	0.01009	0.00012	0.00012
7	0.00034	0.00017	0.00022	0.00019	0.00025	0.00016	0.00015	0.00041	0.07098	0.40238	0.44772	0.01649	0.03912	0.00021	0.00014	3.9e-05	8.1e-05	0.00018	0.00014	0.02064
8	0.00024	0.00023	0.00038	0.90085	0.02832	0.00028	0.02946	0.00033	0.02126	0.00033	0.00023	0.00034	0.00017	0.00014	0.01694	4.4e-05	0.00017	0.00011	5.7e-05	0.00014
9	0.03017	0.23633	0.22681	0.04813	0.13125	0.10705	0.08760	0.05733	0.01447	0.03263	0.00026	0.00032	0.00021	0.00015	0.00013	0.00909	0.01111	0.00011	0.00667	0.00019
10	0.00026	0.00022	0.01228	0.04533	0.06984	0.00023	0.00899	0.00922	0.44043	0.02811	0.31975	0.00953	0.05490	0.00020	0.00013	4.1e-05	9.2e-05	0.00017	0.00012	0.00016
11	0.00017	0.00013	0.00014	0.00014	0.00018	0.00011	0.00011	0.00020	0.00030	0.02314	0.29217	0.13841	0.52587	0.00030	0.00015	4.2e-05	6.5e-05	0.01814	0.00012	0.00011

[dist]
# distance from previous block
# <min> <max>
0	1

[block]
# block no. 3 follows, 2797 sequences, length 7
# corresponding to MSA columns:
# 324-326,329-332
name=unknown_D
#
# <colnr> <probs for GDERKNQSTAVLIFYWHMCP>
#	G	D	E	R	K	N	Q	S	T	A	V	L	I	F	Y	W	H	M	C	P
0	0.00915	0.01021	0.04282	0.22287	0.30672	0.06749	0.02007	0.01816	0.03271	0.05240	0.04246	0.07883	0.03434	0.00017	0.00907	4.1e-05	0.00985	0.00905	0.03342	0.00016
1	0.06660	0.24418	0.29006	0.13621	0.09702	0.02721	0.02002	0.05879	0.01326	0.01943	0.00022	0.00027	0.00017	0.00013	0.01245	3.8e-05	0.01362	9.2e-05	6.3e-05	0.00017
2	0.00017	0.00014	0.00014	0.00014	0.00018	0.02058	0.00011	0.00021	0.02282	0.02165	0.05121	0.02228	0.83837	0.00030	0.00015	4.2e-05	6.9e-05	0.02121	0.00012	0.00011
3	0.90096	0.04775	0.00021	0.00017	0.00025	0.04827	0.00014	0.00037	0.00022	0.00053	0.00017	0.00020	0.00014	0.00012	7.8e-05	3.7e-05	0.00010	6.8e-05	7.5e-05	0.00014
4	0.00018	0.00013	0.00019	0.00019	0.00021	0.00015	0.00015	0.00022	0.00020	0.00028	0.00034	0.00051	0.00032	0.08700	0.90910	0.00019	0.00031	0.00014	6.7e-05	0.00011
5	0.01061	0.18936	0.01490	0.01284	0.06143	0.14232	0.00022	0.04769	0.36940	0.01124	0.07147	0.00041	0.02060	0.01069	0.00013	3.9e-05	0.02486	0.00012	0.01150	0.00017
6	0.06304	0.12634	0.01567	0.11707	0.08006	0.09731	0.01254	0.32255	0.01233	0.01379	0.00024	0.00028	0.00019	0.00014	0.00015	3.8e-05	0.12379	0.0001	0.01422	0.00017

[dist]
# distance from previous block
# <min> <max>
1	3

[block]
# block no. 4 follows, 2797 sequences, length 26
# corresponding to MSA columns:
# 342-350,352-364,367-370
name=unknown_E
#
# <colnr> <probs for GDERKNQSTAVLIFYWHMCP>
#	G	D	E	R	K	N	Q	S	T	A	V	L	I	F	Y	W	H	M	C	P
0	0.00661	0.01937	0.00024	0.01755	0.09388	0.03555	0.00380	0.01843	0.01139	0.01182	0.09430	0.11742	0.03437	0.03237	0.37429	0.00583	0.00347	0.11275	0.00373	0.00285
1	0.84255	0.00024	0.00021	0.04289	0.00740	0.00431	0.01837	0.00801	0.00022	0.00485	0.01240	0.00904	0.00018	0.00013	0.00679	4e-05	0.00386	0.03133	0.00703	0.00013
2	0.00018	0.00012	0.00014	0.00014	0.00015	0.00012	8.3e-05	0.00018	0.00020	0.00026	0.00050	0.04602	0.11055	0.79570	0.02856	0.00011	0.00012	0.01671	8.2e-05	8.1e-05
3	0.00398	0.74678	0.03160	0.00023	0.00033	0.05352	0.00022	0.07296	0.02109	0.01920	0.00021	0.01048	0.00018	0.00013	0.00887	3.1e-05	0.01826	0.00435	0.00741	0.00016
4	0.31930	0.00402	0.00024	0.00020	0.00027	0.00417	0.00016	0.04178	0.00029	0.40318	0.01732	0.00036	0.00026	0.00888	0.12470	0.02078	0.00660	0.00011	0.03201	0.01539
5	0.00443	0.28914	0.12273	0.10128	0.07198	0.18525	0.04294	0.04298	0.02016	0.08630	0.00468	0.00368	0.00019	0.00013	0.00373	3.5e-05	0.01736	0.00277	7e-05	0.00017
6	0.04579	0.01529	0.02240	0.00746	0.01991	0.04464	0.00723	0.39335	0.36659	0.00460	0.00036	0.00421	0.00028	0.03095	0.02354	4.5e-05	0.00536	0.00012	0.00767	0.00019
7	0.00384	0.00014	0.00014	0.00014	0.00017	0.01711	0.00011	0.02033	0.00554	0.04683	0.08176	0.01394	0.01854	0.01376	0.00011	3.4e-05	6.9e-05	0.04750	0.72982	0.00012
8	0.38274	0.00356	0.01691	0.00522	0.04887	0.02129	0.00355	0.04868	0.01414	0.35177	0.03026	0.00815	0.00026	0.01236	0.00012	4e-05	0.02477	0.02070	0.00644	0.00017
9	0.00017	0.00013	0.00016	0.00015	0.00018	0.00012	0.00011	0.00022	0.00033	0.00046	0.78250	0.01455	0.17486	0.00835	0.01714	4.3e-05	6.5e-05	0.00023	0.00013	0.00011
10	0.01544	0.01232	0.00913	0.00021	0.00882	0.04708	0.01709	0.09439	0.01825	0.01514	0.05865	0.41506	0.14780	0.02546	0.01231	4.9e-05	0.02999	0.07258	0.00011	0.00012
11	0.00031	0.00480	0.00614	0.00338	0.00029	0.17567	0.00475	0.18920	0.13154	0.01896	0.29754	0.05839	0.06486	0.00020	0.00013	3.8e-05	0.00011	0.00352	0.01245	0.02773
12	0.03546	0.01002	0.00030	0.02039	0.02197	0.06755	0.00425	0.28650	0.03650	0.33078	0.03298	0.03835	0.03374	0.00456	0.01683	4.2e-05	0.02246	0.02733	0.00979	0.00018
13	0.00015	0.00012	0.00014	0.00014	0.00018	0.00011	0.00011	0.00019	0.00027	0.00034	0.05269	0.17880	0.65540	0.00755	0.08165	5.7e-05	8.8e-05	0.02180	0.00011	0.00010
14	0.29490	0.27380	0.01817	0.00026	0.02705	0.06102	0.05860	0.02102	0.02763	0.00410	0.05154	0.00028	0.00965	0.00014	0.00014	3.7e-05	0.14788	0.00357	7.1e-05	0.00015
15	0.03076	0.00657	0.44741	0.04325	0.24484	0.01190	0.06562	0.03581	0.01241	0.07504	0.00536	0.01077	0.00020	0.00012	0.00012	3.9e-05	0.00537	0.00011	6.8e-05	0.00425
16	0.00029	0.00033	0.00073	0.00052	0.00065	0.00031	0.99442	0.00040	0.00029	0.00040	0.00025	0.00033	0.00019	0.00010	0.00015	4.2e-05	0.00021	0.00015	6.3e-05	0.00017
17	0.00047	0.00034	0.00037	0.00028	0.00038	0.00038	0.00023	0.97404	0.00058	0.02121	0.00030	0.00030	0.00021	0.00015	0.00012	3.7e-05	0.00014	0.00011	0.00012	0.00021
18	0.03049	0.01575	0.00907	0.01502	0.01821	0.01961	0.02204	0.07210	0.00822	0.09890	0.01666	0.02621	0.00024	0.00012	0.00011	2.6e-05	0.00811	0.01159	0.00334	0.62419
19	0.00032	0.84850	0.12402	0.00023	0.00035	0.01405	0.00024	0.00037	0.00025	0.00030	0.00018	0.00021	0.00016	0.00011	8.8e-05	2.8e-05	0.01030	7e-05	5.3e-05	0.00016
20	0.00015	0.00012	0.00013	0.00013	0.00017	0.00010	9.5e-05	0.00018	0.00028	0.00033	0.00123	0.03987	0.95617	0.00032	0.00015	4.2e-05	6.3e-05	0.00026	0.00012	0.00010
21	0.02489	0.00424	0.00420	0.00691	0.00676	0.15819	0.00858	0.06206	0.00508	0.65342	0.00501	0.03446	0.00308	0.00964	0.00706	4e-05	0.00593	0.00012	0.00013	0.00019
22	0.03031	0.03245	0.01946	0.04813	0.02733	0.00629	0.55056	0.00796	0.00365	0.03080	0.00930	0.09853	0.01925	0.00018	0.02821	4.7e-05	0.00550	0.08183	7.7e-05	0.00015
23	0.93412	0.00024	0.00019	0.00017	0.00024	0.00028	0.00014	0.01908	0.00866	0.02357	0.00019	0.00021	0.00014	0.00012	7.9e-05	3.8e-05	9.6e-05	7e-05	0.01224	0.00014
24	0.00018	0.00013	0.00016	0.00016	0.00019	0.00012	0.00012	0.00024	0.02578	0.00048	0.85738	0.02423	0.08987	0.00026	0.00015	4e-05	6e-05	0.00023	0.00013	0.00012
25	0.00415	0.53520	0.04292	0.02266	0.01223	0.17690	0.01711	0.06155	0.04795	0.01335	0.00970	0.00629	0.01796	0.02188	0.00527	3.4e-05	0.00452	8.9e-05	6.7e-05	0.00016

[dist]
# distance from previous block
# <min> <max>
1	29

[block]
# block no. 5 follows, 2797 sequences, length 40
# corresponding to MSA columns:
# 406-418,420-446
name=unknown_F
#
# <colnr> <probs for GDERKNQSTAVLIFYWHMCP>
#	G	D	E	R	K	N	Q	S	T	A	V	L	I	F	Y	W	H	M	C	P
0	0.02476	0.00276	0.00591	0.00731	0.00297	0.00632	0.47192	0.00320	0.02789	0.00841	0.04378	0.06557	0.30431	0.00803	0.00734	4.4e-05	0.00014	0.00912	8.9e-05	0.00014
1	0.98393	0.00024	0.00018	0.00016	0.00024	0.00028	0.00013	0.00037	0.00021	0.01313	0.00018	0.00020	0.00014	0.00012	7.7e-05	3.8e-05	9.6e-05	6.8e-05	7.8e-05	0.00014
2	0.01424	0.00021	0.00029	0.00022	0.00032	0.00019	0.00018	0.02117	0.00036	0.96072	0.00048	0.00042	0.00030	0.00015	0.00012	3.8e-05	0.00011	0.00012	0.00015	0.00021
3	0.99652	0.00024	0.00018	0.00016	0.00024	0.00028	0.00013	0.00036	0.00021	0.00056	0.00017	0.00020	0.00013	0.00011	7.7e-05	3.8e-05	9.6e-05	6.7e-05	7.7e-05	0.00013
4	0.00033	0.99572	0.00065	0.00021	0.00032	0.00049	0.00021	0.00037	0.00025	0.00029	0.00017	0.00020	0.00016	0.00011	7.9e-05	2.6e-05	0.00013	6.6e-05	5.3e-05	0.00016
5	0.00029	0.00033	0.00073	0.00052	0.00065	0.00031	0.99442	0.00040	0.00029	0.00040	0.00025	0.00033	0.00019	0.00010	0.00015	4.2e-05	0.00021	0.00015	6.3e-05	0.00017
6	0.97283	0.00024	0.00876	0.00016	0.00024	0.00028	0.00014	0.00036	0.00021	0.00055	0.00018	0.00021	0.00014	0.00012	7.7e-05	3.8e-05	9.6e-05	6.8e-05	0.01517	0.00013
7	0.00017	0.00013	0.00016	0.00018	0.00020	0.00012	0.00014	0.01350	0.00027	0.00034	0.01320	0.46238	0.20295	0.00475	0.00016	5.1e-05	8.4e-05	0.30100	0.00011	0.00011
8	0.00020	0.00014	0.00020	0.00022	0.00025	0.00014	0.00549	0.00026	0.00734	0.00038	0.06697	0.00135	0.03828	0.00033	0.00017	5.5e-05	0.00011	0.87789	0.00012	0.00011
9	0.00018	0.00012	0.00014	0.00014	0.00014	0.00012	7.8e-05	0.00018	0.00018	0.00025	0.00867	0.00081	0.01692	0.94637	0.02513	0.00012	0.00012	0.00018	7.6e-05	7.7e-05
10	0.99652	0.00024	0.00018	0.00016	0.00024	0.00028	0.00013	0.00036	0.00021	0.00056	0.00017	0.00020	0.00013	0.00011	7.7e-05	3.8e-05	9.6e-05	6.7e-05	7.7e-05	0.00013
11	0.00018	0.00013	0.00019	0.00019	0.00020	0.00015	0.00014	0.00021	0.00019	0.00028	0.00034	0.00056	0.00034	0.21891	0.77721	0.00018	0.00029	0.00014	6.8e-05	0.00010
12	0.00056	0.00021	0.00029	0.00022	0.00032	0.00018	0.00018	0.00060	0.00035	0.99496	0.00049	0.00042	0.00031	0.00015	0.00012	3.8e-05	0.00011	0.00012	0.00015	0.00021
13	0.00028	0.01670	0.00023	0.00020	0.00025	0.01690	0.00015	0.10339	0.39716	0.00487	0.06311	0.00052	0.06788	0.00751	0.00012	3.7e-05	8.7e-05	0.00014	0.32032	0.00016
14	0.00386	0.24803	0.00375	0.04420	0.08833	0.54146	0.00480	0.01493	0.02980	0.01173	0.00244	0.00025	0.00332	0.00012	0.00011	3.2e-05	0.00253	8.4e-05	6.5e-05	0.00016
15	0.00026	0.05853	0.91304	0.00034	0.00052	0.00030	0.00912	0.00039	0.00026	0.01582	0.00022	0.00026	0.00016	0.00012	0.00012	3.8e-05	0.00018	9.1e-05	5.4e-05	0.00018
16	0.00638	0.00027	0.00028	0.00025	0.00032	0.00657	0.00020	0.02757	0.95000	0.00595	0.00049	0.00045	0.00037	0.00017	0.00013	4.2e-05	0.0001	0.00014	0.00013	0.00020
17	0.00269	0.20087	0.24100	0.00614	0.04826	0.00594	0.01968	0.03198	0.00294	0.03047	0.00680	0.00315	0.00279	0.00011	0.00010	2.8e-05	0.00013	8.5e-05	6.8e-05	0.39678
18	0.01255	0.02948	0.44187	0.00029	0.00041	0.11857	0.01362	0.07469	0.10814	0.01499	0.15863	0.00772	0.00618	0.00340	0.00012	3.8e-05	0.00015	0.00230	0.00482	0.00203
19	0.00658	0.00012	0.00016	0.00467	0.00019	0.00012	0.00013	0.00019	0.00022	0.00030	0.00054	0.58356	0.00062	0.10537	0.27787	9.9e-05	0.00940	0.00965	9.6e-05	0.00010
20	0.00020	0.00014	0.00019	0.00022	0.00025	0.00014	0.00019	0.00608	0.00028	0.00037	0.00067	0.07984	0.02809	0.00602	0.00017	5.6e-05	0.00011	0.87675	0.00011	0.00011
21	0.00026	0.00022	0.00026	0.00018	0.00029	0.00017	0.00015	0.01340	0.00026	0.00041	0.00022	0.00026	0.00018	9.2e-05	9.2e-05	1.9e-05	9.2e-05	7.4e-05	7.4e-05	0.98329
22	0.00027	0.00015	0.00872	0.00019	0.00023	0.00014	0.00015	0.01381	0.01142	0.25454	0.02330	0.54786	0.00460	0.01205	0.03626	5.3e-05	9.6e-05	0.08300	0.00012	0.00304
23	0.00600	0.00023	0.00027	0.00020	0.00030	0.00019	0.00016	0.07295	0.04872	0.15686	0.00028	0.00030	0.00021	0.00011	0.00010	2.4e-05	9.7e-05	8.8e-05	0.00460	0.70830
24	0.00016	0.00013	0.00014	0.00014	0.00017	0.00011	0.00010	0.00309	0.00543	0.01394	0.05104	0.15634	0.73554	0.01175	0.00015	4.4e-05	0.00694	0.00290	0.01178	0.00011
25	0.00034	0.09841	0.03574	0.00477	0.01015	0.01791	0.02749	0.19899	0.14417	0.12077	0.04055	0.01032	0.00729	0.01742	0.13318	0.03303	0.06115	0.03339	0.00478	0.00016
26	0.00017	0.00012	0.00016	0.00018	0.00019	0.00374	0.00013	0.00020	0.00644	0.00562	0.00658	0.57841	0.05918	0.04686	0.23930	0.00747	0.00014	0.04127	0.00375	0.00010
27	0.00053	0.00025	0.00031	0.00024	0.00034	0.00024	0.00020	0.29783	0.00042	0.69763	0.00043	0.00038	0.00028	0.00015	0.00012	3.8e-05	0.00011	0.00012	0.00014	0.00021
28	0.00028	0.00028	0.00040	0.00033	0.00034	0.02023	0.04798	0.01231	0.00020	0.00031	0.00017	0.00027	0.00016	0.00021	0.00038	5.3e-05	0.91578	0.00011	5.6e-05	0.00014
29	0.00622	0.01039	0.03308	0.48710	0.23464	0.00568	0.05948	0.01088	0.01031	0.03852	0.00336	0.05306	0.00022	0.00014	0.00261	4.1e-05	0.04098	0.00307	6.6e-05	0.00016
30	0.00015	0.00011	0.00014	0.00017	0.00018	0.00010	0.00011	0.00018	0.00024	0.00400	0.00983	0.83931	0.10822	0.00549	0.00016	5e-05	7.2e-05	0.02744	0.00393	0.00010
31	0.00491	0.00019	0.00023	0.00021	0.00026	0.00018	0.00017	0.12275	0.08169	0.24551	0.25373	0.11439	0.01635	0.00024	0.00014	4.3e-05	9.3e-05	0.15210	0.00666	0.00016
32	0.00509	0.00215	0.17091	0.37365	0.14683	0.00880	0.13346	0.00629	0.00686	0.01396	0.00206	0.02021	0.02433	0.02513	0.02390	0.00357	0.00883	0.02376	6.4e-05	0.00016
33	0.00727	0.00237	0.08862	0.55209	0.13533	0.01139	0.09132	0.00257	0.01785	0.01730	0.01729	0.00289	0.00323	0.00014	0.01242	4.3e-05	0.03124	0.00248	0.00399	0.00015
34	0.00021	0.00017	0.00030	0.00026	0.00625	0.00016	0.24046	0.00293	0.00892	0.04971	0.01309	0.63368	0.02465	0.00030	0.00015	4.7e-05	0.00928	0.00919	0.00010	0.00012
35	0.00588	0.00668	0.00531	0.00911	0.00906	0.00025	0.00020	0.18537	0.22051	0.55040	0.00045	0.00040	0.00030	0.00015	0.00013	3.9e-05	0.00531	0.00012	0.00014	0.00021
36	0.01314	0.08896	0.38852	0.03251	0.08989	0.01133	0.09774	0.02588	0.03361	0.10167	0.01054	0.01952	0.01249	0.00799	0.05069	0.00319	0.00787	0.00421	7.3e-05	0.00017
37	0.00024	0.00017	0.00022	0.00280	0.03113	0.00016	0.01666	0.00271	0.00375	0.04193	0.51196	0.27619	0.09191	0.00032	0.00017	5.2e-05	0.01021	0.00911	0.00014	0.00015
38	0.00024	0.00022	0.00037	0.97087	0.01175	0.00027	0.00034	0.00669	0.00025	0.00032	0.00023	0.00034	0.00735	0.00013	0.00012	4.1e-05	0.00016	0.00011	5.6e-05	0.00014
39	0.00030	0.01121	0.01786	0.12882	0.74011	0.02885	0.00726	0.00037	0.00027	0.00038	0.00542	0.00563	0.00020	0.00472	0.00014	3.8e-05	0.04567	0.00011	0.00246	0.00018

[dist]
# distance from previous block
# <min> <max>
3	14

[block]
# block no. 6 follows, 2797 sequences, length 16
# corresponding to MSA columns:
# 462-477
name=unknown_G
#
# <colnr> <probs for GDERKNQSTAVLIFYWHMCP>
#	G	D	E	R	K	N	Q	S	T	A	V	L	I	F	Y	W	H	M	C	P
0	0.02939	0.17184	0.01648	0.00476	0.08084	0.03163	0.00797	0.09617	0.05846	0.06408	0.00676	0.00534	0.00853	0.00012	0.00010	2.8e-05	0.00475	9.1e-05	8.2e-05	0.41257
1	0.02817	0.01213	0.01100	0.00019	0.00510	0.01064	0.00014	0.00735	0.00464	0.00028	0.00030	0.00650	0.00589	0.09882	0.45559	0.31381	0.02974	0.00506	0.00456	9.4e-05
2	0.00017	0.00012	0.00015	0.00017	0.00019	0.00011	0.00012	0.00923	0.00025	0.03683	0.00989	0.87581	0.03518	0.02173	0.00017	5.1e-05	7.5e-05	0.00955	0.00012	0.00011
3	0.03877	0.00022	0.00036	0.88040	0.00787	0.00027	0.01027	0.00031	0.00025	0.00033	0.00023	0.02650	0.00018	0.00014	0.00795	0.00981	0.00721	0.00012	0.00869	0.00014
4	0.00026	0.00022	0.00026	0.00019	0.00029	0.00017	0.00015	0.01638	0.00026	0.01978	0.00023	0.01793	0.00020	9.9e-05	9.4e-05	2e-05	9.2e-05	8e-05	7.6e-05	0.94322
5	0.00033	0.99572	0.00065	0.00021	0.00032	0.00049	0.00021	0.00037	0.00025	0.00029	0.00017	0.00020	0.00016	0.00011	7.9e-05	2.6e-05	0.00013	6.6e-05	5.3e-05	0.00016
6	0.48116	0.00023	0.00023	0.00019	0.00028	0.00835	0.00016	0.03652	0.00853	0.40994	0.00978	0.00035	0.00024	0.00014	0.00010	3.9e-05	0.00010	0.03541	0.00808	0.00017
7	0.00031	0.00029	0.00050	0.00076	0.99487	0.00029	0.00038	0.00038	0.00028	0.00040	0.00023	0.00031	0.00020	0.00011	0.00012	3.7e-05	0.00015	0.00011	6.1e-05	0.00020
8	0.01685	0.00029	0.00032	0.00026	0.00034	0.00032	0.00021	0.47803	0.35168	0.11264	0.02543	0.00039	0.00030	0.00016	0.00012	3.9e-05	0.00012	0.00013	0.01217	0.00020
9	0.00029	0.00035	0.05616	0.00050	0.00063	0.00031	0.91729	0.00039	0.00029	0.00039	0.00026	0.02206	0.00020	0.00011	0.00014	4.2e-05	0.00020	0.00015	6.3e-05	0.00017
10	0.00018	0.00013	0.00016	0.00016	0.00019	0.00012	0.00012	0.00023	0.00034	0.01685	0.88752	0.04206	0.05096	0.00026	0.00015	4e-05	6e-05	0.00023	0.00013	0.00012
11	0.00033	0.00027	0.00029	0.00025	0.00033	0.00031	0.00020	0.13411	0.80839	0.01784	0.01098	0.00044	0.00036	0.00016	0.00012	4.1e-05	0.00010	0.00014	0.01458	0.01076
12	0.00018	0.00013	0.00015	0.00015	0.00018	0.00012	0.00011	0.00819	0.00029	0.02883	0.42509	0.10429	0.20932	0.15556	0.00022	5.4e-05	7.4e-05	0.02946	0.03749	0.00011
13	0.03161	0.04089	0.45583	0.14992	0.03967	0.00027	0.07651	0.01425	0.00488	0.10730	0.04268	0.00802	0.01389	0.00014	0.00445	4e-05	0.00498	0.00011	0.00440	0.00017
14	0.00018	0.00013	0.00020	0.01399	0.00023	0.00016	0.00016	0.00022	0.00020	0.00029	0.00034	0.03215	0.00033	0.02515	0.91280	0.00019	0.01297	0.00014	6.8e-05	0.00011
15	0.01601	0.39643	0.28208	0.02134	0.02598	0.03625	0.01476	0.04500	0.04264	0.01207	0.06897	0.00650	0.01167	0.00458	0.00503	3.5e-05	0.00545	0.00495	6.9e-05	0.00017

[dist]
# distance from previous block
# <min> <max>
3	8

[block]
# block no. 7 follows, 2797 sequences, length 16
# corresponding to MSA columns:
# 492-501,503-505,510,511,513
name=unknown_H
#
# <colnr> <probs for GDERKNQSTAVLIFYWHMCP>
#	G	D	E	R	K	N	Q	S	T	A	V	L	I	F	Y	W	H	M	C	P
0	0.00499	0.00651	0.01927	0.01256	0.11833	0.00494	0.03464	0.02157	0.02966	0.04913	0.46217	0.06447	0.09169	0.01155	0.00613	4.1e-05	0.02383	0.00465	0.00660	0.02728
1	0.11873	0.00567	0.03617	0.51512	0.03366	0.00518	0.00609	0.09708	0.01116	0.08353	0.00723	0.00421	0.00020	0.00631	0.02386	0.00518	0.03206	0.00011	0.00832	0.00015
2	0.00017	0.00012	0.00015	0.00014	0.00018	0.00011	0.00011	0.00021	0.00030	0.02204	0.33923	0.15282	0.47024	0.00030	0.00015	4.2e-05	6.4e-05	0.00026	0.01327	0.00011
3	0.00853	0.71340	0.07316	0.00564	0.01396	0.01532	0.01366	0.04237	0.04054	0.02023	0.00858	0.00024	0.00018	0.00012	0.00010	3.1e-05	0.03865	0.00506	6.3e-05	0.00016
4	0.00039	0.01074	0.00685	0.00026	0.01740	0.05783	0.00021	0.05416	0.59327	0.23282	0.00047	0.00043	0.00034	0.00017	0.00882	4.3e-05	0.00650	0.00013	0.00897	0.00020
5	0.00018	0.00013	0.00016	0.00015	0.00019	0.00012	0.00012	0.00023	0.00033	0.02434	0.58699	0.02748	0.34546	0.00028	0.00015	4.2e-05	6.5e-05	0.01334	0.00013	0.00012
6	0.00017	0.00012	0.00016	0.00016	0.00018	0.00011	0.00012	0.00022	0.00033	0.00047	0.84720	0.12303	0.02670	0.00027	0.00015	4e-05	6e-05	0.00024	0.00013	0.00011
7	0.00016	0.00012	0.00015	0.00015	0.00018	0.00011	0.00011	0.00020	0.00029	0.00038	0.29618	0.25225	0.38352	0.01860	0.00016	4.5e-05	0.00953	0.02846	0.00929	0.00011
8	0.02627	0.00034	0.00036	0.00028	0.00038	0.00037	0.00023	0.92625	0.00056	0.04326	0.00030	0.00030	0.00021	0.00015	0.00012	3.7e-05	0.00013	0.00011	0.00012	0.00021
9	0.00035	0.00026	0.00028	0.00024	0.00032	0.00738	0.00721	0.06614	0.67592	0.15787	0.01159	0.00047	0.03726	0.00017	0.00013	4.1e-05	0.01357	0.00014	0.02048	0.00019
10	0.00029	0.00033	0.00072	0.00052	0.00064	0.00032	0.96226	0.00039	0.00029	0.00039	0.00025	0.00033	0.00019	0.00011	0.00015	4.2e-05	0.03240	0.00014	6.2e-05	0.00017
11	0.00027	0.00027	0.00038	0.00032	0.00033	0.00038	0.00027	0.00031	0.03974	0.00031	0.00018	0.00028	0.00017	0.00021	0.00040	5.4e-05	0.95584	0.00011	5.7e-05	0.00014
12	0.01571	0.40186	0.01675	0.02355	0.01149	0.05000	0.00692	0.13229	0.02868	0.21350	0.00466	0.00556	0.00568	0.00014	0.00547	3.5e-05	0.05482	9.7e-05	0.01818	0.00460
13	0.00484	0.12957	0.22692	0.00610	0.00788	0.00499	0.00926	0.01919	0.00507	0.13218	0.00025	0.00028	0.00019	0.00012	0.00485	0.00589	0.00456	8.6e-05	0.00483	0.43293
14	0.10021	0.35194	0.25733	0.00607	0.00945	0.05646	0.01106	0.04729	0.02929	0.02681	0.00749	0.00030	0.00479	0.06775	0.00370	0.00462	0.00698	0.00457	0.00373	0.00016
15	0.00622	0.02502	0.00018	0.02632	0.00483	0.00393	0.00740	0.00436	0.01154	0.03722	0.43767	0.02450	0.33905	0.01076	0.01840	0.00349	0.00358	0.02363	0.00419	0.00771

[dist]
# distance from previous block
# <min> <max>
4	21

[block]
# block no. 8 follows, 2797 sequences, length 15
# corresponding to MSA columns:
# 544-551,555-557,559,560,562,563
name=unknown_I
#
# <colnr> <probs for GDERKNQSTAVLIFYWHMCP>
#	G	D	E	R	K	N	Q	S	T	A	V	L	I	F	Y	W	H	M	C	P
0	0.00677	0.01261	0.11403	0.25430	0.21425	0.00539	0.08143	0.01386	0.05781	0.06477	0.02603	0.00627	0.02275	0.00688	0.01690	4.4e-05	0.07950	0.00395	0.00809	0.00435
1	0.01431	0.06743	0.36267	0.06393	0.13484	0.03860	0.05326	0.02257	0.02014	0.08495	0.01830	0.00646	0.00021	0.00013	0.00552	3.7e-05	0.01369	0.00424	0.00452	0.08421
2	0.02912	0.55633	0.02559	0.00760	0.00404	0.01007	0.02911	0.01459	0.00811	0.22503	0.00811	0.00939	0.00689	0.02508	0.02003	3.7e-05	0.00476	0.00565	0.00376	0.00672
3	0.00017	0.00013	0.00015	0.00016	0.00019	0.00011	0.00012	0.00021	0.01080	0.01340	0.35503	0.24217	0.30260	0.00031	0.00015	4.4e-05	6.8e-05	0.06415	0.00994	0.00011
4	0.00550	0.00422	0.02413	0.15029	0.16122	0.00019	0.02008	0.00616	0.01284	0.02113	0.03739	0.06465	0.29422	0.00477	0.00590	0.06333	0.01076	0.10903	0.00408	0.00013
5	0.00814	0.06521	0.55163	0.02750	0.08328	0.05555	0.03060	0.04069	0.04721	0.04171	0.00491	0.00511	0.00618	0.00013	0.00752	3.9e-05	0.01233	0.00389	0.00419	0.00420
6	0.00026	0.03240	0.23885	0.01599	0.10934	0.04418	0.05522	0.00749	0.02133	0.02134	0.01730	0.04195	0.11148	0.02360	0.05493	0.00430	0.18651	0.00827	0.00512	0.00015
7	0.00017	0.00012	0.00015	0.00015	0.00018	0.00011	0.00011	0.00022	0.00032	0.01181	0.58490	0.12581	0.24140	0.00028	0.00015	4.1e-05	6.2e-05	0.01140	0.02250	0.00011
8	0.00016	0.00013	0.00014	0.00014	0.00018	0.00011	0.00011	0.00020	0.00029	0.01292	0.21536	0.05526	0.62960	0.02813	0.00016	4.5e-05	6.7e-05	0.05677	0.00012	0.00011
9	0.01706	0.09760	0.10279	0.07249	0.32465	0.04012	0.04350	0.00951	0.02955	0.03919	0.00765	0.03374	0.00748	0.00653	0.02683	4e-05	0.00851	0.00797	7e-05	0.12473
10	0.00028	0.00547	0.06469	0.12655	0.08840	0.00734	0.01854	0.01718	0.03427	0.05781	0.01540	0.01275	0.00022	0.00014	0.01345	0.02518	0.03994	9.9e-05	0.00511	0.46720
11	0.00021	0.00016	0.03726	0.00017	0.00021	0.00695	0.00014	0.01537	0.05170	0.04389	0.70995	0.00960	0.09357	0.00024	0.00014	3.9e-05	7.1e-05	0.01370	0.01649	0.00013
12	0.00018	0.00014	0.00017	0.00740	0.06682	0.00013	0.00013	0.00022	0.02117	0.01905	0.11816	0.38126	0.27900	0.06832	0.00018	0.00698	7.9e-05	0.02416	0.00633	0.00011
13	0.01865	0.07953	0.07294	0.01467	0.05082	0.02446	0.01846	0.03430	0.01241	0.14304	0.00537	0.00594	0.00021	0.00011	0.00011	2.7e-05	0.00634	0.00607	8.3e-05	0.50646
14	0.02930	0.14476	0.12139	0.02944	0.12012	0.02201	0.06039	0.06482	0.02720	0.28381	0.00990	0.01467	0.00920	0.00014	0.00012	3.6e-05	0.00803	0.00509	0.00441	0.04518

[dist]
# distance from previous block
# <min> <max>
5	21

[block]
# block no. 9 follows, 2797 sequences, length 99
# corresponding to MSA columns:
# 590-600,603-627,630-642,644-659,670-680,682-685,687-703,708,709
name=unknown_J
#
# <colnr> <probs for GDERKNQSTAVLIFYWHMCP>
#	G	D	E	R	K	N	Q	S	T	A	V	L	I	F	Y	W	H	M	C	P
0	0.00109	0.00151	0.00293	0.00101	0.00114	0.00025	0.00017	0.00378	0.66746	0.01849	0.03321	0.02405	0.11760	0.01296	0.06369	5.3e-05	0.00245	0.02228	0.01460	0.01126
1	0.00126	0.00590	0.05145	0.24285	0.54339	0.02165	0.04296	0.00466	0.03563	0.00513	0.00850	0.00582	0.02561	0.00013	0.00013	3.9e-05	0.00331	0.00133	6.5e-05	0.00017
2	0.00018	0.00013	0.00118	0.00017	0.00019	0.00708	0.00396	0.00126	0.01278	0.00448	0.04334	0.09779	0.14241	0.28890	0.38774	0.00013	0.00226	0.00582	8.5e-05	0.00010
3	0.00018	0.00014	0.00019	0.00019	0.00019	0.00016	0.00013	0.00020	0.00021	0.00028	0.00293	0.33079	0.02450	0.33742	0.13893	0.00242	0.15826	0.00270	8.5e-05	9.9e-05
4	0.00016	0.00013	0.00014	0.00014	0.00017	0.00011	0.00010	0.00020	0.00221	0.00262	0.35043	0.01253	0.62678	0.00193	0.00015	4.1e-05	6.2e-05	0.00186	0.00012	0.00011
5	0.00046	0.00059	0.00035	0.00032	0.00038	0.99515	0.00024	0.00049	0.00035	0.00030	0.00019	0.00022	0.00016	0.00013	0.00011	3.2e-05	0.00022	8e-05	6.4e-05	0.00014
6	0.00027	0.00022	0.00026	0.00019	0.00030	0.00018	0.00015	0.02268	0.04313	0.00903	0.00024	0.00027	0.00019	9.7e-05	9.4e-05	2e-05	9.3e-05	7.8e-05	7.7e-05	0.92244
7	0.02310	0.00027	0.00028	0.00025	0.00032	0.00031	0.00020	0.05974	0.87984	0.03351	0.00048	0.00045	0.00036	0.00017	0.00012	4.2e-05	0.00010	0.00014	0.00013	0.00020
8	0.98888	0.00024	0.00018	0.00016	0.00024	0.00028	0.00013	0.00799	0.00021	0.00056	0.00017	0.00020	0.00013	0.00012	7.7e-05	3.8e-05	9.6e-05	6.7e-05	7.7e-05	0.00013
9	0.00027	0.00129	0.00327	0.60873	0.23068	0.02042	0.03036	0.03778	0.01025	0.01193	0.00652	0.01208	0.00657	0.00013	0.00012	4e-05	0.00016	0.00917	0.00130	0.00895
10	0.00018	0.00012	0.00014	0.00014	0.00014	0.00012	7.5e-05	0.00018	0.00018	0.00024	0.00039	0.00081	0.00045	0.98793	0.00063	0.00785	0.00012	0.00018	7.5e-05	7.5e-05
11	0.00018	0.00015	0.04247	0.00017	0.00020	0.00013	0.00013	0.00863	0.01639	0.00274	0.85649	0.00604	0.06532	0.00025	0.00014	3.9e-05	6.5e-05	0.00022	0.00013	0.00012
12	0.00016	0.00013	0.00015	0.00381	0.00548	0.00345	0.00351	0.00143	0.02978	0.00324	0.13205	0.10220	0.70646	0.00030	0.00015	4.2e-05	0.00450	0.00294	0.00012	0.00011
13	0.99652	0.00024	0.00018	0.00016	0.00024	0.00028	0.00013	0.00036	0.00021	0.00056	0.00017	0.00020	0.00013	0.00011	7.7e-05	3.8e-05	9.6e-05	6.7e-05	7.7e-05	0.00013
14	0.98965	0.00024	0.00018	0.00016	0.00024	0.00028	0.00013	0.00723	0.00021	0.00056	0.00017	0.00020	0.00013	0.00012	7.7e-05	3.8e-05	9.6e-05	6.7e-05	7.7e-05	0.00013
15	0.00026	0.00022	0.00026	0.00018	0.00029	0.00017	0.00015	0.00031	0.00026	0.00040	0.00022	0.00026	0.00018	9.2e-05	9.2e-05	1.8e-05	9.2e-05	7.3e-05	7.3e-05	0.99640
16	0.00450	0.00169	0.00511	0.00212	0.03943	0.00871	0.29873	0.00986	0.00216	0.05770	0.11836	0.02474	0.01524	0.00381	0.00217	4.7e-05	0.16298	0.24006	0.00246	0.00014
17	0.84739	0.00024	0.00020	0.00017	0.00025	0.00027	0.00014	0.02703	0.00024	0.11862	0.00022	0.00023	0.00434	0.00012	8.4e-05	3.8e-05	9.8e-05	7.6e-05	8.7e-05	0.00015
18	0.00033	0.99572	0.00065	0.00021	0.00032	0.00049	0.00021	0.00037	0.00025	0.00029	0.00017	0.00020	0.00016	0.00011	7.9e-05	2.6e-05	0.00013	6.6e-05	5.3e-05	0.00016
19	0.00039	0.00022	0.00025	0.00211	0.00028	0.00022	0.00017	0.16841	0.19323	0.32860	0.01022	0.00043	0.00422	0.00015	0.00011	3.6e-05	9.5e-05	0.00012	0.29055	0.00018
20	0.99652	0.00024	0.00018	0.00016	0.00024	0.00028	0.00013	0.00036	0.00021	0.00056	0.00017	0.00020	0.00013	0.00011	7.7e-05	3.8e-05	9.6e-05	6.7e-05	7.7e-05	0.00013
21	0.00015	0.00011	0.00014	0.00017	0.00018	0.00010	0.00012	0.00018	0.00024	0.00032	0.03346	0.93113	0.01381	0.01093	0.00016	5.1e-05	7.2e-05	0.00845	0.00012	0.00010
22	0.00031	0.00027	0.00028	0.00025	0.00032	0.00031	0.00020	0.00617	0.98914	0.00052	0.00050	0.00046	0.00038	0.00017	0.00013	4.2e-05	9.8e-05	0.00014	0.00013	0.00020
23	0.99652	0.00024	0.00018	0.00016	0.00024	0.00028	0.00013	0.00036	0.00021	0.00056	0.00017	0.00020	0.00013	0.00011	7.7e-05	3.8e-05	9.6e-05	6.7e-05	7.7e-05	0.00013
24	0.00023	0.00022	0.00037	0.99535	0.00085	0.00028	0.00034	0.00032	0.00025	0.00032	0.00022	0.00033	0.00017	0.00012	0.00012	4.1e-05	0.00017	0.00011	5.5e-05	0.00014
25	0.00031	0.00029	0.00050	0.00076	0.99487	0.00029	0.00038	0.00038	0.00028	0.00040	0.00023	0.00031	0.00020	0.00011	0.00012	3.7e-05	0.00015	0.00011	6.1e-05	0.00020
26	0.00015	0.00013	0.00013	0.00013	0.00017	0.00011	9.5e-05	0.00018	0.00671	0.00034	0.01574	0.00957	0.96552	0.00031	0.00015	4.2e-05	6.3e-05	0.00026	0.00012	0.00011
27	0.00015	0.00013	0.00013	0.00013	0.00017	0.00011	9.7e-05	0.00018	0.00028	0.00034	0.01687	0.01173	0.95121	0.00031	0.00015	4.2e-05	6.4e-05	0.01769	0.00012	0.00010
28	0.00018	0.00014	0.00018	0.00017	0.00020	0.00761	0.02771	0.00024	0.00035	0.00964	0.91950	0.00091	0.03221	0.00025	0.00015	3.9e-05	6.4e-05	0.00022	0.00013	0.00012
29	0.00033	0.99572	0.00065	0.00021	0.00032	0.00049	0.00021	0.00037	0.00025	0.00029	0.00017	0.00020	0.00016	0.00011	7.9e-05	2.6e-05	0.00013	6.6e-05	5.3e-05	0.00016
30	0.00031	0.00027	0.00028	0.00025	0.00032	0.00031	0.00020	0.03816	0.95714	0.00053	0.00050	0.00046	0.00037	0.00017	0.00013	4.2e-05	9.9e-05	0.00014	0.00013	0.00020
31	0.00018	0.00013	0.00020	0.00020	0.00022	0.00015	0.00015	0.00022	0.00020	0.00029	0.00033	0.00049	0.00031	0.00093	0.99516	0.00020	0.00033	0.00013	6.6e-05	0.00011
32	0.99652	0.00024	0.00018	0.00016	0.00024	0.00028	0.00013	0.00036	0.00021	0.00056	0.00017	0.00020	0.00013	0.00011	7.7e-05	3.8e-05	9.6e-05	6.7e-05	7.7e-05	0.00013
33	0.98526	0.00024	0.00018	0.00016	0.00024	0.00028	0.00014	0.00487	0.00694	0.00056	0.00018	0.00020	0.00014	0.00012	7.7e-05	3.8e-05	9.6e-05	6.8e-05	7.7e-05	0.00013
34	0.00027	0.00018	0.00025	0.03118	0.07394	0.00018	0.01119	0.04535	0.01425	0.15549	0.02203	0.00436	0.01506	0.05503	0.23476	0.03531	0.00861	0.29232	9.9e-05	0.00014
35	0.23928	0.00022	0.00026	0.00020	0.00029	0.00022	0.00017	0.09565	0.00034	0.57505	0.01608	0.00038	0.01292	0.00287	0.00011	3.8e-05	0.00010	0.00011	0.05553	0.00018
36	0.00555	0.00024	0.00035	0.62758	0.02633	0.01996	0.00029	0.03749	0.00027	0.09075	0.00025	0.00181	0.00018	0.00013	0.00014	3.9e-05	0.06562	0.00011	0.00796	0.11495
37	0.00027	0.00027	0.00038	0.00032	0.00032	0.00038	0.00027	0.00439	0.00019	0.00251	0.00255	0.00028	0.00374	0.00665	0.00040	5.4e-05	0.97671	0.00011	5.5e-05	0.00014
38	0.99652	0.00024	0.00018	0.00016	0.00024	0.00028	0.00013	0.00036	0.00021	0.00056	0.00017	0.00020	0.00013	0.00011	7.7e-05	3.8e-05	9.6e-05	6.7e-05	7.7e-05	0.00013
39	0.99652	0.00024	0.00018	0.00016	0.00024	0.00028	0.00013	0.00036	0.00021	0.00056	0.00017	0.00020	0.00013	0.00011	7.7e-05	3.8e-05	9.6e-05	6.7e-05	7.7e-05	0.00013
40	0.99652	0.00024	0.00018	0.00016	0.00024	0.00028	0.00013	0.00036	0.00021	0.00056	0.00017	0.00020	0.00013	0.00011	7.7e-05	3.8e-05	9.6e-05	6.7e-05	7.7e-05	0.00013
41	0.00054	0.00021	0.00028	0.00022	0.00031	0.00019	0.00018	0.03730	0.00036	0.92014	0.00048	0.00042	0.00030	0.00015	0.00012	3.8e-05	0.00010	0.00012	0.03832	0.00021
