[name]
unknown

[dist]
# distance from previous block
# <min> <max>
0	354

[block]
# block no. 0 follows, 2926 sequences, length 15
# corresponding to MSA columns:
# 880-893,895
name=unknown_A
#
# <colnr> <probs for GDERKNQSTAVLIFYWHMCP>
#	G	D	E	R	K	N	Q	S	T	A	V	L	I	F	Y	W	H	M	C	P
0	0.00454	0.00599	0.01907	0.00612	0.01047	0.03113	0.00709	0.01536	0.02094	0.00479	0.00874	0.50837	0.09389	0.01880	0.00553	4.9e-05	9e-05	0.23312	0.00010	0.00580
1	0.02058	0.16639	0.13495	0.00712	0.02099	0.02726	0.01097	0.12714	0.02089	0.14644	0.00488	0.05485	0.00945	0.00013	0.00011	3.1e-05	0.00468	0.00010	8.5e-05	0.24295
2	0.02432	0.05006	0.02915	0.01090	0.53882	0.02926	0.00743	0.07726	0.14720	0.02701	0.00028	0.00691	0.00894	0.00012	0.00011	3.5e-05	0.00013	0.00011	7.6e-05	0.04188
3	0.02201	0.00028	0.01164	0.09244	0.19416	0.07241	0.05456	0.13963	0.26148	0.05224	0.02962	0.00871	0.00864	0.00956	0.00564	3.8e-05	0.00811	0.00012	9.1e-05	0.02861
4	0.00018	0.00013	0.00018	0.00018	0.01196	0.00014	0.00013	0.01482	0.00020	0.01332	0.01338	0.00741	0.01678	0.18096	0.66822	0.06453	0.00025	0.00014	0.00699	0.0001
5	0.00034	0.36905	0.14367	0.00813	0.01457	0.24541	0.05609	0.05473	0.00797	0.03154	0.00615	0.00638	0.00448	0.02624	0.01189	3.5e-05	0.00437	0.00464	0.00419	0.00015
6	0.00028	0.00022	0.00026	0.00019	0.00029	0.00018	0.00690	0.06599	0.03356	0.06831	0.01486	0.00029	0.00021	0.01546	0.00852	2.6e-05	0.04008	8.4e-05	0.00695	0.73734
7	0.03193	0.01794	0.03151	0.02615	0.17490	0.03796	0.12277	0.11271	0.04334	0.26310	0.01112	0.01704	0.00739	0.01673	0.00580	0.00818	0.04077	0.00979	0.00360	0.01726
8	0.02454	0.17398	0.29314	0.01008	0.02920	0.02527	0.03985	0.15538	0.03392	0.15846	0.00863	0.01701	0.01134	0.00013	0.00011	3.5e-05	0.00884	0.00010	8.3e-05	0.00987
9	0.00020	0.00654	0.00725	0.00440	0.01208	0.00433	0.00012	0.01241	0.07130	0.06962	0.32566	0.03995	0.30993	0.06807	0.00766	0.02618	0.01432	0.01566	0.00420	0.00012
10	0.00024	0.02361	0.94977	0.00034	0.00051	0.00028	0.02289	0.00037	0.00025	0.00037	0.00021	0.00025	0.00015	0.00011	0.00011	3.7e-05	0.00017	8.8e-05	5e-05	0.00017
11	0.03606	0.06020	0.09741	0.03601	0.12588	0.05397	0.16835	0.08255	0.05805	0.16838	0.00549	0.00466	0.00022	0.00013	0.00729	3.6e-05	0.00500	0.01496	0.00439	0.07096
12	0.09754	0.03450	0.02393	0.23692	0.34623	0.01562	0.02770	0.04761	0.01283	0.04512	0.00946	0.02850	0.01209	0.01480	0.00708	3.9e-05	0.01353	0.00011	0.00386	0.02255
13	0.00019	0.00013	0.00017	0.07400	0.01743	0.00655	0.00527	0.00645	0.00564	0.00028	0.02187	0.19069	0.20161	0.01696	0.01541	0.38834	0.02015	0.01478	0.01398	8.7e-05
14	0.03041	0.00445	0.00703	0.01325	0.00947	0.00617	0.05458	0.02449	0.00526	0.05553	0.00033	0.00949	0.01655	0.00762	0.73839	0.01205	0.00461	0.00013	7e-05	0.00012

[dist]
# distance from previous block
# <min> <max>
1	2

[block]
# block no. 1 follows, 2926 sequences, length 9
# corresponding to MSA columns:
# 898-901,903-907
name=unknown_B
#
# <colnr> <probs for GDERKNQSTAVLIFYWHMCP>
#	G	D	E	R	K	N	Q	S	T	A	V	L	I	F	Y	W	H	M	C	P
0	0.02027	0.01003	0.13263	0.04652	0.10162	0.03733	0.02832	0.01828	0.05019	0.06163	0.04820	0.03917	0.07884	0.07376	0.11021	0.02966	0.07071	0.01277	0.02972	0.00014
1	0.00022	0.00012	0.00017	0.01985	0.00018	0.02418	0.00011	0.01993	0.00017	0.00023	0.00022	0.00036	0.00021	0.00039	0.02798	0.86265	0.00011	0.00010	0.04275	6.2e-05
2	0.00024	0.05644	0.53794	0.00831	0.04376	0.01566	0.02212	0.04065	0.00818	0.01041	0.04621	0.11294	0.02205	0.00806	0.00804	4e-05	0.00687	0.04243	0.00950	0.00016
3	0.03423	0.14508	0.26590	0.03743	0.14748	0.06985	0.05243	0.06585	0.01837	0.08481	0.00860	0.01011	0.01006	0.00013	0.00012	3.6e-05	0.04070	0.00857	7e-05	0.00017
4	0.04615	0.02142	0.06892	0.17665	0.09446	0.16379	0.07719	0.12348	0.01136	0.08933	0.00026	0.01461	0.00793	0.00014	0.00864	3.9e-05	0.06336	0.02361	0.00848	0.00016
5	0.54202	0.06242	0.04041	0.01934	0.11047	0.06708	0.04319	0.02279	0.00895	0.01206	0.00020	0.01035	0.00016	0.02833	0.00011	3.8e-05	0.01397	8.3e-05	7e-05	0.01796
6	0.00759	0.02762	0.00654	0.01295	0.00805	0.00666	0.02614	0.02081	0.02482	0.12638	0.08076	0.08079	0.05083	0.07700	0.36895	0.00657	0.01308	0.02380	0.03053	0.00012
7	0.02220	0.00013	0.00015	0.00014	0.00015	0.00013	8.9e-05	0.02734	0.00019	0.05146	0.00036	0.00071	0.00040	0.84112	0.03595	0.00011	0.01902	0.00016	7.6e-05	8.6e-05
8	0.00940	0.01128	0.09038	0.11986	0.25647	0.01244	0.05604	0.04570	0.07866	0.14470	0.03098	0.00680	0.01345	0.00652	0.00606	4e-05	0.09132	0.00619	0.00714	0.00654

[dist]
# distance from previous block
# <min> <max>
5	37

[block]
# block no. 2 follows, 2926 sequences, length 62
# corresponding to MSA columns:
# 952-1013
name=unknown_C
#
# <colnr> <probs for GDERKNQSTAVLIFYWHMCP>
#	G	D	E	R	K	N	Q	S	T	A	V	L	I	F	Y	W	H	M	C	P
0	0.01871	0.06489	0.33896	0.01569	0.23568	0.01813	0.03938	0.01019	0.02879	0.01815	0.00844	0.00647	0.00323	0.00011	0.00011	3.3e-05	0.02164	0.00136	6.2e-05	0.16996
1	0.01476	0.02081	0.00134	0.02482	0.03484	0.03031	0.00117	0.17350	0.04970	0.08270	0.00670	0.00133	0.00202	0.01124	0.00408	2.8e-05	0.00477	0.00122	0.00126	0.53340
2	0.00017	0.00012	0.00016	0.00016	0.00017	0.00013	0.00011	0.00019	0.00018	0.00025	0.00034	0.00062	0.00036	0.49815	0.48714	0.00660	0.00021	0.00015	0.00469	8.8e-05
3	0.00034	0.00024	0.00026	0.00021	0.00028	0.00026	0.00017	0.36973	0.29383	0.03571	0.03197	0.00040	0.00429	0.00015	0.00011	3.5e-05	9.6e-05	0.00289	0.25885	0.00017
4	0.00015	0.00012	0.00013	0.00013	0.00016	0.00010	9.5e-05	0.00018	0.01062	0.00034	0.09254	0.03753	0.84216	0.00030	0.00014	4e-05	6.1e-05	0.01499	0.00011	0.00010
5	0.00019	0.00014	0.00020	0.00019	0.00023	0.00013	0.06208	0.00466	0.00257	0.02836	0.57058	0.02177	0.03972	0.00026	0.00015	4.2e-05	8.1e-05	0.26616	0.00012	0.00238
6	0.00016	0.00013	0.00014	0.00015	0.00018	0.01462	0.00012	0.00278	0.00262	0.00033	0.01450	0.15306	0.58086	0.02274	0.00016	4.6e-05	7.5e-05	0.20714	0.00011	0.00010
7	0.00025	0.00021	0.00025	0.00018	0.00028	0.00016	0.00014	0.00030	0.00025	0.01196	0.00021	0.00025	0.00018	8.8e-05	8.8e-05	1.8e-05	8.8e-05	7.1e-05	7.1e-05	0.98496
8	0.00025	0.00021	0.00025	0.00018	0.00028	0.00016	0.00014	0.00030	0.00025	0.00039	0.00021	0.00025	0.00018	8.8e-05	8.8e-05	1.8e-05	8.8e-05	7e-05	7e-05	0.99656
9	0.00025	0.00021	0.00025	0.00018	0.00028	0.00016	0.00014	0.00030	0.00025	0.00039	0.00021	0.00025	0.00018	8.8e-05	8.8e-05	1.8e-05	8.8e-05	7e-05	7e-05	0.99656
10	0.00044	0.00056	0.00034	0.00030	0.00037	0.98716	0.00023	0.00866	0.00034	0.00029	0.00018	0.00021	0.00015	0.00012	0.00011	3.1e-05	0.00021	7.7e-05	6.1e-05	0.00014
11	0.00016	0.00012	0.00015	0.00014	0.00017	0.00011	0.00011	0.00022	0.00033	0.00045	0.84896	0.00092	0.14720	0.00025	0.00014	3.8e-05	5.6e-05	0.00022	0.00013	0.00011
12	0.00030	0.00026	0.00027	0.00024	0.00031	0.02302	0.00019	0.00063	0.97217	0.00049	0.00048	0.00044	0.00036	0.00016	0.00012	4e-05	9.6e-05	0.00013	0.00012	0.00019
13	0.98644	0.00023	0.00018	0.00016	0.00023	0.00026	0.00013	0.00035	0.00020	0.01075	0.00017	0.00019	0.00013	0.00011	7.4e-05	3.7e-05	9.2e-05	6.5e-05	7.4e-05	0.00013
14	0.00446	0.00028	0.01094	0.02113	0.17002	0.02848	0.08970	0.36241	0.10165	0.02873	0.09293	0.00042	0.05670	0.00394	0.00311	3.8e-05	0.00594	0.01151	0.0001	0.00749
15	0.00014	0.00010	0.00014	0.00016	0.00017	9.6e-05	0.00011	0.00016	0.00023	0.00030	0.00066	0.98037	0.01616	0.00037	0.00015	4.8e-05	6.9e-05	0.00034	0.00011	9.6e-05
16	0.00026	0.00026	0.00036	0.00031	0.00031	0.00036	0.00026	0.00029	0.00018	0.00029	0.00016	0.00026	0.00016	0.00021	0.00039	5.2e-05	0.99562	0.00010	5.2e-05	0.00013
17	0.00267	0.00013	0.00017	0.00019	0.00022	0.00012	0.00016	0.00022	0.00027	0.00290	0.02054	0.16739	0.13346	0.00324	0.00016	5.1e-05	9.5e-05	0.66780	0.00011	0.00011
18	0.99667	0.00023	0.00017	0.00016	0.00023	0.00027	0.00013	0.00035	0.00020	0.00053	0.00016	0.00019	0.00013	0.00011	7.3e-05	3.7e-05	9.2e-05	6.4e-05	7.3e-05	0.00013
19	0.00026	0.00026	0.00036	0.00031	0.00031	0.00036	0.00026	0.00029	0.00018	0.00029	0.00016	0.00026	0.00016	0.00021	0.00039	5.2e-05	0.99562	0.00010	5.2e-05	0.00013
20	0.05749	0.00020	0.00026	0.00021	0.00029	0.00018	0.00017	0.00634	0.00326	0.85588	0.00803	0.00045	0.01074	0.00016	0.00012	3.8e-05	0.00010	0.05575	0.00014	0.00019
21	0.00016	0.00011	0.00014	0.00015	0.00016	0.00011	9.6e-05	0.00017	0.00020	0.00026	0.00516	0.45274	0.00524	0.37772	0.02122	0.12295	9.6e-05	0.01316	8.7e-05	8.2e-05
22	0.00524	0.31414	0.07935	0.00030	0.00039	0.35692	0.16303	0.00042	0.05544	0.00410	0.00918	0.00025	0.00018	0.00745	0.00011	3.2e-05	0.00017	8.9e-05	0.00306	0.00015
23	0.00858	0.06197	0.01861	0.00030	0.01194	0.30059	0.16277	0.02757	0.14377	0.01056	0.01553	0.04096	0.01853	0.04023	0.00177	4.1e-05	0.11706	0.01388	0.00519	0.00015
24	0.00253	0.00025	0.00027	0.00024	0.00031	0.00028	0.00019	0.08065	0.76462	0.09879	0.03753	0.00044	0.00265	0.00016	0.00012	3.9e-05	9.6e-05	0.00238	0.00827	0.00019
25	0.00015	0.00011	0.00014	0.00015	0.00017	0.00010	0.00273	0.00017	0.00025	0.00032	0.03717	0.53875	0.37045	0.00473	0.00015	0.00763	6.7e-05	0.03657	0.00011	9.8e-05
26	0.00024	0.00025	0.00970	0.00038	0.00046	0.00023	0.57996	0.00252	0.00537	0.01195	0.00043	0.00070	0.06942	0.00019	0.00015	4.4e-05	0.00016	0.31146	8e-05	0.00632
27	0.00032	0.99591	0.00062	0.00020	0.00030	0.00047	0.00020	0.00035	0.00024	0.00028	0.00016	0.00019	0.00015	0.00010	7.6e-05	2.5e-05	0.00013	6.3e-05	5.1e-05	0.00015
28	0.04110	0.00016	0.00018	0.00017	0.00022	0.00016	0.00013	0.02678	0.16347	0.13101	0.12324	0.01134	0.44448	0.00554	0.00013	4e-05	7.6e-05	0.04140	0.01024	0.00013
29	0.00015	0.00011	0.00014	0.00016	0.00018	0.00010	0.00011	0.00430	0.00297	0.00329	0.03966	0.73568	0.13511	0.00353	0.00234	4.7e-05	7.1e-05	0.06982	0.00011	0.00211
30	0.00020	0.00015	0.00017	0.00016	0.00020	0.00015	0.00012	0.02473	0.19305	0.04394	0.19640	0.00087	0.49301	0.00024	0.00013	3.9e-05	6.9e-05	0.00516	0.04108	0.00013
31	0.00022	0.00021	0.00036	0.99555	0.00082	0.00026	0.00033	0.00030	0.00024	0.00030	0.00021	0.00032	0.00016	0.00012	0.00012	3.9e-05	0.00016	0.00011	5.3e-05	0.00013
32	0.00020	0.00015	0.00194	0.10727	0.01091	0.00176	0.04772	0.00205	0.02672	0.01116	0.00514	0.00318	0.01324	0.17871	0.43927	0.09167	0.02733	0.02489	0.00656	0.00011
33	0.00030	0.00030	0.05205	0.07792	0.42143	0.05712	0.08400	0.00037	0.00026	0.08687	0.00023	0.00030	0.00019	0.00015	0.02041	4.2e-05	0.19483	0.00300	6.5e-05	0.00017
34	0.00023	0.00021	0.00036	0.95773	0.02218	0.00026	0.00033	0.00030	0.00024	0.00030	0.00021	0.00032	0.00016	0.00012	0.00646	4e-05	0.01026	0.00011	5.3e-05	0.00013
35	0.00019	0.00014	0.00020	0.00023	0.01422	0.00014	0.01499	0.00231	0.01066	0.00425	0.00285	0.06019	0.00296	0.00032	0.00016	5.3e-05	0.00011	0.88580	0.00011	0.00011
36	0.00028	0.04782	0.05391	0.11019	0.14465	0.02470	0.40825	0.03997	0.03072	0.01498	0.00029	0.06484	0.00658	0.00239	0.00013	3.9e-05	0.00216	0.02468	0.02328	0.00016
37	0.97018	0.00269	0.00300	0.00017	0.01315	0.00322	0.00276	0.00035	0.00020	0.00321	0.00017	0.00019	0.00013	0.00011	7.4e-05	3.7e-05	9.3e-05	6.5e-05	7.3e-05	0.00013
38	0.00023	0.07506	0.01883	0.08316	0.22543	0.01465	0.00290	0.00596	0.00022	0.00807	0.00163	0.00469	0.00027	0.17255	0.33715	0.00134	0.03182	0.00434	0.01157	0.00013
39	0.00037	0.25140	0.11880	0.01538	0.05286	0.45487	0.00543	0.04300	0.00287	0.02114	0.00550	0.00024	0.00161	0.00012	0.00010	3.1e-05	0.00198	0.00197	0.00680	0.01553
40	0.00032	0.00022	0.00025	0.00022	0.00028	0.00023	0.00017	0.00507	0.56266	0.21656	0.19903	0.00053	0.00301	0.00017	0.00012	3.9e-05	8.8e-05	0.00377	0.00235	0.00492
41	0.00016	0.00011	0.00014	0.00016	0.00430	0.00225	0.00011	0.00018	0.00023	0.01200	0.02765	0.84940	0.00939	0.00534	0.00015	4.6e-05	6.9e-05	0.00683	0.08139	9.9e-05
42	0.00020	0.00011	0.00015	0.00016	0.00016	0.00011	0.00010	0.00016	0.00016	0.00022	0.00023	0.01049	0.00023	0.03710	0.07858	0.84369	0.00012	0.00011	0.02787	5.9e-05
43	0.00019	0.00018	0.00033	0.00027	0.00032	0.00017	0.32726	0.00025	0.00394	0.00036	0.18321	0.37095	0.08329	0.00283	0.00015	4.3e-05	0.00011	0.02594	9.7e-05	0.00012
44	0.00447	0.00020	0.00024	0.00018	0.00027	0.00016	0.00014	0.00431	0.01051	0.03226	0.08940	0.00666	0.00028	0.00011	9.5e-05	2.1e-05	8.6e-05	0.01122	0.00389	0.83550
45	0.99667	0.00023	0.00017	0.00016	0.00023	0.00027	0.00013	0.00035	0.00020	0.00053	0.00016	0.00019	0.00013	0.00011	7.3e-05	3.7e-05	9.2e-05	6.4e-05	7.3e-05	0.00013
46	0.00027	0.00023	0.03573	0.00024	0.01384	0.00025	0.02029	0.02927	0.59368	0.01270	0.00237	0.03381	0.00962	0.00912	0.00828	4.5e-05	0.00010	0.21154	0.01845	0.00016
47	0.00032	0.99591	0.00062	0.00020	0.00030	0.00047	0.00020	0.00035	0.00024	0.00028	0.00016	0.00019	0.00015	0.00010	7.6e-05	2.5e-05	0.00013	6.3e-05	5.1e-05	0.00015
48	0.00026	0.00026	0.00036	0.00031	0.00031	0.00036	0.00026	0.00029	0.00018	0.00029	0.00016	0.00026	0.00016	0.00021	0.00039	5.2e-05	0.99562	0.00010	5.2e-05	0.00013
49	0.00053	0.00020	0.00028	0.00021	0.00030	0.00018	0.00017	0.01096	0.00034	0.98480	0.00047	0.00040	0.00029	0.00015	0.00012	3.7e-05	0.00010	0.00012	0.00015	0.00020
50	0.73135	0.00025	0.00022	0.00018	0.00026	0.00028	0.00015	0.22110	0.00029	0.04468	0.00020	0.00022	0.00015	0.00012	8.5e-05	3.6e-05	0.00010	7.6e-05	8.7e-05	0.00015
51	0.00014	0.00012	0.00012	0.00012	0.00016	0.0001	9e-05	0.00017	0.00027	0.00032	0.00119	0.01173	0.98446	0.00030	0.00014	4e-05	6e-05	0.00025	0.00011	0.0001
52	0.00535	0.00021	0.00028	0.00021	0.00030	0.00018	0.00018	0.03787	0.00035	0.94742	0.00046	0.00040	0.00029	0.00015	0.00012	3.7e-05	0.00575	0.00012	0.00014	0.00020
53	0.00762	0.00024	0.00026	0.00023	0.00030	0.00028	0.00018	0.00059	0.88122	0.00461	0.08152	0.00400	0.00043	0.00017	0.00012	4e-05	9.1e-05	0.01781	0.00012	0.00018
54	0.00027	0.00037	0.16998	0.00046	0.00059	0.00030	0.77963	0.01288	0.00027	0.00038	0.00023	0.00031	0.00017	0.00011	0.00014	4e-05	0.03352	0.00013	5.9e-05	0.00016
55	0.00031	0.00022	0.00023	0.00022	0.00370	0.11723	0.00017	0.02167	0.12703	0.23688	0.09344	0.01414	0.08718	0.00022	0.00014	0.01179	0.00667	0.27849	0.00011	0.00015
56	0.00022	0.00018	0.00028	0.02087	0.35649	0.00018	0.00399	0.00028	0.00030	0.03084	0.45557	0.03240	0.07281	0.00020	0.00013	3.8e-05	9.2e-05	0.02488	0.00010	0.00014
57	0.00017	0.00012	0.00016	0.00015	0.00018	0.00011	0.00011	0.00022	0.00461	0.00394	0.88356	0.07624	0.02948	0.00025	0.00014	3.8e-05	5.7e-05	0.00022	0.00013	0.00011
58	0.00024	0.04349	0.79165	0.00031	0.00312	0.00198	0.00256	0.00561	0.01703	0.00607	0.10404	0.00725	0.01589	0.00013	0.00011	3.7e-05	0.00016	0.00011	6.2e-05	0.00017
59	0.01696	0.01681	0.11705	0.46575	0.14205	0.07463	0.03287	0.00300	0.00188	0.11296	0.00471	0.00031	0.00018	0.00012	0.00256	3.8e-05	0.00780	0.00010	6.6e-05	0.00015
60	0.00166	0.01573	0.08118	0.08535	0.29255	0.02060	0.35116	0.01304	0.00629	0.03544	0.00574	0.01597	0.00146	0.00561	0.02260	0.00132	0.01374	0.02888	0.00152	0.00016
61	0.00015	0.00011	0.00014	0.00016	0.00017	9.8e-05	0.00011	0.00017	0.00023	0.00031	0.00870	0.82566	0.12122	0.00331	0.00015	4.7e-05	6.9e-05	0.03371	0.00286	0.00263

[dist]
# distance from previous block
# <min> <max>
9	16

[block]
# block no. 3 follows, 2926 sequences, length 36
# corresponding to MSA columns:
# 1059,1060,1067-1099,1102
name=unknown_D
#
# <colnr> <probs for GDERKNQSTAVLIFYWHMCP>
#	G	D	E	R	K	N	Q	S	T	A	V	L	I	F	Y	W	H	M	C	P
0	0.00015	0.00012	0.01151	0.00017	0.00018	0.00011	0.00012	0.00018	0.00348	0.00031	0.01672	0.58504	0.12918	0.04811	0.11360	6.7e-05	0.00010	0.08314	0.00760	9.9e-05
1	0.80020	0.00666	0.00549	0.00018	0.00474	0.00765	0.00014	0.06454	0.08799	0.01189	0.00317	0.00023	0.00016	0.00012	8.2e-05	3.7e-05	9.6e-05	7.5e-05	8.1e-05	0.00647
2	0.00022	0.00021	0.00036	0.96990	0.01602	0.00026	0.00033	0.00030	0.00024	0.00030	0.00021	0.00032	0.00016	0.00013	0.01055	4.1e-05	0.00016	0.00011	5.3e-05	0.00013
3	0.00307	0.15421	0.72723	0.00033	0.05974	0.00408	0.00454	0.00700	0.00739	0.02187	0.00303	0.00025	0.00016	0.00011	0.00011	3.5e-05	0.00016	8.6e-05	5.4e-05	0.00653
4	0.05249	0.04136	0.20542	0.01657	0.33784	0.02886	0.03051	0.00843	0.01608	0.24154	0.00273	0.01212	0.00021	0.00012	0.00011	3.6e-05	0.00014	0.00010	0.00295	0.00238
5	0.00017	0.00011	0.00013	0.00013	0.00013	0.00012	7.3e-05	0.00017	0.00017	0.00023	0.00038	0.01121	0.00043	0.96797	0.01802	0.00012	0.00012	0.00017	7.2e-05	7.3e-05
6	0.00015	0.00012	0.00598	0.00015	0.00018	0.00011	0.00317	0.00310	0.01520	0.00335	0.19317	0.48955	0.27044	0.00357	0.00283	4.4e-05	6.7e-05	0.00860	0.00011	0.00010
7	0.00604	0.14091	0.45286	0.01958	0.19895	0.02723	0.03801	0.01935	0.01697	0.05894	0.00319	0.00555	0.00018	0.00012	0.00645	3.6e-05	0.00530	9.5e-05	6.2e-05	0.00017
8	0.00026	0.00028	0.07432	0.28959	0.42326	0.00239	0.04417	0.00033	0.00663	0.00383	0.00618	0.00582	0.01893	0.00014	0.02184	4.2e-05	0.09455	0.00440	0.00289	0.00016
9	0.00025	0.00015	0.00019	0.00016	0.00021	0.00014	0.00013	0.01304	0.06736	0.21385	0.52024	0.00078	0.17177	0.00022	0.00013	3.8e-05	7e-05	0.00019	0.01094	0.00014
10	0.00021	0.00011	0.00016	0.00305	0.00324	0.00011	0.00011	0.00543	0.00456	0.00022	0.00350	0.03101	0.00023	0.00632	0.00545	0.93089	0.00010	0.00522	5.5e-05	5.6e-05
11	0.00241	0.16467	0.44827	0.01056	0.08442	0.02913	0.13569	0.00585	0.01368	0.09450	0.00246	0.00027	0.00268	0.00011	0.00011	3.5e-05	0.00250	9.6e-05	0.00238	0.00017
12	0.00021	0.00011	0.01067	0.00016	0.00017	0.00011	0.01239	0.00016	0.00016	0.00021	0.00814	0.00036	0.00021	0.00483	0.00480	0.95068	0.00642	0.00010	5.2e-05	5.5e-05
13	0.00030	0.00028	0.00794	0.04275	0.80721	0.00351	0.00722	0.01742	0.06006	0.03619	0.01089	0.00032	0.00021	0.00011	0.00012	3.6e-05	0.00014	0.00505	6.7e-05	0.00018
14	0.02279	0.12013	0.42433	0.03217	0.07122	0.05877	0.02640	0.00948	0.00592	0.14669	0.00584	0.00947	0.00019	0.00013	0.00696	3.7e-05	0.05285	9.6e-05	6.9e-05	0.00646
15	0.00208	0.01313	0.47191	0.01927	0.22493	0.00466	0.11377	0.01357	0.01944	0.02170	0.00761	0.01585	0.01264	0.00960	0.01650	4.1e-05	0.03099	0.00209	6e-05	0.00017
16	0.00032	0.00024	0.00028	0.00024	0.00514	0.00403	0.00299	0.47963	0.01585	0.00537	0.00377	0.00038	0.01075	0.04017	0.35674	9.5e-05	0.07064	0.00012	0.00310	0.00015
17	0.65792	0.00025	0.04812	0.05821	0.02507	0.00307	0.00490	0.01888	0.00367	0.15967	0.00023	0.00419	0.00016	0.00012	9.3e-05	3.7e-05	0.01510	8.1e-05	8.3e-05	0.00015
18	0.56540	0.07579	0.02240	0.00838	0.03315	0.10043	0.00867	0.10959	0.02476	0.03337	0.00021	0.00971	0.00016	0.00392	9.2e-05	3.6e-05	0.00363	8e-05	7.8e-05	0.00015
19	0.00347	0.00219	0.00757	0.10967	0.04305	0.07851	0.02134	0.01025	0.33829	0.05514	0.05182	0.01803	0.14201	0.02698	0.00496	0.00265	0.05275	0.02946	0.00172	0.00015
20	0.00014	0.00012	0.00012	0.00012	0.00016	0.00010	9.2e-05	0.00017	0.00027	0.00032	0.01104	0.00114	0.96859	0.00030	0.00014	4e-05	6.1e-05	0.01685	0.00011	0.00010
21	0.03057	0.00021	0.02353	0.13494	0.07039	0.01305	0.01685	0.04093	0.25497	0.01523	0.12044	0.14456	0.05841	0.04130	0.00320	4.4e-05	0.01752	0.01014	0.00193	0.00178
22	0.08756	0.04875	0.15733	0.10886	0.10655	0.18551	0.09723	0.08811	0.02869	0.02863	0.00023	0.00210	0.00018	0.00201	0.02017	0.00217	0.03111	0.00181	0.00284	0.00016
23	0.00028	0.00032	0.00070	0.00050	0.00062	0.00030	0.99467	0.00038	0.00028	0.00038	0.00024	0.00032	0.00018	0.0001	0.00014	4e-05	0.00020	0.00014	6e-05	0.00016
24	0.00017	0.00252	0.00017	0.00018	0.00267	0.00012	0.02229	0.00259	0.00024	0.00568	0.04248	0.41845	0.08346	0.00330	0.00469	0.15371	8.8e-05	0.25404	0.00306	9.6e-05
25	0.03805	0.00343	0.03515	0.51018	0.27296	0.00026	0.01093	0.01621	0.00752	0.07968	0.00281	0.00032	0.00487	0.00012	0.00012	3.8e-05	0.00852	0.00634	0.00234	0.00016
26	0.00210	0.00024	0.00240	0.49111	0.34865	0.00349	0.03142	0.01325	0.01159	0.04163	0.00282	0.02131	0.00514	0.00013	0.00240	3.9e-05	0.01327	0.00645	0.00242	0.00016
27	0.00015	0.00011	0.00014	0.00017	0.00018	0.00010	0.00012	0.00018	0.00024	0.00032	0.02492	0.74674	0.08244	0.00036	0.00015	4.8e-05	7.3e-05	0.14335	0.00011	9.9e-05
28	0.98207	0.00023	0.00018	0.00016	0.00023	0.00026	0.00013	0.00035	0.00020	0.01512	0.00017	0.00020	0.00013	0.00011	7.4e-05	3.7e-05	9.2e-05	6.5e-05	7.4e-05	0.00013
29	0.00032	0.11667	0.01780	0.00019	0.00025	0.05676	0.00016	0.07333	0.02999	0.26604	0.12100	0.14622	0.05801	0.01341	0.01417	3.9e-05	0.00010	0.00016	0.08522	0.00015
30	0.08151	0.00031	0.00033	0.00026	0.00035	0.00035	0.00021	0.85616	0.01897	0.01757	0.00029	0.00855	0.00021	0.01424	0.00012	3.7e-05	0.00013	0.00011	0.00011	0.00019
31	0.00289	0.00013	0.00016	0.00015	0.00019	0.00012	0.00011	0.00781	0.01258	0.08830	0.29362	0.15850	0.05987	0.00565	0.00012	3.6e-05	6.6e-05	0.01591	0.29297	0.06082
32	0.00033	0.90819	0.00059	0.00021	0.00031	0.02407	0.00020	0.01000	0.00604	0.04890	0.00018	0.00020	0.00016	0.00010	8e-05	2.6e-05	0.00013	6.7e-05	5.7e-05	0.00015
33	0.00020	0.00011	0.00016	0.00016	0.00016	0.00011	0.00011	0.00490	0.00017	0.00022	0.01432	0.00524	0.00024	0.03512	0.15019	0.78823	0.00013	0.00011	5.6e-05	6.2e-05
34	0.00637	0.16878	0.10598	0.00849	0.02795	0.03663	0.02072	0.49219	0.09052	0.02050	0.00247	0.00233	0.00020	0.00211	0.00011	3.4e-05	0.00223	0.0001	9.4e-05	0.01220
35	0.00023	0.01432	0.00036	0.89064	0.03893	0.00820	0.00032	0.00031	0.00390	0.00031	0.00285	0.00302	0.00286	0.00013	0.00605	4e-05	0.02182	0.00553	5.4e-05	0.00013

[dist]
# distance from previous block
# <min> <max>
0	8

[block]
# block no. 4 follows, 2926 sequences, length 6
# corresponding to MSA columns:
# 1111-1113,1128-1130
name=unknown_E
#
# <colnr> <probs for GDERKNQSTAVLIFYWHMCP>
#	G	D	E	R	K	N	Q	S	T	A	V	L	I	F	Y	W	H	M	C	P
0	0.01504	0.02953	0.60717	0.00031	0.01782	0.03906	0.01976	0.03256	0.14033	0.01591	0.01780	0.03712	0.01344	0.01349	0.00012	3.9e-05	0.00015	0.00011	7e-05	0.00017
1	0.01581	0.00021	0.00034	0.59783	0.05546	0.00024	0.03222	0.02215	0.02439	0.13217	0.01770	0.00035	0.00021	0.00017	0.06115	4.8e-05	0.01600	0.00011	0.02329	0.00015
2	0.00017	0.00011	0.00013	0.00013	0.00013	0.00011	7.2e-05	0.00017	0.00017	0.00023	0.00037	0.00078	0.00043	0.99584	0.00060	0.00011	0.00011	0.00017	7.2e-05	7.2e-05
3	0.00031	0.00026	0.00028	0.00024	0.00031	0.00030	0.00019	0.08365	0.91184	0.00052	0.00047	0.00043	0.00035	0.00016	0.00012	4e-05	9.7e-05	0.00013	0.00012	0.00019
4	0.00019	0.00014	0.00020	0.00021	0.00024	0.00014	0.02790	0.00024	0.00026	0.02808	0.00060	0.15286	0.00065	0.03649	0.03090	5.9e-05	0.00011	0.72051	0.00011	0.00011
5	0.02871	0.77994	0.04203	0.00022	0.00032	0.03743	0.00021	0.07631	0.00027	0.03337	0.00019	0.00021	0.00016	0.00011	8.3e-05	2.8e-05	0.00013	7e-05	6e-05	0.00016

[dist]
# distance from previous block
# <min> <max>
0	13

[block]
# block no. 5 follows, 2926 sequences, length 23
# corresponding to MSA columns:
# 1144-1166
name=unknown_F
#
# <colnr> <probs for GDERKNQSTAVLIFYWHMCP>
#	G	D	E	R	K	N	Q	S	T	A	V	L	I	F	Y	W	H	M	C	P
0	0.01702	0.18466	0.52300	0.00413	0.08477	0.00689	0.01939	0.00941	0.00860	0.02388	0.00021	0.00025	0.00016	0.00011	0.00010	3.3e-05	0.00522	8.5e-05	5.7e-05	0.11202
1	0.62350	0.04096	0.02791	0.01106	0.07688	0.05165	0.04372	0.01546	0.01583	0.00821	0.02225	0.01666	0.00639	0.00012	9.4e-05	3.6e-05	0.01841	0.00295	7.3e-05	0.01785
2	0.00534	0.00012	0.00016	0.06967	0.00022	0.00012	0.00013	0.00020	0.00023	0.02933	0.00648	0.64073	0.02004	0.06382	0.02048	5.3e-05	8.6e-05	0.06716	0.06700	0.00862
3	0.00041	0.00535	0.00352	0.01314	0.01989	0.09823	0.06217	0.67989	0.01274	0.03397	0.00641	0.00030	0.00401	0.00016	0.03022	4e-05	0.01760	0.00011	0.00801	0.00383
4	0.00492	0.07450	0.14694	0.23997	0.27739	0.06762	0.03885	0.00885	0.00535	0.06959	0.00415	0.00300	0.01026	0.01508	0.00848	3.9e-05	0.01929	0.00010	0.00278	0.00283
5	0.02353	0.00021	0.00028	0.00022	0.00561	0.00020	0.01000	0.09066	0.02326	0.79580	0.02833	0.00041	0.01556	0.00015	0.00518	3.8e-05	0.00010	0.00012	0.00014	0.00019
6	0.00017	0.00012	0.00016	0.00015	0.00018	0.00011	0.00011	0.00023	0.01628	0.00047	0.96439	0.00088	0.01581	0.00024	0.00014	3.7e-05	5.7e-05	0.00021	0.00013	0.00011
7	0.00366	0.00024	0.02431	0.23842	0.21593	0.03014	0.10471	0.00834	0.09607	0.00999	0.03948	0.06521	0.13686	0.00570	0.00013	0.00274	0.00554	0.00380	0.00858	0.00015
8	0.00320	0.03566	0.41191	0.02137	0.34234	0.00447	0.01476	0.00554	0.06805	0.01656	0.01022	0.03165	0.00304	0.00355	0.00616	3.8e-05	0.01379	0.00495	0.00256	0.00017
9	0.00026	0.00015	0.00581	0.00017	0.00022	0.00014	0.00434	0.02009	0.05185	0.22510	0.56377	0.00619	0.07932	0.01524	0.00014	3.9e-05	7.3e-05	0.01289	0.01406	0.00014
10	0.00017	0.00011	0.00013	0.00013	0.00013	0.00011	7.2e-05	0.00017	0.00017	0.00023	0.00037	0.00078	0.00043	0.99584	0.00060	0.00011	0.00011	0.00017	7.2e-05	7.2e-05
11	0.00019	0.00015	0.00443	0.00471	0.09943	0.02083	0.00014	0.00024	0.00725	0.00454	0.62608	0.05538	0.11905	0.00703	0.00390	3.9e-05	7.3e-05	0.01811	0.02830	0.00012
12	0.00028	0.19541	0.05174	0.30480	0.18120	0.03651	0.05353	0.05056	0.06196	0.00922	0.00437	0.00380	0.02346	0.00012	0.00012	3.6e-05	0.01540	0.00315	0.00417	0.00016
13	0.00015	0.00011	0.00015	0.00017	0.00018	0.00010	0.00012	0.00017	0.00022	0.00030	0.00061	0.83813	0.00073	0.01469	0.00934	0.05758	0.01278	0.06428	0.00010	9.5e-05
14	0.00018	0.00014	0.00020	0.00020	0.00021	0.00017	0.00015	0.00022	0.00019	0.00027	0.00993	0.00048	0.00030	0.09664	0.77364	0.00901	0.10777	0.00013	6.4e-05	0.00010
15	0.00586	0.16711	0.38592	0.03665	0.17447	0.16271	0.03069	0.00507	0.00027	0.01282	0.00021	0.00025	0.00016	0.00012	0.00450	3.5e-05	0.01285	8.8e-05	5.6e-05	0.00016
16	0.00464	0.12491	0.26504	0.01497	0.37186	0.02032	0.15074	0.00512	0.00027	0.02909	0.00022	0.00719	0.00018	0.00011	0.00012	3.5e-05	0.00485	0.00010	5.9e-05	0.00017
17	0.84628	0.05689	0.01191	0.00519	0.01982	0.03252	0.00015	0.00556	0.00021	0.00050	0.00017	0.00020	0.00014	0.00011	7.8e-05	3.6e-05	0.00501	6.7e-05	0.01503	0.00013
18	0.00016	0.00365	0.00355	0.00708	0.01262	0.00697	0.00620	0.00709	0.01292	0.00031	0.00847	0.77847	0.01096	0.00983	0.06996	0.02264	0.01918	0.01975	0.00010	0.00010
19	0.00015	0.00012	0.00012	0.00012	0.00016	0.00010	9.3e-05	0.00018	0.00027	0.01275	0.01743	0.02150	0.93607	0.00030	0.00014	4e-05	6.1e-05	0.01018	0.00011	0.00010
20	0.00017	0.00013	0.00019	0.00019	0.00021	0.00015	0.00015	0.00022	0.01001	0.00029	0.06202	0.00050	0.01499	0.01116	0.89109	0.00018	0.00805	0.00013	6.9e-05	0.00011
21	0.00024	0.00024	0.00802	0.72233	0.11306	0.00027	0.13837	0.00813	0.00025	0.00033	0.00022	0.00031	0.00016	0.00012	0.00012	3.9e-05	0.00748	0.00011	5.5e-05	0.00014
22	0.74203	0.11843	0.00709	0.01512	0.00932	0.01088	0.00015	0.02681	0.00023	0.06878	0.00019	0.00021	0.00015	0.00011	8e-05	3.5e-05	0.00010	7e-05	7.6e-05	0.00014

[dist]
# distance from previous block
# <min> <max>
0	1

[block]
# block no. 6 follows, 2926 sequences, length 10
# corresponding to MSA columns:
# 1168-1177
name=unknown_G
#
# <colnr> <probs for GDERKNQSTAVLIFYWHMCP>
#	G	D	E	R	K	N	Q	S	T	A	V	L	I	F	Y	W	H	M	C	P
0	0.00029	0.04834	0.20185	0.00886	0.34315	0.09761	0.04855	0.02911	0.05425	0.00778	0.03835	0.00715	0.01554	0.00821	0.04335	0.00602	0.02204	0.00011	0.00573	0.01370
1	0.00022	0.00020	0.00032	0.64271	0.05507	0.00024	0.01814	0.00028	0.00023	0.00030	0.00024	0.00036	0.00020	0.03219	0.22386	7.6e-05	0.02507	0.00011	5.6e-05	0.00013
2	0.00015	0.00012	0.00014	0.00015	0.00018	0.00010	0.00011	0.00018	0.00025	0.00032	0.04156	0.41766	0.40475	0.00033	0.00015	4.5e-05	7e-05	0.13352	0.00011	0.00010
3	0.01687	0.00014	0.00016	0.00015	0.00019	0.00013	0.00012	0.02222	0.06517	0.01719	0.62905	0.00089	0.24679	0.00025	0.00014	3.8e-05	6.2e-05	0.00021	0.00012	0.00012
4	0.00043	0.00054	0.00033	0.00030	0.00036	0.91742	0.00023	0.02674	0.00033	0.00030	0.00019	0.00022	0.00016	0.00015	0.02645	3.5e-05	0.02554	7.9e-05	6.2e-05	0.00014
5	0.00020	0.00011	0.00016	0.03341	0.00018	0.00011	0.00011	0.00016	0.00016	0.00021	0.00021	0.00036	0.00021	0.00042	0.04089	0.92276	0.00011	0.00010	5.2e-05	5.6e-05
6	0.00029	0.56304	0.02102	0.00018	0.00026	0.00034	0.00017	0.06376	0.00026	0.00036	0.00025	0.00028	0.00021	0.00012	8.8e-05	2.8e-05	0.02074	8.3e-05	0.32838	0.00014
7	0.01604	0.00022	0.00025	0.00018	0.00028	0.01198	0.00015	0.03401	0.06541	0.01965	0.02441	0.00029	0.01593	0.00011	9.7e-05	2.2e-05	0.01034	8.4e-05	0.01101	0.78954
8	0.02802	0.02321	0.07566	0.07121	0.24534	0.02890	0.05366	0.05601	0.00925	0.08307	0.18105	0.00623	0.01563	0.00017	0.01892	4e-05	0.05804	0.02380	0.00586	0.01593
9	0.01758	0.06283	0.01175	0.00018	0.00023	0.00016	0.04284	0.02736	0.02632	0.18169	0.00952	0.33385	0.00826	0.03154	0.00013	4e-05	8.6e-05	0.00874	0.23675	0.00013

[dist]
# distance from previous block
# <min> <max>
0	1

[block]
# block no. 7 follows, 2926 sequences, length 10
# corresponding to MSA columns:
# 1179-1188
name=unknown_H
#
# <colnr> <probs for GDERKNQSTAVLIFYWHMCP>
#	G	D	E	R	K	N	Q	S	T	A	V	L	I	F	Y	W	H	M	C	P
0	0.04890	0.00026	0.00027	0.00024	0.00031	0.00030	0.00019	0.12265	0.82432	0.00053	0.00044	0.00041	0.00033	0.00016	0.00012	3.9e-05	9.8e-05	0.00013	0.00012	0.00019
1	0.01748	0.00022	0.00028	0.00022	0.00030	0.01943	0.00018	0.07067	0.04552	0.80827	0.03586	0.00041	0.00031	0.00015	0.00012	3.7e-05	0.00010	0.00012	0.00014	0.00020
2	0.00015	0.00011	0.00014	0.00015	0.00017	0.00010	0.00010	0.00018	0.00026	0.00034	0.20588	0.45511	0.33624	0.00032	0.00015	4.3e-05	6.3e-05	0.00028	0.00011	0.00010
3	0.00046	0.00032	0.00035	0.00027	0.00036	0.00035	0.00022	0.90908	0.00054	0.08640	0.00030	0.00029	0.00021	0.00014	0.00012	3.6e-05	0.00013	0.00011	0.00012	0.00020
4	0.00032	0.90397	0.02710	0.00021	0.00031	0.04001	0.00021	0.00037	0.02608	0.00029	0.00017	0.00020	0.00016	0.00010	7.9e-05	2.6e-05	0.00013	6.6e-05	5.3e-05	0.00015
5	0.00021	0.07185	0.12851	0.00019	0.00024	0.00016	0.01156	0.00026	0.01169	0.10770	0.02423	0.36381	0.26546	0.00027	0.00013	4.1e-05	9e-05	0.01337	0.00010	0.00013
6	0.00024	0.00061	0.99522	0.00034	0.00051	0.00028	0.00044	0.00038	0.00025	0.00038	0.00021	0.00025	0.00015	0.00011	0.00011	3.8e-05	0.00018	8.8e-05	5e-05	0.00018
7	0.00017	0.00012	0.00016	0.00015	0.00018	0.00012	0.00011	0.01692	0.00033	0.00047	0.89627	0.02097	0.02953	0.00024	0.00014	3.8e-05	5.8e-05	0.01691	0.01699	0.00011
8	0.00023	0.09156	0.51367	0.00751	0.01961	0.01904	0.01626	0.00985	0.02121	0.01142	0.05050	0.01708	0.20235	0.00792	0.01124	3.9e-05	0.00014	0.00013	7.1e-05	0.00015
9	0.00781	0.02370	0.00031	0.00807	0.00787	0.12115	0.05081	0.08522	0.01494	0.00790	0.00669	0.00672	0.00024	0.03412	0.32730	9.3e-05	0.26689	0.01820	6.8e-05	0.01190

[dist]
# distance from previous block
# <min> <max>
6	34

[block]
# block no. 8 follows, 2926 sequences, length 7
# corresponding to MSA columns:
# 1228-1234
name=unknown_I
#
# <colnr> <probs for GDERKNQSTAVLIFYWHMCP>
#	G	D	E	R	K	N	Q	S	T	A	V	L	I	F	Y	W	H	M	C	P
0	0.00016	0.00011	0.00014	0.00016	0.00017	0.00011	0.00011	0.00018	0.00022	0.00029	0.00060	0.56001	0.04458	0.21813	0.03540	6.8e-05	9.3e-05	0.13926	0.0001	9.3e-05
1	0.00019	0.00012	0.00018	0.00017	0.00019	0.00013	0.00013	0.00020	0.02083	0.00026	0.05922	0.00046	0.01867	0.02859	0.39689	0.42604	0.02898	0.00012	0.01855	8.4e-05
2	0.00026	0.01297	0.02453	0.02228	0.01532	0.02559	0.01846	0.08008	0.01786	0.00033	0.00022	0.01227	0.00020	0.02196	0.19016	7.6e-05	0.55712	0.00011	6.2e-05	0.00013
3	0.00016	0.00012	0.00014	0.00015	0.00017	0.00011	0.00011	0.00019	0.02085	0.00032	0.07725	0.22093	0.31579	0.21353	0.02346	6.3e-05	8.6e-05	0.12636	0.00010	9.7e-05
4	0.00028	0.01118	0.01200	0.43501	0.25383	0.08673	0.02093	0.03427	0.01950	0.03989	0.01163	0.01864	0.01237	0.00014	0.01847	4e-05	0.01297	0.00011	0.01183	0.00015
5	0.00017	0.00013	0.00019	0.00019	0.00021	0.00015	0.00015	0.00021	0.00019	0.00027	0.00032	0.00047	0.00030	0.00089	0.99537	0.00019	0.00032	0.00013	6.3e-05	0.00011
6	0.07660	0.00958	0.04463	0.01869	0.05774	0.00901	0.03108	0.00888	0.00976	0.01404	0.00752	0.01036	0.00809	0.02071	0.02772	0.00755	0.01221	0.04113	0.00734	0.57737

[dist]
# distance from previous block
# <min> <max>
1	146

[block]
# block no. 9 follows, 2926 sequences, length 30
# corresponding to MSA columns:
# 1385-1410,1457-1460
name=unknown_J
#
# <colnr> <probs for GDERKNQSTAVLIFYWHMCP>
#	G	D	E	R	K	N	Q	S	T	A	V	L	I	F	Y	W	H	M	C	P
0	0.00017	0.00012	0.00014	0.00015	0.00018	0.00011	0.00011	0.00020	0.00027	0.05752	0.16180	0.37770	0.36917	0.00955	0.00015	4.3e-05	6.7e-05	0.02234	0.00011	0.00011
1	0.00021	0.00310	0.18327	0.01282	0.00028	0.00360	0.01627	0.03241	0.15894	0.00393	0.40126	0.02609	0.12028	0.00021	0.00259	3.9e-05	0.00845	0.02265	0.00346	0.00014
2	0.00016	0.00012	0.00015	0.00014	0.00017	0.00011	0.00011	0.00021	0.00031	0.00650	0.64716	0.02556	0.29990	0.00869	0.00014	3.9e-05	5.8e-05	0.00514	0.00523	0.00011
3	0.00936	0.00020	0.00027	0.00021	0.00030	0.00018	0.00017	0.01347	0.00034	0.96348	0.00046	0.00041	0.00029	0.00015	0.00012	3.7e-05	0.00010	0.01009	0.00015	0.00020
4	0.00029	0.00025	0.00027	0.00024	0.00031	0.00029	0.00019	0.00063	0.99488	0.00050	0.00048	0.00044	0.00036	0.00016	0.00012	4e-05	9.4e-05	0.00013	0.00012	0.00019
5	0.00030	0.00025	0.00027	0.00024	0.00031	0.00029	0.00802	0.01790	0.95325	0.00740	0.01009	0.00044	0.00036	0.00016	0.00012	4e-05	9.5e-05	0.00013	0.00012	0.00019
6	0.00022	0.00021	0.00036	0.99555	0.00082	0.00026	0.00033	0.00030	0.00024	0.00030	0.00021	0.00032	0.00016	0.00012	0.00012	3.9e-05	0.00016	0.00011	5.3e-05	0.00013
7	0.00024	0.00021	0.00024	0.00018	0.00028	0.00016	0.00014	0.00030	0.00025	0.01248	0.02084	0.01406	0.00611	9.9e-05	9.1e-05	1.9e-05	8.7e-05	0.00784	7.3e-05	0.93631
8	0.00024	0.00061	0.99522	0.00034	0.00051	0.00028	0.00044	0.00038	0.00025	0.00038	0.00021	0.00025	0.00015	0.00011	0.00011	3.8e-05	0.00018	8.8e-05	5e-05	0.00018
9	0.00029	0.00025	0.00027	0.00024	0.00031	0.00029	0.00019	0.00063	0.99488	0.00050	0.00048	0.00044	0.00036	0.00016	0.00012	4e-05	9.4e-05	0.00013	0.00012	0.00019
10	0.00017	0.00013	0.00448	0.00019	0.00022	0.00012	0.00016	0.00617	0.00027	0.00034	0.01631	0.13720	0.21338	0.01617	0.00966	5.2e-05	9.5e-05	0.59467	0.00011	0.00011
11	0.00016	0.00011	0.00014	0.00016	0.00017	0.00011	0.00011	0.00018	0.00022	0.00030	0.00625	0.66719	0.01588	0.18293	0.00023	6e-05	8.2e-05	0.10169	0.00010	0.02391
12	0.89068	0.00023	0.00018	0.00016	0.00024	0.00026	0.00013	0.00037	0.00022	0.10637	0.00020	0.00021	0.00015	0.00011	7.8e-05	3.7e-05	9.3e-05	7e-05	8.1e-05	0.00014
13	0.00032	0.99591	0.00062	0.00020	0.00030	0.00047	0.00020	0.00035	0.00024	0.00028	0.00016	0.00019	0.00015	0.00010	7.6e-05	2.5e-05	0.00013	6.3e-05	5.1e-05	0.00015
14	0.04041	0.00023	0.00529	0.00022	0.00028	0.00455	0.02120	0.06782	0.57997	0.03169	0.19072	0.01216	0.01301	0.00018	0.00012	3.9e-05	9.2e-05	0.02215	0.00970	0.00017
15	0.13059	0.00020	0.00026	0.00020	0.00029	0.00018	0.00017	0.00054	0.00032	0.84161	0.00043	0.00038	0.00027	0.00014	0.00011	3.6e-05	9.8e-05	0.00011	0.02388	0.00019
16	0.00016	0.00012	0.00015	0.00015	0.00018	0.00011	0.00011	0.00021	0.00031	0.00748	0.68585	0.04789	0.20489	0.00026	0.00014	3.9e-05	6e-05	0.05164	0.00012	0.00011
17	0.00044	0.00018	0.00024	0.00019	0.00027	0.00016	0.00016	0.00534	0.00032	0.70618	0.03053	0.00051	0.01403	0.01011	0.00012	3.8e-05	9.3e-05	0.07825	0.15268	0.00017
18	0.00017	0.00012	0.00016	0.00015	0.00018	0.00011	0.00011	0.00591	0.00033	0.01623	0.82413	0.00754	0.13421	0.00995	0.00014	3.8e-05	5.8e-05	0.00022	0.00013	0.00011
19	0.00036	0.00807	0.00035	0.00030	0.00034	0.46420	0.00024	0.02990	0.00027	0.03083	0.00018	0.00025	0.00016	0.00618	0.00651	4.2e-05	0.45154	9.2e-05	6.1e-05	0.00014
20	0.00546	0.00021	0.00939	0.00018	0.00555	0.00016	0.00014	0.00487	0.01008	0.00640	0.00022	0.01328	0.00019	9.3e-05	9e-05	1.9e-05	8.9e-05	7.5e-05	7.2e-05	0.94343
21	0.02309	0.23354	0.36829	0.02787	0.05845	0.17517	0.01416	0.04353	0.01707	0.02096	0.00021	0.00447	0.00294	0.00012	0.00274	3.4e-05	0.00704	8.6e-05	6e-05	0.00016
22	0.00032	0.96677	0.00061	0.00020	0.00031	0.01789	0.00020	0.00036	0.00024	0.01197	0.00017	0.00019	0.00015	0.00010	7.7e-05	2.6e-05	0.00013	6.4e-05	5.2e-05	0.00015
23	0.00948	0.07477	0.61360	0.00278	0.02211	0.00920	0.00571	0.02183	0.00802	0.03391	0.01787	0.00520	0.00429	0.00012	0.00011	3.4e-05	0.00430	0.00749	0.00266	0.15652
24	0.00429	0.00892	0.00633	0.86291	0.09029	0.00478	0.00033	0.00031	0.00600	0.00666	0.00021	0.00031	0.00016	0.00012	0.00012	3.9e-05	0.00382	0.00010	0.00416	0.00014
25	0.00019	0.00016	0.00020	0.00020	0.01487	0.06694	0.00015	0.00023	0.00654	0.00028	0.00031	0.01490	0.00030	0.04404	0.82464	0.00610	0.01401	0.00575	6.5e-05	0.00011
26	0.00425	0.00026	0.01740	0.12491	0.36973	0.00927	0.12531	0.03085	0.09030	0.16178	0.00566	0.01212	0.00604	0.00914	0.01173	4e-05	0.00956	0.00787	0.00361	0.00017
27	0.02357	0.21262	0.02210	0.00799	0.03438	0.03271	0.00836	0.05138	0.01267	0.07198	0.00021	0.00027	0.00018	0.00758	0.01245	0.04562	0.41298	0.00291	0.00241	0.03763
28	0.00016	0.00011	0.00015	0.00514	0.00592	0.00010	0.00011	0.00320	0.00023	0.01143	0.02484	0.76770	0.06500	0.03068	0.03876	0.01412	8.2e-05	0.02818	0.00397	9.8e-05
29	0.00654	0.00015	0.00345	0.01058	0.11450	0.00272	0.00510	0.00329	0.00439	0.01750	0.28280	0.02600	0.48565	0.00025	0.00014	0.00526	0.02793	0.00021	0.00011	0.00343

[dist]
# distance from previous block
# <min> <max>
3	5

[block]
# block no. 10 follows, 2926 sequences, length 6
# corresponding to MSA columns:
# 1468-1471,1475,1476
name=unknown_K
#
# <colnr> <probs for GDERKNQSTAVLIFYWHMCP>
#	G	D	E	R	K	N	Q	S	T	A	V	L	I	F	Y	W	H	M	C	P
0	0.00022	0.00013	0.00016	0.00016	0.00019	0.00012	0.00012	0.00026	0.02629	0.13677	0.39922	0.23934	0.10445	0.03562	0.00015	4.2e-05	6.9e-05	0.00022	0.05633	0.00012
1	0.00022	0.03123	0.08145	0.05987	0.06005	0.01159	0.00997	0.02835	0.05041	0.03706	0.09601	0.06428	0.27781	0.01156	0.01074	0.00908	0.01187	0.01945	0.00896	0.12005
2	0.00022	0.00021	0.00024	0.00022	0.00025	0.12485	0.07845	0.02099	0.00026	0.01885	0.10562	0.43911	0.08003	0.00027	0.00017	4.4e-05	0.11121	0.01878	9.6e-05	0.00012
3	0.00025	0.00021	0.00024	0.00018	0.00027	0.00016	0.00014	0.00031	0.05759	0.00038	0.00023	0.00026	0.00019	0.00011	0.00011	0.05773	8.9e-05	7.6e-05	7.2e-05	0.88140
4	0.01763	0.00014	0.00017	0.01411	0.00020	0.00013	0.00012	0.01544	0.01530	0.16459	0.07110	0.31643	0.23099	0.10996	0.01445	5.2e-05	8.3e-05	0.01491	0.01409	0.00012
5	0.04935	0.00026	0.00025	0.04521	0.01342	0.19301	0.02193	0.01879	0.21865	0.04144	0.22471	0.05602	0.04914	0.00019	0.00012	3.8e-05	0.00011	0.03035	0.03688	0.00014

[dist]
# distance from previous block
# <min> <max>
2	15

[block]
# block no. 11 follows, 2926 sequences, length 6
# corresponding to MSA columns:
# 1493-1498
name=unknown_L
#
# <colnr> <probs for GDERKNQSTAVLIFYWHMCP>
#	G	D	E	R	K	N	Q	S	T	A	V	L	I	F	Y	W	H	M	C	P
0	0.00026	0.01397	0.28124	0.16973	0.07493	0.01064	0.08074	0.02675	0.08009	0.06417	0.05239	0.04856	0.01498	0.00962	0.01082	4.1e-05	0.01792	0.01325	0.01053	0.01935
1	0.00016	0.00012	0.00014	0.00014	0.00017	0.00011	0.00010	0.00019	0.00027	0.02876	0.13491	0.13145	0.62734	0.03262	0.00016	4.4e-05	6.6e-05	0.04304	0.00011	0.00010
2	0.01328	0.00023	0.05143	0.02038	0.05090	0.00018	0.01407	0.01435	0.02132	0.02196	0.02551	0.02122	0.02967	0.00011	0.00010	2.4e-05	0.01295	9.2e-05	7.5e-05	0.70214
3	0.00015	0.00012	0.00014	0.00014	0.00017	0.00010	0.00010	0.00019	0.00028	0.00036	0.28029	0.08365	0.59169	0.00029	0.00014	4.1e-05	6.2e-05	0.04186	0.00012	0.00010
4	0.00015	0.00012	0.00014	0.00014	0.00017	0.00011	0.00010	0.00019	0.00029	0.00037	0.36719	0.07541	0.46875	0.05002	0.00016	4.4e-05	6.4e-05	0.03636	0.00012	0.00010
5	0.11766	0.00023	0.06477	0.01493	0.02810	0.00020	0.02004	0.04388	0.02841	0.55891	0.01332	0.01184	0.00028	0.04920	0.01132	4.2e-05	0.00011	0.01155	0.01249	0.01270

[dist]
# distance from previous block
# <min> <max>
2	3

[block]
# block no. 12 follows, 2926 sequences, length 25
# corresponding to MSA columns:
# 1502-1505,1516-1536
name=unknown_M
#
# <colnr> <probs for GDERKNQSTAVLIFYWHMCP>
#	G	D	E	R	K	N	Q	S	T	A	V	L	I	F	Y	W	H	M	C	P
0	0.00021	0.00016	0.00429	0.00021	0.00023	0.00551	0.00017	0.02656	0.00421	0.03374	0.00648	0.02335	0.00676	0.05941	0.63100	0.00356	0.18390	0.00688	0.00327	0.00011
1	0.00023	0.00014	0.00018	0.00016	0.00020	0.00013	0.00012	0.01915	0.00033	0.13237	0.69860	0.00077	0.06204	0.00022	0.00013	3.6e-05	6.6e-05	0.00019	0.01500	0.06993
2	0.00407	0.83134	0.09380	0.00022	0.00845	0.00805	0.00539	0.01012	0.02507	0.00451	0.00422	0.00021	0.00016	0.00011	0.00383	2.8e-05	0.00013	7e-05	5.4e-05	0.00016
3	0.00023	0.00019	0.00026	0.06784	0.11012	0.00017	0.01563	0.00897	0.01195	0.01733	0.01895	0.03933	0.08585	0.00019	0.00012	3.6e-05	0.00010	0.26963	8.6e-05	0.35302
4	0.02120	0.11708	0.58847	0.00032	0.03361	0.03097	0.03497	0.07972	0.04138	0.03809	0.00024	0.00561	0.00017	0.00012	0.00376	3.6e-05	0.00394	9.2e-05	6.4e-05	0.00017
