[name]
unknown

[dist]
# distance from previous block
# <min> <max>
0	92

[block]
# block no. 0 follows, 3375 sequences, length 22
# corresponding to MSA columns:
# 98-119
name=unknown_A
#
# <colnr> <probs for GDERKNQSTAVLIFYWHMCP>
#	G	D	E	R	K	N	Q	S	T	A	V	L	I	F	Y	W	H	M	C	P
0	0.00819	0.00012	0.00017	0.00019	0.00021	0.00013	0.00016	0.00021	0.00022	0.00746	0.00851	0.00099	0.00052	0.04539	0.05280	0.04166	0.05932	0.77359	8.6e-05	9.3e-05
1	0.11214	0.04178	0.00026	0.06257	0.05079	0.00022	0.00017	0.22204	0.03917	0.25311	0.02892	0.00028	0.00021	0.00011	9.3e-05	2.8e-05	9.5e-05	8.7e-05	8.8e-05	0.18784
2	0.00022	0.00019	0.00032	0.79771	0.06950	0.00023	0.02131	0.03756	0.04061	0.03107	0.00020	0.00028	0.00015	0.00010	0.00010	3.4e-05	0.00013	9.3e-05	5.3e-05	0.00012
3	0.00035	0.00025	0.00028	0.00022	0.00029	0.00028	0.01895	0.77768	0.00042	0.01999	0.00027	0.04616	0.00022	0.07136	0.00013	3.6e-05	0.00011	0.02113	9.7e-05	0.04176
4	0.00017	0.00012	0.00015	0.00579	0.00598	0.00012	0.00505	0.07285	0.04984	0.02452	0.26099	0.37582	0.13340	0.01906	0.04169	4.3e-05	7.3e-05	0.00414	9.9e-05	0.00010
5	0.00025	0.02760	0.04019	0.01619	0.64281	0.05135	0.04065	0.00504	0.00409	0.00425	0.00019	0.00025	0.00016	0.00012	0.00014	0.12018	0.00466	8.8e-05	5.1e-05	0.04174
6	0.00025	0.00025	0.04081	0.04982	0.90618	0.00024	0.00032	0.00031	0.00023	0.00033	0.00019	0.00025	0.00016	9.2e-05	0.00010	3.1e-05	0.00012	9.1e-05	5e-05	0.00016
7	0.84933	0.00020	0.00693	0.01869	0.07937	0.00023	0.00013	0.00755	0.00018	0.01082	0.00015	0.00018	0.00012	9.5e-05	6.9e-05	3.1e-05	8.5e-05	6e-05	6.3e-05	0.02570
8	0.00024	0.00018	0.00022	0.00018	0.04178	0.00015	0.00013	0.04066	0.00023	0.10469	0.00687	0.00911	0.00708	0.02426	0.00531	2.2e-05	8.2e-05	7.4e-05	7e-05	0.75863
9	0.00015	0.00010	0.00013	0.00013	0.00013	0.00011	7.9e-05	0.00016	0.00016	0.01132	0.00933	0.00059	0.00831	0.68552	0.20495	0.07844	0.00013	0.00014	6.1e-05	6.9e-05
10	0.00016	0.00011	0.00014	0.00013	0.00016	0.00011	0.00010	0.00022	0.05174	0.05002	0.61863	0.02879	0.15264	0.00636	0.04354	3.9e-05	6.3e-05	0.00529	0.04164	0.00010
11	0.00027	0.65554	0.06575	0.04294	0.00386	0.02024	0.02572	0.01954	0.00440	0.05198	0.00512	0.00645	0.00015	0.00360	0.00616	2.7e-05	0.07683	6.9e-05	0.01120	0.00013
12	0.11550	0.11967	0.11730	0.01498	0.04348	0.00818	0.02326	0.02031	0.00971	0.07720	0.02186	0.05311	0.00806	0.01167	0.01963	3.1e-05	0.06716	0.00537	6.5e-05	0.26345
13	0.01349	0.00333	0.00682	0.02720	0.25053	0.01209	0.00494	0.14471	0.04665	0.01225	0.00896	0.00027	0.00534	0.00427	0.08338	4.8e-05	0.37543	9.5e-05	6.1e-05	0.00014
14	0.00013	9.1e-05	0.00012	0.00014	0.00015	8.4e-05	9.6e-05	0.00015	0.00020	0.00027	0.03916	0.92544	0.02071	0.00032	0.00013	4.1e-05	5.9e-05	0.01253	9.6e-05	8.4e-05
15	0.00299	0.01044	0.05713	0.00460	0.00450	0.00011	0.01845	0.00424	0.00360	0.01319	0.01726	0.49141	0.04489	0.03426	0.03011	0.09886	0.00484	0.15896	8.4e-05	8.9e-05
16	0.01610	0.01605	0.02514	0.05483	0.66146	0.02870	0.00991	0.03381	0.01047	0.07950	0.03241	0.00626	0.00020	0.00503	0.00011	3.2e-05	0.00367	0.01610	6.2e-05	0.00015
17	0.00025	0.00024	0.00517	0.12273	0.79215	0.00524	0.00498	0.00849	0.03101	0.00599	0.00021	0.01707	0.00017	9.9e-05	0.00010	3.1e-05	0.00578	9.6e-05	5.3e-05	0.00015
18	0.00017	0.00011	0.00014	0.00013	0.00016	0.00010	9.8e-05	0.00689	0.01388	0.08277	0.59279	0.01162	0.28036	0.00022	0.00012	3.3e-05	5.4e-05	0.01014	0.00011	0.00010
19	0.00315	0.15396	0.34910	0.12894	0.01979	0.04156	0.09166	0.01103	0.01573	0.02739	0.02433	0.08930	0.02149	0.00399	0.00469	3.3e-05	0.00306	0.01062	5.7e-05	0.00013
20	0.00439	0.03962	0.12456	0.02363	0.38313	0.02121	0.03759	0.01820	0.02068	0.23033	0.05035	0.02370	0.00557	0.00327	0.00369	3.2e-05	0.00011	0.00971	7.4e-05	0.00015
21	0.00975	0.00017	0.01204	0.00021	0.00026	0.03232	0.10127	0.03406	0.00586	0.29149	0.04524	0.11817	0.00866	0.00357	0.00613	3.9e-05	0.00477	0.32576	9.8e-05	0.00013

[dist]
# distance from previous block
# <min> <max>
1	7

[block]
# block no. 1 follows, 3375 sequences, length 38
# corresponding to MSA columns:
# 128,129,131-133,136,137,141-171
name=unknown_B
#
# <colnr> <probs for GDERKNQSTAVLIFYWHMCP>
#	G	D	E	R	K	N	Q	S	T	A	V	L	I	F	Y	W	H	M	C	P
0	0.01148	0.23878	0.12203	0.08653	0.20302	0.05220	0.03847	0.09143	0.07174	0.01274	0.01924	0.01416	0.01706	0.00011	9.5e-05	2.9e-05	0.00472	8.9e-05	6e-05	0.01603
1	0.01189	0.00026	0.00038	0.14168	0.66302	0.09950	0.00552	0.03526	0.00319	0.00854	0.00019	0.00025	0.00016	9.8e-05	0.00011	3.1e-05	0.02641	8.9e-05	5.3e-05	0.00338
2	0.01817	0.02637	0.10624	0.10800	0.40094	0.05557	0.09175	0.06477	0.03919	0.02090	0.03430	0.00201	0.00672	0.00011	0.00010	3.2e-05	0.00968	0.01143	6e-05	0.00366
3	0.00478	0.00014	0.00017	0.00014	0.00019	0.00012	0.00623	0.00424	0.01353	0.01767	0.52870	0.01740	0.04483	0.00017	0.00011	2.8e-05	6.2e-05	0.03461	9.4e-05	0.32680
4	0.00013	0.00010	0.00011	0.00011	0.00014	8.9e-05	8.2e-05	0.00016	0.00557	0.00029	0.13765	0.04682	0.78975	0.01838	0.00013	3.6e-05	5.3e-05	0.00021	9.7e-05	8.8e-05
5	0.00025	0.00024	0.00041	0.06887	0.88370	0.01895	0.01370	0.00414	0.00023	0.00033	0.00020	0.00026	0.00423	9.4e-05	0.00010	3.1e-05	0.00012	0.00393	5.1e-05	0.00016
6	0.00024	0.00021	0.00022	0.00020	0.00025	0.00024	0.00015	0.01476	0.86375	0.00042	0.02297	0.00045	0.08103	0.00015	0.00011	3.5e-05	7.9e-05	0.01448	0.00010	0.00015
7	0.00018	9.9e-05	0.00015	0.00459	0.00015	0.00010	9.9e-05	0.01364	0.00014	0.00019	0.00019	0.00032	0.00018	0.00586	0.06536	0.86245	0.03664	9.1e-05	0.00952	5.3e-05
8	0.00039	0.00622	0.00030	0.00023	0.00489	0.00031	0.00019	0.90577	0.00654	0.05892	0.00026	0.00026	0.00018	0.00012	0.00010	3.1e-05	0.00011	9.3e-05	0.01492	0.00017
9	0.00019	0.00018	0.00031	0.99614	0.00071	0.00023	0.00029	0.00026	0.00021	0.00026	0.00018	0.00027	0.00014	0.00010	0.00010	3.4e-05	0.00014	9.1e-05	4.6e-05	0.00011
10	0.00306	0.03515	0.00950	0.62703	0.01112	0.01584	0.00024	0.10612	0.00479	0.14804	0.00251	0.00028	0.00016	0.00011	0.00233	0.00616	0.00012	9.2e-05	0.01832	0.00901
11	0.00038	0.00028	0.00030	0.00023	0.00031	0.00031	0.00019	0.92563	0.02182	0.00816	0.00026	0.00026	0.00018	0.00012	0.00010	3.1e-05	0.00011	9.3e-05	0.04108	0.00017
12	0.00023	0.00935	0.00022	0.00020	0.00025	0.00022	0.01518	0.01132	0.67519	0.01240	0.06329	0.00642	0.00783	0.00017	0.00011	3.7e-05	8.3e-05	0.19450	0.00286	0.00014
13	0.00012	0.00010	0.00011	0.00011	0.00014	8.7e-05	7.9e-05	0.00015	0.00024	0.00029	0.06133	0.00982	0.92656	0.00026	0.00012	3.5e-05	5.2e-05	0.00022	9.7e-05	8.7e-05
14	0.00016	0.00012	0.00014	0.00014	0.00016	0.00012	9.7e-05	0.05070	0.08305	0.00444	0.07259	0.29879	0.17643	0.25967	0.02963	5.7e-05	0.00312	0.01747	8.8e-05	0.00304
15	0.00022	0.00019	0.00022	0.00016	0.00025	0.01885	0.00012	0.01306	0.00022	0.00034	0.00018	0.00021	0.00015	7.8e-05	7.9e-05	1.6e-05	0.00691	6.2e-05	6.1e-05	0.95863
16	0.00280	0.24044	0.29537	0.00271	0.02326	0.08510	0.21654	0.06052	0.01255	0.01809	0.00436	0.01560	0.01219	0.00010	9.7e-05	3e-05	0.00356	0.00421	5.4e-05	0.00241
17	0.00016	0.00011	0.00014	0.00014	0.00016	0.00011	0.00011	0.00433	0.00401	0.00025	0.00042	0.00472	0.00472	0.55241	0.00035	7.6e-05	9.6e-05	0.40916	0.01846	7.7e-05
18	0.00014	0.00011	0.00013	0.00466	0.00015	0.00490	9.2e-05	0.00018	0.00027	0.00035	0.57772	0.05981	0.34582	0.00023	0.00012	3.4e-05	5.2e-05	0.00505	0.00011	9.3e-05
19	0.92057	0.00419	0.01147	0.00712	0.00021	0.02380	0.00320	0.02160	0.00341	0.00348	0.00015	0.00017	0.00011	9.7e-05	6.6e-05	3.2e-05	8.4e-05	5.8e-05	6.4e-05	0.00011
20	0.00280	0.00016	0.00276	0.00240	0.01115	0.01663	0.01841	0.00020	0.00200	0.00253	0.01467	0.41971	0.00723	0.06189	0.03583	5e-05	0.38979	0.00910	0.00260	9.7e-05
21	0.00026	0.00023	0.00024	0.00022	0.02797	0.02323	0.00017	0.01233	0.92009	0.00043	0.01341	0.00038	0.00031	0.00014	0.00010	3.4e-05	8.5e-05	0.00011	0.00010	0.00016
22	0.00013	0.00010	0.00011	0.00011	0.00013	9.3e-05	7.4e-05	0.00015	0.00020	0.00025	0.05347	0.02135	0.50381	0.39935	0.01432	6.3e-05	7.4e-05	0.00603	8.3e-05	7.8e-05
23	0.13042	0.00307	0.01901	0.00019	0.00026	0.04635	0.01886	0.08045	0.00323	0.62342	0.00035	0.03961	0.00025	0.00013	0.00277	3.3e-05	9.6e-05	0.03125	0.00011	0.00016
24	0.00014	0.00010	0.00013	0.00013	0.00015	9.6e-05	9.5e-05	0.00019	0.00029	0.00040	0.91551	0.00078	0.07233	0.00021	0.00012	3.2e-05	4.9e-05	0.00019	0.00895	9.6e-05
25	0.00020	0.00019	0.00027	0.00024	0.00025	0.01376	0.00020	0.00023	0.00016	0.00024	0.00018	0.00028	0.00017	0.00035	0.29155	8e-05	0.69140	9.6e-05	4.8e-05	0.00011
26	0.00036	0.22618	0.00752	0.00024	0.00031	0.75563	0.00019	0.00039	0.00027	0.00781	0.00016	0.00018	0.00013	0.00010	8.7e-05	2.6e-05	0.00017	6.4e-05	5.1e-05	0.00012
27	0.99711	0.00020	0.00015	0.00014	0.00020	0.00023	0.00011	0.00030	0.00017	0.00046	0.00014	0.00017	0.00011	9.5e-05	6.4e-05	3.2e-05	8e-05	5.6e-05	6.4e-05	0.00011
28	0.00023	0.00023	0.00035	0.49504	0.33506	0.07237	0.04432	0.01198	0.00023	0.00349	0.00019	0.00406	0.00424	0.00010	0.00011	3.3e-05	0.02395	0.00382	5e-05	0.00013
29	0.00710	0.03519	0.01647	0.01817	0.47197	0.03906	0.19032	0.02893	0.10762	0.02582	0.02729	0.00407	0.00981	0.00011	0.00011	3.2e-05	0.01517	0.00256	6.2e-05	0.00015
30	0.00019	0.00017	0.00023	0.00020	0.00021	0.00022	0.00504	0.00021	0.00016	0.00023	0.00022	0.00040	0.00023	0.36062	0.05988	0.02612	0.54076	0.00478	5.2e-05	9.1e-05
31	0.00015	0.00011	0.00013	0.00013	0.00016	0.00615	0.00695	0.00267	0.01637	0.01229	0.56741	0.02804	0.34053	0.00023	0.00485	3.4e-05	0.00479	0.00578	0.00010	0.00314
32	0.00022	0.01557	0.00753	0.00017	0.01965	0.01269	0.00363	0.01006	0.02410	0.00897	0.00019	0.00022	0.00016	8e-05	7.9e-05	1.7e-05	0.00299	6.4e-05	6.2e-05	0.89355
33	0.00014	0.00010	0.00013	0.00013	0.00015	9.6e-05	9.5e-05	0.00019	0.00028	0.00040	0.87926	0.01866	0.09955	0.00022	0.00012	3.3e-05	4.9e-05	0.00019	0.00011	9.6e-05
34	0.00017	0.00013	0.00017	0.00017	0.02531	0.01452	0.00950	0.06679	0.01597	0.00736	0.02165	0.05843	0.01527	0.24841	0.49544	0.00012	0.01580	0.00222	6.5e-05	0.00249
35	0.00014	0.00010	0.00013	0.00012	0.00015	9.3e-05	9e-05	0.00018	0.00027	0.00482	0.59737	0.01402	0.36131	0.00023	0.00012	3.3e-05	5e-05	0.00719	0.01350	9.3e-05
36	0.00527	0.01339	0.00418	0.00023	0.00029	0.14139	0.04269	0.17268	0.60736	0.00632	0.00488	0.00032	0.00026	0.00013	0.00010	3.3e-05	0.00011	0.00010	9.4e-05	0.00016
37	0.00022	0.15711	0.79773	0.00027	0.00041	0.01299	0.00538	0.00645	0.00022	0.00525	0.00018	0.00021	0.00013	9.6e-05	9.2e-05	3.1e-05	0.00014	7.3e-05	4.5e-05	0.01297

[dist]
# distance from previous block
# <min> <max>
0	1

[block]
# block no. 2 follows, 3375 sequences, length 20
# corresponding to MSA columns:
# 173-192
name=unknown_C
#
# <colnr> <probs for GDERKNQSTAVLIFYWHMCP>
#	G	D	E	R	K	N	Q	S	T	A	V	L	I	F	Y	W	H	M	C	P
0	0.00517	0.29173	0.19609	0.01073	0.00033	0.28450	0.03692	0.08675	0.01389	0.02871	0.00018	0.00021	0.00015	0.00540	0.02490	3.2e-05	0.01405	7.3e-05	5.6e-05	0.00014
1	0.00017	0.00012	0.00017	0.00019	0.00021	0.00012	0.00016	0.00021	0.00023	0.00030	0.00053	0.01933	0.01406	0.01142	0.00015	4.8e-05	0.03741	0.91496	9.2e-05	9.5e-05
2	0.00014	0.00010	0.00013	0.00013	0.00015	9.6e-05	9.5e-05	0.00019	0.00028	0.00039	0.86190	0.02559	0.10998	0.00022	0.00012	3.3e-05	4.9e-05	0.00019	0.00011	9.6e-05
3	0.95950	0.00020	0.00016	0.00014	0.00020	0.00023	0.00011	0.03785	0.00019	0.00047	0.00015	0.00017	0.00011	9.6e-05	6.5e-05	3.2e-05	8.1e-05	5.7e-05	6.5e-05	0.00011
4	0.00022	0.00021	0.00030	0.02024	0.01117	0.00675	0.02331	0.00024	0.00017	0.00025	0.00018	0.00028	0.02260	0.03140	0.06604	5.3e-05	0.79879	0.00937	0.00834	0.00011
5	0.00025	0.00024	0.00041	0.03855	0.95784	0.00024	0.00031	0.00031	0.00023	0.00033	0.00019	0.00026	0.00016	9.2e-05	0.00010	3.1e-05	0.00012	9.2e-05	5.1e-05	0.00016
6	0.00013	9.1e-05	0.00012	0.00014	0.00015	8.6e-05	9.3e-05	0.00015	0.00019	0.00026	0.02556	0.84853	0.00065	0.10890	0.00017	4.8e-05	6.4e-05	0.01450	9.2e-05	8.2e-05
7	0.99711	0.00020	0.00015	0.00014	0.00020	0.00023	0.00011	0.00030	0.00017	0.00046	0.00014	0.00017	0.00011	9.5e-05	6.4e-05	3.2e-05	8e-05	5.6e-05	6.4e-05	0.00011
8	0.00021	0.03472	0.92971	0.00029	0.00043	0.00025	0.00037	0.03229	0.00023	0.00033	0.00019	0.00022	0.00013	9.8e-05	9.7e-05	3.2e-05	0.00015	7.6e-05	4.5e-05	0.00015
9	0.00015	0.0001	0.00011	0.00011	0.00011	0.0001	6.4e-05	0.00015	0.00015	0.00020	0.00033	0.02311	0.00038	0.95322	0.02123	0.0001	0.00010	0.00015	6.3e-05	6.3e-05
10	0.00042	0.00020	0.00025	0.00019	0.00027	0.00019	0.00016	0.22763	0.01561	0.67879	0.06395	0.00036	0.00028	0.01109	0.00011	3.2e-05	9.1e-05	0.00011	0.00012	0.00017
11	0.01089	0.00018	0.00021	0.00016	0.00023	0.00416	0.00481	0.03657	0.01373	0.02250	0.00849	0.08170	0.01370	0.04204	0.00010	2.3e-05	0.00509	0.00565	6.8e-05	0.74970
12	0.00026	0.00022	0.00023	0.00021	0.00027	0.00026	0.00016	0.02938	0.96672	0.00044	0.00041	0.00038	0.00031	0.00014	0.00010	3.5e-05	8.2e-05	0.00012	0.00010	0.00016
13	0.00280	0.00207	0.00222	0.92909	0.03649	0.00179	0.00148	0.00228	0.00199	0.00287	0.00275	0.00375	0.00253	0.00177	0.00123	0.00050	0.00106	0.00097	0.00091	0.00148
14	0.00285	0.00210	0.00215	0.04094	0.06797	0.04224	0.00835	0.01699	0.65545	0.00934	0.04126	0.01531	0.03133	0.01572	0.01553	0.00050	0.02102	0.00847	0.00096	0.00151
15	0.00016	0.00011	0.00014	0.00014	0.00015	0.00012	9.4e-05	0.01647	0.03523	0.00023	0.00031	0.00055	0.00032	0.58078	0.30680	0.00011	0.03215	0.00013	0.02591	7.9e-05
16	0.03919	0.00020	0.00031	0.32178	0.34132	0.00474	0.00345	0.00653	0.01810	0.01402	0.03218	0.01297	0.00424	0.00505	0.06907	0.00365	0.06835	9.7e-05	5.5e-05	0.05470
17	0.81821	0.00414	0.00399	0.00857	0.00536	0.00397	0.02754	0.03204	0.00613	0.00876	0.03215	0.03779	0.00017	0.00365	7.4e-05	3.2e-05	8.3e-05	0.00372	0.00351	0.00011
18	0.00022	0.00022	0.00031	0.00026	0.00027	0.00031	0.00022	0.00024	0.00016	0.00025	0.00017	0.00025	0.03521	0.00018	0.00033	4.5e-05	0.96111	9.4e-05	4.7e-05	0.00011
19	0.19565	0.01025	0.00795	0.00709	0.07884	0.05165	0.00491	0.05888	0.07982	0.32145	0.10586	0.01059	0.03031	0.00338	9.9e-05	3.2e-05	0.00436	0.00314	9.4e-05	0.02564

[dist]
# distance from previous block
# <min> <max>
0	33

# created by:
# /home/cegg/simao/soft/augustus-3.2.1/scripts/msa2prfl.pl ./align_prep/POG091H007P.fa
