[name]
unknown

[dist]
# distance from previous block
# <min> <max>
0	397

[block]
# block no. 0 follows, 2998 sequences, length 41
# corresponding to MSA columns:
# 446-448,450-480,485-491
name=unknown_A
#
# <colnr> <probs for GDERKNQSTAVLIFYWHMCP>
#	G	D	E	R	K	N	Q	S	T	A	V	L	I	F	Y	W	H	M	C	P
0	0.00020	0.00014	0.00461	0.00021	0.00321	0.01491	0.00019	0.00573	0.00660	0.01879	0.00903	0.02275	0.00064	0.00031	0.00016	5.2e-05	0.00011	0.90395	0.00011	0.00830
1	0.00545	0.00020	0.00026	0.01185	0.01829	0.00017	0.00017	0.00435	0.00488	0.69534	0.01635	0.00635	0.00027	0.00013	0.00011	3.1e-05	9.6e-05	0.00011	0.00012	0.23548
2	0.00039	0.00049	0.00034	0.04185	0.03596	0.79631	0.03451	0.00557	0.00544	0.00030	0.00758	0.00735	0.02958	0.00013	0.00012	3.2e-05	0.03378	8.8e-05	6.2e-05	0.00014
3	0.00024	0.00022	0.00024	0.00022	0.01751	0.06077	0.00842	0.10750	0.16706	0.00714	0.00065	0.02382	0.40039	0.00022	0.00018	4e-05	0.19568	0.00716	0.00239	0.00013
4	0.00031	0.00508	0.02166	0.01453	0.65520	0.00588	0.00779	0.03463	0.02177	0.12195	0.00763	0.01156	0.00587	0.00183	0.00297	3.4e-05	0.00310	0.00011	7.3e-05	0.07803
5	0.01364	0.00032	0.00038	0.00029	0.00038	0.00867	0.11881	0.82635	0.00964	0.01994	0.00028	0.00028	0.00020	0.00013	0.00012	3.5e-05	0.00013	0.00011	0.00011	0.00019
6	0.02174	0.00023	0.00032	0.00025	0.02363	0.00830	0.09871	0.12637	0.01680	0.68928	0.00491	0.00036	0.00026	0.00014	0.00012	3.6e-05	0.00011	0.00012	0.00322	0.00509
7	0.00023	0.00024	0.10515	0.09991	0.35355	0.00239	0.02898	0.00975	0.00615	0.02302	0.01752	0.10385	0.22545	0.00223	0.00013	3.8e-05	0.00012	0.02108	7.7e-05	0.00014
8	0.00028	0.00574	0.01390	0.03011	0.92175	0.00027	0.00960	0.00035	0.00443	0.00037	0.00022	0.01203	0.00019	0.00011	0.00011	3.5e-05	0.00014	0.00011	5.8e-05	0.00018
9	0.00025	0.02572	0.00034	0.79253	0.00919	0.00332	0.00030	0.03743	0.00755	0.07929	0.00466	0.00034	0.00018	0.00269	0.00437	3.9e-05	0.01101	0.02059	6.3e-05	0.00014
10	0.00026	0.00452	0.00597	0.00017	0.00022	0.03468	0.00013	0.01639	0.02939	0.22060	0.22749	0.03929	0.33293	0.00721	0.00876	4e-05	0.05382	0.01789	0.00011	0.00013
11	0.00512	0.00677	0.02304	0.55610	0.21121	0.00277	0.02347	0.01502	0.00414	0.01689	0.02544	0.06487	0.03756	0.00330	0.00191	3.8e-05	0.00201	0.00013	6.3e-05	0.00014
12	0.00327	0.00026	0.00045	0.05198	0.08849	0.01206	0.42726	0.02871	0.17667	0.02123	0.10029	0.02212	0.06140	0.00015	0.00231	3.9e-05	0.00294	0.00015	8.3e-05	0.00015
13	0.01221	0.07869	0.01057	0.00397	0.00032	0.27484	0.01151	0.21665	0.12623	0.14678	0.00720	0.00259	0.09820	0.00015	0.00011	3.4e-05	0.00013	0.00955	9.6e-05	0.00016
14	0.00328	0.03013	0.43229	0.02062	0.08393	0.03907	0.02901	0.00957	0.01584	0.15668	0.07825	0.05571	0.03209	0.00457	0.00472	3.8e-05	0.00218	0.00180	7.8e-05	0.00016
15	0.00456	0.00340	0.04607	0.18821	0.47005	0.01486	0.01369	0.01763	0.05997	0.09415	0.05823	0.01110	0.01209	0.00013	0.00012	3.6e-05	0.00217	0.00330	7.4e-05	0.00017
16	0.00216	0.00026	0.01502	0.51121	0.13592	0.09987	0.02355	0.01574	0.00643	0.14621	0.00778	0.01850	0.00382	0.00617	0.00012	3.7e-05	0.00689	0.00011	7e-05	0.00015
17	0.00316	0.00026	0.01019	0.51959	0.02167	0.12384	0.01748	0.00423	0.19601	0.04906	0.00027	0.00222	0.00021	0.00808	0.00907	0.00183	0.02871	0.00192	0.00207	0.00014
18	0.00191	0.00906	0.10534	0.01131	0.06689	0.00926	0.09174	0.02054	0.00731	0.26452	0.05058	0.28984	0.04444	0.00294	0.00178	4e-05	0.00011	0.01935	0.00010	0.00295
19	0.00024	0.00021	0.01783	0.44790	0.04972	0.00834	0.02980	0.00515	0.00359	0.05259	0.05886	0.04025	0.06676	0.00227	0.02981	4.5e-05	0.18100	0.00338	0.00212	0.00013
20	0.00351	0.00054	0.00033	0.01125	0.00744	0.95363	0.00022	0.00381	0.00309	0.00297	0.00538	0.00421	0.00288	0.00012	0.00010	3e-05	0.00020	7.7e-05	6.1e-05	0.00013
21	0.02025	0.00024	0.00035	0.25164	0.27105	0.01959	0.03776	0.07369	0.03898	0.17233	0.05567	0.01091	0.02058	0.00358	0.00193	3.7e-05	0.00898	0.00918	0.00309	0.00016
22	0.01424	0.00622	0.00998	0.01917	0.02217	0.01257	0.02741	0.33597	0.01939	0.31728	0.01357	0.00749	0.02524	0.02589	0.09432	0.00186	0.00565	0.03100	0.00011	0.01050
23	0.00342	0.00539	0.02362	0.19268	0.02953	0.02582	0.14274	0.00271	0.01112	0.03347	0.15499	0.09010	0.09146	0.01421	0.12990	0.01833	0.00840	0.02054	0.00146	0.00012
24	0.00852	0.00023	0.00281	0.33190	0.46201	0.00438	0.00313	0.01442	0.01387	0.03989	0.01374	0.03761	0.02569	0.00013	0.00219	3.7e-05	0.02375	0.01546	6.5e-05	0.00016
25	0.01754	0.00604	0.00549	0.00912	0.07655	0.01978	0.00022	0.71541	0.12268	0.01407	0.00555	0.00030	0.00022	0.00635	0.00012	3.6e-05	0.00012	0.00011	0.00011	0.00019
26	0.01028	0.01566	0.07243	0.23297	0.09567	0.01729	0.03507	0.06457	0.12079	0.18133	0.00367	0.00683	0.00468	0.01154	0.00013	0.00340	0.01080	0.11050	8.8e-05	0.00231
27	0.00303	0.00013	0.00016	0.00017	0.00019	0.00012	0.00013	0.00713	0.04557	0.03384	0.25460	0.25274	0.13851	0.02435	0.03758	5e-05	8.3e-05	0.18649	0.01502	0.00011
28	0.00426	0.00023	0.00039	0.61485	0.33965	0.00889	0.00033	0.00484	0.00701	0.00033	0.00021	0.00030	0.00017	0.00011	0.00012	3.7e-05	0.01798	0.00010	5.4e-05	0.00015
29	0.01642	0.00241	0.00908	0.00952	0.01539	0.12186	0.00412	0.03740	0.76147	0.00436	0.00573	0.00236	0.00212	0.00251	0.00185	3.8e-05	0.00295	0.00012	0.00011	0.00017
30	0.00220	0.00166	0.02230	0.00284	0.00623	0.00343	0.03161	0.05388	0.02295	0.40093	0.03448	0.08431	0.04380	0.15205	0.10223	0.00230	0.00583	0.01889	0.00793	0.00015
31	0.00309	0.00015	0.02860	0.00331	0.01128	0.00314	0.00236	0.02765	0.03290	0.04207	0.28755	0.06729	0.42493	0.00623	0.00213	4e-05	0.00290	0.05413	0.00011	0.00011
32	0.00027	0.00026	0.00043	0.26040	0.70848	0.00395	0.00034	0.00658	0.00969	0.00415	0.00022	0.00029	0.00018	0.00011	0.00413	3.6e-05	0.00014	0.00010	5.7e-05	0.00017
33	0.00834	0.00957	0.01482	0.11782	0.55238	0.07105	0.03237	0.04005	0.02071	0.08691	0.00755	0.00659	0.00440	0.00178	0.00178	3.6e-05	0.02134	0.00225	6.9e-05	0.00017
34	0.00020	0.00013	0.00016	0.00015	0.00018	0.00012	0.00011	0.00025	0.04155	0.08254	0.44231	0.09277	0.02151	0.24047	0.03486	6.1e-05	8.4e-05	0.01422	0.02822	0.00011
35	0.00197	0.05379	0.21480	0.24216	0.06192	0.04746	0.01824	0.00599	0.01197	0.01291	0.07406	0.13268	0.05139	0.02150	0.02673	4.3e-05	0.01140	0.00925	0.00162	0.00013
36	0.01087	0.05242	0.19671	0.01302	0.19300	0.04673	0.03604	0.05247	0.05783	0.22923	0.03854	0.03021	0.01394	0.00494	0.00716	3.7e-05	0.01073	0.00587	8.7e-05	0.00017
37	0.00271	0.00202	0.02218	0.00202	0.00672	0.00555	0.00459	0.03297	0.04250	0.72617	0.01807	0.08049	0.01669	0.01189	0.00175	3.8e-05	9.9e-05	0.01872	0.00214	0.00267
38	0.00193	0.00281	0.01927	0.00249	0.01425	0.00190	0.00609	0.01290	0.05188	0.07432	0.33862	0.12401	0.33039	0.00262	0.00171	3.9e-05	6.9e-05	0.00234	0.01223	0.00012
39	0.01481	0.13733	0.21262	0.01102	0.06237	0.03281	0.05424	0.05970	0.05355	0.25804	0.02757	0.05342	0.00636	0.00201	0.00012	3.5e-05	0.01035	0.00338	8.9e-05	0.00017
40	0.03639	0.01644	0.09313	0.02210	0.08783	0.05481	0.02656	0.14540	0.07848	0.37941	0.01882	0.01452	0.01088	0.00385	0.00012	3.6e-05	0.01084	0.00011	0.00011	0.00018

[dist]
# distance from previous block
# <min> <max>
2	15

[block]
# block no. 1 follows, 2998 sequences, length 39
# corresponding to MSA columns:
# 512,514-527,529-537,540-554
name=unknown_B
#
# <colnr> <probs for GDERKNQSTAVLIFYWHMCP>
#	G	D	E	R	K	N	Q	S	T	A	V	L	I	F	Y	W	H	M	C	P
0	0.00317	0.00278	0.00026	0.00281	0.00905	0.00017	0.00314	0.02036	0.01212	0.81986	0.08303	0.02174	0.01534	0.00016	0.00012	3.6e-05	9.5e-05	0.00545	0.00014	0.00018
1	0.01391	0.03099	0.14253	0.02703	0.11779	0.04684	0.19582	0.03494	0.09673	0.08789	0.06854	0.06845	0.02855	0.00016	0.00599	0.00225	0.00486	0.02340	8.2e-05	0.00324
2	0.00910	0.05177	0.25571	0.00630	0.09278	0.03669	0.05531	0.03962	0.08810	0.27193	0.03472	0.03231	0.00778	0.00411	0.00012	3.6e-05	0.00427	0.00352	9.1e-05	0.00575
3	0.00257	0.00466	0.02541	0.03056	0.03095	0.01171	0.02811	0.02752	0.02585	0.47362	0.02793	0.21460	0.01617	0.02892	0.02323	4.4e-05	0.00396	0.02036	0.00366	0.00016
4	0.00390	0.00012	0.00287	0.00238	0.00018	0.00012	0.01581	0.00562	0.00502	0.03888	0.02857	0.37456	0.01746	0.27594	0.15889	0.00417	0.01224	0.05041	0.00277	9.7e-05
5	0.00486	0.00757	0.00266	0.16817	0.24457	0.12164	0.05704	0.07928	0.02846	0.07645	0.06911	0.02208	0.02804	0.00339	0.00595	3.6e-05	0.00774	0.00216	0.00470	0.06610
6	0.01303	0.04350	0.14101	0.01562	0.14262	0.05050	0.03829	0.05141	0.07166	0.16697	0.12399	0.05299	0.04147	0.02149	0.00872	3.9e-05	0.01088	0.00395	9.2e-05	0.00176
7	0.00041	0.00018	0.00024	0.00020	0.00027	0.00376	0.00016	0.02263	0.03320	0.65985	0.10473	0.02548	0.02097	0.01484	0.02794	0.00471	9.9e-05	0.07278	0.00739	0.00017
8	0.01496	0.01235	0.06528	0.00195	0.00813	0.07357	0.23300	0.09346	0.08118	0.07431	0.12615	0.01019	0.08273	0.02273	0.04302	4.5e-05	0.02394	0.00986	0.02301	0.00015
9	0.00733	0.00026	0.00279	0.11912	0.26862	0.00027	0.02533	0.29431	0.00581	0.03517	0.01245	0.00267	0.00223	0.00012	0.00011	3.2e-05	0.01237	9.9e-05	0.00243	0.20849
10	0.00026	0.00537	0.12382	0.02601	0.22005	0.01529	0.03291	0.02222	0.03815	0.11594	0.11764	0.10907	0.08657	0.00696	0.00869	0.00289	0.00404	0.05818	0.00580	0.00015
11	0.00014	0.00011	0.00013	0.00014	0.00017	9.9e-05	0.00010	0.00017	0.00025	0.00437	0.08417	0.45832	0.38737	0.02681	0.00662	4.6e-05	6.7e-05	0.03070	0.00011	9.7e-05
12	0.00471	0.74550	0.00510	0.00204	0.01459	0.01401	0.02517	0.01489	0.00414	0.03755	0.00226	0.00027	0.00019	0.00416	0.01378	3.2e-05	0.05528	0.05349	0.00270	0.00015
13	0.01036	0.00025	0.00418	0.27164	0.50092	0.00314	0.04946	0.05279	0.02556	0.00900	0.00543	0.00034	0.00633	0.00012	0.00012	0.00349	0.02140	0.03523	6.3e-05	0.00016
14	0.05196	0.00019	0.00025	0.00021	0.00275	0.00244	0.04261	0.02357	0.02104	0.56944	0.02803	0.07658	0.04094	0.02485	0.03106	4.5e-05	0.00816	0.06142	0.01432	0.00016
15	0.03167	0.00019	0.01610	0.00996	0.01507	0.00461	0.00348	0.03999	0.01786	0.51290	0.31099	0.00906	0.01188	0.00018	0.00479	3.7e-05	0.00698	0.00015	0.00392	0.00016
16	0.02496	0.07077	0.00494	0.04548	0.16561	0.03910	0.04131	0.32681	0.10733	0.12002	0.02901	0.00733	0.00439	0.00013	0.00011	3.5e-05	0.00244	0.00011	0.00992	0.00018
17	0.00967	0.00027	0.00339	0.08406	0.78181	0.01180	0.00573	0.01972	0.03929	0.01246	0.01199	0.00255	0.00322	0.00011	0.00012	3.5e-05	0.00829	0.00011	0.00523	0.00018
18	0.74195	0.00686	0.00022	0.02353	0.04712	0.13040	0.00342	0.02332	0.00023	0.00047	0.00017	0.00020	0.00013	0.00011	8.6e-05	3.5e-05	0.01792	6.9e-05	6.9e-05	0.00369
19	0.00246	0.00012	0.00015	0.00238	0.00275	0.00012	0.00274	0.00712	0.03909	0.02511	0.40914	0.19695	0.28286	0.01704	0.00695	4.2e-05	0.00242	0.00234	0.00012	0.00011
20	0.00015	0.00012	0.00014	0.00014	0.00667	0.00231	0.00407	0.00018	0.00217	0.00378	0.06106	0.18699	0.56711	0.07700	0.04763	0.00295	0.01069	0.02411	0.00265	9.8e-05
21	0.00026	0.00247	0.00302	0.00267	0.09115	0.00994	0.00312	0.02055	0.00505	0.01059	0.00458	0.00026	0.00016	0.00019	0.00034	4.8e-05	0.84094	0.00010	5.4e-05	0.00451
22	0.01086	0.00438	0.00796	0.09942	0.67106	0.00544	0.01360	0.02796	0.00858	0.07165	0.00187	0.01054	0.01098	0.00012	0.00012	0.00850	0.00608	0.00011	0.00171	0.03907
23	0.00539	0.00052	0.00651	0.01843	0.04634	0.87237	0.01321	0.00821	0.01600	0.00555	0.00019	0.00022	0.00016	0.00310	0.00011	3.1e-05	0.00339	7.9e-05	6.1e-05	0.00014
24	0.00032	0.00029	0.01611	0.01219	0.34721	0.10957	0.11118	0.01105	0.23869	0.09693	0.00289	0.00320	0.00024	0.00483	0.03064	4.1e-05	0.00014	0.01058	0.00372	0.00017
25	0.06661	0.00019	0.00025	0.00329	0.00028	0.00017	0.00016	0.01022	0.00458	0.82986	0.05179	0.01462	0.00895	0.00015	0.00011	3.6e-05	9.5e-05	0.00012	0.00831	0.00018
26	0.01759	0.02128	0.00236	0.00430	0.00278	0.03931	0.00249	0.22682	0.00295	0.65542	0.00436	0.00285	0.00244	0.00014	0.00012	3.5e-05	0.01432	0.00011	0.00013	0.00019
27	0.00313	0.00311	0.00428	0.76796	0.00770	0.17249	0.00579	0.00033	0.00025	0.02023	0.00546	0.00029	0.00016	0.00012	0.00012	3.7e-05	0.00824	9.9e-05	5.5e-05	0.00013
28	0.00254	0.04384	0.00297	0.15234	0.44659	0.01953	0.04836	0.00848	0.01447	0.00639	0.00027	0.06505	0.02470	0.00016	0.02575	4.2e-05	0.12942	0.00228	0.00667	0.00015
29	0.00026	0.00024	0.00038	0.00055	0.70463	0.00241	0.00626	0.01061	0.00756	0.00817	0.14461	0.01036	0.07741	0.00927	0.00233	3.6e-05	0.00350	0.00887	0.00241	0.00016
30	0.01442	0.00031	0.00427	0.01084	0.00458	0.00034	0.01441	0.86232	0.00051	0.08640	0.00029	0.00029	0.00020	0.00014	0.00012	3.5e-05	0.00013	0.00010	0.00012	0.00019
31	0.04608	0.00925	0.00561	0.64279	0.10055	0.04283	0.01888	0.02961	0.01634	0.06418	0.00606	0.00260	0.00325	0.00012	0.00012	3.7e-05	0.00729	0.00186	0.00242	0.00014
32	0.00015	0.00011	0.00014	0.00016	0.00017	9.9e-05	0.00011	0.00017	0.00492	0.00933	0.03150	0.79670	0.05425	0.00768	0.00496	0.01427	7.1e-05	0.07122	0.00388	9.6e-05
33	0.00219	0.02098	0.00588	0.00024	0.00419	0.09636	0.03814	0.15522	0.13565	0.39343	0.01658	0.01564	0.00990	0.01774	0.01531	0.00167	0.01437	0.04897	0.00737	0.00017
34	0.01300	0.00283	0.00415	0.07693	0.38152	0.02623	0.04195	0.03170	0.02608	0.25048	0.02237	0.05841	0.01696	0.00332	0.00013	3.7e-05	0.03719	0.00425	0.00230	0.00017
35	0.00315	0.00322	0.00697	0.19363	0.23233	0.00605	0.07840	0.02652	0.01160	0.17006	0.01068	0.11481	0.01232	0.03441	0.01849	4.4e-05	0.06141	0.01286	0.00290	0.00015
36	0.00017	0.00012	0.00015	0.00356	0.00331	0.00234	0.00011	0.01666	0.00337	0.03666	0.38153	0.21040	0.25728	0.04948	0.02159	0.00207	0.00298	0.00799	0.00011	0.00011
37	0.00817	0.00812	0.00298	0.01911	0.28096	0.45903	0.01674	0.03538	0.00814	0.11886	0.00792	0.00739	0.00019	0.00660	0.00199	3.4e-05	0.01533	0.00281	7.2e-05	0.00016
38	0.05261	0.00866	0.02077	0.01335	0.28808	0.03261	0.03129	0.10967	0.05219	0.34946	0.01384	0.00898	0.00398	0.00188	0.00012	3.6e-05	0.00443	0.00187	9.9e-05	0.00606

[dist]
# distance from previous block
# <min> <max>
0	90

# created by:
# /home/cegg/simao/soft/augustus-3.2.1/scripts/msa2prfl.pl ./align_prep/POG091H00ZY.fa
