[name]
unknown

[dist]
# distance from previous block
# <min> <max>
0	487

[block]
# block no. 0 follows, 2732 sequences, length 7
# corresponding to MSA columns:
# 826-832
name=unknown_A
#
# <colnr> <probs for GDERKNQSTAVLIFYWHMCP>
#	G	D	E	R	K	N	Q	S	T	A	V	L	I	F	Y	W	H	M	C	P
0	0.04273	0.02253	0.02893	0.02599	0.00022	0.00015	0.00014	0.00991	0.01610	0.01347	0.08844	0.28535	0.39518	0.01045	0.02049	4.9e-05	0.00964	0.01790	0.00011	0.01221
1	0.01363	0.03007	0.09702	0.12534	0.03116	0.03858	0.02104	0.03224	0.09219	0.05719	0.05378	0.04029	0.01394	0.05310	0.10400	0.00794	0.08677	0.00983	0.01789	0.07401
2	0.01020	0.03203	0.02061	0.15480	0.03215	0.07211	0.01272	0.12195	0.44181	0.01522	0.01404	0.01580	0.01104	0.00017	0.01010	4.3e-05	0.01539	0.00919	0.01045	0.00018
3	0.00998	0.05715	0.00914	0.01001	0.01009	0.00017	0.02682	0.01301	0.02045	0.05878	0.40059	0.11030	0.11970	0.01876	0.02929	0.01259	9.1e-05	0.01173	0.02329	0.05806
4	0.14875	0.05169	0.13732	0.09060	0.03802	0.03479	0.11445	0.03991	0.01156	0.04376	0.05481	0.02637	0.06192	0.02274	0.03561	0.01844	0.01406	0.04692	8.2e-05	0.00819
5	0.01636	0.74475	0.07252	0.00025	0.00036	0.01732	0.04595	0.02683	0.01572	0.02392	0.00020	0.00023	0.00017	0.00013	0.01447	3.3e-05	0.02048	7.9e-05	6.1e-05	0.00017
6	0.01594	0.00013	0.00016	0.00019	0.01402	0.00012	0.00013	0.00022	0.01372	0.04571	0.05215	0.72783	0.03113	0.03732	0.01570	5.5e-05	8.3e-05	0.03202	0.01327	0.00011

[dist]
# distance from previous block
# <min> <max>
0	1

[block]
# block no. 1 follows, 2732 sequences, length 6
# corresponding to MSA columns:
# 834-839
name=unknown_B
#
# <colnr> <probs for GDERKNQSTAVLIFYWHMCP>
#	G	D	E	R	K	N	Q	S	T	A	V	L	I	F	Y	W	H	M	C	P
0	0.00019	0.00013	0.00016	0.00018	0.00020	0.00012	0.00013	0.01415	0.00026	0.04136	0.07107	0.67450	0.06893	0.01957	0.01662	0.02130	0.01427	0.02883	0.01403	0.01402
1	0.03547	0.02611	0.06274	0.12845	0.01090	0.03348	0.02499	0.01562	0.05621	0.01464	0.00986	0.15565	0.00927	0.22777	0.06876	0.05165	0.03475	0.01888	0.01468	0.00012
2	0.00027	0.01087	0.00031	0.01072	0.00030	0.02253	0.01219	0.01269	0.05046	0.01200	0.01271	0.08561	0.01128	0.04343	0.22173	0.01235	0.45018	0.01237	0.01787	0.00014
3	0.01027	0.00017	0.00021	0.01018	0.01156	0.03071	0.01084	0.01099	0.01331	0.04606	0.01897	0.30425	0.02166	0.18492	0.19682	0.01035	0.07294	0.02104	9.3e-05	0.02465
4	0.00025	0.00022	0.00025	0.00018	0.00029	0.00016	0.00015	0.00031	0.00027	0.00042	0.09927	0.00033	0.00029	0.00011	9.9e-05	2.1e-05	9.1e-05	9e-05	8.2e-05	0.89710
5	0.00904	0.01153	0.01302	0.34932	0.01804	0.02562	0.01255	0.02978	0.03448	0.01386	0.01913	0.10650	0.03283	0.11313	0.09445	0.00938	0.07813	0.01972	0.00936	0.00013

[dist]
# distance from previous block
# <min> <max>
0	2

[block]
# block no. 2 follows, 2732 sequences, length 8
# corresponding to MSA columns:
# 842-849
name=unknown_C
#
# <colnr> <probs for GDERKNQSTAVLIFYWHMCP>
#	G	D	E	R	K	N	Q	S	T	A	V	L	I	F	Y	W	H	M	C	P
0	0.08808	0.08472	0.01894	0.48647	0.05514	0.01816	0.01837	0.10261	0.03677	0.04030	0.00025	0.00032	0.00019	0.00910	0.01456	4.3e-05	0.01511	0.00011	0.01059	0.00016
1	0.02576	0.00015	0.00021	0.00021	0.00023	0.00017	0.01591	0.01009	0.01296	0.01325	0.08448	0.03953	0.01922	0.03495	0.67322	0.01596	0.04088	0.01261	8e-05	0.00012
2	0.00833	0.09165	0.24834	0.01757	0.00806	0.01246	0.02944	0.04759	0.04593	0.04468	0.10528	0.07617	0.20155	0.01237	0.01963	4.5e-05	0.01140	0.01925	9.5e-05	0.00015
3	0.00747	0.57382	0.06010	0.06678	0.02166	0.03377	0.01581	0.03138	0.04821	0.02818	0.02313	0.01204	0.01382	0.00879	0.00011	3.4e-05	0.02693	0.00791	0.00741	0.01266
4	0.04334	0.01481	0.02325	0.43226	0.01538	0.01188	0.02533	0.01406	0.00756	0.01425	0.01072	0.03479	0.02383	0.06327	0.12873	0.04279	0.03611	0.00783	0.00706	0.04274
5	0.14447	0.01427	0.06084	0.15599	0.04543	0.02735	0.02680	0.12921	0.17430	0.07815	0.03563	0.01444	0.01227	0.01351	0.00013	4.1e-05	0.01421	0.01794	9.6e-05	0.03492
6	0.00923	0.04033	0.11983	0.13621	0.11086	0.05118	0.05247	0.06549	0.07953	0.07199	0.03949	0.05304	0.01512	0.01258	0.01514	0.00777	0.02617	0.02146	0.00954	0.06257
7	0.01895	0.01224	0.01903	0.13436	0.06928	0.00897	0.04440	0.03689	0.04938	0.03167	0.09919	0.19172	0.12487	0.02442	0.01238	0.00641	0.01201	0.01414	0.01424	0.07544

[dist]
# distance from previous block
# <min> <max>
5	33

[block]
# block no. 3 follows, 2732 sequences, length 8
# corresponding to MSA columns:
# 913,915-921
name=unknown_D
#
# <colnr> <probs for GDERKNQSTAVLIFYWHMCP>
#	G	D	E	R	K	N	Q	S	T	A	V	L	I	F	Y	W	H	M	C	P
0	0.02787	0.00728	0.02547	0.00792	0.00793	0.01053	0.04234	0.03667	0.02205	0.19785	0.35153	0.02038	0.11865	0.00867	0.03711	4.7e-05	0.00771	0.03493	0.03491	0.00015
1	0.03028	0.00025	0.00794	0.00027	0.01989	0.02235	0.10930	0.04422	0.39186	0.11101	0.11733	0.05019	0.03785	0.00830	0.00014	0.00779	0.00802	0.01035	0.01460	0.00804
2	0.00018	0.00013	0.00016	0.00016	0.00019	0.00012	0.00012	0.01190	0.02868	0.01368	0.34225	0.22227	0.20215	0.11255	0.01410	0.01408	7.9e-05	0.01778	0.01930	0.00011
3	0.00834	0.02350	0.25281	0.05346	0.11900	0.00889	0.05533	0.04107	0.06493	0.04571	0.09621	0.05687	0.08820	0.01116	0.01503	0.00636	0.01548	0.01218	0.01622	0.00925
4	0.49104	0.02008	0.00021	0.00018	0.00025	0.00023	0.00014	0.01731	0.00028	0.19912	0.12301	0.06525	0.02527	0.01430	0.00011	4.1e-05	9.3e-05	0.00013	0.04281	0.00015
5	0.00726	0.01019	0.10415	0.14951	0.09016	0.02007	0.05200	0.01232	0.20930	0.02462	0.11601	0.03581	0.07174	0.01700	0.02108	0.00902	0.01428	0.02379	0.01152	0.00016
6	0.00018	0.00014	0.00017	0.00016	0.01400	0.00012	0.00012	0.00023	0.00032	0.02155	0.55227	0.04888	0.26524	0.02830	0.01278	4.5e-05	7.1e-05	0.01606	0.01275	0.02661
7	0.02195	0.07192	0.05170	0.06823	0.05586	0.00917	0.06981	0.03204	0.10285	0.06695	0.15072	0.09446	0.07208	0.02677	0.02135	0.01013	0.01585	0.04122	0.00969	0.00725

[dist]
# distance from previous block
# <min> <max>
19	165

[block]
# block no. 4 follows, 2732 sequences, length 6
# corresponding to MSA columns:
# 1124-1126,1134-1136
name=unknown_E
#
# <colnr> <probs for GDERKNQSTAVLIFYWHMCP>
#	G	D	E	R	K	N	Q	S	T	A	V	L	I	F	Y	W	H	M	C	P
0	0.01956	0.00014	0.00017	0.00017	0.00020	0.00013	0.00012	0.00026	0.05481	0.06170	0.13690	0.27927	0.25776	0.06892	0.02594	5.5e-05	8.6e-05	0.06775	0.02595	0.00012
1	0.01196	0.05305	0.10639	0.05003	0.11927	0.02358	0.07164	0.06805	0.18054	0.05278	0.03939	0.06503	0.01947	0.02960	0.01692	0.00899	0.02007	0.02423	0.01227	0.02672
2	0.02017	0.00014	0.00017	0.00018	0.00021	0.00013	0.00013	0.01943	0.01615	0.11034	0.15983	0.41969	0.12518	0.01784	0.00017	0.03945	7.9e-05	0.03429	0.03630	0.00012
3	0.01057	0.01129	0.00969	0.21215	0.02656	0.04854	0.04665	0.08299	0.14471	0.05700	0.23753	0.02380	0.03867	0.01086	0.00956	4.3e-05	0.00943	0.01000	0.00980	0.00016
4	0.00020	0.00014	0.00018	0.03914	0.01436	0.01297	0.01421	0.00020	0.00020	0.00027	0.02010	0.05211	0.01876	0.53765	0.03894	0.19874	0.01310	0.01712	0.02154	8.6e-05
5	0.03959	0.00013	0.00015	0.00015	0.00016	0.00013	9.1e-05	0.00020	0.00020	0.00028	0.01992	0.03832	0.02753	0.75871	0.05048	0.02591	0.00013	0.01894	8e-05	0.01892

[dist]
# distance from previous block
# <min> <max>
10	23

[block]
# block no. 5 follows, 2732 sequences, length 9
# corresponding to MSA columns:
# 1191-1196,1199-1201
name=unknown_F
#
# <colnr> <probs for GDERKNQSTAVLIFYWHMCP>
#	G	D	E	R	K	N	Q	S	T	A	V	L	I	F	Y	W	H	M	C	P
0	0.00958	0.02750	0.13270	0.23951	0.05623	0.01337	0.04215	0.04125	0.13845	0.01373	0.05440	0.03709	0.02848	0.00864	0.01825	0.03259	0.04142	0.01244	8.2e-05	0.05217
1	0.05121	0.00015	0.00019	0.05364	0.01169	0.00730	0.00014	0.00780	0.00792	0.04097	0.32004	0.11432	0.15389	0.03037	0.16045	0.00790	0.01027	0.01350	0.00812	0.00012
2	0.00025	0.00019	0.00728	0.14182	0.01504	0.00986	0.01051	0.02134	0.11171	0.09202	0.13891	0.12406	0.15348	0.02551	0.04095	0.01110	0.01824	0.06730	0.01031	0.00014
3	0.01277	0.00014	0.00017	0.00016	0.00019	0.00013	0.00012	0.00027	0.00029	0.12218	0.28894	0.11150	0.14519	0.19021	0.01882	6e-05	8.7e-05	0.02969	0.07899	0.00012
4	0.01942	0.00665	0.00723	0.07063	0.01770	0.01507	0.01123	0.17684	0.07011	0.06290	0.01944	0.01099	0.06024	0.23508	0.17252	0.00799	0.01213	0.00804	0.01568	0.00014
5	0.93946	0.00024	0.00019	0.00017	0.00025	0.00028	0.00014	0.00039	0.00022	0.05746	0.00020	0.00022	0.00015	0.00012	8.1e-05	3.9e-05	9.9e-05	7.2e-05	8.3e-05	0.00014
6	0.00029	0.01490	0.21944	0.09149	0.43048	0.00932	0.01916	0.00855	0.08770	0.00967	0.02162	0.02989	0.01491	0.00698	0.00698	4.1e-05	0.00685	0.01053	7.2e-05	0.01113
7	0.00985	0.00015	0.00019	0.00018	0.00936	0.00014	0.00013	0.01665	0.02105	0.10979	0.35463	0.06288	0.12156	0.01364	0.05340	0.09827	9.5e-05	0.01419	0.02218	0.09165
8	0.06054	0.11260	0.10247	0.16291	0.18080	0.04860	0.05857	0.09826	0.06116	0.01389	0.02891	0.00662	0.01760	0.00679	0.00644	4e-05	0.00849	0.00645	0.01868	0.00017

[dist]
# distance from previous block
# <min> <max>
17	94

[block]
# block no. 6 follows, 2732 sequences, length 8
# corresponding to MSA columns:
# 1355-1362
name=unknown_G
#
# <colnr> <probs for GDERKNQSTAVLIFYWHMCP>
#	G	D	E	R	K	N	Q	S	T	A	V	L	I	F	Y	W	H	M	C	P
0	0.00018	0.00015	0.01202	0.01312	0.00876	0.00743	0.00728	0.00830	0.00792	0.00783	0.05125	0.35294	0.25534	0.07541	0.02331	0.02383	0.00762	0.07691	0.00906	0.05135
1	0.01962	0.04007	0.26613	0.01869	0.00896	0.00706	0.16203	0.01349	0.09844	0.03813	0.11701	0.07149	0.05901	0.01518	0.01521	0.01047	0.00836	0.02378	0.00670	0.00016
2	0.05728	0.00023	0.00027	0.00020	0.00031	0.00019	0.01798	0.03289	0.03385	0.07894	0.01956	0.00030	0.00022	0.00011	0.00010	2.4e-05	9.8e-05	8.7e-05	8.6e-05	0.75729
3	0.01507	0.00015	0.00787	0.00801	0.00758	0.00758	0.00860	0.00836	0.01202	0.00783	0.52099	0.05115	0.24125	0.03933	0.03084	5e-05	0.00780	0.01250	0.01293	0.00012
4	0.00019	0.00014	0.00021	0.03158	0.00025	0.00017	0.00017	0.00023	0.00020	0.00029	0.00033	0.00048	0.00030	0.00089	0.89960	0.03270	0.03195	0.00013	6.7e-05	0.00011
5	0.07540	0.01012	0.01625	0.07306	0.01792	0.02790	0.00890	0.12368	0.01674	0.05512	0.01189	0.00769	0.01070	0.00014	0.00750	3.2e-05	0.07255	0.00834	8.5e-05	0.45598
6	0.03214	0.00019	0.01255	0.02156	0.00870	0.00019	0.02455	0.08398	0.13675	0.15734	0.09531	0.36374	0.02540	0.00892	0.00015	4.5e-05	9.6e-05	0.01062	0.00913	0.00865
7	0.01568	0.00029	0.00032	0.04449	0.08376	0.07877	0.01081	0.11980	0.49455	0.04271	0.03067	0.01096	0.01150	0.00970	0.00013	4.1e-05	0.00858	0.00826	0.01356	0.01541

[dist]
# distance from previous block
# <min> <max>
1	39

[block]
# block no. 7 follows, 2732 sequences, length 11
# corresponding to MSA columns:
# 1404-1408,1414-1419
name=unknown_H
#
# <colnr> <probs for GDERKNQSTAVLIFYWHMCP>
#	G	D	E	R	K	N	Q	S	T	A	V	L	I	F	Y	W	H	M	C	P
0	0.59423	0.03418	0.01581	0.04238	0.08854	0.03680	0.02072	0.03850	0.01844	0.02096	0.00698	0.01206	0.00636	0.02277	0.01066	4.3e-05	0.01885	0.00539	7.9e-05	0.00625
1	0.01059	0.00012	0.00015	0.00016	0.00019	0.00011	0.00012	0.00021	0.01070	0.00985	0.17952	0.45654	0.23943	0.01847	0.01048	0.01319	7.5e-05	0.03421	0.01578	0.00011
2	0.03695	0.03998	0.03151	0.06269	0.09051	0.05768	0.06523	0.18241	0.24737	0.03770	0.00985	0.00572	0.00844	0.01234	0.00703	4.1e-05	0.02087	0.00739	9.7e-05	0.07619
3	0.01886	0.01086	0.01275	0.00723	0.00729	0.08387	0.38193	0.20855	0.07415	0.07444	0.03374	0.01393	0.01382	0.00014	0.00014	4e-05	0.01576	0.00983	9.4e-05	0.03259
4	0.03491	0.02797	0.02319	0.12017	0.23505	0.07645	0.03354	0.04908	0.03713	0.09107	0.00931	0.02445	0.01198	0.01145	0.00880	0.13320	0.02427	0.00924	7.9e-05	0.03865
5	0.03102	0.03192	0.03237	0.08956	0.05751	0.03180	0.08981	0.09056	0.19468	0.06858	0.06775	0.05122	0.02095	0.03672	0.02583	0.01787	0.02389	0.03001	9.9e-05	0.00784
6	0.00018	0.00013	0.00016	0.00857	0.00020	0.00012	0.00866	0.00021	0.01344	0.01963	0.09603	0.35125	0.29051	0.07435	0.01019	0.01930	8.4e-05	0.10676	0.00011	0.00011
7	0.01841	0.01021	0.03152	0.51554	0.02455	0.01101	0.04898	0.03909	0.01644	0.07658	0.03658	0.02739	0.03698	0.01514	0.02162	0.01886	0.02514	0.02073	0.00509	0.00015
8	0.04549	0.05144	0.04812	0.15479	0.38715	0.03873	0.07530	0.05762	0.02140	0.03949	0.00584	0.01623	0.01333	0.00569	0.01010	4.1e-05	0.01150	0.00766	0.00500	0.00507
9	0.00685	0.00517	0.00575	0.00628	0.00584	0.00726	0.00677	0.04035	0.04450	0.22537	0.06433	0.33179	0.07192	0.03111	0.03339	0.00994	0.00591	0.04918	0.04817	0.00014
10	0.00021	0.00016	0.01065	0.00018	0.00023	0.00015	0.01973	0.01415	0.08007	0.05386	0.23666	0.03781	0.37587	0.00941	0.00683	0.00659	0.00694	0.11923	0.02115	0.00013

[dist]
# distance from previous block
# <min> <max>
19	113

[block]
# block no. 8 follows, 2732 sequences, length 12
# corresponding to MSA columns:
# 1911-1918,1920-1923
name=unknown_I
#
# <colnr> <probs for GDERKNQSTAVLIFYWHMCP>
#	G	D	E	R	K	N	Q	S	T	A	V	L	I	F	Y	W	H	M	C	P
0	0.00475	0.02445	0.02583	0.18680	0.04644	0.00018	0.01205	0.00612	0.00959	0.02443	0.02121	0.28580	0.07394	0.11598	0.02538	0.10417	0.00906	0.01219	0.00508	0.00657
1	0.04100	0.08695	0.04893	0.15089	0.13479	0.05257	0.05864	0.06121	0.03254	0.14388	0.01416	0.02440	0.00844	0.01611	0.01761	0.01493	0.02974	0.00924	0.00817	0.04579
2	0.00538	0.14198	0.34011	0.01750	0.02747	0.04131	0.15090	0.03130	0.06150	0.07045	0.01861	0.00805	0.00621	0.02443	0.01717	0.00668	0.01086	0.00612	0.00447	0.00952
3	0.01548	0.00022	0.00029	0.00023	0.00032	0.00020	0.00997	0.06856	0.02841	0.79239	0.00949	0.01642	0.01522	0.00017	0.00013	4e-05	0.00011	0.02177	0.01251	0.00808
4	0.00017	0.00013	0.00761	0.00666	0.00019	0.00012	0.00012	0.00626	0.00842	0.00752	0.12318	0.49800	0.18690	0.06322	0.03907	0.00763	0.00824	0.02702	0.00943	0.00011
5	0.00577	0.00750	0.08224	0.34819	0.07023	0.01778	0.06072	0.03194	0.02651	0.04829	0.02144	0.06759	0.05169	0.01784	0.02624	0.01316	0.08163	0.00936	0.00525	0.00666
6	0.05879	0.03958	0.04956	0.09231	0.05563	0.11771	0.04790	0.02761	0.06882	0.17243	0.00988	0.10230	0.02547	0.01733	0.04446	0.01956	0.02581	0.01603	0.00865	0.00016
7	0.00637	0.00014	0.00734	0.00636	0.00633	0.00013	0.00645	0.00663	0.00712	0.06619	0.08709	0.26326	0.37016	0.00783	0.00648	4.9e-05	8.3e-05	0.15173	0.00012	0.00012
8	0.00028	0.00029	0.00040	0.00034	0.00034	0.02956	0.02904	0.00031	0.00020	0.00031	0.00017	0.00028	0.00017	0.00022	0.00040	5.4e-05	0.93733	0.00011	5.6e-05	0.00014
9	0.00674	0.03075	0.04652	0.12471	0.02619	0.03507	0.05295	0.03047	0.02231	0.09283	0.01457	0.05844	0.00707	0.31819	0.03653	0.00507	0.06775	0.01294	0.01077	0.00013
10	0.01249	0.01881	0.00027	0.00019	0.00030	0.00993	0.00015	0.01582	0.00027	0.02263	0.00024	0.00985	0.00020	0.00010	9.9e-05	2.1e-05	0.00987	8e-05	0.01063	0.88804
11	0.02195	0.07392	0.14646	0.04598	0.14021	0.01445	0.09985	0.05457	0.05889	0.06455	0.03588	0.01562	0.01733	0.00492	0.00486	0.00453	0.02020	0.00716	0.00445	0.16421

[dist]
# distance from previous block
# <min> <max>
4	33

[block]
# block no. 9 follows, 2732 sequences, length 21
# corresponding to MSA columns:
# 1961-1969,1971-1982
name=unknown_J
#
# <colnr> <probs for GDERKNQSTAVLIFYWHMCP>
#	G	D	E	R	K	N	Q	S	T	A	V	L	I	F	Y	W	H	M	C	P
0	0.00360	0.00751	0.00893	0.42563	0.08547	0.01233	0.17577	0.00627	0.00821	0.00920	0.02362	0.08081	0.03553	0.01803	0.00347	0.06210	0.01754	0.00723	0.00861	0.00014
1	0.00458	0.02999	0.08060	0.33145	0.11249	0.01686	0.12924	0.03065	0.02887	0.04655	0.01600	0.03835	0.00934	0.02633	0.04421	0.00267	0.04085	0.00494	0.00339	0.00264
2	0.00422	0.00024	0.00519	0.78658	0.01568	0.00029	0.01356	0.05194	0.07387	0.01513	0.00439	0.00418	0.00020	0.00014	0.00815	4.4e-05	0.00703	0.00895	6.8e-05	0.00015
3	0.00593	0.00012	0.00016	0.00018	0.00019	0.00012	0.00457	0.00431	0.00552	0.04513	0.03366	0.66896	0.08975	0.06694	0.02584	0.00457	8.7e-05	0.04373	0.00012	0.00011
4	0.00693	0.00022	0.00032	0.09261	0.27256	0.00021	0.00502	0.02210	0.02172	0.25782	0.13630	0.00870	0.16132	0.00019	0.00013	4e-05	0.00011	0.00866	0.00487	0.00017
5	0.00336	0.00636	0.00017	0.00017	0.00504	0.00337	0.00428	0.00830	0.00442	0.01339	0.01004	0.05117	0.02210	0.55493	0.21802	0.05487	0.00489	0.02588	0.00917	9.3e-05
6	0.00327	0.31526	0.50535	0.03995	0.00669	0.03182	0.02749	0.00534	0.02145	0.00629	0.00346	0.00397	0.00018	0.00338	0.00448	3.7e-05	0.01219	0.00617	0.00306	0.00017
7	0.01063	0.01675	0.94762	0.00036	0.01091	0.00030	0.01091	0.00040	0.00027	0.00040	0.00023	0.00027	0.00016	0.00012	0.00012	4e-05	0.00019	9.4e-05	5.4e-05	0.00019
8	0.00505	0.00014	0.00018	0.00018	0.00020	0.00013	0.00012	0.00620	0.00026	0.19133	0.01276	0.48901	0.02800	0.22535	0.01857	0.00473	9.7e-05	0.01192	0.00565	0.00012
9	0.00018	0.00012	0.00015	0.00016	0.00017	0.00012	0.00010	0.00604	0.01290	0.00662	0.03714	0.42763	0.02945	0.44120	0.02101	8.5e-05	0.00010	0.01078	0.00595	9.5e-05
10	0.02929	0.00461	0.01523	0.02677	0.00951	0.01099	0.00465	0.02681	0.03587	0.31393	0.08706	0.16364	0.06415	0.07216	0.10051	0.00402	0.00012	0.01980	0.00799	0.00288
11	0.02021	0.00705	0.00361	0.00567	0.00025	0.02714	0.07306	0.01772	0.02088	0.01225	0.04569	0.22860	0.05748	0.25745	0.04706	0.00459	0.13456	0.02741	0.00920	0.00012
12	0.00966	0.00035	0.07604	0.00551	0.00058	0.04335	0.70660	0.01269	0.00884	0.02735	0.00434	0.03800	0.02131	0.00943	0.00629	4.4e-05	0.02255	0.00364	0.00325	0.00017
13	0.00019	0.00013	0.00480	0.00018	0.00021	0.00013	0.00013	0.01273	0.04356	0.04258	0.08009	0.61226	0.04497	0.00623	0.02836	0.02481	8.8e-05	0.07918	0.01926	0.00012
14	0.14343	0.00538	0.01327	0.06201	0.07430	0.04970	0.06927	0.19079	0.03501	0.24464	0.05041	0.01274	0.01254	0.00824	0.00710	4.1e-05	0.00504	0.00315	0.01275	0.00018
15	0.00018	0.00013	0.00017	0.00469	0.00451	0.00012	0.01667	0.00021	0.00452	0.01166	0.05612	0.51779	0.11051	0.04031	0.01286	0.00470	0.00465	0.20998	0.00011	0.00011
16	0.03421	0.00289	0.01226	0.09919	0.03340	0.01197	0.18361	0.01854	0.00700	0.23464	0.03709	0.24910	0.02565	0.00562	0.00816	0.00283	0.01202	0.01829	0.00339	0.00016
17	0.02009	0.00307	0.02000	0.18923	0.05695	0.00740	0.12067	0.05074	0.03936	0.08782	0.03683	0.24471	0.02727	0.01226	0.02267	0.02021	0.00999	0.02643	0.00416	0.00015
18	0.00288	0.00827	0.00584	0.19154	0.05549	0.02598	0.04877	0.02503	0.01307	0.09444	0.08889	0.28510	0.04569	0.01564	0.03189	0.00278	0.02338	0.03234	0.00286	0.00014
19	0.00835	0.00026	0.00041	0.53744	0.26396	0.04106	0.02625	0.01309	0.01162	0.03478	0.00355	0.00868	0.00439	0.00014	0.01092	0.00366	0.02650	0.00472	6.5e-05	0.00016
20	0.01893	0.02795	0.09196	0.10251	0.09078	0.03541	0.10744	0.08170	0.02653	0.17209	0.02456	0.07830	0.02348	0.01947	0.01444	0.00326	0.05693	0.01725	0.00685	0.00017

[dist]
# distance from previous block
# <min> <max>
19	69

[block]
# block no. 10 follows, 2732 sequences, length 22
# corresponding to MSA columns:
# 2098-2106,2110-2122
name=unknown_K
#
# <colnr> <probs for GDERKNQSTAVLIFYWHMCP>
#	G	D	E	R	K	N	Q	S	T	A	V	L	I	F	Y	W	H	M	C	P
0	0.05242	0.00697	0.02368	0.12118	0.03998	0.08377	0.09047	0.19467	0.04096	0.18447	0.01468	0.04309	0.02850	0.00519	0.01152	4.3e-05	0.04143	0.00682	0.00735	0.00280
1	0.00016	0.00012	0.00015	0.00018	0.00019	0.00011	0.00808	0.00019	0.01167	0.01022	0.00811	0.88199	0.02791	0.04281	0.00018	5.4e-05	7.7e-05	0.00758	0.00012	0.00010
2	0.05777	0.00649	0.00937	0.00384	0.01012	0.01382	0.00753	0.02254	0.01585	0.00718	0.00023	0.00571	0.00019	0.00010	9.8e-05	2.2e-05	0.00481	8e-05	7.7e-05	0.83419
3	0.00019	0.00013	0.00015	0.00015	0.00712	0.00013	9.2e-05	0.00019	0.00019	0.00026	0.00041	0.01274	0.01642	0.82379	0.11879	0.00724	0.01167	0.00018	7.6e-05	8.3e-05
4	0.00782	0.05597	0.25931	0.04854	0.07836	0.02480	0.09337	0.09067	0.13556	0.09816	0.01011	0.00481	0.00812	0.00328	0.00013	3.9e-05	0.01538	0.00317	8.6e-05	0.06233
5	0.00018	0.00013	0.00017	0.00785	0.00021	0.00012	0.00013	0.00021	0.00025	0.01377	0.00061	0.75902	0.00071	0.01758	0.00950	4.9e-05	8.3e-05	0.03476	0.00011	0.15457
6	0.00032	0.00028	0.00029	0.00026	0.00033	0.00032	0.00020	0.04114	0.95405	0.00054	0.00051	0.00047	0.00038	0.00017	0.00013	4.3e-05	0.00010	0.00014	0.00013	0.00020
7	0.27602	0.11369	0.08097	0.01620	0.06693	0.14798	0.02805	0.04847	0.01924	0.12563	0.00694	0.00425	0.00345	0.00357	0.00621	3.8e-05	0.01111	0.00304	0.00284	0.03538
8	0.17672	0.08047	0.00575	0.00022	0.00032	0.00024	0.00628	0.06891	0.00513	0.63863	0.00549	0.00037	0.00027	0.00015	0.00011	3.8e-05	0.00011	0.00011	0.00489	0.00578
9	0.00030	0.00034	0.00075	0.00053	0.00066	0.00032	0.99429	0.00041	0.00030	0.00041	0.00026	0.00034	0.00019	0.00011	0.00015	4.3e-05	0.00021	0.00015	6.4e-05	0.00017
10	0.00369	0.02070	0.08751	0.13256	0.33767	0.01982	0.16687	0.03866	0.02836	0.04289	0.02121	0.03468	0.02575	0.00310	0.00014	0.00281	0.01539	0.01025	0.00778	0.00018
11	0.00604	0.02775	0.06856	0.53764	0.15211	0.01777	0.05681	0.01925	0.01520	0.04017	0.00533	0.01086	0.00352	0.00475	0.00425	4.2e-05	0.01942	0.00742	0.00295	0.00016
12	0.00028	0.00016	0.00021	0.00018	0.00023	0.00015	0.00014	0.04981	0.02344	0.21565	0.67026	0.00775	0.01700	0.00023	0.00014	4e-05	7.5e-05	0.00020	0.01389	0.00015
13	0.09387	0.00305	0.00492	0.00565	0.00289	0.00632	0.00013	0.03383	0.03562	0.02806	0.23235	0.23134	0.21521	0.03051	0.00411	0.03348	0.00417	0.02314	0.01121	0.00012
14	0.05036	0.10360	0.10920	0.08854	0.13493	0.12656	0.05400	0.05810	0.02269	0.18404	0.00615	0.01479	0.00560	0.00014	0.00302	0.00364	0.02480	0.00493	0.00473	0.00018
15	0.00027	0.10851	0.76435	0.01018	0.00521	0.00459	0.02350	0.00639	0.01705	0.02819	0.02594	0.00029	0.00020	0.00013	0.00012	3.9e-05	0.00471	9.8e-05	6.1e-05	0.00018
16	0.00016	0.00013	0.00013	0.00013	0.00018	0.00011	0.00010	0.00598	0.00029	0.01040	0.03925	0.04517	0.86848	0.00693	0.00015	4.3e-05	6.6e-05	0.00781	0.01436	0.00011
17	0.04156	0.03167	0.09960	0.10029	0.03721	0.01525	0.01749	0.07891	0.03203	0.16880	0.01950	0.15832	0.01849	0.07217	0.04094	0.00370	0.00652	0.01936	0.03803	0.00015
18	0.04296	0.08776	0.08135	0.08477	0.07019	0.05724	0.07697	0.05226	0.04654	0.27341	0.01060	0.01444	0.01138	0.02246	0.01673	4.4e-05	0.04096	0.00465	0.00258	0.00270
19	0.01350	0.88059	0.05043	0.01308	0.00035	0.01024	0.00606	0.00835	0.00026	0.01592	0.00019	0.00021	0.00017	0.00011	8.6e-05	2.9e-05	0.00014	7.2e-05	5.7e-05	0.00016
20	0.00018	0.00013	0.00536	0.00020	0.00022	0.00013	0.01134	0.00474	0.01012	0.00540	0.01646	0.52509	0.04280	0.01115	0.00017	5.4e-05	9.2e-05	0.35957	0.00669	0.00011
21	0.07204	0.02346	0.06981	0.06098	0.12418	0.02426	0.06735	0.09933	0.05280	0.30906	0.01512	0.01398	0.00809	0.01033	0.00536	4.2e-05	0.02945	0.00758	0.00658	0.00019

[dist]
# distance from previous block
# <min> <max>
2	32

[block]
# block no. 11 follows, 2732 sequences, length 16
# corresponding to MSA columns:
# 2184-2199
name=unknown_L
#
# <colnr> <probs for GDERKNQSTAVLIFYWHMCP>
#	G	D	E	R	K	N	Q	S	T	A	V	L	I	F	Y	W	H	M	C	P
0	0.00960	0.00730	0.07101	0.09201	0.09507	0.03251	0.04099	0.02064	0.07569	0.05278	0.09459	0.05811	0.03581	0.03099	0.07628	0.01250	0.18470	0.00531	0.00394	0.00015
1	0.00692	0.00023	0.00517	0.11249	0.00817	0.00021	0.07440	0.00729	0.01907	0.01207	0.03189	0.01418	0.04479	0.00013	0.00013	2.9e-05	0.05117	0.01312	0.00833	0.59023
2	0.00021	0.00015	0.00021	0.00023	0.00026	0.00015	0.00020	0.00867	0.01723	0.01803	0.01910	0.01359	0.01695	0.00034	0.00017	5.7e-05	0.00011	0.89560	0.00862	0.00012
3	0.00504	0.00751	0.00518	0.05320	0.00443	0.35817	0.12912	0.05685	0.00730	0.01972	0.00501	0.13178	0.00032	0.00423	0.03186	4.8e-05	0.09834	0.07764	0.00411	0.00015
4	0.00024	0.00022	0.00037	0.91127	0.02346	0.00027	0.00034	0.00032	0.00733	0.00033	0.00873	0.01576	0.00732	0.00014	0.00892	4.4e-05	0.00017	0.00722	0.00740	0.00014
5	0.00016	0.00011	0.00015	0.00018	0.00019	0.00010	0.00012	0.00018	0.00024	0.00032	0.00070	0.92348	0.01775	0.02283	0.00017	5.3e-05	7.6e-05	0.03297	0.00012	0.00010
6	0.00016	0.00012	0.00015	0.00017	0.00018	0.00011	0.00012	0.00019	0.00028	0.00037	0.25226	0.63223	0.09628	0.00035	0.00016	4.7e-05	6.9e-05	0.00031	0.01633	0.00011
7	0.00030	0.00034	0.01001	0.00052	0.01061	0.00032	0.93107	0.00040	0.00030	0.00992	0.00026	0.00940	0.00020	0.00011	0.00015	4.3e-05	0.01661	0.00920	6.6e-05	0.00017
8	0.95800	0.00024	0.00019	0.00017	0.00025	0.00028	0.00014	0.00038	0.00022	0.03895	0.00019	0.00021	0.00014	0.00012	8e-05	3.9e-05	9.8e-05	7.1e-05	8.1e-05	0.00014
9	0.00033	0.84045	0.15572	0.00024	0.00036	0.00047	0.00026	0.00038	0.00026	0.00031	0.00018	0.00021	0.00016	0.00011	8.7e-05	2.9e-05	0.00014	7.2e-05	5.4e-05	0.00017
10	0.00018	0.00013	0.00017	0.00016	0.00019	0.00012	0.00012	0.00024	0.00036	0.00051	0.99469	0.00095	0.00120	0.00026	0.00015	4e-05	6e-05	0.00023	0.00014	0.00012
11	0.96507	0.00025	0.00019	0.00017	0.00025	0.00029	0.00014	0.03168	0.00023	0.00058	0.00018	0.00021	0.00014	0.00012	8e-05	3.9e-05	9.9e-05	7e-05	8e-05	0.00014
12	0.00049	0.00033	0.00036	0.00028	0.00038	0.00035	0.00023	0.80391	0.01790	0.14712	0.00034	0.00033	0.00024	0.00015	0.00013	3.8e-05	0.00013	0.00012	0.02698	0.00021
13	0.99644	0.00025	0.00019	0.00017	0.00025	0.00028	0.00014	0.00037	0.00022	0.00057	0.00018	0.00021	0.00014	0.00012	7.8e-05	3.9e-05	9.8e-05	6.9e-05	7.8e-05	0.00014
14	0.00031	0.00030	0.00051	0.00078	0.99475	0.00030	0.00039	0.00039	0.00029	0.00041	0.00024	0.00031	0.00020	0.00011	0.00013	3.8e-05	0.00015	0.00011	6.3e-05	0.00020
15	0.00032	0.00027	0.00029	0.00026	0.00033	0.00031	0.00020	0.00067	0.96201	0.03305	0.00052	0.00047	0.00038	0.00017	0.00013	4.3e-05	0.00010	0.00014	0.00013	0.00020

[dist]
# distance from previous block
# <min> <max>
0	338

[block]
# block no. 12 follows, 2732 sequences, length 13
# corresponding to MSA columns:
# 2549-2560,2589
name=unknown_M
#
# <colnr> <probs for GDERKNQSTAVLIFYWHMCP>
#	G	D	E	R	K	N	Q	S	T	A	V	L	I	F	Y	W	H	M	C	P
0	0.00020	0.00013	0.00016	0.00016	0.00020	0.00012	0.00012	0.00024	0.01117	0.06748	0.36102	0.24418	0.24995	0.01454	0.00016	0.01133	7.2e-05	0.03853	0.00013	0.00012
1	0.00018	0.00013	0.00017	0.00016	0.00019	0.00012	0.00012	0.00024	0.00035	0.01741	0.84142	0.02507	0.09715	0.00027	0.00015	4.1e-05	6.2e-05	0.01651	0.00014	0.00012
2	0.03008	0.00022	0.00029	0.00023	0.00032	0.00020	0.00019	0.04664	0.00037	0.89914	0.02065	0.00043	0.00032	0.00016	0.00013	3.9e-05	0.00011	0.00013	0.00015	0.00021
3	0.04031	0.00018	0.01326	0.00020	0.00026	0.00017	0.01026	0.02896	0.02498	0.38939	0.08783	0.22419	0.03998	0.08504	0.00018	5e-05	9.8e-05	0.04678	0.00771	0.00016
4	0.00875	0.00431	0.00505	0.03617	0.00468	0.00748	0.00451	0.01117	0.00671	0.10200	0.06977	0.40317	0.16281	0.02555	0.02125	0.00477	0.01532	0.09398	0.01241	0.00012
5	0.03119	0.00022	0.00028	0.00022	0.00031	0.00021	0.00018	0.11596	0.03560	0.67932	0.01319	0.04436	0.01887	0.00842	0.00013	4.1e-05	0.00011	0.01755	0.03363	0.00020
6	0.01068	0.00016	0.00021	0.00021	0.00025	0.00015	0.00016	0.01537	0.01086	0.25128	0.01581	0.24904	0.07086	0.00030	0.00015	4.9e-05	9.7e-05	0.33885	0.03538	0.00014
7	0.00891	0.00014	0.00018	0.00018	0.00021	0.00589	0.00561	0.00751	0.01264	0.07490	0.04463	0.48300	0.04232	0.05601	0.17654	0.01419	0.00611	0.02539	0.03553	0.00012
8	0.02044	0.03067	0.01139	0.05001	0.03666	0.02551	0.12169	0.02406	0.04730	0.24140	0.03291	0.12377	0.06456	0.01470	0.04241	0.00695	0.04741	0.03217	0.01675	0.00924
9	0.01030	0.00021	0.00609	0.00555	0.00030	0.02256	0.00018	0.03157	0.05737	0.58179	0.13153	0.01602	0.02932	0.00800	0.00920	4.2e-05	0.00010	0.04830	0.03622	0.00537
10	0.00805	0.00016	0.00020	0.00498	0.02696	0.00476	0.00513	0.00729	0.01320	0.15683	0.28864	0.11692	0.25181	0.01194	0.05411	0.00714	0.01928	0.01487	0.00759	0.00013
11	0.03502	0.18321	0.29378	0.02561	0.05288	0.00895	0.05177	0.04364	0.09517	0.07543	0.00782	0.06062	0.01309	0.02150	0.00876	4.2e-05	0.00612	0.01096	0.00546	0.00017
12	0.02812	0.01905	0.02356	0.00549	0.01678	0.26707	0.01964	0.16810	0.01074	0.37169	0.00850	0.00034	0.00025	0.00016	0.00738	0.00665	0.02973	0.00592	0.01065	0.00019

[dist]
# distance from previous block
# <min> <max>
1	4

[block]
# block no. 13 follows, 2732 sequences, length 23
# corresponding to MSA columns:
# 2594-2616
name=unknown_N
#
# <colnr> <probs for GDERKNQSTAVLIFYWHMCP>
#	G	D	E	R	K	N	Q	S	T	A	V	L	I	F	Y	W	H	M	C	P
0	0.00030	0.00034	0.00073	0.00052	0.00065	0.00031	0.96394	0.00040	0.00030	0.00040	0.00026	0.00036	0.00020	0.03050	0.00016	4.5e-05	0.00021	0.00015	6.5e-05	0.00017
1	0.15775	0.00021	0.00025	0.00020	0.00028	0.00022	0.00016	0.13295	0.04956	0.35019	0.23544	0.00051	0.00713	0.00018	0.00012	3.9e-05	9.5e-05	0.00014	0.06441	0.00017
2	0.00825	0.00020	0.00026	0.00021	0.00029	0.00017	0.00017	0.00905	0.01236	0.73748	0.13907	0.00665	0.00868	0.00017	0.00013	3.9e-05	9.7e-05	0.00549	0.07105	0.00019
3	0.00016	0.00012	0.00015	0.00017	0.00019	0.00011	0.00012	0.00019	0.00025	0.00033	0.05399	0.61296	0.09941	0.10095	0.00764	5.9e-05	8.4e-05	0.12287	0.00011	0.00010
4	0.00020	0.00014	0.00019	0.00022	0.00025	0.00014	0.00019	0.00025	0.00029	0.01395	0.03934	0.14606	0.01940	0.00035	0.00017	5.6e-05	0.00011	0.77846	0.00012	0.00012
5	0.00050	0.00021	0.00028	0.00022	0.00031	0.00019	0.00018	0.03945	0.01952	0.78800	0.14926	0.00050	0.00044	0.00017	0.00013	3.9e-05	0.00010	0.00014	0.00015	0.00020
6	0.00026	0.00023	0.00026	0.00019	0.00030	0.00017	0.00015	0.00032	0.00026	0.00041	0.00023	0.00026	0.00019	9.4e-05	9.4e-05	1.9e-05	9.4e-05	7.5e-05	7.5e-05	0.99632
7	0.00031	0.00027	0.00028	0.00025	0.00032	0.00031	0.00020	0.00065	0.95652	0.00052	0.00054	0.01582	0.02308	0.00018	0.00013	4.3e-05	9.9e-05	0.00015	0.00013	0.00020
8	0.01945	0.01638	0.87690	0.00035	0.00053	0.00030	0.02738	0.02302	0.01154	0.01685	0.00024	0.00608	0.00017	0.00012	0.00012	4e-05	0.00018	9.7e-05	5.9e-05	0.00019
9	0.00016	0.00013	0.00015	0.00015	0.00018	0.00011	0.00011	0.00020	0.01367	0.00039	0.29009	0.13530	0.55828	0.00031	0.00015	4.3e-05	6.5e-05	0.00027	0.00012	0.00011
10	0.00016	0.00011	0.00015	0.00018	0.00018	0.00010	0.00012	0.00018	0.00025	0.00033	0.02276	0.97339	0.00085	0.00039	0.00016	5.1e-05	7.3e-05	0.00036	0.00012	0.00010
11	0.00938	0.00022	0.00029	0.00023	0.00032	0.00019	0.00019	0.02677	0.01385	0.93658	0.01030	0.00043	0.00032	0.00016	0.00013	3.9e-05	0.00011	0.00013	0.00015	0.00021
12	0.00592	0.00733	0.41234	0.17586	0.02753	0.02729	0.07952	0.02785	0.06651	0.06785	0.03291	0.01286	0.02054	0.01096	0.00297	4.2e-05	0.01523	0.00625	7.5e-05	0.00017
13	0.00030	0.00034	0.00075	0.00053	0.00066	0.00032	0.99429	0.00041	0.00030	0.00041	0.00026	0.00034	0.00019	0.00011	0.00015	4.3e-05	0.00021	0.00015	6.4e-05	0.00017
14	0.00028	0.00028	0.00040	0.00034	0.00034	0.00038	0.04383	0.00031	0.00020	0.00031	0.00018	0.01575	0.00018	0.00022	0.00040	5.5e-05	0.93623	0.00012	5.7e-05	0.00014
15	0.00987	0.00297	0.00923	0.00674	0.00730	0.00355	0.00497	0.00626	0.00528	0.23775	0.01201	0.08141	0.01130	0.16273	0.34322	0.00576	0.06442	0.02058	0.00450	0.00014
16	0.00578	0.03668	0.18592	0.17428	0.06969	0.07686	0.10551	0.02103	0.06158	0.08388	0.01223	0.06485	0.05324	0.00687	0.01201	4.3e-05	0.01753	0.01179	8.1e-05	0.00016
17	0.07451	0.00035	0.01363	0.02949	0.11312	0.19298	0.00461	0.24804	0.19073	0.04657	0.03967	0.00420	0.00317	0.02693	0.00451	4.2e-05	0.00370	0.00345	0.00010	0.00018
18	0.00017	0.00012	0.00015	0.00016	0.00018	0.00011	0.00011	0.00517	0.00729	0.00805	0.02376	0.46290	0.23506	0.20605	0.00437	0.00415	8.4e-05	0.03028	0.01175	0.00010
19	0.01273	0.01691	0.03565	0.16113	0.16596	0.01995	0.13289	0.10871	0.08733	0.09423	0.05960	0.03502	0.01428	0.00874	0.00469	4.2e-05	0.01460	0.01348	0.01389	0.00017
20	0.05492	0.04885	0.15812	0.08591	0.14531	0.08199	0.11783	0.05829	0.02999	0.10281	0.00028	0.00827	0.00478	0.00013	0.00013	0.00294	0.01287	0.00344	0.01804	0.06510
21	0.00264	0.01290	0.00911	0.00538	0.00588	0.00717	0.00951	0.01711	0.01919	0.00732	0.02368	0.31766	0.02669	0.08559	0.05544	0.27804	0.00426	0.10896	9.2e-05	0.00337
22	0.00570	0.00014	0.00720	0.00017	0.00019	0.00013	0.00012	0.00677	0.02393	0.08108	0.03610	0.47112	0.01936	0.26402	0.01495	7e-05	9.6e-05	0.03729	0.03145	0.00011

[dist]
# distance from previous block
# <min> <max>
3	102

[block]
# block no. 14 follows, 2732 sequences, length 9
# corresponding to MSA columns:
# 2736-2742,2748,2749
name=unknown_O
#
# <colnr> <probs for GDERKNQSTAVLIFYWHMCP>
#	G	D	E	R	K	N	Q	S	T	A	V	L	I	F	Y	W	H	M	C	P
0	0.00020	0.00015	0.00018	0.00017	0.00021	0.00014	0.01289	0.01294	0.04345	0.03848	0.54371	0.06419	0.19895	0.01084	0.00015	4.1e-05	7.1e-05	0.01152	0.02803	0.03371
1	0.11083	0.02805	0.18183	0.03231	0.01257	0.00675	0.02085	0.02174	0.05701	0.29938	0.14289	0.01587	0.01914	0.00716	0.00781	4.2e-05	0.00897	0.01460	0.01201	0.00017
2	0.00692	0.00013	0.00645	0.01459	0.00829	0.00012	0.00647	0.00736	0.00850	0.00786	0.03296	0.59536	0.05439	0.01535	0.01996	0.17430	0.00687	0.00807	0.01969	0.00637
3	0.00017	0.00012	0.00015	0.00018	0.00019	0.00011	0.00012	0.00019	0.00025	0.01442	0.04062	0.82480	0.04216	0.01548	0.00017	5.2e-05	0.01402	0.03235	0.01435	0.00011
4	0.01252	0.00026	0.00029	0.00899	0.01930	0.00940	0.00763	0.10868	0.58068	0.09368	0.03662	0.02046	0.05187	0.01169	0.01384	4.5e-05	0.00719	0.00750	0.00918	0.00019
5	0.77444	0.00026	0.00022	0.01902	0.00028	0.01880	0.00016	0.12282	0.00028	0.04385	0.01877	0.00024	0.00018	0.00013	8.9e-05	3.9e-05	0.00011	8.1e-05	8.8e-05	0.00015
6	0.08199	0.03017	0.01641	0.14956	0.11120	0.02445	0.02979	0.46689	0.01700	0.02658	0.00901	0.00929	0.01034	0.00014	0.00013	3.9e-05	0.00894	0.00778	9.8e-05	0.00019
7	0.01455	0.05367	0.03108	0.01116	0.01101	0.00672	0.10565	0.04484	0.13545	0.02067	0.14185	0.16314	0.02407	0.00793	0.00016	0.00637	0.01481	0.19219	0.01453	0.00014
8	0.06340	0.00937	0.00880	0.07446	0.43641	0.01852	0.01446	0.10010	0.15549	0.01930	0.00869	0.01163	0.00024	0.00013	0.00013	3.8e-05	0.01200	0.00012	8.4e-05	0.06663

[dist]
# distance from previous block
# <min> <max>
0	2

[block]
# block no. 15 follows, 2732 sequences, length 8
# corresponding to MSA columns:
# 2752-2757,2779,2787
name=unknown_P
#
# <colnr> <probs for GDERKNQSTAVLIFYWHMCP>
#	G	D	E	R	K	N	Q	S	T	A	V	L	I	F	Y	W	H	M	C	P
0	0.31890	0.00967	0.01597	0.04135	0.14054	0.01236	0.02020	0.02526	0.08968	0.21183	0.03054	0.01735	0.01032	0.00015	0.00832	4e-05	0.00012	0.01080	0.0001	0.03650
1	0.02477	0.01309	0.00912	0.07958	0.47888	0.02043	0.01511	0.08879	0.02804	0.17342	0.01203	0.02244	0.00922	0.00014	0.00013	3.9e-05	0.00014	0.00944	9e-05	0.01511
2	0.03779	0.03603	0.27413	0.04358	0.08746	0.01701	0.12807	0.03019	0.04523	0.19798	0.03006	0.01351	0.00868	0.00718	0.01452	4.3e-05	0.01053	0.00746	8.8e-05	0.01046
3	0.00027	0.00025	0.00042	0.60549	0.28084	0.00029	0.02596	0.00036	0.02159	0.01898	0.00024	0.00034	0.00019	0.00014	0.01999	4.4e-05	0.02429	0.00012	6.2e-05	0.00016
4	0.01122	0.05000	0.11314	0.38005	0.15003	0.02675	0.06718	0.01187	0.03829	0.05746	0.01770	0.02550	0.01377	0.00781	0.00013	4.1e-05	0.01274	0.00753	0.00861	0.00016
5	0.01323	0.03493	0.25499	0.04466	0.05765	0.02222	0.10483	0.06366	0.06075	0.19543	0.02442	0.02769	0.02978	0.01502	0.00716	0.00692	0.01341	0.00865	0.00662	0.00796
6	0.00813	0.01460	0.02251	0.01297	0.02567	0.00910	0.05401	0.02557	0.06074	0.22166	0.12358	0.09383	0.27630	0.00024	0.00014	4.2e-05	0.00779	0.02675	0.00786	0.00851
7	0.00731	0.01126	0.01852	0.07969	0.03943	0.00784	0.05185	0.01162	0.02916	0.01942	0.02271	0.49813	0.02543	0.01659	0.08395	0.00694	0.04429	0.01703	0.00868	0.00013

[dist]
# distance from previous block
# <min> <max>
7	12

[block]
# block no. 16 follows, 2732 sequences, length 11
# corresponding to MSA columns:
# 2802-2811,2813
name=unknown_Q
#
# <colnr> <probs for GDERKNQSTAVLIFYWHMCP>
#	G	D	E	R	K	N	Q	S	T	A	V	L	I	F	Y	W	H	M	C	P
0	0.09609	0.24532	0.02595	0.03532	0.05588	0.05279	0.19596	0.04197	0.00923	0.05799	0.00547	0.01168	0.00607	0.00014	0.00013	0.00527	0.06555	0.01780	0.03793	0.03345
1	0.00018	0.00013	0.00015	0.00016	0.00019	0.00012	0.00012	0.00022	0.00028	0.03780	0.11993	0.24331	0.41324	0.02706	0.01162	5e-05	7.8e-05	0.11748	0.02777	0.00011
2	0.00019	0.00013	0.00016	0.00016	0.00019	0.00012	0.00012	0.00024	0.01360	0.05513	0.47881	0.17851	0.23279	0.01178	0.00016	4.4e-05	6.8e-05	0.01325	0.01442	0.00012
3	0.00018	0.00013	0.00016	0.00015	0.00019	0.00012	0.00011	0.01105	0.01116	0.01199	0.58217	0.01903	0.32398	0.01531	0.00016	4.2e-05	6.5e-05	0.01106	0.01282	0.00012
4	0.91433	0.00024	0.00020	0.00017	0.00025	0.00028	0.00014	0.00039	0.00023	0.08255	0.00020	0.00022	0.00015	0.00012	8.3e-05	3.9e-05	9.9e-05	7.4e-05	8.5e-05	0.00014
5	0.00032	0.00027	0.00029	0.00026	0.00033	0.00032	0.00020	0.00067	0.99452	0.00053	0.00052	0.00047	0.00039	0.00017	0.00013	4.3e-05	0.00010	0.00014	0.00013	0.00020
6	0.00028	0.00028	0.00041	0.00034	0.00035	0.00038	0.06895	0.00032	0.02304	0.00032	0.00019	0.00029	0.00018	0.00023	0.02822	5.8e-05	0.87586	0.00012	5.8e-05	0.00014
7	0.00056	0.00022	0.00030	0.00023	0.00033	0.00020	0.00019	0.04938	0.03394	0.91249	0.00049	0.00043	0.00031	0.00016	0.00013	3.9e-05	0.00011	0.00013	0.00015	0.00022
8	0.00019	0.00013	0.00016	0.00018	0.00020	0.00012	0.00012	0.00023	0.01570	0.08234	0.06632	0.71149	0.09747	0.00036	0.00016	4.9e-05	7.6e-05	0.02448	0.00012	0.00012
9	0.00017	0.00013	0.00014	0.00014	0.00017	0.00012	9.6e-05	0.00019	0.00025	0.01929	0.01818	0.13347	0.42854	0.37931	0.00034	7.5e-05	9e-05	0.01910	0.00010	9.7e-05
10	0.01332	0.00037	0.11476	0.00868	0.00839	0.00926	0.64741	0.12604	0.01371	0.02378	0.00873	0.00034	0.00021	0.00013	0.01619	4.4e-05	0.00825	0.00014	7.5e-05	0.00018

[dist]
# distance from previous block
# <min> <max>
0	4

[block]
# block no. 17 follows, 2732 sequences, length 29
# corresponding to MSA columns:
# 2818-2846
name=unknown_R
#
# <colnr> <probs for GDERKNQSTAVLIFYWHMCP>
#	G	D	E	R	K	N	Q	S	T	A	V	L	I	F	Y	W	H	M	C	P
0	0.01683	0.45141	0.33854	0.00442	0.05090	0.02143	0.02328	0.02173	0.00712	0.03153	0.00022	0.00025	0.00017	0.00012	0.00420	3.4e-05	0.00016	8.5e-05	6.1e-05	0.02751
1	0.10195	0.19176	0.05990	0.01859	0.08797	0.07609	0.07454	0.10009	0.11247	0.06632	0.02478	0.00234	0.00453	0.00401	0.00832	0.00227	0.02826	0.00267	8.5e-05	0.03309
2	0.00511	0.00013	0.00017	0.00016	0.00019	0.00425	0.00012	0.00024	0.00959	0.00902	0.87151	0.01716	0.04490	0.03244	0.00017	4.3e-05	6.4e-05	0.00449	0.00014	0.00012
3	0.01427	0.04078	0.18615	0.04368	0.07869	0.04763	0.21009	0.04199	0.05770	0.07453	0.07055	0.01506	0.06362	0.00616	0.00872	4.2e-05	0.02866	0.00510	0.00240	0.00416
4	0.00019	0.00013	0.00015	0.00015	0.00016	0.00013	9.5e-05	0.00020	0.00019	0.02145	0.00040	0.01130	0.00904	0.76967	0.15824	0.00649	0.00016	0.01071	7.8e-05	0.01106
5	0.00346	0.04718	0.01246	0.07702	0.17407	0.08215	0.07625	0.05715	0.01195	0.16486	0.00461	0.01410	0.00219	0.02714	0.01859	4.6e-05	0.17187	0.00261	0.00458	0.04772
6	0.03635	0.17313	0.01791	0.15404	0.12324	0.30356	0.03152	0.06127	0.00317	0.03827	0.00023	0.00383	0.00018	0.00700	0.00297	3.7e-05	0.03851	9.7e-05	0.00453	0.00016
7	0.00016	0.00011	0.00015	0.00018	0.00019	0.00010	0.00012	0.00018	0.00025	0.00033	0.01465	0.94887	0.01165	0.00633	0.00016	5.1e-05	7.4e-05	0.00722	0.00012	0.00912
8	0.67480	0.00266	0.00253	0.02253	0.00615	0.00268	0.00467	0.02113	0.00549	0.21603	0.01782	0.00261	0.00843	0.00013	9.6e-05	3.9e-05	0.00359	0.00601	0.00245	0.00016
9	0.00016	0.00012	0.00015	0.00018	0.00433	0.00011	0.00012	0.00019	0.00473	0.00650	0.00911	0.87061	0.00846	0.03821	0.00697	5.5e-05	8e-05	0.04970	0.00012	0.00010
10	0.00795	0.00016	0.00342	0.00018	0.00023	0.00624	0.00014	0.01683	0.01958	0.26367	0.60043	0.00728	0.05230	0.00373	0.00329	4.1e-05	7.8e-05	0.00399	0.01029	0.00015
11	0.00016	0.00013	0.00015	0.00014	0.00018	0.00011	0.00011	0.00021	0.00947	0.00042	0.44142	0.01003	0.53643	0.00029	0.00015	4.2e-05	6.3e-05	0.00025	0.00013	0.00011
12	0.00020	0.00016	0.00018	0.00017	0.00021	0.00015	0.00013	0.00031	0.20225	0.02096	0.28575	0.00858	0.47994	0.00027	0.00015	4.2e-05	7.1e-05	0.00023	0.00013	0.00013
13	0.00034	0.99562	0.00066	0.00022	0.00033	0.00050	0.00022	0.00038	0.00026	0.00030	0.00018	0.00020	0.00016	0.00011	8.1e-05	2.7e-05	0.00014	6.8e-05	5.4e-05	0.00016
14	0.00025	0.00066	0.99489	0.00036	0.00055	0.00029	0.00047	0.00040	0.00027	0.00040	0.00023	0.00027	0.00016	0.00012	0.00012	4e-05	0.00019	9.4e-05	5.4e-05	0.00019
15	0.00030	0.00035	0.02981	0.00053	0.00066	0.00032	0.96524	0.00041	0.00030	0.00041	0.00026	0.00034	0.00019	0.00011	0.00015	4.3e-05	0.00021	0.00015	6.4e-05	0.00017
16	0.00028	0.00028	0.00040	0.00034	0.00034	0.00039	0.01991	0.00031	0.00020	0.00031	0.00017	0.00028	0.00017	0.00022	0.00041	5.5e-05	0.97566	0.00011	5.6e-05	0.00014
17	0.00024	0.00023	0.00038	0.97237	0.02373	0.00028	0.00035	0.00033	0.00025	0.00033	0.00023	0.00034	0.00017	0.00013	0.00013	4.2e-05	0.00017	0.00011	5.6e-05	0.00014
18	0.00018	0.00012	0.00014	0.00014	0.00014	0.00012	7.8e-05	0.00019	0.00018	0.00025	0.00040	0.00082	0.00046	0.97813	0.01806	0.00012	0.00013	0.00018	7.7e-05	7.7e-05
