[name]
unknown

[dist]
# distance from previous block
# <min> <max>
0	42

[block]
# block no. 0 follows, 2343 sequences, length 38
# corresponding to MSA columns:
# 70-72,74-92,95-103,109-115
name=unknown_A
#
# <colnr> <probs for GDERKNQSTAVLIFYWHMCP>
#	G	D	E	R	K	N	Q	S	T	A	V	L	I	F	Y	W	H	M	C	P
0	0.05853	0.01566	0.01767	0.04618	0.06784	0.10484	0.02598	0.12167	0.26902	0.04436	0.00934	0.00423	0.01857	0.00549	0.06630	0.00826	0.00422	0.10208	0.00012	0.00965
1	0.00574	0.00016	0.00019	0.00019	0.00023	0.00015	0.00014	0.00954	0.02277	0.09594	0.20782	0.19791	0.35937	0.07937	0.00270	0.00696	9e-05	0.00519	0.00313	0.00242
2	0.05302	0.00016	0.00019	0.00019	0.00023	0.00015	0.00014	0.01312	0.00346	0.07068	0.12817	0.35044	0.28856	0.07122	0.00022	0.00878	9.1e-05	0.00429	0.00014	0.00676
3	0.06787	0.00027	0.00241	0.00030	0.00428	0.00026	0.12808	0.08865	0.06975	0.34572	0.03648	0.04886	0.06595	0.01797	0.01301	0.03012	0.00014	0.02047	0.00014	0.05930
4	0.01728	0.00019	0.00022	0.00020	0.00024	0.00018	0.00014	0.04278	0.05423	0.19875	0.02684	0.09644	0.04281	0.50042	0.00492	0.00286	0.00013	0.00820	0.00012	0.00303
5	0.00299	0.00015	0.00018	0.00018	0.00022	0.00014	0.00013	0.00705	0.00490	0.04946	0.17765	0.23377	0.48659	0.01593	0.00018	5.3e-05	8.2e-05	0.01364	0.00306	0.00366
6	0.00950	0.00015	0.00018	0.00019	0.00022	0.00014	0.00013	0.00756	0.00872	0.04133	0.19264	0.37202	0.19014	0.12825	0.00025	6.5e-05	9.1e-05	0.02183	0.02183	0.00477
7	0.02987	0.00021	0.00295	0.00022	0.00029	0.00020	0.00018	0.09022	0.06774	0.19767	0.31374	0.08351	0.14167	0.00347	0.00017	4.9e-05	0.00010	0.05776	0.00981	0.00017
8	0.00019	0.00014	0.00017	0.00018	0.00020	0.00013	0.00012	0.00021	0.00028	0.00036	0.00960	0.53023	0.17488	0.27368	0.00034	8.1e-05	0.0001	0.00889	0.00012	0.00011
9	0.46539	0.00030	0.00029	0.00024	0.00033	0.00033	0.00020	0.24497	0.05735	0.11523	0.01127	0.04242	0.00970	0.02560	0.00331	4.9e-05	0.00013	0.00490	0.01781	0.00019
10	0.01029	0.00016	0.00019	0.00018	0.00023	0.00014	0.00013	0.01334	0.01217	0.02795	0.25951	0.22464	0.31672	0.07517	0.00022	5.7e-05	8.7e-05	0.01021	0.00014	0.04845
11	0.00020	0.00014	0.00018	0.00020	0.00022	0.00013	0.00014	0.02415	0.00375	0.00709	0.12193	0.70010	0.11726	0.00042	0.00018	5.7e-05	8.5e-05	0.01567	0.00796	0.00013
12	0.00020	0.00015	0.00018	0.00017	0.00022	0.00014	0.00013	0.00026	0.01531	0.00053	0.63481	0.00120	0.34550	0.00033	0.00017	4.8e-05	7.2e-05	0.00028	0.00015	0.00014
13	0.04258	0.00019	0.00022	0.00021	0.00025	0.00020	0.00015	0.01814	0.15946	0.10349	0.12237	0.09372	0.11195	0.30007	0.00322	0.00595	0.00011	0.03109	0.00648	0.00015
14	0.00481	0.00015	0.00018	0.00018	0.00021	0.00014	0.00013	0.00840	0.00034	0.01907	0.40631	0.11603	0.22586	0.19768	0.00029	6.8e-05	9e-05	0.00853	0.00014	0.01138
15	0.00033	0.00033	0.00045	0.00039	0.00039	0.01388	0.00032	0.00036	0.00023	0.00036	0.00019	0.00032	0.00019	0.00026	0.00048	6.4e-05	0.98111	0.00013	6.5e-05	0.00016
16	0.00030	0.00076	0.99405	0.00042	0.00064	0.00034	0.00055	0.00047	0.00031	0.00047	0.00026	0.00031	0.00019	0.00014	0.00014	4.7e-05	0.00022	0.00011	6.2e-05	0.00022
17	0.07156	0.00016	0.00019	0.00020	0.00022	0.00016	0.00014	0.00786	0.00026	0.03836	0.00394	0.37688	0.00353	0.30556	0.09421	0.03949	0.00014	0.05083	0.00619	0.00012
18	0.99585	0.00029	0.00022	0.00019	0.00029	0.00033	0.00016	0.00043	0.00025	0.00066	0.00021	0.00024	0.00016	0.00014	9.1e-05	4.6e-05	0.00011	8e-05	9.1e-05	0.00016
19	0.00032	0.00032	0.00045	0.00039	0.00039	0.00045	0.00032	0.00035	0.00023	0.00036	0.00020	0.00033	0.00020	0.00027	0.01420	6.7e-05	0.98082	0.00013	6.5e-05	0.00016
20	0.00022	0.00015	0.00019	0.00019	0.00020	0.00015	0.00012	0.00024	0.00023	0.02074	0.00049	0.08034	0.00054	0.63007	0.22319	0.00015	0.00019	0.03510	0.00738	0.00011
21	0.00461	0.00016	0.00020	0.01535	0.00224	0.00015	0.00514	0.02005	0.01940	0.03739	0.03360	0.32231	0.19603	0.07632	0.07272	0.17618	0.00012	0.01440	0.00352	0.00012
22	0.00291	0.00018	0.00023	0.00020	0.00025	0.00017	0.00015	0.00874	0.03639	0.19355	0.37372	0.05689	0.04281	0.19241	0.00028	0.00489	0.00010	0.02680	0.02329	0.03604
23	0.07099	0.00025	0.00033	0.00026	0.00037	0.00023	0.00021	0.01692	0.00041	0.89279	0.00055	0.00049	0.00035	0.00018	0.00014	4.6e-05	0.00013	0.00858	0.00651	0.00024
24	0.00031	0.00030	0.00050	0.52257	0.40328	0.00033	0.01171	0.00041	0.01019	0.00043	0.01585	0.00683	0.00864	0.00015	0.00015	4.7e-05	0.00018	0.01786	7.3e-05	0.00019
25	0.00457	0.00021	0.00031	0.23376	0.11441	0.00022	0.00391	0.01484	0.00323	0.07772	0.01602	0.27292	0.04659	0.03033	0.01543	0.12181	0.00279	0.02802	0.01277	0.00015
26	0.01078	0.00023	0.00027	0.00878	0.00029	0.06048	0.06501	0.09658	0.01551	0.10398	0.04024	0.05656	0.01102	0.22842	0.00652	6.7e-05	0.00013	0.01159	0.28338	0.00016
27	0.82113	0.01737	0.00029	0.01054	0.10203	0.01359	0.01721	0.00901	0.00027	0.00063	0.00022	0.00026	0.00017	0.00014	0.00010	4.5e-05	0.00666	8.8e-05	8.9e-05	0.00017
28	0.00021	0.00016	0.00019	0.00018	0.00023	0.00015	0.00014	0.00346	0.03765	0.00757	0.55540	0.00427	0.33124	0.00530	0.00018	4.9e-05	7.8e-05	0.04979	0.00364	0.00014
29	0.04001	0.00642	0.00965	0.26412	0.36634	0.00400	0.03153	0.00440	0.01411	0.01278	0.00381	0.12403	0.00376	0.00342	0.02504	5.4e-05	0.05317	0.02706	0.00396	0.00233
30	0.00023	0.00016	0.00020	0.00019	0.00023	0.00014	0.00014	0.00741	0.00041	0.04816	0.82377	0.00106	0.05919	0.00029	0.00017	4.6e-05	7.4e-05	0.00485	0.05314	0.00014
31	0.00438	0.07117	0.28756	0.14154	0.02933	0.07598	0.03150	0.02877	0.03312	0.00043	0.01558	0.18548	0.01542	0.00333	0.02244	5.3e-05	0.03453	0.00321	8.8e-05	0.01607
32	0.02027	0.00866	0.31578	0.22996	0.17552	0.00032	0.00608	0.02009	0.06263	0.04971	0.07621	0.00046	0.03010	0.00017	0.00015	4.7e-05	0.00018	0.00014	0.00333	0.00020
33	0.00021	0.00014	0.00017	0.00017	0.00017	0.00015	9.7e-05	0.00022	0.00022	0.00029	0.00716	0.00785	0.01428	0.90409	0.06410	0.00015	0.00016	0.00021	9e-05	9.3e-05
34	0.00053	0.00034	0.00039	0.00030	0.00040	0.00405	0.00025	0.64084	0.00405	0.19767	0.00041	0.00044	0.00030	0.05118	0.06579	0.00990	0.00017	0.00370	0.01906	0.00023
35	0.00018	0.00015	0.00016	0.00017	0.00021	0.00013	0.00012	0.00022	0.00034	0.00042	0.15713	0.18083	0.62335	0.02360	0.00019	5.4e-05	7.8e-05	0.01242	0.00014	0.00013
36	0.88417	0.00027	0.00021	0.00019	0.00027	0.00031	0.00015	0.00041	0.00025	0.00062	0.00023	0.00032	0.00020	0.11172	0.00017	5.7e-05	0.00012	9.5e-05	9.1e-05	0.00015
37	0.00022	0.00015	0.00018	0.00018	0.00019	0.00015	0.00012	0.00023	0.00024	0.00032	0.00442	0.01741	0.01091	0.75041	0.02465	0.00519	0.00015	0.18467	9.9e-05	0.00010

[dist]
# distance from previous block
# <min> <max>
9	66

[block]
# block no. 1 follows, 2343 sequences, length 16
# corresponding to MSA columns:
# 212,213,220,224-226,228-230,232-238
name=unknown_B
#
# <colnr> <probs for GDERKNQSTAVLIFYWHMCP>
#	G	D	E	R	K	N	Q	S	T	A	V	L	I	F	Y	W	H	M	C	P
0	0.23072	0.11591	0.01982	0.03816	0.11853	0.07802	0.03837	0.09742	0.04427	0.01559	0.00513	0.01254	0.01126	0.01836	0.02977	0.01510	0.08663	0.00802	0.00345	0.01294
1	0.49571	0.06252	0.29595	0.01166	0.02127	0.02799	0.01799	0.00960	0.00470	0.01011	0.00024	0.00029	0.00019	0.00417	0.00428	4.6e-05	0.01375	0.00422	0.00500	0.01032
2	0.00035	0.00030	0.00032	0.00028	0.00036	0.00779	0.00022	0.00879	0.84746	0.01026	0.02891	0.00062	0.05520	0.00021	0.00015	4.9e-05	0.00011	0.00811	0.02239	0.00810
3	0.00032	0.01919	0.46773	0.08501	0.06593	0.03593	0.05635	0.00647	0.08492	0.02645	0.05075	0.06287	0.02052	0.00523	0.00577	4.9e-05	0.00019	0.00604	8.8e-05	0.00020
4	0.00022	0.00015	0.00022	0.00022	0.00023	0.00017	0.00016	0.00024	0.00023	0.00033	0.01607	0.01164	0.02294	0.14722	0.63444	0.16487	0.00030	0.00017	8.1e-05	0.00011
5	0.12270	0.00029	0.00035	0.03848	0.04458	0.00808	0.04660	0.18852	0.18429	0.14733	0.13151	0.00704	0.03507	0.00432	0.00015	0.00415	0.00438	0.00456	0.02740	0.00020
6	0.00019	0.00014	0.00017	0.00018	0.00021	0.00013	0.00013	0.00022	0.00032	0.00042	0.16581	0.29950	0.43888	0.04969	0.00022	0.02469	8.3e-05	0.01876	0.00014	0.00012
7	0.10150	0.00030	0.00039	0.32290	0.06243	0.01024	0.00030	0.19079	0.06136	0.21094	0.00037	0.00040	0.00026	0.00016	0.00014	4.6e-05	0.00828	0.00013	0.02885	0.00021
8	0.00921	0.00019	0.00025	0.00022	0.00028	0.00017	0.00017	0.01827	0.00694	0.30295	0.02523	0.30274	0.06134	0.01066	0.00021	0.10145	0.00011	0.04602	0.01921	0.09437
9	0.00018	0.00014	0.00016	0.00018	0.00021	0.00013	0.00013	0.00021	0.00030	0.00039	0.03753	0.44193	0.40731	0.07543	0.00951	0.01283	8.9e-05	0.01310	0.00013	0.00012
10	0.00029	0.00025	0.00029	0.00022	0.00033	0.00019	0.00017	0.00035	0.00030	0.00047	0.00031	0.07249	0.00028	0.01615	0.00013	0.01600	0.00011	0.00011	9.1e-05	0.89146
11	0.00019	0.00014	0.00017	0.00020	0.00021	0.00013	0.00013	0.00022	0.00029	0.01176	0.04739	0.69559	0.12904	0.09287	0.00024	6.6e-05	9e-05	0.02102	0.00013	0.00012
12	0.99585	0.00029	0.00022	0.00019	0.00029	0.00033	0.00016	0.00043	0.00025	0.00066	0.00021	0.00024	0.00016	0.00014	9.1e-05	4.6e-05	0.00011	8e-05	9.1e-05	0.00016
13	0.99585	0.00029	0.00022	0.00019	0.00029	0.00033	0.00016	0.00043	0.00025	0.00066	0.00021	0.00024	0.00016	0.00014	9.1e-05	4.6e-05	0.00011	8e-05	9.1e-05	0.00016
14	0.00023	0.00016	0.00023	0.00023	0.00025	0.00018	0.00017	0.01822	0.00025	0.02945	0.00042	0.01043	0.00040	0.14792	0.77014	0.00021	0.00034	0.01016	0.01048	0.00013
15	0.00024	0.00017	0.00020	0.00019	0.00023	0.02512	0.00014	0.00032	0.04017	0.01935	0.76996	0.01008	0.01132	0.00028	0.00016	4.5e-05	7.8e-05	0.00024	0.12155	0.00015

[dist]
# distance from previous block
# <min> <max>
1	3

[block]
# block no. 2 follows, 2343 sequences, length 6
# corresponding to MSA columns:
# 242-247
name=unknown_C
#
# <colnr> <probs for GDERKNQSTAVLIFYWHMCP>
#	G	D	E	R	K	N	Q	S	T	A	V	L	I	F	Y	W	H	M	C	P
0	0.00022	0.00016	0.00021	0.00022	0.00025	0.00015	0.00017	0.00026	0.00030	0.00040	0.02546	0.11237	0.11838	0.23195	0.02430	8.3e-05	0.00013	0.42447	0.00012	0.06040
1	0.02622	0.00872	0.05347	0.01203	0.05549	0.00925	0.02005	0.08545	0.01690	0.23165	0.03966	0.19786	0.01321	0.03237	0.03219	0.01802	0.06147	0.01152	0.01633	0.05815
2	0.60033	0.20820	0.03767	0.00023	0.00033	0.03986	0.00020	0.02312	0.02839	0.00057	0.00024	0.00029	0.00020	0.00014	0.00010	4.2e-05	0.00013	0.01892	0.02179	0.01923
3	0.03928	0.24570	0.27238	0.01151	0.00899	0.01918	0.03008	0.02461	0.01967	0.01903	0.01532	0.01434	0.01316	0.04444	0.01634	0.02858	0.00874	0.14987	0.00923	0.00954
4	0.05272	0.27195	0.22116	0.14583	0.02862	0.02065	0.01321	0.01885	0.01326	0.04242	0.02715	0.01367	0.05352	0.01160	0.01014	4.6e-05	0.00984	0.02352	8.4e-05	0.02175
5	0.05742	0.27291	0.15658	0.01551	0.03045	0.05528	0.01729	0.06411	0.02434	0.03757	0.04545	0.01516	0.02221	0.01285	0.01925	4.5e-05	0.02890	0.01115	8.9e-05	0.11344

[dist]
# distance from previous block
# <min> <max>
3	154

[block]
# block no. 3 follows, 2343 sequences, length 33
# corresponding to MSA columns:
# 443-465,470-479
name=unknown_D
#
# <colnr> <probs for GDERKNQSTAVLIFYWHMCP>
#	G	D	E	R	K	N	Q	S	T	A	V	L	I	F	Y	W	H	M	C	P
0	0.06005	0.08336	0.02383	0.29292	0.04657	0.04364	0.09688	0.01634	0.01880	0.00565	0.08961	0.02675	0.00304	0.01120	0.04950	0.08871	0.02653	0.01415	0.00230	0.00016
1	0.02289	0.00703	0.12152	0.00994	0.00467	0.00470	0.13595	0.23748	0.07251	0.25675	0.00393	0.07247	0.00880	0.00020	0.00750	0.00210	0.00365	0.00705	0.01844	0.00244
2	0.00021	0.00014	0.00018	0.00018	0.00019	0.00015	0.00011	0.00022	0.00023	0.00031	0.01140	0.11526	0.02863	0.67231	0.15554	0.00014	0.00017	0.01443	9.6e-05	0.00010
3	0.04614	0.05922	0.02007	0.13288	0.02833	0.25978	0.07736	0.08051	0.04441	0.05105	0.02267	0.04275	0.00862	0.01514	0.01735	0.00205	0.05572	0.00422	0.01957	0.01216
4	0.08048	0.01061	0.04066	0.11368	0.03991	0.21867	0.04931	0.22499	0.03993	0.06913	0.00894	0.00590	0.00897	0.01337	0.01075	0.00291	0.05439	0.00438	0.00283	0.00020
5	0.00423	0.00033	0.00056	0.08056	0.58028	0.00032	0.12291	0.00638	0.01708	0.13070	0.01885	0.01500	0.01566	0.00015	0.00015	4.6e-05	0.00633	0.00015	9.2e-05	0.00022
6	0.02263	0.00459	0.00039	0.02007	0.09331	0.02203	0.00313	0.28663	0.11922	0.01928	0.00369	0.00036	0.00026	0.00015	0.00014	3.7e-05	0.02670	0.00277	0.00011	0.37449
7	0.00341	0.00019	0.00023	0.01379	0.00761	0.00488	0.00016	0.00823	0.00832	0.12887	0.32421	0.14848	0.12373	0.02750	0.00239	0.02141	0.00478	0.00024	0.00536	0.16622
8	0.13035	0.00018	0.00231	0.02624	0.01726	0.00244	0.00389	0.01457	0.00501	0.03122	0.00976	0.14732	0.02586	0.07250	0.04054	0.42191	0.00564	0.00750	9.1e-05	0.03542
9	0.03774	0.03677	0.02182	0.05220	0.23374	0.01310	0.41317	0.03913	0.01011	0.09119	0.01285	0.00040	0.00683	0.00014	0.00223	0.00335	0.00986	0.00015	8.9e-05	0.01512
10	0.00029	0.00028	0.00048	0.81806	0.15596	0.00033	0.02174	0.00039	0.00030	0.00040	0.00027	0.00039	0.00020	0.00014	0.00015	4.8e-05	0.00019	0.00013	6.7e-05	0.00018
11	0.00316	0.00018	0.00023	0.00022	0.00027	0.00289	0.00016	0.02598	0.01945	0.25357	0.04055	0.21293	0.21078	0.10880	0.00317	0.00332	0.00011	0.10936	0.00472	0.00016
12	0.01259	0.00020	0.00344	0.00402	0.01162	0.00018	0.00233	0.05184	0.00588	0.32090	0.02124	0.23675	0.19998	0.04757	0.01026	0.03016	0.00011	0.03264	0.00603	0.00224
13	0.00024	0.00019	0.00021	0.00020	0.00025	0.00018	0.00546	0.00713	0.16812	0.02952	0.29170	0.00112	0.44336	0.00595	0.00017	4.9e-05	8.6e-05	0.02492	0.00456	0.01659
14	0.00024	0.00020	0.00021	0.00021	0.00025	0.08570	0.00016	0.00576	0.00494	0.01860	0.34082	0.12676	0.27652	0.01675	0.01825	5.6e-05	0.00011	0.10420	0.00014	0.00014
15	0.00700	0.00020	0.00025	0.00022	0.00028	0.00019	0.00017	0.08060	0.00866	0.35065	0.08342	0.16331	0.05517	0.23282	0.00030	7.1e-05	0.00012	0.00842	0.00797	0.00017
16	0.14481	0.00026	0.00032	0.00025	0.00036	0.00024	0.00021	0.01564	0.00701	0.80887	0.00053	0.00049	0.00034	0.00018	0.00014	4.6e-05	0.00012	0.01977	0.00017	0.00024
17	0.99585	0.00029	0.00022	0.00019	0.00029	0.00033	0.00016	0.00043	0.00025	0.00066	0.00021	0.00024	0.00016	0.00014	9.1e-05	4.6e-05	0.00011	8e-05	9.1e-05	0.00016
18	0.00574	0.00025	0.00029	0.00022	0.00033	0.00020	0.00017	0.03341	0.00034	0.07001	0.14345	0.00049	0.04678	0.00016	0.00013	2.9e-05	0.00010	0.00013	0.00011	0.69767
19	0.01384	0.00016	0.00019	0.00020	0.00023	0.00015	0.00014	0.00029	0.03369	0.08027	0.13367	0.25329	0.23598	0.14285	0.00026	6.7e-05	9.9e-05	0.09702	0.00745	0.00014
20	0.00039	0.00024	0.00027	0.00024	0.00030	0.07947	0.00019	0.00715	0.02355	0.31524	0.09009	0.00582	0.02260	0.21630	0.00030	7.2e-05	0.00407	0.22714	0.00639	0.00017
21	0.00055	0.00070	0.00042	0.00038	0.00046	0.97224	0.00029	0.02255	0.00042	0.00037	0.00023	0.00027	0.00019	0.00015	0.00013	3.8e-05	0.00026	9.6e-05	7.8e-05	0.00017
22	0.00021	0.00014	0.00017	0.00017	0.00019	0.00014	0.00011	0.00022	0.00551	0.00751	0.04506	0.21970	0.09845	0.59446	0.01735	0.00011	0.00012	0.01015	0.00011	0.00010
23	0.00440	0.00015	0.00017	0.00018	0.00021	0.00013	0.00013	0.00024	0.00548	0.02334	0.14725	0.38843	0.38818	0.03335	0.00020	5.6e-05	8.3e-05	0.00775	0.00014	0.00013
24	0.00576	0.00014	0.00018	0.00020	0.00021	0.00014	0.00013	0.01432	0.02932	0.00038	0.01952	0.69125	0.01128	0.21278	0.00393	7.8e-05	0.00010	0.01003	0.00013	0.00012
25	0.15078	0.00026	0.00032	0.00025	0.00036	0.00025	0.00021	0.04098	0.04200	0.71932	0.00520	0.00046	0.00034	0.00018	0.00014	4.5e-05	0.00012	0.00014	0.01663	0.02201
26	0.00451	0.00015	0.00018	0.00018	0.00021	0.00014	0.00013	0.00364	0.00666	0.02788	0.16231	0.11409	0.38030	0.18637	0.04785	0.04409	0.00011	0.01741	0.00368	0.00012
27	0.01915	0.00016	0.00019	0.00019	0.00022	0.00015	0.00014	0.00669	0.00933	0.06666	0.31028	0.26105	0.13695	0.15822	0.00027	6.6e-05	9.3e-05	0.01665	0.01341	0.00013
28	0.00507	0.00016	0.00020	0.00019	0.00023	0.00014	0.00014	0.00030	0.01102	0.14391	0.14022	0.32445	0.30767	0.04722	0.00020	5.7e-05	8.9e-05	0.01195	0.00663	0.00014
29	0.00022	0.00015	0.00019	0.00020	0.00021	0.00315	0.00013	0.00657	0.00395	0.02150	0.01736	0.18748	0.01387	0.43102	0.27414	0.00919	0.00020	0.02007	0.01026	0.00011
30	0.01706	0.00020	0.00024	0.00022	0.00027	0.00020	0.00016	0.08119	0.08530	0.14359	0.11435	0.05924	0.15544	0.10208	0.00636	0.18970	0.00011	0.03437	0.00702	0.00291
31	0.17684	0.00019	0.00021	0.00020	0.00025	0.00019	0.00015	0.01975	0.01729	0.11462	0.12207	0.18842	0.18870	0.07414	0.00670	0.00254	0.00010	0.06116	0.02180	0.00466
32	0.00300	0.00018	0.00315	0.00022	0.00026	0.00959	0.03948	0.03470	0.01009	0.02708	0.20990	0.34165	0.18794	0.03314	0.01762	0.01042	0.00609	0.06310	0.00224	0.00014

[dist]
# distance from previous block
# <min> <max>
19	31

[block]
# block no. 4 follows, 2343 sequences, length 16
# corresponding to MSA columns:
# 572,576,577,587-591,601,602,605-609,615
name=unknown_E
#
# <colnr> <probs for GDERKNQSTAVLIFYWHMCP>
#	G	D	E	R	K	N	Q	S	T	A	V	L	I	F	Y	W	H	M	C	P
0	0.00676	0.02382	0.13556	0.02565	0.07958	0.00411	0.10285	0.06687	0.00767	0.42966	0.00793	0.01961	0.01054	0.00752	0.04235	0.00503	0.01215	0.01201	0.00013	0.00022
1	0.00794	0.02234	0.12936	0.07181	0.13049	0.02268	0.23518	0.05955	0.03250	0.11642	0.06530	0.02915	0.03148	0.00798	0.00630	5e-05	0.01610	0.01508	0.00010	0.00020
2	0.02666	0.00561	0.00529	0.00443	0.00035	0.00557	0.01310	0.04510	0.01008	0.65150	0.06765	0.06188	0.06029	0.00782	0.01915	5.2e-05	0.00415	0.01092	0.00016	0.00022
3	0.74662	0.02191	0.02585	0.01251	0.02751	0.03168	0.07556	0.00929	0.00870	0.01479	0.00754	0.00027	0.00019	0.00014	0.00011	4.6e-05	0.01194	9.5e-05	9e-05	0.00516
4	0.00019	0.00884	0.00018	0.00019	0.00021	0.00014	0.00013	0.00023	0.00902	0.00039	0.09473	0.42800	0.20611	0.20007	0.00904	7.5e-05	9.9e-05	0.04213	0.00013	0.00012
5	0.00985	0.02524	0.09892	0.11548	0.18507	0.01157	0.24872	0.03838	0.03754	0.04226	0.03717	0.04732	0.00549	0.00017	0.00415	4.8e-05	0.02388	0.02250	9e-05	0.04615
6	0.07405	0.09746	0.09084	0.01255	0.07222	0.04496	0.03270	0.07894	0.06302	0.15717	0.04919	0.00722	0.01161	0.01059	0.00395	4.2e-05	0.00564	0.00663	0.00011	0.18111
7	0.71780	0.02579	0.02381	0.01471	0.01931	0.07502	0.00821	0.01071	0.01895	0.00060	0.00023	0.00028	0.00018	0.00557	0.00748	4.7e-05	0.03279	0.00542	8.9e-05	0.03300
8	0.00793	0.66824	0.09792	0.00028	0.00040	0.00480	0.02998	0.01327	0.02331	0.02373	0.00798	0.01158	0.00473	0.03129	0.00566	4.2e-05	0.00503	0.06355	7.7e-05	0.00019
9	0.00030	0.00495	0.19324	0.16173	0.13339	0.00809	0.12240	0.01646	0.08039	0.01274	0.07490	0.05404	0.10434	0.00021	0.00573	0.00669	0.01040	0.00585	0.00395	0.00019
10	0.00019	0.00015	0.00017	0.00017	0.00021	0.00013	0.00012	0.00023	0.00034	0.00043	0.16933	0.13932	0.62539	0.02161	0.00019	0.00927	7.9e-05	0.01800	0.00014	0.01456
11	0.00380	0.00418	0.02891	0.01811	0.09214	0.00508	0.04134	0.00563	0.12348	0.00663	0.24329	0.25803	0.11387	0.01531	0.00499	0.00390	0.00578	0.02524	0.00013	0.00016
12	0.05766	0.00803	0.04748	0.07324	0.10602	0.01280	0.04038	0.28538	0.02787	0.28037	0.00530	0.00730	0.01204	0.00766	0.00466	4.8e-05	0.00688	0.01653	0.00013	0.00022
13	0.00708	0.00017	0.00020	0.00019	0.00024	0.01190	0.00684	0.00030	0.03993	0.06354	0.39861	0.03083	0.41480	0.00737	0.00018	4.9e-05	8.3e-05	0.01740	0.00015	0.00014
14	0.14174	0.35181	0.04435	0.02764	0.00612	0.28873	0.01470	0.03207	0.00817	0.06685	0.00603	0.00029	0.00021	0.00014	0.00012	3.9e-05	0.00533	9.7e-05	0.00537	0.00019
15	0.56950	0.08837	0.02846	0.00733	0.02969	0.08629	0.02682	0.04182	0.01575	0.02035	0.00780	0.01679	0.00742	0.01232	0.00403	4.7e-05	0.02876	0.00400	9.2e-05	0.00439

[dist]
# distance from previous block
# <min> <max>
53	374

[block]
# block no. 5 follows, 2343 sequences, length 21
# corresponding to MSA columns:
# 1485-1505
name=unknown_F
#
# <colnr> <probs for GDERKNQSTAVLIFYWHMCP>
#	G	D	E	R	K	N	Q	S	T	A	V	L	I	F	Y	W	H	M	C	P
0	0.12938	0.00769	0.00022	0.00437	0.02699	0.00517	0.00410	0.02367	0.02848	0.05097	0.08662	0.24427	0.08621	0.20129	0.00701	0.04103	0.00601	0.02103	0.00012	0.02538
1	0.05891	0.10908	0.32469	0.01704	0.06921	0.02017	0.11007	0.08409	0.03120	0.10478	0.02196	0.01345	0.00381	0.00316	0.00343	4.6e-05	0.00628	0.00721	9.4e-05	0.01134
2	0.02542	0.00030	0.00037	0.01578	0.08040	0.00451	0.00025	0.27326	0.02291	0.44402	0.03478	0.02834	0.01745	0.00471	0.00015	4.6e-05	0.00449	0.01909	0.00015	0.02357
3	0.00813	0.00015	0.00018	0.00018	0.00021	0.00014	0.00013	0.00987	0.00939	0.03519	0.12929	0.26242	0.30563	0.19214	0.00029	0.00488	9.6e-05	0.02875	0.00690	0.00604
4	0.09728	0.00704	0.02940	0.04196	0.12457	0.02183	0.05692	0.08224	0.05683	0.07567	0.10888	0.05438	0.02798	0.01470	0.03218	0.02798	0.00874	0.01133	0.00011	0.11998
5	0.08673	0.01095	0.08733	0.04971	0.07540	0.02471	0.06775	0.03203	0.02130	0.10884	0.03977	0.07914	0.03167	0.03989	0.15422	8.3e-05	0.04487	0.04532	0.00010	0.00018
6	0.53878	0.00028	0.00028	0.00023	0.00033	0.00030	0.00019	0.08013	0.02946	0.33435	0.01415	0.00036	0.00026	0.00016	0.00012	4.6e-05	0.00012	0.00011	0.00013	0.00020
7	0.04858	0.01018	0.00346	0.00021	0.00026	0.02844	0.00339	0.01985	0.07793	0.12853	0.18716	0.10158	0.10413	0.19766	0.01326	0.04678	0.00012	0.01517	0.00796	0.00536
8	0.03203	0.09840	0.13988	0.07584	0.11877	0.06520	0.07660	0.10356	0.09508	0.04237	0.03436	0.01638	0.01342	0.01035	0.04185	0.00407	0.01788	0.00738	0.00364	0.00293
9	0.01281	0.02830	0.20105	0.11823	0.19308	0.02294	0.16441	0.02679	0.04746	0.02715	0.00608	0.03926	0.00810	0.00961	0.04547	0.00700	0.01695	0.02501	8.4e-05	0.00020
10	0.06580	0.00026	0.00029	0.00026	0.00033	0.00029	0.00020	0.04994	0.47228	0.11229	0.09864	0.01445	0.02073	0.11730	0.01227	6.2e-05	0.00012	0.02626	0.00803	0.00020
11	0.08096	0.00020	0.02132	0.01914	0.04830	0.00367	0.03258	0.02412	0.01541	0.04215	0.12003	0.05043	0.08391	0.05198	0.09393	0.29831	0.00347	0.00668	0.00327	0.00013
12	0.02987	0.12478	0.10887	0.06985	0.04617	0.09482	0.13647	0.12201	0.03737	0.03757	0.00593	0.00920	0.01149	0.04638	0.06926	0.01306	0.02731	0.00930	9.1e-05	0.00019
13	0.04239	0.01222	0.00925	0.00509	0.01362	0.02533	0.01878	0.05585	0.12921	0.04671	0.12566	0.18682	0.11277	0.02290	0.03177	0.05653	0.00616	0.09570	0.00311	0.00016
14	0.04255	0.00023	0.00027	0.00024	0.00030	0.00024	0.00019	0.16808	0.14855	0.10250	0.12829	0.12068	0.17326	0.02628	0.00018	0.00489	0.00011	0.07621	0.00678	0.00018
15	0.06032	0.02738	0.03579	0.06349	0.19616	0.01584	0.03262	0.07761	0.12822	0.04525	0.13231	0.04934	0.02342	0.02588	0.02194	0.01944	0.00892	0.02076	0.01189	0.00342
16	0.07037	0.03186	0.02581	0.09110	0.02806	0.02079	0.06300	0.04524	0.06482	0.04407	0.03182	0.28151	0.01715	0.04747	0.03110	6.3e-05	0.00308	0.09623	0.00630	0.00016
17	0.00030	0.00025	0.00366	0.00025	0.00400	0.02072	0.01858	0.06274	0.36414	0.01442	0.04220	0.02028	0.29378	0.01107	0.07209	0.00770	0.00631	0.05720	0.00014	0.00018
18	0.02579	0.00015	0.00019	0.00019	0.00021	0.00015	0.00013	0.00503	0.00858	0.03922	0.23714	0.27683	0.11271	0.22386	0.02173	0.02914	0.00010	0.01288	0.00585	0.00012
19	0.05267	0.10038	0.06853	0.05906	0.18100	0.08309	0.08332	0.11064	0.07173	0.04517	0.04806	0.03328	0.01404	0.01109	0.01051	4.8e-05	0.01151	0.01257	0.00311	0.00020
20	0.19823	0.02201	0.01268	0.00027	0.00035	0.02539	0.04115	0.15986	0.03503	0.15780	0.04588	0.04314	0.02068	0.06492	0.04732	6.4e-05	0.00015	0.12008	0.00482	0.00018

[dist]
# distance from previous block
# <min> <max>
10	16

[block]
# block no. 6 follows, 2343 sequences, length 9
# corresponding to MSA columns:
# 1567,1570-1577
name=unknown_G
#
# <colnr> <probs for GDERKNQSTAVLIFYWHMCP>
#	G	D	E	R	K	N	Q	S	T	A	V	L	I	F	Y	W	H	M	C	P
0	0.07530	0.10978	0.11677	0.00043	0.07512	0.19273	0.20111	0.08247	0.01312	0.03813	0.00032	0.01136	0.01202	0.00017	0.01072	4.7e-05	0.02672	0.03341	8.8e-05	0.00020
1	0.00022	0.00016	0.00019	0.00020	0.00023	0.00015	0.00015	0.04200	0.01858	0.01641	0.23396	0.50646	0.09545	0.04551	0.00021	5.9e-05	9e-05	0.03970	0.00014	0.00013
2	0.44766	0.00033	0.00033	0.00947	0.01891	0.02231	0.01783	0.34428	0.02290	0.05296	0.01019	0.01831	0.00920	0.00017	0.00013	4.6e-05	0.00964	0.01501	0.00012	0.00020
3	0.85928	0.00030	0.00025	0.00021	0.00031	0.00035	0.00018	0.13669	0.00031	0.00070	0.00023	0.00026	0.00017	0.00014	9.9e-05	4.5e-05	0.00012	8.7e-05	9.9e-05	0.00017
4	0.00028	0.00023	0.00027	0.00021	0.00030	0.00018	0.00016	0.01558	0.01528	0.00047	0.09869	0.01737	0.05731	0.13178	0.00021	4.4e-05	0.00011	0.01876	0.00010	0.64266
5	0.06417	0.00016	0.00019	0.00019	0.01664	0.00015	0.00014	0.00027	0.00036	0.02118	0.46909	0.06999	0.28862	0.03898	0.01482	5.5e-05	8.7e-05	0.01463	0.00014	0.00014
6	0.35801	0.00031	0.01199	0.07241	0.02711	0.01033	0.01507	0.12888	0.15385	0.15717	0.00039	0.01139	0.00030	0.00019	0.01096	5e-05	0.00014	0.04116	0.00012	0.00020
7	0.00019	0.00016	0.00017	0.00018	0.00022	0.00014	0.00014	0.00024	0.02653	0.00042	0.06428	0.03426	0.73137	0.00037	0.00018	5.3e-05	8.5e-05	0.14075	0.00014	0.00013
8	0.11379	0.00023	0.00028	0.00024	0.00031	0.00023	0.00019	0.08120	0.02995	0.38226	0.12204	0.02657	0.02773	0.08255	0.12039	7.8e-05	0.00015	0.01148	0.00014	0.00019

[dist]
# distance from previous block
# <min> <max>
11	33

[block]
# block no. 7 follows, 2343 sequences, length 36
# corresponding to MSA columns:
# 1671-1685,1688-1706,1711,1712
name=unknown_H
#
# <colnr> <probs for GDERKNQSTAVLIFYWHMCP>
#	G	D	E	R	K	N	Q	S	T	A	V	L	I	F	Y	W	H	M	C	P
0	0.00300	0.00014	0.00018	0.00020	0.00022	0.00013	0.00014	0.00715	0.01406	0.00983	0.08159	0.52209	0.13266	0.06409	0.00317	0.11528	9.6e-05	0.04573	0.00013	0.00012
1	0.07042	0.00885	0.04051	0.01415	0.02506	0.11782	0.08843	0.18481	0.04818	0.04490	0.01077	0.09239	0.01025	0.04767	0.08451	0.02174	0.01132	0.06916	0.00180	0.00724
2	0.00022	0.00015	0.00018	0.00330	0.00402	0.00253	0.00290	0.00728	0.01227	0.00568	0.01338	0.21702	0.05622	0.55380	0.02306	0.04960	0.00013	0.04806	0.00011	0.00011
3	0.06842	0.00021	0.00025	0.00024	0.00030	0.00021	0.00019	0.02004	0.19458	0.15681	0.08414	0.24049	0.05707	0.00453	0.00017	5.4e-05	0.00011	0.15746	0.01457	0.00017
4	0.09522	0.00025	0.00033	0.00026	0.00037	0.00023	0.00564	0.01526	0.00551	0.83995	0.01249	0.00876	0.01468	0.00018	0.00014	4.6e-05	0.00012	0.00015	0.00017	0.00024
5	0.00444	0.00015	0.00020	0.01553	0.00696	0.00015	0.00319	0.00434	0.01927	0.01504	0.07997	0.42764	0.06687	0.19494	0.06367	0.00375	0.00012	0.09351	0.00012	0.00012
6	0.00018	0.00014	0.00016	0.00018	0.00021	0.00012	0.00013	0.00021	0.00031	0.00040	0.04439	0.50023	0.41093	0.01964	0.00019	5.7e-05	8.3e-05	0.02216	0.00014	0.00012
7	0.00635	0.00041	0.00044	0.00034	0.00046	0.01033	0.00028	0.95866	0.01386	0.00685	0.00036	0.00036	0.00025	0.00018	0.00015	4.4e-05	0.00016	0.00013	0.00015	0.00025
8	0.00022	0.00016	0.00019	0.00411	0.00023	0.00014	0.00014	0.00510	0.01194	0.05090	0.31211	0.12140	0.43752	0.00640	0.00018	5.1e-05	8.2e-05	0.04886	0.00015	0.00014
9	0.02950	0.00623	0.00041	0.00035	0.00043	0.54357	0.03935	0.20680	0.00570	0.04882	0.00923	0.00293	0.05781	0.00252	0.01127	0.01725	0.00320	0.01435	0.00010	0.00019
10	0.00018	0.00013	0.00017	0.00020	0.00021	0.00012	0.00013	0.00021	0.00029	0.00038	0.02857	0.86779	0.09031	0.01030	0.00019	6e-05	8.5e-05	0.00040	0.00014	0.00012
11	0.71803	0.00027	0.00025	0.00021	0.00031	0.00030	0.00018	0.00570	0.00030	0.24057	0.00031	0.00034	0.00023	0.00530	0.00011	4.7e-05	0.00012	0.02211	0.00513	0.00018
12	0.00020	0.00015	0.00017	0.00017	0.00021	0.00013	0.00012	0.00024	0.00034	0.01304	0.28424	0.12688	0.41342	0.13216	0.00736	6.4e-05	8.7e-05	0.01152	0.00938	0.00013
13	0.00020	0.00015	0.00019	0.00020	0.00023	0.00014	0.00015	0.00494	0.00624	0.00041	0.07639	0.29886	0.21083	0.13950	0.00027	7e-05	0.00010	0.26086	0.00013	0.00012
14	0.00055	0.00070	0.00042	0.00038	0.00046	0.99422	0.00029	0.00059	0.00042	0.00036	0.00023	0.00027	0.00019	0.00015	0.00013	3.8e-05	0.00027	9.5e-05	7.6e-05	0.00017
15	0.00019	0.00014	0.00018	0.00020	0.00022	0.00013	0.00014	0.01147	0.00448	0.01246	0.00531	0.85103	0.09369	0.00852	0.00019	5.9e-05	8.7e-05	0.01125	0.00014	0.00012
16	0.00019	0.00013	0.00017	0.00019	0.00021	0.00013	0.00013	0.00021	0.00028	0.00583	0.02281	0.70499	0.09692	0.14591	0.00027	7.1e-05	9.4e-05	0.02120	0.00013	0.00012
17	0.00031	0.00026	0.00031	0.00022	0.00035	0.00020	0.00017	0.00037	0.00031	0.00048	0.00026	0.00031	0.00022	0.00011	0.00011	2.2e-05	0.00011	8.7e-05	8.7e-05	0.99571
18	0.00018	0.00015	0.00016	0.00017	0.00020	0.00013	0.00012	0.00022	0.00033	0.00041	0.10387	0.20252	0.62461	0.06601	0.00022	5.8e-05	8.1e-05	0.00032	0.00014	0.00012
19	0.00031	0.00026	0.00030	0.00022	0.00035	0.00020	0.00018	0.01003	0.00031	0.00048	0.00027	0.01931	0.00023	0.00012	0.00011	2.3e-05	0.00011	9.4e-05	8.9e-05	0.96701
20	0.04727	0.00021	0.00028	0.00023	0.00031	0.00019	0.00019	0.00797	0.00455	0.47652	0.21955	0.04849	0.05094	0.00025	0.00016	4.7e-05	0.00011	0.08711	0.00016	0.05547
21	0.00019	0.00013	0.00018	0.00021	0.00022	0.00012	0.00014	0.00022	0.00029	0.02241	0.00081	0.95633	0.00096	0.00833	0.00019	6e-05	8.7e-05	0.00887	0.00014	0.00012
22	0.00039	0.99490	0.00077	0.00025	0.00038	0.00058	0.00025	0.00044	0.00030	0.00035	0.00021	0.00024	0.00019	0.00013	9.5e-05	3.2e-05	0.00016	7.9e-05	6.3e-05	0.00019
23	0.99585	0.00029	0.00022	0.00019	0.00029	0.00033	0.00016	0.00043	0.00025	0.00066	0.00021	0.00024	0.00016	0.00014	9.1e-05	4.6e-05	0.00011	8e-05	9.1e-05	0.00016
24	0.88172	0.00029	0.00023	0.00020	0.00030	0.00033	0.00017	0.05082	0.00028	0.03989	0.00523	0.00027	0.00018	0.01212	0.00011	0.00740	0.00012	8.8e-05	9.8e-05	0.00017
25	0.00032	0.00031	0.00051	0.18289	0.13502	0.00038	0.12798	0.00689	0.00027	0.00428	0.00025	0.01320	0.00022	0.00368	0.02330	0.02608	0.47127	0.00289	7e-05	0.00017
26	0.00021	0.00015	0.00018	0.00020	0.00022	0.00013	0.00014	0.00471	0.00904	0.03424	0.09261	0.54442	0.23144	0.01862	0.00019	5.8e-05	8.8e-05	0.05794	0.00530	0.00013
27	0.00021	0.00015	0.00019	0.00020	0.00023	0.00014	0.00015	0.00026	0.01091	0.03296	0.28680	0.46370	0.05306	0.05337	0.00021	6e-05	9e-05	0.09058	0.00662	0.00013
28	0.04522	0.00016	0.00018	0.00019	0.00020	0.00274	0.00012	0.00385	0.01760	0.00035	0.01963	0.14294	0.06730	0.53609	0.12494	0.00013	0.00502	0.03038	0.00286	0.00011
29	0.00785	0.00024	0.02867	0.00024	0.00028	0.11287	0.00324	0.01308	0.02280	0.01338	0.09332	0.31673	0.04362	0.07728	0.24117	0.00010	0.01035	0.00687	0.00777	0.00014
30	0.05483	0.00018	0.00021	0.00021	0.00025	0.00017	0.00015	0.01427	0.03371	0.19227	0.07804	0.35347	0.16935	0.06814	0.00021	5.9e-05	9.9e-05	0.01797	0.01626	0.00015
31	0.00731	0.00015	0.00019	0.00018	0.00022	0.00014	0.00014	0.00026	0.00385	0.04085	0.14630	0.09225	0.41509	0.08218	0.17042	0.02728	0.00014	0.00679	0.00614	0.00013
32	0.00713	0.00072	0.89541	0.00716	0.04503	0.00034	0.03620	0.00550	0.00032	0.00047	0.00027	0.00032	0.00019	0.00014	0.00014	4.7e-05	0.00022	0.00011	6.4e-05	0.00022
33	0.10289	0.00024	0.00029	0.00554	0.06588	0.04300	0.00021	0.01448	0.01157	0.36542	0.04957	0.09575	0.06669	0.02182	0.00018	0.03694	0.00013	0.11907	0.00014	0.00019
34	0.00344	0.00015	0.00017	0.00017	0.00021	0.00013	0.00013	0.00396	0.00035	0.02334	0.25570	0.17312	0.51123	0.01481	0.00018	5.2e-05	7.8e-05	0.00827	0.00436	0.00013
35	0.00031	0.00027	0.00038	0.42091	0.09681	0.00360	0.00604	0.03273	0.20796	0.03372	0.00884	0.02299	0.05636	0.09551	0.00021	5.8e-05	0.00016	0.01044	0.00253	0.00018

[dist]
# distance from previous block
# <min> <max>
2	3

[block]
# block no. 8 follows, 2343 sequences, length 26
# corresponding to MSA columns:
# 1756-1771,1775-1784
name=unknown_I
#
# <colnr> <probs for GDERKNQSTAVLIFYWHMCP>
#	G	D	E	R	K	N	Q	S	T	A	V	L	I	F	Y	W	H	M	C	P
0	0.00713	0.01048	0.02660	0.03212	0.12287	0.00334	0.00930	0.02735	0.02862	0.05448	0.00552	0.00911	0.00588	0.00013	0.00012	3e-05	0.00013	0.00383	9.4e-05	0.65287
1	0.00021	0.00016	0.00020	0.00020	0.00023	0.00014	0.00014	0.00026	0.00555	0.00955	0.35627	0.35771	0.12809	0.01044	0.00018	5.1e-05	8.3e-05	0.02675	0.00014	0.10365
2	0.03620	0.06743	0.01019	0.00639	0.04158	0.10742	0.00372	0.46894	0.00614	0.01116	0.00030	0.00032	0.00023	0.00015	0.00013	3.8e-05	0.00693	0.00011	0.00011	0.23249
3	0.01200	0.12833	0.37564	0.05246	0.05439	0.00855	0.07742	0.01220	0.03278	0.05123	0.05146	0.02754	0.01002	0.00016	0.00014	4.3e-05	0.00018	0.00672	8.6e-05	0.09866
4	0.01513	0.01635	0.12866	0.24734	0.33396	0.02302	0.05914	0.02998	0.01177	0.05785	0.00889	0.00350	0.00797	0.01871	0.00323	0.00272	0.00964	0.00322	8.2e-05	0.01884
5	0.00484	0.00020	0.00027	0.01334	0.10728	0.00020	0.00656	0.00942	0.07432	0.13630	0.22515	0.03876	0.14807	0.10818	0.01829	0.05142	0.01099	0.04097	0.00527	0.00016
6	0.00624	0.00041	0.23751	0.01369	0.02068	0.00030	0.40978	0.00041	0.00374	0.01224	0.02759	0.09066	0.03353	0.02072	0.00601	0.00307	0.00486	0.10828	9e-05	0.00018
7	0.12921	0.06097	0.27462	0.01108	0.02111	0.11275	0.02071	0.03339	0.06286	0.07369	0.02866	0.06117	0.03366	0.00255	0.02382	0.00307	0.00630	0.04009	9.9e-05	0.00019
8	0.04145	0.00020	0.00026	0.07269	0.02651	0.02269	0.00650	0.01837	0.02101	0.09953	0.09793	0.08300	0.15311	0.07997	0.14210	0.04205	0.00507	0.08276	0.00466	0.00015
9	0.18090	0.00020	0.00022	0.00021	0.00027	0.00020	0.00016	0.05161	0.00771	0.17107	0.16198	0.18756	0.15715	0.04333	0.00018	0.00613	0.00010	0.00990	0.02096	0.00016
10	0.00640	0.00474	0.02217	0.00035	0.00042	0.04780	0.21796	0.03270	0.12500	0.02575	0.02059	0.05431	0.02826	0.08775	0.10819	0.03976	0.11032	0.06726	0.00010	0.00017
11	0.00786	0.00025	0.00040	0.26492	0.06846	0.01114	0.14299	0.00351	0.03448	0.03176	0.02950	0.13879	0.04434	0.07153	0.07177	0.00589	0.00336	0.06880	9.8e-05	0.00016
12	0.02495	0.00018	0.00022	0.00020	0.00025	0.00017	0.00015	0.02069	0.05829	0.16974	0.22262	0.07321	0.35812	0.03838	0.00591	5.4e-05	9.4e-05	0.01623	0.01039	0.00016
13	0.93427	0.00028	0.00022	0.00020	0.00029	0.00033	0.00016	0.01757	0.00026	0.01275	0.01302	0.00028	0.00019	0.00905	0.00010	4.7e-05	0.00012	0.01061	9.5e-05	0.00016
14	0.02743	0.00017	0.00020	0.00020	0.00024	0.00016	0.00363	0.02997	0.00890	0.07600	0.13638	0.21068	0.11158	0.24892	0.00672	0.02468	0.00011	0.11375	0.00013	0.00013
15	0.11097	0.00021	0.00025	0.00022	0.00029	0.00021	0.00017	0.04874	0.03830	0.30398	0.16913	0.08701	0.12636	0.06717	0.00407	5.6e-05	0.00011	0.03858	0.00399	0.00018
16	0.00728	0.00014	0.00018	0.00019	0.00021	0.00013	0.00013	0.00024	0.00511	0.02801	0.07422	0.48019	0.18039	0.14122	0.00026	6.8e-05	9.4e-05	0.05054	0.03125	0.00012
17	0.00019	0.00014	0.00018	0.00020	0.00022	0.00013	0.00014	0.00022	0.00031	0.00041	0.13621	0.62026	0.11745	0.04261	0.00021	6.1e-05	8.9e-05	0.08072	0.00014	0.00012
18	0.05395	0.00016	0.00019	0.00020	0.00023	0.00015	0.00015	0.01268	0.00508	0.03664	0.19331	0.34362	0.11224	0.08567	0.00489	6.3e-05	9.8e-05	0.12701	0.02351	0.00013
19	0.21361	0.00022	0.00024	0.00022	0.00028	0.00023	0.00017	0.08099	0.06573	0.13571	0.09292	0.20276	0.04908	0.07631	0.00020	0.00391	0.00011	0.05178	0.02536	0.00017
20	0.00019	0.00014	0.00553	0.00021	0.00022	0.00013	0.00521	0.00022	0.00030	0.00661	0.06232	0.74698	0.06655	0.04585	0.00021	6.3e-05	9.1e-05	0.05892	0.00014	0.00012
21	0.04333	0.00019	0.00024	0.00026	0.00030	0.00019	0.00022	0.03487	0.04511	0.01112	0.01522	0.06768	0.04391	0.04411	0.00022	6.7e-05	0.00013	0.69258	0.00013	0.00014
22	0.08060	0.00018	0.00021	0.00020	0.00024	0.00017	0.00015	0.03816	0.01390	0.09952	0.23046	0.21762	0.21862	0.06108	0.00020	5.6e-05	9.3e-05	0.01946	0.01895	0.00015
23	0.00462	0.00016	0.00020	0.00020	0.00022	0.00015	0.00014	0.00027	0.00624	0.08048	0.11287	0.32186	0.08545	0.27512	0.05616	0.01447	0.02347	0.01392	0.00390	0.00013
24	0.06667	0.00021	0.00027	0.00023	0.00030	0.00020	0.00018	0.01775	0.02155	0.45763	0.31297	0.07067	0.03917	0.00025	0.00016	4.7e-05	0.00010	0.01130	0.00016	0.00019
25	0.00028	0.00024	0.00025	0.00024	0.00029	0.05951	0.00339	0.01482	0.31395	0.01052	0.03062	0.28832	0.13796	0.09823	0.00340	6.2e-05	0.00362	0.03026	0.00388	0.00016

[dist]
# distance from previous block
# <min> <max>
0	1

[block]
# block no. 9 follows, 2343 sequences, length 7
# corresponding to MSA columns:
# 1786-1792
name=unknown_J
#
# <colnr> <probs for GDERKNQSTAVLIFYWHMCP>
#	G	D	E	R	K	N	Q	S	T	A	V	L	I	F	Y	W	H	M	C	P
0	0.07239	0.00018	0.00022	0.02731	0.01518	0.00918	0.00016	0.04016	0.01557	0.01351	0.11218	0.03790	0.12905	0.19525	0.13692	0.15813	0.00914	0.01151	0.01594	0.00013
1	0.01158	0.00051	0.00041	0.05058	0.13451	0.57447	0.01879	0.01487	0.00037	0.01046	0.01150	0.03363	0.01521	0.07660	0.01127	0.01266	0.01164	0.01067	8.3e-05	0.00017
2	0.00040	0.87675	0.05312	0.00027	0.00040	0.06627	0.00027	0.00045	0.00031	0.00035	0.00021	0.00024	0.00019	0.00013	0.0001	3.3e-05	0.00017	8.2e-05	6.4e-05	0.00019
3	0.00023	0.06594	0.00023	0.00019	0.00024	0.00019	0.00015	0.01687	0.09750	0.02097	0.08440	0.18624	0.43585	0.07411	0.00021	5.7e-05	9.5e-05	0.01624	0.00013	0.00014
4	0.03221	0.00983	0.00979	0.03072	0.02385	0.02969	0.04124	0.09663	0.08306	0.06667	0.05214	0.19401	0.09069	0.10585	0.02994	0.01369	0.01034	0.07936	0.00012	0.00016
5	0.08759	0.01101	0.00905	0.46986	0.08265	0.06552	0.06933	0.02812	0.00943	0.01999	0.01793	0.03008	0.00027	0.02492	0.01568	0.00902	0.03274	0.00819	8e-05	0.00855
6	0.00024	0.00019	0.00024	0.07370	0.01182	0.02498	0.02141	0.01376	0.01115	0.03323	0.03129	0.42686	0.09697	0.07430	0.04255	0.03109	0.02335	0.02637	0.02408	0.03245

[dist]
# distance from previous block
# <min> <max>
0	14

# created by:
# /home/cegg/simao/soft/augustus-3.2.1/scripts/msa2prfl.pl ./align_prep/POG091H0131.fa
