[name]
unknown

[dist]
# distance from previous block
# <min> <max>
0	272

[block]
# block no. 0 follows, 2222 sequences, length 24
# corresponding to MSA columns:
# 476-481,502-508,510-516,553,555,559,560
name=unknown_A
#
# <colnr> <probs for GDERKNQSTAVLIFYWHMCP>
#	G	D	E	R	K	N	Q	S	T	A	V	L	I	F	Y	W	H	M	C	P
0	0.00027	0.00023	0.00836	0.05154	0.11854	0.04430	0.01137	0.00325	0.01960	0.00644	0.10640	0.17080	0.06796	0.10498	0.14467	0.03435	0.01768	0.07268	0.00011	0.01647
1	0.00343	0.00023	0.00490	0.08752	0.05642	0.01183	0.06236	0.02521	0.05184	0.06657	0.22414	0.04706	0.29785	0.00802	0.01313	0.01617	0.01008	0.00493	0.00815	0.00017
2	0.00021	0.05202	0.00021	0.00019	0.00023	0.00016	0.00014	0.00026	0.00036	0.00615	0.24913	0.19655	0.44880	0.02019	0.01289	0.00546	9.1e-05	0.00668	0.00015	0.00014
3	0.78128	0.00029	0.00026	0.05205	0.00035	0.00033	0.00019	0.00049	0.00030	0.12898	0.02476	0.00033	0.00957	0.00016	0.00011	4.8e-05	0.00012	0.00010	0.00011	0.00018
4	0.00021	0.00015	0.00019	0.00022	0.00024	0.00015	0.00015	0.05200	0.00033	0.00043	0.02326	0.82191	0.08298	0.00766	0.00020	6.2e-05	9.4e-05	0.00949	0.00015	0.00013
5	0.00040	0.05219	0.00038	0.00031	0.00041	0.00040	0.00025	0.01828	0.91170	0.01296	0.00061	0.00056	0.00046	0.00021	0.00016	5.2e-05	0.00013	0.00017	0.00015	0.00024
6	0.94372	0.00030	0.00024	0.05204	0.00034	0.00035	0.00018	0.00045	0.00027	0.00068	0.00022	0.00026	0.00017	0.00015	9.9e-05	4.8e-05	0.00012	8.7e-05	9.5e-05	0.00017
7	0.76773	0.00665	0.00028	0.00024	0.00034	0.02075	0.00019	0.15811	0.00546	0.00575	0.00579	0.00518	0.00020	0.00016	0.00011	4.7e-05	0.00013	0.00522	0.00011	0.01757
8	0.00020	0.00016	0.00017	0.00017	0.00022	0.00014	0.00013	0.00025	0.02150	0.01234	0.02153	0.00969	0.91515	0.00039	0.00018	5.3e-05	8.2e-05	0.01738	0.00015	0.00014
9	0.58813	0.00029	0.00028	0.00024	0.00034	0.00880	0.00019	0.01725	0.00034	0.37271	0.00037	0.00036	0.00025	0.00016	0.00012	4.8e-05	0.00013	0.00011	0.00967	0.00021
10	0.00052	0.00036	0.00040	0.00033	0.00043	0.00040	0.00027	0.59362	0.16289	0.08649	0.00049	0.00765	0.00039	0.00022	0.00016	5e-05	0.00015	0.10295	0.04198	0.00024
11	0.99563	0.00030	0.00023	0.00020	0.00030	0.00035	0.00017	0.00046	0.00026	0.00070	0.00022	0.00025	0.00017	0.00014	9.6e-05	4.8e-05	0.00012	8.4e-05	9.6e-05	0.00017
12	0.00039	0.00037	0.00063	0.00096	0.99356	0.00037	0.00048	0.00048	0.00035	0.00051	0.00029	0.00039	0.00025	0.00014	0.00015	4.6e-05	0.00018	0.00014	7.7e-05	0.00025
13	0.01378	0.00042	0.00045	0.00882	0.00048	0.00917	0.00029	0.85001	0.11346	0.00093	0.00040	0.00040	0.00029	0.00019	0.00016	4.7e-05	0.00017	0.00014	0.00015	0.00026
14	0.00041	0.00033	0.02205	0.01114	0.00540	0.00035	0.01371	0.03369	0.71544	0.11765	0.02074	0.02262	0.00435	0.01611	0.00479	0.00308	0.00312	0.00463	0.00016	0.00024
15	0.00030	0.00019	0.00024	0.00022	0.00027	0.00018	0.00017	0.00665	0.08293	0.13152	0.66419	0.04331	0.04991	0.00688	0.00018	5.1e-05	8.8e-05	0.00590	0.00666	0.00017
16	0.01947	0.01251	0.00678	0.00417	0.00367	0.00031	0.00024	0.25696	0.08615	0.49747	0.04186	0.02383	0.02111	0.00021	0.00016	4.8e-05	0.00335	0.00329	0.01818	0.00025
17	0.03067	0.09185	0.07376	0.11392	0.16251	0.13696	0.15311	0.05665	0.03217	0.11380	0.00319	0.00710	0.00026	0.00016	0.00409	0.00291	0.01202	0.00014	0.00451	0.00022
18	0.00551	0.00020	0.02515	0.06891	0.01850	0.00020	0.01145	0.00901	0.02502	0.04856	0.01879	0.25737	0.10685	0.05526	0.07031	0.03725	0.01915	0.20227	0.02009	0.00015
19	0.00021	0.00015	0.00018	0.00019	0.00020	0.00014	0.00012	0.00023	0.00027	0.00744	0.00672	0.45393	0.03439	0.46991	0.00048	0.00689	0.00012	0.01119	0.00714	0.00011
20	0.02364	0.00535	0.10992	0.17634	0.10998	0.01697	0.04404	0.07632	0.02071	0.26692	0.09060	0.02147	0.02067	0.00019	0.00016	4.9e-05	0.00645	0.00562	0.00439	0.00022
21	0.02418	0.08977	0.29185	0.04947	0.06475	0.02851	0.07005	0.09692	0.02569	0.19262	0.00819	0.02837	0.00372	0.00018	0.00318	4.8e-05	0.00915	0.00511	0.00513	0.00310
22	0.00410	0.00026	0.04034	0.09981	0.07404	0.01452	0.08494	0.00730	0.00032	0.09318	0.00453	0.32873	0.00404	0.02724	0.03130	0.06428	0.06369	0.02823	0.02652	0.00263
23	0.87764	0.01272	0.00419	0.00472	0.01092	0.02845	0.00536	0.02321	0.00411	0.01105	0.00023	0.00027	0.00018	0.00015	0.00489	4.9e-05	0.00812	9e-05	0.00348	0.00017

[dist]
# distance from previous block
# <min> <max>
2	4

[block]
# block no. 1 follows, 2222 sequences, length 13
# corresponding to MSA columns:
# 570-578,584-587
name=unknown_B
#
# <colnr> <probs for GDERKNQSTAVLIFYWHMCP>
#	G	D	E	R	K	N	Q	S	T	A	V	L	I	F	Y	W	H	M	C	P
0	0.00618	0.00017	0.00543	0.00811	0.00025	0.00016	0.00560	0.01288	0.02153	0.01343	0.61438	0.08952	0.18620	0.00034	0.00632	0.00929	0.00832	0.00598	0.00576	0.00015
1	0.00022	0.00017	0.00020	0.00019	0.00023	0.01276	0.00014	0.00761	0.01097	0.01100	0.25811	0.08686	0.41131	0.09580	0.03324	0.02507	0.03760	0.00029	0.00807	0.00014
2	0.00042	0.87604	0.01096	0.00027	0.00040	0.01475	0.00027	0.04537	0.00033	0.00040	0.00023	0.00028	0.00021	0.01006	0.01190	3.8e-05	0.01065	9e-05	0.01713	0.00020
3	0.04224	0.00791	0.00035	0.00028	0.00039	0.00026	0.00023	0.05432	0.05164	0.75976	0.00935	0.01145	0.00039	0.00898	0.01656	5.3e-05	0.00777	0.00790	0.01992	0.00025
4	0.00042	0.99462	0.00082	0.00027	0.00040	0.00062	0.00027	0.00047	0.00032	0.00037	0.00022	0.00025	0.00020	0.00013	0.0001	3.3e-05	0.00017	8.3e-05	6.7e-05	0.00020
5	0.01267	0.04976	0.10652	0.05248	0.10221	0.00028	0.10618	0.01743	0.01455	0.19140	0.12816	0.06333	0.09799	0.00486	0.01127	5.3e-05	0.02023	0.00618	0.01426	0.00020
6	0.00678	0.00020	0.02149	0.00547	0.00028	0.00018	0.00568	0.02040	0.03634	0.15030	0.21344	0.12356	0.36912	0.00607	0.01262	0.00518	0.00506	0.01141	0.00626	0.00016
7	0.04608	0.00027	0.00033	0.00026	0.00036	0.01479	0.00021	0.12022	0.01369	0.55555	0.22556	0.00065	0.01043	0.00022	0.00016	4.8e-05	0.00012	0.00018	0.01063	0.00023
8	0.00032	0.00030	0.00047	0.47117	0.05870	0.00039	0.01196	0.00039	0.00029	0.01570	0.00027	0.00041	0.00886	0.00022	0.00934	0.01607	0.39511	0.00976	7.3e-05	0.00018
9	0.01428	0.10387	0.28520	0.10131	0.07437	0.01803	0.20512	0.02225	0.01044	0.05542	0.01155	0.01607	0.00767	0.00018	0.00461	0.02333	0.03176	0.00729	0.00705	0.00021
10	0.00845	0.00018	0.00677	0.00022	0.00765	0.00673	0.01172	0.00712	0.00947	0.06952	0.38668	0.36069	0.10635	0.00037	0.00019	5.5e-05	9.2e-05	0.01744	0.00016	0.00015
11	0.00027	0.00022	0.02164	0.00689	0.00033	0.00021	0.07717	0.01766	0.10977	0.02132	0.37792	0.12788	0.02771	0.00881	0.14996	8.4e-05	0.00016	0.05171	0.00014	0.00016
12	0.04481	0.03304	0.34434	0.04736	0.09105	0.01723	0.08774	0.03461	0.02001	0.20888	0.00964	0.02108	0.00579	0.00430	0.00503	5e-05	0.00520	0.00985	0.00463	0.00535

[dist]
# distance from previous block
# <min> <max>
0	7

[block]
# block no. 2 follows, 2222 sequences, length 10
# corresponding to MSA columns:
# 599-603,610,621,623,628,629
name=unknown_C
#
# <colnr> <probs for GDERKNQSTAVLIFYWHMCP>
#	G	D	E	R	K	N	Q	S	T	A	V	L	I	F	Y	W	H	M	C	P
0	0.01495	0.02955	0.16633	0.05051	0.06990	0.02563	0.02346	0.03525	0.01863	0.16476	0.03186	0.03418	0.02608	0.00758	0.00652	4.4e-05	0.01139	0.00695	0.00557	0.27086
1	0.13180	0.00026	0.01204	0.00676	0.00779	0.01500	0.00876	0.02639	0.04440	0.44480	0.07364	0.11283	0.03040	0.01304	0.00656	5.3e-05	0.03341	0.00638	0.02547	0.00021
2	0.00623	0.00018	0.00025	0.03976	0.02570	0.00650	0.01481	0.01659	0.01220	0.03598	0.11491	0.43212	0.05038	0.02972	0.12865	0.03061	0.01097	0.03135	0.01294	0.00014
3	0.02397	0.04655	0.13450	0.05800	0.06634	0.06694	0.10062	0.05515	0.02733	0.17767	0.01010	0.03905	0.01015	0.03393	0.00713	5.1e-05	0.01537	0.00879	0.00772	0.11063
4	0.01226	0.02431	0.18165	0.05065	0.12120	0.00830	0.06850	0.02196	0.01339	0.28978	0.02111	0.06229	0.00933	0.01227	0.00542	0.00873	0.00636	0.00933	0.00624	0.06693
5	0.00020	0.00016	0.00018	0.00018	0.00022	0.00014	0.00013	0.00025	0.01345	0.01319	0.13711	0.17180	0.60796	0.01915	0.01911	6e-05	9e-05	0.01633	0.00015	0.00014
6	0.02142	0.00926	0.07365	0.09432	0.06928	0.00638	0.03867	0.03453	0.02945	0.21238	0.25471	0.03916	0.06598	0.00663	0.00672	0.00556	0.01493	0.00747	0.00930	0.00020
7	0.01721	0.09072	0.24096	0.05133	0.05325	0.04721	0.13640	0.04487	0.02911	0.18855	0.02456	0.02440	0.00862	0.00597	0.00623	5e-05	0.01651	0.00720	0.00663	0.00022
8	0.00039	0.00701	0.07485	0.08004	0.02157	0.02790	0.01925	0.02318	0.07361	0.21761	0.04683	0.09717	0.04756	0.01038	0.04138	0.02395	0.16904	0.01173	0.00634	0.00019
9	0.00023	0.00016	0.00018	0.01404	0.00019	0.00016	0.00011	0.00024	0.00024	0.01175	0.01390	0.04082	0.00057	0.84971	0.02911	0.01199	0.01329	0.00023	0.01296	0.00010

[dist]
# distance from previous block
# <min> <max>
4	84

[block]
# block no. 3 follows, 2222 sequences, length 11
# corresponding to MSA columns:
# 840-845,851-855
name=unknown_D
#
# <colnr> <probs for GDERKNQSTAVLIFYWHMCP>
#	G	D	E	R	K	N	Q	S	T	A	V	L	I	F	Y	W	H	M	C	P
0	0.00030	0.00029	0.00047	0.90923	0.02023	0.01648	0.00042	0.00041	0.01668	0.00041	0.00028	0.00041	0.00021	0.00016	0.00016	5.1e-05	0.01681	0.00014	7.1e-05	0.01680
1	0.03824	0.03808	0.05184	0.11246	0.08968	0.00821	0.13168	0.04102	0.04770	0.23525	0.02966	0.04712	0.00952	0.00594	0.00016	4.8e-05	0.01180	0.00596	0.00012	0.09554
2	0.01210	0.00587	0.08503	0.11485	0.27821	0.00618	0.02015	0.00745	0.01195	0.28094	0.02381	0.05285	0.01841	0.00852	0.03387	0.01675	0.00563	0.01208	0.00512	0.00022
3	0.00020	0.00015	0.00019	0.00022	0.00024	0.00014	0.00016	0.00024	0.01568	0.00041	0.03073	0.76856	0.02465	0.04444	0.00023	6.7e-05	9.9e-05	0.11333	0.00014	0.00013
4	0.26788	0.00031	0.00039	0.33552	0.06083	0.00035	0.00030	0.15373	0.01366	0.13906	0.00034	0.01205	0.00025	0.01453	0.00015	5.1e-05	0.00016	0.00013	0.00011	0.00020
5	0.01410	0.09836	0.22623	0.10489	0.10027	0.03961	0.09248	0.07543	0.02328	0.16209	0.00890	0.01144	0.00649	0.00017	0.00583	4.9e-05	0.00942	0.01070	0.00010	0.01016
6	0.00028	0.00024	0.02976	0.12536	0.06466	0.01021	0.04776	0.00578	0.00879	0.07232	0.04195	0.21411	0.25091	0.01020	0.03063	0.01251	0.04610	0.01859	0.00968	0.00016
7	0.00024	0.00016	0.00020	0.00019	0.00024	0.00014	0.00014	0.00029	0.00038	0.07237	0.38974	0.14629	0.34569	0.01458	0.00019	5.4e-05	8.4e-05	0.01552	0.01334	0.00015
8	0.01003	0.00653	0.00021	0.00895	0.01097	0.00632	0.01317	0.01623	0.00745	0.05803	0.02360	0.05012	0.04247	0.72527	0.00685	0.00596	0.00015	0.00745	0.00011	0.00012
9	0.10108	0.02920	0.05514	0.05799	0.06784	0.09646	0.05085	0.17309	0.04442	0.18501	0.01846	0.01638	0.00686	0.00832	0.01424	5.1e-05	0.02416	0.00014	0.03616	0.01414
10	0.00650	0.47715	0.01822	0.02217	0.02740	0.20161	0.03913	0.08195	0.01169	0.02243	0.00943	0.00690	0.00635	0.01147	0.00904	4.3e-05	0.04246	0.00011	0.00574	0.00020

[dist]
# distance from previous block
# <min> <max>
1	5

[block]
# block no. 4 follows, 2222 sequences, length 19
# corresponding to MSA columns:
# 861,867-869,876-887,889-891
name=unknown_E
#
# <colnr> <probs for GDERKNQSTAVLIFYWHMCP>
#	G	D	E	R	K	N	Q	S	T	A	V	L	I	F	Y	W	H	M	C	P
0	0.03943	0.10206	0.32050	0.01713	0.07386	0.07111	0.07913	0.05743	0.04704	0.14575	0.01502	0.00427	0.00607	0.00017	0.00423	4.8e-05	0.00850	0.00013	0.00010	0.00802
1	0.01646	0.02008	0.17716	0.03735	0.22285	0.04594	0.06078	0.03518	0.00571	0.24626	0.02083	0.04488	0.01318	0.00020	0.00951	0.00403	0.01444	0.02155	0.00336	0.00022
2	0.00028	0.00025	0.00039	0.42726	0.15676	0.00027	0.01424	0.00036	0.02542	0.00043	0.00787	0.25497	0.01872	0.02388	0.00019	0.00619	0.00532	0.05693	9.9e-05	0.00017
3	0.01547	0.03052	0.13853	0.09162	0.22239	0.02710	0.11116	0.03770	0.02762	0.16730	0.01233	0.04578	0.02383	0.00413	0.00452	5.1e-05	0.02308	0.00745	0.00011	0.00932
4	0.00423	0.01972	0.05465	0.19172	0.17666	0.00677	0.11090	0.00771	0.05474	0.06332	0.03126	0.05708	0.02330	0.00338	0.00348	0.17112	0.00810	0.00508	0.00661	0.00018
5	0.00024	0.00017	0.00021	0.00023	0.00026	0.00017	0.00016	0.10242	0.00734	0.00748	0.03349	0.78222	0.03887	0.00045	0.01533	6.3e-05	0.00010	0.01051	0.00015	0.00014
6	0.00562	0.04900	0.40934	0.00937	0.01939	0.39340	0.00919	0.05890	0.00575	0.03208	0.00643	0.00032	0.00022	0.00016	0.00014	4.5e-05	0.00024	0.00011	8.2e-05	0.00021
7	0.07678	0.04678	0.08683	0.08621	0.04412	0.06661	0.13287	0.10885	0.02267	0.28867	0.00503	0.00907	0.01008	0.00017	0.00016	4.8e-05	0.00914	0.00557	0.00012	0.00022
8	0.00021	0.00017	0.00019	0.01074	0.00024	0.00015	0.00706	0.00555	0.04399	0.01162	0.04512	0.22960	0.59319	0.02246	0.00444	5.8e-05	0.00463	0.01111	0.00934	0.00014
9	0.00026	0.00022	0.00546	0.00028	0.00034	0.01144	0.12032	0.00763	0.14428	0.01054	0.23771	0.28470	0.10536	0.00556	0.00019	5.6e-05	0.00012	0.06042	0.00496	0.00016
10	0.06035	0.03220	0.00584	0.01259	0.01275	0.06197	0.01982	0.01164	0.00390	0.00773	0.00024	0.01111	0.00023	0.00706	0.00541	6.4e-05	0.73056	0.01630	7.5e-05	0.00017
11	0.01352	0.01150	0.04420	0.01339	0.02351	0.00566	0.02175	0.02824	0.00818	0.00966	0.00028	0.00033	0.00023	0.00012	0.00012	2.8e-05	0.00643	0.0001	9.3e-05	0.81265
12	0.00029	0.00317	0.02084	0.05372	0.03730	0.00381	0.00693	0.00520	0.00614	0.14325	0.01992	0.37166	0.15398	0.04658	0.05480	0.00350	0.01494	0.03678	0.00364	0.01355
13	0.00020	0.00016	0.00018	0.00018	0.00022	0.00014	0.00013	0.00026	0.01236	0.00992	0.27008	0.05339	0.64188	0.00037	0.00018	5.2e-05	8e-05	0.00992	0.00015	0.00014
14	0.06533	0.00029	0.01242	0.49232	0.06278	0.01525	0.06249	0.01567	0.01123	0.07242	0.01423	0.03076	0.02575	0.03579	0.01883	0.01026	0.03934	0.01048	0.00419	0.00018
15	0.00655	0.06304	0.23452	0.05114	0.10574	0.02158	0.19147	0.03810	0.03166	0.20255	0.00616	0.01059	0.00489	0.00017	0.00721	5e-05	0.01181	0.00439	0.00486	0.00351
16	0.00915	0.05847	0.38656	0.14498	0.04062	0.00462	0.03336	0.03608	0.01995	0.10747	0.03243	0.02932	0.01946	0.00825	0.01886	0.01081	0.01774	0.01112	0.01053	0.00021
17	0.00344	0.00331	0.03647	0.08621	0.00374	0.00023	0.01882	0.03545	0.12315	0.05136	0.03350	0.16810	0.25302	0.01463	0.01055	0.00329	0.00947	0.14090	0.00419	0.00017
18	0.00536	0.06989	0.11018	0.07269	0.08639	0.02879	0.11032	0.03649	0.02727	0.16580	0.02810	0.12724	0.04584	0.02604	0.01533	0.00670	0.00888	0.02336	0.00512	0.00020

[dist]
# distance from previous block
# <min> <max>
7	39

[block]
# block no. 5 follows, 2222 sequences, length 11
# corresponding to MSA columns:
# 978-981,993-998,1003
name=unknown_F
#
# <colnr> <probs for GDERKNQSTAVLIFYWHMCP>
#	G	D	E	R	K	N	Q	S	T	A	V	L	I	F	Y	W	H	M	C	P
0	0.00025	0.00608	0.00024	0.00780	0.00664	0.00911	0.00017	0.00641	0.03602	0.05337	0.18900	0.10699	0.18793	0.02349	0.31332	0.00882	0.00768	0.01030	0.00701	0.01935
1	0.01754	0.00019	0.00024	0.00620	0.00628	0.00571	0.00642	0.01576	0.01708	0.14868	0.40251	0.04113	0.15850	0.03378	0.04306	6.1e-05	0.00676	0.00584	0.07866	0.00560
2	0.00022	0.00016	0.00019	0.00019	0.00023	0.00014	0.01156	0.00026	0.00036	0.01487	0.37000	0.16027	0.28660	0.12107	0.00026	6.5e-05	9.1e-05	0.01902	0.01430	0.00014
3	0.00597	0.00558	0.00960	0.00518	0.00525	0.00644	0.01269	0.01509	0.03796	0.01715	0.13371	0.27804	0.14451	0.07019	0.09970	0.05305	0.02709	0.06694	0.00571	0.00014
4	0.00037	0.54652	0.13139	0.00029	0.00041	0.00046	0.02519	0.02879	0.00872	0.02266	0.17732	0.00049	0.01384	0.00018	0.00014	4.1e-05	0.01288	0.02163	0.00848	0.00020
5	0.00035	0.00020	0.00024	0.00022	0.00028	0.00863	0.00017	0.04580	0.00925	0.24567	0.22614	0.04247	0.33395	0.00981	0.00018	5.2e-05	0.00954	0.03660	0.03026	0.00018
6	0.00035	0.00027	0.00033	0.00024	0.00037	0.00021	0.01673	0.01674	0.00034	0.07096	0.01861	0.00040	0.03798	0.00014	0.00012	2.7e-05	0.00012	0.00011	0.00010	0.83585
7	0.00021	0.00015	0.00021	0.00025	0.05167	0.00015	0.00016	0.00025	0.01931	0.00043	0.06610	0.78203	0.06245	0.00045	0.00019	6.1e-05	9.5e-05	0.01557	0.00014	0.00014
8	0.00020	0.00015	0.00019	0.00022	0.00024	0.00014	0.00015	0.00024	0.02522	0.00040	0.00082	0.82292	0.02720	0.03630	0.03226	7.1e-05	0.00011	0.01691	0.00014	0.03613
9	0.00857	0.00016	0.00020	0.02325	0.00024	0.00016	0.00014	0.00028	0.02199	0.02754	0.20250	0.09198	0.22806	0.30023	0.06127	0.02341	0.00013	0.00963	0.00013	0.00013
10	0.00033	0.02819	0.86263	0.02373	0.03103	0.01398	0.00054	0.00050	0.01372	0.02353	0.00029	0.00034	0.00021	0.00015	0.00015	4.9e-05	0.00022	0.00012	7.1e-05	0.00023

[dist]
# distance from previous block
# <min> <max>
7	18

[block]
# block no. 6 follows, 2222 sequences, length 20
# corresponding to MSA columns:
# 1051-1055,1057-1069,1082,1087
name=unknown_G
#
# <colnr> <probs for GDERKNQSTAVLIFYWHMCP>
#	G	D	E	R	K	N	Q	S	T	A	V	L	I	F	Y	W	H	M	C	P
0	0.02741	0.01165	0.09247	0.27887	0.11007	0.00926	0.04342	0.02144	0.00884	0.10818	0.03594	0.11733	0.00933	0.00974	0.05525	0.00530	0.03098	0.01682	0.00430	0.00340
1	0.00452	0.00466	0.00022	0.00514	0.00463	0.01062	0.00016	0.01782	0.08792	0.00744	0.58594	0.02499	0.23974	0.00032	0.00018	5e-05	8.6e-05	0.00028	0.00512	0.00016
2	0.00024	0.00016	0.00020	0.00021	0.00024	0.00014	0.00015	0.00028	0.00836	0.06226	0.23566	0.36194	0.15572	0.00041	0.00024	0.12310	9.4e-05	0.02491	0.02557	0.00014
3	0.00581	0.00016	0.00021	0.00020	0.00024	0.00548	0.00015	0.00584	0.01935	0.01617	0.68699	0.19331	0.03467	0.00035	0.00018	5.2e-05	8.1e-05	0.01059	0.02001	0.00015
4	0.00023	0.00016	0.00021	0.00019	0.00024	0.00015	0.00015	0.00030	0.02237	0.01796	0.77717	0.01030	0.15387	0.00033	0.00018	5e-05	7.7e-05	0.00809	0.00783	0.00015
5	0.00584	0.37532	0.01697	0.01174	0.00923	0.01500	0.01555	0.13378	0.07093	0.05989	0.01653	0.00613	0.01310	0.01981	0.15168	0.02973	0.04085	0.00362	0.00411	0.00020
6	0.02426	0.00022	0.00027	0.00023	0.00031	0.00020	0.00018	0.01798	0.07121	0.38638	0.31389	0.04017	0.04343	0.00025	0.00016	4.8e-05	0.00010	0.00021	0.10028	0.00020
7	0.00479	0.26023	0.04487	0.01109	0.01332	0.02277	0.00544	0.11634	0.06541	0.04441	0.00032	0.00870	0.00373	0.00015	0.00339	3.6e-05	0.00634	0.00411	0.00010	0.38445
8	0.01071	0.02529	0.25816	0.09317	0.08959	0.00631	0.02048	0.01250	0.01153	0.10054	0.06480	0.03313	0.02383	0.00674	0.02063	4.9e-05	0.00818	0.00784	0.00010	0.20642
9	0.01540	0.14516	0.37622	0.00999	0.03677	0.02568	0.08148	0.06979	0.01536	0.11928	0.01233	0.00603	0.00344	0.01626	0.00465	0.01266	0.02606	0.00366	0.00474	0.01506
10	0.00029	0.00890	0.06444	0.00602	0.02814	0.00687	0.03210	0.00712	0.29012	0.01225	0.20686	0.16789	0.14515	0.00030	0.00018	5.3e-05	0.00370	0.01513	0.00433	0.00018
11	0.00035	0.00039	0.01229	0.17169	0.00989	0.00038	0.77181	0.00048	0.00036	0.00946	0.00033	0.01207	0.00943	0.00014	0.00018	5.2e-05	0.00025	0.00018	7.9e-05	0.00020
12	0.00023	0.00019	0.01851	0.10534	0.03933	0.00468	0.01016	0.00461	0.00485	0.01625	0.15437	0.34208	0.25895	0.00669	0.00418	5.7e-05	0.01191	0.01316	0.00430	0.00015
13	0.01117	0.04480	0.24891	0.11038	0.11838	0.02116	0.13651	0.04704	0.02870	0.16736	0.00509	0.01376	0.01152	0.00360	0.00016	4.9e-05	0.01791	0.00689	0.00316	0.00345
14	0.00030	0.00029	0.00047	0.95344	0.00105	0.02413	0.00043	0.00040	0.00031	0.00040	0.00027	0.00041	0.00021	0.00016	0.00016	5.2e-05	0.01714	0.00014	6.9e-05	0.00017
15	0.01026	0.00019	0.00023	0.00023	0.00027	0.00018	0.00017	0.03166	0.09126	0.10359	0.23967	0.42188	0.07252	0.00943	0.00019	5.7e-05	9.7e-05	0.01780	0.00016	0.00016
16	0.00587	0.00021	0.00717	0.02255	0.03239	0.00341	0.03784	0.05305	0.04559	0.02557	0.14603	0.19982	0.06070	0.00411	0.00337	6.1e-05	0.00417	0.33404	0.01390	0.00016
17	0.01675	0.02578	0.15912	0.07203	0.16316	0.04228	0.11541	0.05508	0.04441	0.22818	0.00729	0.03322	0.01248	0.00018	0.00395	5e-05	0.00773	0.00768	0.00498	0.00023
18	0.00425	0.01713	0.00386	0.81406	0.02902	0.00860	0.01369	0.01444	0.00744	0.00748	0.00343	0.03326	0.00355	0.00617	0.01142	0.00396	0.01144	0.00656	7.6e-05	0.00018
19	0.05325	0.41058	0.01164	0.16053	0.00530	0.18423	0.00744	0.04988	0.00524	0.01791	0.00026	0.00400	0.00022	0.00015	0.00013	3.9e-05	0.00379	0.00360	0.00377	0.07804

[dist]
# distance from previous block
# <min> <max>
1	3

[block]
# block no. 7 follows, 2222 sequences, length 15
# corresponding to MSA columns:
# 1101,1112-1125
name=unknown_H
#
# <colnr> <probs for GDERKNQSTAVLIFYWHMCP>
#	G	D	E	R	K	N	Q	S	T	A	V	L	I	F	Y	W	H	M	C	P
0	0.01477	0.10368	0.01729	0.00765	0.03409	0.06468	0.00919	0.33801	0.31665	0.02863	0.00534	0.00555	0.00519	0.00018	0.00015	4.6e-05	0.00742	0.00014	0.00013	0.04119
1	0.00587	0.02998	0.34534	0.15732	0.07914	0.00831	0.04008	0.02568	0.01078	0.07494	0.03885	0.05093	0.03167	0.00916	0.02311	5.4e-05	0.00696	0.00797	0.00425	0.04960
2	0.02195	0.10649	0.45842	0.00645	0.04456	0.01502	0.06634	0.03943	0.02436	0.16353	0.01433	0.00762	0.00612	0.00016	0.00015	4.7e-05	0.00780	0.00659	9.8e-05	0.01054
3	0.00564	0.11086	0.29039	0.02215	0.10619	0.00472	0.23479	0.01513	0.01989	0.05831	0.01100	0.05548	0.00639	0.00437	0.01141	0.00421	0.02720	0.01156	8.8e-05	0.00021
4	0.00045	0.00021	0.00027	0.00023	0.00031	0.00019	0.00018	0.00981	0.00979	0.48673	0.17281	0.04715	0.15377	0.10177	0.00793	6.2e-05	0.00012	0.00784	0.00017	0.00020
5	0.00721	0.03831	0.21541	0.17521	0.13095	0.01810	0.10353	0.01793	0.01605	0.06891	0.01592	0.11203	0.02770	0.00684	0.00688	0.01095	0.00934	0.01305	0.00546	0.00020
6	0.01868	0.02529	0.02057	0.10768	0.09680	0.08528	0.10993	0.07481	0.01322	0.31646	0.02056	0.02654	0.01412	0.01524	0.00412	5.2e-05	0.02463	0.02161	0.00417	0.00022
7	0.00024	0.00022	0.00031	0.42027	0.01936	0.00023	0.00027	0.00032	0.00785	0.00779	0.02353	0.02747	0.44572	0.00788	0.00018	5.4e-05	0.00715	0.03089	0.00011	0.00015
8	0.00021	0.00602	0.00548	0.01663	0.00524	0.01437	0.00582	0.00548	0.00560	0.00044	0.06702	0.28235	0.43354	0.00560	0.00019	5.8e-05	0.00477	0.13615	0.00488	0.00014
9	0.01651	0.04937	0.04245	0.05556	0.07252	0.09049	0.05821	0.07517	0.01656	0.44578	0.00854	0.01393	0.00437	0.00416	0.01360	5.1e-05	0.02386	0.00467	0.00397	0.00023
10	0.00665	0.00033	0.00041	0.10996	0.05076	0.02563	0.01869	0.27173	0.03272	0.37110	0.01852	0.02333	0.01396	0.00481	0.00527	5e-05	0.01610	0.00489	0.02485	0.00024
11	0.00037	0.00042	0.00092	0.00066	0.00081	0.00039	0.99299	0.00050	0.00037	0.00050	0.00031	0.00042	0.00024	0.00013	0.00018	5.2e-05	0.00026	0.00018	7.9e-05	0.00021
12	0.00679	0.00387	0.00407	0.00413	0.00437	0.00379	0.00438	0.02439	0.03925	0.21441	0.08000	0.12039	0.08373	0.00515	0.00618	0.03500	0.00366	0.33614	0.01158	0.00872
13	0.01949	0.07642	0.00620	0.01044	0.00825	0.02903	0.01265	0.33249	0.09103	0.01646	0.00539	0.00513	0.00027	0.00016	0.00014	3.7e-05	0.00614	0.00012	0.00480	0.37535
14	0.00503	0.18627	0.03367	0.32871	0.00668	0.02269	0.02979	0.01103	0.01038	0.00833	0.01038	0.16758	0.13180	0.00487	0.00016	5.1e-05	0.00429	0.02937	9.8e-05	0.00881

[dist]
# distance from previous block
# <min> <max>
20	26

[block]
# block no. 8 follows, 2222 sequences, length 10
# corresponding to MSA columns:
# 1236-1238,1240-1245,1247
name=unknown_I
#
# <colnr> <probs for GDERKNQSTAVLIFYWHMCP>
#	G	D	E	R	K	N	Q	S	T	A	V	L	I	F	Y	W	H	M	C	P
0	0.02625	0.03474	0.13466	0.12101	0.09907	0.02724	0.13909	0.04669	0.05046	0.17472	0.02177	0.02153	0.01085	0.00909	0.00803	0.00556	0.01491	0.00925	0.01069	0.03440
1	0.00626	0.02757	0.07298	0.07777	0.08834	0.02668	0.50267	0.01821	0.01836	0.05392	0.00924	0.03090	0.00977	0.00626	0.01147	5.4e-05	0.01710	0.00757	0.01465	0.00021
2	0.00025	0.00017	0.00021	0.00021	0.00025	0.00016	0.00015	0.01243	0.03659	0.06323	0.53317	0.20000	0.10960	0.01244	0.00019	5.4e-05	8.6e-05	0.01309	0.01756	0.00015
3	0.01861	0.13392	0.19021	0.11687	0.08027	0.02441	0.06288	0.03144	0.02570	0.10474	0.02284	0.06968	0.02093	0.01721	0.02395	0.00660	0.02678	0.01478	0.00797	0.00020
4	0.01970	0.06885	0.10498	0.20079	0.08680	0.04189	0.10981	0.04183	0.03817	0.13311	0.01829	0.02617	0.01848	0.00832	0.00699	5.1e-05	0.03280	0.01134	0.01032	0.02131
5	0.00642	0.00018	0.00796	0.00717	0.01218	0.00891	0.02453	0.00920	0.00736	0.04484	0.11567	0.43027	0.16131	0.06564	0.01519	0.04510	0.01254	0.01449	0.01091	0.00014
6	0.00841	0.02485	0.00029	0.00027	0.00922	0.01211	0.00020	0.01115	0.00960	0.02561	0.04628	0.31561	0.08431	0.02350	0.02429	0.14505	0.23530	0.01424	0.00961	0.00014
7	0.02271	0.05573	0.13911	0.10008	0.09229	0.05735	0.12614	0.05707	0.03944	0.13754	0.02272	0.03147	0.01304	0.01546	0.01080	5.3e-05	0.03667	0.02082	0.01234	0.00918
8	0.03955	0.04882	0.13904	0.16122	0.12123	0.03602	0.07211	0.05141	0.05114	0.04433	0.00964	0.03410	0.02036	0.03594	0.02555	0.01392	0.03330	0.02212	0.02733	0.01286
9	0.03269	0.00571	0.02108	0.06257	0.02044	0.02228	0.00927	0.01040	0.01301	0.02575	0.03116	0.24315	0.10473	0.06733	0.22147	0.07683	0.00898	0.01221	0.01083	0.00014

[dist]
# distance from previous block
# <min> <max>
0	237

# created by:
# /home/cegg/simao/soft/augustus-3.2.1/scripts/msa2prfl.pl ./align_prep/POG091H02KX.fa
