[name]
unknown

[dist]
# distance from previous block
# <min> <max>
0	113

[block]
# block no. 0 follows, 3470 sequences, length 33
# corresponding to MSA columns:
# 458-473,517-533
name=unknown_A
#
# <colnr> <probs for GDERKNQSTAVLIFYWHMCP>
#	G	D	E	R	K	N	Q	S	T	A	V	L	I	F	Y	W	H	M	C	P
0	0.06691	0.01148	0.03033	0.04414	0.39071	0.10623	0.03804	0.04524	0.04334	0.06489	0.00712	0.01833	0.01022	0.00433	0.00821	3.2e-05	0.02458	0.05591	0.00298	0.02697
1	0.00018	0.02197	0.01621	0.01727	0.02237	0.00718	0.01657	0.05490	0.18500	0.01298	0.26471	0.13244	0.18524	0.00262	0.00792	3.4e-05	0.00254	0.00993	9.3e-05	0.03985
2	0.00015	0.00447	0.01629	0.01668	0.00270	0.04807	0.01530	0.00512	0.00813	0.02252	0.14932	0.14229	0.53633	0.00352	0.00517	3.4e-05	6.6e-05	0.00709	9.1e-05	0.01667
3	0.01126	0.00016	0.00294	0.00016	0.00023	0.00014	0.00713	0.04059	0.02448	0.63365	0.08935	0.03011	0.12306	0.00372	0.00907	3.3e-05	0.00260	0.00013	0.02104	0.00015
4	0.00386	0.08436	0.13804	0.09146	0.09602	0.05266	0.21627	0.05219	0.06933	0.00748	0.06089	0.09341	0.00812	0.00733	0.00462	3.3e-05	0.00578	0.00614	6.3e-05	0.00194
5	0.00037	0.00047	0.00028	0.00026	0.00031	0.97245	0.00019	0.00813	0.00028	0.00025	0.00016	0.00018	0.00013	0.00011	0.00789	2.7e-05	0.00828	6.5e-05	5.2e-05	0.00012
6	0.00023	0.00021	0.00036	0.41697	0.54521	0.00734	0.00029	0.00616	0.00022	0.00768	0.00018	0.00026	0.00015	9.4e-05	0.00010	3.1e-05	0.00475	8.9e-05	4.8e-05	0.00963
7	0.00329	0.00023	0.01808	0.22746	0.65667	0.00420	0.03014	0.01874	0.01025	0.00386	0.00443	0.00477	0.00246	0.00257	0.00899	3.2e-05	0.00353	9.2e-05	5.1e-05	0.00014
8	0.01647	0.00017	0.00023	0.00018	0.00025	0.00015	0.00015	0.01314	0.00606	0.92870	0.02592	0.00760	0.00027	0.00013	0.00010	3.1e-05	8.4e-05	0.00010	0.00012	0.00017
9	0.00868	0.00018	0.00529	0.53259	0.06012	0.00888	0.01097	0.06522	0.03789	0.00828	0.00023	0.05241	0.00472	0.07201	0.10140	0.00392	0.02304	0.00203	5.6e-05	0.00210
10	0.00019	0.00017	0.00023	0.03023	0.00359	0.00391	0.00016	0.00370	0.00380	0.00812	0.00021	0.00038	0.00350	0.33401	0.07376	7e-05	0.53373	0.00011	5.1e-05	9.3e-05
11	0.00027	0.50162	0.22158	0.00600	0.00745	0.18559	0.01964	0.00515	0.00265	0.00302	0.00242	0.02421	0.00740	0.00237	0.00270	2.6e-05	0.00765	7e-05	4.7e-05	0.00013
12	0.00015	0.00011	0.00016	0.00016	0.00017	0.00909	0.00012	0.00018	0.00491	0.00023	0.00028	0.00042	0.00943	0.07344	0.89059	0.00476	0.00025	0.00542	5.5e-05	8.7e-05
13	0.00022	0.02037	0.25223	0.00436	0.00822	0.03287	0.01356	0.05607	0.06723	0.07121	0.00287	0.02220	0.00801	0.34223	0.01615	5.7e-05	0.07767	0.00209	0.00228	0.00011
14	0.00012	0.00010	0.00011	0.00011	0.00014	8.8e-05	8e-05	0.00932	0.00023	0.00028	0.08560	0.11841	0.71838	0.05117	0.00578	0.00514	5.6e-05	0.00471	9.2e-05	8.4e-05
15	0.02063	0.04631	0.38101	0.00021	0.02322	0.00320	0.00872	0.01902	0.01447	0.00969	0.06518	0.28639	0.09381	0.00344	0.00320	3.5e-05	0.01152	0.00976	7e-05	0.00012
16	0.00024	0.37694	0.46841	0.00588	0.03977	0.01013	0.02710	0.03174	0.00954	0.00671	0.00017	0.00020	0.00013	0.00010	0.01186	2.9e-05	0.01078	7e-05	4.6e-05	0.00014
17	0.00514	0.03177	0.09479	0.11228	0.16529	0.01528	0.01024	0.03856	0.44777	0.00885	0.02502	0.00404	0.00785	0.01903	0.00332	3.4e-05	0.00480	0.00010	0.00568	0.00015
18	0.00014	0.00011	0.00406	0.00014	0.00015	0.00011	9.9e-05	0.00017	0.00706	0.00312	0.03670	0.14323	0.12424	0.26570	0.35691	0.01428	0.01948	0.02417	6.9e-05	8.1e-05
19	0.00020	0.01590	0.85744	0.00028	0.00404	0.00556	0.02561	0.00551	0.03582	0.00032	0.02297	0.00726	0.00533	0.00010	9.7e-05	3.2e-05	0.00262	0.00273	0.00803	0.00014
20	0.00577	0.00017	0.00022	0.00017	0.00024	0.00015	0.00014	0.01979	0.03761	0.82001	0.02028	0.00035	0.00026	0.00012	9.8e-05	3e-05	8.1e-05	0.00010	0.09424	0.00016
21	0.99719	0.00019	0.00015	0.00013	0.00019	0.00022	0.00011	0.00029	0.00017	0.00045	0.00014	0.00016	0.00011	9.3e-05	6.2e-05	3.1e-05	7.7e-05	5.4e-05	6.2e-05	0.00011
22	0.00013	9.9e-05	0.00011	0.00012	0.00015	8.7e-05	9e-05	0.00015	0.00022	0.00652	0.06391	0.27431	0.56417	0.00027	0.00012	3.7e-05	5.6e-05	0.08926	9.4e-05	8.5e-05
23	0.00023	0.00019	0.13234	0.00285	0.00611	0.00015	0.05571	0.08160	0.00378	0.16716	0.49677	0.00431	0.01944	0.00016	0.00011	3.2e-05	8.1e-05	0.02563	0.00322	0.00012
24	0.00012	8.7e-05	0.00012	0.00014	0.00014	8.1e-05	9.2e-05	0.00014	0.00019	0.00025	0.00055	0.98101	0.00066	0.01573	0.00013	4.1e-05	5.9e-05	0.00028	9.2e-05	8.1e-05
25	0.00273	0.00274	0.07728	0.02291	0.09601	0.00606	0.17600	0.04810	0.25384	0.03566	0.08057	0.11265	0.00460	0.00959	0.01538	0.00175	0.02165	0.02789	0.00445	0.00013
26	0.97545	0.00019	0.00015	0.00013	0.00020	0.00022	0.00011	0.01186	0.00017	0.01059	0.00014	0.00017	0.00011	9.3e-05	6.3e-05	3.1e-05	7.8e-05	5.5e-05	6.3e-05	0.00011
27	0.00439	0.00365	0.00022	0.00019	0.00024	0.00428	0.00015	0.18142	0.52101	0.00904	0.00691	0.00033	0.00025	0.00018	0.00017	0.22882	8.7e-05	0.00010	0.00392	0.03466
28	0.00020	0.00052	0.99597	0.00028	0.00043	0.00023	0.00037	0.00032	0.00021	0.00032	0.00018	0.00021	0.00013	9.5e-05	9.5e-05	3.2e-05	0.00015	7.4e-05	4.2e-05	0.00015
29	0.00014	0.00010	0.00013	0.00012	0.00015	9.3e-05	9.1e-05	0.00018	0.00749	0.00678	0.73571	0.00882	0.23940	0.00022	0.00012	3.2e-05	4.9e-05	0.00019	0.00011	9.3e-05
30	0.00025	0.00024	0.00040	0.00955	0.96056	0.00024	0.01082	0.00030	0.00023	0.00033	0.00922	0.00025	0.00017	9e-05	9.9e-05	3e-05	0.00012	9e-05	0.00688	0.00016
31	0.00940	0.00026	0.00029	0.00022	0.00030	0.00028	0.00018	0.81179	0.00826	0.16139	0.00026	0.00026	0.00018	0.00012	0.0001	3e-05	0.00011	9.1e-05	0.00010	0.00637
32	0.00014	0.00010	0.00012	0.00013	0.00015	9.3e-05	9.5e-05	0.00330	0.00354	0.01256	0.09975	0.51457	0.33906	0.00361	0.00360	4e-05	6e-05	0.01478	0.00419	9.1e-05

[dist]
# distance from previous block
# <min> <max>
3	17

[block]
# block no. 1 follows, 3470 sequences, length 11
# corresponding to MSA columns:
# 553-560,572-574
name=unknown_B
#
# <colnr> <probs for GDERKNQSTAVLIFYWHMCP>
#	G	D	E	R	K	N	Q	S	T	A	V	L	I	F	Y	W	H	M	C	P
0	0.02831	0.00676	0.01464	0.27993	0.47011	0.02351	0.04946	0.02613	0.01229	0.00880	0.00550	0.00823	0.00659	0.00011	0.00573	3.2e-05	0.03096	0.01031	0.00705	0.00556
1	0.05790	0.00014	0.00017	0.00015	0.00020	0.00013	0.00012	0.03341	0.01704	0.38162	0.27947	0.02976	0.08393	0.01232	0.00856	3.4e-05	7.1e-05	0.04234	0.05251	0.00013
2	0.01095	0.01801	0.00032	0.00937	0.00033	0.41645	0.11918	0.31060	0.06701	0.01055	0.01243	0.00024	0.00017	0.00011	0.00010	2.9e-05	0.01538	0.00856	7.1e-05	0.00014
3	0.00012	9.4e-05	0.00011	0.00012	0.00014	8.5e-05	8.6e-05	0.00014	0.00020	0.00026	0.02376	0.47412	0.38999	0.06854	0.00015	0.01546	5.9e-05	0.02637	9e-05	8.1e-05
4	0.05031	0.01818	0.01743	0.03752	0.25535	0.08755	0.01911	0.12391	0.11047	0.12510	0.10139	0.00672	0.01384	0.00012	0.00010	3.1e-05	0.01247	0.00791	7.9e-05	0.01240
5	0.01276	0.54645	0.34546	0.01061	0.00947	0.02906	0.00891	0.00879	0.00869	0.00027	0.00016	0.01035	0.00014	9.3e-05	8e-05	2.6e-05	0.00845	6.6e-05	4.5e-05	0.00013
6	0.15467	0.00024	0.00025	0.00020	0.00027	0.02194	0.00016	0.51003	0.03962	0.24933	0.00027	0.00026	0.00019	0.00012	9.3e-05	3e-05	9.8e-05	8.8e-05	0.02200	0.00016
7	0.00015	0.00011	0.00015	0.00015	0.00016	0.00012	0.00010	0.00017	0.00016	0.00022	0.00029	0.00048	0.01855	0.34958	0.54853	0.03527	0.04557	0.00012	5.6e-05	7.8e-05
8	0.02035	0.00013	0.00016	0.00014	0.00019	0.00012	0.00011	0.01358	0.00027	0.36887	0.33642	0.00056	0.12350	0.00017	0.00010	3.1e-05	6.4e-05	0.01331	0.12180	0.00012
9	0.04741	0.05267	0.07319	0.10792	0.06980	0.01520	0.07262	0.08052	0.09119	0.03334	0.04004	0.10829	0.08748	0.02630	0.05500	0.00515	0.02193	0.01177	7.2e-05	0.00012
10	0.00714	0.02327	0.03710	0.00013	0.00016	0.00949	0.00629	0.01359	0.00713	0.00964	0.20377	0.08262	0.38816	0.15464	0.00018	0.01034	6.8e-05	0.01668	0.00607	0.02354

[dist]
# distance from previous block
# <min> <max>
3	7

[block]
# block no. 2 follows, 3470 sequences, length 14
# corresponding to MSA columns:
# 597-599,601-611
name=unknown_C
#
# <colnr> <probs for GDERKNQSTAVLIFYWHMCP>
#	G	D	E	R	K	N	Q	S	T	A	V	L	I	F	Y	W	H	M	C	P
0	0.00890	0.01064	0.86127	0.00879	0.00042	0.01101	0.03580	0.01570	0.00755	0.02013	0.00626	0.00669	0.00620	9.9e-05	9.6e-05	3.2e-05	0.00014	7.9e-05	4.7e-05	0.00015
1	0.00863	0.00012	0.00016	0.00015	0.00019	0.00011	0.00011	0.00028	0.00025	0.34980	0.17240	0.25114	0.13109	0.02155	0.00012	3.6e-05	6.7e-05	0.04149	0.01414	0.00817
2	0.00016	0.00011	0.00670	0.00459	0.01009	0.00462	0.01548	0.00474	0.00885	0.00854	0.01006	0.01976	0.01487	0.32680	0.18688	0.34895	0.00810	0.01584	0.00477	6.8e-05
3	0.00013	9.4e-05	0.00012	0.00013	0.00015	8.7e-05	9.4e-05	0.00016	0.00930	0.01686	0.12778	0.67476	0.12260	0.00927	0.00013	0.01294	5.8e-05	0.02514	9.5e-05	8.5e-05
4	0.00018	0.01788	0.05550	0.05754	0.05067	0.01885	0.01506	0.03388	0.01592	0.00633	0.07677	0.10456	0.17382	0.14627	0.06919	0.00515	0.08076	0.03211	0.03945	0.0001
5	0.36786	0.00929	0.01694	0.00719	0.00835	0.51002	0.02679	0.01855	0.00024	0.01590	0.00016	0.00019	0.00013	0.00010	8.4e-05	2.9e-05	0.01120	0.00680	5.7e-05	0.00012
6	0.01353	0.00014	0.00018	0.00016	0.00020	0.00014	0.00013	0.10155	0.01643	0.25554	0.14190	0.10941	0.03039	0.02279	0.00012	3.7e-05	7.7e-05	0.23412	0.07305	0.00012
7	0.00024	0.02310	0.00592	0.02030	0.01326	0.13751	0.04487	0.04368	0.07163	0.00028	0.00719	0.01291	0.00871	0.00738	0.07811	4.8e-05	0.51665	0.00804	5.5e-05	0.00012
8	0.00012	0.00010	0.00011	0.00011	0.00014	8.6e-05	7.9e-05	0.00015	0.00023	0.00028	0.07430	0.03249	0.80855	0.06212	0.00014	3.8e-05	5.4e-05	0.02074	9.2e-05	8.4e-05
9	0.01757	0.02252	0.02593	0.00505	0.01752	0.04434	0.07025	0.29366	0.12574	0.14385	0.01296	0.01135	0.00945	0.00011	9.8e-05	2.8e-05	0.01001	0.00555	8.5e-05	0.18391
10	0.00710	0.00620	0.23909	0.00472	0.01858	0.00877	0.01532	0.02760	0.01105	0.03056	0.01459	0.01205	0.02204	0.00536	0.01998	2.6e-05	0.01500	0.00439	6e-05	0.53752
11	0.00015	0.00011	0.00662	0.00016	0.00018	0.01200	0.00637	0.00018	0.00017	0.02079	0.00603	0.24435	0.00930	0.03698	0.59261	0.02071	0.01926	0.01735	6.6e-05	0.00661
12	0.04331	0.06976	0.21258	0.02629	0.08977	0.06419	0.03506	0.10089	0.08105	0.07018	0.02011	0.06735	0.01688	0.02285	0.00436	3.3e-05	0.01543	0.01071	6.9e-05	0.04913
13	0.01367	0.00615	0.05477	0.01487	0.04216	0.06120	0.24635	0.06720	0.12318	0.03631	0.05627	0.01232	0.00025	0.07775	0.04565	0.00830	0.09517	0.02390	6.8e-05	0.01444

[dist]
# distance from previous block
# <min> <max>
3	11

[block]
# block no. 3 follows, 3470 sequences, length 23
# corresponding to MSA columns:
# 633-638,640-645,667-677
name=unknown_D
#
# <colnr> <probs for GDERKNQSTAVLIFYWHMCP>
#	G	D	E	R	K	N	Q	S	T	A	V	L	I	F	Y	W	H	M	C	P
0	0.00310	0.43280	0.29449	0.00982	0.02563	0.05337	0.01327	0.03162	0.01534	0.05488	0.01827	0.01167	0.00365	0.00010	0.00290	2.7e-05	0.00421	0.00720	5.3e-05	0.01761
1	0.00024	0.00738	0.12954	0.00018	0.01913	0.00498	0.00660	0.03617	0.03443	0.09529	0.00716	0.00332	0.01170	0.00344	8.5e-05	2.1e-05	8.8e-05	0.00802	0.00602	0.62621
2	0.00303	0.03622	0.05259	0.29653	0.12964	0.01673	0.00705	0.00689	0.12244	0.02290	0.04469	0.19567	0.02425	0.00375	0.00607	3.5e-05	0.00298	0.02836	6.9e-05	0.00012
3	0.00891	0.00503	0.00030	0.89665	0.01632	0.00539	0.00857	0.02058	0.00657	0.02596	0.00019	0.00027	0.00014	0.00010	0.00010	3.3e-05	0.00463	8.9e-05	4.8e-05	0.00012
4	0.00467	0.08955	0.07731	0.08636	0.08474	0.05608	0.01447	0.05140	0.20741	0.03063	0.07084	0.02510	0.02580	0.00012	0.00460	2.9e-05	0.01260	0.00664	7.2e-05	0.15157
5	0.00019	0.00018	0.00030	0.90717	0.07418	0.00022	0.00028	0.00026	0.00020	0.00026	0.00019	0.00028	0.01567	0.00010	0.00010	3.3e-05	0.00013	9.1e-05	4.6e-05	0.00011
6	0.00024	0.00024	0.00669	0.06003	0.87371	0.00492	0.02647	0.00479	0.00475	0.00553	0.00641	0.00026	0.00532	9.2e-05	0.0001	3e-05	0.00012	9.1e-05	5.1e-05	0.00015
7	0.00012	8.8e-05	0.00012	0.00014	0.00015	8.2e-05	9.3e-05	0.00014	0.00019	0.00026	0.01005	0.95201	0.01640	0.00031	0.00013	4e-05	5.8e-05	0.01026	0.00929	8.2e-05
8	0.00012	8.8e-05	0.00012	0.00014	0.00015	8.2e-05	9.4e-05	0.00014	0.00019	0.00026	0.00055	0.97324	0.00066	0.00031	0.00013	4.1e-05	5.9e-05	0.02346	9.3e-05	8.1e-05
9	0.00014	9.3e-05	0.00012	0.00014	0.00015	8.7e-05	0.00010	0.00016	0.00020	0.02304	0.06560	0.76980	0.02090	0.00682	0.00013	4e-05	6.2e-05	0.10587	0.00646	8.5e-05
10	0.00439	0.00026	0.00031	0.01896	0.10049	0.15131	0.01391	0.08914	0.02323	0.00431	0.00017	0.00023	0.00809	0.00015	0.00023	3.8e-05	0.58027	8.6e-05	0.00429	0.00012
11	0.00853	0.00418	0.01236	0.30326	0.54544	0.00828	0.04344	0.00942	0.00595	0.04251	0.00390	0.00026	0.00016	0.00340	0.00010	0.00327	0.00528	9.1e-05	5.2e-05	0.00014
12	0.01684	0.04088	0.03325	0.31188	0.35029	0.02240	0.02193	0.04966	0.01260	0.05137	0.00527	0.00799	0.00498	0.00378	0.02657	0.00296	0.03093	0.00298	5.6e-05	0.00339
13	0.00021	0.01746	0.80332	0.00031	0.00045	0.00024	0.17600	0.00032	0.00022	0.00032	0.00018	0.00022	0.00013	9.3e-05	9.9e-05	3.2e-05	0.00015	8.1e-05	4.4e-05	0.00015
14	0.00012	0.0001	0.00011	0.01144	0.00015	8.7e-05	8.6e-05	0.00015	0.00523	0.00702	0.00848	0.26635	0.66261	0.00996	0.00530	3.7e-05	5.6e-05	0.02253	9.2e-05	8.5e-05
15	0.01722	0.19331	0.06722	0.11726	0.11051	0.15110	0.03790	0.04669	0.02385	0.09850	0.02528	0.04756	0.02162	0.00430	0.00604	3.1e-05	0.02397	0.00745	6.3e-05	0.00013
16	0.00491	0.00562	0.01460	0.23943	0.52330	0.02894	0.02410	0.05542	0.02289	0.00460	0.00533	0.00462	0.00341	0.00652	0.02228	3.5e-05	0.02638	0.00741	5.4e-05	0.00014
17	0.00013	9e-05	0.00012	0.00014	0.00014	8.4e-05	9.2e-05	0.00014	0.00019	0.00025	0.01008	0.78034	0.08510	0.03511	0.00678	0.04853	6.2e-05	0.02690	0.00565	7.9e-05
18	0.03172	0.02982	0.09127	0.02902	0.04272	0.01556	0.06254	0.04049	0.02618	0.09541	0.04076	0.07094	0.18706	0.08017	0.04659	0.03824	0.03855	0.02942	0.00340	0.00011
19	0.44988	0.01444	0.04867	0.06586	0.06545	0.06153	0.06180	0.06556	0.01627	0.08161	0.01244	0.00366	0.02127	0.00432	0.00276	3.2e-05	0.00796	0.01376	6.7e-05	0.00267
20	0.02371	0.02831	0.09422	0.08409	0.31576	0.00989	0.06135	0.04473	0.00434	0.19849	0.01404	0.04138	0.00755	0.02330	0.02731	0.00281	0.00488	0.01103	0.00268	0.00014
21	0.00552	0.00386	0.00018	0.00397	0.02373	0.00370	0.01563	0.05156	0.20073	0.05954	0.37358	0.07046	0.14566	0.00455	0.00399	3.4e-05	6.8e-05	0.02905	0.00406	0.00012
22	0.01721	0.03815	0.18670	0.10787	0.22704	0.08951	0.12443	0.07960	0.02876	0.04905	0.00284	0.00333	0.00385	0.00613	0.00740	3.2e-05	0.01766	0.00766	0.00262	0.00014

[dist]
# distance from previous block
# <min> <max>
3	4

[block]
# block no. 4 follows, 3470 sequences, length 11
# corresponding to MSA columns:
# 685-695
name=unknown_E
#
# <colnr> <probs for GDERKNQSTAVLIFYWHMCP>
#	G	D	E	R	K	N	Q	S	T	A	V	L	I	F	Y	W	H	M	C	P
0	0.00016	0.00527	0.00562	0.01004	0.01995	0.02561	0.01139	0.00720	0.00658	0.00768	0.02296	0.22855	0.03791	0.10230	0.37228	0.00519	0.01561	0.10861	0.00700	9e-05
1	0.00028	0.00021	0.00023	0.00020	0.00026	0.00024	0.00016	0.12633	0.72940	0.11257	0.02872	0.00036	0.00030	0.00013	0.00010	3.3e-05	8.3e-05	0.00011	0.00010	0.00016
2	0.00014	9.9e-05	0.00012	0.00013	0.00015	9.1e-05	9e-05	0.01055	0.01060	0.01746	0.09642	0.44638	0.28586	0.02443	0.00013	3.8e-05	5.7e-05	0.03106	0.07612	8.7e-05
3	0.00014	0.00010	0.00013	0.00012	0.00015	9.5e-05	9.2e-05	0.00018	0.01521	0.01732	0.63283	0.01577	0.28691	0.01349	0.00012	3.3e-05	5.1e-05	0.01705	0.00010	9.3e-05
4	0.01849	0.00017	0.00020	0.00015	0.00023	0.00014	0.00012	0.01186	0.01036	0.14876	0.02983	0.01083	0.01274	9.3e-05	8.1e-05	1.9e-05	7.4e-05	7.5e-05	0.03879	0.71698
5	0.00015	0.00011	0.00013	0.00832	0.00017	0.01069	0.00010	0.00884	0.10442	0.00821	0.04635	0.72856	0.03756	0.01402	0.00803	4e-05	6.5e-05	0.01407	0.01008	9.2e-05
6	0.01076	0.04415	0.05328	0.12296	0.23888	0.08919	0.02482	0.24386	0.01756	0.07733	0.01289	0.02661	0.00561	0.00561	0.00568	3.1e-05	0.00012	0.00666	0.01385	0.00014
7	0.00014	9.7e-05	0.00012	0.00013	0.00015	9e-05	9.8e-05	0.00016	0.00022	0.01498	0.18419	0.44875	0.14494	0.03861	0.00014	0.01797	6.1e-05	0.12278	0.02627	8.6e-05
8	0.00853	0.00014	0.00917	0.00883	0.01814	0.00016	0.00844	0.00853	0.00018	0.00027	0.00890	0.00984	0.00028	0.10753	0.72722	0.00014	0.08341	0.00012	6.3e-05	0.00010
9	0.00015	0.00011	0.02047	0.00013	0.00014	9.9e-05	0.00724	0.00725	0.01209	0.00756	0.01874	0.18925	0.08412	0.33297	0.04004	0.26401	9e-05	0.00813	6.7e-05	0.00734
10	0.00603	0.02782	0.00751	0.03676	0.48261	0.18861	0.01687	0.11279	0.02109	0.01573	0.03004	0.00981	0.00928	0.00554	0.00568	3.1e-05	0.01783	0.00576	6e-05	0.00014

[dist]
# distance from previous block
# <min> <max>
1	2

[block]
# block no. 5 follows, 3470 sequences, length 23
# corresponding to MSA columns:
# 698-718,720,721
name=unknown_F
#
# <colnr> <probs for GDERKNQSTAVLIFYWHMCP>
#	G	D	E	R	K	N	Q	S	T	A	V	L	I	F	Y	W	H	M	C	P
0	0.63498	0.00455	0.00319	0.01659	0.00643	0.05809	0.00770	0.10604	0.00376	0.06016	0.00486	0.01285	0.00014	0.00010	8.1e-05	3.1e-05	0.02886	6.9e-05	0.03509	0.01642
1	0.00018	0.00015	0.00022	0.23142	0.18487	0.01076	0.00530	0.00021	0.00475	0.00025	0.00978	0.15314	0.03669	0.06281	0.05440	0.21110	0.01104	0.01793	0.00492	9.5e-05
2	0.00025	0.00013	0.00016	0.00014	0.00018	0.00011	0.00011	0.00775	0.00520	0.34580	0.41356	0.01166	0.15043	0.00717	0.00011	3.2e-05	6.2e-05	0.00505	0.05197	0.00012
3	0.00025	0.00024	0.00041	0.00061	0.99586	0.00024	0.00031	0.00031	0.00023	0.00033	0.00019	0.00025	0.00016	8.9e-05	9.9e-05	3e-05	0.00012	8.9e-05	4.9e-05	0.00016
4	0.00015	0.00010	0.00013	0.00013	0.00015	9.4e-05	9.5e-05	0.00019	0.01034	0.03627	0.46726	0.27847	0.10643	0.00585	0.00012	3.5e-05	5.4e-05	0.03528	0.05877	9.3e-05
5	0.00318	0.05612	0.46634	0.01888	0.12071	0.01804	0.06605	0.04096	0.03638	0.03108	0.01778	0.10567	0.00374	0.00277	0.00010	3.2e-05	0.00317	0.00395	0.00492	0.00014
6	0.00012	9.7e-05	0.00011	0.00012	0.00014	8.5e-05	8.3e-05	0.00015	0.00022	0.00027	0.06337	0.29150	0.59236	0.02971	0.00013	3.8e-05	5.4e-05	0.01361	0.00775	8.4e-05
7	0.47851	0.00018	0.00019	0.00016	0.00022	0.00410	0.00416	0.00921	0.00492	0.45106	0.00538	0.00026	0.00018	0.00411	0.01458	0.00437	0.01378	7.9e-05	0.00441	0.00014
8	0.00013	9.5e-05	0.00012	0.00014	0.00421	8.8e-05	9.4e-05	0.00442	0.00952	0.00859	0.17745	0.65191	0.11587	0.00471	0.00012	3.8e-05	5.6e-05	0.00565	0.01224	0.00454
9	0.18341	0.00017	0.00020	0.00016	0.00023	0.00016	0.00013	0.00807	0.00759	0.67770	0.06196	0.00033	0.00027	0.00012	9.3e-05	3.1e-05	7.9e-05	9.7e-05	0.05905	0.00015
10	0.00023	0.00022	0.01441	0.30413	0.57904	0.00023	0.03616	0.01648	0.01929	0.00477	0.00690	0.00843	0.00016	9.8e-05	0.00010	3.1e-05	0.00497	0.00415	5.1e-05	0.00014
11	0.93836	0.00020	0.00016	0.00678	0.00020	0.00650	0.00643	0.00659	0.00017	0.00044	0.00014	0.00017	0.00011	9.4e-05	6.6e-05	3.1e-05	0.01178	5.6e-05	6.2e-05	0.02166
12	0.00024	0.00023	0.00039	0.06119	0.91161	0.00023	0.00030	0.00030	0.00023	0.00032	0.00020	0.01199	0.00017	9.5e-05	0.0001	3e-05	0.00012	0.01206	5e-05	0.00015
13	0.00393	0.00629	0.00585	0.06190	0.68213	0.05929	0.07531	0.01462	0.03081	0.01083	0.00485	0.00444	0.00016	9.7e-05	0.00011	3.1e-05	0.03906	9.1e-05	5.3e-05	0.00015
14	0.00642	0.05655	0.12037	0.00477	0.07018	0.05694	0.09373	0.04558	0.02610	0.06201	0.05002	0.34291	0.03146	0.00019	0.00011	3.4e-05	0.01548	0.01694	7.7e-05	0.00012
15	0.00499	0.00017	0.01404	0.01740	0.00609	0.01527	0.01029	0.00468	0.00352	0.01341	0.00750	0.00856	0.00535	0.07084	0.34722	0.01503	0.45116	0.00010	5.1e-05	0.00430
16	0.01253	0.90714	0.02990	0.00018	0.00026	0.01364	0.00018	0.03475	0.00021	0.00025	0.00014	0.00016	0.00013	8.7e-05	6.7e-05	2.2e-05	0.00011	5.5e-05	4.5e-05	0.00013
17	0.00024	0.00023	0.00040	0.05165	0.91726	0.00024	0.01344	0.00030	0.00023	0.00032	0.00019	0.00025	0.00016	9.1e-05	0.00010	3e-05	0.01458	8.9e-05	4.9e-05	0.00015
18	0.00019	0.00018	0.00030	0.95319	0.04372	0.00022	0.00028	0.00026	0.00020	0.00026	0.00018	0.00027	0.00013	9.9e-05	0.0001	3.3e-05	0.00013	8.9e-05	4.5e-05	0.00011
19	0.00536	0.17412	0.34447	0.01533	0.01323	0.02302	0.20700	0.01651	0.01907	0.11188	0.00716	0.00427	0.00608	0.00011	0.00515	3.1e-05	0.04401	0.00302	5.7e-05	0.00014
20	0.00307	0.33674	0.05653	0.00346	0.01047	0.00922	0.00320	0.13653	0.25790	0.13095	0.02018	0.00028	0.01189	0.00012	0.00475	2.9e-05	0.00758	0.00289	0.00405	0.00015
21	0.00881	0.00635	0.10303	0.00016	0.01090	0.00336	0.03086	0.01807	0.01362	0.03417	0.03408	0.30400	0.34956	0.00024	0.00012	0.01229	7.4e-05	0.07012	8.6e-05	9.9e-05
22	0.00482	0.00022	0.00036	0.07892	0.69004	0.00396	0.01717	0.01765	0.00365	0.14463	0.00408	0.01096	0.01368	0.00010	0.00010	3.1e-05	0.00564	0.00376	6.2e-05	0.00015

[dist]
# distance from previous block
# <min> <max>
1	1

[block]
# block no. 6 follows, 3470 sequences, length 12
# corresponding to MSA columns:
# 725-730,740-745
name=unknown_G
#
# <colnr> <probs for GDERKNQSTAVLIFYWHMCP>
#	G	D	E	R	K	N	Q	S	T	A	V	L	I	F	Y	W	H	M	C	P
0	0.00022	0.00925	0.01504	0.54072	0.34131	0.01902	0.01861	0.01064	0.00857	0.01396	0.00019	0.00026	0.00015	9.8e-05	0.00010	3.2e-05	0.02156	8.9e-05	4.8e-05	0.00013
1	0.00025	0.46884	0.23853	0.00023	0.01179	0.00691	0.11158	0.01738	0.04887	0.05315	0.01032	0.00941	0.00838	0.0001	8.6e-05	2.7e-05	0.00663	0.00731	5.4e-05	0.00014
2	0.00825	0.09366	0.02498	0.00531	0.01430	0.03765	0.07266	0.04148	0.02562	0.21445	0.05565	0.06656	0.04040	0.00610	0.00626	0.24433	0.01155	0.03062	7.6e-05	0.00011
3	0.01068	0.10482	0.15621	0.06474	0.30386	0.09511	0.15683	0.01811	0.01339	0.03553	0.00619	0.00822	0.00547	0.00010	0.00010	0.00545	0.00588	0.00911	5.3e-05	0.00014
4	0.00019	0.00724	0.00896	0.72714	0.11032	0.00684	0.00859	0.00904	0.01037	0.00028	0.02766	0.03675	0.01827	0.00012	0.00010	3.3e-05	0.00012	0.02116	0.00669	0.00012
5	0.00639	0.22747	0.53180	0.04007	0.05379	0.01755	0.04776	0.00771	0.01321	0.01796	0.00583	0.00023	0.00741	0.00010	0.00861	3.1e-05	0.00776	0.00614	4.7e-05	0.00014
6	0.00021	0.00016	0.01115	0.03517	0.19996	0.00791	0.03353	0.01445	0.03134	0.12354	0.07059	0.12961	0.23435	0.00629	0.00012	3.5e-05	0.00639	0.09501	8.5e-05	0.00012
7	0.01821	0.11833	0.14292	0.08695	0.08610	0.02231	0.15343	0.06389	0.02168	0.17529	0.01259	0.06266	0.01752	0.00012	0.00010	3.1e-05	0.00963	0.00803	7e-05	0.00014
8	0.00628	0.00606	0.01223	0.71191	0.06435	0.01824	0.03730	0.02592	0.01114	0.05820	0.00681	0.00029	0.01364	0.00011	0.01254	3.4e-05	0.00796	0.00682	5.3e-05	0.00012
9	0.02316	0.05370	0.11715	0.01433	0.01981	0.02137	0.03797	0.02703	0.02432	0.29062	0.04520	0.10309	0.14489	0.01638	0.01660	3.6e-05	0.01158	0.03255	8.8e-05	0.00013
10	0.00755	0.00864	0.00612	0.01794	0.03927	0.01101	0.00860	0.00860	0.00924	0.01768	0.04034	0.29871	0.10373	0.09833	0.02350	0.00493	0.00492	0.29073	8.5e-05	9.2e-05
11	0.06259	0.00942	0.00541	0.16024	0.58743	0.00652	0.01662	0.02339	0.00741	0.04682	0.00491	0.00535	0.00507	0.01134	0.02554	3.5e-05	0.00990	0.00649	0.00538	0.00014

[dist]
# distance from previous block
# <min> <max>
0	43

# created by:
# /home/cegg/simao/soft/augustus-3.2.1/scripts/msa2prfl.pl ./align_prep/POG091H022D.fa
