[name]
unknown

[dist]
# distance from previous block
# <min> <max>
0	70

[block]
# block no. 0 follows, 3116 sequences, length 15
# corresponding to MSA columns:
# 110-112,115-126
name=unknown_A
#
# <colnr> <probs for GDERKNQSTAVLIFYWHMCP>
#	G	D	E	R	K	N	Q	S	T	A	V	L	I	F	Y	W	H	M	C	P
0	0.03883	0.00023	0.00027	0.00022	0.01638	0.02557	0.00766	0.25333	0.08112	0.46111	0.03500	0.00760	0.01258	0.00015	0.00011	3.5e-05	0.00816	0.04050	0.00012	0.01102
1	0.00025	0.00024	0.00036	0.57495	0.20200	0.07156	0.03161	0.03508	0.02686	0.01324	0.01652	0.01950	0.00019	0.00012	0.00011	3.6e-05	0.00014	0.00703	5.9e-05	0.00014
2	0.00019	0.00704	0.01102	0.27207	0.00977	0.01719	0.03961	0.01376	0.01358	0.00484	0.02279	0.00580	0.01994	0.02714	0.52825	0.00011	0.00659	0.00012	6.1e-05	0.00011
3	0.00027	0.00948	0.03901	0.11802	0.01459	0.02404	0.01032	0.12156	0.33640	0.04511	0.03170	0.08023	0.09331	0.00018	0.00840	3.8e-05	0.03537	0.00014	0.01059	0.02125
4	0.55458	0.02250	0.04659	0.18035	0.02087	0.01930	0.00992	0.08718	0.02086	0.01731	0.00019	0.00940	0.00015	0.00011	8.6e-05	3.5e-05	0.00011	7.8e-05	0.01026	0.00013
5	0.00030	0.00022	0.00027	0.10997	0.02712	0.00859	0.00870	0.11924	0.01912	0.16641	0.00952	0.00028	0.00020	0.00010	9.6e-05	2.5e-05	0.0001	8.5e-05	8.2e-05	0.52956
6	0.00026	0.00619	0.00037	0.07843	0.46662	0.01286	0.08320	0.05768	0.04379	0.03133	0.11645	0.03147	0.04576	0.00014	0.00012	0.00498	0.00530	0.01481	7.5e-05	0.00015
7	0.01933	0.00444	0.03132	0.00017	0.00020	0.01534	0.00491	0.02072	0.08582	0.03303	0.16678	0.08242	0.00543	0.01646	0.17940	0.09505	0.06396	0.00014	0.17498	0.00011
8	0.00025	0.00023	0.00040	0.41832	0.55246	0.00025	0.00032	0.00032	0.00024	0.02584	0.00021	0.00029	0.00017	0.00011	0.00011	3.5e-05	0.00014	9.9e-05	5.5e-05	0.00015
9	0.00018	0.00015	0.01981	0.02127	0.11845	0.00014	0.05817	0.00022	0.00775	0.02475	0.05901	0.32262	0.29659	0.00871	0.00542	4.1e-05	0.01665	0.03986	9.3e-05	0.00011
10	0.00035	0.15471	0.03114	0.00021	0.00028	0.01192	0.00018	0.44417	0.01223	0.10066	0.03119	0.00654	0.00699	0.00013	0.00010	3.1e-05	0.00010	0.01832	0.18056	0.00016
11	0.00021	0.00020	0.00033	0.99582	0.00077	0.00025	0.00031	0.00028	0.00022	0.00028	0.00020	0.00030	0.00015	0.00011	0.00011	3.7e-05	0.00015	9.9e-05	4.9e-05	0.00012
12	0.00027	0.00020	0.00032	0.69503	0.02988	0.00023	0.01510	0.02116	0.00025	0.19944	0.00827	0.00033	0.00777	0.01350	0.00012	3.7e-05	0.00778	0.00010	7e-05	0.00014
13	0.00017	0.00776	0.20599	0.00020	0.00024	0.00014	0.01140	0.01688	0.00023	0.00805	0.03048	0.48164	0.00649	0.11002	0.01382	5.2e-05	0.00909	0.09715	8.7e-05	0.00011
14	0.85163	0.00688	0.00634	0.02975	0.02448	0.02771	0.01479	0.01462	0.00673	0.00708	0.00017	0.00020	0.00013	0.00011	7.5e-05	3.4e-05	9.5e-05	0.00898	6.9e-05	0.00012

[dist]
# distance from previous block
# <min> <max>
13	29

[block]
# block no. 1 follows, 3116 sequences, length 6
# corresponding to MSA columns:
# 171-174,179,180
name=unknown_B
#
# <colnr> <probs for GDERKNQSTAVLIFYWHMCP>
#	G	D	E	R	K	N	Q	S	T	A	V	L	I	F	Y	W	H	M	C	P
0	0.04045	0.15204	0.02840	0.07234	0.09328	0.03327	0.05558	0.05007	0.06486	0.02880	0.01218	0.01110	0.01899	0.02175	0.29146	7.7e-05	0.02505	0.00011	6.7e-05	0.00013
1	0.04573	0.00020	0.00026	0.02067	0.03758	0.00019	0.02113	0.01258	0.02042	0.26136	0.06339	0.03060	0.02742	0.01275	0.00015	3.3e-05	0.14219	0.01231	8.9e-05	0.29095
2	0.00024	0.00019	0.00022	0.00016	0.00025	0.00015	0.00013	0.04367	0.00024	0.05437	0.00024	0.00031	0.00021	0.14222	0.00015	3.1e-05	8.8e-05	8.4e-05	7.2e-05	0.75697
3	0.85468	0.00026	0.00019	0.00017	0.00023	0.14229	0.00013	0.00034	0.00021	0.00047	0.00016	0.00018	0.00012	0.00010	7.3e-05	3.4e-05	0.00010	6.2e-05	6.7e-05	0.00012
4	0.02470	0.01665	0.03093	0.00033	0.02534	0.06028	0.46497	0.01142	0.00025	0.01292	0.02789	0.15647	0.02474	0.00016	0.00014	0.02405	0.01795	0.04101	7e-05	0.05974
5	0.02431	0.02275	0.00033	0.01310	0.01448	0.06133	0.02460	0.15742	0.03284	0.04452	0.01664	0.00027	0.00019	0.01835	0.00025	4.2e-05	0.53117	9.9e-05	6.8e-05	0.03725

[dist]
# distance from previous block
# <min> <max>
6	12

[block]
# block no. 2 follows, 3116 sequences, length 18
# corresponding to MSA columns:
# 193-210
name=unknown_C
#
# <colnr> <probs for GDERKNQSTAVLIFYWHMCP>
#	G	D	E	R	K	N	Q	S	T	A	V	L	I	F	Y	W	H	M	C	P
0	0.00380	0.01743	0.06537	0.05257	0.05927	0.02111	0.04364	0.00608	0.09320	0.00687	0.06251	0.38022	0.05684	0.00439	0.00329	4e-05	0.00948	0.06435	8.9e-05	0.04945
1	0.01090	0.00030	0.00032	0.00026	0.01487	0.01156	0.00021	0.86515	0.08388	0.00067	0.01058	0.00028	0.00021	0.00013	0.00011	3.4e-05	0.00012	0.00010	0.00011	0.00019
2	0.03165	0.40350	0.39127	0.00026	0.00532	0.04535	0.04207	0.02653	0.00024	0.00470	0.00482	0.02813	0.00531	0.00012	0.00595	3.2e-05	0.00014	0.00442	5.3e-05	0.00015
3	0.00016	0.00012	0.00018	0.03679	0.00021	0.00014	0.00014	0.00020	0.00018	0.00025	0.00030	0.00046	0.00029	0.12492	0.81131	0.00016	0.02390	0.00012	6e-05	9.7e-05
4	0.70034	0.00724	0.00020	0.00963	0.02152	0.00023	0.00661	0.03354	0.00023	0.16454	0.00023	0.04125	0.00018	0.00741	8.6e-05	3.5e-05	9e-05	8.3e-05	0.00645	0.00013
5	0.00563	0.00017	0.03338	0.02268	0.03901	0.02665	0.06546	0.00990	0.06757	0.02241	0.19509	0.28903	0.14685	0.00429	0.00415	4e-05	0.00737	0.06012	9.8e-05	0.00012
6	0.00952	0.00028	0.00059	0.10705	0.00855	0.00027	0.81041	0.00034	0.00025	0.00910	0.00023	0.01520	0.00018	0.00011	0.00013	3.8e-05	0.02477	0.01277	5.7e-05	0.00015
7	0.00014	0.00010	0.00014	0.00016	0.00886	9.9e-05	0.01064	0.00892	0.00022	0.00029	0.00059	0.86740	0.00870	0.05707	0.00017	4.9e-05	7.1e-05	0.03620	0.00010	9.2e-05
8	0.00861	0.00344	0.03992	0.48648	0.04433	0.01874	0.13405	0.00548	0.01075	0.09906	0.01290	0.02976	0.01249	0.00901	0.00422	3.9e-05	0.02208	0.05503	0.00345	0.00014
9	0.00027	0.00049	0.76556	0.00030	0.00045	0.00025	0.03531	0.01780	0.00025	0.15277	0.00024	0.00027	0.00017	0.00011	0.00011	3.6e-05	0.01377	0.01161	6.3e-05	0.00017
10	0.00028	0.00026	0.00044	0.00065	0.91318	0.00027	0.01181	0.00034	0.01238	0.01179	0.00021	0.00028	0.00018	0.00010	0.00012	3.4e-05	0.04733	0.0001	5.6e-05	0.00017
11	0.01424	0.00030	0.00064	0.00047	0.03187	0.00028	0.93532	0.00036	0.00026	0.01479	0.00023	0.00030	0.00017	9.5e-05	0.00013	3.7e-05	0.00018	0.00013	5.8e-05	0.00015
12	0.00027	0.00025	0.00042	0.07661	0.80170	0.00026	0.00796	0.03401	0.01087	0.01715	0.01260	0.01520	0.00020	0.00011	0.00011	3.4e-05	0.00591	0.01609	6.1e-05	0.00017
13	0.00021	0.00012	0.00016	0.00016	0.00019	0.00011	0.00012	0.00737	0.01565	0.18722	0.19353	0.40187	0.11102	0.04747	0.00015	4.3e-05	7.1e-05	0.03429	0.00011	0.00011
14	0.00025	0.00023	0.00038	0.51502	0.41560	0.00025	0.01123	0.00857	0.00024	0.02971	0.00022	0.00917	0.00017	0.00011	0.00011	3.5e-05	0.00014	0.00010	0.00832	0.00015
15	0.06356	0.00016	0.00467	0.28749	0.00597	0.00650	0.00352	0.00354	0.00336	0.05752	0.00606	0.02100	0.01638	0.16137	0.17506	0.06579	0.07860	0.01238	0.02697	0.00011
16	0.00021	0.00018	0.00495	0.00020	0.00024	0.04602	0.05168	0.05111	0.14670	0.01809	0.01113	0.08078	0.15360	0.03691	0.13770	6.3e-05	0.01494	0.23731	0.00807	0.00012
17	0.00016	0.00012	0.00018	0.00018	0.00020	0.00014	0.00014	0.00020	0.00018	0.00026	0.00030	0.00044	0.00028	0.02607	0.95150	0.00017	0.01921	0.00012	6e-05	9.9e-05

[dist]
# distance from previous block
# <min> <max>
3	4

[block]
# block no. 3 follows, 3116 sequences, length 14
# corresponding to MSA columns:
# 216-220,226-232,234,237
name=unknown_D
#
# <colnr> <probs for GDERKNQSTAVLIFYWHMCP>
#	G	D	E	R	K	N	Q	S	T	A	V	L	I	F	Y	W	H	M	C	P
0	0.00023	0.03053	0.91406	0.00032	0.00047	0.00027	0.02620	0.02603	0.00024	0.00036	0.00020	0.00024	0.00014	0.00011	0.00011	3.5e-05	0.00016	8.3e-05	4.9e-05	0.00016
1	0.03566	0.00638	0.00784	0.33595	0.46613	0.01818	0.00677	0.01604	0.02140	0.06634	0.00590	0.00029	0.00018	0.00011	0.00011	3.5e-05	0.00675	9.9e-05	0.00568	0.00016
2	0.01166	0.00030	0.00063	0.00045	0.01003	0.00028	0.92264	0.00932	0.00941	0.00981	0.00023	0.00030	0.00017	9.6e-05	0.00013	3.7e-05	0.00914	0.00013	5.8e-05	0.01518
3	0.00016	0.00011	0.00013	0.00013	0.00014	0.00011	8.1e-05	0.00017	0.00018	0.00024	0.00043	0.17596	0.02138	0.72624	0.00045	9.1e-05	9.8e-05	0.05869	0.01515	7.5e-05
4	0.00483	0.00021	0.01375	0.63035	0.06924	0.00550	0.03058	0.04246	0.00808	0.03831	0.06141	0.02281	0.00947	0.00495	0.01755	4e-05	0.03432	0.00595	6.3e-05	0.00013
5	0.04393	0.00898	0.00646	0.34405	0.11951	0.27986	0.00590	0.03101	0.02926	0.06327	0.00534	0.02040	0.01609	0.00012	0.00011	3.4e-05	0.02051	0.00497	6.5e-05	0.00014
6	0.00587	0.00014	0.00018	0.00018	0.00021	0.00952	0.00681	0.00806	0.07452	0.11503	0.04970	0.21656	0.06893	0.02336	0.39501	9.6e-05	0.00017	0.01979	0.00577	0.00011
7	0.00016	0.00011	0.00015	0.00015	0.00016	0.00012	0.00010	0.00018	0.00018	0.00025	0.04010	0.01106	0.00977	0.49296	0.38174	0.01075	0.00817	0.01788	0.02592	8.3e-05
8	0.01167	0.08006	0.28789	0.06457	0.19875	0.02916	0.04230	0.01221	0.02352	0.06622	0.06457	0.05975	0.02199	0.00706	0.00452	3.6e-05	0.02033	0.00518	6.8e-05	0.00015
9	0.00025	0.04643	0.39822	0.09149	0.25836	0.02194	0.02808	0.00909	0.01065	0.02241	0.01079	0.02944	0.01923	0.01100	0.00012	3.6e-05	0.01023	0.03205	5.9e-05	0.00015
10	0.02676	0.00019	0.00025	0.00020	0.00028	0.00017	0.00016	0.03470	0.00032	0.89605	0.03941	0.00039	0.00030	0.00014	0.00011	3.4e-05	9.4e-05	0.00011	0.00013	0.00018
11	0.06172	0.08994	0.07677	0.12843	0.05000	0.04032	0.02428	0.12673	0.09236	0.15875	0.06932	0.02182	0.01476	0.00016	0.02581	3.8e-05	0.00639	0.01215	8.7e-05	0.00015
12	0.02065	0.00024	0.00036	0.46779	0.27529	0.04624	0.02291	0.03340	0.01758	0.03748	0.00856	0.00716	0.00019	0.00012	0.00012	3.6e-05	0.03848	0.02320	6.1e-05	0.00014
13	0.01662	0.01801	0.01208	0.17249	0.12356	0.00511	0.09869	0.06308	0.06117	0.09359	0.04457	0.08786	0.06837	0.00556	0.00013	3.9e-05	0.00540	0.12344	8.6e-05	0.00014

[dist]
# distance from previous block
# <min> <max>
0	4

[block]
# block no. 4 follows, 3116 sequences, length 9
# corresponding to MSA columns:
# 242,247-254
name=unknown_E
#
# <colnr> <probs for GDERKNQSTAVLIFYWHMCP>
#	G	D	E	R	K	N	Q	S	T	A	V	L	I	F	Y	W	H	M	C	P
0	0.87068	0.00952	0.01340	0.01046	0.00023	0.00884	0.00013	0.00976	0.00969	0.02003	0.00885	0.01014	0.00931	0.00011	7.7e-05	3.5e-05	0.00892	0.00961	7.2e-05	0.00012
1	0.01419	0.11053	0.02026	0.02210	0.12704	0.14373	0.07392	0.09395	0.03705	0.04781	0.11375	0.02826	0.11454	0.00016	0.01082	3.4e-05	0.00012	0.00900	8.1e-05	0.03264
2	0.00027	0.00022	0.00026	0.00023	0.01548	0.00026	0.01319	0.02389	0.67830	0.03076	0.05484	0.06635	0.00037	0.00017	0.00014	3.9e-05	0.10120	0.00014	0.00010	0.01380
3	0.79231	0.02387	0.00019	0.01510	0.00024	0.01436	0.00013	0.03954	0.03448	0.05911	0.00019	0.00021	0.00014	0.00011	7.6e-05	3.4e-05	9.1e-05	6.8e-05	7.5e-05	0.01968
4	0.01517	0.08592	0.49634	0.00029	0.02906	0.02302	0.07308	0.02293	0.06892	0.02800	0.03479	0.01534	0.00958	0.04233	0.01778	4.1e-05	0.02626	0.01093	6.3e-05	0.00015
5	0.00035	0.00815	0.01707	0.01713	0.04066	0.56443	0.00771	0.02728	0.02411	0.08391	0.07930	0.02288	0.01769	0.00676	0.01060	0.00663	0.01738	0.04773	7.5e-05	0.00013
6	0.00015	0.00010	0.00013	0.00015	0.00015	9.8e-05	9.8e-05	0.00016	0.00020	0.00027	0.00055	0.60287	0.03077	0.28587	0.00026	6.3e-05	8e-05	0.07784	9.3e-05	8.5e-05
7	0.00016	0.00012	0.01468	0.00016	0.00018	0.00011	0.01669	0.00019	0.00024	0.02107	0.08930	0.49875	0.17469	0.03033	0.00015	4.5e-05	7.3e-05	0.15287	0.00010	9.8e-05
8	0.12195	0.00741	0.12581	0.04522	0.05070	0.01037	0.23732	0.02285	0.06074	0.03295	0.06242	0.04380	0.12849	0.01562	0.00638	3.8e-05	0.00634	0.00739	0.01405	0.00014

[dist]
# distance from previous block
# <min> <max>
0	1

[block]
# block no. 5 follows, 3116 sequences, length 36
# corresponding to MSA columns:
# 256-291
name=unknown_F
#
# <colnr> <probs for GDERKNQSTAVLIFYWHMCP>
#	G	D	E	R	K	N	Q	S	T	A	V	L	I	F	Y	W	H	M	C	P
0	0.00017	0.01382	0.01957	0.01990	0.00596	0.01487	0.02461	0.01432	0.00698	0.02808	0.00664	0.70730	0.07089	0.01811	0.00523	4.5e-05	0.00248	0.04082	9.8e-05	0.00010
1	0.00014	9.8e-05	0.00013	0.00015	0.00016	9.2e-05	0.00010	0.00016	0.00022	0.00029	0.01262	0.90110	0.02644	0.02127	0.00015	4.6e-05	6.5e-05	0.00587	0.03082	9.1e-05
2	0.00023	0.01302	0.95852	0.00031	0.00047	0.00026	0.00040	0.00036	0.00024	0.02490	0.00021	0.00024	0.00014	0.00011	0.00011	3.5e-05	0.00016	8.3e-05	4.9e-05	0.00016
3	0.04432	0.00023	0.00526	0.27311	0.00305	0.01066	0.05712	0.28749	0.09498	0.05693	0.00392	0.02984	0.00025	0.00014	0.00011	3.6e-05	0.00012	0.06239	0.06989	0.00015
4	0.00021	0.00020	0.00034	0.98108	0.01551	0.00025	0.00031	0.00029	0.00022	0.00029	0.00020	0.00030	0.00015	0.00011	0.00011	3.7e-05	0.00015	9.9e-05	5e-05	0.00012
5	0.00014	9.8e-05	0.00013	0.00015	0.00016	9.1e-05	0.00010	0.00016	0.00021	0.00029	0.00760	0.95721	0.00787	0.01217	0.00015	4.6e-05	6.5e-05	0.01317	0.00010	9e-05
6	0.00030	0.96083	0.00057	0.00019	0.00029	0.00043	0.00019	0.01976	0.00023	0.01614	0.00016	0.00018	0.00015	9.7e-05	7.3e-05	2.4e-05	0.00012	6.1e-05	5e-05	0.00014
7	0.00042	0.00045	0.00030	0.00552	0.00033	0.74690	0.00020	0.05074	0.01811	0.15327	0.00640	0.00025	0.00478	0.00012	0.00010	3e-05	0.00018	0.00821	0.00353	0.00014
8	0.00016	0.00012	0.00015	0.00015	0.00017	0.00011	0.00011	0.00578	0.05265	0.01024	0.69759	0.11896	0.08238	0.00945	0.00014	3.8e-05	5.8e-05	0.02153	0.00012	0.00011
9	0.00017	0.00012	0.00015	0.00014	0.00017	0.00011	0.00011	0.00536	0.00616	0.02809	0.85384	0.04124	0.04978	0.00023	0.00013	3.5e-05	5.5e-05	0.00020	0.01381	0.00011
10	0.00016	0.00012	0.00017	0.00017	0.00019	0.00013	0.00500	0.00019	0.00385	0.00026	0.00959	0.07364	0.00034	0.16755	0.72036	0.00377	0.01422	0.00014	6.5e-05	9.4e-05
11	0.00022	0.00021	0.00034	0.89390	0.01997	0.00738	0.00885	0.02681	0.00023	0.00545	0.00021	0.01295	0.00016	0.00012	0.00012	3.7e-05	0.02279	0.00010	5.2e-05	0.00013
12	0.00566	0.00014	0.00018	0.00019	0.00022	0.00014	0.00015	0.06840	0.00393	0.18572	0.00669	0.38892	0.01049	0.00463	0.00014	4.4e-05	8.6e-05	0.31864	0.00553	0.00012
13	0.86896	0.00022	0.00019	0.00388	0.08333	0.00803	0.00014	0.00760	0.00349	0.00569	0.00016	0.00019	0.00013	0.00010	7.7e-05	3.4e-05	0.01303	6.5e-05	0.00452	0.00013
14	0.00015	0.00011	0.00013	0.00013	0.00014	0.00010	8.4e-05	0.00016	0.00019	0.00025	0.00704	0.19785	0.09699	0.62138	0.01691	0.00504	9.7e-05	0.05309	8e-05	7.7e-05
15	0.17904	0.00019	0.00023	0.00019	0.00026	0.00018	0.00015	0.03450	0.01240	0.68036	0.08448	0.00038	0.00031	0.00014	0.00011	3.4e-05	9e-05	0.00011	0.00669	0.00017
16	0.02100	0.01144	0.00742	0.16155	0.03627	0.05994	0.00598	0.18827	0.12177	0.12005	0.03520	0.00430	0.01959	0.00013	0.00011	3.1e-05	0.00214	0.00389	0.00845	0.19246
17	0.00447	0.00529	0.00028	0.00023	0.00030	0.01405	0.00019	0.27543	0.68881	0.00470	0.00039	0.00037	0.00029	0.00015	0.00011	3.6e-05	9.9e-05	0.00012	0.00451	0.00018
18	0.00020	0.00018	0.00028	0.70564	0.00060	0.00453	0.00025	0.00297	0.02041	0.00685	0.04043	0.00589	0.17940	0.00015	0.00012	3.7e-05	0.00813	0.01302	6.5e-05	0.01087
19	0.01315	0.00704	0.00679	0.22312	0.03250	0.03425	0.01426	0.06029	0.03267	0.28034	0.00929	0.01351	0.00390	0.10966	0.04988	0.00671	0.00012	0.00610	8.7e-05	0.09633
20	0.05931	0.00034	0.25527	0.00033	0.00044	0.00983	0.35011	0.05727	0.00962	0.22459	0.00027	0.00031	0.00019	0.00834	0.00012	3.7e-05	0.00866	0.01475	7.7e-05	0.00016
21	0.01778	0.00020	0.00026	0.00020	0.00029	0.00018	0.00017	0.06576	0.00033	0.90545	0.00042	0.00037	0.00027	0.00014	0.00011	3.4e-05	9.6e-05	0.00011	0.00766	0.00019
22	0.00022	0.00020	0.00034	0.93596	0.02017	0.00025	0.02225	0.00674	0.00023	0.00677	0.00020	0.00030	0.00015	0.00011	0.00011	3.7e-05	0.00569	0.0001	5.1e-05	0.00013
23	0.00026	0.00030	0.00378	0.00342	0.00057	0.01678	0.94518	0.00035	0.00327	0.00035	0.00500	0.00407	0.00356	9.8e-05	0.00013	3.8e-05	0.00943	0.00319	5.7e-05	0.00015
24	0.00015	0.00396	0.00014	0.00015	0.00016	9.9e-05	0.00323	0.00319	0.00421	0.00508	0.01294	0.71126	0.04100	0.15133	0.00516	0.00652	7.5e-05	0.05116	9.7e-05	8.9e-05
25	0.00016	0.00012	0.00015	0.00014	0.00017	0.00011	0.00010	0.00021	0.01247	0.00043	0.87697	0.00085	0.10726	0.00023	0.00013	3.5e-05	5.3e-05	0.00020	0.00012	0.00010
26	0.02433	0.00393	0.00030	0.13943	0.01128	0.23603	0.00890	0.33949	0.09660	0.03335	0.08220	0.01093	0.00292	0.00014	0.00011	3.4e-05	0.00013	0.00299	0.00675	0.00015
27	0.00024	0.00024	0.00034	0.00029	0.00029	0.00034	0.00024	0.00027	0.00017	0.00027	0.00015	0.00025	0.00015	0.00020	0.01433	5.1e-05	0.98191	9.8e-05	4.9e-05	0.00012
28	0.58743	0.00737	0.00564	0.14678	0.18156	0.03456	0.00430	0.00843	0.00022	0.01419	0.00018	0.00022	0.00014	0.00010	8.5e-05	3.4e-05	0.00011	7.5e-05	0.00845	0.00013
29	0.01561	0.00023	0.00032	0.00271	0.00029	0.00031	0.00022	0.04476	0.00636	0.09632	0.00433	0.00970	0.01391	0.00652	0.00467	4.7e-05	0.78350	0.00010	0.00994	0.00013
30	0.00014	0.00011	0.00012	0.00012	0.00015	0.0001	8.8e-05	0.00017	0.00025	0.00032	0.24834	0.02127	0.53013	0.18439	0.00551	5.1e-05	6.7e-05	0.00846	0.00010	9.2e-05
31	0.00021	0.00019	0.03701	0.02682	0.04303	0.01601	0.02649	0.02757	0.25793	0.01888	0.03187	0.39074	0.00807	0.01757	0.01307	4.4e-05	0.00676	0.07432	0.00330	0.00013
32	0.00016	0.00011	0.00015	0.00014	0.00409	0.00011	0.00411	0.00021	0.00030	0.00396	0.83835	0.09912	0.03921	0.00024	0.00013	3.6e-05	0.00368	0.00566	0.00012	0.00010
33	0.00619	0.21997	0.00637	0.00027	0.01129	0.75353	0.00021	0.00042	0.00029	0.00027	0.00017	0.00020	0.00014	0.00011	9.4e-05	2.8e-05	0.00018	6.9e-05	5.5e-05	0.00013
34	0.88990	0.04703	0.00391	0.00016	0.01464	0.02396	0.00446	0.01037	0.00406	0.00048	0.00016	0.00018	0.00012	0.00010	7.1e-05	3.4e-05	9.2e-05	6.2e-05	6.8e-05	0.00012
35	0.01408	0.00389	0.04325	0.23712	0.46276	0.02685	0.05494	0.03175	0.00638	0.02195	0.04771	0.00337	0.00650	0.00012	0.00213	3.5e-05	0.03310	0.00011	0.00381	0.00015

[dist]
# distance from previous block
# <min> <max>
0	6

[block]
# block no. 6 follows, 3116 sequences, length 22
# corresponding to MSA columns:
# 298-319
name=unknown_G
#
# <colnr> <probs for GDERKNQSTAVLIFYWHMCP>
#	G	D	E	R	K	N	Q	S	T	A	V	L	I	F	Y	W	H	M	C	P
0	0.00745	0.00020	0.00477	0.26410	0.32037	0.00878	0.00507	0.02445	0.04706	0.01157	0.20963	0.01913	0.05881	0.00015	0.00012	3.5e-05	0.00662	0.00306	0.00325	0.00537
1	0.00018	0.00012	0.00016	0.00015	0.00018	0.00012	0.00011	0.01264	0.03827	0.04516	0.76677	0.05198	0.02664	0.00654	0.00013	3.6e-05	0.00576	0.02151	0.02341	0.00011
2	0.00810	0.44033	0.00043	0.00025	0.01532	0.46146	0.00020	0.03454	0.03789	0.00029	0.00018	0.00020	0.00015	0.00011	8.8e-05	2.7e-05	0.00016	7e-05	5.7e-05	0.00014
3	0.00015	0.00012	0.00014	0.05717	0.02428	0.00011	0.00011	0.00604	0.01306	0.01048	0.10527	0.02245	0.74701	0.00542	0.00013	3.8e-05	6.5e-05	0.00773	0.00010	0.00010
4	0.01202	0.00020	0.00024	0.01520	0.00573	0.00016	0.00973	0.01485	0.00025	0.19235	0.00616	0.00027	0.00484	9.7e-05	9e-05	2.1e-05	8.7e-05	7.9e-05	0.01065	0.72699
5	0.03253	0.00031	0.00033	0.00025	0.00034	0.00034	0.00021	0.94601	0.00051	0.01766	0.00027	0.00027	0.00019	0.00013	0.00011	3.3e-05	0.00012	9.9e-05	0.00011	0.00019
6	0.00018	0.00012	0.00018	0.01731	0.00020	0.00014	0.00894	0.00410	0.00019	0.04640	0.01139	0.03110	0.05966	0.18660	0.59703	0.00014	0.01240	0.01985	0.00397	9.9e-05
7	0.00533	0.00023	0.01746	0.27856	0.02913	0.01463	0.33127	0.05130	0.02592	0.01630	0.01510	0.10270	0.03233	0.03536	0.00015	0.00716	0.01959	0.01133	0.00601	0.00013
8	0.00016	0.00011	0.00014	0.00014	0.00016	0.00010	0.00010	0.00021	0.00959	0.00826	0.67099	0.13896	0.07052	0.00024	0.00013	3.6e-05	5.6e-05	0.01030	0.08968	0.00010
9	0.01001	0.00774	0.02642	0.15273	0.48180	0.05919	0.02045	0.15098	0.03403	0.01815	0.01392	0.00499	0.00292	0.00335	0.00011	3.4e-05	0.00013	0.00485	0.00329	0.00489
10	0.00027	0.01718	0.04001	0.00420	0.01588	0.00436	0.04973	0.04221	0.01798	0.16875	0.11643	0.01725	0.04481	0.00013	0.00010	2.7e-05	0.00428	0.00623	8.8e-05	0.45007
11	0.74013	0.04160	0.03466	0.00017	0.00481	0.08603	0.00015	0.01193	0.00416	0.00819	0.00017	0.00431	0.00014	0.00983	0.03828	0.00820	0.00697	6.8e-05	6.7e-05	0.00012
12	0.00029	0.71637	0.03422	0.00024	0.00034	0.01473	0.16053	0.02311	0.01148	0.01211	0.00019	0.00023	0.00016	0.00011	0.00528	2.8e-05	0.00013	0.02026	5.4e-05	0.00015
13	0.00020	0.00019	0.08202	0.01358	0.07545	0.00352	0.02583	0.02131	0.07359	0.02404	0.50927	0.02767	0.12273	0.00384	0.00013	3.6e-05	0.00399	0.00592	0.00657	0.00012
14	0.00014	0.00011	0.00013	0.00012	0.00016	9.8e-05	9.2e-05	0.00018	0.00027	0.00034	0.31276	0.01995	0.63624	0.01720	0.00014	3.8e-05	5.7e-05	0.01176	0.00011	9.7e-05
15	0.08415	0.06133	0.25480	0.01698	0.01718	0.00443	0.04611	0.21021	0.09074	0.16694	0.00882	0.00456	0.00021	0.00013	0.00011	3.5e-05	0.02018	0.00880	0.00412	0.00017
16	0.00015	0.00011	0.00014	0.00014	0.00016	0.00010	0.00010	0.00625	0.00954	0.00675	0.59327	0.14584	0.19703	0.03061	0.00015	3.9e-05	5.8e-05	0.00022	0.00011	0.00921
17	0.02510	0.00574	0.00311	0.52205	0.21539	0.00283	0.00881	0.03785	0.04007	0.03407	0.02363	0.00642	0.01483	0.00267	0.00381	3.7e-05	0.02866	0.00364	0.01426	0.00699
18	0.01059	0.09346	0.62327	0.00466	0.03137	0.03341	0.04108	0.01708	0.01831	0.03181	0.00690	0.00024	0.00016	0.00011	0.00010	3.2e-05	0.00420	8.4e-05	5.5e-05	0.08307
19	0.03683	0.00931	0.01763	0.15551	0.62582	0.03530	0.01827	0.03832	0.01434	0.02310	0.00022	0.00028	0.00663	0.00937	0.00011	3.4e-05	0.00420	9.9e-05	6e-05	0.00454
20	0.01958	0.02376	0.02804	0.00295	0.03889	0.01449	0.00021	0.59719	0.02504	0.18877	0.00508	0.00445	0.00808	0.00906	0.00958	3.6e-05	0.00888	0.00721	0.00346	0.00525
21	0.00717	0.00956	0.02429	0.22231	0.41105	0.01938	0.11770	0.02168	0.00869	0.04867	0.00903	0.04110	0.00975	0.00630	0.00012	3.6e-05	0.02367	0.00918	0.00443	0.00586

[dist]
# distance from previous block
# <min> <max>
0	4

[block]
# block no. 7 follows, 3116 sequences, length 10
# corresponding to MSA columns:
# 324-333
name=unknown_H
#
# <colnr> <probs for GDERKNQSTAVLIFYWHMCP>
#	G	D	E	R	K	N	Q	S	T	A	V	L	I	F	Y	W	H	M	C	P
0	0.02470	0.05834	0.05614	0.01872	0.20723	0.12837	0.10838	0.22300	0.04978	0.06361	0.01078	0.00664	0.00701	0.00012	0.00011	3.3e-05	0.02284	0.00010	0.00644	0.00767
1	0.00023	0.00021	0.00029	0.05321	0.06360	0.06126	0.15791	0.09175	0.06065	0.01772	0.02869	0.24155	0.08963	0.00934	0.00912	4.1e-05	0.01827	0.09629	8.8e-05	0.00013
2	0.02574	0.04270	0.09700	0.01207	0.05501	0.02420	0.04806	0.06049	0.06746	0.14536	0.08624	0.10425	0.01335	0.01249	0.00622	3.4e-05	0.01094	0.00719	8.8e-05	0.18113
3	0.00568	0.00634	0.01079	0.21319	0.03955	0.00017	0.04315	0.01365	0.02118	0.06334	0.12981	0.12312	0.08344	0.03251	0.03555	0.01733	0.00716	0.01811	0.01228	0.12365
4	0.00016	0.00011	0.00013	0.00013	0.00016	0.00010	9.3e-05	0.00019	0.00025	0.03073	0.31628	0.02963	0.37149	0.19664	0.01342	0.01159	7.1e-05	0.01738	0.01135	9.5e-05
5	0.00827	0.00946	0.09680	0.01834	0.28675	0.03911	0.15994	0.01955	0.04912	0.04983	0.09333	0.10761	0.03659	0.00016	0.00649	3.7e-05	0.00801	0.01039	7.6e-05	0.00015
6	0.01943	0.08864	0.35401	0.05455	0.01420	0.05363	0.03042	0.03466	0.04357	0.12323	0.06599	0.02002	0.04254	0.00686	0.02349	3.8e-05	0.00916	0.01536	7.5e-05	0.00015
7	0.01061	0.00023	0.00711	0.00953	0.00028	0.09748	0.00017	0.15518	0.01143	0.54164	0.02000	0.04553	0.03052	0.03114	0.01440	3.9e-05	0.00708	0.00820	0.00926	0.00017
8	0.00733	0.00015	0.01173	0.06738	0.03209	0.00981	0.03842	0.01834	0.02492	0.10344	0.11949	0.38178	0.09511	0.01457	0.00014	4.1e-05	8.6e-05	0.06383	0.00010	0.01124
9	0.01519	0.06794	0.52567	0.01644	0.02388	0.01621	0.12176	0.04602	0.02231	0.10054	0.00684	0.00739	0.00679	0.00012	0.00691	3.6e-05	0.00928	0.00644	6.4e-05	0.00016

[dist]
# distance from previous block
# <min> <max>
3	10

[block]
# block no. 8 follows, 3116 sequences, length 8
# corresponding to MSA columns:
# 344-349,351,352
name=unknown_I
#
# <colnr> <probs for GDERKNQSTAVLIFYWHMCP>
#	G	D	E	R	K	N	Q	S	T	A	V	L	I	F	Y	W	H	M	C	P
0	0.00871	0.00019	0.00023	0.00918	0.00833	0.00806	0.01064	0.01708	0.00857	0.05750	0.06838	0.02257	0.01737	0.01390	0.04937	3.1e-05	0.00790	0.00935	0.00934	0.67331
1	0.05975	0.12540	0.17687	0.01550	0.03685	0.03513	0.02165	0.12236	0.04055	0.16487	0.01132	0.00834	0.01072	0.00012	0.00010	3.1e-05	0.01049	0.00997	8e-05	0.14990
2	0.00019	0.00012	0.00016	0.00016	0.00017	0.02511	0.00011	0.00017	0.00016	0.00022	0.00023	0.00039	0.00023	0.09251	0.27397	0.56854	0.03732	0.00011	5.3e-05	6.9e-05
3	0.00015	0.00011	0.00014	0.00015	0.00017	0.00010	0.00011	0.00018	0.01999	0.00033	0.23752	0.47377	0.18542	0.01863	0.01821	4.5e-05	6.7e-05	0.04473	0.00011	9.6e-05
4	0.00028	0.12620	0.42559	0.00943	0.01641	0.02427	0.08323	0.14848	0.06997	0.03016	0.01040	0.00985	0.00915	0.00804	0.00011	3.5e-05	0.00878	0.01152	6.8e-05	0.00802
5	0.01189	0.00013	0.00017	0.01938	0.00877	0.00765	0.01115	0.02583	0.01014	0.06242	0.42264	0.11318	0.02596	0.15840	0.01320	0.07392	8.1e-05	0.01153	0.00775	0.01582
6	0.01154	0.64550	0.04560	0.01127	0.01149	0.14284	0.01818	0.01563	0.01798	0.00971	0.03759	0.01014	0.00970	0.00011	8.4e-05	2.7e-05	0.00013	7.6e-05	5.7e-05	0.01234
7	0.06563	0.04207	0.04989	0.03271	0.12255	0.02184	0.01425	0.05658	0.05107	0.18095	0.03844	0.07132	0.02190	0.01138	0.01492	3.8e-05	0.09482	0.01660	8.5e-05	0.09295

[dist]
# distance from previous block
# <min> <max>
0	3

[block]
# block no. 9 follows, 3116 sequences, length 13
# corresponding to MSA columns:
# 358-367,369,370,373
name=unknown_J
#
# <colnr> <probs for GDERKNQSTAVLIFYWHMCP>
#	G	D	E	R	K	N	Q	S	T	A	V	L	I	F	Y	W	H	M	C	P
0	0.01097	0.00629	0.01472	0.02122	0.09505	0.00983	0.02270	0.00431	0.00565	0.01762	0.00938	0.38382	0.00479	0.13116	0.02944	0.00453	0.00630	0.20511	0.01001	0.00709
1	0.03202	0.00464	0.23274	0.09791	0.15176	0.00666	0.03272	0.13524	0.12298	0.03868	0.05820	0.01124	0.02224	0.01829	0.01323	3.9e-05	0.00885	0.00570	0.00669	0.00016
2	0.59708	0.00019	0.00018	0.00016	0.00022	0.00021	0.00013	0.00861	0.00811	0.22050	0.04472	0.01522	0.04842	0.03622	0.00010	3.8e-05	8.6e-05	0.00989	0.00978	0.00013
3	0.00025	0.01525	0.04381	0.12169	0.23829	0.00631	0.01976	0.04584	0.27827	0.01259	0.06926	0.06903	0.05792	0.00602	0.00515	3.7e-05	0.00511	0.00519	8.5e-05	0.00015
4	0.00016	0.00011	0.00014	0.00014	0.00016	0.00011	9.7e-05	0.00018	0.00023	0.01016	0.27457	0.16673	0.07196	0.31521	0.13286	7.9e-05	0.00011	0.01584	0.01107	9e-05
5	0.00696	0.03238	0.01146	0.01585	0.18679	0.06673	0.00619	0.03461	0.15674	0.02516	0.18751	0.14044	0.05309	0.00564	0.00014	3.7e-05	0.05774	0.01234	9e-05	0.00014
6	0.06780	0.01480	0.03237	0.44775	0.01582	0.02268	0.05784	0.08952	0.03343	0.11522	0.01435	0.00822	0.01073	0.00815	0.01140	3.9e-05	0.04278	0.00687	7.2e-05	0.00014
7	0.00623	0.01652	0.03268	0.06358	0.05562	0.01261	0.01401	0.02909	0.02421	0.04328	0.17479	0.28332	0.09691	0.01542	0.06636	4.9e-05	0.02339	0.03335	0.00420	0.00436
8	0.00024	0.00019	0.00023	0.00016	0.00026	0.00015	0.00013	0.01569	0.01178	0.02347	0.01823	0.00027	0.02625	9.4e-05	8.6e-05	1.9e-05	8.1e-05	7.6e-05	0.02722	0.87538
9	0.02353	0.08755	0.40987	0.01246	0.06969	0.03820	0.05633	0.06771	0.07284	0.07245	0.04089	0.00898	0.00806	0.00013	0.00516	3.5e-05	0.00893	0.00498	6.9e-05	0.01216
10	0.01139	0.00019	0.00777	0.76225	0.00971	0.00517	0.01686	0.00490	0.00650	0.01054	0.00975	0.08784	0.00628	0.01629	0.02285	4.2e-05	0.00483	0.00476	5.8e-05	0.01202
11	0.02243	0.15198	0.33425	0.00685	0.03384	0.01451	0.01287	0.16286	0.03420	0.13573	0.01195	0.01207	0.02919	0.00013	0.00011	3.3e-05	0.02070	0.00550	0.00572	0.00508
12	0.00904	0.30081	0.36768	0.00028	0.00038	0.00708	0.14006	0.00868	0.00023	0.01636	0.01203	0.00844	0.00017	0.00013	0.00014	0.08921	0.03142	0.00767	5.3e-05	0.00014

[dist]
# distance from previous block
# <min> <max>
3	7

[block]
# block no. 10 follows, 3116 sequences, length 13
# corresponding to MSA columns:
# 382,384,385,390-399
name=unknown_K
#
# <colnr> <probs for GDERKNQSTAVLIFYWHMCP>
#	G	D	E	R	K	N	Q	S	T	A	V	L	I	F	Y	W	H	M	C	P
0	0.01045	0.12900	0.22355	0.01647	0.02481	0.05288	0.06907	0.00812	0.05557	0.00612	0.01677	0.02697	0.02443	0.00011	0.00010	2.8e-05	0.00743	0.00980	6.4e-05	0.31826
1	0.00956	0.00012	0.00013	0.00014	0.00017	0.00010	0.00010	0.00019	0.00025	0.01693	0.17421	0.11614	0.45872	0.04142	0.00895	4.3e-05	6.7e-05	0.11529	0.04932	0.00815
2	0.00033	0.20314	0.18828	0.00889	0.03147	0.42798	0.05201	0.01965	0.03964	0.01293	0.00020	0.00023	0.00735	0.00011	0.00010	3e-05	0.00738	8e-05	5.8e-05	0.00014
3	0.00022	0.01201	0.57605	0.00025	0.00037	0.00021	0.00029	0.02124	0.00934	0.02124	0.13358	0.07515	0.04441	0.00015	0.00011	3.4e-05	0.00012	0.00012	7e-05	0.10505
4	0.00605	0.01833	0.01868	0.03447	0.01535	0.12687	0.32383	0.09556	0.02051	0.09066	0.05454	0.02221	0.00024	0.00013	0.00566	3.6e-05	0.11197	0.00012	7.4e-05	0.05470
5	0.00017	0.00015	0.04331	0.01288	0.01665	0.00576	0.02985	0.03680	0.03458	0.01733	0.05827	0.62397	0.00643	0.04269	0.04894	5.2e-05	9.2e-05	0.02187	9.6e-05	0.00011
6	0.00016	0.00012	0.00014	0.00013	0.00017	0.00011	9.8e-05	0.00021	0.02007	0.03866	0.44185	0.00092	0.49647	0.00025	0.00013	3.6e-05	5.7e-05	0.00021	0.00011	0.00010
7	0.00017	0.00012	0.00015	0.00014	0.00017	0.00011	0.00010	0.00023	0.05347	0.00043	0.73028	0.00080	0.12220	0.00022	0.00013	3.5e-05	5.5e-05	0.00019	0.09092	0.00011
8	0.00024	0.05154	0.90827	0.00031	0.00046	0.00026	0.00039	0.00036	0.00024	0.03664	0.00021	0.00024	0.00015	0.00011	0.00010	3.5e-05	0.00016	8.2e-05	5e-05	0.00016
9	0.00016	0.00011	0.00015	0.01168	0.01222	0.00012	0.00011	0.00017	0.00018	0.00025	0.00040	0.29677	0.00045	0.35435	0.21518	0.09133	0.01605	0.00019	7.4e-05	8.2e-05
10	0.00017	0.00012	0.00018	0.00018	0.00020	0.00014	0.00014	0.00020	0.00019	0.02411	0.00033	0.09171	0.00032	0.01941	0.83547	0.00016	0.01380	0.00014	0.01294	0.00010
11	0.02430	0.02147	0.00033	0.00027	0.06053	0.07946	0.00021	0.61218	0.01617	0.18353	0.00029	0.00028	0.00020	0.00013	0.00011	3.3e-05	0.00012	9.9e-05	0.00011	0.00018
12	0.01106	0.00023	0.00038	0.45212	0.31633	0.00845	0.04595	0.01185	0.01292	0.01557	0.00891	0.01675	0.00018	0.00012	0.00014	3.7e-05	0.09144	0.00737	5.7e-05	0.00014

[dist]
# distance from previous block
# <min> <max>
0	4

# created by:
# /home/cegg/simao/soft/augustus-3.2.1/scripts/msa2prfl.pl ./align_prep/POG091H00KS.fa
