[name]
unknown

[dist]
# distance from previous block
# <min> <max>
0	103

[block]
# block no. 0 follows, 3393 sequences, length 21
# corresponding to MSA columns:
# 131-135,139-145,147-155
name=unknown_A
#
# <colnr> <probs for GDERKNQSTAVLIFYWHMCP>
#	G	D	E	R	K	N	Q	S	T	A	V	L	I	F	Y	W	H	M	C	P
0	0.00501	0.02661	0.07532	0.09680	0.02394	0.00829	0.05303	0.01951	0.01433	0.02937	0.05831	0.20595	0.09113	0.18680	0.05629	0.00645	0.00319	0.01830	0.00615	0.01523
1	0.02434	0.27181	0.20994	0.02436	0.05315	0.04804	0.04006	0.11328	0.02537	0.08728	0.00711	0.01855	0.00686	0.00555	9.8e-05	2.9e-05	0.02390	0.00382	6.3e-05	0.03637
2	0.00491	0.00311	0.00371	0.21561	0.43064	0.04108	0.07234	0.05266	0.02048	0.08359	0.01497	0.00760	0.01506	0.01499	0.00405	3.3e-05	0.00523	0.00401	6.2e-05	0.00588
3	0.00905	9.8e-05	0.00013	0.01142	0.00629	9.2e-05	0.00010	0.00016	0.00021	0.03167	0.05379	0.75887	0.06922	0.01975	0.00475	0.00457	6.3e-05	0.02959	9.5e-05	8.8e-05
4	0.00880	0.22779	0.34585	0.03407	0.04908	0.02589	0.10834	0.03760	0.03201	0.05596	0.01338	0.01895	0.00686	0.00269	0.01172	3.2e-05	0.00724	0.00764	0.00298	0.00312
5	0.05807	0.07005	0.11728	0.04526	0.09228	0.02003	0.11599	0.10100	0.05177	0.13969	0.04855	0.01011	0.02624	0.01799	0.00388	0.01132	0.01752	0.00445	0.00259	0.04593
6	0.00678	0.00382	0.00013	0.00364	0.00675	9.8e-05	0.00544	0.00018	0.00834	0.03300	0.16576	0.39547	0.25155	0.04474	0.01980	4.3e-05	0.00405	0.04049	0.00982	9.1e-05
7	0.01129	0.00924	0.20680	0.03761	0.10539	0.00348	0.05366	0.05042	0.03055	0.06542	0.11104	0.19708	0.05365	0.01062	0.01184	3.6e-05	0.01777	0.00594	0.01803	0.00013
8	0.02291	0.13534	0.20992	0.05495	0.11108	0.06333	0.09375	0.03891	0.01635	0.16735	0.01312	0.02036	0.01987	0.00676	0.00686	3.2e-05	0.01422	0.00469	6.7e-05	0.00014
9	0.00997	0.00914	0.11072	0.58532	0.15049	0.00601	0.01307	0.01358	0.03395	0.00831	0.00020	0.00719	0.00348	0.00011	0.00011	3.4e-05	0.03460	0.00729	0.00631	0.00013
10	0.00680	0.00302	0.00292	0.01224	0.00299	0.00751	0.00460	0.00492	0.00653	0.01273	0.00733	0.13544	0.01634	0.24289	0.37775	0.00608	0.14374	0.00310	0.00296	8.9e-05
11	0.02677	0.13937	0.37642	0.03475	0.05149	0.02733	0.05986	0.01831	0.01878	0.12316	0.01476	0.04109	0.01415	0.00350	0.01765	3.4e-05	0.02101	0.00554	0.00323	0.00279
12	0.02786	0.08010	0.59910	0.02215	0.03702	0.02468	0.05284	0.03394	0.01056	0.01880	0.00838	0.01010	0.01593	0.00907	0.02242	3.5e-05	0.00594	0.01211	0.00880	0.00014
13	0.00013	0.0001	0.00012	0.00013	0.00015	0.00728	9.3e-05	0.00016	0.00926	0.00029	0.17995	0.55459	0.22870	0.00028	0.00013	3.8e-05	5.7e-05	0.00981	0.00865	8.7e-05
14	0.04908	0.05510	0.38484	0.01526	0.01799	0.10272	0.08531	0.10370	0.08725	0.02895	0.00876	0.02883	0.00465	0.00012	0.0001	3.2e-05	0.00440	0.01953	0.00323	0.00014
15	0.01913	0.05246	0.16604	0.08315	0.10033	0.02962	0.08463	0.04769	0.04118	0.24958	0.01746	0.01901	0.02355	0.01344	0.00538	3.4e-05	0.02727	0.01587	0.00404	0.00014
16	0.00292	0.02657	0.10034	0.08616	0.15086	0.01147	0.15303	0.01280	0.00913	0.02930	0.00363	0.34321	0.00962	0.00322	0.00383	3.7e-05	0.00576	0.04500	0.00299	0.00012
17	0.00013	9.8e-05	0.00013	0.00015	0.00016	9.3e-05	0.00011	0.01038	0.00021	0.00028	0.01882	0.67474	0.10042	0.00031	0.00818	4.3e-05	6.7e-05	0.18550	9.5e-05	8.7e-05
18	0.10321	0.00673	0.03159	0.00907	0.00424	0.03688	0.02728	0.33200	0.05953	0.26747	0.00993	0.03504	0.02355	0.00317	0.00661	3.3e-05	0.00010	0.03365	0.00976	0.00015
19	0.02257	0.52636	0.07051	0.04253	0.03761	0.04152	0.05501	0.08885	0.02480	0.04860	0.00518	0.01497	0.00496	0.00010	8.4e-05	2.7e-05	0.00394	0.00331	0.00893	0.00014
20	0.07419	0.00513	0.05562	0.00300	0.00537	0.02689	0.02207	0.02693	0.00793	0.07889	0.00960	0.00755	0.01320	0.00636	0.00883	2.3e-05	0.00712	0.00299	6.7e-05	0.63826

[dist]
# distance from previous block
# <min> <max>
2	8

[block]
# block no. 1 follows, 3393 sequences, length 32
# corresponding to MSA columns:
# 172-203
name=unknown_B
#
# <colnr> <probs for GDERKNQSTAVLIFYWHMCP>
#	G	D	E	R	K	N	Q	S	T	A	V	L	I	F	Y	W	H	M	C	P
0	0.00524	0.02805	0.14798	0.31289	0.18304	0.03122	0.07695	0.01861	0.03087	0.07134	0.02170	0.04797	0.00373	0.00012	0.00417	3.3e-05	0.00862	0.00726	6e-05	0.00014
1	0.00017	0.00011	0.00015	0.00015	0.00661	0.00011	0.00372	0.00852	0.00330	0.06221	0.01195	0.14621	0.04738	0.31617	0.27565	0.05641	0.00014	0.06089	7.2e-05	8.5e-05
2	0.00769	0.00019	0.00934	0.36983	0.07699	0.00616	0.11623	0.03207	0.06507	0.06395	0.11001	0.01344	0.04089	0.00277	0.00011	3.4e-05	0.00971	0.06499	0.00804	0.00250
3	0.00724	0.03740	0.13340	0.13008	0.35838	0.02517	0.05394	0.05244	0.03712	0.13897	0.00827	0.00852	0.00342	0.00011	0.00010	3.1e-05	0.00012	0.00268	6.5e-05	0.00252
4	0.00015	0.00010	0.00014	0.00272	0.00553	0.00271	0.00242	0.00244	0.01258	0.04421	0.07400	0.59652	0.10672	0.01062	0.10030	5.2e-05	0.00597	0.02122	0.01149	9.1e-05
5	0.08987	0.00305	0.00025	0.00231	0.00027	0.10523	0.00372	0.41421	0.09031	0.14897	0.01438	0.01415	0.01735	0.00506	0.01464	0.00635	0.00011	0.05740	0.01223	0.00015
6	0.00311	0.00022	0.00037	0.32162	0.55247	0.00023	0.04471	0.02884	0.00320	0.00840	0.00730	0.00608	0.01084	0.00010	0.00010	3.2e-05	0.00013	0.00531	0.00678	0.00014
7	0.00272	0.01775	0.77361	0.10814	0.01002	0.00971	0.00670	0.01101	0.00520	0.04018	0.00257	0.00294	0.00284	0.00010	9.8e-05	3.2e-05	0.00261	0.00357	4.9e-05	0.00015
8	0.00019	0.00018	0.04894	0.10273	0.01505	0.00300	0.10466	0.00418	0.00224	0.00508	0.00281	0.06659	0.01307	0.04244	0.34910	0.00351	0.22780	0.00632	0.00200	0.00011
9	0.03877	0.00023	0.00027	0.02263	0.07208	0.03621	0.00690	0.30959	0.02204	0.46758	0.00471	0.00687	0.00303	0.00279	0.00010	3.2e-05	0.00581	9.8e-05	0.00010	0.00016
10	0.02778	0.18880	0.33650	0.07244	0.04761	0.04154	0.11874	0.08997	0.00411	0.02527	0.00019	0.00266	0.00015	0.00419	0.01765	3.3e-05	0.01932	0.00286	5.4e-05	0.00014
11	0.00014	0.00010	0.00013	0.00015	0.00591	0.00445	0.00932	0.00408	0.02370	0.00636	0.02586	0.75140	0.12120	0.01056	0.00497	4.1e-05	6.4e-05	0.03140	9.4e-05	8.8e-05
12	0.06317	0.02439	0.29992	0.09972	0.06059	0.02343	0.09045	0.10946	0.12654	0.06429	0.00540	0.01161	0.00277	0.00289	0.00619	3.3e-05	0.00259	0.00424	0.00217	0.00015
13	0.01320	0.13646	0.20977	0.02373	0.07640	0.01080	0.02995	0.01321	0.01278	0.03079	0.01111	0.00708	0.00921	9.6e-05	0.00262	2.5e-05	0.01424	0.00349	5.7e-05	0.39497
14	0.00291	0.00012	0.00014	0.00014	0.01036	0.00011	0.00269	0.00290	0.10189	0.00954	0.31046	0.16571	0.36756	0.00024	0.00314	3.5e-05	5.8e-05	0.01426	0.00351	0.00423
15	0.00019	0.00916	0.00426	0.00313	0.02674	0.01519	0.00225	0.02204	0.03532	0.09160	0.60771	0.02499	0.06094	0.00407	0.03471	3.8e-05	0.01053	0.04342	0.00361	0.00011
16	0.03212	0.08544	0.27131	0.03789	0.07256	0.07884	0.06044	0.04493	0.09499	0.11264	0.01726	0.04314	0.01313	0.00247	0.00372	3.2e-05	0.01241	0.01276	6.8e-05	0.00387
17	0.01135	0.01573	0.02306	0.01728	0.19196	0.00912	0.03557	0.02299	0.13683	0.24875	0.09237	0.08022	0.01522	0.00219	0.01157	3.4e-05	0.00503	0.00546	0.06910	0.00617
18	0.00861	0.00219	0.00017	0.03405	0.01203	0.00682	0.00666	0.00982	0.00587	0.06210	0.03891	0.02967	0.08765	0.20354	0.43822	0.02967	0.01982	0.00405	6.8e-05	9.3e-05
19	0.02844	0.07601	0.09686	0.29841	0.12028	0.06928	0.07833	0.01863	0.05754	0.06197	0.00984	0.02607	0.02152	0.00012	0.00302	0.00199	0.02264	0.00615	0.00277	0.00013
20	0.00714	0.04673	0.33969	0.13484	0.08415	0.03443	0.07867	0.04335	0.03659	0.12033	0.00635	0.02586	0.01127	0.00228	0.00385	3.3e-05	0.01786	0.00258	0.00180	0.00221
21	0.00015	0.00011	0.00739	0.00562	0.00256	0.00012	0.00314	0.00263	0.00330	0.00261	0.02397	0.14679	0.00783	0.05466	0.56874	0.14672	0.01311	0.00346	0.00702	8.3e-05
22	0.00389	0.02176	0.07687	0.15259	0.31172	0.03460	0.11360	0.01564	0.02559	0.02492	0.03913	0.11018	0.03020	0.01050	0.00204	0.00219	0.00998	0.00798	0.00650	0.00013
23	0.02597	0.04607	0.09888	0.06858	0.18670	0.06080	0.22816	0.07583	0.05363	0.10120	0.00790	0.01559	0.00886	0.00230	0.00011	0.00213	0.01128	0.00579	6.6e-05	0.00014
24	0.00625	0.00815	0.00551	0.01869	0.01458	0.01323	0.01035	0.02090	0.07260	0.27790	0.21655	0.19537	0.08421	0.00824	0.01057	3.6e-05	0.00402	0.01198	0.02074	0.00012
25	0.02066	0.01438	0.16829	0.10406	0.09105	0.03292	0.13448	0.03210	0.04676	0.02426	0.05056	0.18150	0.03369	0.00529	0.01582	0.00226	0.00987	0.01722	0.01471	0.00012
26	0.03517	0.17494	0.20029	0.03756	0.11002	0.05486	0.11968	0.07592	0.03052	0.11797	0.00741	0.00507	0.00693	0.00390	0.00700	3.1e-05	0.00718	0.00346	0.00196	0.00014
27	0.04589	0.40276	0.19907	0.01369	0.00516	0.09515	0.08860	0.03111	0.03331	0.03440	0.00876	0.00779	0.01229	0.00309	0.00350	2.9e-05	0.01206	0.00315	5.5e-05	0.00014
28	0.00748	0.00012	0.02259	0.02499	0.02808	0.00235	0.01718	0.00261	0.00414	0.02114	0.03481	0.39698	0.36191	0.01821	0.02235	0.00385	0.00530	0.01945	0.00638	9.3e-05
29	0.00999	0.06817	0.32093	0.02272	0.08244	0.03290	0.05928	0.05486	0.03304	0.23079	0.02349	0.01957	0.02607	0.00244	0.00226	3.2e-05	0.00595	0.00199	7.4e-05	0.00302
30	0.07044	0.26474	0.26161	0.00022	0.00248	0.01775	0.03514	0.04973	0.08523	0.15315	0.01111	0.01349	0.00499	0.01236	0.00538	3.1e-05	0.00514	0.00450	0.00237	0.00014
31	0.00587	0.03533	0.00024	0.00019	0.00025	0.08815	0.00015	0.06191	0.05522	0.60708	0.01933	0.07147	0.03448	0.00015	0.00378	0.00612	9.4e-05	0.00330	0.00673	0.00015

[dist]
# distance from previous block
# <min> <max>
8	23

[block]
# block no. 2 follows, 3393 sequences, length 7
# corresponding to MSA columns:
# 243-249
name=unknown_C
#
# <colnr> <probs for GDERKNQSTAVLIFYWHMCP>
#	G	D	E	R	K	N	Q	S	T	A	V	L	I	F	Y	W	H	M	C	P
0	0.02950	0.03980	0.80585	0.00027	0.00041	0.00024	0.02514	0.01350	0.01398	0.01411	0.01378	0.01330	0.01545	0.00011	9.7e-05	3.2e-05	0.00014	0.01410	5e-05	0.00015
1	0.00819	0.00012	0.00863	0.01993	0.02194	0.01412	0.01072	0.02089	0.01037	0.04428	0.09118	0.38861	0.25063	0.03254	0.02063	0.00847	0.01000	0.03056	0.00810	9.6e-05
2	0.01301	0.11379	0.12791	0.06009	0.12786	0.03721	0.06024	0.07701	0.01919	0.13243	0.01150	0.02676	0.01226	0.01143	0.02677	3.4e-05	0.01955	0.00821	0.00822	0.10652
3	0.05294	0.07210	0.37827	0.04190	0.01522	0.04174	0.03216	0.07081	0.04375	0.11164	0.02043	0.04566	0.02266	0.01118	0.00011	3.3e-05	0.01391	0.00892	6.7e-05	0.01648
4	0.03929	0.00903	0.01214	0.00967	0.01800	0.06293	0.01455	0.04915	0.01923	0.20645	0.02234	0.43017	0.04687	0.01290	0.01070	3.8e-05	8.4e-05	0.01276	0.02358	0.00012
5	0.01140	0.02408	0.28377	0.07707	0.27353	0.03450	0.08401	0.04370	0.03099	0.02695	0.01081	0.02140	0.01276	0.01200	0.01561	0.00787	0.01152	0.00896	0.00894	0.00014
6	0.03061	0.05829	0.22715	0.02627	0.11031	0.03710	0.08755	0.05254	0.03411	0.19768	0.03367	0.02923	0.01605	0.00012	0.00010	3.1e-05	0.01319	9.9e-05	7.3e-05	0.04583

[dist]
# distance from previous block
# <min> <max>
0	1

[block]
# block no. 3 follows, 3393 sequences, length 8
# corresponding to MSA columns:
# 251-258
name=unknown_D
#
# <colnr> <probs for GDERKNQSTAVLIFYWHMCP>
#	G	D	E	R	K	N	Q	S	T	A	V	L	I	F	Y	W	H	M	C	P
0	0.01138	0.01652	0.14265	0.19575	0.17164	0.02726	0.14663	0.03755	0.04161	0.09206	0.01659	0.04119	0.01406	0.00843	0.00749	3.4e-05	0.01333	0.00818	0.00752	0.00014
1	0.00920	0.00850	0.04633	0.05873	0.11228	0.01535	0.03398	0.02311	0.01409	0.01820	0.08239	0.28360	0.20108	0.01978	0.00781	3.8e-05	0.01375	0.04119	0.01047	0.00011
2	0.01897	0.08224	0.41326	0.01075	0.03380	0.03146	0.02210	0.01931	0.03395	0.09817	0.03584	0.01783	0.01662	0.01051	0.00774	3.1e-05	0.00838	8.8e-05	0.00711	0.13183
3	0.01851	0.04971	0.27966	0.05676	0.10694	0.02664	0.11256	0.03157	0.08312	0.10042	0.03626	0.01433	0.01255	0.01466	0.00812	3.4e-05	0.01537	0.00775	0.00711	0.01794
4	0.00723	0.00931	0.00828	0.00992	0.00923	0.00736	0.01135	0.01837	0.01387	0.07271	0.05146	0.62610	0.06602	0.01653	0.03064	4.4e-05	0.00811	0.02405	0.00933	9.7e-05
5	0.01737	0.05441	0.58598	0.02478	0.01407	0.01572	0.04378	0.03988	0.03267	0.04259	0.01287	0.01441	0.03416	0.00847	0.02353	0.00814	0.01899	0.00799	5.6e-05	0.00014
6	0.02272	0.08267	0.28541	0.04148	0.07616	0.04405	0.16415	0.03167	0.03238	0.08732	0.01230	0.02434	0.00891	0.01326	0.00715	3.4e-05	0.04370	0.00725	0.00667	0.00839
7	0.00976	0.08255	0.31651	0.10296	0.12698	0.01545	0.13973	0.02263	0.02625	0.06765	0.01451	0.00848	0.01306	0.00011	0.00852	3.3e-05	0.02957	0.00760	0.00751	0.00014

[dist]
# distance from previous block
# <min> <max>
0	1

[block]
# block no. 4 follows, 3393 sequences, length 6
# corresponding to MSA columns:
# 266-271
name=unknown_E
#
# <colnr> <probs for GDERKNQSTAVLIFYWHMCP>
#	G	D	E	R	K	N	Q	S	T	A	V	L	I	F	Y	W	H	M	C	P
0	0.00014	9.9e-05	0.00012	0.00014	0.00015	9.2e-05	9.7e-05	0.00017	0.02488	0.02674	0.07710	0.64444	0.16321	0.02550	0.00014	4.1e-05	6.1e-05	0.03669	9.6e-05	8.9e-05
1	0.01162	0.00958	0.09844	0.11643	0.25861	0.02545	0.15723	0.03690	0.07685	0.03776	0.01514	0.06638	0.02561	0.00013	0.00967	0.00957	0.01718	0.01380	6.4e-05	0.01359
2	0.00925	0.15696	0.04931	0.06021	0.03265	0.02146	0.02214	0.06147	0.05007	0.03027	0.07588	0.14165	0.21051	0.01697	0.01067	0.01102	0.01158	0.01894	0.00890	0.00011
3	0.02249	0.00013	0.01447	0.01130	0.01274	0.01068	0.01998	0.03670	0.01330	0.08758	0.02113	0.53021	0.02685	0.04009	0.02306	4.5e-05	0.02072	0.10833	9.1e-05	0.00010
4	0.00014	9.9e-05	0.00013	0.00014	0.00016	9.4e-05	0.00010	0.00017	0.02967	0.02550	0.02771	0.73612	0.06441	0.04236	0.00015	4.3e-05	6.4e-05	0.07276	9.5e-05	8.8e-05
5	0.00017	0.00012	0.00014	0.00014	0.00017	0.00011	0.00010	0.01693	0.08283	0.06305	0.14069	0.41195	0.19839	0.01844	0.01877	4e-05	6.7e-05	0.02201	9.8e-05	0.02577

[dist]
# distance from previous block
# <min> <max>
2	6

[block]
# block no. 5 follows, 3393 sequences, length 37
# corresponding to MSA columns:
# 290-293,295-327
name=unknown_F
#
# <colnr> <probs for GDERKNQSTAVLIFYWHMCP>
#	G	D	E	R	K	N	Q	S	T	A	V	L	I	F	Y	W	H	M	C	P
0	0.00028	0.93624	0.02209	0.00018	0.00027	0.02142	0.00018	0.00031	0.00704	0.01103	0.00015	0.00017	0.00013	8.9e-05	6.8e-05	2.2e-05	0.00011	5.6e-05	4.5e-05	0.00013
1	0.01786	0.02621	0.07331	0.00827	0.02406	0.00216	0.00252	0.01909	0.00430	0.04996	0.00888	0.00350	0.01959	9.1e-05	0.00405	2e-05	8.6e-05	7.1e-05	6.4e-05	0.73592
2	0.00232	0.11280	0.06063	0.03045	0.00886	0.47456	0.01129	0.03162	0.00898	0.10275	0.01194	0.03892	0.00723	0.01173	0.01634	3.2e-05	0.03608	0.03329	6.4e-05	0.00013
3	0.00428	0.91234	0.00818	0.00325	0.00027	0.01525	0.00480	0.02377	0.00730	0.00467	0.00015	0.00017	0.00013	9.4e-05	0.00531	2.3e-05	0.00977	5.8e-05	4.6e-05	0.00013
4	0.08339	0.31704	0.21869	0.03393	0.03349	0.02853	0.03018	0.08870	0.00903	0.11501	0.00863	0.00227	0.00644	0.00507	0.00194	2.9e-05	0.01232	7.7e-05	6.3e-05	0.00518
5	0.01463	0.03412	0.01472	0.22985	0.53710	0.03836	0.00234	0.01611	0.01167	0.02236	0.00310	0.02315	0.00017	0.00287	0.01409	3.3e-05	0.01228	0.00263	0.00946	0.01094
6	0.04474	0.16463	0.00701	0.01452	0.00030	0.62427	0.00019	0.09635	0.00364	0.01046	0.00017	0.00019	0.00014	0.00010	8.7e-05	2.6e-05	0.00015	0.00273	0.00448	0.02581
7	0.00318	0.00012	0.00015	0.00013	0.00017	0.00011	0.00010	0.00412	0.02035	0.20993	0.40161	0.03725	0.22879	0.00487	0.00011	3.3e-05	5.9e-05	0.00558	0.08323	0.00011
8	0.00014	0.00011	0.00354	0.00012	0.00015	9.7e-05	0.01313	0.00016	0.00398	0.00028	0.10501	0.03417	0.53052	0.18353	0.04699	5.3e-05	7.6e-05	0.07776	8.8e-05	8.5e-05
9	0.00014	0.00010	0.00013	0.00014	0.00016	9.4e-05	0.00011	0.00017	0.00023	0.00533	0.25887	0.43465	0.10263	0.00863	0.00013	4e-05	6.3e-05	0.18819	9.9e-05	8.9e-05
10	0.00021	0.00052	0.97559	0.00029	0.00044	0.00024	0.00966	0.00033	0.01121	0.00032	0.00019	0.00022	0.00013	9.7e-05	9.7e-05	3.2e-05	0.00015	7.6e-05	4.4e-05	0.00015
11	0.00012	0.00010	0.00011	0.00011	0.00014	8.8e-05	8.3e-05	0.00015	0.00024	0.00029	0.12274	0.05614	0.80012	0.00026	0.00012	3.5e-05	5.3e-05	0.01891	9.7e-05	8.8e-05
12	0.00020	0.00019	0.00032	0.86128	0.09936	0.00023	0.01520	0.00027	0.00021	0.00027	0.00019	0.00746	0.00014	0.00010	0.00011	3.4e-05	0.01419	9.3e-05	4.6e-05	0.00012
13	0.20315	0.00019	0.00023	0.00018	0.00025	0.00413	0.00554	0.07922	0.00028	0.65016	0.00528	0.00030	0.00022	0.00012	9.4e-05	3.1e-05	8.8e-05	0.00509	0.00011	0.04536
14	0.81189	0.00019	0.00017	0.00014	0.00021	0.00022	0.00012	0.00944	0.00020	0.17635	0.00019	0.00020	0.00014	0.00010	7.1e-05	3.2e-05	8.1e-05	6.4e-05	7.5e-05	0.00012
15	0.00033	0.00023	0.09251	0.00020	0.00028	0.00021	0.00018	0.01305	0.47030	0.38861	0.02693	0.00037	0.00609	0.00013	0.00010	3.3e-05	8.9e-05	0.00011	0.00011	0.00016
16	0.99713	0.00020	0.00015	0.00013	0.00020	0.00023	0.00011	0.00030	0.00017	0.00046	0.00014	0.00017	0.00011	9.5e-05	6.3e-05	3.2e-05	7.9e-05	5.5e-05	6.3e-05	0.00011
17	0.99713	0.00020	0.00015	0.00013	0.00020	0.00023	0.00011	0.00030	0.00017	0.00046	0.00014	0.00017	0.00011	9.5e-05	6.3e-05	3.2e-05	7.9e-05	5.5e-05	6.3e-05	0.00011
18	0.00640	0.67717	0.21608	0.00021	0.00952	0.02243	0.00692	0.02419	0.00022	0.02266	0.00512	0.00516	0.00014	9.4e-05	7.7e-05	2.5e-05	0.00332	6.4e-05	4.8e-05	0.00014
19	0.00021	0.00053	0.99588	0.00029	0.00044	0.00024	0.00038	0.00032	0.00022	0.00032	0.00018	0.00022	0.00013	9.7e-05	9.7e-05	3.2e-05	0.00015	7.6e-05	4.3e-05	0.00015
20	0.02469	0.00019	0.00025	0.00019	0.00027	0.00018	0.00016	0.17065	0.00032	0.80142	0.00037	0.00033	0.00024	0.00013	0.00010	3.1e-05	9.1e-05	0.0001	0.00012	0.00017
21	0.07849	0.00335	0.00024	0.00019	0.00403	0.04152	0.00935	0.12328	0.01008	0.69868	0.00035	0.00032	0.00023	0.00012	9.9e-05	3.1e-05	9.3e-05	0.00337	0.02601	0.00016
22	0.00012	9.3e-05	0.00011	0.00013	0.00015	8.4e-05	9e-05	0.00014	0.00021	0.00027	0.00070	0.70686	0.29007	0.00030	0.00013	3.9e-05	5.7e-05	0.00027	9.5e-05	8.4e-05
23	0.00015	9.9e-05	0.00011	0.00011	0.00011	9.9e-05	6.3e-05	0.00015	0.00015	0.00020	0.00032	0.00065	0.00036	0.95416	0.00052	0.04238	9.9e-05	0.00015	6.1e-05	6.1e-05
24	0.00765	0.00017	0.00023	0.00018	0.00025	0.00016	0.00015	0.06600	0.00901	0.78720	0.11490	0.00761	0.00033	0.00014	0.00010	3.2e-05	8.4e-05	0.00011	0.00554	0.00016
25	0.60494	0.00362	0.01964	0.04763	0.01124	0.01093	0.00654	0.03044	0.00429	0.22877	0.00282	0.00382	0.00016	0.00011	0.00633	3.3e-05	0.01040	0.00607	0.00209	0.00013
26	0.00027	0.80760	0.07912	0.00270	0.00280	0.04969	0.00524	0.01398	0.00605	0.00026	0.02282	0.00274	0.00319	9.4e-05	7.2e-05	2.4e-05	0.00011	0.00306	4.7e-05	0.00013
27	0.00013	9e-05	0.00012	0.00014	0.00015	8.4e-05	9.5e-05	0.00015	0.00020	0.00027	0.02299	0.90741	0.03039	0.00031	0.00013	4.1e-05	5.9e-05	0.01971	0.01745	8.4e-05
28	0.00554	0.00011	0.00014	0.01092	0.00015	0.00011	0.00260	0.00229	0.00553	0.05891	0.04740	0.20130	0.00245	0.45539	0.16043	0.00601	0.00261	0.02112	0.01692	8.2e-05
29	0.00639	0.02830	0.04711	0.75050	0.04823	0.05238	0.01591	0.01731	0.01713	0.00614	0.00243	0.00027	0.00216	0.00010	0.00010	3.3e-05	0.00299	0.00236	4.9e-05	0.00012
30	0.00409	0.00012	0.00017	0.00019	0.00021	0.00012	0.00482	0.00344	0.01181	0.03134	0.00463	0.02449	0.00367	0.00319	0.00014	4.6e-05	9.3e-05	0.90722	9.5e-05	9.8e-05
31	0.00015	0.00011	0.00016	0.00016	0.00018	0.00013	0.00013	0.00018	0.00016	0.00024	0.00028	0.00838	0.00026	0.00966	0.97170	0.00016	0.00027	0.00754	5.5e-05	9.1e-05
32	0.00278	0.00024	0.07653	0.03595	0.04192	0.01156	0.14258	0.23462	0.17132	0.03733	0.03731	0.08134	0.04817	0.00202	0.00235	0.00174	0.02465	0.03406	0.01339	0.00014
33	0.00464	0.00020	0.00701	0.62622	0.22677	0.01613	0.00461	0.01673	0.00022	0.00604	0.00020	0.01781	0.00238	0.00322	0.00309	3.4e-05	0.03660	0.02794	5.1e-05	0.00012
34	0.00015	0.00011	0.00016	0.00016	0.00017	0.00012	0.00012	0.00018	0.00016	0.00023	0.00028	0.01063	0.00028	0.17640	0.78935	0.00987	0.01138	0.00012	5.6e-05	8.6e-05
35	0.01574	0.00017	0.00022	0.00017	0.00024	0.00015	0.00014	0.04990	0.01103	0.78270	0.01795	0.00037	0.01926	0.01518	0.00011	3.2e-05	8.4e-05	0.00547	0.08090	0.00016
36	0.00394	0.12445	0.70796	0.00386	0.01263	0.01087	0.03420	0.03188	0.01397	0.04492	0.00226	0.00328	0.00014	9.9e-05	9.5e-05	3.1e-05	0.00296	7.8e-05	0.00222	0.00015

[dist]
# distance from previous block
# <min> <max>
1	2

[block]
# block no. 6 follows, 3393 sequences, length 12
# corresponding to MSA columns:
# 331-342
name=unknown_G
#
# <colnr> <probs for GDERKNQSTAVLIFYWHMCP>
#	G	D	E	R	K	N	Q	S	T	A	V	L	I	F	Y	W	H	M	C	P
0	0.00023	0.00024	0.01576	0.18071	0.20649	0.06587	0.25990	0.00696	0.01191	0.01823	0.02698	0.02263	0.01140	0.00525	0.01335	3.6e-05	0.08792	0.04369	0.01621	0.00624
1	0.65154	0.01586	0.00021	0.10117	0.06436	0.08629	0.00762	0.01794	0.00020	0.00830	0.00016	0.01022	0.00013	0.00011	0.00728	3.3e-05	0.02088	0.00751	6.1e-05	0.00012
2	0.00018	9.2e-05	0.00013	0.00013	0.00014	9.2e-05	9e-05	0.00014	0.00014	0.01129	0.00023	0.02145	0.02105	0.06750	0.02918	0.82223	9.3e-05	0.01463	0.01117	5.1e-05
3	0.00844	0.00636	0.00795	0.20131	0.49017	0.03966	0.05654	0.06156	0.05258	0.02878	0.00965	0.00662	0.00851	0.00545	0.00011	3.2e-05	0.01068	9.6e-05	0.00533	0.00015
4	0.00485	0.00013	0.00016	0.00506	0.00537	0.00502	0.00671	0.01908	0.16972	0.02482	0.39213	0.07225	0.09501	0.09882	0.01973	0.01878	0.01192	0.03284	0.01224	0.00536
5	0.00711	0.03769	0.67048	0.01423	0.05472	0.02612	0.03457	0.06782	0.05063	0.01014	0.01223	0.00684	0.00016	0.00010	0.0001	3.2e-05	0.00675	8.3e-05	5.3e-05	0.00015
6	0.00015	0.00859	0.01855	0.00628	0.00017	0.00618	0.00845	0.00763	0.04075	0.00730	0.31966	0.12774	0.37857	0.00735	0.00012	3.5e-05	6.1e-05	0.04158	9.8e-05	0.02073
7	0.00015	0.00932	0.01243	0.00015	0.00018	0.01023	0.02054	0.01818	0.02356	0.01232	0.14200	0.30827	0.26620	0.00770	0.00013	3.9e-05	6.9e-05	0.16836	9.5e-05	9.5e-05
8	0.03643	0.26483	0.14982	0.00023	0.00031	0.04953	0.00972	0.42711	0.01921	0.01642	0.00020	0.00022	0.00016	0.00012	0.01230	3e-05	0.01306	7.8e-05	7.3e-05	0.00015
9	0.00622	0.01517	0.14380	0.01911	0.01423	0.00019	0.01620	0.16612	0.04129	0.26524	0.06725	0.05682	0.05254	0.04272	0.02488	0.00498	0.00503	0.03410	0.02395	0.00014
10	0.00034	0.01465	0.03235	0.00778	0.00641	0.30293	0.03498	0.37199	0.13630	0.02700	0.01375	0.00679	0.01500	0.00012	0.00011	3.1e-05	0.02129	0.00795	8.2e-05	0.00015
11	0.01348	0.07505	0.43281	0.01168	0.00779	0.00890	0.01539	0.04936	0.03451	0.06338	0.02575	0.03892	0.01003	0.00828	0.02751	0.00496	0.01189	0.01195	6.2e-05	0.14829

[dist]
# distance from previous block
# <min> <max>
3	5

[block]
# block no. 7 follows, 3393 sequences, length 11
# corresponding to MSA columns:
# 350-360
name=unknown_H
#
# <colnr> <probs for GDERKNQSTAVLIFYWHMCP>
#	G	D	E	R	K	N	Q	S	T	A	V	L	I	F	Y	W	H	M	C	P
0	0.91927	0.00020	0.00016	0.00014	0.00020	0.00023	0.00011	0.01871	0.01843	0.02287	0.00017	0.00019	0.01881	0.00010	6.7e-05	3.2e-05	7.9e-05	6.1e-05	6.7e-05	0.00011
1	0.00015	0.00011	0.00014	0.00014	0.00016	0.00011	0.00010	0.00804	0.00849	0.01058	0.06925	0.09035	0.09495	0.24042	0.39538	0.00798	0.01216	0.04100	0.02038	8.6e-05
2	0.00988	0.00944	0.00040	0.04046	0.83069	0.01410	0.00952	0.04754	0.01499	0.00983	0.00020	0.00025	0.00016	9.5e-05	0.00010	3.1e-05	0.01201	9.1e-05	5.4e-05	0.00016
3	0.00842	0.15338	0.64248	0.01672	0.03321	0.01247	0.01857	0.01617	0.01450	0.01117	0.00664	0.01600	0.00016	0.03139	0.00627	3.4e-05	0.00627	0.00597	4.9e-05	0.00014
4	0.02240	0.00012	0.00014	0.00013	0.00017	0.00011	0.00010	0.01783	0.01096	0.12370	0.43576	0.03665	0.29435	0.00022	0.01685	3.6e-05	6.2e-05	0.02927	0.01102	0.00010
5	0.00576	0.00871	0.03710	0.00898	0.00571	0.00724	0.04893	0.11829	0.10871	0.04042	0.23788	0.00631	0.32751	0.00675	0.00012	3.4e-05	0.00596	0.01952	0.00595	0.00012
6	0.00962	0.00012	0.00015	0.00014	0.00017	0.00011	0.00010	0.01763	0.01410	0.20537	0.08776	0.16152	0.09077	0.32688	0.00025	5.6e-05	7.9e-05	0.05470	0.03038	0.00010
7	0.01842	0.00025	0.15279	0.08663	0.08806	0.01906	0.01979	0.14313	0.03942	0.16662	0.01008	0.05578	0.01488	0.00016	0.00590	3.6e-05	0.02511	0.14300	0.01076	0.00014
8	0.00014	0.00010	0.00012	0.00012	0.00015	9.2e-05	8.8e-05	0.00017	0.00025	0.01547	0.37149	0.06118	0.50219	0.02470	0.00013	3.6e-05	5.4e-05	0.02333	0.00010	9.1e-05
9	0.00771	0.03788	0.07909	0.08621	0.16202	0.09187	0.03994	0.24596	0.12348	0.03480	0.01956	0.01263	0.01825	0.00012	0.00673	3.2e-05	0.00765	0.00812	0.00715	0.01079
10	0.79622	0.01734	0.00018	0.00015	0.00022	0.01718	0.01773	0.03954	0.01947	0.05074	0.00017	0.00876	0.00013	0.00011	0.01363	3.3e-05	0.00984	6.5e-05	0.00837	0.00012

[dist]
# distance from previous block
# <min> <max>
1	14

[block]
# block no. 8 follows, 3393 sequences, length 41
# corresponding to MSA columns:
# 382-422
name=unknown_I
#
# <colnr> <probs for GDERKNQSTAVLIFYWHMCP>
#	G	D	E	R	K	N	Q	S	T	A	V	L	I	F	Y	W	H	M	C	P
0	0.55989	0.09625	0.02275	0.04047	0.05632	0.09975	0.00918	0.05636	0.00545	0.02345	0.00017	0.00020	0.00013	0.00585	0.00505	3.1e-05	0.00681	0.00346	0.00174	0.00670
1	0.00027	0.00014	0.00018	0.00015	0.00020	0.00012	0.00012	0.01536	0.00029	0.37985	0.55047	0.00059	0.02719	0.00017	0.00011	3.2e-05	6.5e-05	0.00015	0.00432	0.02024
2	0.00839	0.00011	0.00015	0.00016	0.01538	0.00012	0.00011	0.00017	0.00016	0.00023	0.00027	0.00044	0.00027	0.20378	0.64649	0.11268	0.00021	0.00011	0.01068	8.1e-05
3	0.25854	0.02229	0.00386	0.04422	0.03548	0.00603	0.00236	0.46738	0.00857	0.14244	0.00024	0.00024	0.00017	0.00011	9.2e-05	3.1e-05	0.00416	0.00356	8.9e-05	0.00015
4	0.00370	0.00752	0.01096	0.30795	0.31156	0.01114	0.05338	0.02798	0.05632	0.01300	0.03816	0.04335	0.03277	0.02626	0.01626	0.00196	0.02864	0.00629	0.00267	0.00013
5	0.00013	9.2e-05	0.00012	0.00015	0.00015	8.7e-05	0.00010	0.00015	0.00020	0.00026	0.00055	0.84514	0.00065	0.04955	0.00015	4.5e-05	6.5e-05	0.10223	9.3e-05	8.3e-05
6	0.00025	0.00024	0.00041	0.02435	0.93474	0.00458	0.02123	0.00031	0.00023	0.00643	0.00019	0.00025	0.00016	9.2e-05	0.00010	3.1e-05	0.00607	9.2e-05	5.1e-05	0.00016
7	0.00015	0.00011	0.00014	0.00014	0.00014	0.00342	9.3e-05	0.00017	0.00016	0.00022	0.00352	0.00824	0.00032	0.53984	0.39811	0.01687	0.02233	0.00013	0.00585	7.5e-05
8	0.00021	0.00053	0.99588	0.00029	0.00044	0.00024	0.00038	0.00032	0.00022	0.00032	0.00018	0.00022	0.00013	9.7e-05	9.7e-05	3.2e-05	0.00015	7.6e-05	4.3e-05	0.00015
9	0.15741	0.00028	0.00027	0.01678	0.00030	0.06876	0.00018	0.66839	0.00412	0.07808	0.00023	0.00024	0.00017	0.00012	9.5e-05	3.1e-05	0.00011	8.5e-05	9.3e-05	0.00427
10	0.99713	0.00020	0.00015	0.00013	0.00020	0.00023	0.00011	0.00030	0.00017	0.00046	0.00014	0.00017	0.00011	9.5e-05	6.3e-05	3.2e-05	7.9e-05	5.5e-05	6.3e-05	0.00011
11	0.15268	0.00015	0.00017	0.00015	0.00019	0.00015	0.00012	0.01146	0.10232	0.18202	0.53691	0.00055	0.00476	0.00017	0.00011	3.2e-05	6.4e-05	0.00014	0.00011	0.00777
12	0.00022	0.00022	0.00031	0.00027	0.00027	0.00031	0.00022	0.00025	0.00016	0.00025	0.00013	0.00022	0.00013	0.00018	0.00034	4.5e-05	0.99622	8.9e-05	4.5e-05	0.00011
13	0.00019	0.00018	0.00031	0.96113	0.00069	0.00023	0.01878	0.00026	0.00021	0.00026	0.00018	0.00027	0.00014	0.00010	0.00010	3.4e-05	0.00014	9.1e-05	0.01658	0.00011
14	0.00014	0.00010	0.00014	0.00013	0.00015	9.6e-05	9.6e-05	0.00019	0.00029	0.00041	0.98345	0.00077	0.01324	0.00021	0.00012	3.2e-05	4.8e-05	0.00019	0.00011	9.6e-05
15	0.00024	0.00027	0.00060	0.00044	0.03554	0.00026	0.96040	0.00033	0.00024	0.00033	0.00021	0.00027	0.00016	8.6e-05	0.00012	3.4e-05	0.00017	0.00012	5.2e-05	0.00014
16	0.00019	0.00018	0.00031	0.99616	0.00070	0.00023	0.00028	0.00026	0.00020	0.00026	0.00018	0.00027	0.00014	0.00010	0.00010	3.4e-05	0.00014	9.1e-05	4.5e-05	0.00011
17	0.00014	0.00010	0.00013	0.00012	0.00015	9.5e-05	9.4e-05	0.00019	0.00028	0.00039	0.84355	0.00080	0.15314	0.00022	0.00012	3.3e-05	4.9e-05	0.00019	0.00011	9.5e-05
18	0.00021	0.00018	0.00021	0.00015	0.00024	0.00014	0.00012	0.00026	0.00021	0.00033	0.00018	0.00021	0.00015	7.6e-05	7.6e-05	1.5e-05	7.6e-05	6.1e-05	6.1e-05	0.99703
19	0.00027	0.03256	0.26882	0.00499	0.05804	0.00375	0.03743	0.05680	0.01874	0.25051	0.22855	0.00577	0.02611	0.00014	0.00264	3.2e-05	0.00243	0.00220	8.7e-05	0.00014
20	0.00025	0.00022	0.00023	0.00021	0.00027	0.00025	0.00016	0.00054	0.99558	0.00043	0.00042	0.00038	0.00031	0.00014	0.00010	3.5e-05	8.1e-05	0.00012	0.00010	0.00016
21	0.00021	0.01615	0.98026	0.00029	0.00044	0.00024	0.00037	0.00032	0.00022	0.00032	0.00018	0.00022	0.00013	9.7e-05	9.7e-05	3.2e-05	0.00015	7.5e-05	4.3e-05	0.00015
22	0.00805	0.00026	0.00028	0.00022	0.00030	0.00664	0.00380	0.66120	0.19591	0.11569	0.00641	0.00029	0.00021	0.00013	0.00010	3.2e-05	0.00010	9.8e-05	0.00010	0.00017
23	0.18287	0.00027	0.00046	0.00378	0.01587	0.04144	0.61342	0.09384	0.00025	0.03036	0.00021	0.00026	0.00326	9.6e-05	0.00011	3.3e-05	0.00593	0.00734	6.1e-05	0.00014
24	0.98040	0.00869	0.00015	0.00014	0.00020	0.00023	0.00011	0.00852	0.00018	0.00046	0.00014	0.00017	0.00011	9.5e-05	6.4e-05	3.2e-05	8e-05	5.6e-05	6.3e-05	0.00011
25	0.00019	0.00018	0.00031	0.98080	0.01606	0.00023	0.00028	0.00026	0.00020	0.00026	0.00018	0.00027	0.00014	0.00010	0.00010	3.4e-05	0.00014	9.1e-05	4.6e-05	0.00011
26	0.00013	0.00010	0.00012	0.00011	0.00014	9e-05	8.6e-05	0.00016	0.00025	0.00031	0.28730	0.03306	0.65092	0.00025	0.00012	3.4e-05	5.2e-05	0.02656	0.0001	8.9e-05
27	0.00023	0.00023	0.00034	0.00029	0.00030	0.00031	0.10555	0.00025	0.00017	0.00025	0.00014	0.00023	0.00014	0.00017	0.00031	4.4e-05	0.89080	9.3e-05	4.5e-05	0.00011
28	0.00026	0.00022	0.00023	0.00021	0.00027	0.00026	0.00016	0.01302	0.98310	0.00043	0.00041	0.00038	0.00031	0.00014	0.00010	3.5e-05	8.1e-05	0.00012	0.00010	0.00016
29	0.00039	0.00029	0.00031	0.00024	0.00032	0.00032	0.00019	0.99543	0.00048	0.00064	0.00025	0.00025	0.00017	0.00012	0.00010	3.1e-05	0.00011	9.2e-05	0.00010	0.00017
30	0.00038	0.00019	0.00023	0.00019	0.00026	0.00019	0.00015	0.01204	0.38009	0.59390	0.00585	0.00037	0.00540	0.00013	0.00010	3.3e-05	8.5e-05	0.00011	0.00012	0.00017
31	0.00035	0.00015	0.00019	0.00016	0.00021	0.00013	0.00013	0.01951	0.00779	0.60262	0.11505	0.00043	0.04943	0.00014	9.9e-05	3e-05	7.3e-05	0.00012	0.20324	0.00014
32	0.12232	0.00022	0.00022	0.00020	0.00459	0.00025	0.00016	0.02231	0.83334	0.00043	0.00569	0.00036	0.00921	0.00013	9.9e-05	3.4e-05	8.1e-05	0.00011	9.9e-05	0.00015
33	0.00015	0.00010	0.00014	0.00013	0.00015	9.7e-05	9.7e-05	0.00019	0.00029	0.00558	0.96127	0.00077	0.01983	0.00021	0.00012	3.2e-05	4.9e-05	0.00526	0.00544	9.7e-05
34	0.02176	0.00016	0.00021	0.00017	0.00023	0.00014	0.00014	0.00712	0.02558	0.70509	0.04014	0.14034	0.02103	0.00855	0.00379	0.00355	8.2e-05	0.02165	0.00012	0.00015
35	0.00015	0.00011	0.00013	0.00013	0.00015	9.7e-05	9.5e-05	0.00459	0.00028	0.00989	0.84828	0.00078	0.11257	0.00021	0.00012	3.2e-05	4.9e-05	0.00475	0.01750	9.6e-05
36	0.00014	0.00010	0.00014	0.00016	0.00017	0.00010	0.00340	0.00298	0.01254	0.00301	0.00666	0.52519	0.02510	0.04382	0.03595	5e-05	8.1e-05	0.34021	9.2e-05	8.8e-05
37	0.00022	0.00018	0.00021	0.01867	0.00025	0.00014	0.00013	0.00387	0.00022	0.03339	0.00393	0.00708	0.00016	8.1e-05	7.9e-05	1.6e-05	0.00528	6.5e-05	6.3e-05	0.92598
38	0.00021	0.02449	0.90022	0.00029	0.00880	0.01076	0.01156	0.01882	0.00022	0.00636	0.01400	0.00023	0.00339	0.0001	9.7e-05	3.2e-05	0.00015	7.8e-05	4.6e-05	0.00015
39	0.00270	0.00015	0.00582	0.00290	0.00022	0.00013	0.00505	0.00313	0.01863	0.46647	0.21450	0.05938	0.09071	0.01240	0.01224	3.4e-05	7.6e-05	0.02291	0.00011	0.08242
40	0.00441	0.33327	0.48342	0.00024	0.01990	0.00341	0.01876	0.01292	0.00265	0.01395	0.00018	0.00454	0.00014	9.4e-05	8.7e-05	2.7e-05	0.00493	0.00303	4.8e-05	0.09399

[dist]
# distance from previous block
# <min> <max>
9	15

[block]
# block no. 9 follows, 3393 sequences, length 27
# corresponding to MSA columns:
# 444-450,452-471
name=unknown_J
#
# <colnr> <probs for GDERKNQSTAVLIFYWHMCP>
#	G	D	E	R	K	N	Q	S	T	A	V	L	I	F	Y	W	H	M	C	P
0	0.00027	0.88199	0.08724	0.00019	0.00585	0.00589	0.00569	0.00031	0.00565	0.00594	0.00015	0.00017	0.00013	8.9e-05	6.9e-05	2.3e-05	0.00011	5.8e-05	4.5e-05	0.00013
1	0.00013	9.6e-05	0.00012	0.00013	0.00015	8.7e-05	9e-05	0.00015	0.00022	0.00028	0.11506	0.52654	0.32491	0.00029	0.01841	4e-05	5.9e-05	0.00025	0.01291	8.6e-05
2	0.00021	0.01423	0.15799	0.55167	0.20909	0.00597	0.01902	0.00478	0.01263	0.00029	0.00521	0.00358	0.01103	0.00010	0.00010	3.3e-05	0.00379	9.1e-05	4.8e-05	0.00013
3	0.00014	0.00012	0.01893	0.00494	0.01444	0.00010	0.00010	0.00359	0.03639	0.00030	0.18775	0.02958	0.53704	0.02692	0.00479	0.05144	6.4e-05	0.08317	9.3e-05	9.1e-05
4	0.00664	0.74822	0.08265	0.00020	0.00765	0.00418	0.04060	0.03997	0.04256	0.00028	0.00018	0.00020	0.02160	9.6e-05	7.6e-05	2.5e-05	0.00460	6.7e-05	5e-05	0.00014
5	0.00021	0.00017	0.00019	0.03433	0.00733	0.00019	0.00014	0.00038	0.54150	0.00681	0.27938	0.01070	0.08288	0.01891	0.01189	3.7e-05	7.4e-05	0.00014	0.00010	0.00464
6	0.00019	0.00012	0.00016	0.00015	0.00017	0.00013	0.00399	0.02482	0.03643	0.09782	0.00034	0.00057	0.00465	0.44096	0.28796	0.00010	0.00527	0.08390	0.01219	9.2e-05
7	0.00591	0.00018	0.00028	0.73970	0.00632	0.00719	0.00411	0.00028	0.03457	0.03197	0.00021	0.00029	0.00016	0.00011	0.00012	3.4e-05	0.06968	0.01101	0.08776	0.00012
8	0.00041	0.00024	0.00028	0.00022	0.00030	0.00026	0.00018	0.62771	0.00041	0.36846	0.00030	0.00028	0.00020	0.00012	0.00010	3.1e-05	0.00010	9.6e-05	0.00011	0.00017
9	0.21062	0.00026	0.00028	0.00648	0.00030	0.00029	0.02395	0.69164	0.05157	0.01330	0.00023	0.00024	0.00017	0.00012	9.5e-05	3.1e-05	0.00011	8.6e-05	9.3e-05	0.00016
10	0.97344	0.00020	0.00015	0.00014	0.00020	0.00023	0.00011	0.02395	0.00018	0.00046	0.00014	0.00017	0.00011	9.6e-05	6.4e-05	3.2e-05	8e-05	5.6e-05	6.4e-05	0.00011
11	0.00038	0.00020	0.00024	0.00020	0.03391	0.04723	0.00015	0.01848	0.00027	0.63939	0.00032	0.00030	0.00022	0.00011	0.00010	2.8e-05	0.03437	9.1e-05	0.00628	0.21771
12	0.99713	0.00020	0.00015	0.00013	0.00020	0.00023	0.00011	0.00030	0.00017	0.00046	0.00014	0.00017	0.00011	9.5e-05	6.3e-05	3.2e-05	7.9e-05	5.5e-05	6.3e-05	0.00011
13	0.99713	0.00020	0.00015	0.00013	0.00020	0.00023	0.00011	0.00030	0.00017	0.00046	0.00014	0.00017	0.00011	9.5e-05	6.3e-05	3.2e-05	7.9e-05	5.5e-05	6.3e-05	0.00011
14	0.00024	0.00028	0.00060	0.00043	0.00053	0.00026	0.99540	0.00033	0.00024	0.00033	0.00021	0.00028	0.00016	8.6e-05	0.00012	3.4e-05	0.00017	0.00012	5.2e-05	0.00014
15	0.04770	0.00030	0.00028	0.00024	0.00778	0.25988	0.00019	0.24163	0.00027	0.00036	0.00018	0.00023	0.00015	0.00015	0.02133	3.7e-05	0.36351	8.3e-05	0.05555	0.00013
16	0.00014	0.00011	0.00014	0.00013	0.00016	9.8e-05	0.01318	0.00019	0.00028	0.00040	0.89505	0.00078	0.08855	0.00021	0.00012	3.2e-05	5e-05	0.00019	0.00011	9.6e-05
17	0.00038	0.00048	0.00030	0.00027	0.00033	0.95350	0.04267	0.00040	0.00029	0.00025	0.00016	0.00019	0.00013	0.00010	9.3e-05	2.7e-05	0.00018	6.8e-05	5.3e-05	0.00012
18	0.00025	0.00023	0.00032	0.02165	0.49396	0.00024	0.00024	0.00042	0.45776	0.00038	0.01045	0.00033	0.00024	0.00012	0.00010	3.3e-05	0.00010	0.01294	7.6e-05	0.00016
19	0.00023	0.00019	0.00021	0.00019	0.00024	0.01419	0.00015	0.00045	0.72156	0.00981	0.25108	0.00047	0.00047	0.00016	0.00011	3.4e-05	7.4e-05	0.00013	0.00011	0.00014
20	0.00026	0.42253	0.29480	0.00023	0.02358	0.00642	0.01309	0.05441	0.00023	0.06829	0.00020	0.00025	0.00017	0.00016	0.08551	3.9e-05	0.00014	0.02951	5.5e-05	0.00014
21	0.00036	0.00027	0.00029	0.00023	0.00031	0.00030	0.00019	0.76389	0.23207	0.00059	0.00029	0.00028	0.00021	0.00013	0.00010	3.2e-05	0.00011	9.8e-05	0.00010	0.00017
22	0.06974	0.00018	0.00024	0.00020	0.04255	0.00016	0.00015	0.01004	0.00028	0.87477	0.00037	0.00033	0.00024	0.00012	0.0001	3.2e-05	8.8e-05	9.9e-05	0.00012	0.00017
23	0.00015	0.00011	0.00013	0.00013	0.00015	9.6e-05	9.4e-05	0.00019	0.00028	0.02344	0.78544	0.00080	0.18819	0.00022	0.00012	3.3e-05	5e-05	0.00019	0.00011	9.6e-05
24	0.00020	0.08159	0.00034	0.82760	0.00972	0.00569	0.05725	0.00027	0.00021	0.00026	0.00019	0.00027	0.00537	0.00010	0.00010	3.3e-05	0.00524	0.00541	4.6e-05	0.00012
25	0.00013	0.0001	0.00012	0.00013	0.00015	8.9e-05	9.2e-05	0.00016	0.00022	0.01677	0.05105	0.39536	0.46738	0.00665	0.00013	3.8e-05	5.8e-05	0.06120	9.6e-05	8.7e-05
26	0.00023	0.00020	0.00023	0.04541	0.01504	0.00314	0.02058	0.00452	0.69252	0.00379	0.08683	0.01902	0.04080	0.03125	0.00889	3.8e-05	0.01507	0.01221	9.7e-05	0.00014

[dist]
# distance from previous block
# <min> <max>
2	10

[block]
# block no. 10 follows, 3393 sequences, length 8
# corresponding to MSA columns:
# 482-489
name=unknown_K
#
# <colnr> <probs for GDERKNQSTAVLIFYWHMCP>
#	G	D	E	R	K	N	Q	S	T	A	V	L	I	F	Y	W	H	M	C	P
0	0.00022	0.00019	0.01678	0.00016	0.01601	0.00014	0.00013	0.02720	0.02214	0.02533	0.06152	0.00027	0.01736	9.2e-05	8.2e-05	1.8e-05	7.7e-05	7.5e-05	6.8e-05	0.81214
1	0.00026	0.02427	0.14711	0.00022	0.00029	0.00025	0.00020	0.09694	0.67981	0.00042	0.00037	0.02212	0.00028	0.00014	0.00010	3.4e-05	9.5e-05	0.02683	9.3e-05	0.00016
2	0.70580	0.04034	0.15865	0.01804	0.01812	0.03714	0.00017	0.02014	0.00019	0.00042	0.00015	0.00018	0.00012	9.6e-05	7.2e-05	3.1e-05	9.8e-05	6.1e-05	5.9e-05	0.00012
3	0.00014	0.00012	0.01507	0.00013	0.00016	0.01410	0.01827	0.00018	0.04014	0.00029	0.06691	0.13699	0.66586	0.00025	0.00012	3.5e-05	6e-05	0.02709	0.01398	9.2e-05
4	0.00017	0.00927	0.01616	0.04660	0.02938	0.00013	0.01126	0.01092	0.05993	0.03698	0.54965	0.12810	0.04292	0.00916	0.00012	3.5e-05	0.01107	0.03792	0.00010	0.00011
5	0.00016	0.00011	0.00014	0.00013	0.00016	0.00010	9.8e-05	0.03033	0.00028	0.05250	0.67589	0.00076	0.21303	0.00021	0.00012	3.2e-05	5.3e-05	0.00018	0.02559	0.00010
6	0.00762	0.00031	0.32556	0.01781	0.02184	0.01078	0.05652	0.10744	0.13042	0.10616	0.05152	0.00784	0.02053	0.05549	0.04472	4.2e-05	0.01521	0.01176	0.00829	0.00014
7	0.00021	0.00014	0.00015	0.00014	0.00017	0.02379	0.04194	0.11156	0.00025	0.00039	0.01893	0.03200	0.01703	0.00014	8.8e-05	2.8e-05	6.8e-05	0.09929	0.65357	0.00011

[dist]
# distance from previous block
# <min> <max>
0	1

[block]
# block no. 11 follows, 3393 sequences, length 35
# corresponding to MSA columns:
# 491-522,524-526
name=unknown_L
#
# <colnr> <probs for GDERKNQSTAVLIFYWHMCP>
#	G	D	E	R	K	N	Q	S	T	A	V	L	I	F	Y	W	H	M	C	P
0	0.00027	0.54391	0.19862	0.00292	0.01137	0.09826	0.04533	0.04399	0.02474	0.01606	0.00748	0.00020	0.00271	9.7e-05	8.1e-05	2.6e-05	0.00013	0.00361	5.1e-05	0.00014
1	0.09798	0.03726	0.70324	0.00028	0.00041	0.00024	0.09078	0.01154	0.04226	0.01101	0.00019	0.00402	0.00014	9.9e-05	9.5e-05	3.2e-05	0.00014	8e-05	5e-05	0.00015
2	0.00022	0.00020	0.00034	0.63601	0.35104	0.00023	0.00029	0.00028	0.00022	0.00992	0.00019	0.00027	0.00015	9.9e-05	0.00010	3.3e-05	0.00013	9.1e-05	4.8e-05	0.00013
3	0.00038	0.04350	0.00031	0.00626	0.00031	0.00652	0.00019	0.89754	0.04297	0.00061	0.00025	0.00025	0.00018	0.00012	0.00010	3e-05	0.00011	9.1e-05	9.9e-05	0.00017
4	0.00024	0.00028	0.00060	0.00043	0.00053	0.00026	0.97979	0.01593	0.00025	0.00033	0.00021	0.00028	0.00016	8.7e-05	0.00012	3.4e-05	0.00017	0.00012	5.2e-05	0.00014
5	0.00423	0.00018	0.00025	0.00383	0.00024	0.00940	0.06942	0.00298	0.00336	0.00334	0.00308	0.22417	0.13032	0.01435	0.00481	4.2e-05	0.48075	0.00347	6.5e-05	0.04170
6	0.00734	0.02365	0.02348	0.04318	0.56274	0.00366	0.25512	0.01596	0.00605	0.04622	0.00791	0.00027	0.00017	9.4e-05	0.00011	3.2e-05	0.00013	0.00367	5.6e-05	0.00015
7	0.00038	0.00049	0.00029	0.00026	0.00032	0.99600	0.00020	0.00041	0.00029	0.00025	0.00016	0.00018	0.00013	0.00011	9.2e-05	2.6e-05	0.00018	6.6e-05	5.3e-05	0.00012
8	0.00022	0.00021	0.00035	0.44469	0.50682	0.00023	0.00029	0.00028	0.00022	0.00030	0.00020	0.02747	0.00017	0.01068	0.00742	3.4e-05	0.00013	9.7e-05	5e-05	0.00014
9	0.00032	0.16022	0.37586	0.00273	0.00033	0.00703	0.00920	0.01400	0.00802	0.39943	0.00590	0.00568	0.00697	0.00011	9.5e-05	3e-05	0.00012	0.00371	7.9e-05	0.00016
10	0.00024	0.00022	0.00663	0.20995	0.54817	0.00368	0.06741	0.02747	0.02072	0.03500	0.00932	0.02501	0.03266	0.00371	0.00011	3.2e-05	0.00012	0.00934	5.8e-05	0.00014
11	0.01193	0.00017	0.00023	0.00018	0.00026	0.00015	0.00015	0.00635	0.00618	0.96028	0.00040	0.00035	0.00025	0.00013	0.00010	3.2e-05	8.7e-05	0.00010	0.01249	0.00017
12	0.00015	0.00011	0.00423	0.00524	0.00378	0.00011	0.00288	0.00019	0.00316	0.00029	0.00378	0.30747	0.01549	0.03046	0.00015	0.00424	8.3e-05	0.61800	9.3e-05	9e-05
13	0.00746	0.00337	0.04421	0.16646	0.32021	0.01704	0.17230	0.15155	0.02044	0.07259	0.00476	0.00471	0.00018	0.00010	0.00011	3.2e-05	0.00429	0.00996	6.5e-05	0.00015
14	0.00015	0.00012	0.00633	0.05638	0.00248	0.01133	0.00225	0.00260	0.00833	0.00405	0.44489	0.10717	0.23770	0.00252	0.00300	0.01523	0.00922	0.08607	9.8e-05	9.4e-05
15	0.00013	9e-05	0.00012	0.00014	0.00015	8.4e-05	9.5e-05	0.00014	0.00020	0.00026	0.00989	0.93076	0.04563	0.00032	0.00013	4.1e-05	5.9e-05	0.01159	9.5e-05	8.3e-05
16	0.03064	0.00020	0.00031	0.51814	0.13148	0.01162	0.04639	0.03535	0.00522	0.14177	0.02021	0.00969	0.00526	0.00013	0.02998	3.7e-05	0.00347	0.00683	0.00314	0.00013
