[name]
unknown

[dist]
# distance from previous block
# <min> <max>
0	1450

[block]
# block no. 0 follows, 3177 sequences, length 16
# corresponding to MSA columns:
# 1698-1709,1728-1731
name=unknown_A
#
# <colnr> <probs for GDERKNQSTAVLIFYWHMCP>
#	G	D	E	R	K	N	Q	S	T	A	V	L	I	F	Y	W	H	M	C	P
0	0.00014	0.00011	0.00013	0.00013	0.00016	9.9e-05	0.00010	0.00017	0.00025	0.00031	0.11515	0.15609	0.52006	0.05081	0.00016	4.3e-05	6.6e-05	0.15583	0.00010	9.3e-05
1	0.00733	0.00024	0.01075	0.29102	0.27726	0.00584	0.18365	0.05386	0.09838	0.01501	0.00457	0.00032	0.01120	0.00560	0.00012	3.6e-05	0.01840	0.00793	0.00832	0.00015
2	0.00014	0.00011	0.00012	0.00012	0.00015	9.4e-05	8.7e-05	0.00016	0.00025	0.01292	0.04818	0.07942	0.82708	0.01774	0.00014	3.9e-05	5.8e-05	0.01301	0.00010	9.3e-05
3	0.41148	0.00024	0.00510	0.05742	0.05263	0.01718	0.01028	0.25565	0.11562	0.04528	0.00807	0.00586	0.00019	0.00012	9.3e-05	3.4e-05	0.00010	0.00954	0.00496	0.00015
4	0.00014	0.00010	0.00013	0.00015	0.00016	9.4e-05	0.00913	0.00016	0.00944	0.00029	0.03035	0.78464	0.13983	0.01163	0.00014	4.4e-05	6.4e-05	0.01331	0.00010	9.1e-05
5	0.00048	0.00019	0.00025	0.00020	0.00028	0.00017	0.00016	0.04723	0.01626	0.91711	0.01622	0.00037	0.00028	0.00014	0.00011	3.4e-05	9.3e-05	0.00011	0.00013	0.00018
6	0.00850	0.00938	0.00032	0.01278	0.00033	0.01169	0.00020	0.82495	0.11199	0.00964	0.00028	0.00028	0.00020	0.00013	0.00011	3.3e-05	0.00012	0.0001	0.00011	0.00885
7	0.01317	0.00020	0.01230	0.00655	0.00672	0.00016	0.00778	0.02998	0.00910	0.11476	0.00023	0.00672	0.00018	9.2e-05	8.6e-05	2e-05	8.6e-05	7.4e-05	7.4e-05	0.79171
8	0.01244	0.27031	0.58106	0.00028	0.00683	0.01455	0.04000	0.03815	0.00713	0.00781	0.00019	0.00023	0.00015	0.00011	0.00549	3.2e-05	0.00873	0.00631	5.1e-05	0.00015
9	0.00026	0.15818	0.05385	0.05797	0.37328	0.01419	0.05054	0.07224	0.04170	0.01440	0.02763	0.02097	0.01281	0.02005	0.00012	3.5e-05	0.00701	0.07454	6.7e-05	0.00015
10	0.00013	0.00011	0.00012	0.00012	0.00015	9.4e-05	8.8e-05	0.00016	0.00025	0.00031	0.09036	0.02093	0.85991	0.00027	0.00013	3.7e-05	5.6e-05	0.02657	0.00010	9.3e-05
11	0.00020	0.00018	0.00686	0.60491	0.07422	0.01227	0.00556	0.00513	0.00975	0.01643	0.00030	0.21638	0.00515	0.00017	0.00516	3.9e-05	0.02561	0.01147	6.4e-05	0.00012
12	0.02993	0.02690	0.20713	0.03016	0.02356	0.02099	0.05001	0.48653	0.01890	0.07609	0.00604	0.00432	0.00415	0.00013	0.00646	3.4e-05	0.00414	0.00427	8.8e-05	0.00017
13	0.00553	0.01092	0.02338	0.06099	0.00021	0.02593	0.01184	0.01077	0.00017	0.00721	0.00684	0.02411	0.00963	0.00033	0.00036	0.77536	0.01436	0.01195	5.2e-05	6.5e-05
14	0.00041	0.00030	0.00032	0.00025	0.00034	0.00033	0.00021	0.95327	0.02159	0.02147	0.00027	0.00027	0.00019	0.00013	0.00011	3.3e-05	0.00012	9.9e-05	0.00011	0.00019
15	0.00020	0.00017	0.00023	0.08787	0.02677	0.01178	0.00017	0.04774	0.01236	0.00028	0.00026	0.00042	0.00025	0.22082	0.35525	0.00667	0.21504	0.00012	0.01351	0.00010

[dist]
# distance from previous block
# <min> <max>
0	8

[block]
# block no. 1 follows, 3177 sequences, length 42
# corresponding to MSA columns:
# 1741-1776,1778-1783
name=unknown_B
#
# <colnr> <probs for GDERKNQSTAVLIFYWHMCP>
#	G	D	E	R	K	N	Q	S	T	A	V	L	I	F	Y	W	H	M	C	P
0	0.99694	0.00021	0.00016	0.00014	0.00021	0.00024	0.00012	0.00032	0.00019	0.00049	0.00015	0.00018	0.00012	0.00010	6.8e-05	3.4e-05	8.4e-05	5.9e-05	6.8e-05	0.00012
1	0.00022	0.00056	0.97171	0.00031	0.00047	0.00025	0.00547	0.00035	0.00531	0.00675	0.00754	0.00024	0.00015	0.00010	0.00010	3.5e-05	0.00016	8.2e-05	4.8e-05	0.00016
2	0.00015	0.00011	0.00014	0.00013	0.00016	0.00010	0.00010	0.00020	0.00030	0.00042	0.87815	0.00084	0.11832	0.00023	0.00013	3.5e-05	5.2e-05	0.00020	0.00012	0.00010
3	0.00026	0.00025	0.02447	0.03168	0.66919	0.00025	0.00274	0.00270	0.19343	0.00325	0.00619	0.05805	0.00253	0.00012	0.00011	3.4e-05	0.00012	0.00439	6.9e-05	0.00017
4	0.00028	0.05523	0.00748	0.02340	0.83818	0.05191	0.01172	0.00034	0.00025	0.00034	0.00020	0.00980	0.00017	0.00010	0.00011	3.2e-05	0.00013	9.6e-05	5.4e-05	0.00017
5	0.00023	0.00019	0.00023	0.00016	0.00026	0.00015	0.00013	0.03106	0.00024	0.00757	0.03147	0.00027	0.02441	9.4e-05	8.9e-05	1.8e-05	0.01425	7.5e-05	6.9e-05	0.88903
6	0.00023	0.00055	0.90128	0.00031	0.00046	0.03965	0.00038	0.04564	0.00025	0.00036	0.00020	0.00984	0.00015	0.00011	0.00010	3.4e-05	0.00016	8.3e-05	5e-05	0.00016
7	0.00027	0.00023	0.00025	0.00022	0.00028	0.00027	0.00017	0.00058	0.98325	0.01249	0.00044	0.00041	0.00033	0.00015	0.00011	3.7e-05	8.6e-05	0.00012	0.00011	0.00017
8	0.00014	0.00012	0.00012	0.00012	0.00016	9.9e-05	8.9e-05	0.00018	0.02392	0.03155	0.01729	0.05183	0.87347	0.00027	0.00013	3.7e-05	5.8e-05	0.00023	0.00010	9.7e-05
9	0.00040	0.03992	0.00032	0.00028	0.00034	0.94482	0.00021	0.01194	0.00031	0.00027	0.00017	0.00020	0.00014	0.00011	9.7e-05	2.8e-05	0.00019	7e-05	5.6e-05	0.00013
10	0.00016	0.00012	0.00018	0.00018	0.00019	0.00014	0.00014	0.00019	0.00018	0.00025	0.00029	0.00043	0.00027	0.00082	0.99573	0.00018	0.00029	0.00012	5.8e-05	9.7e-05
11	0.00021	0.00020	0.00033	0.95651	0.04012	0.00024	0.00030	0.00028	0.00022	0.00028	0.00019	0.00029	0.00015	0.00011	0.00011	3.6e-05	0.00014	9.7e-05	4.9e-05	0.00012
12	0.00027	0.00024	0.00025	0.00022	0.00028	0.00027	0.00017	0.01855	0.97731	0.00046	0.00044	0.00040	0.00033	0.00015	0.00011	3.7e-05	8.7e-05	0.00012	0.00011	0.00017
13	0.00015	0.00011	0.00015	0.00016	0.00017	0.00011	0.03094	0.00818	0.00019	0.00026	0.00045	0.47384	0.00052	0.35118	0.10360	7.9e-05	0.02951	0.00022	8.2e-05	8.5e-05
14	0.00027	0.00026	0.00043	0.07166	0.90956	0.01522	0.00033	0.00033	0.00025	0.00035	0.00020	0.00027	0.00017	9.8e-05	0.00011	3.3e-05	0.00013	9.7e-05	5.4e-05	0.00017
15	0.00023	0.00019	0.00022	0.00016	0.00026	0.00014	0.00502	0.00527	0.00023	0.01401	0.05512	0.00026	0.00021	9e-05	8.4e-05	1.8e-05	8e-05	7.3e-05	6.9e-05	0.91825
16	0.00022	0.00055	0.95620	0.00030	0.00046	0.00025	0.00039	0.00034	0.00023	0.00035	0.03958	0.00025	0.00017	0.00011	0.00010	3.5e-05	0.00016	8.5e-05	4.9e-05	0.00016
17	0.00023	0.00022	0.00036	0.57794	0.35063	0.00355	0.00030	0.00339	0.00593	0.00684	0.00021	0.01081	0.00017	0.00011	0.00011	3.5e-05	0.00014	0.02336	5.4e-05	0.01559
18	0.08568	0.79953	0.08919	0.00020	0.00809	0.00460	0.00730	0.00033	0.00022	0.00029	0.00016	0.00018	0.00014	9.8e-05	0.00359	2.6e-05	0.00012	6.1e-05	4.9e-05	0.00014
19	0.99694	0.00021	0.00016	0.00014	0.00021	0.00024	0.00012	0.00032	0.00019	0.00049	0.00015	0.00018	0.00012	0.00010	6.8e-05	3.4e-05	8.4e-05	5.9e-05	6.8e-05	0.00012
20	0.00013	9.5e-05	0.00013	0.00015	0.00016	8.9e-05	0.00010	0.00015	0.00021	0.00028	0.00060	0.99609	0.00072	0.00034	0.00014	4.4e-05	6.3e-05	0.00031	0.00010	8.9e-05
21	0.00016	0.00011	0.00012	0.00012	0.00012	0.00011	6.9e-05	0.00016	0.00016	0.00021	0.00034	0.00071	0.00039	0.95435	0.03281	0.00011	0.00011	0.00970	6.6e-05	6.7e-05
22	0.02993	0.09024	0.00015	0.00011	0.00014	0.00014	8.8e-05	0.00026	0.00023	0.00040	0.00033	0.00038	0.00026	0.00012	7.5e-05	2.5e-05	5.8e-05	9.7e-05	0.87686	0.00011
23	0.00833	0.00042	0.61353	0.00027	0.00040	0.00022	0.00652	0.00685	0.00471	0.27982	0.00027	0.00029	0.00019	0.00012	0.00010	3.4e-05	0.00014	0.01951	0.00314	0.05517
24	0.00023	0.00022	0.00038	0.52589	0.39904	0.00024	0.02997	0.00030	0.00024	0.00878	0.03352	0.00030	0.00019	0.00011	0.00011	3.5e-05	0.00014	0.00010	5.4e-05	0.00014
25	0.00013	0.00011	0.00011	0.00011	0.00015	9.4e-05	8.4e-05	0.00016	0.00882	0.00030	0.02712	0.00104	0.96086	0.00027	0.00013	3.7e-05	5.5e-05	0.00023	0.00010	9.3e-05
26	0.00016	0.00011	0.00012	0.00012	0.00012	0.00011	6.6e-05	0.00016	0.00016	0.00021	0.00034	0.00071	0.00040	0.99616	0.00056	0.00011	0.00011	0.00016	6.6e-05	6.6e-05
27	0.99694	0.00021	0.00016	0.00014	0.00021	0.00024	0.00012	0.00032	0.00019	0.00049	0.00015	0.00018	0.00012	0.00010	6.8e-05	3.4e-05	8.4e-05	5.9e-05	6.8e-05	0.00012
28	0.00023	0.00020	0.00023	0.00017	0.00026	0.00015	0.00013	0.00640	0.04865	0.00036	0.00021	0.00645	0.00017	8.6e-05	8.3e-05	1.7e-05	8.1e-05	6.9e-05	6.7e-05	0.93599
29	0.00022	0.00019	0.01863	0.00019	0.00024	0.00256	0.03358	0.03904	0.42176	0.00360	0.33172	0.00457	0.12001	0.00019	0.00012	3.6e-05	0.00341	0.01969	0.00011	0.00014
30	0.00027	0.00027	0.00042	0.12219	0.79937	0.05631	0.00343	0.00438	0.00505	0.00375	0.00020	0.00027	0.00017	0.00010	0.00011	3.3e-05	0.00337	9.6e-05	5.4e-05	0.00016
31	0.00029	0.94223	0.03459	0.00019	0.00029	0.00835	0.00019	0.01235	0.00023	0.00027	0.00015	0.00018	0.00014	9.4e-05	7.2e-05	2.4e-05	0.00012	6e-05	4.7e-05	0.00014
32	0.00018	0.05508	0.00018	0.00016	0.00017	0.00717	0.00012	0.00018	0.00016	0.00023	0.00024	0.00502	0.00024	0.03640	0.44791	0.43842	0.00019	0.00427	0.00360	7.7e-05
33	0.00022	0.00055	0.95781	0.00031	0.00487	0.00025	0.00039	0.01083	0.00465	0.00681	0.01222	0.00024	0.00015	0.00011	0.00010	3.5e-05	0.00016	8.3e-05	4.9e-05	0.00016
34	0.00020	0.00010	0.00010	0.00010	0.00013	0.00010	7.6e-05	0.00025	0.00023	0.00041	0.00036	0.00041	0.00028	0.00013	7.6e-05	2.5e-05	5.1e-05	0.00010	0.99677	0.00010
35	0.00507	0.00019	0.00022	0.00021	0.00909	0.06191	0.00268	0.07300	0.01072	0.19079	0.00402	0.34554	0.00585	0.01203	0.10508	5.5e-05	0.17316	0.00018	9.1e-05	0.00012
36	0.00020	0.00010	0.00010	0.00010	0.00013	0.00010	7.6e-05	0.00025	0.00023	0.00041	0.00036	0.00041	0.00028	0.00013	7.6e-05	2.5e-05	5.1e-05	0.00010	0.99677	0.00010
37	0.98058	0.00021	0.00016	0.00824	0.00022	0.00025	0.00012	0.00856	0.00019	0.00049	0.00015	0.00018	0.00012	0.00010	6.8e-05	3.4e-05	8.5e-05	6e-05	6.8e-05	0.00012
38	0.00027	0.00026	0.00044	0.01327	0.98289	0.00026	0.00033	0.00033	0.00025	0.00036	0.00021	0.00027	0.00017	9.7e-05	0.00011	3.2e-05	0.00013	9.7e-05	5.4e-05	0.00017
39	0.00016	0.00012	0.00017	0.00017	0.00019	0.00013	0.00013	0.00019	0.00017	0.00025	0.00030	0.01434	0.00029	0.09729	0.87747	0.00017	0.00819	0.00012	6e-05	9.4e-05
40	0.00027	0.00026	0.00044	0.05085	0.93331	0.01228	0.00033	0.00033	0.00025	0.00035	0.00020	0.00027	0.00017	9.8e-05	0.00011	3.3e-05	0.00013	9.7e-05	5.4e-05	0.00017
41	0.07887	0.00021	0.00033	0.67940	0.18199	0.00025	0.00029	0.05162	0.00541	0.00033	0.00020	0.00028	0.00015	0.00011	0.00011	3.5e-05	0.00014	9.4e-05	5.4e-05	0.00013

[dist]
# distance from previous block
# <min> <max>
6	8

[block]
# block no. 2 follows, 3177 sequences, length 61
# corresponding to MSA columns:
# 1799-1835,1838,1839,1841-1847,1855,1869-1882
name=unknown_C
#
# <colnr> <probs for GDERKNQSTAVLIFYWHMCP>
#	G	D	E	R	K	N	Q	S	T	A	V	L	I	F	Y	W	H	M	C	P
0	0.00015	0.00012	0.00014	0.00387	0.01758	0.00011	0.00010	0.00557	0.04519	0.00037	0.46589	0.00089	0.45422	0.00024	0.00013	3.6e-05	5.7e-05	0.00512	0.00011	0.00010
1	0.00020	0.00010	0.00010	0.00010	0.00013	0.00010	7.6e-05	0.00025	0.00023	0.00041	0.00036	0.00041	0.00028	0.00013	7.6e-05	2.5e-05	5.1e-05	0.00010	0.99677	0.00010
2	0.00025	0.43476	0.55283	0.00026	0.00039	0.00033	0.00031	0.00034	0.00023	0.00031	0.00018	0.00021	0.00014	9.9e-05	8.9e-05	3e-05	0.00014	7.1e-05	4.7e-05	0.00901
3	0.00024	0.00023	0.00038	0.47216	0.50060	0.00462	0.00032	0.00031	0.00023	0.00032	0.00020	0.01069	0.00017	0.00011	0.00896	3.6e-05	0.00014	9.9e-05	5.2e-05	0.00015
4	0.00020	0.00010	0.00010	0.00010	0.00013	0.00010	7.6e-05	0.00025	0.00023	0.00041	0.00036	0.00041	0.00028	0.00013	7.6e-05	2.5e-05	5.1e-05	0.00010	0.99677	0.00010
5	0.95659	0.00022	0.00662	0.00015	0.00552	0.01891	0.00012	0.01020	0.00019	0.00049	0.00015	0.00018	0.00012	0.00010	6.9e-05	3.4e-05	8.8e-05	6e-05	6.8e-05	0.00012
6	0.00016	0.00011	0.00015	0.00014	0.00017	0.00011	0.00010	0.00021	0.01733	0.00044	0.97284	0.00637	0.00102	0.00022	0.00013	3.4e-05	5.2e-05	0.00020	0.00012	0.00010
7	0.00023	0.00608	0.91601	0.00032	0.02290	0.00025	0.01079	0.00035	0.00755	0.03423	0.00021	0.00024	0.00015	0.00010	0.00010	3.4e-05	0.00016	8.3e-05	5e-05	0.00016
8	0.00015	0.00011	0.00014	0.00014	0.00016	0.00010	0.00010	0.00020	0.00030	0.00043	0.91809	0.00932	0.06989	0.00023	0.00013	3.5e-05	5.2e-05	0.00020	0.00012	0.00010
9	0.00027	0.00023	0.00672	0.00022	0.00028	0.00026	0.00017	0.00055	0.90265	0.03315	0.00048	0.00044	0.05380	0.00015	0.00011	3.7e-05	8.5e-05	0.00013	0.00011	0.00017
10	0.00024	0.01806	0.10408	0.17635	0.12783	0.00951	0.10844	0.08710	0.05097	0.01322	0.01620	0.17421	0.00220	0.00129	0.00124	3.8e-05	0.10135	0.00239	7e-05	0.00523
11	0.00039	0.00026	0.00031	0.00028	0.12565	0.01108	0.01138	0.47217	0.08717	0.24988	0.00032	0.00032	0.00230	0.03537	0.00013	3.6e-05	0.00011	0.00011	0.00011	0.00263
12	0.00181	0.00519	0.00526	0.09881	0.78659	0.01635	0.00636	0.04509	0.00262	0.00644	0.00021	0.00028	0.00017	0.00011	0.01136	3.4e-05	0.00247	0.00223	0.00845	0.00017
13	0.00016	0.00012	0.00511	0.00014	0.00017	0.00011	0.00509	0.01061	0.00031	0.00044	0.96834	0.00080	0.00435	0.00362	0.00013	3.5e-05	5.4e-05	0.00020	0.00012	0.00010
14	0.00021	0.00019	0.00033	0.99590	0.00075	0.00024	0.00030	0.00028	0.00022	0.00028	0.00019	0.00029	0.00015	0.00011	0.00011	3.6e-05	0.00015	9.7e-05	4.8e-05	0.00012
15	0.00021	0.00020	0.00033	0.98443	0.00075	0.00024	0.00030	0.01174	0.00022	0.00028	0.00019	0.00029	0.00015	0.00011	0.00011	3.6e-05	0.00015	9.7e-05	4.9e-05	0.00012
16	0.00022	0.05393	0.81950	0.00333	0.02798	0.00348	0.00545	0.01606	0.00592	0.00034	0.00234	0.01060	0.00167	0.03403	0.00617	3.7e-05	0.00865	8.7e-05	4.9e-05	0.00016
17	0.00021	0.00019	0.00033	0.98736	0.00929	0.00024	0.00030	0.00028	0.00022	0.00028	0.00019	0.00029	0.00015	0.00011	0.00011	3.6e-05	0.00015	9.7e-05	4.9e-05	0.00012
18	0.00018	0.00013	0.00190	0.00020	0.00022	0.00013	0.00189	0.01312	0.00916	0.00751	0.02320	0.02424	0.01552	0.01983	0.00016	5e-05	9.8e-05	0.87826	0.00410	0.00010
19	0.96162	0.00021	0.00016	0.00015	0.00021	0.00024	0.00012	0.00735	0.00019	0.02873	0.00016	0.00018	0.00012	0.00010	6.9e-05	3.4e-05	8.5e-05	6.1e-05	7e-05	0.00012
20	0.00024	0.00024	0.00033	0.00028	0.00029	0.00033	0.00024	0.01035	0.00017	0.00027	0.00015	0.00024	0.00014	0.00019	0.00466	4.8e-05	0.97718	9.6e-05	0.00443	0.00012
21	0.00013	0.00011	0.00011	0.00011	0.00015	9.2e-05	8.3e-05	0.00016	0.00025	0.00030	0.00820	0.01512	0.97427	0.00028	0.00013	3.7e-05	5.5e-05	0.00023	0.00010	9.2e-05
22	0.00181	0.07950	0.72833	0.00825	0.02856	0.04279	0.03534	0.02481	0.02071	0.01963	0.00237	0.00278	0.00015	0.00011	0.00010	3.4e-05	0.00443	8.3e-05	5.2e-05	0.00016
23	0.00013	9.5e-05	0.00013	0.00015	0.00016	8.9e-05	0.00010	0.00015	0.00021	0.00028	0.00060	0.98755	0.00072	0.00034	0.00014	4.4e-05	6.4e-05	0.00885	0.00010	8.9e-05
24	0.00043	0.00018	0.00521	0.00240	0.02190	0.00016	0.00016	0.01671	0.00031	0.78857	0.14990	0.00044	0.00957	0.00015	0.00011	3.4e-05	8.8e-05	0.00012	0.00337	0.00017
25	0.00293	0.00021	0.00025	0.00020	0.00028	0.00021	0.00016	0.24794	0.11438	0.48384	0.11935	0.00040	0.00455	0.00015	0.00503	3.5e-05	9.4e-05	0.00012	0.01968	0.00017
26	0.00023	0.00020	0.00023	0.00016	0.00026	0.00015	0.00013	0.00992	0.00023	0.00604	0.00020	0.00023	0.00016	8.2e-05	8.1e-05	1.6e-05	8.1e-05	6.5e-05	6.5e-05	0.98148
27	0.00016	0.00012	0.00015	0.00014	0.00017	0.00011	0.00010	0.00022	0.04093	0.00377	0.87394	0.00080	0.05456	0.00022	0.00013	3.4e-05	5.3e-05	0.00533	0.01896	0.00011
28	0.00042	0.00022	0.00026	0.00021	0.00312	0.00021	0.00017	0.26921	0.09554	0.53447	0.08891	0.00038	0.00032	0.00014	0.00011	3.4e-05	9.6e-05	0.00012	0.00588	0.00018
29	0.00024	0.00024	0.00033	0.00029	0.00029	0.00033	0.00024	0.00026	0.00017	0.00026	0.00014	0.00024	0.00014	0.00019	0.00036	4.8e-05	0.99596	9.6e-05	4.8e-05	0.00012
30	0.00013	0.00011	0.00011	0.00011	0.00015	9.5e-05	8.5e-05	0.00016	0.01253	0.00030	0.01901	0.00103	0.95921	0.00027	0.00013	3.7e-05	5.6e-05	0.00023	0.00010	0.00612
31	0.00019	9.5e-05	0.00014	0.00014	0.00014	9.5e-05	9.5e-05	0.00014	0.00014	0.00019	0.00019	0.00033	0.00019	0.00038	0.00043	0.99682	9.5e-05	9.5e-05	4.7e-05	4.7e-05
32	0.00621	0.00011	0.00015	0.00015	0.00016	0.00012	0.00011	0.00018	0.00017	0.00024	0.00032	0.00512	0.00033	0.39864	0.57004	0.00014	0.00021	0.00862	0.00888	8.5e-05
33	0.00016	0.00011	0.00013	0.00014	0.00015	0.00011	9.1e-05	0.02615	0.00020	0.00027	0.07968	0.36864	0.00056	0.45050	0.06478	8e-05	9.8e-05	0.00799	8.4e-05	8.3e-05
34	0.00027	0.00026	0.00041	0.18239	0.73792	0.05064	0.00032	0.02176	0.00025	0.00034	0.00020	0.00027	0.00017	0.00010	0.00011	3.3e-05	0.00424	9.6e-05	5.4e-05	0.00016
35	0.35738	0.00026	0.00026	0.00021	0.00029	0.00807	0.00017	0.55825	0.02385	0.02166	0.00521	0.00024	0.00017	0.00298	0.01389	3.5e-05	0.00011	8.6e-05	0.00671	0.00016
36	0.00015	0.00012	0.00014	0.00015	0.00017	0.00011	0.00261	0.02511	0.05798	0.00033	0.13648	0.50771	0.24278	0.00308	0.00013	4.1e-05	6.4e-05	0.02263	0.00010	9.9e-05
37	0.00023	0.00020	0.00023	0.00016	0.00026	0.00015	0.00013	0.00606	0.01057	0.00036	0.00020	0.00023	0.00016	8.2e-05	8.1e-05	1.6e-05	8.1e-05	6.5e-05	6.5e-05	0.98068
38	0.00726	0.00033	0.00032	0.00025	0.00034	0.12261	0.00021	0.84883	0.00897	0.00063	0.00025	0.00026	0.00018	0.00013	0.00011	3.2e-05	0.00013	9.5e-05	0.00889	0.00018
39	0.00022	0.00021	0.00035	0.78330	0.19239	0.00024	0.00031	0.00029	0.00022	0.00029	0.00020	0.00029	0.00383	0.00012	0.01242	3.7e-05	0.00501	9.8e-05	5e-05	0.00013
40	0.00014	0.00011	0.00013	0.00014	0.00017	0.00010	0.00011	0.00017	0.00024	0.00030	0.00733	0.18161	0.54368	0.00029	0.00014	4.2e-05	6.9e-05	0.26501	0.00010	9.4e-05
41	0.87235	0.00022	0.00018	0.00015	0.00022	0.00025	0.00013	0.08411	0.00022	0.03629	0.00017	0.00019	0.00013	0.00011	7.3e-05	3.4e-05	8.8e-05	6.4e-05	0.00491	0.00013
42	0.00019	0.00015	0.00018	0.00018	0.00021	0.03837	0.00812	0.02036	0.13235	0.05381	0.00488	0.48397	0.03058	0.00037	0.17520	6.5e-05	0.00530	0.04553	9.5e-05	0.00011
43	0.00015	0.00011	0.00014	0.00015	0.00017	9.9e-05	0.00011	0.00283	0.01969	0.01917	0.14059	0.63798	0.10523	0.01460	0.00014	4.3e-05	6.5e-05	0.05855	0.00010	9.5e-05
44	0.00014	9.7e-05	0.00013	0.00015	0.00016	9e-05	0.00010	0.00016	0.00021	0.00028	0.01181	0.92071	0.02022	0.00034	0.00014	4.4e-05	6.5e-05	0.04123	0.00383	8.9e-05
45	0.23191	0.69932	0.01355	0.00018	0.00027	0.04119	0.00017	0.00498	0.00022	0.00717	0.00016	0.00018	0.00014	9.7e-05	7.2e-05	2.6e-05	0.00011	6e-05	5.3e-05	0.00014
46	0.00016	0.00012	0.00015	0.00017	0.00209	0.00011	0.00014	0.00199	0.01145	0.00354	0.06444	0.23956	0.17176	0.00806	0.00251	4.6e-05	8.1e-05	0.49343	0.00010	9.7e-05
47	0.00969	0.00025	0.00030	0.00611	0.09991	0.00955	0.01983	0.32256	0.28395	0.07623	0.00031	0.00031	0.00023	0.00012	0.00010	3.1e-05	0.00010	0.00010	9.6e-05	0.17024
48	0.00021	0.00017	0.00020	0.00540	0.00023	0.01050	0.01346	0.06977	0.10952	0.02893	0.03076	0.34255	0.01900	0.00021	0.00012	3.4e-05	8.2e-05	0.08249	9.3e-05	0.28628
49	0.00026	0.00024	0.00038	0.42596	0.47392	0.02341	0.00031	0.03314	0.00939	0.02518	0.00341	0.00029	0.00344	0.00011	0.00011	3.4e-05	0.00014	9.8e-05	5.6e-05	0.00015
50	0.00152	0.47724	0.09559	0.00706	0.09705	0.03268	0.04134	0.07062	0.01377	0.12289	0.01172	0.01221	0.00432	0.00011	9.3e-05	2.9e-05	0.00780	0.00374	6.6e-05	0.00015
51	0.00014	0.00010	0.00013	0.00014	0.00016	9.1e-05	9.8e-05	0.00016	0.00023	0.00437	0.06652	0.69395	0.22793	0.00032	0.00014	4.2e-05	6.1e-05	0.00524	0.00010	9.1e-05
52	0.00023	0.08614	0.84753	0.02418	0.02012	0.01407	0.00559	0.00034	0.00023	0.00034	0.00019	0.00023	0.00014	0.00010	0.00010	3.4e-05	0.00016	8e-05	4.7e-05	0.00016
53	0.00026	0.00027	0.11807	0.39832	0.25858	0.00563	0.01424	0.12342	0.00314	0.02872	0.00023	0.00473	0.00018	0.00012	0.00011	3.5e-05	0.00014	0.04110	6.2e-05	0.00264
54	0.00015	0.00011	0.00014	0.00013	0.00016	0.00010	9.8e-05	0.00020	0.00029	0.00768	0.71966	0.00088	0.26953	0.00024	0.00013	3.5e-05	5.3e-05	0.00021	0.00012	0.00010
55	0.00013	0.00010	0.00012	0.00014	0.00016	9.1e-05	9.6e-05	0.00016	0.00023	0.00538	0.04668	0.61419	0.32667	0.00031	0.00014	4.1e-05	6e-05	0.00511	0.00010	9.1e-05
56	0.00016	0.00012	0.00018	0.00018	0.00019	0.00014	0.00014	0.00019	0.00018	0.00025	0.00029	0.00043	0.00027	0.00082	0.99573	0.00018	0.00029	0.00012	5.8e-05	9.7e-05
57	0.00016	0.00011	0.00014	0.00014	0.00014	0.00012	8.6e-05	0.01890	0.00017	0.00023	0.00033	0.00417	0.00036	0.72155	0.24383	0.00012	0.00015	0.00015	0.00906	7.6e-05
58	0.00898	0.03202	0.59286	0.00027	0.00040	0.00023	0.02183	0.02013	0.00574	0.29330	0.02303	0.00029	0.00020	0.00012	0.00011	3.4e-05	0.00014	9.3e-05	7.6e-05	0.00017
59	0.00217	0.03238	0.00302	0.13215	0.08042	0.07085	0.00668	0.33757	0.00165	0.26970	0.01552	0.00610	0.00022	0.00014	0.01405	3.5e-05	0.00248	0.00856	0.00168	0.01462
60	0.00016	0.00012	0.00017	0.00017	0.00019	0.01060	0.00013	0.00385	0.00522	0.00224	0.00030	0.00373	0.00407	0.07378	0.88344	0.00806	0.00349	0.00012	6e-05	9.6e-05

[dist]
# distance from previous block
# <min> <max>
30	206

[block]
# block no. 3 follows, 3177 sequences, length 14
# corresponding to MSA columns:
# 2509,2512-2524
name=unknown_D
#
# <colnr> <probs for GDERKNQSTAVLIFYWHMCP>
#	G	D	E	R	K	N	Q	S	T	A	V	L	I	F	Y	W	H	M	C	P
0	0.00016	0.00011	0.00012	0.00012	0.00013	0.00011	7.4e-05	0.00017	0.00017	0.01435	0.02737	0.05491	0.03393	0.82226	0.04549	0.00010	0.00011	0.00017	7.1e-05	7.2e-05
1	0.00659	0.09354	0.18607	0.07100	0.08196	0.01277	0.03953	0.02684	0.19412	0.00606	0.10936	0.00667	0.10508	0.01104	0.00530	3.6e-05	0.01309	0.00577	0.02503	0.00014
2	0.17301	0.00018	0.00022	0.00018	0.00025	0.00017	0.00014	0.02088	0.00928	0.59956	0.11728	0.00041	0.03783	0.00016	0.01907	3.7e-05	0.01086	0.00012	0.01021	0.00016
3	0.30586	0.04152	0.03311	0.04116	0.20497	0.01496	0.02378	0.06557	0.01284	0.06542	0.01313	0.04409	0.00448	0.01303	0.00919	3.7e-05	0.01407	0.07884	0.01381	0.00014
4	0.00018	0.00013	0.00018	0.01032	0.00972	0.00013	0.02288	0.00921	0.03595	0.00033	0.01913	0.00112	0.15388	0.00028	0.00014	4.7e-05	9.5e-05	0.73605	9.9e-05	0.00010
5	0.99694	0.00021	0.00016	0.00014	0.00021	0.00024	0.00012	0.00032	0.00019	0.00049	0.00015	0.00018	0.00012	0.00010	6.8e-05	3.4e-05	8.4e-05	5.9e-05	6.8e-05	0.00012
6	0.06802	0.00019	0.00025	0.00019	0.00027	0.00017	0.00016	0.02828	0.00031	0.86673	0.03400	0.00037	0.00028	0.00014	0.00011	3.4e-05	9.2e-05	0.00011	0.00013	0.00018
7	0.00755	0.02264	0.87043	0.00756	0.01116	0.00026	0.01175	0.01097	0.00781	0.04131	0.00021	0.00024	0.00015	0.00011	0.00011	3.4e-05	0.00742	8.3e-05	5.1e-05	0.00016
8	0.08289	0.00019	0.00024	0.00019	0.01569	0.00017	0.00015	0.04271	0.01334	0.73880	0.02661	0.00039	0.01908	0.02061	0.00012	3.5e-05	9.1e-05	0.00781	0.03071	0.00017
9	0.00014	0.00011	0.00012	0.00012	0.00016	9.7e-05	9.2e-05	0.00018	0.00026	0.01654	0.28519	0.06673	0.61505	0.00026	0.00013	3.7e-05	5.6e-05	0.01452	0.00011	9.7e-05
10	0.00696	0.00605	0.03112	0.24325	0.32169	0.00614	0.21815	0.00030	0.00023	0.00570	0.00562	0.03074	0.01375	0.00975	0.07262	4.6e-05	0.01873	0.00894	5.6e-05	0.00014
11	0.02170	0.20474	0.28829	0.03267	0.16843	0.00774	0.03270	0.02982	0.05320	0.08209	0.00846	0.00613	0.00968	0.00703	0.02404	3.6e-05	0.00844	0.01456	6.4e-05	0.00015
12	0.00015	0.00011	0.00015	0.09769	0.00022	0.00011	0.00013	0.00018	0.00022	0.01612	0.05488	0.65162	0.05041	0.01070	0.00014	4.4e-05	7.5e-05	0.10543	0.01150	9.6e-05
13	0.00014	9.8e-05	0.00013	0.00015	0.00016	9.1e-05	0.00010	0.00016	0.00021	0.01586	0.01671	0.91895	0.02534	0.00033	0.00014	4.4e-05	6.4e-05	0.02111	0.00010	9.1e-05

[dist]
# distance from previous block
# <min> <max>
6	38

[block]
# block no. 4 follows, 3177 sequences, length 8
# corresponding to MSA columns:
# 2576-2582,2584
name=unknown_E
#
# <colnr> <probs for GDERKNQSTAVLIFYWHMCP>
#	G	D	E	R	K	N	Q	S	T	A	V	L	I	F	Y	W	H	M	C	P
0	0.04014	0.02855	0.13448	0.03157	0.19797	0.02580	0.06620	0.05915	0.05789	0.22160	0.03418	0.03510	0.01943	0.00014	0.00888	3.6e-05	0.02327	0.00762	8.3e-05	0.00792
1	0.01008	0.02578	0.50471	0.00025	0.00035	0.00020	0.03838	0.01443	0.03198	0.02227	0.01509	0.23686	0.04869	0.01022	0.00995	3.9e-05	0.00914	0.02138	7e-05	0.00014
2	0.00798	0.00835	0.01455	0.06759	0.04193	0.01613	0.01503	0.16705	0.01361	0.21993	0.08780	0.04609	0.13946	0.01759	0.02610	0.00733	0.01607	0.01621	0.07104	0.00014
3	0.03241	0.07883	0.31671	0.04511	0.10834	0.03779	0.06158	0.02256	0.03042	0.10154	0.04515	0.01256	0.02235	0.01895	0.03601	4e-05	0.01303	0.00856	6.8e-05	0.00799
4	0.01042	0.08011	0.27653	0.06479	0.11761	0.02514	0.08688	0.06272	0.08094	0.04060	0.02224	0.04764	0.01792	0.01218	0.00806	3.7e-05	0.01321	0.02557	0.00725	0.00015
5	0.00015	0.00011	0.00014	0.00016	0.00017	0.00010	0.01418	0.00017	0.01436	0.01486	0.02098	0.82595	0.04078	0.00032	0.00014	4.3e-05	0.01441	0.03700	0.01587	9.4e-05
6	0.00843	0.01139	0.02344	0.59803	0.20743	0.00953	0.02094	0.01372	0.01945	0.00961	0.01145	0.01714	0.00881	0.00013	0.01218	3.7e-05	0.01877	0.00932	5.6e-05	0.00013
7	0.04033	0.05350	0.41938	0.01531	0.06886	0.04230	0.04243	0.02442	0.05194	0.08402	0.04335	0.01931	0.02894	0.00761	0.00788	3.6e-05	0.03815	0.01201	6.8e-05	0.00015

[dist]
# distance from previous block
# <min> <max>
5	136

[block]
# block no. 5 follows, 3177 sequences, length 19
# corresponding to MSA columns:
# 2726-2744
name=unknown_F
#
# <colnr> <probs for GDERKNQSTAVLIFYWHMCP>
#	G	D	E	R	K	N	Q	S	T	A	V	L	I	F	Y	W	H	M	C	P
0	0.25859	0.07205	0.34445	0.00029	0.10035	0.00704	0.07004	0.03250	0.01735	0.03457	0.03040	0.01069	0.00825	0.00011	9.6e-05	3.4e-05	0.00013	0.00649	6.3e-05	0.00650
1	0.00550	0.00024	0.00042	0.00034	0.05401	0.00570	0.44741	0.00915	0.17359	0.14112	0.02592	0.06191	0.02765	0.00867	0.00013	3.7e-05	0.00013	0.01888	8.4e-05	0.01911
2	0.00534	0.00025	0.00040	0.21459	0.65401	0.01386	0.00533	0.04794	0.01234	0.01749	0.00876	0.00624	0.01278	0.00011	0.00011	3.3e-05	0.00013	0.00010	5.9e-05	0.00016
3	0.00341	0.06959	0.00861	0.30499	0.33444	0.00344	0.02441	0.00338	0.01018	0.00479	0.02629	0.05571	0.09188	0.00317	0.00710	3.6e-05	0.01273	0.01472	6.3e-05	0.02109
4	0.00392	0.00024	0.01997	0.03804	0.51391	0.02481	0.01097	0.01835	0.12866	0.04726	0.06175	0.04230	0.06105	0.00506	0.00012	3.5e-05	0.01215	0.01118	7.5e-05	0.00016
5	0.00025	0.04504	0.09120	0.28847	0.52074	0.01346	0.00032	0.00617	0.01234	0.00033	0.00556	0.00028	0.00552	0.00010	0.00011	3.4e-05	0.00977	9.5e-05	5.3e-05	0.00015
6	0.00026	0.00443	0.00018	0.00017	0.00021	0.01116	0.00726	0.02034	0.02062	0.31042	0.02662	0.31377	0.18351	0.02174	0.04200	4.6e-05	0.00403	0.02893	0.00420	0.00013
7	0.01374	0.00015	0.00018	0.01053	0.00021	0.00554	0.00013	0.10445	0.10491	0.10438	0.13493	0.24117	0.23933	0.00825	0.00463	3.9e-05	7.5e-05	0.02712	0.00011	0.00012
8	0.00026	0.00025	0.00042	0.17696	0.79320	0.02634	0.00033	0.00033	0.00024	0.00034	0.00020	0.00027	0.00017	0.0001	0.00011	3.3e-05	0.00013	9.6e-05	5.3e-05	0.00016
9	0.00021	0.00020	0.01046	0.92882	0.00756	0.00024	0.00917	0.00028	0.01052	0.00029	0.01097	0.00030	0.00016	0.00011	0.00011	3.6e-05	0.00793	9.9e-05	0.01242	0.00012
10	0.00014	9.8e-05	0.00013	0.00015	0.00016	9.1e-05	0.00010	0.00016	0.00918	0.00028	0.01294	0.87950	0.06945	0.01418	0.00014	4.5e-05	6.4e-05	0.01301	0.00010	9e-05
11	0.00027	0.08973	0.17315	0.05336	0.55552	0.02815	0.05939	0.00756	0.00025	0.01883	0.00020	0.00026	0.00016	0.00010	0.00011	3.2e-05	0.00728	9.2e-05	5.4e-05	0.00553
12	0.00015	0.00012	0.01077	0.00014	0.00017	0.00010	0.00010	0.00020	0.01927	0.01567	0.50647	0.22834	0.20983	0.00026	0.00013	3.7e-05	5.8e-05	0.00798	0.00011	0.00010
13	0.00015	0.00011	0.00014	0.00014	0.00016	0.00010	0.00010	0.00620	0.00760	0.01474	0.47705	0.22559	0.18207	0.02323	0.00014	3.9e-05	6e-05	0.04968	0.01260	9.9e-05
14	0.00024	0.06978	0.79442	0.01938	0.00640	0.02934	0.01936	0.02206	0.00732	0.02486	0.00020	0.00024	0.00015	0.00011	0.00010	3.4e-05	0.00016	0.00564	5.1e-05	0.00016
15	0.05192	0.04001	0.00029	0.00022	0.00992	0.07007	0.01285	0.21522	0.01330	0.54810	0.00034	0.00033	0.00023	0.01398	0.00503	3.5e-05	0.00620	0.00689	0.00011	0.00495
16	0.00016	0.00011	0.00012	0.00012	0.00012	0.00010	7.1e-05	0.00016	0.00017	0.00022	0.00039	0.05364	0.03550	0.88796	0.00051	9.9e-05	0.00010	0.02031	7e-05	6.9e-05
17	0.00020	0.00365	0.00533	0.33027	0.10865	0.00966	0.08465	0.00628	0.00023	0.01174	0.03974	0.18664	0.12801	0.00653	0.01844	4.1e-05	0.01193	0.04403	0.00387	0.00012
18	0.04967	0.10093	0.14313	0.03670	0.16919	0.11620	0.11160	0.02845	0.04104	0.09937	0.01808	0.02454	0.01461	0.00541	0.00951	3.5e-05	0.02093	0.00664	6.8e-05	0.00389

[dist]
# distance from previous block
# <min> <max>
2	82

[block]
# block no. 6 follows, 3177 sequences, length 54
# corresponding to MSA columns:
# 2835-2859,2861-2889
name=unknown_G
#
# <colnr> <probs for GDERKNQSTAVLIFYWHMCP>
#	G	D	E	R	K	N	Q	S	T	A	V	L	I	F	Y	W	H	M	C	P
0	0.04392	0.00372	0.00029	0.00026	0.00598	0.81117	0.00265	0.02654	0.01281	0.00460	0.00185	0.00495	0.07031	0.00013	0.00010	3e-05	0.00018	0.00795	0.00245	0.00013
1	0.00027	0.03674	0.02504	0.33709	0.40890	0.06735	0.01458	0.06785	0.00635	0.00794	0.00021	0.01411	0.00017	0.00011	0.00011	3.4e-05	0.00823	0.00177	5.7e-05	0.00310
2	0.00023	0.00019	0.00022	0.00772	0.00026	0.00014	0.00013	0.00292	0.00023	0.01025	0.01625	0.01031	0.00692	9e-05	8.4e-05	1.8e-05	8.1e-05	0.00767	0.00325	0.93303
3	0.01103	0.01992	0.72537	0.00449	0.00969	0.00259	0.01150	0.10748	0.01786	0.04012	0.01412	0.01664	0.00150	0.00012	0.00011	3.5e-05	0.00189	0.01344	0.00194	0.00016
4	0.06265	0.01847	0.00016	0.00839	0.00016	0.00967	0.00193	0.01032	0.00016	0.01739	0.00019	0.00032	0.00019	0.00034	0.00416	0.85627	0.00219	9.2e-05	0.00689	6e-05
5	0.00018	0.00013	0.00017	0.00020	0.00022	0.00013	0.00017	0.00023	0.00025	0.00459	0.00058	0.01309	0.00454	0.00714	0.00015	5e-05	0.0001	0.96788	0.00010	0.00010
6	0.00014	0.00011	0.00013	0.00013	0.00016	9.8e-05	9.7e-05	0.00018	0.00027	0.00035	0.33275	0.00098	0.58111	0.00026	0.00013	3.7e-05	5.8e-05	0.07800	0.00492	9.6e-05
7	0.00014	0.00011	0.00014	0.00016	0.00017	9.9e-05	0.00012	0.00339	0.00023	0.00030	0.03579	0.62022	0.08947	0.00758	0.00014	4.5e-05	7.2e-05	0.24164	0.00010	9.2e-05
8	0.00317	0.31684	0.13147	0.03477	0.08356	0.06781	0.01168	0.02666	0.27524	0.00242	0.00025	0.00027	0.00020	0.00012	0.00011	3.2e-05	0.04510	8.8e-05	6.8e-05	0.00015
9	0.00020	0.00014	0.00201	0.00015	0.00789	0.03427	0.00779	0.00535	0.02196	0.08994	0.66550	0.00362	0.10885	0.00022	0.00929	3.6e-05	0.00177	0.00743	0.03349	0.00011
10	0.00014	0.00010	0.00013	0.00014	0.00016	9.2e-05	9.6e-05	0.00016	0.00024	0.00031	0.18432	0.50168	0.30319	0.00030	0.00013	4e-05	5.9e-05	0.00026	0.00836	9.2e-05
11	0.00024	0.00020	0.00023	0.00016	0.00026	0.00015	0.00013	0.02288	0.00023	0.01799	0.00020	0.00023	0.00016	8.3e-05	8.2e-05	1.7e-05	8.2e-05	6.6e-05	6.7e-05	0.95654
12	0.00015	0.00011	0.00014	0.00014	0.00016	0.00010	0.00010	0.00020	0.00030	0.00043	0.91478	0.00083	0.08169	0.00023	0.00013	3.5e-05	5.2e-05	0.00020	0.00012	0.00010
13	0.00013	0.00011	0.00012	0.00013	0.00015	9.3e-05	9.2e-05	0.00016	0.00878	0.00029	0.00540	0.34301	0.62058	0.00030	0.00013	4e-05	5.9e-05	0.02024	0.00010	9.2e-05
14	0.00023	0.00020	0.00023	0.00016	0.00026	0.00015	0.00013	0.00962	0.00023	0.00036	0.00019	0.00023	0.00016	8.1e-05	8.1e-05	1.6e-05	8.1e-05	6.5e-05	6.5e-05	0.98747
15	0.00023	0.00019	0.00023	0.00016	0.00026	0.00015	0.00013	0.00665	0.00023	0.01476	0.00020	0.00023	0.00016	8.2e-05	8.1e-05	1.7e-05	8.1e-05	6.6e-05	6.6e-05	0.97603
16	0.00027	0.60346	0.36797	0.00024	0.00035	0.02548	0.00027	0.00034	0.00023	0.00029	0.00017	0.00020	0.00014	9.8e-05	8.3e-05	2.8e-05	0.00014	6.7e-05	4.7e-05	0.00015
17	0.00013	9.6e-05	0.00013	0.00015	0.00016	8.9e-05	0.00010	0.00015	0.00021	0.00028	0.00063	0.93823	0.05225	0.00034	0.00014	4.4e-05	6.3e-05	0.00030	0.00010	0.00640
18	0.00021	0.00019	0.00033	0.99590	0.00075	0.00024	0.00030	0.00028	0.00022	0.00028	0.00019	0.00029	0.00015	0.00011	0.00011	3.6e-05	0.00015	9.7e-05	4.8e-05	0.00012
19	0.00023	0.00019	0.00023	0.00016	0.00026	0.00015	0.00013	0.00027	0.00023	0.00036	0.00019	0.00023	0.00016	8.1e-05	8.1e-05	1.6e-05	8.1e-05	6.5e-05	6.5e-05	0.99683
20	0.00015	0.00011	0.00015	0.00017	0.00018	0.00010	0.00013	0.00018	0.00023	0.00030	0.00059	0.60653	0.00069	0.00033	0.00014	4.7e-05	7.8e-05	0.38971	0.00010	9.3e-05
21	0.00015	0.00011	0.00015	0.00014	0.00016	0.00010	0.00010	0.00020	0.00030	0.00043	0.94569	0.02889	0.00631	0.00789	0.00013	3.5e-05	5.3e-05	0.00893	0.00012	0.00010
22	0.00026	0.00024	0.00039	0.00029	0.00038	0.00356	0.38552	0.05258	0.00026	0.06595	0.00024	0.01324	0.00019	0.00010	0.00011	2.8e-05	0.00012	0.03463	7e-05	0.44182
23	0.00013	9.5e-05	0.00013	0.00015	0.00016	8.9e-05	0.00010	0.00015	0.00021	0.00028	0.00061	0.98585	0.01096	0.00034	0.00014	4.4e-05	6.3e-05	0.00031	0.00010	8.9e-05
24	0.00795	0.82873	0.14769	0.00020	0.00031	0.00040	0.00022	0.00033	0.00022	0.00783	0.00016	0.00019	0.00014	9.5e-05	7.5e-05	2.5e-05	0.00012	6.2e-05	4.8e-05	0.00520
25	0.91332	0.00022	0.00017	0.00015	0.00022	0.01903	0.00012	0.02758	0.00020	0.01883	0.00801	0.00019	0.00013	0.01137	7.6e-05	3.4e-05	8.8e-05	6.4e-05	7e-05	0.00012
26	0.98395	0.00021	0.00016	0.00014	0.00021	0.00025	0.00012	0.01329	0.00019	0.00049	0.00015	0.00018	0.00012	0.00010	6.8e-05	3.4e-05	8.5e-05	6e-05	6.8e-05	0.00012
27	0.00023	0.00021	0.00035	0.89519	0.08835	0.01319	0.00031	0.00029	0.00023	0.00030	0.00021	0.00030	0.00016	0.00011	0.00011	3.8e-05	0.00015	0.00010	5.3e-05	0.00013
28	0.00017	0.00012	0.00013	0.00013	0.00013	0.00011	7.6e-05	0.00017	0.00017	0.00023	0.00035	0.00070	0.00039	0.92277	0.04235	0.00011	0.00012	0.00016	6.9e-05	0.03153
29	0.00050	0.00019	0.00026	0.00020	0.00029	0.00017	0.00017	0.00054	0.00973	0.98601	0.00044	0.00039	0.00028	0.00014	0.00011	3.6e-05	9.7e-05	0.00011	0.00014	0.00019
30	0.00029	0.00023	0.00025	0.00022	0.00028	0.00025	0.00017	0.04174	0.76801	0.07013	0.11674	0.00046	0.00041	0.00016	0.00012	3.8e-05	8.8e-05	0.00013	0.00012	0.00017
31	0.00043	0.00031	0.00033	0.00026	0.00035	0.00034	0.00021	0.98514	0.00052	0.01054	0.00027	0.00028	0.00020	0.00014	0.00011	3.5e-05	0.00012	0.00010	0.00011	0.00019
32	0.00030	0.99609	0.00058	0.00019	0.00029	0.00044	0.00019	0.00034	0.00023	0.00027	0.00016	0.00019	0.00015	0.00010	7.5e-05	2.5e-05	0.00012	6.2e-05	5e-05	0.00015
33	0.00015	0.00011	0.00014	0.00016	0.00017	9.8e-05	0.00011	0.00017	0.00023	0.00030	0.07908	0.87197	0.00610	0.00034	0.00014	4.6e-05	6.8e-05	0.04043	0.00011	9.6e-05
34	0.00041	0.00052	0.00031	0.00029	0.00034	0.95818	0.00021	0.00045	0.03770	0.00028	0.00019	0.00022	0.00016	0.00012	0.00010	3e-05	0.00020	7.6e-05	6.2e-05	0.00013
35	0.00029	0.87807	0.05387	0.00021	0.02111	0.00041	0.00020	0.00033	0.00022	0.01280	0.00016	0.00018	0.00014	9.8e-05	8.2e-05	2.5e-05	0.03155	6.2e-05	4.8e-05	0.00014
36	0.00014	0.00010	0.00014	0.00016	0.00016	9.7e-05	0.00399	0.00016	0.00021	0.00028	0.00058	0.94964	0.00070	0.00729	0.00015	4.5e-05	0.03150	0.00030	0.00428	9e-05
37	0.00016	0.00012	0.00018	0.00018	0.00019	0.00014	0.00014	0.00019	0.00018	0.00025	0.00029	0.00043	0.00027	0.00082	0.99573	0.00018	0.00029	0.00012	5.8e-05	9.7e-05
38	0.00020	0.00019	0.00032	0.96633	0.00073	0.00024	0.00030	0.00028	0.00022	0.00028	0.00022	0.00031	0.02970	0.00011	0.00011	3.6e-05	0.00014	0.00010	5e-05	0.00012
39	0.00022	0.00020	0.00033	0.92066	0.01117	0.02107	0.00030	0.01282	0.03163	0.00029	0.00020	0.00029	0.00015	0.00011	0.00011	3.6e-05	0.00014	9.7e-05	5.1e-05	0.00012
40	0.00015	0.00011	0.00014	0.00013	0.00016	0.00010	0.00010	0.00020	0.00030	0.00042	0.88272	0.01343	0.09331	0.00808	0.00013	3.5e-05	5.2e-05	0.00020	0.00012	0.00010
41	0.00013	0.00011	0.00011	0.00011	0.00015	9.2e-05	8.4e-05	0.00016	0.00025	0.00029	0.00740	0.05869	0.93149	0.00028	0.00013	3.7e-05	5.6e-05	0.00023	0.00010	9.2e-05
42	0.01164	0.00046	0.00028	0.00026	0.00031	0.82867	0.00019	0.00040	0.01270	0.00028	0.00029	0.00602	0.12213	0.00014	0.00011	3e-05	0.01584	9.2e-05	6.3e-05	0.00012
43	0.00021	0.00019	0.00033	0.99590	0.00075	0.00024	0.00030	0.00028	0.00022	0.00028	0.00019	0.00029	0.00015	0.00011	0.00011	3.6e-05	0.00015	9.7e-05	4.8e-05	0.00012
44	0.00041	0.00052	0.00031	0.00028	0.00034	0.99573	0.00021	0.00044	0.00031	0.00027	0.00017	0.00020	0.00014	0.00011	9.8e-05	2.8e-05	0.00020	7e-05	5.6e-05	0.00013
45	0.00039	0.01347	0.00032	0.00028	0.00344	0.88960	0.04087	0.01697	0.01654	0.00367	0.00235	0.00273	0.00866	0.00011	0.00010	2.9e-05	0.00019	7.6e-05	5.9e-05	0.00013
46	0.00021	0.00019	0.00033	0.99590	0.00075	0.00024	0.00030	0.00028	0.00022	0.00028	0.00019	0.00029	0.00015	0.00011	0.00011	3.6e-05	0.00015	9.7e-05	4.8e-05	0.00012
47	0.00013	9.5e-05	0.00013	0.00015	0.00016	8.9e-05	0.00010	0.00015	0.00021	0.00028	0.00060	0.99609	0.00072	0.00034	0.00014	4.4e-05	6.3e-05	0.00031	0.00010	8.9e-05
48	0.01753	0.00193	0.01136	0.06031	0.78589	0.00399	0.00680	0.02464	0.00513	0.05825	0.00023	0.00169	0.01182	0.00011	0.00011	3.3e-05	0.00180	0.00666	0.00155	0.00017
49	0.00022	0.00021	0.00034	0.81703	0.14825	0.00552	0.00030	0.01282	0.00380	0.00030	0.00020	0.00029	0.00015	0.00011	0.01000	3.7e-05	0.00014	9.7e-05	5e-05	0.00013
50	0.00013	9.6e-05	0.00013	0.00015	0.00016	9e-05	0.00010	0.00015	0.00021	0.00028	0.00060	0.96031	0.00072	0.00535	0.00537	4.5e-05	6.6e-05	0.02584	0.00010	8.9e-05
51	0.00015	0.00011	0.00015	0.00016	0.02464	0.00551	0.01358	0.00230	0.00325	0.00030	0.03124	0.53622	0.23831	0.02161	0.00015	4.4e-05	7.1e-05	0.12020	0.00192	9.4e-05
52	0.00680	0.35441	0.50740	0.00347	0.03059	0.00243	0.01903	0.02837	0.00194	0.00900	0.00366	0.00476	0.00015	0.00011	0.01264	3.2e-05	0.01494	7.7e-05	5e-05	0.00015
53	0.00014	0.00011	0.01003	0.00015	0.00017	0.01812	0.00582	0.00919	0.00022	0.00902	0.00066	0.77305	0.16218	0.00032	0.00014	4.3e-05	6.7e-05	0.01037	0.00010	9.3e-05

[dist]
# distance from previous block
# <min> <max>
1	3

[block]
# block no. 7 follows, 3177 sequences, length 29
# corresponding to MSA columns:
# 2894,2897-2921,2923,2931,2932
name=unknown_H
#
# <colnr> <probs for GDERKNQSTAVLIFYWHMCP>
#	G	D	E	R	K	N	Q	S	T	A	V	L	I	F	Y	W	H	M	C	P
0	0.00046	0.00605	0.00025	0.00019	0.00028	0.00016	0.00016	0.01988	0.01375	0.87815	0.02637	0.00037	0.00028	0.00013	0.00011	3.3e-05	9.2e-05	0.00011	0.00013	0.05304
1	0.00023	0.00019	0.00023	0.00016	0.00026	0.00015	0.00013	0.00027	0.00023	0.00036	0.00019	0.00023	0.00016	8.1e-05	8.1e-05	1.6e-05	8.1e-05	6.5e-05	6.5e-05	0.99683
2	0.10070	0.33683	0.42547	0.00473	0.00036	0.03070	0.00997	0.03034	0.01154	0.04066	0.00379	0.00022	0.00015	0.00010	9e-05	3.1e-05	0.00404	7.4e-05	5.5e-05	0.00015
3	0.00014	0.00011	0.00012	0.00012	0.00015	9.5e-05	8.8e-05	0.00017	0.00026	0.01347	0.12607	0.01678	0.83124	0.00027	0.00013	3.7e-05	5.6e-05	0.01050	0.00010	9.5e-05
4	0.00013	0.00011	0.00012	0.00012	0.00015	9.5e-05	9.2e-05	0.00016	0.00025	0.00030	0.04253	0.00106	0.86824	0.00028	0.00013	3.8e-05	5.9e-05	0.08592	0.00010	9.3e-05
5	0.00015	0.00012	0.00014	0.00014	0.00017	0.00011	0.00836	0.00020	0.02837	0.00925	0.56984	0.11438	0.26112	0.00025	0.00013	3.6e-05	5.7e-05	0.00698	0.00011	0.00010
6	0.00024	0.00024	0.00036	0.72591	0.02195	0.11209	0.11602	0.00516	0.00024	0.00488	0.00020	0.00028	0.00015	0.00011	0.00011	3.5e-05	0.00702	9.8e-05	0.00480	0.00013
7	0.00040	0.00052	0.00031	0.00028	0.00034	0.97795	0.00021	0.00043	0.00031	0.00027	0.00017	0.00020	0.00014	0.00011	0.00010	2.8e-05	0.01798	7.1e-05	5.6e-05	0.00013
8	0.00022	0.00056	0.99560	0.00031	0.00047	0.00025	0.00040	0.00035	0.00023	0.00035	0.00020	0.00023	0.00014	0.00010	0.00010	3.5e-05	0.00016	8.1e-05	4.6e-05	0.00016
9	0.00027	0.00026	0.01240	0.01106	0.94082	0.00026	0.02297	0.00033	0.00025	0.00036	0.00021	0.00028	0.00018	9.9e-05	0.00011	3.3e-05	0.00013	0.00977	5.4e-05	0.00017
10	0.00021	0.00019	0.00033	0.99590	0.00075	0.00024	0.00030	0.00028	0.00022	0.00028	0.00019	0.00029	0.00015	0.00011	0.00011	3.6e-05	0.00015	9.7e-05	4.8e-05	0.00012
11	0.00018	0.00013	0.00018	0.00020	0.00023	0.00013	0.00018	0.00023	0.00025	0.00033	0.00058	0.00123	0.00063	0.00030	0.00015	5e-05	0.00010	0.99475	0.00010	0.00010
12	0.00013	9.6e-05	0.00013	0.00015	0.00016	9e-05	0.00010	0.00015	0.00021	0.00028	0.03298	0.94111	0.00897	0.00768	0.00014	4.4e-05	6.3e-05	0.00731	0.00010	8.9e-05
13	0.00026	0.00029	0.00064	0.00046	0.00057	0.00028	0.99509	0.00035	0.00026	0.00035	0.00022	0.00029	0.00017	9.2e-05	0.00013	3.7e-05	0.00018	0.00013	5.5e-05	0.00015
14	0.00022	0.01184	0.93560	0.00031	0.00747	0.00025	0.01945	0.00034	0.00023	0.00034	0.00021	0.02289	0.00015	0.00011	0.00010	3.5e-05	0.00016	8.7e-05	4.8e-05	0.00016
15	0.00046	0.00021	0.00027	0.00021	0.00029	0.00020	0.00017	0.23971	0.00036	0.73185	0.02484	0.00036	0.00027	0.00014	0.00011	3.4e-05	9.8e-05	0.00011	0.00013	0.00018
16	0.00017	0.00011	0.00015	0.00014	0.00017	0.00011	0.00011	0.00022	0.00998	0.02916	0.94770	0.00080	0.01034	0.00022	0.00013	3.4e-05	5.3e-05	0.00019	0.00012	0.00011
17	0.00765	0.95639	0.00056	0.00019	0.00028	0.01306	0.00019	0.01316	0.00023	0.00027	0.00715	0.00018	0.00015	9.5e-05	7.1e-05	2.4e-05	0.00012	6e-05	4.8e-05	0.00014
