[name]
unknown

[dist]
# distance from previous block
# <min> <max>
0	77

[block]
# block no. 0 follows, 2588 sequences, length 25
# corresponding to MSA columns:
# 135-139,141-156,165-168
name=unknown_A
#
# <colnr> <probs for GDERKNQSTAVLIFYWHMCP>
#	G	D	E	R	K	N	Q	S	T	A	V	L	I	F	Y	W	H	M	C	P
0	0.01553	0.00859	0.04036	0.52284	0.03595	0.03106	0.03969	0.06973	0.02755	0.03233	0.02608	0.02969	0.03332	0.02369	0.01187	4.8e-05	0.00434	0.04057	8.1e-05	0.00670
1	0.04396	0.00546	0.00604	0.00023	0.00030	0.01106	0.00797	0.12610	0.10994	0.31165	0.04899	0.14290	0.08503	0.02518	0.02207	0.00841	0.00986	0.03123	0.00343	0.00018
2	0.15479	0.00017	0.00018	0.00018	0.00022	0.00017	0.00013	0.02109	0.05644	0.05105	0.10053	0.19280	0.27401	0.09351	0.00722	0.01429	9.1e-05	0.01820	0.00814	0.00679
3	0.05847	0.00016	0.00343	0.00509	0.00912	0.00425	0.00015	0.02241	0.02218	0.05538	0.10663	0.30294	0.14324	0.07908	0.05344	0.00673	0.00011	0.12285	0.00423	0.00013
4	0.07904	0.00025	0.00029	0.00023	0.00033	0.00356	0.00019	0.12363	0.07080	0.48394	0.03454	0.01089	0.01382	0.00533	0.01949	0.00671	0.00012	0.00341	0.00312	0.14032
5	0.07510	0.00017	0.00019	0.00019	0.00022	0.00417	0.00014	0.01950	0.04206	0.13533	0.11827	0.24060	0.11489	0.17917	0.00382	0.00363	9.7e-05	0.04530	0.01325	0.00389
6	0.06251	0.00015	0.00018	0.00018	0.00021	0.00014	0.00013	0.01760	0.01044	0.07315	0.11303	0.35455	0.21133	0.08578	0.00020	0.00827	8.6e-05	0.04495	0.01701	0.00012
7	0.00997	0.00021	0.00957	0.00022	0.00027	0.00022	0.00017	0.06803	0.35846	0.03976	0.15529	0.13760	0.16206	0.02933	0.00016	4.8e-05	9.4e-05	0.01802	0.01035	0.00016
8	0.05668	0.00028	0.00033	0.00026	0.00036	0.00735	0.00021	0.32070	0.05628	0.51599	0.00043	0.00040	0.00029	0.00016	0.00013	4.1e-05	0.00012	0.00013	0.02897	0.01089
9	0.01776	0.00014	0.00017	0.00018	0.00020	0.00014	0.00371	0.00717	0.02304	0.07649	0.01027	0.40406	0.02282	0.36532	0.00821	8.1e-05	0.00011	0.04949	0.01053	0.00011
10	0.03653	0.00015	0.00018	0.00018	0.00021	0.00014	0.00013	0.01882	0.02110	0.10767	0.14968	0.32991	0.15335	0.14438	0.00023	0.00449	8.9e-05	0.01556	0.01706	0.00013
11	0.01428	0.00014	0.00016	0.00017	0.00020	0.00013	0.00868	0.00969	0.00766	0.02920	0.09496	0.26685	0.45949	0.07500	0.00020	5.4e-05	8e-05	0.02640	0.00655	0.00012
12	0.11054	0.00028	0.00410	0.00025	0.00033	0.00650	0.00020	0.28983	0.29479	0.10187	0.12560	0.01115	0.00974	0.00018	0.00013	4.2e-05	0.00390	0.01187	0.02851	0.00019
13	0.01478	0.00015	0.00019	0.00019	0.00022	0.00014	0.00013	0.01698	0.03367	0.11583	0.16972	0.35549	0.08302	0.14848	0.00862	0.01388	9.3e-05	0.03816	0.00013	0.00013
14	0.02391	0.00015	0.00018	0.00018	0.00021	0.00014	0.00335	0.01251	0.01192	0.10334	0.13721	0.19449	0.26814	0.08016	0.03333	0.09630	9.7e-05	0.02349	0.01079	0.00012
15	0.03821	0.00015	0.00432	0.00018	0.00021	0.00297	0.00326	0.01463	0.01994	0.07444	0.05691	0.35748	0.11533	0.19386	0.02113	0.01703	0.00010	0.06345	0.01627	0.00012
16	0.65200	0.00024	0.00465	0.00019	0.00027	0.00026	0.00016	0.04990	0.01402	0.02607	0.03115	0.02088	0.04183	0.00508	0.01815	4.8e-05	0.00011	0.12827	0.00658	0.00015
17	0.00629	0.02055	0.01358	0.04796	0.07364	0.00774	0.00933	0.02226	0.00351	0.00509	0.00930	0.00644	0.00352	0.02121	0.04153	3.6e-05	0.01893	0.01134	0.00911	0.66863
18	0.02737	0.00020	0.00352	0.12484	0.11432	0.00629	0.01417	0.02613	0.01416	0.07145	0.07062	0.09350	0.11759	0.04527	0.04527	0.11391	0.02377	0.01516	0.00386	0.06861
19	0.01913	0.00014	0.00017	0.00017	0.00019	0.00013	0.00012	0.00570	0.01130	0.01941	0.20972	0.19170	0.13006	0.30589	0.00669	0.00402	9.7e-05	0.09030	0.00495	0.00011
20	0.00016	0.00014	0.00784	0.00014	0.00019	0.00012	0.00011	0.00020	0.00735	0.00038	0.07171	0.02555	0.86450	0.00033	0.00016	4.5e-05	7e-05	0.02077	0.00013	0.00012
21	0.03791	0.04934	0.01237	0.22736	0.09017	0.07021	0.02022	0.03692	0.01525	0.07227	0.01022	0.03200	0.00619	0.00015	0.00633	3.7e-05	0.01563	0.00723	0.00285	0.28736
22	0.00424	0.00018	0.00497	0.07808	0.07545	0.00516	0.00855	0.02395	0.04272	0.01688	0.04959	0.11685	0.05287	0.19334	0.11370	0.14086	0.01472	0.05485	0.00293	0.00012
23	0.00019	0.00013	0.00017	0.00019	0.00020	0.00012	0.00013	0.00489	0.00484	0.04183	0.00803	0.77037	0.01181	0.06449	0.04813	6.6e-05	9.8e-05	0.04408	0.00012	0.00011
24	0.00415	0.00292	0.00657	0.34963	0.21869	0.00609	0.20682	0.01598	0.05872	0.01489	0.01401	0.00684	0.00709	0.00015	0.01310	4.7e-05	0.06992	0.00414	7.2e-05	0.00017

[dist]
# distance from previous block
# <min> <max>
2	6

[block]
# block no. 1 follows, 2588 sequences, length 7
# corresponding to MSA columns:
# 176-178,183,185,187,188
name=unknown_B
#
# <colnr> <probs for GDERKNQSTAVLIFYWHMCP>
#	G	D	E	R	K	N	Q	S	T	A	V	L	I	F	Y	W	H	M	C	P
0	0.47666	0.02158	0.02545	0.02663	0.02981	0.06466	0.04691	0.05712	0.07846	0.01466	0.01892	0.04562	0.00025	0.02165	0.03375	5e-05	0.01934	0.00011	0.01820	0.00016
1	0.09327	0.09698	0.14127	0.00045	0.00058	0.02968	0.58583	0.02181	0.00031	0.00044	0.00026	0.00035	0.00021	0.00012	0.00014	4.3e-05	0.00020	0.02782	6.9e-05	0.00018
2	0.00869	0.00790	0.02322	0.00796	0.04215	0.03143	0.15668	0.08941	0.11821	0.06797	0.08526	0.01010	0.06659	0.01195	0.03217	4.5e-05	0.02362	0.01025	0.00832	0.19807
3	0.00022	0.00020	0.03219	0.00022	0.01244	0.01966	0.09451	0.03469	0.02213	0.02083	0.23948	0.03127	0.42965	0.01399	0.00016	4.5e-05	9.8e-05	0.01237	0.00012	0.03571
4	0.00029	0.00026	0.00039	0.57137	0.07258	0.02952	0.03125	0.06551	0.02463	0.01354	0.00029	0.01393	0.00025	0.01129	0.02973	0.01859	0.05298	0.06336	7.4e-05	0.00016
5	0.07054	0.14309	0.28761	0.01331	0.09342	0.04558	0.01367	0.06059	0.05222	0.03297	0.03050	0.03335	0.01494	0.00016	0.00014	4.1e-05	0.06711	0.00883	0.01223	0.01970
6	0.01357	0.31880	0.22467	0.00027	0.00831	0.01787	0.01876	0.01079	0.00990	0.04245	0.00940	0.10576	0.00941	0.03370	0.11531	0.02053	0.00986	0.01130	0.00872	0.01063

[dist]
# distance from previous block
# <min> <max>
5	18

[block]
# block no. 2 follows, 2588 sequences, length 23
# corresponding to MSA columns:
# 215-219,221-231,233-238,243
name=unknown_C
#
# <colnr> <probs for GDERKNQSTAVLIFYWHMCP>
#	G	D	E	R	K	N	Q	S	T	A	V	L	I	F	Y	W	H	M	C	P
0	0.00033	0.00032	0.00054	0.00082	0.99446	0.00032	0.00041	0.00041	0.00030	0.00044	0.00025	0.00033	0.00021	0.00012	0.00013	4e-05	0.00016	0.00012	6.6e-05	0.00021
1	0.01484	0.00489	0.01816	0.07846	0.12402	0.03187	0.03417	0.19613	0.05743	0.34125	0.02425	0.00444	0.02455	0.00017	0.00291	4.3e-05	0.00451	0.03151	0.00618	0.00020
2	0.85792	0.02584	0.01117	0.00020	0.01163	0.01644	0.00511	0.01129	0.00425	0.00057	0.00020	0.01491	0.00017	0.00818	0.01193	4.4e-05	0.01983	8.2e-05	8.2e-05	0.00015
3	0.00032	0.00027	0.00029	0.00961	0.00919	0.00031	0.00021	0.00065	0.86842	0.00055	0.07759	0.00056	0.03107	0.00019	0.00014	4.5e-05	0.00010	0.00016	0.00014	0.00020
4	0.00028	0.00024	0.00028	0.00020	0.00032	0.00018	0.00016	0.00034	0.00028	0.00044	0.00024	0.00028	0.00020	9.9e-05	9.9e-05	2e-05	9.9e-05	7.9e-05	7.9e-05	0.99612
5	0.00035	0.00030	0.00031	0.00027	0.00035	0.01501	0.00021	0.04555	0.92241	0.01286	0.00053	0.00049	0.00040	0.00018	0.00014	4.5e-05	0.00011	0.00015	0.00014	0.00021
6	0.01268	0.00016	0.00021	0.00024	0.00027	0.00015	0.00021	0.00028	0.00031	0.02161	0.00936	0.00145	0.03249	0.00790	0.00019	6.1e-05	0.00012	0.91206	0.00012	0.00013
7	0.99624	0.00026	0.00020	0.00018	0.00026	0.00030	0.00014	0.00039	0.00023	0.00060	0.00019	0.00022	0.00014	0.00012	8.3e-05	4.1e-05	0.00010	7.2e-05	8.3e-05	0.00014
8	0.96612	0.00026	0.00020	0.00018	0.00026	0.00030	0.00015	0.00040	0.00023	0.03067	0.00020	0.00022	0.00015	0.00013	8.4e-05	4.1e-05	0.00010	7.4e-05	8.5e-05	0.00015
9	0.00563	0.00015	0.00018	0.00018	0.00021	0.00014	0.00013	0.02154	0.05178	0.04929	0.20915	0.30763	0.31647	0.02602	0.00017	4.9e-05	7.8e-05	0.01096	0.00013	0.00013
10	0.00690	0.00014	0.00017	0.00018	0.00021	0.00013	0.00013	0.00897	0.01680	0.00658	0.19833	0.27157	0.24358	0.07688	0.00021	5.6e-05	8.6e-05	0.16885	0.00013	0.00012
11	0.00018	0.00013	0.00014	0.00015	0.00017	0.00012	0.0001	0.00020	0.00026	0.00731	0.01774	0.03224	0.54233	0.36067	0.00940	7.8e-05	9.5e-05	0.02846	0.00011	0.00010
12	0.00622	0.00013	0.00016	0.00017	0.00020	0.00623	0.00377	0.00372	0.00379	0.01062	0.10513	0.47700	0.29753	0.03320	0.01504	0.01166	8.3e-05	0.01900	0.00622	0.00011
13	0.04281	0.00018	0.00021	0.00019	0.00024	0.00017	0.00014	0.06360	0.08308	0.08576	0.15253	0.18193	0.16856	0.12016	0.00021	5.4e-05	9.3e-05	0.01595	0.00944	0.07470
14	0.10572	0.00026	0.00030	0.00024	0.00033	0.00027	0.00020	0.29837	0.03820	0.38395	0.09993	0.00045	0.00622	0.00017	0.00013	0.00629	0.00012	0.00540	0.02430	0.02914
15	0.03344	0.00017	0.00020	0.00019	0.00024	0.00017	0.00014	0.04815	0.07445	0.13299	0.11853	0.11772	0.38100	0.03284	0.00017	4.9e-05	8.7e-05	0.05324	0.00608	0.00014
16	0.04743	0.00017	0.00823	0.00019	0.00023	0.00016	0.00014	0.02784	0.10731	0.07418	0.18172	0.28782	0.17535	0.04281	0.00017	5e-05	8.6e-05	0.02249	0.01923	0.00438
17	0.02346	0.00015	0.00017	0.00017	0.00021	0.00014	0.00013	0.01474	0.02648	0.05296	0.28236	0.19460	0.32864	0.04803	0.00018	5e-05	7.8e-05	0.01451	0.00584	0.00712
18	0.02387	0.00029	0.00032	0.00026	0.00035	0.00435	0.00021	0.38366	0.19937	0.15322	0.08012	0.01577	0.02234	0.00800	0.00014	4.1e-05	0.00012	0.00600	0.00432	0.09727
19	0.03012	0.00597	0.00027	0.00023	0.00030	0.00647	0.00018	0.22142	0.25040	0.10714	0.18501	0.03903	0.05623	0.03681	0.00412	4.6e-05	0.00011	0.01240	0.03548	0.00823
20	0.00905	0.00013	0.00016	0.00018	0.00019	0.00012	0.00012	0.00021	0.00027	0.02285	0.07568	0.67906	0.11283	0.06561	0.00020	0.00792	8.1e-05	0.01332	0.01192	0.00011
21	0.00512	0.00014	0.00017	0.00526	0.01197	0.00013	0.00437	0.00478	0.01487	0.02136	0.09211	0.52305	0.14523	0.06713	0.02014	0.03658	9.1e-05	0.03672	0.00581	0.00498
22	0.01159	0.00014	0.00018	0.01274	0.00020	0.00442	0.00013	0.01185	0.02608	0.03633	0.04992	0.12777	0.02449	0.13952	0.03115	0.42718	0.00012	0.04546	0.05062	9.5e-05

[dist]
# distance from previous block
# <min> <max>
3	12

[block]
# block no. 3 follows, 2588 sequences, length 27
# corresponding to MSA columns:
# 276-282,285-304
name=unknown_D
#
# <colnr> <probs for GDERKNQSTAVLIFYWHMCP>
#	G	D	E	R	K	N	Q	S	T	A	V	L	I	F	Y	W	H	M	C	P
0	0.04974	0.01216	0.00675	0.08912	0.05907	0.03374	0.00778	0.05183	0.03528	0.07039	0.06509	0.09749	0.09490	0.02072	0.00859	0.02446	0.02378	0.01370	0.0001	0.23531
1	0.01521	0.03776	0.05999	0.02333	0.03296	0.05868	0.01911	0.05982	0.02634	0.03716	0.00948	0.04088	0.01320	0.11850	0.39755	0.00712	0.01636	0.00748	8.3e-05	0.01898
2	0.00548	0.00628	0.00271	0.00019	0.00638	0.00016	0.00464	0.00690	0.09279	0.06060	0.47186	0.09168	0.17253	0.03050	0.00690	0.00397	0.00281	0.03042	0.00014	0.00307
3	0.02509	0.00388	0.00275	0.00271	0.00401	0.00390	0.00797	0.01908	0.00555	0.01786	0.05994	0.18539	0.16244	0.03545	0.02028	0.41717	0.00011	0.02623	9.4e-05	9.6e-05
4	0.05406	0.00016	0.00019	0.00019	0.00023	0.00015	0.00563	0.01802	0.03161	0.10204	0.13699	0.28888	0.19289	0.04323	0.00679	0.00449	8.9e-05	0.05625	0.03175	0.02639
5	0.06766	0.00017	0.00020	0.00019	0.00023	0.00017	0.00014	0.03424	0.07142	0.09819	0.28503	0.22594	0.08924	0.03600	0.00017	4.9e-05	8.6e-05	0.05197	0.02776	0.01116
6	0.00751	0.00465	0.00018	0.00019	0.00021	0.00013	0.00308	0.04129	0.01330	0.02747	0.04985	0.62880	0.13170	0.03037	0.00685	0.01073	8.6e-05	0.03227	0.01120	0.00012
7	0.06843	0.00015	0.00017	0.00017	0.00020	0.00015	0.00012	0.02107	0.01603	0.06732	0.08884	0.26275	0.13983	0.28970	0.01787	0.00820	0.00010	0.01534	0.00342	0.00012
8	0.01771	0.00018	0.00021	0.00019	0.00024	0.00585	0.00015	0.05687	0.14448	0.07116	0.42943	0.09270	0.09550	0.01945	0.01021	4.7e-05	8.6e-05	0.00795	0.04745	0.00015
9	0.00807	0.00020	0.00023	0.00022	0.00027	0.00358	0.00017	0.01919	0.38931	0.04431	0.03166	0.28474	0.06108	0.06721	0.00544	0.00386	0.00010	0.08007	0.00013	0.00016
10	0.01502	0.00014	0.00017	0.00018	0.00355	0.00013	0.00013	0.00632	0.01720	0.05717	0.23551	0.39676	0.16250	0.06611	0.00782	0.00581	8.3e-05	0.01970	0.00557	0.00012
11	0.38135	0.00022	0.00823	0.00020	0.00026	0.00023	0.00016	0.10414	0.00895	0.11259	0.02705	0.16125	0.04487	0.02079	0.00653	0.07630	0.00011	0.01773	0.02890	0.00015
12	0.00401	0.00014	0.00018	0.00018	0.00019	0.00917	0.00012	0.00022	0.01582	0.00029	0.00391	0.06044	0.00046	0.52493	0.28589	0.02947	0.01778	0.03727	0.00942	9.9e-05
13	0.72923	0.00026	0.00023	0.00020	0.00028	0.00029	0.00016	0.08331	0.02364	0.10541	0.00493	0.00606	0.00021	0.00946	0.00010	4.3e-05	0.00011	0.01907	0.01686	0.00016
14	0.05495	0.00017	0.00021	0.00019	0.00024	0.00016	0.00014	0.03210	0.03366	0.25351	0.07551	0.27423	0.14163	0.09850	0.00801	0.00693	9.7e-05	0.01127	0.00835	0.00015
15	0.00017	0.00013	0.00015	0.00015	0.00019	0.00012	0.00011	0.00021	0.00031	0.00926	0.19638	0.20375	0.57207	0.00749	0.00016	4.7e-05	7e-05	0.00897	0.00013	0.00012
16	0.99624	0.00026	0.00020	0.00018	0.00026	0.00030	0.00014	0.00039	0.00023	0.00060	0.00019	0.00022	0.00014	0.00012	8.3e-05	4.1e-05	0.00010	7.2e-05	8.3e-05	0.00014
17	0.02181	0.00013	0.00016	0.00016	0.00017	0.00013	9.9e-05	0.00409	0.00021	0.01809	0.00807	0.05382	0.00992	0.66410	0.02041	0.17103	0.00013	0.02004	0.00736	8.6e-05
18	0.00389	0.00015	0.00020	0.02984	0.02168	0.00015	0.00827	0.00421	0.01621	0.08717	0.16590	0.24972	0.18780	0.03423	0.08923	0.04288	0.00011	0.04158	0.01666	0.00013
19	0.00036	0.99538	0.00070	0.00023	0.00034	0.00053	0.00023	0.00040	0.00027	0.00031	0.00019	0.00021	0.00017	0.00011	8.6e-05	2.9e-05	0.00014	7.2e-05	5.7e-05	0.00017
20	0.00036	0.99538	0.00070	0.00023	0.00034	0.00053	0.00023	0.00040	0.00027	0.00031	0.00019	0.00021	0.00017	0.00011	8.6e-05	2.9e-05	0.00014	7.2e-05	5.7e-05	0.00017
21	0.02377	0.00016	0.00021	0.00599	0.00023	0.00293	0.01186	0.03844	0.00465	0.00990	0.00040	0.03255	0.03418	0.17484	0.53135	0.10772	0.00484	0.01195	0.00392	0.00011
22	0.02712	0.00918	0.00752	0.15124	0.03933	0.00319	0.04955	0.02396	0.03440	0.04102	0.03298	0.23315	0.29667	0.00028	0.00401	0.00471	0.00011	0.03814	0.00329	0.00014
23	0.00966	0.00030	0.00050	0.00075	0.88192	0.00030	0.00038	0.01107	0.00031	0.00665	0.01560	0.00041	0.05858	0.00014	0.00013	4e-05	0.00015	0.01282	7.3e-05	0.00020
24	0.00020	0.00016	0.00019	0.00019	0.02330	0.01486	0.01282	0.02745	0.01531	0.01092	0.43060	0.13565	0.30191	0.01974	0.00017	4.6e-05	7.9e-05	0.00614	0.00013	0.00013
25	0.00025	0.00020	0.00318	0.11166	0.08312	0.02561	0.00268	0.03652	0.08518	0.02398	0.30857	0.05071	0.07546	0.15275	0.01933	0.00800	0.00261	0.00528	0.00476	0.00014
26	0.02106	0.00317	0.02951	0.21701	0.35099	0.02494	0.05213	0.00528	0.00641	0.01372	0.01585	0.05310	0.00029	0.02644	0.07424	0.00498	0.06687	0.03379	7.4e-05	0.00017

[dist]
# distance from previous block
# <min> <max>
1	16

[block]
# block no. 4 follows, 2588 sequences, length 22
# corresponding to MSA columns:
# 352,364-368,392-396,399-404,406,408-411
name=unknown_E
#
# <colnr> <probs for GDERKNQSTAVLIFYWHMCP>
#	G	D	E	R	K	N	Q	S	T	A	V	L	I	F	Y	W	H	M	C	P
0	0.02585	0.09803	0.15535	0.05981	0.24832	0.03309	0.03516	0.02668	0.00779	0.10925	0.00036	0.14092	0.00377	0.00019	0.01104	4.5e-05	0.02219	0.02188	8.7e-05	0.00018
1	0.99624	0.00026	0.00020	0.00018	0.00026	0.00030	0.00014	0.00039	0.00023	0.00060	0.00019	0.00022	0.00014	0.00012	8.3e-05	4.1e-05	0.00010	7.2e-05	8.3e-05	0.00014
2	0.00017	0.00012	0.00016	0.00018	0.00020	0.00012	0.00013	0.00020	0.00027	0.00036	0.07555	0.66685	0.05981	0.09628	0.00022	6.1e-05	8.5e-05	0.09901	0.00012	0.00011
3	0.01313	0.00031	0.00350	0.09591	0.12095	0.04779	0.00616	0.32161	0.12501	0.04121	0.00851	0.00984	0.07324	0.01207	0.01556	4.4e-05	0.02261	0.00637	0.00011	0.07606
4	0.23124	0.00026	0.00910	0.00023	0.00032	0.00025	0.00019	0.15186	0.00558	0.41329	0.01024	0.00994	0.01149	0.00983	0.00013	0.01107	0.00011	0.00012	0.00013	0.13462
5	0.02230	0.00026	0.00043	0.38371	0.40310	0.00697	0.00945	0.01242	0.00865	0.00671	0.00484	0.02224	0.01218	0.00019	0.03090	0.05133	0.00652	0.01440	6.9e-05	0.00335
6	0.01336	0.00334	0.04320	0.00417	0.05109	0.00858	0.27653	0.02746	0.05109	0.09147	0.03426	0.03123	0.02126	0.08456	0.04061	0.12494	0.02032	0.06546	0.00437	0.00272
7	0.00032	0.00031	0.00052	0.13386	0.86150	0.00032	0.00041	0.00040	0.00030	0.00042	0.00025	0.00033	0.00021	0.00012	0.00013	4e-05	0.00016	0.00012	6.5e-05	0.00020
8	0.00019	0.00013	0.00017	0.00019	0.00020	0.00013	0.00013	0.00619	0.01399	0.00907	0.03014	0.35961	0.09405	0.21118	0.17733	9.8e-05	0.00014	0.09683	0.00011	0.00011
9	0.07541	0.00016	0.00018	0.00415	0.00022	0.00015	0.00013	0.03235	0.01305	0.10848	0.08034	0.27470	0.14953	0.22815	0.01410	6.8e-05	0.00010	0.01282	0.00577	0.00013
10	0.21386	0.00016	0.00018	0.00018	0.00022	0.00017	0.00013	0.02165	0.00816	0.05153	0.02675	0.29511	0.06108	0.04053	0.01094	0.21557	0.00010	0.03143	0.02213	0.00012
11	0.03096	0.00036	0.10585	0.00048	0.00060	0.00031	0.69718	0.02039	0.02649	0.00044	0.00033	0.07966	0.00620	0.00015	0.00015	4.6e-05	0.00020	0.02996	7.7e-05	0.00018
12	0.03001	0.00020	0.00022	0.00020	0.00025	0.01052	0.00015	0.21300	0.04215	0.03408	0.11988	0.13036	0.23900	0.15932	0.00024	0.00583	0.00010	0.00812	0.00623	0.00014
13	0.08594	0.00016	0.00018	0.00018	0.00022	0.00015	0.00013	0.02085	0.01997	0.08108	0.25103	0.24990	0.21701	0.03752	0.00017	0.00457	8.2e-05	0.01183	0.01433	0.00470
14	0.07571	0.00015	0.00017	0.00016	0.00021	0.00014	0.00012	0.01339	0.00874	0.06885	0.15710	0.14682	0.40802	0.09357	0.00601	5.4e-05	8.4e-05	0.01292	0.00765	0.00012
15	0.25067	0.00026	0.00029	0.00023	0.00033	0.00027	0.00019	0.18775	0.03816	0.49067	0.00761	0.00038	0.00027	0.00016	0.00690	4.2e-05	0.00012	0.00012	0.01537	0.00020
16	0.09386	0.00016	0.00019	0.00018	0.00022	0.00015	0.00013	0.01607	0.01957	0.12702	0.10135	0.38477	0.14578	0.07431	0.00019	0.00661	8.8e-05	0.01773	0.01148	0.00013
17	0.09225	0.00017	0.00406	0.00017	0.00022	0.00016	0.00013	0.02653	0.02372	0.09799	0.21499	0.10631	0.34875	0.05071	0.00807	0.00386	8.5e-05	0.01246	0.00923	0.00013
18	0.00896	0.00017	0.00021	0.00019	0.00024	0.00016	0.00014	0.01985	0.02157	0.30548	0.20548	0.06487	0.09430	0.24135	0.00762	6.5e-05	0.00010	0.00655	0.02254	0.00015
19	0.14869	0.00021	0.00024	0.00020	0.00027	0.00021	0.00016	0.07610	0.03653	0.31417	0.09868	0.02161	0.05296	0.03435	0.07158	0.01330	0.00362	0.01558	0.10686	0.00467
20	0.02275	0.00015	0.00019	0.00018	0.00021	0.00015	0.00013	0.02187	0.03406	0.07289	0.16277	0.19583	0.10394	0.19328	0.12017	0.03602	0.00013	0.01366	0.02151	0.00012
21	0.03181	0.00017	0.00021	0.00361	0.00024	0.00406	0.00015	0.01614	0.06588	0.12723	0.11418	0.13849	0.10931	0.11106	0.15784	0.06868	0.00014	0.02331	0.00830	0.01922

[dist]
# distance from previous block
# <min> <max>
15	97

[block]
# block no. 5 follows, 2588 sequences, length 38
# corresponding to MSA columns:
# 549-559,565-585,587-590,605,606
name=unknown_F
#
# <colnr> <probs for GDERKNQSTAVLIFYWHMCP>
#	G	D	E	R	K	N	Q	S	T	A	V	L	I	F	Y	W	H	M	C	P
0	0.04550	0.00021	0.00493	0.00022	0.00028	0.00021	0.00017	0.08527	0.17815	0.26612	0.15328	0.03927	0.12350	0.00544	0.00017	0.05578	0.00010	0.03270	0.00852	0.00017
1	0.02739	0.00016	0.00267	0.00019	0.00023	0.00015	0.00888	0.01977	0.03130	0.07031	0.15310	0.12273	0.26589	0.05016	0.16809	0.01298	0.00013	0.05654	0.00712	0.00222
2	0.00440	0.00013	0.00015	0.00016	0.00017	0.00012	9.8e-05	0.00020	0.00421	0.00638	0.05291	0.24382	0.10159	0.57391	0.00046	9.6e-05	0.00011	0.00334	0.00766	9.6e-05
3	0.00021	0.00014	0.00018	0.00017	0.00021	0.00013	0.00013	0.00026	0.01761	0.04388	0.58374	0.03271	0.12181	0.01403	0.00991	0.13477	8e-05	0.03979	0.00013	0.00012
4	0.00018	0.00014	0.00017	0.00017	0.00020	0.00012	0.02339	0.00022	0.00504	0.00430	0.18263	0.22291	0.44008	0.05448	0.00019	5.2e-05	8e-05	0.05415	0.00428	0.00723
5	0.00023	0.00017	0.00020	0.00019	0.00023	0.01784	0.00014	0.00572	0.15909	0.02627	0.57540	0.07390	0.09787	0.00387	0.00654	0.00596	8e-05	0.02604	0.00014	0.00014
6	0.63417	0.00025	0.00024	0.00020	0.00028	0.00027	0.00016	0.04964	0.00029	0.26775	0.00477	0.00917	0.00022	0.02354	0.00491	0.00366	0.00011	9.8e-05	0.00011	0.00017
7	0.02184	0.00026	0.06425	0.00024	0.00031	0.00026	0.00248	0.12721	0.32199	0.12269	0.11798	0.00764	0.03135	0.14816	0.00702	0.00333	0.00012	0.01745	0.00525	0.00018
8	0.08042	0.02481	0.00037	0.00028	0.00038	0.00915	0.00023	0.70340	0.05852	0.04692	0.06088	0.00037	0.00335	0.00017	0.00013	4e-05	0.00013	0.00013	0.00714	0.00319
9	0.00049	0.00062	0.00038	0.00034	0.00041	0.93982	0.00026	0.01218	0.01749	0.00034	0.00021	0.00025	0.00018	0.00014	0.00013	3.5e-05	0.02641	8.9e-05	7.1e-05	0.00016
10	0.17500	0.00024	0.00029	0.00023	0.00033	0.00023	0.00019	0.06132	0.00037	0.74914	0.00045	0.00041	0.00029	0.00016	0.00012	4.1e-05	0.00011	0.00012	0.01072	0.00021
11	0.00025	0.00016	0.00020	0.00018	0.00023	0.00015	0.00014	0.00412	0.06723	0.12712	0.76844	0.01060	0.00673	0.00978	0.00016	4.3e-05	7.4e-05	0.00408	0.00015	0.00014
12	0.00050	0.00064	0.00038	0.00034	0.00041	0.99476	0.00026	0.00053	0.00038	0.00033	0.00021	0.00024	0.00017	0.00014	0.00012	3.4e-05	0.00024	8.6e-05	6.9e-05	0.00016
13	0.00017	0.00012	0.00015	0.00018	0.00019	0.00011	0.00012	0.00019	0.00026	0.00034	0.00887	0.86246	0.05642	0.06213	0.00020	5.8e-05	8.1e-05	0.00772	0.00012	0.00011
14	0.00035	0.00031	0.00031	0.00028	0.00035	0.05452	0.00022	0.02681	0.89609	0.01841	0.00052	0.00048	0.00039	0.00018	0.00014	4.5e-05	0.00011	0.00015	0.00013	0.00021
15	0.00036	0.99538	0.00070	0.00023	0.00034	0.00053	0.00023	0.00040	0.00027	0.00031	0.00019	0.00021	0.00017	0.00011	8.6e-05	2.9e-05	0.00014	7.2e-05	5.7e-05	0.00017
16	0.99624	0.00026	0.00020	0.00018	0.00026	0.00030	0.00014	0.00039	0.00023	0.00060	0.00019	0.00022	0.00014	0.00012	8.3e-05	4.1e-05	0.00010	7.2e-05	8.3e-05	0.00014
17	0.00017	0.00012	0.00016	0.00018	0.00020	0.00011	0.00013	0.00020	0.00027	0.00602	0.04525	0.75756	0.11907	0.00040	0.00017	5.3e-05	7.9e-05	0.06962	0.00013	0.00011
18	0.00036	0.99538	0.00070	0.00023	0.00034	0.00053	0.00023	0.00040	0.00027	0.00031	0.00019	0.00021	0.00017	0.00011	8.6e-05	2.9e-05	0.00014	7.2e-05	5.7e-05	0.00017
19	0.98289	0.00026	0.00020	0.00018	0.00026	0.00030	0.00015	0.01372	0.00023	0.00060	0.00019	0.00022	0.00015	0.00012	8.3e-05	4.1e-05	0.00010	7.3e-05	8.3e-05	0.00015
20	0.00017	0.00012	0.00016	0.00019	0.00020	0.00011	0.00013	0.00019	0.00026	0.00034	0.00074	0.94106	0.01004	0.00042	0.00017	5.5e-05	8e-05	0.04534	0.00012	0.00011
21	0.00052	0.00021	0.00028	0.00022	0.00031	0.00019	0.00018	0.01251	0.00636	0.78039	0.06879	0.04809	0.00043	0.00019	0.00014	4.2e-05	0.00011	0.01393	0.06691	0.00021
22	0.06587	0.00024	0.00026	0.00022	0.00030	0.00024	0.00018	0.19661	0.15590	0.24980	0.00680	0.00423	0.31438	0.00022	0.00014	4.3e-05	0.00010	0.00018	0.00410	0.00018
23	0.53682	0.00022	0.00021	0.00020	0.00026	0.00024	0.00016	0.06638	0.00641	0.00508	0.13068	0.01645	0.04545	0.01226	0.00013	4.7e-05	0.00010	0.17865	0.00011	0.00014
24	0.00029	0.00025	0.00027	0.00022	0.00030	0.05771	0.00825	0.06933	0.17928	0.01310	0.11600	0.13872	0.01476	0.00019	0.00013	3.5e-05	0.00010	0.00736	0.02229	0.37139
25	0.05821	0.00026	0.00029	0.00024	0.00032	0.00982	0.00019	0.27463	0.27461	0.07750	0.21814	0.00958	0.02992	0.00826	0.00301	4.4e-05	0.00011	0.02620	0.00848	0.00019
26	0.01074	0.00017	0.00022	0.00019	0.00025	0.00016	0.00015	0.02685	0.03352	0.27380	0.25483	0.04450	0.23499	0.01966	0.00016	4.7e-05	9e-05	0.08990	0.00962	0.00015
27	0.00539	0.00014	0.00016	0.00016	0.00020	0.00012	0.00012	0.00022	0.01164	0.00667	0.10818	0.12288	0.52422	0.08969	0.00347	0.00530	8.2e-05	0.09765	0.01455	0.00916
28	0.01902	0.00020	0.00024	0.00021	0.00027	0.00803	0.00016	0.10550	0.05024	0.31274	0.32968	0.00818	0.13211	0.00023	0.00014	4.2e-05	9.3e-05	0.00641	0.02633	0.00017
29	0.17171	0.00020	0.00023	0.00020	0.00026	0.00021	0.00016	0.08650	0.03015	0.26751	0.05422	0.14524	0.01812	0.14608	0.02863	0.00318	0.00011	0.02617	0.02096	0.00016
30	0.18540	0.00020	0.00023	0.00021	0.00027	0.00021	0.00016	0.06610	0.08250	0.22297	0.11341	0.18642	0.05370	0.05382	0.00017	4.9e-05	9.9e-05	0.02439	0.00956	0.00016
31	0.16254	0.00024	0.00026	0.00022	0.00030	0.00290	0.00018	0.10038	0.18904	0.31152	0.06197	0.00053	0.01632	0.11941	0.00019	5.3e-05	0.00011	0.01744	0.01289	0.00352
32	0.00018	0.00013	0.00017	0.00018	0.00019	0.00411	0.00012	0.00020	0.00023	0.00031	0.00573	0.46690	0.01438	0.28909	0.19301	0.00011	0.00015	0.02046	0.00424	0.00010
33	0.38173	0.00024	0.00025	0.00021	0.00030	0.00325	0.00017	0.09556	0.05899	0.31309	0.02421	0.04193	0.01944	0.02629	0.00462	4.6e-05	0.00011	0.01905	0.01033	0.00018
34	0.01119	0.00014	0.00017	0.00017	0.00020	0.00013	0.00012	0.00679	0.00316	0.06451	0.28299	0.18072	0.37007	0.03010	0.01739	0.00597	8.1e-05	0.02300	0.00297	0.00012
35	0.00300	0.00014	0.00016	0.00016	0.00548	0.00013	0.00011	0.00447	0.00891	0.01219	0.12128	0.17165	0.37049	0.25080	0.01697	0.00379	9.3e-05	0.02586	0.00420	0.00011
36	0.01728	0.01207	0.00030	0.00023	0.00032	0.00683	0.00019	0.09731	0.03732	0.65509	0.08726	0.02820	0.02921	0.00019	0.00014	4.2e-05	0.00410	0.00322	0.02049	0.00021
37	0.00987	0.00015	0.00022	0.01682	0.00473	0.00341	0.00346	0.01573	0.00725	0.06113	0.03158	0.06429	0.03969	0.07116	0.53526	0.10230	0.00932	0.01612	0.00739	0.00012

[dist]
# distance from previous block
# <min> <max>
2	38

[block]
# block no. 6 follows, 2588 sequences, length 75
# corresponding to MSA columns:
# 666,668,676,677,679-697,710-734,738,739,741-753,756-767
name=unknown_G
#
# <colnr> <probs for GDERKNQSTAVLIFYWHMCP>
#	G	D	E	R	K	N	Q	S	T	A	V	L	I	F	Y	W	H	M	C	P
0	0.08284	0.16457	0.58426	0.00195	0.00048	0.02066	0.00794	0.02932	0.01807	0.05174	0.00922	0.00029	0.00618	0.00014	0.00725	0.00141	0.00536	9.8e-05	7e-05	0.00814
1	0.00018	0.00014	0.00671	0.00018	0.00021	0.00012	0.00013	0.00451	0.02124	0.01230	0.17008	0.52900	0.18526	0.00467	0.01941	5.3e-05	8.3e-05	0.03538	0.00564	0.00472
2	0.03443	0.00022	0.01743	0.00023	0.00944	0.00021	0.00222	0.09711	0.10315	0.30056	0.19309	0.13183	0.03259	0.02224	0.00016	0.00222	0.00150	0.04006	0.00951	0.00182
3	0.00351	0.00015	0.00017	0.00017	0.00021	0.00013	0.00394	0.00505	0.01401	0.01947	0.41417	0.08718	0.37040	0.00973	0.00780	0.00166	7.4e-05	0.02008	0.00189	0.04021
4	0.00019	0.00013	0.00015	0.00016	0.00017	0.00013	0.00010	0.00021	0.00197	0.00398	0.16167	0.13352	0.12881	0.53004	0.02314	9.5e-05	0.00011	0.01027	0.00507	9.8e-05
5	0.03883	0.00018	0.00019	0.00018	0.00023	0.00235	0.00014	0.08701	0.05009	0.12862	0.01067	0.10911	0.07553	0.00823	0.00012	3.9e-05	8.4e-05	0.01408	0.46687	0.00745
6	0.17646	0.00022	0.00025	0.00021	0.00028	0.00022	0.00017	0.09082	0.08622	0.30709	0.03558	0.10529	0.03901	0.04865	0.00016	0.00178	0.00010	0.04559	0.06173	0.00017
7	0.02003	0.00023	0.00030	0.00023	0.00033	0.00022	0.00019	0.09525	0.03870	0.71879	0.01766	0.00327	0.05270	0.00018	0.00013	4.1e-05	0.00011	0.00352	0.04791	0.00021
8	0.00019	0.00014	0.00017	0.00018	0.00021	0.00013	0.00014	0.00024	0.02699	0.00805	0.21313	0.29003	0.18397	0.09737	0.00022	5.8e-05	8.7e-05	0.17626	0.00234	0.00012
9	0.01538	0.00017	0.00020	0.00018	0.00023	0.00016	0.00014	0.06842	0.03863	0.12808	0.36266	0.06240	0.27808	0.01351	0.00016	4.5e-05	8.2e-05	0.01345	0.01787	0.00014
10	0.96784	0.00026	0.00020	0.00018	0.00026	0.00030	0.00014	0.00385	0.00023	0.00577	0.00019	0.00023	0.00015	0.01641	9.3e-05	4.3e-05	0.00010	7.5e-05	0.00354	0.00014
11	0.16835	0.00025	0.00030	0.00024	0.00033	0.00024	0.00019	0.12187	0.01304	0.67294	0.01243	0.00041	0.00270	0.00016	0.00013	4.1e-05	0.00012	0.00253	0.00352	0.00021
12	0.31392	0.00018	0.00173	0.00018	0.00022	0.00019	0.00013	0.04333	0.01990	0.00416	0.03745	0.31784	0.00207	0.00280	0.00816	4.5e-05	8.9e-05	0.01802	0.22944	0.00013
13	0.00189	0.00013	0.00016	0.00018	0.00020	0.00012	0.00012	0.00238	0.00648	0.01637	0.05539	0.67401	0.14682	0.05738	0.00020	5.6e-05	8.1e-05	0.03464	0.00330	0.00011
14	0.86950	0.00026	0.00021	0.00018	0.00027	0.00029	0.00015	0.00917	0.00414	0.11117	0.00023	0.00025	0.00348	0.00013	8.9e-05	4.1e-05	0.00010	8.1e-05	9.3e-05	0.00015
15	0.00019	0.00013	0.00015	0.00015	0.00015	0.00013	8.2e-05	0.00019	0.00019	0.00026	0.00042	0.00547	0.00049	0.98592	0.00546	0.00013	0.00013	0.00020	8.1e-05	8.1e-05
16	0.00017	0.00012	0.00016	0.00018	0.00019	0.00011	0.00012	0.00209	0.00026	0.00223	0.02432	0.86804	0.01348	0.07754	0.00327	6e-05	8.3e-05	0.00735	0.00012	0.00011
17	0.01204	0.00014	0.00021	0.05273	0.03435	0.00014	0.00015	0.00273	0.00976	0.01902	0.10728	0.06077	0.03839	0.02059	0.00655	0.57244	0.00647	0.01058	0.01247	0.03319
18	0.00020	0.00015	0.00019	0.00019	0.00020	0.00016	0.00400	0.00022	0.00021	0.00028	0.00460	0.00071	0.01210	0.55581	0.35038	0.00015	0.07011	0.00017	7.7e-05	0.00010
19	0.00050	0.00064	0.00038	0.00034	0.00041	0.99476	0.00026	0.00053	0.00038	0.00033	0.00021	0.00024	0.00017	0.00014	0.00012	3.4e-05	0.00024	8.6e-05	6.9e-05	0.00016
20	0.00747	0.00024	0.00032	0.08867	0.03358	0.00133	0.00518	0.08824	0.14179	0.35537	0.04192	0.02243	0.02437	0.01300	0.00692	0.00299	0.10231	0.00265	0.06101	0.00019
21	0.00028	0.00027	0.00032	0.00032	0.10239	0.13226	0.01291	0.01499	0.00026	0.00547	0.00028	0.00290	0.00026	0.04665	0.40270	0.00012	0.20118	0.00013	7.1e-05	0.07623
22	0.00028	0.00024	0.00028	0.00982	0.01076	0.00018	0.00016	0.00034	0.00028	0.00044	0.00024	0.00028	0.00020	0.0001	0.0001	2e-05	0.00010	8e-05	7.9e-05	0.97603
23	0.00060	0.00023	0.00031	0.00024	0.00034	0.00020	0.00020	0.00823	0.00038	0.98698	0.00053	0.00045	0.00033	0.00017	0.00013	4.1e-05	0.00011	0.00013	0.00017	0.00023
24	0.00172	0.01427	0.06648	0.09001	0.30604	0.00215	0.37628	0.05470	0.01484	0.05294	0.00529	0.00250	0.00023	0.00013	0.00014	4.3e-05	0.00018	0.01178	7.7e-05	0.00019
25	0.00019	0.00014	0.00017	0.00016	0.00020	0.00013	0.00012	0.01192	0.00036	0.00049	0.69501	0.02508	0.25061	0.00029	0.00016	4.3e-05	6.6e-05	0.01461	0.00014	0.00012
26	0.00019	0.00013	0.00015	0.00015	0.00015	0.00013	8.3e-05	0.00020	0.00020	0.00026	0.00043	0.00089	0.00514	0.97730	0.00067	0.00013	0.00013	0.01351	8.2e-05	8.2e-05
27	0.00022	0.00015	0.00022	0.00025	0.00028	0.00015	0.00021	0.00028	0.00031	0.00040	0.00071	0.00961	0.00077	0.00037	0.00018	6.2e-05	0.00012	0.98547	0.00012	0.00012
28	0.99624	0.00026	0.00020	0.00018	0.00026	0.00030	0.00014	0.00039	0.00023	0.00060	0.00019	0.00022	0.00014	0.00012	8.3e-05	4.1e-05	0.00010	7.2e-05	8.3e-05	0.00014
29	0.00036	0.99538	0.00070	0.00023	0.00034	0.00053	0.00023	0.00040	0.00027	0.00031	0.00019	0.00021	0.00017	0.00011	8.6e-05	2.9e-05	0.00014	7.2e-05	5.7e-05	0.00017
30	0.00245	0.00024	0.00027	0.00024	0.00030	0.00027	0.00019	0.04858	0.59890	0.01956	0.28832	0.00720	0.01452	0.00021	0.00014	4.4e-05	9.5e-05	0.01592	0.00237	0.00018
31	0.98760	0.00026	0.00020	0.00018	0.00026	0.00030	0.00015	0.00902	0.00023	0.00060	0.00019	0.00022	0.00015	0.00012	8.3e-05	4.1e-05	0.00010	7.3e-05	8.3e-05	0.00015
32	0.00052	0.00036	0.00039	0.00030	0.00041	0.00039	0.00025	0.86422	0.00060	0.13069	0.00035	0.00034	0.00024	0.00016	0.00013	4e-05	0.00014	0.00012	0.00014	0.00023
33	0.00017	0.00012	0.00016	0.00019	0.00020	0.00011	0.00013	0.00019	0.00026	0.00034	0.00074	0.94972	0.00560	0.00424	0.00017	5.5e-05	7.9e-05	0.03730	0.00012	0.00011
34	0.03230	0.00024	0.00031	0.00024	0.00034	0.00023	0.00020	0.12590	0.07150	0.67750	0.00049	0.02224	0.00034	0.03501	0.00015	4.5e-05	0.00012	0.02276	0.00015	0.00992
35	0.00016	0.00012	0.00015	0.00018	0.00019	0.00011	0.00012	0.00019	0.00026	0.00035	0.01110	0.83412	0.14182	0.00422	0.00017	5.3e-05	7.7e-05	0.00637	0.00012	0.00011
36	0.99624	0.00026	0.00020	0.00018	0.00026	0.00030	0.00014	0.00039	0.00023	0.00060	0.00019	0.00022	0.00014	0.00012	8.3e-05	4.1e-05	0.00010	7.2e-05	8.3e-05	0.00014
37	0.76500	0.00025	0.00022	0.00019	0.00028	0.00028	0.00016	0.01186	0.00504	0.21067	0.00026	0.00028	0.00019	0.00013	9.5e-05	4.1e-05	0.00011	0.00468	0.00010	0.00016
38	0.03986	0.00020	0.00024	0.00021	0.00028	0.00228	0.00017	0.02892	0.05644	0.42308	0.08159	0.04706	0.12939	0.08889	0.00774	5.4e-05	0.00011	0.08974	0.00359	0.00017
39	0.00017	0.00013	0.00016	0.00017	0.00019	0.00011	0.00012	0.00020	0.00251	0.00311	0.11408	0.59514	0.23290	0.02829	0.00018	5.3e-05	7.6e-05	0.02217	0.00013	0.00011
40	0.47226	0.00024	0.00025	0.00021	0.00030	0.00025	0.00017	0.02746	0.00761	0.44458	0.02886	0.00036	0.00510	0.00513	0.00011	4.2e-05	0.00011	0.00011	0.00668	0.00018
41	0.05591	0.00022	0.00026	0.00022	0.00029	0.00022	0.00018	0.07046	0.19021	0.29162	0.18911	0.02191	0.06264	0.01721	0.04069	5.2e-05	0.00011	0.04239	0.01613	0.00018
42	0.00850	0.00016	0.00018	0.00017	0.00021	0.01847	0.00013	0.01601	0.03105	0.04697	0.23373	0.11749	0.37301	0.04689	0.00339	5e-05	8.3e-05	0.06806	0.03533	0.00013
43	0.05530	0.00026	0.00032	0.00025	0.00035	0.00024	0.00020	0.19441	0.00891	0.70954	0.01807	0.00043	0.00032	0.00261	0.00013	4.1e-05	0.00012	0.00339	0.00489	0.00022
44	0.00018	0.00014	0.00016	0.00016	0.00019	0.00012	0.00012	0.00022	0.00369	0.00270	0.42172	0.11957	0.38795	0.00836	0.02681	5.1e-05	7.7e-05	0.02520	0.00245	0.00012
45	0.00024	0.00015	0.00019	0.00019	0.00023	0.00014	0.00858	0.01606	0.01063	0.11736	0.10178	0.32871	0.21975	0.01804	0.00017	5.1e-05	8.9e-05	0.16015	0.01734	0.00013
46	0.01550	0.00019	0.00256	0.00021	0.00026	0.00240	0.00016	0.08335	0.24248	0.03725	0.15235	0.31921	0.08870	0.00298	0.00015	4.8e-05	9.2e-05	0.04365	0.00829	0.00015
47	0.02767	0.00933	0.01215	0.29394	0.33360	0.12291	0.04273	0.00417	0.00029	0.00210	0.00023	0.00032	0.00019	0.00014	0.00018	4.4e-05	0.14966	0.00011	6.4e-05	0.00017
48	0.00034	0.00033	0.00319	0.02642	0.12426	0.07919	0.34539	0.06989	0.07318	0.03371	0.01423	0.04478	0.01117	0.00231	0.00128	4.6e-05	0.11431	0.05317	0.00265	0.00018
49	0.00027	0.00385	0.77777	0.00035	0.00051	0.00028	0.00526	0.00424	0.00028	0.01425	0.01525	0.06334	0.00265	0.00191	0.00013	4.1e-05	0.01472	0.00012	6.6e-05	0.09471
50	0.00018	0.00013	0.00198	0.00017	0.00019	0.00012	0.00012	0.00019	0.00026	0.00200	0.04066	0.38190	0.29203	0.08668	0.01166	0.15285	8.9e-05	0.02367	0.00502	0.00010
51	0.02012	0.00016	0.00462	0.00596	0.00023	0.00265	0.00014	0.06647	0.06355	0.03988	0.23485	0.39457	0.07460	0.06360	0.00914	0.00142	9e-05	0.01381	0.00216	0.00198
52	0.00017	0.00012	0.00016	0.00018	0.00019	0.00011	0.00012	0.00655	0.00026	0.00035	0.02592	0.75354	0.12321	0.06574	0.00225	0.00208	8.1e-05	0.01875	0.00012	0.00011
53	0.01877	0.00017	0.00020	0.00018	0.00024	0.00015	0.00014	0.00869	0.00264	0.12937	0.15757	0.24539	0.12339	0.11012	0.00020	5.1e-05	9e-05	0.00719	0.00012	0.19535
54	0.00238	0.00013	0.00015	0.00015	0.00019	0.00012	0.00011	0.00194	0.00030	0.00533	0.11575	0.21569	0.59754	0.04918	0.00019	0.00651	7.3e-05	0.00406	0.00012	0.00011
55	0.00020	0.00014	0.00017	0.00018	0.00022	0.00013	0.00014	0.00025	0.00263	0.05094	0.19418	0.16881	0.33052	0.02147	0.00018	5.1e-05	8.5e-05	0.22323	0.00635	0.00012
56	0.81267	0.00025	0.00021	0.00018	0.00026	0.00029	0.00015	0.05441	0.00339	0.03203	0.00023	0.00026	0.00017	0.00013	9e-05	4e-05	0.00387	8.2e-05	0.09113	0.00015
57	0.65324	0.00022	0.00019	0.00018	0.00024	0.00025	0.00014	0.02393	0.00025	0.04067	0.00836	0.09528	0.09762	0.07649	0.00015	5e-05	0.00010	0.00241	9.6e-05	0.00014
58	0.00017	0.00013	0.00016	0.00016	0.00019	0.00012	0.00012	0.00022	0.00033	0.00043	0.42459	0.17559	0.39088	0.00033	0.00016	4.6e-05	6.8e-05	0.00606	0.00013	0.00012
59	0.00019	0.00013	0.00016	0.00016	0.00017	0.00014	0.00010	0.00020	0.00020	0.00027	0.00041	0.02046	0.00046	0.75088	0.22537	0.00015	0.00018	0.00019	8e-05	9e-05
60	0.00019	0.00013	0.00017	0.00017	0.00019	0.00013	0.00012	0.00024	0.00034	0.00807	0.70402	0.09598	0.04961	0.12092	0.00022	0.00213	7.4e-05	0.01144	0.00574	0.00012
61	0.00377	0.00015	0.00019	0.00018	0.00023	0.00014	0.00014	0.00815	0.00632	0.16643	0.24409	0.13089	0.25274	0.04262	0.00018	0.00832	8.6e-05	0.10996	0.02528	0.00014
62	0.00027	0.00756	0.98774	0.00038	0.00058	0.00031	0.00049	0.00042	0.00028	0.00042	0.00024	0.00028	0.00017	0.00013	0.00013	4.2e-05	0.00020	9.9e-05	5.6e-05	0.00020
63	0.01218	0.00206	0.00183	0.00026	0.00034	0.04386	0.00021	0.09216	0.46702	0.29519	0.04527	0.00911	0.01695	0.00405	0.00014	4.3e-05	0.00012	0.00661	0.00241	0.00021
64	0.02526	0.00014	0.00018	0.00019	0.00022	0.00013	0.00013	0.01492	0.02191	0.07930	0.09224	0.66046	0.06471	0.00958	0.00017	5.2e-05	8.2e-05	0.02662	0.00358	0.00013
65	0.00051	0.00037	0.00040	0.00031	0.00041	0.00041	0.00025	0.97633	0.01832	0.00084	0.00033	0.00032	0.00023	0.00016	0.00013	4e-05	0.00015	0.00012	0.00013	0.00023
66	0.00020	0.00393	0.00019	0.00017	0.00021	0.00013	0.00013	0.02046	0.00038	0.00630	0.96464	0.00098	0.00123	0.00027	0.00016	4.2e-05	6.5e-05	0.00024	0.00015	0.00013
67	0.00018	0.00014	0.00017	0.00017	0.00021	0.00013	0.01267	0.00022	0.00373	0.00641	0.04310	0.01818	0.65341	0.02131	0.00018	5.1e-05	8.5e-05	0.23942	0.00012	0.00012
68	0.00019	0.00013	0.00016	0.00018	0.00020	0.00012	0.00013	0.00233	0.00642	0.05757	0.03975	0.47831	0.33645	0.01466	0.00017	5.1e-05	8e-05	0.06285	0.00013	0.00012
69	0.00032	0.00036	0.00079	0.00056	0.00070	0.00034	0.99398	0.00043	0.00032	0.00043	0.00027	0.00036	0.00020	0.00011	0.00016	4.5e-05	0.00023	0.00016	6.8e-05	0.00018
70	0.00019	0.01270	0.00019	0.01781	0.00022	0.00014	0.00393	0.00274	0.01017	0.00052	0.89602	0.00099	0.04471	0.00027	0.00016	4.2e-05	6.8e-05	0.00886	0.00014	0.00013
71	0.26634	0.00023	0.00156	0.00295	0.01401	0.00024	0.00178	0.10470	0.11658	0.16428	0.04949	0.08189	0.08863	0.05903	0.02463	0.01249	0.00011	0.01076	0.00012	0.00016
72	0.00201	0.00026	0.00030	0.00026	0.00032	0.00029	0.00020	0.48253	0.00228	0.01077	0.02232	0.00177	0.01387	0.02229	0.38258	0.04802	0.00794	0.00014	0.00169	0.00017
73	0.01276	0.00013	0.00016	0.00016	0.00017	0.00014	0.00010	0.00021	0.00020	0.00028	0.00041	0.01759	0.00746	0.69076	0.24602	0.00483	0.00018	0.00018	0.01814	9.3e-05
74	0.00032	0.00031	0.00053	0.10314	0.84169	0.00031	0.03834	0.00040	0.00030	0.00043	0.01279	0.00034	0.00022	0.00012	0.00013	4e-05	0.00016	0.00012	6.7e-05	0.00020

[dist]
# distance from previous block
# <min> <max>
3	13

[block]
# block no. 7 follows, 2588 sequences, length 17
# corresponding to MSA columns:
# 792-795,798-801,805-810,812,813,823
name=unknown_H
#
# <colnr> <probs for GDERKNQSTAVLIFYWHMCP>
#	G	D	E	R	K	N	Q	S	T	A	V	L	I	F	Y	W	H	M	C	P
0	0.00031	0.00031	0.00665	0.19296	0.53117	0.01027	0.17412	0.00705	0.01111	0.00042	0.03976	0.01497	0.00026	0.00013	0.00014	4.2e-05	0.00994	0.00013	7e-05	0.00019
1	0.00026	0.00024	0.00041	0.96186	0.03402	0.00030	0.00037	0.00034	0.00027	0.00034	0.00024	0.00036	0.00018	0.00013	0.00013	4.4e-05	0.00018	0.00012	6e-05	0.00015
2	0.00017	0.00013	0.00015	0.00016	0.00019	0.00012	0.00011	0.00021	0.00031	0.01029	0.25027	0.18167	0.51321	0.02774	0.00017	4.9e-05	7.1e-05	0.01472	0.00013	0.00012
3	0.00019	0.00013	0.00015	0.00015	0.00015	0.00013	8.5e-05	0.00019	0.00020	0.00026	0.00044	0.07450	0.00051	0.90193	0.00064	0.01983	0.00013	0.00021	8.4e-05	8.3e-05
4	0.00027	0.00025	0.00041	0.30679	0.43433	0.00786	0.00873	0.00034	0.00028	0.00951	0.00036	0.20207	0.00035	0.01993	0.00015	4.6e-05	0.00015	0.00793	7.8e-05	0.00017
5	0.00023	0.00017	0.00025	0.13135	0.01495	0.00018	0.00023	0.01575	0.00031	0.01374	0.01109	0.00127	0.00066	0.00032	0.00017	5.7e-05	0.00013	0.77583	0.03317	0.00013
6	0.00051	0.00028	0.00033	0.00026	0.00036	0.00028	0.00021	0.21915	0.25578	0.52062	0.00049	0.00044	0.00033	0.00017	0.00013	4.2e-05	0.00012	0.00014	0.00015	0.00022
7	0.00028	0.00024	0.00028	0.00020	0.00032	0.00018	0.00016	0.00034	0.00028	0.00044	0.00024	0.00028	0.00020	9.9e-05	9.9e-05	2e-05	9.9e-05	7.9e-05	7.9e-05	0.99612
8	0.00016	0.00013	0.00015	0.00016	0.00019	0.00011	0.00011	0.00019	0.00028	0.00035	0.03212	0.38693	0.48174	0.06504	0.02106	0.01065	8.2e-05	0.00031	0.00012	0.00011
9	0.00029	0.00029	0.00041	0.00035	0.00035	0.00041	0.00029	0.00032	0.00020	0.00032	0.00018	0.00029	0.00018	0.00023	0.00044	5.9e-05	0.99505	0.00012	5.9e-05	0.00015
10	0.00031	0.14611	0.00045	0.00033	0.00035	0.02639	0.00028	0.00034	0.00022	0.00032	0.00018	0.00028	0.00017	0.00021	0.00038	5.4e-05	0.82330	0.00011	5.9e-05	0.00015
11	0.00031	0.01262	0.00041	0.00035	0.00036	0.06226	0.00029	0.01591	0.02471	0.01393	0.00019	0.00030	0.00018	0.00022	0.00040	5.6e-05	0.86717	0.00012	6.4e-05	0.00015
12	0.00019	0.00013	0.00016	0.00017	0.00018	0.00014	0.00011	0.00021	0.00021	0.00028	0.00045	0.12011	0.00050	0.62184	0.23923	0.00014	0.00018	0.01559	8.5e-05	9.4e-05
13	0.00027	0.00059	0.74697	0.14613	0.00064	0.00031	0.10240	0.00041	0.00028	0.00041	0.00024	0.00030	0.00017	0.00013	0.00013	4.3e-05	0.00020	0.00011	5.8e-05	0.00019
14	0.00024	0.00021	0.02380	0.01581	0.17663	0.00021	0.05329	0.01344	0.11022	0.01383	0.03585	0.41509	0.01999	0.00588	0.02806	5.4e-05	0.01882	0.06832	0.00011	0.00015
