[name]
unknown

[dist]
# distance from previous block
# <min> <max>
0	291

[block]
# block no. 0 follows, 2868 sequences, length 26
# corresponding to MSA columns:
# 348,349,352-375
name=unknown_A
#
# <colnr> <probs for GDERKNQSTAVLIFYWHMCP>
#	G	D	E	R	K	N	Q	S	T	A	V	L	I	F	Y	W	H	M	C	P
0	0.02678	0.01538	0.00038	0.04490	0.18186	0.25759	0.07576	0.17866	0.07636	0.09082	0.02918	0.00032	0.00024	0.00349	0.00352	3.7e-05	0.00669	0.00776	8.7e-05	0.00017
1	0.06957	0.06001	0.10110	0.10794	0.04788	0.03544	0.08303	0.12136	0.02487	0.13120	0.02610	0.03856	0.02062	0.01582	0.01778	0.00656	0.06720	0.01751	0.00500	0.00245
2	0.00018	0.00436	0.01357	0.01371	0.03172	0.01534	0.00636	0.00443	0.01433	0.04298	0.04329	0.65998	0.09136	0.00677	0.01282	4.8e-05	0.00962	0.02013	0.00889	0.00011
3	0.00613	0.04319	0.23923	0.03983	0.41978	0.02829	0.12387	0.01968	0.02038	0.01542	0.01398	0.01098	0.00517	0.00298	0.00012	3.7e-05	0.00463	0.00362	0.00249	0.00018
4	0.07780	0.17650	0.12096	0.05784	0.10160	0.08855	0.04463	0.10852	0.02764	0.12145	0.01752	0.01467	0.00786	0.00838	0.00316	3.7e-05	0.01599	0.00663	8e-05	0.00017
5	0.01435	0.02704	0.08537	0.03659	0.15269	0.00601	0.06720	0.05930	0.08104	0.04638	0.10251	0.06604	0.10230	0.00586	0.01023	0.10036	0.00757	0.02046	0.00293	0.00578
6	0.00386	0.00013	0.00276	0.02226	0.00339	0.00308	0.00257	0.00676	0.03562	0.01030	0.33952	0.27737	0.19584	0.00848	0.06233	0.00365	0.00530	0.01262	0.00405	0.00011
7	0.05268	0.16182	0.25287	0.04084	0.07180	0.10917	0.03703	0.06867	0.06179	0.05987	0.01058	0.02277	0.01270	0.00495	0.00326	3.7e-05	0.02186	0.00339	0.00374	0.00017
8	0.11175	0.04852	0.06756	0.10208	0.06946	0.04329	0.05872	0.08126	0.21220	0.05531	0.02879	0.02908	0.00968	0.00444	0.00490	3.8e-05	0.00780	0.00662	8.9e-05	0.05843
9	0.00418	0.00557	0.00017	0.00017	0.00019	0.00013	0.00870	0.00381	0.01145	0.01136	0.08443	0.14214	0.13112	0.20021	0.29508	0.06323	0.01493	0.01229	0.01074	9.9e-05
10	0.01978	0.13451	0.19291	0.08576	0.08733	0.09900	0.09547	0.04555	0.05168	0.03185	0.01779	0.03105	0.00743	0.01097	0.01955	4.1e-05	0.06521	0.00389	6.9e-05	0.00016
11	0.04729	0.07081	0.15402	0.04285	0.17789	0.07675	0.09592	0.09947	0.05609	0.11258	0.00635	0.01526	0.00420	0.00504	0.00896	3.9e-05	0.02035	0.00282	0.00313	0.00017
12	0.00286	0.00013	0.00016	0.00876	0.00020	0.00278	0.00296	0.00535	0.02162	0.06196	0.07309	0.54663	0.12852	0.02505	0.00303	0.03548	0.00397	0.07280	0.00454	0.00011
13	0.02476	0.06867	0.19302	0.10563	0.13321	0.03509	0.07697	0.05252	0.06138	0.07007	0.04412	0.02950	0.02949	0.01303	0.01725	0.00260	0.02559	0.00825	0.00871	0.00016
14	0.04789	0.05931	0.12589	0.07685	0.07254	0.09527	0.15833	0.14242	0.09933	0.08789	0.00824	0.00974	0.00517	0.00013	0.00012	3.7e-05	0.00717	0.00341	8.3e-05	0.00017
15	0.08994	0.09041	0.13128	0.13360	0.06628	0.02889	0.08644	0.07713	0.05849	0.08144	0.00594	0.09366	0.00891	0.00687	0.01068	0.00252	0.00658	0.01195	0.00885	0.00016
16	0.00493	0.00014	0.00290	0.01224	0.01480	0.00372	0.01628	0.02651	0.02234	0.04643	0.10843	0.38654	0.15278	0.05840	0.06796	0.02112	0.02656	0.01891	0.00890	0.00011
17	0.01881	0.24232	0.39033	0.02518	0.03191	0.05781	0.03392	0.05510	0.02567	0.06135	0.01160	0.01496	0.00939	0.00324	0.00251	3.6e-05	0.00726	0.00445	0.00400	0.00017
18	0.01264	0.66489	0.19261	0.00024	0.00036	0.04906	0.00604	0.03850	0.01309	0.00831	0.00019	0.00022	0.00016	0.00012	0.00753	3.1e-05	0.00572	7.4e-05	5.7e-05	0.00016
19	0.00719	0.00461	0.01551	0.00315	0.00024	0.05847	0.00818	0.06093	0.05757	0.16557	0.09941	0.32602	0.09290	0.01983	0.00247	0.00630	0.00359	0.04316	0.02475	0.00013
20	0.02779	0.05375	0.26315	0.04680	0.06352	0.02578	0.11362	0.04958	0.02787	0.05538	0.05572	0.04978	0.07923	0.00740	0.01224	4e-05	0.00870	0.01193	0.00341	0.04429
21	0.03879	0.09246	0.26794	0.00023	0.00032	0.00549	0.00496	0.01396	0.08958	0.10815	0.19075	0.08406	0.05094	0.01636	0.00013	4e-05	0.00011	0.02870	0.00408	0.00294
22	0.01004	0.00014	0.00914	0.00545	0.00022	0.00292	0.00351	0.02923	0.06644	0.07366	0.01088	0.56257	0.03390	0.03728	0.02875	0.02375	0.00398	0.09790	0.00011	0.00012
23	0.00229	0.00398	0.00443	0.00618	0.00428	0.00421	0.00954	0.01098	0.00708	0.03864	0.09302	0.28766	0.19152	0.15782	0.09953	0.01710	0.01825	0.02590	0.01242	0.00517
24	0.00863	0.15605	0.70056	0.00511	0.01142	0.01283	0.02718	0.01250	0.00874	0.02335	0.00564	0.01019	0.00307	0.00012	0.00387	3.7e-05	0.00393	0.00311	5.7e-05	0.00362
25	0.00017	0.01380	0.01785	0.00018	0.00020	0.00012	0.00013	0.01040	0.00469	0.00411	0.00624	0.55816	0.04136	0.11425	0.01584	5.9e-05	9.1e-05	0.21213	0.00011	0.00010

[dist]
# distance from previous block
# <min> <max>
7	62

[block]
# block no. 1 follows, 2868 sequences, length 7
# corresponding to MSA columns:
# 440-446
name=unknown_B
#
# <colnr> <probs for GDERKNQSTAVLIFYWHMCP>
#	G	D	E	R	K	N	Q	S	T	A	V	L	I	F	Y	W	H	M	C	P
0	0.01617	0.11765	0.59025	0.00030	0.00044	0.02107	0.02956	0.04272	0.01913	0.06692	0.01228	0.03760	0.01600	0.00014	0.00012	3.8e-05	0.01388	0.01549	6.8e-05	0.00017
1	0.02150	0.00016	0.01192	0.01066	0.01047	0.00014	0.01166	0.01981	0.01984	0.21720	0.16482	0.27886	0.16139	0.04239	0.00016	4.5e-05	8.3e-05	0.01582	0.01296	0.00013
2	0.02172	0.12569	0.33556	0.02254	0.04543	0.01903	0.06609	0.05388	0.02501	0.04442	0.05093	0.04317	0.03342	0.02965	0.03383	0.00993	0.01371	0.01062	0.00795	0.00743
3	0.02600	0.08018	0.24897	0.02994	0.06446	0.04609	0.06046	0.07748	0.06535	0.20080	0.01270	0.01578	0.01525	0.00771	0.00920	3.9e-05	0.01064	0.01017	0.00772	0.01105
4	0.03380	0.16699	0.32459	0.03025	0.04228	0.04794	0.06002	0.04038	0.04530	0.06795	0.01171	0.04511	0.01782	0.00941	0.01014	3.9e-05	0.01081	0.02664	0.00864	0.00016
5	0.00992	0.00015	0.00858	0.03463	0.00827	0.01288	0.00952	0.02115	0.02647	0.10768	0.08707	0.35231	0.11538	0.05638	0.09511	0.00815	0.01312	0.02001	0.01311	0.00012
6	0.02529	0.11376	0.14716	0.05179	0.15910	0.04982	0.06180	0.03648	0.05197	0.12678	0.02924	0.02381	0.02103	0.01008	0.01445	3.9e-05	0.01501	0.01300	0.00867	0.04071

[dist]
# distance from previous block
# <min> <max>
0	3

[block]
# block no. 2 follows, 2868 sequences, length 15
# corresponding to MSA columns:
# 450-464
name=unknown_C
#
# <colnr> <probs for GDERKNQSTAVLIFYWHMCP>
#	G	D	E	R	K	N	Q	S	T	A	V	L	I	F	Y	W	H	M	C	P
0	0.04341	0.06730	0.11550	0.06104	0.15191	0.05425	0.07660	0.11447	0.05040	0.14553	0.02023	0.02409	0.02264	0.01000	0.00665	3.9e-05	0.02210	0.00687	8.6e-05	0.00687
1	0.00019	0.00013	0.00476	0.00017	0.00019	0.00479	0.00530	0.00546	0.02255	0.07420	0.08416	0.53643	0.11144	0.07692	0.01730	0.00482	0.00524	0.03075	0.01508	0.00011
2	0.02402	0.05813	0.27327	0.06441	0.13108	0.02045	0.11158	0.06328	0.03202	0.05870	0.03178	0.06172	0.02782	0.01076	0.00760	4e-05	0.00943	0.00986	0.00389	0.00016
3	0.02388	0.08377	0.18630	0.05427	0.27338	0.04101	0.04837	0.05089	0.03309	0.09872	0.01503	0.01688	0.01111	0.00500	0.00420	3.8e-05	0.04062	0.00378	0.00440	0.00526
4	0.01517	0.10946	0.19029	0.09379	0.16139	0.01831	0.03925	0.05406	0.05310	0.08225	0.01609	0.06392	0.04465	0.00712	0.00594	3.9e-05	0.01924	0.01454	0.00725	0.00415
5	0.00764	0.00013	0.00016	0.00634	0.00019	0.00012	0.00012	0.00911	0.01209	0.08062	0.17393	0.30422	0.22918	0.08873	0.02869	5.5e-05	8.4e-05	0.05836	0.00011	0.00011
6	0.04270	0.18852	0.32740	0.02504	0.06119	0.03891	0.05669	0.04659	0.03988	0.11314	0.01025	0.01140	0.00474	0.00531	0.00470	3.7e-05	0.02316	0.00010	7.3e-05	0.00017
7	0.02212	0.10494	0.20434	0.09630	0.16038	0.06964	0.09018	0.06921	0.02972	0.08948	0.00989	0.00754	0.00976	0.00013	0.00589	3.8e-05	0.01716	0.00475	0.00443	0.00410
8	0.00428	0.01088	0.00505	0.04650	0.03442	0.00547	0.01954	0.00471	0.01658	0.02367	0.02953	0.42596	0.03672	0.11357	0.10626	0.03840	0.00012	0.07813	9.5e-05	0.00011
9	0.00553	0.00882	0.70871	0.05455	0.06417	0.02285	0.07899	0.01808	0.00716	0.00038	0.00023	0.00687	0.00017	0.00013	0.01112	4e-05	0.00636	9.8e-05	0.00555	0.00017
10	0.00018	0.00013	0.00558	0.00584	0.00758	0.00013	0.00632	0.01090	0.05576	0.00764	0.12077	0.33202	0.17520	0.19618	0.00024	5.9e-05	0.01109	0.06417	0.00011	0.00011
11	0.01335	0.03197	0.22081	0.18341	0.15672	0.03553	0.11396	0.05249	0.04942	0.03402	0.00833	0.05322	0.00466	0.00827	0.00645	4e-05	0.00589	0.01041	0.01087	0.00016
12	0.01300	0.00976	0.01406	0.16207	0.01642	0.06446	0.03168	0.04030	0.22343	0.05713	0.04653	0.19468	0.04713	0.00547	0.00481	4.3e-05	0.00410	0.04768	0.01710	0.00015
13	0.00018	0.00013	0.00615	0.00714	0.00740	0.00013	0.00615	0.02167	0.00730	0.02525	0.01375	0.55118	0.01294	0.02068	0.00588	0.01071	9e-05	0.30305	0.00011	0.00011
14	0.00015	0.00011	0.00014	0.00016	0.00017	0.00010	0.00011	0.00017	0.00022	0.00030	0.00060	0.75505	0.00072	0.18956	0.02171	6.5e-05	8.6e-05	0.03037	0.00010	9.4e-05

[dist]
# distance from previous block
# <min> <max>
0	1

[block]
# block no. 3 follows, 2868 sequences, length 37
# corresponding to MSA columns:
# 466-502
name=unknown_D
#
# <colnr> <probs for GDERKNQSTAVLIFYWHMCP>
#	G	D	E	R	K	N	Q	S	T	A	V	L	I	F	Y	W	H	M	C	P
0	0.65175	0.07245	0.09977	0.01400	0.01340	0.05303	0.04150	0.00850	0.00023	0.00989	0.00019	0.00645	0.00015	0.01809	9.9e-05	3.8e-05	0.01018	7.8e-05	7e-05	0.00014
1	0.00026	0.02053	0.56643	0.00939	0.07575	0.00694	0.02679	0.00806	0.01253	0.00695	0.00023	0.00346	0.00371	0.00011	0.00011	3.3e-05	0.00015	0.00294	6e-05	0.25557
2	0.01743	0.02295	0.08401	0.00381	0.00028	0.06232	0.01356	0.00496	0.00779	0.11838	0.02245	0.02677	0.00032	0.03843	0.43964	0.00214	0.08630	0.04825	7.8e-05	0.00013
3	0.00033	0.96656	0.00062	0.00021	0.00031	0.00047	0.00021	0.00953	0.00025	0.02036	0.00018	0.00020	0.00016	0.00010	7.9e-05	2.6e-05	0.00013	6.6e-05	5.4e-05	0.00016
4	0.06291	0.04162	0.10607	0.06364	0.11576	0.03111	0.07180	0.12002	0.01167	0.15637	0.01743	0.01029	0.00918	0.00238	0.00842	3.8e-05	0.06975	0.01504	0.00365	0.08285
5	0.05426	0.01342	0.01643	0.14512	0.06775	0.36509	0.00436	0.06387	0.00242	0.05542	0.00762	0.08253	0.00026	0.01131	0.00759	3.9e-05	0.01366	0.04145	0.04558	0.00182
6	0.08852	0.25976	0.07922	0.00026	0.00242	0.42361	0.00265	0.06346	0.00793	0.01583	0.00020	0.00023	0.00016	0.00309	0.00234	3.2e-05	0.00570	7.8e-05	0.00344	0.04106
7	0.00685	0.00019	0.00025	0.00020	0.00027	0.00017	0.00016	0.01175	0.04217	0.72677	0.02127	0.00043	0.00032	0.00015	0.00011	3.6e-05	9.3e-05	0.00012	0.18851	0.00019
8	0.00016	0.00012	0.00015	0.00015	0.00017	0.00012	0.00557	0.00019	0.00434	0.00033	0.16347	0.09823	0.40469	0.14999	0.16466	7.8e-05	0.00011	0.00727	0.00010	0.00010
9	0.00016	0.00011	0.00015	0.00016	0.00018	0.00010	0.00011	0.00019	0.00027	0.00036	0.27877	0.52478	0.14350	0.00976	0.00015	4.6e-05	6.7e-05	0.04091	0.00012	0.00010
10	0.00242	0.13749	0.26262	0.00835	0.04921	0.07405	0.04308	0.12703	0.26627	0.01415	0.00366	0.00032	0.00023	0.00620	0.00012	3.7e-05	0.00224	0.00226	8.3e-05	0.00018
11	0.00015	0.00012	0.00013	0.00013	0.00017	0.00010	9.8e-05	0.00018	0.00027	0.00034	0.11038	0.15532	0.70216	0.02141	0.00015	4.4e-05	6.4e-05	0.00857	0.00011	0.00010
12	0.00031	0.00034	0.00526	0.11427	0.01661	0.21841	0.16854	0.01115	0.04129	0.00655	0.00849	0.00029	0.00018	0.00016	0.00023	4.3e-05	0.40756	0.00011	6.1e-05	0.00014
13	0.00498	0.00024	0.00029	0.00022	0.00031	0.00022	0.00018	0.21734	0.00761	0.49464	0.00737	0.00035	0.00025	0.00400	0.00011	3.2e-05	0.00011	0.00011	0.00414	0.25752
14	0.91952	0.00025	0.03801	0.02139	0.00580	0.00027	0.00682	0.00036	0.00021	0.00626	0.00017	0.00020	0.00013	0.00011	7.8e-05	3.7e-05	9.9e-05	6.8e-05	7.4e-05	0.00013
15	0.00050	0.02550	0.01036	0.00023	0.00033	0.00022	0.03143	0.13285	0.02223	0.75018	0.02006	0.00040	0.00030	0.00015	0.00012	3.7e-05	0.00011	0.00465	0.00014	0.00020
16	0.99661	0.00023	0.00018	0.00016	0.00023	0.00027	0.00013	0.00036	0.00021	0.00054	0.00017	0.00020	0.00013	0.00011	7.5e-05	3.7e-05	9.3e-05	6.5e-05	7.5e-05	0.00013
17	0.99661	0.00023	0.00018	0.00016	0.00023	0.00027	0.00013	0.00036	0.00021	0.00054	0.00017	0.00020	0.00013	0.00011	7.5e-05	3.7e-05	9.3e-05	6.5e-05	7.5e-05	0.00013
18	0.00027	0.00596	0.00025	0.00023	0.00360	0.00399	0.00018	0.00450	0.76049	0.00465	0.13486	0.06380	0.01083	0.00019	0.00013	4.1e-05	8.9e-05	0.00566	0.00012	0.00017
19	0.00026	0.26333	0.73261	0.00031	0.00047	0.00033	0.00038	0.00038	0.00025	0.00036	0.00020	0.00024	0.00015	0.00011	0.00010	3.5e-05	0.00017	8.3e-05	5.1e-05	0.00017
20	0.01043	0.00025	0.00031	0.00024	0.00033	0.00025	0.00020	0.36747	0.00043	0.61818	0.00040	0.00036	0.00026	0.00015	0.00012	3.7e-05	0.00011	0.00012	0.00014	0.00020
21	0.00031	0.00279	0.01288	0.00038	0.00311	0.04365	0.58052	0.02048	0.02015	0.11310	0.00031	0.00386	0.00023	0.00012	0.00013	3.8e-05	0.00626	0.02470	0.16682	0.00016
22	0.00032	0.98154	0.00063	0.00021	0.00031	0.00048	0.00021	0.01463	0.00025	0.00029	0.00017	0.00020	0.00016	0.00010	7.8e-05	2.6e-05	0.00013	6.5e-05	5.3e-05	0.00016
23	0.00021	0.00011	0.00016	0.00016	0.00016	0.00011	0.00010	0.00016	0.00016	0.00021	0.00023	0.00040	0.00023	0.08335	0.00734	0.89919	0.00011	0.00011	0.00747	5.5e-05
24	0.07870	0.00021	0.00026	0.00021	0.00029	0.00618	0.00017	0.01753	0.08645	0.72977	0.05173	0.00042	0.00033	0.00015	0.00012	3.7e-05	9.9e-05	0.00012	0.02701	0.00019
25	0.04651	0.09506	0.30483	0.00623	0.00579	0.05864	0.12700	0.28409	0.00519	0.04011	0.00025	0.00696	0.00019	0.01044	0.00303	3.8e-05	0.00321	0.00220	7.9e-05	0.00018
26	0.00020	0.00015	0.00020	0.00873	0.01222	0.00855	0.01020	0.00026	0.01896	0.00036	0.00066	0.01106	0.05979	0.00032	0.00016	5.4e-05	0.00011	0.86779	0.00011	0.00011
27	0.00015	0.00011	0.00014	0.00017	0.00018	9.9e-05	0.00011	0.00017	0.00024	0.00031	0.02000	0.93382	0.01992	0.00037	0.00015	4.9e-05	7.1e-05	0.02372	0.00011	9.9e-05
28	0.00018	0.00014	0.00790	0.00806	0.00022	0.00243	0.05063	0.01203	0.00934	0.01384	0.01073	0.52536	0.00800	0.07842	0.12068	0.00200	0.00417	0.14316	0.00259	0.00011
29	0.00023	0.00022	0.00037	0.95384	0.01263	0.00027	0.00673	0.00031	0.00555	0.00499	0.00022	0.00032	0.00016	0.00012	0.00012	4e-05	0.01359	0.00011	5.5e-05	0.00014
30	0.00020	0.00014	0.00021	0.00023	0.00026	0.00014	0.02737	0.00026	0.00028	0.00767	0.00063	0.01874	0.00068	0.00033	0.00017	5.5e-05	0.00011	0.94232	0.00011	0.00011
31	0.00017	0.00013	0.00661	0.00019	0.00022	0.00015	0.00015	0.00022	0.00020	0.00028	0.00033	0.00618	0.00639	0.01431	0.96366	0.00019	0.00032	0.00013	6.5e-05	0.00011
32	0.00688	0.01004	0.01598	0.01904	0.00782	0.00868	0.05242	0.05678	0.27584	0.01006	0.05779	0.31262	0.07387	0.00025	0.00239	4.4e-05	9.7e-05	0.08306	0.00620	0.00014
33	0.00758	0.00022	0.00036	0.85923	0.05829	0.00026	0.00033	0.00031	0.00025	0.01409	0.00024	0.00036	0.00019	0.00013	0.00013	4.1e-05	0.01537	0.04242	5.8e-05	0.00014
34	0.00020	0.00011	0.00016	0.00016	0.00017	0.00011	0.00011	0.00017	0.00017	0.00022	0.00025	0.00871	0.00025	0.07015	0.17284	0.74584	0.00014	0.00012	5.7e-05	6.4e-05
35	0.13488	0.00020	0.00024	0.00019	0.00027	0.00018	0.00015	0.02746	0.00525	0.62957	0.00568	0.00591	0.01649	0.02449	0.00012	3.8e-05	9.5e-05	0.00400	0.14461	0.00018
36	0.00618	0.08730	0.75989	0.00033	0.00790	0.03965	0.02787	0.02069	0.00424	0.02375	0.01269	0.00027	0.00017	0.00012	0.00264	3.7e-05	0.00359	0.00245	5.7e-05	0.00017

[dist]
# distance from previous block
# <min> <max>
1	2

[block]
# block no. 4 follows, 2868 sequences, length 11
# corresponding to MSA columns:
# 506-516
name=unknown_E
#
# <colnr> <probs for GDERKNQSTAVLIFYWHMCP>
#	G	D	E	R	K	N	Q	S	T	A	V	L	I	F	Y	W	H	M	C	P
0	0.00029	0.00642	0.02465	0.16359	0.23004	0.10560	0.05211	0.01305	0.00578	0.01399	0.00810	0.00829	0.00750	0.00634	0.00623	4.4e-05	0.32818	0.01414	0.00549	0.00015
1	0.72836	0.04918	0.01555	0.01607	0.05452	0.04859	0.02012	0.03662	0.00024	0.01047	0.00019	0.00023	0.00015	0.00012	8.8e-05	3.7e-05	0.01017	0.00910	7.4e-05	0.00014
2	0.00018	0.00013	0.00017	0.01301	0.00019	0.00014	0.00012	0.01229	0.00019	0.00027	0.00035	0.02184	0.00037	0.42948	0.38955	0.06166	0.02354	0.03510	0.01133	9.2e-05
3	0.02667	0.02016	0.04150	0.03853	0.57894	0.01387	0.04804	0.07515	0.06639	0.01655	0.00938	0.00032	0.00652	0.00012	0.00012	3.6e-05	0.00802	0.00604	0.00703	0.03661
4	0.00644	0.00015	0.00019	0.00018	0.00639	0.00015	0.00629	0.01461	0.12084	0.07561	0.54575	0.03205	0.07418	0.03274	0.03679	4.7e-05	0.00927	0.01545	0.01311	0.00977
5	0.00684	0.05843	0.52227	0.03342	0.07305	0.01916	0.03230	0.05621	0.11028	0.01455	0.01668	0.00032	0.02421	0.00755	0.00851	4e-05	0.01582	0.00011	6.9e-05	0.00017
6	0.00019	0.00018	0.09040	0.00680	0.00023	0.00015	0.00837	0.00787	0.09514	0.00721	0.27179	0.20902	0.23578	0.01380	0.01934	0.00758	8.6e-05	0.01885	0.00011	0.00710
7	0.00022	0.02243	0.01843	0.00021	0.01482	0.04902	0.03898	0.03488	0.04543	0.04294	0.08206	0.32922	0.14293	0.01997	0.05237	5.3e-05	0.00011	0.10570	0.00011	0.00012
8	0.00921	0.54550	0.24975	0.00026	0.00037	0.08736	0.00906	0.03048	0.00988	0.01598	0.01345	0.00024	0.00018	0.00911	0.00010	3.2e-05	0.01877	7.9e-05	5.8e-05	0.00016
9	0.00547	0.00678	0.13812	0.04155	0.00962	0.01344	0.01768	0.01955	0.08435	0.01609	0.07578	0.12189	0.09644	0.05603	0.22703	0.01928	0.00921	0.03007	0.01151	0.00013
10	0.00031	0.01055	0.05277	0.00693	0.00040	0.03613	0.26351	0.29571	0.04842	0.00829	0.03352	0.14766	0.01836	0.00018	0.00015	4e-05	0.04846	0.01439	9.3e-05	0.01413

[dist]
# distance from previous block
# <min> <max>
2	3

[block]
# block no. 5 follows, 2868 sequences, length 12
# corresponding to MSA columns:
# 523-534
name=unknown_F
#
# <colnr> <probs for GDERKNQSTAVLIFYWHMCP>
#	G	D	E	R	K	N	Q	S	T	A	V	L	I	F	Y	W	H	M	C	P
0	0.03416	0.02383	0.56315	0.00028	0.00041	0.00024	0.03988	0.02654	0.01638	0.02442	0.20800	0.00763	0.03630	0.01077	0.00013	3.9e-05	0.00014	0.00747	7.8e-05	0.00016
1	0.03522	0.00021	0.01236	0.00021	0.00030	0.00018	0.00017	0.01857	0.01830	0.81283	0.04648	0.00045	0.04314	0.00016	0.00012	3.8e-05	0.01079	0.00013	0.00014	0.00019
2	0.99661	0.00023	0.00018	0.00016	0.00023	0.00027	0.00013	0.00036	0.00021	0.00054	0.00017	0.00020	0.00013	0.00011	7.5e-05	3.7e-05	9.3e-05	6.5e-05	7.5e-05	0.00013
3	0.00015	0.00012	0.00013	0.00014	0.00017	0.00011	0.00010	0.00019	0.02157	0.00034	0.08270	0.12962	0.72346	0.01522	0.01245	4.5e-05	6.7e-05	0.01319	0.00011	0.00010
4	0.00030	0.04772	0.00878	0.01531	0.83848	0.02294	0.01585	0.01471	0.00939	0.00809	0.00024	0.00866	0.00020	0.00011	0.00012	3.6e-05	0.00014	0.00866	6.2e-05	0.00019
5	0.05926	0.01755	0.00035	0.03500	0.01277	0.04192	0.01058	0.70049	0.05541	0.00999	0.01085	0.00030	0.00022	0.00735	0.01334	3.9e-05	0.02418	0.00011	0.00011	0.00019
6	0.01093	0.00017	0.00022	0.00018	0.00025	0.00016	0.00015	0.01635	0.03457	0.47131	0.32099	0.00063	0.06754	0.00019	0.00013	3.8e-05	8.3e-05	0.01408	0.06188	0.00016
7	0.00787	0.00733	0.01637	0.00025	0.00684	0.00765	0.01718	0.10405	0.76373	0.03386	0.01107	0.00044	0.00745	0.00017	0.00666	4.1e-05	0.00011	0.00863	0.00012	0.00019
8	0.00017	0.00012	0.00014	0.00015	0.00017	0.00011	0.00011	0.00019	0.00024	0.02117	0.06044	0.30941	0.27665	0.21961	0.03238	6.6e-05	8.9e-05	0.06782	0.01086	9.8e-05
9	0.01277	0.00539	0.10489	0.11071	0.20299	0.01438	0.10208	0.03124	0.04535	0.04579	0.02177	0.14799	0.05119	0.01009	0.02063	4.5e-05	0.03858	0.03388	8.1e-05	0.00015
10	0.00016	0.00012	0.00014	0.00014	0.00017	0.00011	0.00010	0.00020	0.00029	0.01125	0.37214	0.03530	0.48591	0.05911	0.01080	4.6e-05	6.7e-05	0.01315	0.01067	0.00011
11	0.00544	0.04870	0.25004	0.05132	0.21883	0.02769	0.05007	0.11742	0.05072	0.01759	0.03999	0.00652	0.06290	0.00712	0.00494	3.9e-05	0.02409	0.00916	0.00725	0.00017

[dist]
# distance from previous block
# <min> <max>
3	4

[block]
# block no. 6 follows, 2868 sequences, length 23
# corresponding to MSA columns:
# 541-563
name=unknown_G
#
# <colnr> <probs for GDERKNQSTAVLIFYWHMCP>
#	G	D	E	R	K	N	Q	S	T	A	V	L	I	F	Y	W	H	M	C	P
0	0.00646	0.00020	0.00027	0.00021	0.00030	0.00018	0.00018	0.01893	0.00771	0.88404	0.02713	0.00600	0.00486	0.00016	0.00012	3.8e-05	0.00010	0.03085	0.00509	0.00717
1	0.00017	0.00013	0.00019	0.00019	0.00020	0.00015	0.00014	0.00021	0.00019	0.00027	0.00033	0.00053	0.00032	0.17073	0.81023	0.00018	0.01554	0.00014	6.6e-05	0.00010
2	0.99661	0.00023	0.00018	0.00016	0.00023	0.00027	0.00013	0.00036	0.00021	0.00054	0.00017	0.00020	0.00013	0.00011	7.5e-05	3.7e-05	9.3e-05	6.5e-05	7.5e-05	0.00013
3	0.00021	0.00016	0.00402	0.02410	0.01554	0.01463	0.01655	0.00556	0.13217	0.00031	0.00037	0.09405	0.00036	0.07108	0.37342	0.17877	0.01417	0.05434	7.7e-05	0.00011
4	0.00017	0.00011	0.00015	0.00017	0.00018	0.00011	0.00012	0.00535	0.00548	0.04515	0.00065	0.87275	0.01081	0.01357	0.00763	5e-05	7.6e-05	0.03172	0.00567	0.00010
5	0.01034	0.00571	0.00043	0.20915	0.55085	0.00522	0.01121	0.18175	0.00032	0.00911	0.00522	0.00030	0.00019	0.00012	0.00012	3.7e-05	0.00955	0.00011	7.1e-05	0.00018
6	0.11966	0.00024	0.00318	0.00331	0.00377	0.02722	0.00521	0.22561	0.20046	0.17570	0.18623	0.00045	0.00555	0.00379	0.00676	3.9e-05	0.00573	0.00013	0.01628	0.01068
7	0.00024	0.02244	0.97333	0.00034	0.00052	0.00028	0.00044	0.00038	0.00025	0.00038	0.00022	0.00025	0.00015	0.00011	0.00011	3.8e-05	0.00018	8.9e-05	5.1e-05	0.00018
8	0.03060	0.00337	0.00844	0.04893	0.19598	0.10973	0.11736	0.15738	0.11407	0.12040	0.00535	0.00352	0.02400	0.00014	0.00013	3.8e-05	0.02376	0.03653	9.1e-05	0.00017
9	0.99661	0.00023	0.00018	0.00016	0.00023	0.00027	0.00013	0.00036	0.00021	0.00054	0.00017	0.00020	0.00013	0.00011	7.5e-05	3.7e-05	9.3e-05	6.5e-05	7.5e-05	0.00013
10	0.00020	0.00016	0.00019	0.00017	0.00021	0.00646	0.00628	0.00031	0.19904	0.02162	0.62326	0.00083	0.12413	0.00023	0.00014	3.9e-05	0.00619	0.01028	0.00013	0.00013
11	0.00026	0.00026	0.00037	0.00032	0.00032	0.00037	0.00026	0.00029	0.00019	0.00029	0.00016	0.00026	0.00016	0.00021	0.00040	5.3e-05	0.99553	0.00011	5.3e-05	0.00013
12	0.00023	0.00021	0.00036	0.99546	0.00083	0.00027	0.00034	0.00031	0.00024	0.00031	0.00021	0.00032	0.00016	0.00012	0.00012	4e-05	0.00016	0.00011	5.4e-05	0.00013
13	0.00015	0.00011	0.00015	0.00017	0.00018	0.00010	0.00753	0.00017	0.00024	0.00031	0.03172	0.92424	0.01031	0.01116	0.00016	4.9e-05	7.2e-05	0.01298	0.00011	9.9e-05
14	0.00019	0.00014	0.00017	0.00016	0.00019	0.00012	0.00012	0.00025	0.00035	0.02606	0.92387	0.00092	0.04647	0.00026	0.00015	4.1e-05	6.3e-05	0.00022	0.00014	0.00012
15	0.00024	0.00022	0.00037	0.99529	0.00084	0.00028	0.00034	0.00032	0.00025	0.00032	0.00023	0.00034	0.00017	0.00013	0.00013	4.3e-05	0.00017	0.00011	5.8e-05	0.00014
16	0.00018	0.00428	0.00019	0.00021	0.10967	0.00415	0.00402	0.00022	0.00954	0.00036	0.04859	0.03586	0.74945	0.00029	0.00850	4.4e-05	0.00386	0.01190	0.00011	0.00858
17	0.00046	0.00034	0.00036	0.00028	0.00037	0.00037	0.00023	0.99460	0.00057	0.00076	0.00029	0.00029	0.00021	0.00015	0.00012	3.6e-05	0.00013	0.00011	0.00012	0.00021
18	0.00025	0.00022	0.00026	0.00019	0.02335	0.00016	0.00015	0.00031	0.00025	0.00039	0.00022	0.00025	0.00018	9e-05	9e-05	1.8e-05	9.1e-05	7.2e-05	7.1e-05	0.97339
19	0.00018	0.00012	0.00014	0.00014	0.00015	0.00013	8.6e-05	0.00020	0.03480	0.00025	0.00038	0.00074	0.00042	0.84472	0.11696	0.00012	0.00014	0.00017	7.4e-05	8.1e-05
20	0.03587	0.81132	0.00057	0.00022	0.00032	0.14941	0.00021	0.00038	0.00026	0.00030	0.00017	0.00020	0.00015	0.00011	8.2e-05	2.7e-05	0.00014	6.7e-05	5.4e-05	0.00015
21	0.01072	0.01888	0.00034	0.00027	0.01300	0.15959	0.01225	0.49249	0.00795	0.25356	0.00478	0.00481	0.00023	0.00419	0.00012	3.6e-05	0.00014	0.00011	0.00011	0.01642
22	0.07936	0.01772	0.01789	0.00033	0.03503	0.24672	0.21954	0.16458	0.00500	0.20034	0.00408	0.00030	0.00020	0.00013	0.00012	3.6e-05	0.00426	0.00011	0.00408	0.00017

[dist]
# distance from previous block
# <min> <max>
0	2

[block]
# block no. 7 follows, 2868 sequences, length 16
# corresponding to MSA columns:
# 566-581
name=unknown_H
#
# <colnr> <probs for GDERKNQSTAVLIFYWHMCP>
#	G	D	E	R	K	N	Q	S	T	A	V	L	I	F	Y	W	H	M	C	P
0	0.02463	0.00024	0.00039	0.62998	0.26315	0.00942	0.00033	0.00966	0.04831	0.01241	0.00023	0.00032	0.00018	0.00012	0.00012	3.9e-05	0.00015	0.00011	6.1e-05	0.00015
1	0.00023	0.00021	0.00036	0.99546	0.00083	0.00027	0.00034	0.00031	0.00024	0.00031	0.00021	0.00032	0.00016	0.00012	0.00012	4e-05	0.00016	0.00011	5.4e-05	0.00013
2	0.00027	0.00028	0.02460	0.00037	0.00041	0.00034	0.29004	0.00032	0.00022	0.00032	0.00021	0.00034	0.00019	0.00018	0.00030	4.9e-05	0.62834	0.05301	5.8e-05	0.00014
3	0.00030	0.00026	0.00027	0.00025	0.00031	0.00030	0.00019	0.00064	0.99478	0.00051	0.00049	0.00045	0.00037	0.00016	0.00012	4.1e-05	9.6e-05	0.00014	0.00012	0.00019
4	0.01893	0.00033	0.00035	0.00027	0.00037	0.00037	0.00023	0.91611	0.03470	0.02667	0.00030	0.00030	0.00021	0.00015	0.00012	3.6e-05	0.00013	0.00011	0.00012	0.00020
5	0.00018	0.00012	0.00013	0.00013	0.00013	0.00012	7.3e-05	0.00018	0.00018	0.00023	0.00038	0.00079	0.00044	0.99575	0.00061	0.00012	0.00012	0.00018	7.3e-05	7.3e-05
6	0.01176	0.00022	0.00027	0.00022	0.00030	0.00021	0.00018	0.14502	0.04880	0.66722	0.08778	0.00044	0.00036	0.00016	0.00012	3.7e-05	0.00010	0.00013	0.03649	0.00019
7	0.08714	0.00950	0.02827	0.00998	0.01338	0.00033	0.00616	0.67148	0.00047	0.13786	0.00031	0.01957	0.00022	0.00015	0.00012	3.7e-05	0.00774	0.00698	0.00012	0.00019
8	0.00019	0.00013	0.00016	0.00015	0.00018	0.00012	0.00011	0.00957	0.00877	0.03084	0.75522	0.04401	0.05174	0.00024	0.00014	3.8e-05	6.1e-05	0.01180	0.08641	0.00012
9	0.01455	0.19060	0.32296	0.00024	0.00584	0.01201	0.02625	0.01168	0.00486	0.00986	0.00516	0.00439	0.00564	0.17872	0.07326	0.11217	0.01045	0.01118	6.1e-05	0.00013
10	0.00018	0.00013	0.00016	0.00015	0.00019	0.00012	0.00012	0.00964	0.01150	0.02998	0.83962	0.01224	0.08120	0.00025	0.00014	3.8e-05	6e-05	0.00022	0.01395	0.00012
11	0.00021	0.00016	0.00020	0.00020	0.00023	0.00017	0.00015	0.10630	0.05973	0.00999	0.07130	0.12849	0.10528	0.04711	0.27136	0.00952	0.00660	0.18278	0.0001	0.00012
12	0.00026	0.00021	0.00025	0.00018	0.00029	0.00016	0.00014	0.01612	0.00026	0.02212	0.00022	0.00026	0.00018	9.2e-05	9.1e-05	1.9e-05	9e-05	7.4e-05	0.01578	0.94319
13	0.00023	0.06373	0.48816	0.00027	0.01036	0.00622	0.01903	0.00564	0.00028	0.01102	0.25152	0.09744	0.01089	0.00018	0.00013	3.9e-05	0.01394	0.01256	0.00822	0.00015
14	0.00018	0.00013	0.00016	0.00015	0.00018	0.00012	0.00011	0.01107	0.01056	0.04701	0.38030	0.20209	0.27619	0.04460	0.00016	4.5e-05	6.8e-05	0.01956	0.00012	0.00719
15	0.02482	0.58436	0.20940	0.00557	0.00875	0.05772	0.00687	0.01893	0.02361	0.00854	0.00518	0.00023	0.00017	0.00011	9.2e-05	3e-05	0.00014	0.00605	5.8e-05	0.03938

[dist]
# distance from previous block
# <min> <max>
10	14

[block]
# block no. 8 follows, 2868 sequences, length 28
# corresponding to MSA columns:
# 600-627
name=unknown_I
#
# <colnr> <probs for GDERKNQSTAVLIFYWHMCP>
#	G	D	E	R	K	N	Q	S	T	A	V	L	I	F	Y	W	H	M	C	P
0	0.00015	0.00012	0.00014	0.00015	0.00017	0.00010	0.00011	0.00018	0.00026	0.00034	0.14562	0.42305	0.37157	0.00732	0.01781	4.7e-05	7e-05	0.01695	0.01574	0.00010
1	0.00027	0.04378	0.16667	0.43776	0.21267	0.00372	0.00622	0.08225	0.02215	0.00038	0.00416	0.00031	0.01014	0.00012	0.00012	3.8e-05	0.00890	0.00011	6.2e-05	0.00016
2	0.00017	0.00013	0.00560	0.02447	0.00020	0.00012	0.00012	0.00021	0.03086	0.00036	0.26774	0.07701	0.37652	0.02289	0.01644	0.09551	7.9e-05	0.07776	0.00370	0.00010
3	0.00031	0.73711	0.09044	0.00025	0.04069	0.00043	0.02996	0.01460	0.05814	0.00032	0.00853	0.00024	0.00483	0.00011	9.3e-05	2.9e-05	0.01361	7.8e-05	5.8e-05	0.00016
4	0.00025	0.00021	0.00023	0.00393	0.00416	0.00023	0.00016	0.00047	0.60012	0.00562	0.23559	0.00994	0.02852	0.07160	0.02695	5e-05	9.4e-05	0.01159	0.00012	0.00016
5	0.00021	0.00014	0.00019	0.00018	0.01017	0.00015	0.00013	0.05102	0.01372	0.05375	0.00040	0.00063	0.03915	0.35155	0.44678	0.00014	0.00021	0.03130	7.9e-05	0.00011
6	0.00023	0.00021	0.00036	0.92484	0.00630	0.00026	0.00990	0.00031	0.00024	0.00031	0.00023	0.01793	0.00018	0.00013	0.00013	4.1e-05	0.01301	0.01222	0.01303	0.00013
7	0.03933	0.00028	0.00032	0.00025	0.00034	0.00029	0.00020	0.54826	0.00046	0.39185	0.00036	0.00034	0.00024	0.00015	0.00012	3.7e-05	0.00012	0.00011	0.01675	0.00020
8	0.29721	0.00030	0.00031	0.00024	0.00033	0.00034	0.00899	0.66108	0.01233	0.00678	0.00026	0.00026	0.00019	0.00014	0.00011	3.7e-05	0.01070	9.7e-05	0.00011	0.00018
9	0.96586	0.00024	0.00018	0.00016	0.00024	0.00027	0.00013	0.03104	0.00022	0.00055	0.00017	0.00020	0.00013	0.00011	7.6e-05	3.7e-05	9.5e-05	6.7e-05	7.6e-05	0.00013
10	0.00047	0.00022	0.00029	0.00025	0.06910	0.00019	0.00019	0.01103	0.00032	0.72913	0.00041	0.00037	0.00027	0.00014	0.00012	3.4e-05	0.01802	0.00011	0.00013	0.16922
11	0.99661	0.00023	0.00018	0.00016	0.00023	0.00027	0.00013	0.00036	0.00021	0.00054	0.00017	0.00020	0.00013	0.00011	7.5e-05	3.7e-05	9.3e-05	6.5e-05	7.5e-05	0.00013
12	0.99661	0.00023	0.00018	0.00016	0.00023	0.00027	0.00013	0.00036	0.00021	0.00054	0.00017	0.00020	0.00013	0.00011	7.5e-05	3.7e-05	9.3e-05	6.5e-05	7.5e-05	0.00013
13	0.00029	0.00033	0.00071	0.00051	0.00063	0.00031	0.99456	0.00039	0.00029	0.00039	0.00024	0.00033	0.00018	0.00010	0.00014	4.1e-05	0.00020	0.00014	6.1e-05	0.00016
14	0.07246	0.00036	0.00035	0.00032	0.04197	0.31884	0.00024	0.05592	0.00026	0.00034	0.00018	0.00025	0.00016	0.00018	0.01219	4.5e-05	0.48891	9.4e-05	0.00677	0.00014
15	0.00017	0.00013	0.00017	0.00016	0.00019	0.00012	0.02866	0.00022	0.00033	0.00046	0.79997	0.00093	0.16753	0.00025	0.00014	3.9e-05	6.2e-05	0.00022	0.00013	0.00011
16	0.00044	0.00056	0.00037	0.00032	0.00039	0.93265	0.06281	0.00048	0.00034	0.00030	0.00019	0.00022	0.00016	0.00012	0.00011	3.2e-05	0.00022	8.2e-05	6.2e-05	0.00014
17	0.00029	0.00027	0.00043	0.04157	0.69407	0.00029	0.00032	0.00043	0.23730	0.00042	0.00995	0.00036	0.00025	0.00013	0.00012	3.8e-05	0.00013	0.01338	7.6e-05	0.00019
18	0.00027	0.00023	0.00024	0.00022	0.00028	0.03638	0.00017	0.00052	0.66898	0.00049	0.29018	0.00057	0.00059	0.00019	0.00013	4e-05	8.9e-05	0.00016	0.00012	0.00017
19	0.00031	0.33636	0.40363	0.00028	0.00041	0.00567	0.01789	0.18012	0.00031	0.01895	0.00022	0.00025	0.00017	0.00014	0.03476	3.9e-05	0.00016	8.7e-05	6.6e-05	0.00017
20	0.00041	0.00032	0.00034	0.00027	0.00036	0.00035	0.00022	0.70757	0.28767	0.00069	0.00035	0.00034	0.00025	0.00015	0.00012	3.8e-05	0.00012	0.00012	0.00012	0.00020
21	0.14156	0.00022	0.00028	0.00024	0.06862	0.00020	0.00018	0.00054	0.03910	0.74715	0.00042	0.00037	0.00027	0.00014	0.00011	3.7e-05	0.00010	0.00011	0.00013	0.00019
22	0.00019	0.00013	0.00017	0.00015	0.00019	0.00012	0.00012	0.00025	0.00034	0.06346	0.85072	0.00089	0.08233	0.00025	0.00014	3.8e-05	6e-05	0.00022	0.00013	0.00012
23	0.00023	0.00022	0.00039	0.88831	0.00080	0.00027	0.08320	0.00031	0.00025	0.00032	0.00024	0.00034	0.02437	0.00012	0.00012	4e-05	0.00016	0.00011	5.6e-05	0.00014
24	0.00015	0.00012	0.00014	0.00015	0.00017	0.00010	0.00011	0.00018	0.00026	0.00032	0.03261	0.39418	0.48914	0.00849	0.02685	4.9e-05	7.4e-05	0.04669	0.00011	0.00010
25	0.00027	0.00024	0.00028	0.12542	0.01558	0.00028	0.00443	0.00054	0.71902	0.00046	0.05495	0.01295	0.03974	0.00469	0.00521	4.2e-05	0.01549	0.00014	0.00011	0.00017
26	0.00026	0.00025	0.00036	0.00031	0.00031	0.00035	0.00025	0.00028	0.00019	0.00029	0.00017	0.00028	0.00017	0.00026	0.06233	0.01445	0.91921	0.00011	5.4e-05	0.00013
27	0.00304	0.00252	0.02324	0.00580	0.08992	0.01068	0.04921	0.00024	0.02006	0.01829	0.03890	0.29302	0.30223	0.03811	0.00762	0.00388	0.06055	0.03247	9.8e-05	0.00012

[dist]
# distance from previous block
# <min> <max>
1	9

[block]
# block no. 9 follows, 2868 sequences, length 7
# corresponding to MSA columns:
# 641-646,650
name=unknown_J
#
# <colnr> <probs for GDERKNQSTAVLIFYWHMCP>
#	G	D	E	R	K	N	Q	S	T	A	V	L	I	F	Y	W	H	M	C	P
0	0.00032	0.01519	0.08352	0.01596	0.02939	0.00030	0.00022	0.15159	0.59645	0.02862	0.01963	0.00043	0.03281	0.00016	0.00013	4e-05	0.02481	0.00013	0.00011	0.00019
1	0.62570	0.01346	0.16404	0.02835	0.01370	0.05373	0.01349	0.01500	0.04242	0.00048	0.00020	0.00023	0.00015	0.00012	9.3e-05	3.7e-05	0.01311	7.7e-05	7.1e-05	0.01557
2	0.00017	0.00013	0.00015	0.00014	0.00018	0.00012	0.00011	0.00022	0.05996	0.01856	0.13490	0.08266	0.61715	0.03430	0.03267	4.9e-05	7.6e-05	0.01824	0.00011	0.00011
3	0.00020	0.00014	0.00018	0.01769	0.00021	0.01402	0.01630	0.02047	0.02756	0.04143	0.63861	0.12923	0.06541	0.01454	0.00015	4.1e-05	7.2e-05	0.01350	0.00012	0.00012
4	0.00021	0.00015	0.00017	0.00016	0.00020	0.00014	0.00012	0.02401	0.07654	0.08602	0.52779	0.00087	0.25876	0.00024	0.00014	3.9e-05	6.7e-05	0.00021	0.02405	0.00013
5	0.01265	0.00034	0.20769	0.04813	0.01343	0.01903	0.19011	0.09267	0.18875	0.13434	0.03434	0.00038	0.01236	0.03199	0.00014	4.2e-05	0.01320	0.00012	9.1e-05	0.00017
6	0.00031	0.00024	0.00020	0.00018	0.00023	0.21778	0.00014	0.10684	0.00031	0.03222	0.02473	0.00043	0.00030	0.00015	9.9e-05	3.1e-05	0.00010	0.03772	0.57785	0.00013

[dist]
# distance from previous block
# <min> <max>
0	1

[block]
# block no. 10 follows, 2868 sequences, length 24
# corresponding to MSA columns:
# 652-675
name=unknown_K
#
# <colnr> <probs for GDERKNQSTAVLIFYWHMCP>
#	G	D	E	R	K	N	Q	S	T	A	V	L	I	F	Y	W	H	M	C	P
0	0.00486	0.03149	0.10281	0.00566	0.01090	0.39820	0.10352	0.13081	0.06647	0.07416	0.03624	0.00033	0.00810	0.00014	0.00012	3.5e-05	0.00017	0.02219	0.00363	0.00016
1	0.03456	0.12752	0.61680	0.00032	0.00047	0.01354	0.08241	0.04823	0.05647	0.00808	0.00024	0.00503	0.00018	0.00012	0.00011	3.7e-05	0.00016	0.00549	6.2e-05	0.00017
2	0.00024	0.00022	0.00038	0.86555	0.10963	0.00027	0.00034	0.01082	0.00025	0.00032	0.00022	0.00032	0.00017	0.00012	0.00012	4e-05	0.00016	0.00011	5.5e-05	0.01068
3	0.00045	0.03732	0.00037	0.00028	0.01347	0.00037	0.00023	0.89234	0.04425	0.00926	0.00030	0.00029	0.00021	0.00014	0.00012	3.6e-05	0.00013	0.00011	0.00012	0.00020
4	0.00029	0.00033	0.00071	0.00051	0.00063	0.00031	0.99456	0.00039	0.00029	0.00039	0.00024	0.00033	0.00018	0.00010	0.00014	4.1e-05	0.00020	0.00014	6.1e-05	0.00016
5	0.00790	0.00020	0.00025	0.00605	0.00025	0.01173	0.00493	0.00666	0.01687	0.00322	0.00547	0.18996	0.17088	0.06227	0.03818	5.7e-05	0.42944	0.00866	8e-05	0.03694
6	0.04380	0.02235	0.03931	0.07269	0.29248	0.00669	0.35003	0.03795	0.00431	0.04633	0.00027	0.01329	0.00485	0.00689	0.00618	4.1e-05	0.01862	0.03368	6.9e-05	0.00017
7	0.00045	0.00058	0.00034	0.00031	0.00037	0.99527	0.00023	0.00048	0.00034	0.00030	0.00019	0.00022	0.00016	0.00012	0.00011	3.1e-05	0.00022	7.8e-05	6.2e-05	0.00014
8	0.00025	0.00958	0.00041	0.59008	0.37533	0.00027	0.00034	0.00033	0.00025	0.00034	0.00023	0.01019	0.00018	0.00012	0.00012	3.9e-05	0.00015	0.01156	5.7e-05	0.00016
9	0.00036	0.22944	0.35224	0.01760	0.00640	0.04195	0.01681	0.01059	0.00570	0.28369	0.01406	0.00726	0.00716	0.00013	0.00011	3.5e-05	0.00014	0.00606	8.3e-05	0.00018
10	0.00331	0.00442	0.03776	0.08509	0.16097	0.06608	0.07822	0.07573	0.21678	0.09663	0.02601	0.00997	0.06177	0.00533	0.01464	0.00437	0.02396	0.02871	9.3e-05	0.00017
11	0.01012	0.00020	0.00027	0.00021	0.00030	0.00018	0.00017	0.01048	0.00034	0.90743	0.01096	0.00042	0.00031	0.00015	0.00012	3.7e-05	0.0001	0.00012	0.05790	0.00020
12	0.00019	0.00014	0.00739	0.00915	0.00023	0.00013	0.00017	0.00023	0.00586	0.00034	0.00504	0.14719	0.02364	0.02324	0.00881	0.07208	0.00011	0.69585	0.00011	0.00011
13	0.01448	0.03101	0.04355	0.19385	0.40791	0.07331	0.09998	0.03184	0.01666	0.05546	0.00616	0.01044	0.00416	0.00012	0.00012	3.7e-05	0.00319	0.00422	0.00331	0.00017
14	0.00020	0.00016	0.01155	0.01162	0.00027	0.00502	0.10085	0.00026	0.00487	0.02017	0.14888	0.14285	0.07228	0.00379	0.00625	5e-05	0.00412	0.46657	0.00011	0.00012
15	0.00015	0.00011	0.00014	0.00017	0.00018	0.0001	0.00012	0.00017	0.00023	0.00031	0.01479	0.94492	0.00080	0.00037	0.00015	4.9e-05	7.1e-05	0.03695	0.00011	9.9e-05
16	0.00380	0.00026	0.00329	0.27949	0.48633	0.00305	0.14138	0.00333	0.00541	0.01410	0.00669	0.00757	0.01674	0.00300	0.00452	3.9e-05	0.00015	0.01725	0.00341	0.00017
17	0.02303	0.00026	0.00031	0.00024	0.00033	0.00631	0.00020	0.37212	0.01119	0.56835	0.00907	0.00745	0.00027	0.00015	0.00012	3.7e-05	0.00011	0.00012	0.00014	0.00020
18	0.00027	0.00026	0.00906	0.32627	0.55872	0.00028	0.06117	0.00035	0.00026	0.00612	0.00025	0.00033	0.01855	0.00012	0.00012	3.8e-05	0.00537	0.00744	0.00485	0.00017
19	0.00015	0.00011	0.00014	0.00017	0.00018	9.9e-05	0.00011	0.00017	0.00024	0.00031	0.01517	0.93265	0.02689	0.00037	0.00015	4.9e-05	7.1e-05	0.02277	0.00011	9.9e-05
20	0.00018	0.00013	0.00694	0.00358	0.00378	0.00014	0.01218	0.00021	0.00469	0.01250	0.02131	0.15442	0.04777	0.09426	0.60402	0.01162	0.00829	0.01381	7.8e-05	0.00011
21	0.00026	0.09916	0.48048	0.01578	0.01583	0.01213	0.22145	0.00381	0.00335	0.01867	0.03653	0.05001	0.01270	0.00014	0.00013	3.8e-05	0.01628	0.01305	6.4e-05	0.00016
22	0.00020	0.00016	0.02256	0.12493	0.07941	0.00346	0.02360	0.00357	0.00025	0.03749	0.02031	0.43685	0.11845	0.01247	0.03197	5.1e-05	0.01882	0.06522	9.7e-05	0.00012
23	0.00029	0.00049	0.60772	0.03704	0.18541	0.00028	0.02895	0.00040	0.00390	0.06762	0.00445	0.01430	0.00726	0.00015	0.02115	4.5e-05	0.00641	0.01387	6.9e-05	0.00019

[dist]
# distance from previous block
# <min> <max>
4	8

[block]
# block no. 11 follows, 2868 sequences, length 6
# corresponding to MSA columns:
# 685-690
name=unknown_L
#
# <colnr> <probs for GDERKNQSTAVLIFYWHMCP>
#	G	D	E	R	K	N	Q	S	T	A	V	L	I	F	Y	W	H	M	C	P
0	0.01230	0.04750	0.35093	0.03383	0.14612	0.02105	0.11394	0.04341	0.01690	0.11660	0.02857	0.02261	0.01831	0.00014	0.00012	3.8e-05	0.01314	0.01424	7.6e-05	0.00017
1	0.01132	0.02024	0.05393	0.05614	0.18650	0.02800	0.07631	0.05342	0.02819	0.16397	0.04492	0.10646	0.08482	0.01434	0.00014	4.1e-05	0.01364	0.05738	9.5e-05	0.00016
2	0.01702	0.10451	0.11317	0.02816	0.06342	0.10762	0.17514	0.09622	0.02422	0.19162	0.01224	0.02352	0.01263	0.00014	0.00012	3.7e-05	0.01177	0.01820	8.7e-05	0.00017
3	0.03169	0.06844	0.15804	0.02087	0.14623	0.01808	0.02832	0.04673	0.02731	0.31785	0.05452	0.02078	0.02318	0.00016	0.01124	3.9e-05	0.01218	0.01408	9.8e-05	0.00018
4	0.02283	0.06555	0.05604	0.01527	0.06591	0.04398	0.02352	0.01870	0.03097	0.07281	0.05874	0.24641	0.18929	0.03373	0.01210	4.5e-05	0.01026	0.03361	9.8e-05	0.00013
5	0.03718	0.01100	0.26275	0.12107	0.08081	0.07952	0.04847	0.06123	0.02219	0.11086	0.01561	0.01052	0.01054	0.01095	0.06275	4.9e-05	0.03939	0.01487	7.6e-05	0.00016

[dist]
# distance from previous block
# <min> <max>
2	4

[block]
# block no. 12 follows, 2868 sequences, length 6
# corresponding to MSA columns:
# 695,696,699-702
name=unknown_M
#
# <colnr> <probs for GDERKNQSTAVLIFYWHMCP>
#	G	D	E	R	K	N	Q	S	T	A	V	L	I	F	Y	W	H	M	C	P
0	0.07137	0.32880	0.23253	0.02874	0.10796	0.01906	0.03364	0.02715	0.03546	0.05619	0.02096	0.01272	0.00020	0.00012	0.00011	3.4e-05	0.01215	9.3e-05	6.7e-05	0.01264
1	0.02407	0.00018	0.00019	0.02035	0.00023	0.05328	0.00013	0.05063	0.03005	0.15314	0.16400	0.00085	0.48134	0.00024	0.00013	3.9e-05	8.4e-05	0.02080	0.00012	0.00013
2	0.42025	0.03704	0.08136	0.00023	0.02307	0.03181	0.00020	0.23978	0.03906	0.12576	0.00025	0.00026	0.00018	0.00013	9.9e-05	3.7e-05	0.00012	8.9e-05	9.4e-05	0.00017
3	0.00020	0.00011	0.00015	0.00015	0.00015	0.00011	0.00010	0.00016	0.00016	0.00022	0.00026	0.06050	0.00028	0.15050	0.00047	0.78611	0.00010	0.00013	5.9e-05	5.8e-05
4	0.88567	0.00024	0.00019	0.00017	0.00025	0.00027	0.00014	0.05567	0.00023	0.05600	0.00019	0.00021	0.00014	0.00012	8e-05	3.7e-05	9.6e-05	7.1e-05	8.1e-05	0.00014
5	0.01550	0.05923	0.02084	0.01491	0.00038	0.22409	0.06978	0.40048	0.05563	0.01936	0.00026	0.00030	0.00020	0.00017	0.03583	4.2e-05	0.06866	0.01408	9e-05	0.00017

[dist]
# distance from previous block
# <min> <max>
1	2

[block]
# block no. 13 follows, 2868 sequences, length 8
# corresponding to MSA columns:
# 722-726,730-732
name=unknown_N
#
# <colnr> <probs for GDERKNQSTAVLIFYWHMCP>
#	G	D	E	R	K	N	Q	S	T	A	V	L	I	F	Y	W	H	M	C	P
0	0.00022	0.02519	0.00019	0.00018	0.00022	0.20251	0.00014	0.00025	0.00029	0.00033	0.02693	0.00097	0.59105	0.00027	0.00014	4.1e-05	0.00010	0.15076	0.00010	0.00011
1	0.00023	0.00021	0.00034	0.79305	0.00072	0.00025	0.00030	0.00031	0.00024	0.00033	0.00021	0.00031	0.00016	0.00011	0.00011	3.6e-05	0.00015	0.00010	5.7e-05	0.20277
2	0.00038	0.00031	0.00031	0.00026	0.00033	0.08748	0.00020	0.63232	0.07344	0.00061	0.00037	0.20273	0.00033	0.00019	0.00013	3.9e-05	0.00012	0.00016	0.00011	0.00018
3	0.00017	0.00013	0.00018	0.00018	0.00020	0.00014	0.00014	0.00021	0.00022	0.00030	0.05826	0.00064	0.20264	0.00075	0.73510	0.00015	0.00025	0.00016	7.8e-05	0.00011
4	0.00019	0.00015	0.00020	0.20258	0.00032	0.00015	0.00016	0.00026	0.04746	0.00042	0.59600	0.00077	0.08434	0.03935	0.02711	4.6e-05	9e-05	0.00019	0.00011	0.00012
5	0.00017	0.00012	0.00016	0.00017	0.00018	0.00011	0.01578	0.00019	0.01630	0.01602	0.05835	0.66485	0.01634	0.17199	0.00023	6e-05	8.2e-05	0.03870	0.00011	0.0001
