[name]
unknown

[dist]
# distance from previous block
# <min> <max>
0	234

[block]
# block no. 0 follows, 2268 sequences, length 6
# corresponding to MSA columns:
# 298,299,301,303,306,307
name=unknown_A
#
# <colnr> <probs for GDERKNQSTAVLIFYWHMCP>
#	G	D	E	R	K	N	Q	S	T	A	V	L	I	F	Y	W	H	M	C	P
0	0.01444	0.05233	0.01704	0.03177	0.03122	0.02190	0.01264	0.02791	0.03294	0.05286	0.07281	0.10882	0.08676	0.01138	0.01448	0.00847	0.02353	0.31993	0.00949	0.04928
1	0.00992	0.02047	0.03009	0.11131	0.01589	0.03169	0.14243	0.07376	0.05312	0.06423	0.01650	0.03370	0.03813	0.02367	0.03904	5.4e-05	0.05923	0.00015	0.00973	0.22687
2	0.01214	0.00027	0.00042	0.58254	0.03090	0.01043	0.03697	0.03109	0.01172	0.01225	0.04253	0.07161	0.01325	0.01546	0.02834	5.8e-05	0.04067	0.01140	0.02088	0.02708
3	0.00023	0.00017	0.01610	0.01652	0.00023	0.00017	0.00014	0.01870	0.02921	0.00038	0.03861	0.18132	0.15192	0.41351	0.07338	0.00011	0.01444	0.01919	0.02554	0.00012
4	0.00026	0.01139	0.01906	0.01092	0.01272	0.02040	0.00017	0.00960	0.01186	0.02641	0.03961	0.06579	0.02539	0.37882	0.23128	0.03147	0.05989	0.01115	0.01303	0.02079
5	0.02216	0.01105	0.01687	0.02130	0.02050	0.03481	0.02513	0.03498	0.05373	0.05421	0.27291	0.08391	0.17958	0.06600	0.02356	6.2e-05	0.05133	0.01092	0.01683	0.00016

[dist]
# distance from previous block
# <min> <max>
11	61

[block]
# block no. 1 follows, 2268 sequences, length 20
# corresponding to MSA columns:
# 380-392,394-397,401,402,408
name=unknown_B
#
# <colnr> <probs for GDERKNQSTAVLIFYWHMCP>
#	G	D	E	R	K	N	Q	S	T	A	V	L	I	F	Y	W	H	M	C	P
0	0.01305	0.23881	0.17297	0.02002	0.01065	0.03288	0.15292	0.01040	0.04702	0.12401	0.06054	0.02022	0.03902	0.00020	0.02063	4.9e-05	0.01592	0.00423	0.00010	0.01636
1	0.05451	0.00026	0.02032	0.03132	0.01605	0.00025	0.01227	0.14379	0.02266	0.32050	0.10769	0.03757	0.04056	0.09805	0.07117	0.00356	0.00765	0.00576	0.00583	0.00020
2	0.01981	0.00521	0.00900	0.13799	0.12000	0.15825	0.02645	0.01297	0.00851	0.01197	0.00737	0.00453	0.00836	0.00576	0.00431	5.7e-05	0.45171	0.00378	0.00379	0.00018
3	0.00031	0.00029	0.00042	0.00037	0.01364	0.00040	0.01922	0.00035	0.00024	0.00037	0.00026	0.00041	0.00025	0.01209	0.23342	0.00011	0.71750	0.00014	7.1e-05	0.00016
4	0.00028	0.00017	0.00021	0.00021	0.00025	0.00015	0.00015	0.00032	0.00579	0.16611	0.10004	0.28849	0.26955	0.02783	0.00564	0.04561	9.9e-05	0.06545	0.02350	0.00015
5	0.11761	0.00025	0.00872	0.04633	0.11179	0.01453	0.01147	0.03946	0.04380	0.10060	0.20175	0.06296	0.08456	0.06029	0.01336	5.8e-05	0.02783	0.00988	0.04457	0.00018
6	0.01858	0.01529	0.00049	0.34288	0.16718	0.16065	0.04235	0.05979	0.08160	0.01685	0.00761	0.00564	0.00025	0.00017	0.00450	5e-05	0.07569	0.00014	8.7e-05	0.00020
7	0.00024	0.00017	0.00022	0.00020	0.00024	0.00016	0.00015	0.02341	0.00983	0.03869	0.90473	0.00110	0.01060	0.00030	0.00018	4.8e-05	7.8e-05	0.00934	0.00017	0.00015
8	0.00022	0.00016	0.00022	0.02869	0.01624	0.00479	0.00478	0.00026	0.00814	0.00752	0.01879	0.62637	0.01417	0.00576	0.00020	6.3e-05	0.00011	0.25842	0.00496	0.00013
9	0.00029	0.00028	0.00046	0.94590	0.01926	0.00034	0.00042	0.01313	0.00031	0.00040	0.00027	0.00040	0.00020	0.00015	0.00016	5.1e-05	0.01759	0.00014	6.9e-05	0.00017
10	0.01094	0.00019	0.00026	0.01063	0.04375	0.00992	0.01880	0.00528	0.00665	0.09543	0.02594	0.41232	0.06149	0.01763	0.01585	6.4e-05	0.01407	0.24295	0.00771	0.00015
11	0.07965	0.04964	0.05018	0.13355	0.30694	0.03318	0.08759	0.07299	0.06780	0.06443	0.01154	0.00784	0.00491	0.00016	0.00343	4.8e-05	0.01140	0.00308	0.00429	0.00735
12	0.00416	0.03208	0.18741	0.02102	0.05258	0.03723	0.03608	0.02870	0.02661	0.10975	0.14251	0.03263	0.07662	0.00021	0.00315	4.5e-05	0.02515	0.01127	0.01166	0.16115
13	0.74426	0.04937	0.06585	0.00733	0.02414	0.04061	0.01778	0.02618	0.00559	0.00698	0.00023	0.00483	0.00018	0.00015	0.00011	4.6e-05	0.00600	9.3e-05	9.2e-05	0.00018
14	0.01204	0.47274	0.20557	0.00927	0.01451	0.02443	0.07457	0.04355	0.02598	0.07638	0.01961	0.00034	0.00025	0.00467	0.00484	4.2e-05	0.00715	0.00375	8.5e-05	0.00021
15	0.01743	0.02668	0.19680	0.06940	0.09841	0.01598	0.13097	0.04783	0.04806	0.08056	0.04168	0.05635	0.03849	0.00539	0.00500	0.00418	0.04359	0.00883	0.00727	0.05709
16	0.00613	0.00016	0.00020	0.02585	0.00025	0.00015	0.00015	0.00575	0.00036	0.04070	0.31711	0.24113	0.26848	0.05967	0.00022	5.8e-05	0.00513	0.01191	0.01648	0.00014
17	0.00387	0.02498	0.10673	0.03497	0.01474	0.01633	0.06617	0.03474	0.08316	0.03901	0.10851	0.16897	0.13684	0.03705	0.05802	0.00813	0.03120	0.01730	0.00598	0.00329
18	0.01604	0.00015	0.00019	0.00020	0.00023	0.00014	0.00756	0.00027	0.00598	0.04125	0.23169	0.48997	0.11860	0.02688	0.00020	5.7e-05	8.8e-05	0.00644	0.05392	0.00014
19	0.02614	0.00338	0.00024	0.00562	0.00026	0.02397	0.00473	0.06716	0.09559	0.03044	0.17155	0.02780	0.04518	0.37823	0.02848	0.01338	0.00587	0.02514	0.04670	0.00014

[dist]
# distance from previous block
# <min> <max>
5	19

[block]
# block no. 2 follows, 2268 sequences, length 8
# corresponding to MSA columns:
# 448,450-452,456,458-460
name=unknown_C
#
# <colnr> <probs for GDERKNQSTAVLIFYWHMCP>
#	G	D	E	R	K	N	Q	S	T	A	V	L	I	F	Y	W	H	M	C	P
0	0.01190	0.04169	0.08360	0.12015	0.08415	0.01736	0.05652	0.03969	0.04080	0.04533	0.04058	0.22368	0.05334	0.03009	0.01830	0.00713	0.04111	0.01047	0.00817	0.02596
1	0.10789	0.00024	0.00029	0.00024	0.00033	0.00023	0.00019	0.03650	0.03094	0.53259	0.04885	0.01382	0.01316	0.01468	0.01367	5e-05	0.00012	0.02294	0.16308	0.00021
2	0.01754	0.01174	0.24872	0.10871	0.08042	0.02066	0.06042	0.04291	0.13325	0.03553	0.09602	0.01684	0.05967	0.00869	0.00862	5.1e-05	0.01681	0.00870	0.01241	0.01228
3	0.00022	0.00016	0.00019	0.01172	0.01389	0.01096	0.00014	0.00026	0.01131	0.02525	0.19594	0.21770	0.44764	0.01974	0.00020	0.01262	8.9e-05	0.01857	0.01324	0.00014
4	0.01785	0.04760	0.10299	0.03439	0.05382	0.01735	0.03952	0.07155	0.19208	0.08000	0.09857	0.08176	0.09544	0.00770	0.01780	0.00672	0.01079	0.01410	0.00975	0.00020
5	0.06347	0.15687	0.23112	0.03843	0.03993	0.04211	0.03316	0.09636	0.03314	0.10116	0.02289	0.02766	0.01730	0.02476	0.01325	5e-05	0.01463	0.00949	0.00770	0.02654
6	0.03776	0.04270	0.02638	0.03111	0.01904	0.02400	0.01686	0.04371	0.05116	0.13006	0.19511	0.05676	0.19567	0.02933	0.01272	0.00691	0.00657	0.01830	0.01620	0.03966
7	0.15540	0.11214	0.11876	0.03572	0.03895	0.07157	0.04056	0.14249	0.10209	0.05758	0.02521	0.01241	0.01142	0.00864	0.00689	0.00704	0.02462	0.01079	0.00855	0.00918

[dist]
# distance from previous block
# <min> <max>
14	45

[block]
# block no. 3 follows, 2268 sequences, length 6
# corresponding to MSA columns:
# 560-562,564,573,575
name=unknown_D
#
# <colnr> <probs for GDERKNQSTAVLIFYWHMCP>
#	G	D	E	R	K	N	Q	S	T	A	V	L	I	F	Y	W	H	M	C	P
0	0.02254	0.16735	0.06282	0.14346	0.08935	0.05489	0.08705	0.03368	0.02579	0.03637	0.01095	0.03283	0.03535	0.02110	0.02329	0.01144	0.08748	0.01083	0.00979	0.03363
1	0.00023	0.00017	0.00021	0.01143	0.01174	0.00016	0.00015	0.01252	0.03474	0.02456	0.26761	0.25067	0.22271	0.02705	0.01497	0.05553	0.01313	0.01512	0.01867	0.01861
2	0.01605	0.02083	0.02732	0.01911	0.01699	0.01848	0.01293	0.02656	0.26563	0.02760	0.10011	0.06972	0.04647	0.01282	0.03810	0.07247	0.17295	0.01167	0.02401	0.00018
3	0.01954	0.00015	0.00019	0.00020	0.00023	0.00014	0.00014	0.00025	0.00032	0.02862	0.08598	0.53549	0.19383	0.02026	0.07137	7.3e-05	0.00011	0.02334	0.01965	0.00013
4	0.13112	0.00020	0.00024	0.00022	0.00028	0.00020	0.00017	0.01638	0.00036	0.27605	0.16260	0.09747	0.07766	0.05216	0.05497	0.02630	0.00012	0.02641	0.07693	0.00017
5	0.00034	0.00028	0.00047	0.00037	0.00045	0.01301	0.33730	0.07548	0.01493	0.07074	0.08537	0.06060	0.08329	0.14170	0.01334	6.7e-05	0.01275	0.02712	0.04817	0.01422

[dist]
# distance from previous block
# <min> <max>
4	6

[block]
# block no. 4 follows, 2268 sequences, length 28
# corresponding to MSA columns:
# 592,593,595,600-616,679-684,686,687
name=unknown_E
#
# <colnr> <probs for GDERKNQSTAVLIFYWHMCP>
#	G	D	E	R	K	N	Q	S	T	A	V	L	I	F	Y	W	H	M	C	P
0	0.08205	0.43926	0.18053	0.02905	0.02437	0.03604	0.02310	0.06503	0.02674	0.05217	0.00310	0.00392	0.01293	0.00015	0.00012	4.1e-05	0.00320	0.00011	8.5e-05	0.01802
1	0.05264	0.01054	0.02812	0.35838	0.43066	0.01787	0.00283	0.00746	0.00033	0.01655	0.01973	0.00629	0.00025	0.00016	0.00428	4.9e-05	0.03339	0.00259	0.00269	0.00518
2	0.03744	0.04558	0.00026	0.00342	0.00029	0.01176	0.00693	0.02578	0.05932	0.02417	0.01177	0.23658	0.04148	0.11218	0.02964	0.01570	0.00014	0.32461	0.00013	0.01284
3	0.00035	0.39427	0.52167	0.01768	0.00528	0.00892	0.00748	0.00546	0.00621	0.00523	0.00027	0.00740	0.00501	0.00015	0.00013	4.2e-05	0.00020	0.01396	6.9e-05	0.00021
4	0.00026	0.06038	0.03171	0.01607	0.00578	0.00599	0.06264	0.00602	0.02823	0.01575	0.01699	0.20954	0.00753	0.16618	0.10278	0.24732	0.00280	0.01378	9.7e-05	0.00013
5	0.00472	0.00019	0.00022	0.00021	0.00026	0.00017	0.00016	0.00923	0.06154	0.17949	0.17247	0.11545	0.32778	0.05638	0.00021	5.8e-05	9.9e-05	0.06720	0.00398	0.00016
6	0.00023	0.00016	0.00020	0.00019	0.00024	0.00015	0.00014	0.00608	0.03422	0.05447	0.34774	0.16880	0.33505	0.01348	0.00459	0.00508	8.6e-05	0.01742	0.01151	0.00014
7	0.00034	0.03923	0.23749	0.12516	0.03140	0.01425	0.52327	0.00420	0.00034	0.00733	0.00030	0.00428	0.00022	0.00014	0.00408	5e-05	0.00422	0.00340	7.4e-05	0.00021
8	0.00774	0.01305	0.00055	0.00653	0.71302	0.00502	0.02974	0.00603	0.03951	0.01140	0.00283	0.01760	0.00756	0.02447	0.00255	5.1e-05	0.01534	0.08672	0.00485	0.00543
9	0.10581	0.00026	0.00031	0.00026	0.00035	0.00634	0.00021	0.11356	0.03060	0.52296	0.02811	0.08363	0.01064	0.00022	0.00015	4.8e-05	0.00012	0.02446	0.07175	0.00022
10	0.00034	0.00027	0.00030	0.00027	0.00034	0.00030	0.00021	0.02205	0.62423	0.03337	0.23220	0.00074	0.03943	0.00024	0.00016	5e-05	0.00011	0.00737	0.03780	0.00021
11	0.00032	0.00074	0.88538	0.00045	0.00849	0.00035	0.06152	0.00050	0.02292	0.01753	0.00029	0.00034	0.00021	0.00015	0.00015	4.9e-05	0.00022	0.00012	6.9e-05	0.00023
12	0.00451	0.00016	0.00020	0.00022	0.00024	0.00015	0.00474	0.00340	0.04042	0.02372	0.04320	0.61532	0.14725	0.00430	0.00481	6.1e-05	9.6e-05	0.10081	0.00626	0.00014
13	0.96081	0.00030	0.00024	0.00022	0.02289	0.01260	0.00017	0.00045	0.00026	0.00068	0.00021	0.00025	0.00017	0.00014	9.6e-05	4.7e-05	0.00012	8.4e-05	9.4e-05	0.00017
14	0.00591	0.00019	0.00024	0.00021	0.00027	0.00017	0.00016	0.00580	0.01188	0.27337	0.49939	0.02389	0.11276	0.03095	0.00019	5.2e-05	9.4e-05	0.02201	0.01228	0.00017
15	0.04355	0.19479	0.02632	0.02302	0.04294	0.07617	0.02431	0.14934	0.11156	0.11450	0.01614	0.02586	0.00549	0.01264	0.03454	0.00991	0.06987	0.01015	0.00869	0.00021
16	0.03557	0.01758	0.18738	0.16809	0.07102	0.02281	0.08546	0.05633	0.05056	0.14570	0.03932	0.02724	0.01796	0.01214	0.00748	0.00324	0.02439	0.00832	0.01920	0.00021
17	0.00019	0.00015	0.00017	0.00017	0.00020	0.00013	0.00012	0.00023	0.00033	0.00041	0.10873	0.14978	0.54770	0.16495	0.00029	0.01168	9.1e-05	0.00908	0.00547	0.00012
18	0.00592	0.00024	0.00289	0.03447	0.00300	0.00396	0.13767	0.03539	0.15391	0.01277	0.18097	0.06017	0.23967	0.00918	0.03928	0.05328	0.00920	0.00884	0.00903	0.00017
19	0.03141	0.00025	0.00029	0.00022	0.00033	0.00020	0.00017	0.01135	0.00495	0.06471	0.01888	0.07856	0.00577	0.08902	0.00019	0.00414	0.00012	0.00331	0.00508	0.68108
20	0.00022	0.00015	0.00019	0.00019	0.00022	0.00014	0.00013	0.00026	0.01951	0.01563	0.27899	0.27479	0.11117	0.17568	0.01269	0.09450	0.00010	0.01043	0.00488	0.00012
21	0.00695	0.01893	0.04869	0.03221	0.05079	0.04961	0.12353	0.03290	0.03104	0.05613	0.04571	0.07968	0.17175	0.07920	0.02157	0.00830	0.01054	0.02189	0.00926	0.10132
22	0.02958	0.00030	0.00034	0.00028	0.00038	0.00032	0.00023	0.23601	0.30480	0.24081	0.00054	0.00684	0.00041	0.03331	0.00017	5.2e-05	0.00013	0.05433	0.09094	0.00023
23	0.00741	0.16144	0.31212	0.11129	0.10410	0.01866	0.09650	0.05970	0.00838	0.08252	0.00394	0.00539	0.00260	0.00282	0.00231	4.7e-05	0.01422	0.00385	0.00249	0.00021
24	0.00030	0.00027	0.00040	0.61489	0.00077	0.03978	0.00509	0.00463	0.01055	0.01496	0.00030	0.01502	0.00026	0.08652	0.03644	0.06262	0.10681	0.00015	7.5e-05	0.00016
25	0.03196	0.00807	0.00035	0.00481	0.00038	0.01539	0.00930	0.43482	0.20679	0.02187	0.04056	0.00049	0.00801	0.00408	0.00015	4.5e-05	0.00013	0.00329	0.20928	0.00022
26	0.04767	0.01419	0.14772	0.00280	0.00401	0.04536	0.08773	0.01245	0.04057	0.01760	0.37069	0.03345	0.15719	0.00352	0.00661	5.1e-05	0.00516	0.00292	0.00013	0.00017
27	0.01857	0.00024	0.00030	0.10743	0.01353	0.03921	0.00258	0.05857	0.04015	0.14855	0.40833	0.04523	0.02480	0.02304	0.00659	5.2e-05	0.01255	0.01451	0.00014	0.03563

[dist]
# distance from previous block
# <min> <max>
1	13

[block]
# block no. 5 follows, 2268 sequences, length 30
# corresponding to MSA columns:
# 704-711,715,716,718-720,725-733,736-742,745
name=unknown_F
#
# <colnr> <probs for GDERKNQSTAVLIFYWHMCP>
#	G	D	E	R	K	N	Q	S	T	A	V	L	I	F	Y	W	H	M	C	P
0	0.05247	0.10483	0.15065	0.09290	0.07461	0.04280	0.05459	0.04286	0.04599	0.11856	0.05726	0.05517	0.02465	0.01677	0.00493	4.9e-05	0.01882	0.00792	0.00252	0.03163
1	0.01099	0.01546	0.01914	0.04592	0.45012	0.04056	0.03951	0.02232	0.01784	0.04135	0.08082	0.06023	0.09321	0.00744	0.00945	0.01781	0.01030	0.00249	0.00437	0.01066
2	0.04094	0.00038	0.00053	0.19167	0.52352	0.11193	0.02331	0.02582	0.01942	0.02208	0.00317	0.00383	0.00476	0.00015	0.00015	4.6e-05	0.00406	0.00724	8.3e-05	0.01692
3	0.01355	0.02404	0.04295	0.05569	0.03174	0.00986	0.05519	0.00955	0.06805	0.03897	0.10458	0.27547	0.14469	0.01216	0.00792	0.00253	0.02161	0.04288	0.00445	0.03412
4	0.03577	0.18262	0.34930	0.02597	0.05325	0.02668	0.10058	0.02553	0.01415	0.13591	0.01019	0.01793	0.00912	0.00016	0.00014	4.6e-05	0.00515	0.00395	9.2e-05	0.00345
5	0.01699	0.00030	0.00050	0.67368	0.13642	0.00036	0.05517	0.00550	0.00031	0.00894	0.00027	0.00040	0.00021	0.00017	0.00813	5.3e-05	0.09222	0.00014	7.1e-05	0.00018
6	0.00456	0.00014	0.00330	0.00660	0.00022	0.00014	0.00782	0.00022	0.00024	0.01142	0.01090	0.24260	0.04587	0.04233	0.02407	0.55945	0.00013	0.03489	0.00498	9.4e-05
7	0.01090	0.01816	0.17468	0.18263	0.04716	0.09057	0.34796	0.01415	0.02742	0.02554	0.01107	0.00926	0.00513	0.00296	0.00461	5e-05	0.01898	0.00614	0.00243	0.00020
8	0.02893	0.01915	0.01376	0.16210	0.39852	0.03066	0.05187	0.04647	0.04428	0.17751	0.00714	0.00888	0.00354	0.00016	0.00015	4.7e-05	0.00636	0.00014	0.00010	0.00022
9	0.00603	0.00022	0.00022	0.00636	0.01265	0.06504	0.01143	0.01694	0.05189	0.01394	0.12128	0.01029	0.62223	0.00034	0.01333	0.00494	0.02630	0.00391	0.01251	0.00015
10	0.00045	0.00021	0.00028	0.00023	0.00031	0.00019	0.00019	0.02571	0.01421	0.48332	0.17936	0.13474	0.13261	0.00028	0.00017	5e-05	0.00011	0.01650	0.01090	0.00020
11	0.00595	0.02024	0.06313	0.08677	0.11366	0.01031	0.09395	0.01234	0.04863	0.01959	0.11895	0.09649	0.26112	0.01254	0.01628	0.00221	0.00648	0.00912	0.00208	0.00017
12	0.05662	0.00410	0.49930	0.00483	0.00054	0.01979	0.00539	0.21116	0.00810	0.17177	0.00341	0.00037	0.00025	0.00016	0.00015	4.8e-05	0.00967	0.00400	0.00011	0.00023
13	0.02641	0.00026	0.00035	0.00027	0.00039	0.00023	0.00022	0.02308	0.00951	0.92954	0.00059	0.00052	0.00751	0.00019	0.00015	4.7e-05	0.00013	0.00015	0.00018	0.00026
14	0.02414	0.00024	0.00031	0.01847	0.00035	0.00023	0.00580	0.08180	0.04978	0.49539	0.04219	0.01532	0.02075	0.00021	0.00015	4.7e-05	0.00012	0.06709	0.17738	0.00022
15	0.00572	0.00060	0.56831	0.02051	0.32926	0.00035	0.04061	0.00841	0.00034	0.00689	0.00029	0.00691	0.00022	0.00015	0.00015	4.8e-05	0.00021	0.00659	0.00421	0.00023
16	0.00036	0.00041	0.00089	0.00064	0.00079	0.00038	0.97589	0.00048	0.00036	0.00049	0.00032	0.01767	0.00024	0.00013	0.00018	5.2e-05	0.00025	0.00018	7.8e-05	0.00020
17	0.01715	0.00031	0.00033	0.00027	0.00036	0.00691	0.00022	0.53552	0.01140	0.05796	0.00043	0.00045	0.00031	0.00018	0.00013	4.2e-05	0.00013	0.00014	0.36755	0.00021
18	0.36046	0.00595	0.08201	0.12391	0.11397	0.02064	0.03660	0.00320	0.00228	0.00980	0.01818	0.07618	0.00329	0.00411	0.02636	0.00265	0.10517	0.00258	0.00250	0.00018
19	0.01331	0.00321	0.00363	0.71028	0.07197	0.00361	0.03244	0.02303	0.01696	0.01863	0.01917	0.01205	0.05103	0.00017	0.00016	5e-05	0.00811	0.00884	0.00316	0.00018
20	0.04754	0.01695	0.00435	0.00972	0.00616	0.20016	0.02499	0.11269	0.11966	0.12936	0.03700	0.18469	0.00798	0.01682	0.00872	0.00597	0.00413	0.00803	0.01396	0.04113
21	0.00988	0.04246	0.01874	0.17836	0.03422	0.02143	0.02061	0.05916	0.06578	0.04539	0.10082	0.06063	0.09724	0.05057	0.06911	0.07448	0.02877	0.01120	0.01096	0.00017
22	0.00335	0.00511	0.01284	0.01110	0.02708	0.00458	0.01055	0.00767	0.00940	0.01187	0.27552	0.23766	0.29289	0.03106	0.00020	5.5e-05	0.01053	0.01667	0.00264	0.02921
23	0.00032	0.00027	0.00031	0.00023	0.00036	0.00021	0.00018	0.00844	0.02427	0.01488	0.01295	0.00794	0.00027	0.00013	0.00012	2.6e-05	0.00011	0.02120	0.00466	0.90312
24	0.00519	0.04779	0.34904	0.05240	0.09829	0.01951	0.09147	0.04756	0.06425	0.04304	0.06025	0.02692	0.05002	0.01170	0.00358	5e-05	0.01077	0.00412	0.00366	0.01040
25	0.00020	0.00015	0.00018	0.00019	0.00022	0.00014	0.00014	0.00524	0.00395	0.00449	0.39779	0.22256	0.32435	0.00535	0.00019	0.00483	8e-05	0.01167	0.01813	0.00014
26	0.05047	0.05023	0.09638	0.10429	0.04808	0.10611	0.03259	0.05972	0.05258	0.11106	0.03745	0.07633	0.01041	0.01506	0.01725	0.00273	0.08840	0.02188	0.01509	0.00388
27	0.04747	0.08722	0.21655	0.02344	0.01823	0.02510	0.03978	0.04016	0.03534	0.07968	0.01496	0.06225	0.01241	0.03082	0.03173	0.01103	0.00654	0.01796	0.00908	0.19029
28	0.01176	0.00327	0.01131	0.00340	0.00673	0.00545	0.00559	0.01042	0.01586	0.12783	0.14757	0.11384	0.05506	0.04115	0.00709	4.7e-05	0.00313	0.04672	0.02003	0.36371
29	0.00978	0.01044	0.07165	0.04736	0.02184	0.00536	0.05698	0.03748	0.06564	0.09816	0.13655	0.09797	0.14134	0.00030	0.01303	5.5e-05	0.01594	0.13476	0.01761	0.01777

[dist]
# distance from previous block
# <min> <max>
29	85

[block]
# block no. 6 follows, 2268 sequences, length 20
# corresponding to MSA columns:
# 978,980,985-990,993-995,1011-1019
name=unknown_G
#
# <colnr> <probs for GDERKNQSTAVLIFYWHMCP>
#	G	D	E	R	K	N	Q	S	T	A	V	L	I	F	Y	W	H	M	C	P
0	0.12059	0.08444	0.11322	0.06611	0.13502	0.05206	0.09977	0.07344	0.04465	0.08700	0.01462	0.01711	0.00546	0.00397	0.00410	4.7e-05	0.01769	0.00845	0.00456	0.04768
1	0.06536	0.09693	0.07089	0.12586	0.14016	0.05355	0.03484	0.14652	0.05271	0.03510	0.01221	0.00378	0.01030	0.00019	0.02869	0.00296	0.03661	0.00793	0.01338	0.06201
2	0.00407	0.01012	0.00021	0.00360	0.00320	0.00423	0.00303	0.00823	0.01499	0.06278	0.27213	0.17402	0.34268	0.02213	0.02376	0.01670	0.00404	0.01195	0.01154	0.00657
3	0.07093	0.01554	0.00692	0.08997	0.00397	0.02706	0.02343	0.03224	0.08332	0.20993	0.08088	0.17378	0.04210	0.03110	0.02077	0.04572	0.00867	0.01306	0.02043	0.00018
4	0.00543	0.00016	0.00019	0.00019	0.00022	0.01012	0.00014	0.00026	0.00034	0.04048	0.20300	0.33943	0.28645	0.08100	0.00023	0.00658	9.1e-05	0.01327	0.01229	0.00013
5	0.00025	0.00016	0.00020	0.00020	0.00023	0.00014	0.00014	0.00554	0.00546	0.09494	0.16459	0.42098	0.16406	0.09378	0.00935	0.00687	9.8e-05	0.02153	0.01132	0.00014
6	0.00021	0.00016	0.00018	0.00017	0.00022	0.00015	0.00013	0.01167	0.03036	0.00803	0.21516	0.01629	0.57949	0.12891	0.00026	6.3e-05	8.8e-05	0.00029	0.00805	0.00013
7	0.99572	0.00029	0.00022	0.00020	0.00029	0.00034	0.00017	0.00045	0.00026	0.00068	0.00021	0.00025	0.00017	0.00014	9.4e-05	4.7e-05	0.00012	8.3e-05	9.4e-05	0.00017
8	0.00035	0.00028	0.00033	0.00024	0.00037	0.01184	0.00019	0.05975	0.00035	0.03337	0.00029	0.00033	0.00023	0.00012	0.00012	2.5e-05	0.00012	9.6e-05	0.01271	0.87891
9	0.00031	0.00079	0.99385	0.00043	0.00066	0.00035	0.00056	0.00048	0.00032	0.00048	0.00027	0.00032	0.00019	0.00014	0.00014	4.8e-05	0.00023	0.00011	6.4e-05	0.00023
10	0.94218	0.00030	0.00024	0.01509	0.00997	0.00034	0.00998	0.00912	0.00027	0.01109	0.00022	0.00026	0.00017	0.00014	9.8e-05	4.7e-05	0.00012	8.6e-05	9.5e-05	0.00017
11	0.89040	0.08832	0.00028	0.00021	0.00031	0.00037	0.00018	0.01763	0.00027	0.00066	0.00021	0.00025	0.00017	0.00014	9.6e-05	4.6e-05	0.00012	8.3e-05	9.3e-05	0.00017
12	0.00021	0.00014	0.00017	0.00018	0.00019	0.00014	0.00012	0.00022	0.00026	0.00034	0.02201	0.27504	0.10994	0.45165	0.01135	0.11776	0.00012	0.00994	0.00011	0.00010
13	0.01020	0.05257	0.05393	0.00034	0.01199	0.01193	0.00681	0.56786	0.16277	0.07602	0.00041	0.00407	0.00030	0.01190	0.00016	4.8e-05	0.01613	0.00395	0.00392	0.00470
14	0.00936	0.14313	0.26945	0.02613	0.02683	0.03231	0.01816	0.05475	0.01805	0.07979	0.01748	0.01576	0.02013	0.00400	0.01256	0.00488	0.00642	0.00383	9.4e-05	0.23691
15	0.01905	0.15220	0.28876	0.05474	0.06744	0.04712	0.07427	0.06464	0.04051	0.12294	0.00733	0.00888	0.00546	0.00340	0.00484	4.7e-05	0.01262	0.00665	9.5e-05	0.01901
16	0.00031	0.02764	0.94907	0.00043	0.00065	0.01831	0.00055	0.00048	0.00032	0.00048	0.00027	0.00032	0.00019	0.00014	0.00014	4.8e-05	0.00022	0.00011	6.5e-05	0.00022
17	0.00397	0.00317	0.02467	0.11371	0.00820	0.00478	0.02175	0.00805	0.01671	0.03585	0.20978	0.10284	0.39337	0.01462	0.00433	5.4e-05	0.00399	0.01919	0.01083	0.00015
18	0.01108	0.11623	0.22739	0.04399	0.05563	0.03828	0.09323	0.05943	0.04253	0.23399	0.01550	0.01523	0.01359	0.00375	0.00678	4.8e-05	0.01090	0.00713	0.00507	0.00022
19	0.01250	0.03818	0.03187	0.05074	0.07368	0.00843	0.12068	0.03896	0.05041	0.14346	0.02556	0.18729	0.02508	0.04203	0.03405	0.01733	0.00845	0.08776	0.00337	0.00018

[dist]
# distance from previous block
# <min> <max>
4	9

[block]
# block no. 7 follows, 2268 sequences, length 26
# corresponding to MSA columns:
# 1043,1047-1052,1058,1059,1064-1066,1075-1077,1087,1094-1103
name=unknown_H
#
# <colnr> <probs for GDERKNQSTAVLIFYWHMCP>
#	G	D	E	R	K	N	Q	S	T	A	V	L	I	F	Y	W	H	M	C	P
0	0.02226	0.03542	0.02351	0.04060	0.02339	0.02554	0.00580	0.13476	0.05199	0.12477	0.04348	0.03926	0.04841	0.01705	0.00345	4.2e-05	0.01519	0.00719	0.01699	0.32091
1	0.00024	0.00016	0.00020	0.00329	0.00024	0.00015	0.00371	0.00493	0.02214	0.04817	0.43363	0.11256	0.24581	0.01482	0.02137	0.02465	0.00310	0.00790	0.05282	0.00014
2	0.10731	0.00250	0.00338	0.08873	0.01982	0.01748	0.01583	0.36742	0.14376	0.03503	0.03406	0.06951	0.00693	0.00271	0.00271	0.00238	0.03865	0.00322	0.02221	0.01636
3	0.00019	0.00014	0.00018	0.00021	0.00022	0.00013	0.00014	0.00022	0.00030	0.00039	0.01763	0.85547	0.04458	0.04302	0.00022	6.5e-05	9.2e-05	0.02978	0.00691	0.00012
4	0.90815	0.00486	0.00516	0.00640	0.01665	0.00534	0.00018	0.03170	0.00524	0.00827	0.00022	0.00026	0.00017	0.00014	0.00010	4.7e-05	0.00675	8.7e-05	9.6e-05	0.00017
5	0.01570	0.06375	0.07476	0.05984	0.09892	0.06354	0.02073	0.05794	0.05233	0.01610	0.00030	0.00492	0.00024	0.00014	0.00014	0.00311	0.01402	0.00011	9.1e-05	0.45333
6	0.02912	0.00796	0.02000	0.59746	0.00368	0.08580	0.01817	0.11308	0.05623	0.01112	0.00032	0.02172	0.00324	0.00290	0.00917	5.1e-05	0.01230	0.00014	0.00478	0.00275
7	0.00021	0.00017	0.00021	0.10954	0.00031	0.00016	0.00016	0.00027	0.02618	0.00047	0.26778	0.01722	0.55967	0.00034	0.00018	5.1e-05	9.2e-05	0.01670	0.00014	0.00014
8	0.00019	0.00014	0.00018	0.00021	0.00022	0.00013	0.00014	0.00022	0.00029	0.00039	0.01272	0.90414	0.00769	0.02464	0.00021	0.00701	9.2e-05	0.04112	0.00014	0.00012
9	0.00030	0.00027	0.00046	0.93410	0.02737	0.00034	0.00042	0.00805	0.00805	0.00736	0.00028	0.00041	0.00021	0.00015	0.00015	5e-05	0.00020	0.00014	0.01152	0.00017
10	0.00832	0.00030	0.00034	0.00029	0.00038	0.01244	0.00023	0.04489	0.52626	0.32147	0.02917	0.00511	0.01252	0.00448	0.00016	0.00510	0.00012	0.00913	0.01904	0.00024
11	0.00035	0.09771	0.68481	0.00039	0.00058	0.00038	0.01411	0.10569	0.01583	0.03326	0.02633	0.00037	0.01382	0.00016	0.00014	4.7e-05	0.00020	0.00012	0.00547	0.00022
12	0.00038	0.00032	0.00034	0.00031	0.00039	0.00037	0.00024	0.02124	0.91922	0.01119	0.01705	0.00703	0.01032	0.01071	0.00016	5.3e-05	0.00012	0.00018	0.00015	0.00024
13	0.00067	0.00026	0.00035	0.00027	0.00039	0.00023	0.00023	0.02290	0.02836	0.93264	0.01166	0.00052	0.00039	0.00019	0.00015	4.7e-05	0.00013	0.00015	0.00019	0.00026
14	0.23461	0.00028	0.00031	0.00025	0.00036	0.00839	0.00020	0.07268	0.00923	0.39230	0.02524	0.00457	0.00907	0.00017	0.00013	4.2e-05	0.00012	0.00013	0.02390	0.21802
15	0.00023	0.00017	0.00021	0.00021	0.00025	0.00016	0.00535	0.00482	0.03103	0.03721	0.23386	0.35664	0.20547	0.01883	0.00833	5.7e-05	0.01654	0.03224	0.00645	0.04196
16	0.00337	0.00023	0.00401	0.00348	0.00033	0.01537	0.00557	0.04770	0.10751	0.30802	0.26703	0.00853	0.03820	0.01368	0.13581	7.7e-05	0.00015	0.02276	0.01133	0.00683
17	0.09529	0.00025	0.00031	0.00025	0.00035	0.00023	0.00020	0.02375	0.01848	0.65555	0.07602	0.04705	0.03451	0.01582	0.00016	5e-05	0.00012	0.01596	0.01545	0.00022
18	0.00539	0.00017	0.00021	0.00022	0.01009	0.00016	0.00016	0.02470	0.05706	0.05463	0.09764	0.49528	0.14290	0.00436	0.00018	5.6e-05	9.3e-05	0.03610	0.07045	0.00015
19	0.04771	0.00032	0.00039	0.00031	0.00041	0.00455	0.02389	0.32396	0.11408	0.35573	0.02123	0.01363	0.00431	0.01985	0.00571	5.2e-05	0.04476	0.01120	0.00768	0.00024
20	0.01188	0.00022	0.01754	0.02488	0.00033	0.00430	0.03909	0.03401	0.05068	0.23622	0.09380	0.22263	0.16550	0.00277	0.01382	0.00835	0.00565	0.04137	0.02678	0.00018
21	0.00903	0.00016	0.00021	0.00409	0.00025	0.00015	0.00318	0.00711	0.01017	0.08681	0.19223	0.36268	0.18455	0.01255	0.00322	0.05011	9.6e-05	0.05882	0.01446	0.00014
22	0.04076	0.00533	0.00269	0.02929	0.01792	0.09829	0.28201	0.15389	0.02768	0.07860	0.02112	0.09180	0.02808	0.00721	0.00358	0.00466	0.03108	0.07252	0.00331	0.00020
23	0.03405	0.01391	0.03199	0.02235	0.00255	0.01767	0.02788	0.05540	0.03564	0.19779	0.09591	0.09545	0.01894	0.05556	0.22663	0.01278	0.02560	0.01668	0.01303	0.00018
24	0.02418	0.00386	0.11028	0.11838	0.01790	0.01338	0.04924	0.02838	0.03422	0.10448	0.07316	0.17698	0.06400	0.02321	0.01610	0.04369	0.05694	0.02422	0.01405	0.00335
25	0.00884	0.00496	0.00745	0.08193	0.03661	0.06445	0.01526	0.02857	0.08734	0.05837	0.02297	0.24247	0.05063	0.13785	0.02260	0.07118	0.00986	0.02362	0.01858	0.00647

[dist]
# distance from previous block
# <min> <max>
0	28

# created by:
# /home/cegg/simao/soft/augustus-3.2.1/scripts/msa2prfl.pl ./align_prep/POG091H02MI.fa
