[name]
unknown

[dist]
# distance from previous block
# <min> <max>
0	80

[block]
# block no. 0 follows, 3418 sequences, length 44
# corresponding to MSA columns:
# 110-153
name=unknown_A
#
# <colnr> <probs for GDERKNQSTAVLIFYWHMCP>
#	G	D	E	R	K	N	Q	S	T	A	V	L	I	F	Y	W	H	M	C	P
0	0.09509	0.00020	0.00303	0.13337	0.12582	0.02130	0.00694	0.07351	0.12939	0.14027	0.13961	0.00760	0.04235	0.00499	0.00299	3.4e-05	0.00182	0.01944	8.7e-05	0.05216
1	0.00493	0.00022	0.00035	0.31538	0.54079	0.00622	0.00685	0.02137	0.01938	0.02905	0.01340	0.00028	0.01648	0.00219	0.00010	3.2e-05	0.00774	9.4e-05	5.5e-05	0.01509
2	0.00389	0.00023	0.00636	0.28726	0.63069	0.02803	0.00566	0.00030	0.00023	0.02043	0.01586	0.00026	0.00017	9.7e-05	0.00010	3.1e-05	0.00013	9.1e-05	5.1e-05	0.00014
3	0.00355	0.00021	0.00035	0.38369	0.48862	0.00289	0.00598	0.02399	0.01460	0.00998	0.04839	0.00710	0.00774	0.00011	0.00010	3.2e-05	0.00238	9.8e-05	5.5e-05	0.00014
4	0.02933	0.06306	0.22579	0.02515	0.11122	0.04844	0.04996	0.01351	0.01620	0.03191	0.31372	0.00501	0.04502	0.01034	0.00011	3.2e-05	0.00010	0.00012	7.4e-05	0.01093
5	0.00335	0.00021	0.00034	0.24609	0.53737	0.00354	0.00313	0.03487	0.00851	0.01203	0.11471	0.01211	0.00281	0.00302	0.00543	3.2e-05	0.00313	0.00010	6e-05	0.00918
6	0.00772	0.00022	0.00037	0.14862	0.73908	0.00708	0.00581	0.00511	0.00369	0.00729	0.03350	0.00883	0.02591	0.00010	0.00010	3.1e-05	0.00623	9.8e-05	5.4e-05	0.00015
7	0.00396	0.00223	0.00456	0.01072	0.01132	0.56872	0.08041	0.03933	0.04649	0.01095	0.14441	0.00294	0.03685	0.00232	0.00011	2.9e-05	0.02716	0.00511	6.7e-05	0.00231
8	0.01560	0.04675	0.04995	0.00013	0.00017	0.00259	0.00011	0.00499	0.02276	0.00567	0.39103	0.00491	0.44035	0.00592	0.00012	3.3e-05	6e-05	0.00018	9.5e-05	0.00859
9	0.01393	0.03288	0.13563	0.00020	0.01076	0.01515	0.01092	0.12423	0.12854	0.21744	0.06684	0.01790	0.01440	0.00248	0.01527	3.1e-05	0.00556	9.9e-05	8.6e-05	0.18766
10	0.00251	0.11328	0.06694	0.10423	0.05440	0.11581	0.04036	0.18173	0.03665	0.05094	0.06832	0.04388	0.01646	0.01432	0.02158	3.5e-05	0.05877	0.00958	7.1e-05	0.00013
11	0.93994	0.00019	0.00015	0.00014	0.00020	0.00022	0.00011	0.00635	0.00018	0.04393	0.00015	0.00017	0.00012	9.6e-05	6.5e-05	3.1e-05	7.9e-05	5.8e-05	0.00769	0.00011
12	0.00018	0.00213	0.03268	0.03212	0.03000	0.02838	0.14774	0.00309	0.01030	0.02667	0.32128	0.00609	0.29471	0.00161	0.00191	3.4e-05	0.04050	0.01158	0.00888	0.00011
13	0.00530	0.00015	0.00020	0.00016	0.00023	0.00013	0.00013	0.00040	0.00028	0.70293	0.21321	0.03842	0.01525	0.00015	0.00011	3.2e-05	7.6e-05	0.00013	0.02255	0.00015
14	0.00021	0.00021	0.00028	0.00025	0.00412	0.02205	0.00020	0.00024	0.01014	0.00025	0.00016	0.00026	0.00016	0.02106	0.14280	6.2e-05	0.79018	9.3e-05	0.00716	0.00011
15	0.00013	0.00010	0.00011	0.00011	0.00014	8.8e-05	8.1e-05	0.00016	0.00024	0.00030	0.21489	0.00093	0.78188	0.00025	0.00012	3.4e-05	5.1e-05	0.00021	9.8e-05	8.8e-05
16	0.00025	0.00025	0.01346	0.05833	0.19670	0.08423	0.15873	0.06810	0.02499	0.01352	0.01907	0.02789	0.00019	0.00560	0.01722	3.8e-05	0.30165	0.00172	0.00793	0.00013
17	0.00041	0.00023	0.00027	0.00021	0.00029	0.00024	0.00017	0.51612	0.02004	0.44467	0.00510	0.00030	0.00022	0.00012	0.00010	3.1e-05	9.9e-05	9.7e-05	0.01113	0.00017
18	0.02202	0.00024	0.00025	0.00021	0.00028	0.00550	0.00017	0.34370	0.61847	0.00749	0.00035	0.00033	0.00026	0.00013	0.00010	3.3e-05	9.2e-05	0.00011	0.00010	0.00016
19	0.00015	0.00011	0.00012	0.00012	0.00012	0.01535	6.8e-05	0.00015	0.00015	0.00020	0.00032	0.00065	0.00036	0.93326	0.02737	9.8e-05	0.01262	0.00866	6.1e-05	6.4e-05
20	0.01356	0.00047	0.00030	0.00027	0.00032	0.94885	0.03418	0.00040	0.00028	0.00025	0.00016	0.00019	0.00013	0.00010	9.2e-05	2.6e-05	0.00018	6.7e-05	5.2e-05	0.00012
21	0.00038	0.00048	0.00029	0.00026	0.00031	0.99603	0.00020	0.00041	0.00029	0.00025	0.00016	0.00018	0.00013	0.00010	9.2e-05	2.6e-05	0.00018	6.5e-05	5.2e-05	0.00012
22	0.00024	0.00020	0.00022	0.00019	0.00025	0.00023	0.00015	0.02702	0.84127	0.00041	0.03030	0.00612	0.09264	0.00015	0.00011	3.4e-05	7.7e-05	0.00013	0.00010	0.00015
23	0.00014	0.00012	0.00013	0.01774	0.02313	0.02153	0.00613	0.00802	0.01111	0.00260	0.01545	0.04436	0.77195	0.00264	0.00306	3.6e-05	0.00305	0.06862	9.1e-05	9.1e-05
24	0.00014	0.00010	0.00012	0.00012	0.00015	9.2e-05	9e-05	0.00018	0.00027	0.00036	0.66281	0.01102	0.32373	0.00022	0.00012	3.3e-05	4.9e-05	0.00019	0.00011	9.2e-05
25	0.00028	0.00023	0.00024	0.00021	0.00027	0.01325	0.00017	0.24457	0.65207	0.02059	0.00607	0.01522	0.00029	0.00014	0.00010	3.4e-05	8.9e-05	0.03924	0.00676	0.00016
26	0.00012	0.00010	0.00011	0.00011	0.00014	8.7e-05	8.1e-05	0.00015	0.00022	0.00027	0.06576	0.17396	0.66447	0.07787	0.00015	4.1e-05	5.7e-05	0.01610	9.3e-05	8.4e-05
27	0.00028	0.00022	0.00024	0.00021	0.00027	0.00025	0.00016	0.08987	0.83693	0.06331	0.00040	0.00036	0.00029	0.00014	0.00010	3.4e-05	8.3e-05	0.00011	0.00658	0.00016
28	0.00028	0.87481	0.00514	0.00018	0.00027	0.10320	0.00018	0.00032	0.00908	0.00557	0.00015	0.00017	0.00013	8.9e-05	6.9e-05	2.2e-05	0.00012	5.6e-05	4.5e-05	0.00013
29	0.01434	0.01660	0.10422	0.13100	0.07605	0.02075	0.02894	0.05964	0.06702	0.07121	0.09280	0.07322	0.02139	0.00014	0.00010	3.1e-05	0.00010	0.05675	7.5e-05	0.16564
30	0.00991	0.05298	0.07481	0.01507	0.09087	0.10450	0.32682	0.06340	0.04510	0.05308	0.01652	0.01050	0.00685	0.00585	0.00704	3.4e-05	0.06801	0.04846	6.3e-05	0.00014
31	0.99715	0.00020	0.00015	0.00013	0.00020	0.00023	0.00011	0.00030	0.00017	0.00046	0.00014	0.00016	0.00011	9.4e-05	6.3e-05	3.1e-05	7.9e-05	5.5e-05	6.3e-05	0.00011
32	0.00470	0.06936	0.03669	0.00644	0.02401	0.70850	0.06933	0.00348	0.00027	0.06638	0.00018	0.00020	0.00014	0.00010	9.4e-05	2.7e-05	0.00750	7.2e-05	0.00240	0.00013
33	0.00299	0.00015	0.00019	0.00016	0.00021	0.00015	0.00013	0.01600	0.22752	0.29098	0.41109	0.00571	0.02404	0.00017	0.00011	3.2e-05	6.8e-05	0.00490	0.00352	0.01188
34	0.00012	9.8e-05	0.00011	0.00012	0.00014	8.6e-05	8.5e-05	0.00015	0.00023	0.00029	0.12666	0.32070	0.53381	0.01041	0.00013	3.7e-05	5.4e-05	0.00659	9.6e-05	8.6e-05
35	0.04317	0.00022	0.00025	0.00020	0.00027	0.00023	0.00016	0.50440	0.04442	0.28953	0.00530	0.01304	0.00969	0.01794	0.00491	3.3e-05	9.6e-05	0.00443	0.06155	0.00016
36	0.00018	9.5e-05	0.00014	0.00901	0.00014	9.6e-05	0.00433	0.01750	0.01095	0.00746	0.00018	0.00031	0.00018	0.00804	0.00038	0.94073	8.9e-05	8.9e-05	4.6e-05	5e-05
37	0.00899	0.00230	0.01146	0.00909	0.01929	0.00298	0.00671	0.48311	0.01441	0.42175	0.00031	0.00338	0.00021	0.00012	0.00010	3.1e-05	0.00010	9.6e-05	0.01538	0.00017
38	0.00036	0.00027	0.00029	0.00023	0.00030	0.00030	0.00019	0.80212	0.18084	0.00777	0.00028	0.00027	0.00020	0.00012	0.00010	3.1e-05	0.00011	9.6e-05	0.00595	0.00017
39	0.09814	0.00020	0.00024	0.00019	0.00027	0.00020	0.00016	0.25419	0.00441	0.61751	0.00033	0.00030	0.00022	0.00012	9.7e-05	3.1e-05	9.2e-05	9.4e-05	0.00543	0.01779
40	0.97185	0.00020	0.00015	0.00014	0.01780	0.00023	0.00011	0.00030	0.00017	0.00812	0.00014	0.00017	0.00011	9.4e-05	6.4e-05	3.1e-05	7.9e-05	5.6e-05	6.3e-05	0.00011
41	0.21243	0.00945	0.00658	0.00410	0.14964	0.01994	0.04701	0.10983	0.12376	0.20017	0.03593	0.00525	0.00231	0.00012	0.00011	3.2e-05	0.05270	0.01705	0.00344	0.00014
42	0.00022	0.00451	0.00768	0.00668	0.00975	0.02497	0.05393	0.16464	0.00852	0.05895	0.15833	0.25110	0.05169	0.00022	0.00012	3.6e-05	0.00601	0.16564	0.02689	0.00011
43	0.94354	0.00021	0.00763	0.00014	0.00712	0.03462	0.00488	0.00030	0.00018	0.00045	0.00014	0.00017	0.00011	9.5e-05	6.5e-05	3.1e-05	8.3e-05	5.6e-05	6.2e-05	0.00011

[dist]
# distance from previous block
# <min> <max>
0	1

[block]
# block no. 1 follows, 3418 sequences, length 22
# corresponding to MSA columns:
# 155-164,173-184
name=unknown_B
#
# <colnr> <probs for GDERKNQSTAVLIFYWHMCP>
#	G	D	E	R	K	N	Q	S	T	A	V	L	I	F	Y	W	H	M	C	P
0	0.00015	0.0001	0.00012	0.00012	0.00012	0.00010	6.9e-05	0.00015	0.00015	0.00020	0.00033	0.00065	0.01192	0.87379	0.09979	0.00010	0.00012	0.01191	6.2e-05	6.5e-05
1	0.00025	0.00023	0.01188	0.26740	0.61675	0.01008	0.00626	0.06867	0.00904	0.00819	0.00019	0.00026	0.00016	9.6e-05	0.00010	3.1e-05	0.00012	9e-05	5.3e-05	0.00015
2	0.96015	0.00020	0.00015	0.00014	0.00020	0.01605	0.00011	0.02143	0.00018	0.00046	0.00014	0.00017	0.00011	9.5e-05	6.4e-05	3.1e-05	8.1e-05	5.6e-05	6.3e-05	0.00011
3	0.00038	0.00027	0.00029	0.00023	0.00030	0.00029	0.00018	0.78477	0.10555	0.10627	0.00028	0.00027	0.00020	0.00012	0.00010	3.1e-05	0.00011	9.5e-05	0.00010	0.00017
4	0.00021	0.00020	0.00034	0.64186	0.35486	0.00023	0.00029	0.00028	0.00021	0.00029	0.00018	0.00026	0.00014	9.8e-05	0.00010	3.3e-05	0.00013	9e-05	4.7e-05	0.00013
5	0.00025	0.00024	0.00041	0.00062	0.99580	0.00024	0.00031	0.00031	0.00023	0.00033	0.00019	0.00025	0.00016	9e-05	0.00010	3e-05	0.00012	9e-05	5e-05	0.00016
6	0.13759	0.00029	0.00028	0.00024	0.04546	0.10169	0.00018	0.67760	0.00040	0.02627	0.00022	0.00023	0.00016	0.00011	9.5e-05	3e-05	0.00011	8.4e-05	0.00879	0.00016
7	0.00026	0.00022	0.00023	0.00021	0.00027	0.00026	0.00016	0.05801	0.93814	0.00044	0.00040	0.00037	0.00030	0.00014	0.00010	3.4e-05	8.2e-05	0.00011	0.00010	0.00016
8	0.00023	0.00018	0.00021	0.00015	0.00024	0.00014	0.00012	0.01798	0.00022	0.07598	0.00020	0.00022	0.00016	8e-05	7.8e-05	1.7e-05	7.7e-05	6.4e-05	6.6e-05	0.90358
9	0.00015	0.00010	0.00013	0.00013	0.00014	0.00011	8.8e-05	0.00016	0.00015	0.00021	0.00030	0.00056	0.00032	0.59342	0.40347	0.00012	0.00017	0.00013	5.9e-05	7.3e-05
10	0.01683	0.00017	0.00023	0.00018	0.00026	0.00015	0.00015	0.00048	0.00029	0.95309	0.02681	0.00035	0.00027	0.00013	0.00010	3.1e-05	8.5e-05	0.00010	0.00012	0.00017
11	0.02619	0.00018	0.00024	0.00018	0.00026	0.00016	0.00015	0.02592	0.00029	0.94474	0.00039	0.00034	0.00025	0.00012	0.00010	3.1e-05	8.7e-05	0.00010	0.00012	0.00017
12	0.03038	0.00027	0.00054	0.00708	0.00801	0.00026	0.84072	0.04740	0.05681	0.00717	0.00022	0.00028	0.00016	9.1e-05	0.00012	3.4e-05	0.00016	0.00012	5.7e-05	0.00014
13	0.00017	0.00014	0.02795	0.00570	0.01597	0.01165	0.07392	0.00908	0.06271	0.00608	0.26551	0.17994	0.05833	0.00023	0.00012	3.8e-05	8e-05	0.26703	0.01525	0.00010
14	0.01084	0.00017	0.00023	0.00018	0.00025	0.00015	0.00014	0.01016	0.05855	0.83132	0.05258	0.00038	0.02162	0.00013	0.00010	3.2e-05	8.3e-05	0.00011	0.01280	0.00016
15	0.02766	0.00018	0.00023	0.00018	0.00025	0.00016	0.00015	0.08913	0.01780	0.76747	0.05316	0.00971	0.01625	0.00013	0.00010	3.2e-05	8.5e-05	0.00572	0.01143	0.00016
16	0.01191	0.06582	0.65886	0.00425	0.01992	0.00879	0.13356	0.01420	0.02635	0.03526	0.00517	0.00504	0.00387	0.00010	9.8e-05	3.2e-05	0.00014	0.00643	5.1e-05	0.00015
17	0.00678	0.25351	0.03969	0.09304	0.06584	0.08100	0.06688	0.10357	0.11186	0.14333	0.01490	0.00373	0.00762	0.00011	9.4e-05	2.9e-05	0.00413	0.00367	7.2e-05	0.00014
18	0.00039	0.00016	0.00021	0.00017	0.00023	0.00014	0.00013	0.00848	0.00028	0.77707	0.04966	0.01224	0.01863	0.00013	9.9e-05	3.1e-05	7.9e-05	0.00011	0.13159	0.00016
19	0.17086	0.00494	0.00021	0.00017	0.00024	0.00017	0.00014	0.06121	0.01781	0.62286	0.04824	0.03798	0.00897	0.00013	9.7e-05	3.2e-05	8.3e-05	0.01559	0.01012	0.00015
20	0.00725	0.01630	0.12083	0.19220	0.46386	0.03057	0.07920	0.02349	0.01075	0.02821	0.00587	0.00889	0.00412	0.0001	0.00010	3.1e-05	0.00349	0.00453	5.3e-05	0.00014
21	0.02965	0.00584	0.06569	0.06887	0.31711	0.00697	0.03052	0.03102	0.03074	0.19725	0.10184	0.02505	0.04991	0.00013	0.00011	3.2e-05	0.00336	0.03569	7.9e-05	0.00014

[dist]
# distance from previous block
# <min> <max>
3	4

[block]
# block no. 2 follows, 3418 sequences, length 26
# corresponding to MSA columns:
# 196-221
name=unknown_C
#
# <colnr> <probs for GDERKNQSTAVLIFYWHMCP>
#	G	D	E	R	K	N	Q	S	T	A	V	L	I	F	Y	W	H	M	C	P
0	0.00403	0.00492	0.00025	0.00521	0.00024	0.04325	0.05147	0.02494	0.00588	0.04454	0.00765	0.09945	0.00465	0.08825	0.16937	6.6e-05	0.38876	0.03871	0.01828	0.00011
1	0.96376	0.01469	0.00016	0.00014	0.00020	0.01910	0.00011	0.00030	0.00018	0.00045	0.00014	0.00017	0.00011	9.4e-05	6.3e-05	3.1e-05	8.1e-05	5.5e-05	6.2e-05	0.00011
2	0.00014	0.00010	0.00013	0.00015	0.00017	9.7e-05	0.00011	0.00018	0.00023	0.01622	0.17103	0.38171	0.12685	0.00028	0.00013	4e-05	6.7e-05	0.30217	9.7e-05	9e-05
3	0.00024	0.00023	0.00650	0.30040	0.57005	0.01193	0.03505	0.02742	0.01009	0.00666	0.01108	0.00378	0.00402	9.9e-05	0.00010	3.2e-05	0.01204	9.4e-05	5.2e-05	0.00014
4	0.00501	0.03062	0.22554	0.07346	0.16067	0.12379	0.04444	0.12496	0.16318	0.00368	0.00679	0.00479	0.00460	0.00251	0.01261	3.3e-05	0.00876	0.00436	6.5e-05	0.00015
5	0.00015	0.00010	0.00013	0.00013	0.00015	9.3e-05	9.5e-05	0.00018	0.00026	0.02549	0.64136	0.21596	0.09499	0.00023	0.00012	3.4e-05	5.2e-05	0.01055	0.00982	9.4e-05
6	0.05886	0.19539	0.40929	0.02430	0.07052	0.00683	0.00732	0.09743	0.00929	0.04797	0.01023	0.00023	0.01337	0.00011	0.00010	0.00313	0.04535	7.8e-05	5.7e-05	0.00014
7	0.00015	0.00011	0.00013	0.00013	0.00015	9.7e-05	9.5e-05	0.00020	0.00860	0.03382	0.78176	0.00773	0.15724	0.00021	0.00012	3.2e-05	5e-05	0.00018	0.00909	9.7e-05
8	0.00555	0.00253	0.12033	0.14576	0.09559	0.02605	0.01767	0.01998	0.05713	0.00741	0.01116	0.07787	0.01658	0.16663	0.12950	0.00700	0.00320	0.08164	0.00832	0.00011
9	0.00014	0.00010	0.00013	0.00013	0.00015	9.5e-05	9.5e-05	0.00018	0.01013	0.00038	0.76178	0.09274	0.12287	0.00022	0.00012	3.3e-05	5e-05	0.01045	0.00011	9.4e-05
10	0.02884	0.00024	0.00040	0.02958	0.74167	0.00527	0.07937	0.05443	0.01849	0.00803	0.00020	0.00026	0.00016	9.6e-05	0.00010	0.00385	0.00876	0.00348	0.01662	0.00015
11	0.99715	0.00020	0.00015	0.00013	0.00020	0.00023	0.00011	0.00030	0.00017	0.00046	0.00014	0.00016	0.00011	9.4e-05	6.3e-05	3.1e-05	7.9e-05	5.5e-05	6.3e-05	0.00011
12	0.01616	0.00018	0.00021	0.00015	0.00023	0.00565	0.00012	0.00434	0.03786	0.02614	0.02885	0.03802	0.01174	9.5e-05	8.3e-05	1.8e-05	0.00751	7.8e-05	6.7e-05	0.82249
13	0.99715	0.00020	0.00015	0.00013	0.00020	0.00023	0.00011	0.00030	0.00017	0.00046	0.00014	0.00016	0.00011	9.4e-05	6.3e-05	3.1e-05	7.9e-05	5.5e-05	6.3e-05	0.00011
14	0.01237	0.00023	0.00025	0.00020	0.00027	0.04567	0.01628	0.36902	0.00510	0.22076	0.01828	0.01656	0.03495	0.00012	9.7e-05	2.7e-05	9.6e-05	0.01794	9.3e-05	0.24170
15	0.96540	0.00020	0.00016	0.00014	0.00021	0.00023	0.03181	0.00030	0.00017	0.00045	0.00014	0.00017	0.00011	9.4e-05	6.5e-05	3.1e-05	8.1e-05	5.7e-05	6.2e-05	0.00011
16	0.00020	0.00019	0.00031	0.91810	0.07876	0.00023	0.00028	0.00026	0.00021	0.00026	0.00018	0.00027	0.00014	0.00010	0.00010	3.4e-05	0.00013	9e-05	4.5e-05	0.00012
17	0.00022	0.11683	0.84256	0.00027	0.00041	0.00025	0.00034	0.01610	0.00022	0.00994	0.00019	0.00022	0.01181	9.8e-05	9.3e-05	3.1e-05	0.00014	7.5e-05	4.5e-05	0.00015
18	0.01242	0.00025	0.00027	0.00022	0.00029	0.01867	0.01246	0.53074	0.17051	0.21672	0.01623	0.00030	0.00023	0.00013	0.00010	3.1e-05	0.00010	0.01098	0.00010	0.00925
19	0.00043	0.00018	0.00023	0.00018	0.00026	0.00016	0.00015	0.04862	0.05033	0.86499	0.00687	0.00035	0.00782	0.00013	0.00010	3.1e-05	8.6e-05	0.00010	0.01881	0.00017
20	0.00014	0.00011	0.00013	0.06826	0.01193	0.00010	0.00010	0.00017	0.00475	0.01143	0.16446	0.07939	0.61162	0.00024	0.00012	3.5e-05	0.00461	0.04222	9.3e-05	9.2e-05
21	0.00020	0.00019	0.00032	0.81386	0.15590	0.00023	0.01008	0.00027	0.01744	0.00027	0.00019	0.00027	0.00014	0.00010	0.00010	3.3e-05	0.00013	9.1e-05	4.7e-05	0.00012
22	0.03127	0.00021	0.00891	0.00021	0.00029	0.00021	0.07932	0.24504	0.06305	0.55449	0.00550	0.00032	0.00023	0.00012	0.00010	3.2e-05	9.9e-05	0.00519	0.00524	0.00017
23	0.00013	9.3e-05	0.00012	0.00013	0.00015	8.6e-05	9.2e-05	0.00015	0.00021	0.00628	0.07943	0.69782	0.16553	0.02326	0.00014	4.1e-05	5.8e-05	0.02043	0.00578	8.4e-05
24	0.09563	0.00561	0.07341	0.02185	0.01206	0.12652	0.39843	0.02166	0.00954	0.07915	0.01545	0.00658	0.03473	0.03300	0.00405	3.6e-05	0.05756	0.00455	6.2e-05	0.00013
25	0.11057	0.00492	0.01055	0.00019	0.00026	0.06043	0.00677	0.10518	0.08256	0.54985	0.05780	0.00034	0.00449	0.00013	9.8e-05	3.1e-05	9.3e-05	0.00548	0.00011	0.00016

[dist]
# distance from previous block
# <min> <max>
0	1

[block]
# block no. 3 follows, 3418 sequences, length 27
# corresponding to MSA columns:
# 223-249
name=unknown_D
#
# <colnr> <probs for GDERKNQSTAVLIFYWHMCP>
#	G	D	E	R	K	N	Q	S	T	A	V	L	I	F	Y	W	H	M	C	P
0	0.00756	0.00306	0.05411	0.01029	0.00652	0.00688	0.05547	0.10191	0.05686	0.45548	0.07793	0.06199	0.03773	0.01113	0.00011	0.00295	0.00949	0.01426	0.02399	0.00227
1	0.90604	0.03652	0.00658	0.00786	0.00021	0.03364	0.00012	0.00748	0.00018	0.00044	0.00014	0.00017	0.00011	9.5e-05	6.5e-05	3.1e-05	8.4e-05	5.6e-05	6.2e-05	0.00011
2	0.00013	9.5e-05	0.00012	0.00013	0.00014	8.9e-05	8.6e-05	0.00015	0.00020	0.00026	0.04536	0.49782	0.20102	0.20913	0.03232	5.5e-05	7.2e-05	0.01268	8.7e-05	8e-05
3	0.00023	0.03053	0.41123	0.08432	0.18179	0.07991	0.03600	0.02319	0.06596	0.00637	0.04302	0.00381	0.01730	0.00011	0.00265	3.2e-05	0.00791	0.00544	5.6e-05	0.00014
4	0.00013	0.00010	0.00012	0.00012	0.00015	9.2e-05	8.9e-05	0.00017	0.00026	0.00035	0.60112	0.01415	0.38231	0.00023	0.00012	3.3e-05	4.9e-05	0.00020	0.00010	9.2e-05
5	0.08517	0.00848	0.00681	0.02845	0.09026	0.04258	0.00566	0.07436	0.47956	0.02249	0.04530	0.05813	0.03563	0.00014	0.00010	3.3e-05	0.00284	0.01377	9e-05	0.00014
6	0.00971	0.00459	0.09999	0.01136	0.01482	0.06261	0.01401	0.42340	0.03498	0.10297	0.02434	0.08722	0.00404	0.02268	0.00639	0.03165	0.00473	0.03392	0.00349	0.00309
7	0.00012	0.00010	0.00011	0.00011	0.00014	8.9e-05	8e-05	0.00015	0.01669	0.00028	0.02935	0.02344	0.91159	0.00895	0.00012	3.5e-05	5.3e-05	0.00840	9.5e-05	8.7e-05
8	0.00025	0.00023	0.03228	0.20351	0.24209	0.01579	0.06192	0.14987	0.12815	0.01882	0.05546	0.02816	0.03564	0.00266	0.00412	3.3e-05	0.00737	0.00731	0.00621	0.00014
9	0.00027	0.97086	0.01363	0.00018	0.00026	0.00040	0.00018	0.00031	0.00021	0.01275	0.00014	0.00017	0.00013	8.7e-05	6.6e-05	2.2e-05	0.00011	5.5e-05	4.4e-05	0.00013
10	0.01103	0.01973	0.00841	0.01529	0.01476	0.00011	0.00011	0.00021	0.01379	0.01990	0.76664	0.01719	0.09219	0.00020	0.00012	3.2e-05	0.00354	0.00852	0.00812	0.0001
11	0.00026	0.00022	0.00023	0.00021	0.00027	0.00026	0.00016	0.04428	0.95187	0.00043	0.00041	0.00037	0.00030	0.00014	0.00010	3.4e-05	8.2e-05	0.00011	0.00010	0.00016
12	0.02538	0.00018	0.00021	0.00015	0.00024	0.00014	0.00012	0.03338	0.01109	0.00986	0.00019	0.00022	0.00016	8.1e-05	7.7e-05	1.7e-05	7.7e-05	0.01150	6.3e-05	0.90684
13	0.00015	0.00012	0.00017	0.00015	0.00019	0.00011	0.07992	0.01100	0.01863	0.00527	0.23046	0.14747	0.42693	0.00023	0.00012	3.4e-05	0.01093	0.02172	9.3e-05	0.04630
14	0.00025	0.00020	0.00022	0.00016	0.00025	0.04630	0.00675	0.00702	0.00667	0.11298	0.00021	0.00023	0.00016	8.3e-05	8e-05	1.8e-05	8.2e-05	6.6e-05	6.8e-05	0.81821
15	0.00022	0.00021	0.00029	0.00025	0.00025	0.00029	0.00021	0.00024	0.00015	0.00024	0.00015	0.00026	0.00015	0.07957	0.01287	5e-05	0.90435	9.4e-05	4.6e-05	0.00011
16	0.00037	0.01322	0.00030	0.00028	0.04645	0.93713	0.00020	0.00040	0.00028	0.00025	0.00016	0.00019	0.00013	0.00010	9.2e-05	2.6e-05	0.00018	6.6e-05	5.2e-05	0.00012
17	0.95094	0.00019	0.00015	0.00013	0.00019	0.00022	0.00011	0.00029	0.00017	0.00045	0.00016	0.04634	0.00014	0.00010	6.6e-05	3.2e-05	7.8e-05	6.6e-05	6.4e-05	0.00011
18	0.04641	0.00011	0.00012	0.00011	0.00014	0.00012	8.5e-05	0.01993	0.06193	0.02423	0.06101	0.00039	0.00030	0.00012	7.7e-05	2.5e-05	5.3e-05	9.9e-05	0.77478	0.00997
19	0.00020	0.00018	0.00031	0.93842	0.05845	0.00023	0.00028	0.00026	0.00020	0.00026	0.00018	0.00027	0.00014	0.00010	0.00010	3.4e-05	0.00013	9e-05	4.5e-05	0.00012
20	0.00022	0.00018	0.00022	0.01093	0.00025	0.00014	0.00907	0.00789	0.00022	0.03329	0.00019	0.00022	0.00015	7.8e-05	7.7e-05	1.6e-05	7.7e-05	6.3e-05	6.2e-05	0.93668
21	0.00022	0.00019	0.00466	0.14316	0.03987	0.00016	0.02030	0.01540	0.00942	0.01358	0.00019	0.00023	0.00396	8.3e-05	8.2e-05	2e-05	8.8e-05	6.9e-05	0.00722	0.74112
22	0.00025	0.00024	0.00040	0.03640	0.92767	0.00824	0.00031	0.00843	0.00023	0.00689	0.00020	0.00026	0.00984	9.3e-05	0.00010	3e-05	0.00012	9.2e-05	5.1e-05	0.00016
23	0.00401	0.00020	0.00033	0.66271	0.26003	0.00023	0.00717	0.00596	0.02294	0.00578	0.00019	0.00443	0.00015	0.00010	0.00010	3.3e-05	0.00827	9.1e-05	4.9e-05	0.01723
24	0.00401	0.00018	0.00029	0.89365	0.00767	0.00743	0.00026	0.00025	0.00020	0.00026	0.01710	0.00029	0.01673	0.00843	0.00656	0.01652	0.00013	9.3e-05	4.8e-05	0.01988
25	0.00019	0.00018	0.00030	0.90427	0.02271	0.00022	0.00027	0.00689	0.00020	0.00026	0.00020	0.02678	0.00851	0.02303	0.00011	3.5e-05	0.00559	9.8e-05	4.8e-05	0.00011
26	0.02848	0.00012	0.00016	0.00016	0.06558	0.00730	0.00011	0.00021	0.00392	0.01526	0.77572	0.00520	0.06153	0.01106	0.00012	3.3e-05	5.7e-05	0.01235	0.00010	0.01253

[dist]
# distance from previous block
# <min> <max>
0	6

# created by:
# /home/cegg/simao/soft/augustus-3.2.1/scripts/msa2prfl.pl ./align_prep/POG091H00C0.fa
