[name]
unknown

[dist]
# distance from previous block
# <min> <max>
0	292

[block]
# block no. 0 follows, 2659 sequences, length 6
# corresponding to MSA columns:
# 366,367,370,372,373,375
name=unknown_A
#
# <colnr> <probs for GDERKNQSTAVLIFYWHMCP>
#	G	D	E	R	K	N	Q	S	T	A	V	L	I	F	Y	W	H	M	C	P
0	0.02449	0.23012	0.16833	0.01519	0.01752	0.04446	0.05027	0.08437	0.09956	0.04604	0.02224	0.02634	0.04493	0.01276	0.04412	4.7e-05	0.01670	0.02939	0.01262	0.01049
1	0.01060	0.01282	0.02037	0.01255	0.00022	0.01037	0.01002	0.01202	0.01807	0.01257	0.21542	0.23274	0.28653	0.05264	0.04532	5.7e-05	0.00957	0.01326	0.01107	0.01380
2	0.01024	0.10499	0.11106	0.01005	0.01015	0.05868	0.19861	0.08170	0.04914	0.05312	0.04308	0.04513	0.04226	0.04930	0.06036	0.00944	0.01494	0.01754	0.01191	0.01831
3	0.00914	0.02052	0.02717	0.02102	0.01697	0.08751	0.02722	0.02770	0.05652	0.04102	0.11541	0.09019	0.18456	0.09928	0.06784	0.02266	0.01606	0.04302	0.01563	0.01055
4	0.03432	0.08989	0.26906	0.01769	0.01257	0.05982	0.03462	0.04986	0.04296	0.14001	0.04890	0.03824	0.04710	0.02950	0.01447	0.00849	0.02195	0.01216	0.01501	0.01340
5	0.05270	0.25192	0.05912	0.02615	0.01206	0.11695	0.01761	0.11234	0.05073	0.05724	0.04369	0.02768	0.02493	0.02454	0.03285	0.01193	0.01235	0.00903	0.03472	0.02146

[dist]
# distance from previous block
# <min> <max>
21	69

[block]
# block no. 1 follows, 2659 sequences, length 37
# corresponding to MSA columns:
# 529-540,554-566,574-585
name=unknown_B
#
# <colnr> <probs for GDERKNQSTAVLIFYWHMCP>
#	G	D	E	R	K	N	Q	S	T	A	V	L	I	F	Y	W	H	M	C	P
0	0.04498	0.19285	0.13027	0.01988	0.03252	0.07862	0.07099	0.05557	0.01994	0.07256	0.06412	0.06600	0.04546	0.00479	0.00973	4e-05	0.00992	0.00587	0.00510	0.07078
1	0.09402	0.00546	0.01616	0.00493	0.05306	0.01291	0.00721	0.11505	0.06155	0.29425	0.06113	0.04444	0.04107	0.02204	0.06224	0.02150	0.00304	0.00015	0.06897	0.01082
2	0.00413	0.08451	0.72552	0.00452	0.00443	0.00924	0.03493	0.05993	0.01437	0.01595	0.00773	0.00657	0.00778	0.00326	0.00518	4.1e-05	0.00018	0.00464	0.00343	0.00367
3	0.00018	0.00013	0.00016	0.00017	0.00020	0.00012	0.00013	0.00021	0.00446	0.01289	0.22765	0.41971	0.22132	0.00889	0.00016	4.9e-05	7.5e-05	0.09364	0.00974	0.00011
4	0.05850	0.01823	0.02161	0.00742	0.00037	0.09220	0.00365	0.44347	0.19935	0.09508	0.02743	0.00354	0.00029	0.00218	0.00297	4e-05	0.00691	0.00012	0.01642	0.00020
5	0.00720	0.00013	0.00016	0.00016	0.00019	0.00012	0.00012	0.00022	0.00030	0.02062	0.33408	0.19249	0.31808	0.03295	0.06577	5.8e-05	8.9e-05	0.02268	0.00445	0.00012
6	0.00026	0.00021	0.00240	0.23466	0.01366	0.02178	0.01356	0.05323	0.16272	0.03334	0.10947	0.15886	0.12265	0.00811	0.01364	4.8e-05	0.00619	0.04216	0.00290	0.00015
7	0.01220	0.00013	0.00015	0.00016	0.00017	0.00012	0.00010	0.00021	0.00467	0.02111	0.04755	0.30247	0.13498	0.40189	0.03176	0.00379	0.00010	0.00986	0.02846	0.00010
8	0.01045	0.00016	0.00244	0.00018	0.00022	0.00317	0.00302	0.01804	0.15425	0.01892	0.57969	0.02006	0.02854	0.00024	0.00241	4.1e-05	7.4e-05	0.01666	0.14130	0.00014
9	0.08885	0.61329	0.02368	0.00487	0.00376	0.07973	0.00262	0.09060	0.07045	0.00459	0.00023	0.00318	0.00231	0.00013	9.8e-05	3.2e-05	0.00470	0.00399	7.2e-05	0.00281
10	0.00765	0.32080	0.18278	0.00764	0.02153	0.19230	0.00664	0.04347	0.03280	0.05866	0.01183	0.03140	0.02618	0.00014	0.00268	3.5e-05	0.00487	0.00301	7.6e-05	0.04550
11	0.01460	0.14462	0.31917	0.03846	0.06837	0.01832	0.03381	0.02398	0.02818	0.21407	0.01719	0.02640	0.01077	0.00184	0.00012	3.9e-05	0.00471	0.00533	8.9e-05	0.02994
12	0.03007	0.00534	0.37684	0.09792	0.08608	0.00765	0.02620	0.02998	0.08196	0.07431	0.01350	0.01550	0.00316	0.01328	0.06196	5.3e-05	0.02489	0.02502	0.00260	0.02369
13	0.08176	0.00018	0.00020	0.00019	0.00024	0.00018	0.01007	0.14139	0.00034	0.03413	0.03115	0.04998	0.49110	0.00029	0.00015	4.6e-05	9.2e-05	0.15827	0.00012	0.00013
14	0.00031	0.00028	0.05706	0.20598	0.04339	0.00440	0.19733	0.01542	0.02944	0.13022	0.00510	0.08771	0.01456	0.00245	0.00930	0.00187	0.18695	0.00336	0.00469	0.00016
15	0.01151	0.08689	0.38395	0.06515	0.04698	0.02232	0.11746	0.04120	0.05813	0.08821	0.02557	0.00607	0.01062	0.00326	0.01070	4.3e-05	0.00846	0.00662	0.00243	0.00443
16	0.00017	0.00012	0.00015	0.00017	0.00425	0.00011	0.00012	0.00020	0.00644	0.00677	0.04046	0.62864	0.24982	0.00625	0.01481	0.00273	7.9e-05	0.03578	0.00281	0.00011
17	0.00046	0.00057	0.00037	0.00034	0.00039	0.84851	0.00026	0.01092	0.00035	0.00032	0.00020	0.00024	0.00017	0.00015	0.00016	3.7e-05	0.13624	8.8e-05	6.6e-05	0.00015
18	0.02180	0.00293	0.05298	0.24423	0.11177	0.03809	0.04181	0.04027	0.00898	0.08722	0.05663	0.15036	0.02622	0.00985	0.00848	0.01147	0.04890	0.02751	0.01035	0.00016
19	0.01302	0.12854	0.28132	0.09899	0.04912	0.02583	0.18778	0.02254	0.10853	0.02182	0.00826	0.00423	0.00618	0.00766	0.01465	4.4e-05	0.01091	0.00600	0.00442	0.00018
20	0.00021	0.00014	0.00021	0.00601	0.00022	0.00514	0.01188	0.00307	0.00934	0.01143	0.00034	0.00877	0.00033	0.15377	0.57244	0.19451	0.01853	0.00350	7.1e-05	0.00010
21	0.00023	0.00020	0.00033	0.69897	0.00070	0.00024	0.00030	0.00030	0.00026	0.00609	0.00037	0.14542	0.00035	0.00735	0.00015	4.7e-05	0.00015	0.13209	0.00631	0.00014
22	0.37697	0.21733	0.03249	0.00659	0.02782	0.12685	0.10916	0.03154	0.00238	0.00877	0.00021	0.00025	0.00017	0.00312	0.00274	3.9e-05	0.04903	0.00211	0.00228	0.00016
23	0.00426	0.00283	0.02673	0.02507	0.39192	0.00259	0.03765	0.00292	0.04092	0.00225	0.04465	0.12182	0.13861	0.00273	0.00208	4.5e-05	0.14172	0.00652	0.00453	0.00016
24	0.00526	0.66288	0.05515	0.00244	0.01254	0.07493	0.00380	0.02434	0.00685	0.01661	0.00254	0.00224	0.00018	0.00215	9.7e-05	2.9e-05	0.00695	7.8e-05	6.4e-05	0.12087
25	0.17389	0.00406	0.01531	0.14852	0.23121	0.01134	0.04295	0.02421	0.04543	0.04314	0.00786	0.00255	0.00296	0.00469	0.22007	0.00284	0.00849	0.00488	0.00543	0.00016
26	0.00270	0.00646	0.01282	0.00021	0.00589	0.00019	0.00241	0.04791	0.01581	0.16277	0.06018	0.01545	0.02074	0.00661	0.06924	4.1e-05	0.00012	0.00011	9.9e-05	0.57024
27	0.00033	0.00028	0.00029	0.00026	0.00034	0.00032	0.00021	0.00069	0.95747	0.02629	0.00053	0.00048	0.00039	0.00018	0.00013	4.4e-05	0.00010	0.00015	0.00013	0.01138
28	0.00040	0.65759	0.00058	0.00026	0.00036	0.33826	0.00023	0.00043	0.00030	0.00031	0.00019	0.00022	0.00017	0.00012	9.5e-05	3e-05	0.00017	7.4e-05	6e-05	0.00016
29	0.00019	0.00014	0.00017	0.00016	0.00020	0.00013	0.00012	0.00025	0.02661	0.00050	0.84471	0.00099	0.11573	0.00027	0.00015	4.1e-05	6.3e-05	0.00024	0.00922	0.00012
30	0.00017	0.00012	0.00015	0.00018	0.00020	0.00011	0.00013	0.00020	0.01413	0.00035	0.01813	0.62264	0.24064	0.00038	0.00016	5.1e-05	7.8e-05	0.10195	0.00012	0.00011
31	0.00047	0.00034	0.00037	0.00029	0.00039	0.00037	0.00024	0.73217	0.19771	0.06573	0.00037	0.00036	0.00026	0.00016	0.00013	4e-05	0.00013	0.00012	0.00013	0.00022
32	0.00019	0.00013	0.00014	0.00015	0.00015	0.00013	8.3e-05	0.00019	0.00019	0.00026	0.00865	0.03954	0.00551	0.90319	0.01081	0.03022	0.00013	0.00019	8.1e-05	8e-05
33	0.00661	0.09745	0.07861	0.01194	0.00035	0.01468	0.00608	0.02056	0.01073	0.18035	0.00868	0.00267	0.00022	0.00012	0.00011	2.8e-05	0.00346	9.3e-05	0.00564	0.55162
34	0.01401	0.00673	0.00520	0.00292	0.00027	0.03397	0.02443	0.06389	0.01482	0.11650	0.01966	0.10630	0.03742	0.09868	0.18678	8.6e-05	0.00232	0.24746	0.01843	0.00014
35	0.05354	0.25208	0.23689	0.00458	0.03978	0.04584	0.03283	0.06070	0.02787	0.03520	0.01938	0.08501	0.01879	0.02939	0.01534	0.00778	0.00677	0.00330	0.01773	0.00720
36	0.00558	0.16110	0.43975	0.01326	0.00790	0.01627	0.02133	0.03266	0.01164	0.07391	0.03713	0.03615	0.02254	0.00985	0.00013	0.00204	0.00521	0.02461	0.00840	0.07052

[dist]
# distance from previous block
# <min> <max>
1	68

[block]
# block no. 2 follows, 2659 sequences, length 17
# corresponding to MSA columns:
# 734-750
name=unknown_C
#
# <colnr> <probs for GDERKNQSTAVLIFYWHMCP>
#	G	D	E	R	K	N	Q	S	T	A	V	L	I	F	Y	W	H	M	C	P
0	0.07119	0.02282	0.06554	0.08182	0.04711	0.02214	0.01351	0.04553	0.06365	0.07960	0.08464	0.11243	0.04912	0.02709	0.00985	4.3e-05	0.01272	0.02653	0.01469	0.14999
1	0.00023	0.02858	0.06242	0.00022	0.00026	0.04619	0.00680	0.02641	0.02689	0.02775	0.09869	0.25068	0.12263	0.02641	0.06772	0.00553	0.03077	0.12267	0.00560	0.04353
2	0.00700	0.01507	0.03826	0.01229	0.00024	0.02591	0.00929	0.02958	0.01132	0.02002	0.01478	0.64479	0.13524	0.00680	0.00417	0.00404	0.00393	0.01278	0.00011	0.00438
3	0.92927	0.00025	0.00020	0.00018	0.00026	0.00029	0.00015	0.02040	0.00024	0.04754	0.00020	0.00022	0.00015	0.00012	8.4e-05	4e-05	0.00010	7.4e-05	8.5e-05	0.00015
4	0.00034	0.87907	0.08582	0.00024	0.00036	0.01530	0.01663	0.00039	0.00027	0.00032	0.00019	0.00022	0.00017	0.00011	8.9e-05	2.9e-05	0.00015	7.4e-05	5.6e-05	0.00017
5	0.00016	0.00013	0.00014	0.00015	0.00018	0.00011	0.00011	0.00019	0.00029	0.00036	0.07400	0.29808	0.56021	0.02166	0.00017	4.9e-05	7.2e-05	0.04369	0.00012	0.00011
6	0.00022	0.00014	0.00017	0.00016	0.00020	0.00013	0.00012	0.00747	0.00031	0.08878	0.42404	0.03595	0.20998	0.16923	0.03170	6.2e-05	8.9e-05	0.02319	0.00793	0.00012
7	0.00016	0.00013	0.00014	0.00015	0.00018	0.00011	0.00011	0.00019	0.00029	0.00036	0.07663	0.19957	0.66157	0.02996	0.00017	4.8e-05	7.1e-05	0.02992	0.00012	0.00011
8	0.01749	0.01549	0.00027	0.00022	0.00029	0.04764	0.00018	0.38927	0.01056	0.12073	0.00037	0.00039	0.00028	0.00015	0.00011	3.5e-05	0.00011	0.00012	0.39611	0.00018
9	0.00024	0.00408	0.00498	0.07349	0.03342	0.00350	0.00901	0.00753	0.03777	0.06605	0.12279	0.17617	0.11280	0.02149	0.07107	0.01490	0.01221	0.01902	0.02199	0.18748
10	0.01361	0.29941	0.27569	0.00617	0.00729	0.03564	0.09787	0.05577	0.01538	0.03347	0.00024	0.01551	0.00020	0.00013	0.00458	0.00856	0.00574	9.9e-05	7e-05	0.12457
11	0.00025	0.00519	0.01785	0.14311	0.10710	0.00022	0.00905	0.00966	0.21508	0.01920	0.35274	0.01422	0.03726	0.03567	0.01651	4.8e-05	0.01139	0.00518	0.00011	0.00016
12	0.00643	0.00655	0.00022	0.00019	0.00025	0.00016	0.00015	0.01175	0.02672	0.33731	0.37271	0.05980	0.12972	0.00024	0.00014	4.2e-05	8.3e-05	0.01160	0.03579	0.00016
13	0.00705	0.01668	0.20100	0.14139	0.14643	0.01652	0.04398	0.02962	0.03149	0.15662	0.04566	0.06228	0.02580	0.00782	0.02447	0.00415	0.02115	0.00952	0.00821	0.00018
14	0.00940	0.02727	0.25266	0.29676	0.10203	0.02607	0.06198	0.06220	0.02910	0.05787	0.00691	0.01238	0.00864	0.00599	0.02124	4.6e-05	0.00891	0.00494	0.00543	0.00017
15	0.00031	0.01213	0.34641	0.00044	0.01547	0.13468	0.43242	0.00042	0.00030	0.00039	0.00024	0.00031	0.00018	0.00785	0.00782	4.4e-05	0.04022	0.00012	6.2e-05	0.00018
16	0.02129	0.00024	0.00031	0.00725	0.00034	0.00740	0.00020	0.11595	0.00967	0.81456	0.00717	0.00043	0.00031	0.00016	0.00013	4e-05	0.00012	0.00698	0.00725	0.00022

[dist]
# distance from previous block
# <min> <max>
1	10

[block]
# block no. 3 follows, 2659 sequences, length 25
# corresponding to MSA columns:
# 789-800,803,805-816
name=unknown_D
#
# <colnr> <probs for GDERKNQSTAVLIFYWHMCP>
#	G	D	E	R	K	N	Q	S	T	A	V	L	I	F	Y	W	H	M	C	P
0	0.00447	0.00028	0.00641	0.02933	0.31239	0.01610	0.01387	0.00616	0.05708	0.01058	0.07095	0.01043	0.04334	0.00291	0.00381	0.01069	0.38998	0.00521	0.00585	0.00016
1	0.04408	0.04111	0.02516	0.00653	0.01223	0.01933	0.00630	0.45143	0.14596	0.04778	0.00435	0.01477	0.01897	0.00926	0.00013	3.8e-05	0.00634	0.00342	0.00011	0.14270
2	0.00643	0.00260	0.03423	0.00917	0.00607	0.00453	0.00899	0.01237	0.04483	0.03599	0.04983	0.29413	0.03212	0.25873	0.09673	8.2e-05	0.00610	0.03146	0.00465	0.06098
3	0.02129	0.12958	0.32808	0.05767	0.05211	0.02987	0.04197	0.01905	0.03146	0.09374	0.03122	0.06204	0.02796	0.00711	0.00527	0.00667	0.01622	0.02987	0.00239	0.00643
4	0.00752	0.16896	0.13744	0.30154	0.00642	0.03037	0.04205	0.01902	0.03076	0.15192	0.01890	0.00430	0.00382	0.00253	0.00312	0.00278	0.06233	0.00264	0.00337	0.00017
5	0.00027	0.00054	0.65613	0.00036	0.00049	0.00033	0.00041	0.00038	0.00025	0.00038	0.00022	0.00028	0.00017	0.00017	0.01636	4.9e-05	0.32289	0.00010	5.6e-05	0.00018
6	0.00020	0.00013	0.00397	0.00018	0.00020	0.00012	0.00013	0.00022	0.01389	0.04446	0.06288	0.44205	0.05599	0.08786	0.05699	0.14403	0.00011	0.07450	0.01198	0.00011
7	0.11971	0.00640	0.01521	0.03560	0.02558	0.01052	0.01706	0.03275	0.06788	0.35833	0.01517	0.06893	0.02268	0.01477	0.03319	5e-05	0.09281	0.01467	0.04534	0.00333
8	0.00023	0.00020	0.00029	0.17910	0.00037	0.00406	0.00022	0.00026	0.00502	0.00031	0.01042	0.12454	0.00473	0.17815	0.09458	0.04758	0.33927	0.01048	7.2e-05	0.00012
9	0.00018	0.00013	0.00017	0.00019	0.00021	0.00012	0.00014	0.00022	0.03246	0.00038	0.14043	0.63056	0.02819	0.00038	0.01079	5.3e-05	8.4e-05	0.15510	0.00012	0.00011
10	0.00370	0.00017	0.00020	0.00019	0.00024	0.00374	0.00014	0.01242	0.17298	0.11814	0.23050	0.16350	0.18999	0.03758	0.00534	4.9e-05	8.6e-05	0.04637	0.01452	0.00014
11	0.00592	0.00016	0.00019	0.00017	0.00022	0.00015	0.00013	0.03251	0.06441	0.07973	0.44779	0.03183	0.29823	0.00581	0.00015	4.3e-05	7.4e-05	0.01385	0.01852	0.00013
12	0.00028	0.00028	0.00040	0.00034	0.00034	0.00040	0.00028	0.00031	0.00020	0.00031	0.00017	0.00028	0.00017	0.00023	0.00043	5.7e-05	0.99518	0.00011	5.7e-05	0.00014
13	0.85398	0.00026	0.00022	0.00019	0.00027	0.00030	0.00015	0.10872	0.00027	0.03437	0.00021	0.00023	0.00016	0.00013	8.8e-05	4e-05	0.00011	7.8e-05	8.9e-05	0.00015
14	0.00424	0.00016	0.00019	0.00018	0.00022	0.00016	0.00014	0.07081	0.08332	0.02957	0.18473	0.14690	0.16648	0.15096	0.01674	6e-05	9.5e-05	0.08815	0.05677	0.00013
15	0.00016	0.00011	0.00015	0.00018	0.00019	0.00011	0.00012	0.00018	0.00025	0.00033	0.00071	0.94036	0.00908	0.02413	0.00705	5.6e-05	7.9e-05	0.00931	0.00734	0.00011
16	0.00028	0.00028	0.00040	0.00034	0.00034	0.00040	0.00028	0.00031	0.00020	0.00031	0.00017	0.00028	0.00017	0.00023	0.00043	5.7e-05	0.99518	0.00011	5.7e-05	0.00014
17	0.00018	0.00012	0.00016	0.00018	0.00020	0.00568	0.00012	0.00685	0.00026	0.04557	0.00801	0.87634	0.03717	0.00947	0.00017	5.2e-05	7.8e-05	0.00035	0.00893	0.00011
18	0.00022	0.00322	0.00021	0.00558	0.00688	0.07621	0.04969	0.00867	0.00966	0.01707	0.01962	0.57972	0.02794	0.03851	0.00334	5.1e-05	0.00404	0.04622	0.10303	0.00012
19	0.95134	0.00968	0.00020	0.00018	0.00026	0.00744	0.00730	0.00767	0.00023	0.00641	0.00019	0.00022	0.00015	0.00012	8.2e-05	4e-05	0.00010	7.2e-05	0.00818	0.00014
20	0.00384	0.00366	0.00021	0.00020	0.00023	0.00444	0.01013	0.00023	0.00021	0.00030	0.00041	0.01106	0.05801	0.08210	0.70695	0.07166	0.02345	0.01926	0.00355	0.00011
21	0.01128	0.83761	0.00859	0.00390	0.02642	0.07326	0.00697	0.00040	0.00389	0.00485	0.00019	0.00636	0.00018	0.00342	0.00387	3e-05	0.00501	7.6e-05	5.8e-05	0.00363
22	0.00030	0.16584	0.00045	0.00032	0.00034	0.00042	0.00027	0.00033	0.00021	0.00031	0.00017	0.00027	0.00017	0.00021	0.00037	5.2e-05	0.82966	0.00011	5.7e-05	0.00015
23	0.01311	0.03010	0.15641	0.00604	0.13569	0.00976	0.03544	0.01098	0.02030	0.08202	0.02185	0.02693	0.21289	0.01638	0.02713	4.9e-05	0.01587	0.12690	0.00278	0.04938
24	0.06328	0.14712	0.26524	0.02504	0.05284	0.05486	0.01092	0.03518	0.24773	0.01254	0.01931	0.01409	0.03001	0.00293	0.00013	4e-05	0.01421	0.00012	0.00423	0.00018

[dist]
# distance from previous block
# <min> <max>
3	6

[block]
# block no. 4 follows, 2659 sequences, length 13
# corresponding to MSA columns:
# 842-845,847,848,851,852,858-862
name=unknown_E
#
# <colnr> <probs for GDERKNQSTAVLIFYWHMCP>
#	G	D	E	R	K	N	Q	S	T	A	V	L	I	F	Y	W	H	M	C	P
0	0.00656	0.01456	0.39337	0.05217	0.04990	0.01332	0.03836	0.00706	0.02210	0.04740	0.07633	0.10671	0.12959	0.00510	0.00512	4.4e-05	0.00717	0.01079	0.00435	0.01000
1	0.00021	0.00016	0.00022	0.00025	0.00028	0.00016	0.01946	0.00027	0.00030	0.00039	0.00068	0.00142	0.02095	0.00035	0.00018	5.9e-05	0.01966	0.93477	0.00012	0.00012
2	0.00025	0.00561	0.35632	0.12218	0.01101	0.02624	0.01123	0.00928	0.04695	0.01094	0.00862	0.07787	0.01682	0.24320	0.00027	0.01685	0.02097	0.01518	7.5e-05	0.00015
3	0.14960	0.05290	0.10442	0.06449	0.08345	0.03515	0.04531	0.11215	0.04264	0.23906	0.01323	0.01356	0.00690	0.00663	0.00550	4.1e-05	0.00676	0.00742	0.00010	0.01069
4	0.00503	0.00021	0.03205	0.10938	0.17273	0.01269	0.03729	0.00500	0.01317	0.02733	0.01308	0.44472	0.05242	0.00792	0.01250	5e-05	0.01137	0.02499	0.01795	0.00014
5	0.00029	0.00052	0.53543	0.00043	0.01163	0.01578	0.37614	0.00042	0.02279	0.01244	0.02272	0.00033	0.00021	0.00012	0.00014	4.2e-05	0.00020	0.00012	6.4e-05	0.00018
6	0.01521	0.13857	0.25380	0.13007	0.06640	0.08107	0.01662	0.02153	0.11164	0.05810	0.03965	0.01007	0.04341	0.00015	0.00596	4e-05	0.00732	0.00012	8.1e-05	0.00018
7	0.00697	0.04549	0.31073	0.07718	0.13037	0.01768	0.07066	0.03430	0.02775	0.09974	0.01469	0.05505	0.02006	0.04430	0.00868	4.7e-05	0.02467	0.00698	0.00449	0.00018
8	0.00021	0.00014	0.00017	0.00585	0.00021	0.00574	0.00012	0.01090	0.01324	0.08522	0.06814	0.21501	0.49005	0.01225	0.05746	0.00670	0.00607	0.01169	0.01068	0.00012
9	0.00017	0.00013	0.01486	0.01799	0.00021	0.00012	0.00014	0.00020	0.00026	0.01033	0.05078	0.72573	0.05384	0.02781	0.00018	5.4e-05	8.4e-05	0.09687	0.00012	0.00011
10	0.04648	0.08152	0.11955	0.03341	0.09598	0.05573	0.07441	0.05866	0.09099	0.21780	0.01210	0.04555	0.01462	0.00017	0.00667	4.2e-05	0.01668	0.01985	0.00474	0.00505
11	0.07354	0.05726	0.10299	0.08059	0.13664	0.03153	0.05822	0.04891	0.04613	0.16290	0.00869	0.07033	0.02284	0.00583	0.00998	0.00496	0.01010	0.02570	0.01433	0.02853
12	0.00964	0.00460	0.00607	0.02911	0.00548	0.00631	0.00451	0.02772	0.00852	0.03067	0.05438	0.37811	0.07597	0.10389	0.09705	0.08454	0.00493	0.04399	0.01993	0.00457

[dist]
# distance from previous block
# <min> <max>
0	305

# created by:
# /home/cegg/simao/soft/augustus-3.2.1/scripts/msa2prfl.pl ./align_prep/POG091H029S.fa
