[name]
unknown

[dist]
# distance from previous block
# <min> <max>
0	73

[block]
# block no. 0 follows, 2574 sequences, length 15
# corresponding to MSA columns:
# 107-116,132,140-143
name=unknown_A
#
# <colnr> <probs for GDERKNQSTAVLIFYWHMCP>
#	G	D	E	R	K	N	Q	S	T	A	V	L	I	F	Y	W	H	M	C	P
0	0.00017	0.00012	0.00016	0.00018	0.00020	0.00011	0.00013	0.00020	0.00027	0.00035	0.02973	0.72462	0.17399	0.01407	0.00018	5.4e-05	7.9e-05	0.05515	0.00012	0.00011
1	0.00664	0.03997	0.02823	0.19578	0.04464	0.02783	0.01387	0.27850	0.11700	0.03078	0.01302	0.01533	0.00923	0.02718	0.05877	0.00390	0.07741	0.00667	0.00506	0.00018
2	0.00017	0.00014	0.00015	0.00015	0.00019	0.00012	0.00011	0.00021	0.00032	0.01395	0.19063	0.04425	0.73444	0.00033	0.00016	4.5e-05	6.9e-05	0.01432	0.00013	0.00012
3	0.00455	0.03349	0.08877	0.27974	0.26689	0.04429	0.08402	0.06508	0.04960	0.01131	0.00476	0.00579	0.00571	0.00015	0.00514	0.01147	0.03245	0.00012	0.00649	0.00018
4	0.06475	0.23033	0.00724	0.00732	0.00747	0.56365	0.02055	0.06048	0.00035	0.01136	0.00021	0.00025	0.00018	0.00014	0.00012	3.5e-05	0.02522	8.8e-05	7.2e-05	0.00017
5	0.00018	0.00013	0.00016	0.00017	0.00018	0.00013	0.00011	0.00020	0.00023	0.00031	0.03776	0.27785	0.07656	0.48120	0.09783	0.00011	0.00013	0.02657	0.0001	9.8e-05
6	0.20260	0.00022	0.00026	0.00021	0.00030	0.00021	0.00017	0.01198	0.02617	0.53975	0.14683	0.02851	0.04185	0.00019	0.00013	4.2e-05	0.00010	0.00015	0.00014	0.00019
7	0.00019	0.00014	0.00016	0.00017	0.00020	0.00012	0.00012	0.00024	0.02060	0.04881	0.19647	0.34173	0.38987	0.00034	0.00016	4.8e-05	7.4e-05	0.00030	0.00013	0.00012
8	0.00017	0.00014	0.00015	0.00015	0.00019	0.00012	0.00011	0.00021	0.00032	0.01522	0.20407	0.02544	0.72342	0.01613	0.00017	4.7e-05	7e-05	0.01362	0.00013	0.00012
9	0.00791	0.30183	0.36486	0.05801	0.07358	0.01162	0.02042	0.07181	0.01448	0.03337	0.00024	0.00028	0.00019	0.00013	0.00012	3.8e-05	0.01371	9.8e-05	6.9e-05	0.02723
10	0.00931	0.11433	0.25562	0.11605	0.06521	0.03283	0.06471	0.12005	0.03483	0.08448	0.01029	0.00530	0.00023	0.01079	0.01103	4.5e-05	0.06452	0.00012	8.2e-05	0.00019
11	0.00028	0.01079	0.00759	0.00020	0.00025	0.00677	0.00652	0.01452	0.04441	0.21323	0.09417	0.51433	0.06535	0.00032	0.00016	4.9e-05	9e-05	0.01425	0.00656	0.00015
12	0.00978	0.18224	0.26725	0.02850	0.02350	0.04978	0.04447	0.09894	0.10338	0.02880	0.08253	0.00859	0.00930	0.00453	0.00594	5.5e-05	0.03902	0.00492	0.00825	0.00022
13	0.01187	0.00014	0.00017	0.00017	0.00020	0.00012	0.00013	0.00024	0.01138	0.06247	0.14266	0.44311	0.27175	0.01780	0.00017	0.00709	7.8e-05	0.02210	0.00824	0.00012
14	0.01300	0.19878	0.34267	0.02732	0.01109	0.06459	0.05982	0.09070	0.03145	0.04550	0.01094	0.00599	0.00437	0.01013	0.01190	4.2e-05	0.02801	0.00468	7.7e-05	0.03895

[dist]
# distance from previous block
# <min> <max>
1	5

[block]
# block no. 1 follows, 2574 sequences, length 30
# corresponding to MSA columns:
# 149,151-153,158,180-188,192,193,196-204,207-211
name=unknown_B
#
# <colnr> <probs for GDERKNQSTAVLIFYWHMCP>
#	G	D	E	R	K	N	Q	S	T	A	V	L	I	F	Y	W	H	M	C	P
0	0.12485	0.11098	0.12198	0.02609	0.03778	0.03886	0.10809	0.18305	0.03761	0.09491	0.00220	0.00515	0.00240	0.00410	0.01071	4.4e-05	0.06699	0.00614	0.00689	0.01118
1	0.03753	0.10125	0.11107	0.06666	0.14855	0.04748	0.03886	0.11604	0.03750	0.07836	0.00258	0.00306	0.00022	0.00225	0.00012	3.6e-05	0.00768	0.00545	0.00237	0.19294
2	0.90119	0.00027	0.00383	0.00538	0.01562	0.01434	0.01273	0.01070	0.00378	0.00829	0.00340	0.00023	0.00016	0.00013	9.4e-05	4.2e-05	0.01951	7.8e-05	8.3e-05	0.00015
3	0.00019	0.00013	0.00017	0.00019	0.00021	0.00013	0.00014	0.00022	0.00464	0.00489	0.00619	0.49484	0.00625	0.23160	0.00469	7.5e-05	0.00010	0.24512	0.00011	0.00011
4	0.01134	0.00038	0.00033	0.00029	0.00037	0.25860	0.00548	0.15013	0.48081	0.01263	0.01621	0.00498	0.02494	0.00017	0.00014	4.2e-05	0.01610	0.00013	0.01671	0.00019
5	0.00508	0.00016	0.00020	0.00018	0.00022	0.00014	0.00014	0.01433	0.02633	0.13433	0.60193	0.00530	0.18996	0.00027	0.00015	4.3e-05	7.5e-05	0.01494	0.00609	0.00014
6	0.00017	0.00013	0.00015	0.00017	0.00019	0.00011	0.00012	0.00020	0.00028	0.00036	0.06561	0.52607	0.30051	0.08364	0.00021	0.00599	7.9e-05	0.01580	0.00012	0.00011
7	0.00035	0.00030	0.00031	0.00027	0.00035	0.00034	0.00021	0.12970	0.83540	0.00059	0.00053	0.00050	0.02130	0.00903	0.00014	4.6e-05	0.00011	0.00015	0.00014	0.00021
8	0.99622	0.00026	0.00020	0.00018	0.00026	0.00030	0.00015	0.00040	0.00023	0.00060	0.00019	0.00022	0.00015	0.00012	8.3e-05	4.2e-05	0.00010	7.3e-05	8.3e-05	0.00015
9	0.00028	0.01475	0.96611	0.00038	0.00058	0.00031	0.00049	0.00043	0.00029	0.01484	0.00024	0.00029	0.00017	0.00013	0.00013	4.2e-05	0.00020	0.0001	5.8e-05	0.00020
10	0.00034	0.00029	0.00031	0.00027	0.00035	0.00034	0.00021	0.03117	0.96373	0.00057	0.00054	0.00050	0.00041	0.00018	0.00014	4.5e-05	0.00011	0.00015	0.00014	0.00021
11	0.99622	0.00026	0.00020	0.00018	0.00026	0.00030	0.00015	0.00040	0.00023	0.00060	0.00019	0.00022	0.00015	0.00012	8.3e-05	4.2e-05	0.00010	7.3e-05	8.3e-05	0.00015
12	0.00059	0.00024	0.00032	0.00024	0.00035	0.00021	0.00020	0.07031	0.02045	0.89117	0.01414	0.00046	0.00034	0.00017	0.00014	4.2e-05	0.00012	0.00014	0.00016	0.00023
13	0.99622	0.00026	0.00020	0.00018	0.00026	0.00030	0.00015	0.00040	0.00023	0.00060	0.00019	0.00022	0.00015	0.00012	8.3e-05	4.2e-05	0.00010	7.3e-05	8.3e-05	0.00015
14	0.00033	0.00032	0.00055	0.00083	0.99443	0.00032	0.00041	0.00041	0.00031	0.00044	0.00025	0.00033	0.00021	0.00012	0.00013	4e-05	0.00016	0.00012	6.7e-05	0.00021
15	0.00049	0.00037	0.00039	0.00030	0.00041	0.00041	0.00025	0.86499	0.12967	0.00081	0.00035	0.00035	0.00025	0.00016	0.00013	4.1e-05	0.00014	0.00013	0.00013	0.00023
16	0.00017	0.00014	0.00015	0.00016	0.00020	0.00012	0.00012	0.00021	0.00030	0.00037	0.03673	0.10478	0.72248	0.00755	0.00017	4.9e-05	7.6e-05	0.12600	0.00013	0.00011
17	0.00457	0.00014	0.00017	0.00018	0.00021	0.00013	0.00013	0.00655	0.00928	0.07684	0.14607	0.38090	0.30490	0.00548	0.00017	5e-05	8e-05	0.06389	0.00013	0.00012
18	0.00018	0.00013	0.00016	0.00517	0.00020	0.00012	0.00012	0.00022	0.00030	0.03333	0.15297	0.33217	0.43032	0.02266	0.00017	5e-05	7.5e-05	0.02141	0.00013	0.00012
19	0.16734	0.61583	0.01494	0.00392	0.00732	0.00788	0.00806	0.03921	0.11571	0.00397	0.01076	0.00027	0.00021	0.00013	9.8e-05	3.4e-05	0.00400	8.7e-05	7.6e-05	0.00018
20	0.09479	0.00025	0.00031	0.00024	0.00034	0.00024	0.00020	0.14913	0.00876	0.73060	0.00726	0.00042	0.00031	0.00016	0.00013	4.1e-05	0.00012	0.00013	0.00633	0.00022
21	0.00017	0.00013	0.00016	0.00018	0.00020	0.00012	0.00012	0.00021	0.00795	0.00561	0.08580	0.58211	0.22949	0.03247	0.00018	5.4e-05	7.9e-05	0.05473	0.00013	0.00011
22	0.40156	0.01614	0.02805	0.04175	0.01984	0.10339	0.02746	0.18245	0.01154	0.06856	0.00238	0.01550	0.00845	0.00269	0.00927	4.4e-05	0.05295	0.00520	0.00262	0.00017
23	0.00021	0.00015	0.00020	0.00021	0.00023	0.00014	0.02560	0.05005	0.00718	0.04809	0.02955	0.65738	0.03332	0.05029	0.03558	0.00331	0.00010	0.05816	0.00012	0.00012
24	0.00585	0.00015	0.00019	0.00019	0.00022	0.00014	0.00014	0.00836	0.02572	0.14852	0.15401	0.44820	0.07619	0.00032	0.00015	4.8e-05	8.2e-05	0.03124	0.10015	0.00014
25	0.03512	0.00015	0.00020	0.00659	0.00873	0.00015	0.01524	0.03128	0.04035	0.04831	0.02530	0.62064	0.06108	0.05546	0.00019	5.6e-05	0.00342	0.03930	0.00830	0.00013
26	0.97010	0.00027	0.00020	0.00018	0.00026	0.01445	0.00015	0.01233	0.00024	0.00060	0.00019	0.00022	0.00015	0.00013	8.4e-05	4.2e-05	0.00011	7.4e-05	8.4e-05	0.00015
27	0.36632	0.07600	0.11973	0.01201	0.02872	0.06114	0.04927	0.04816	0.00410	0.12939	0.00432	0.01623	0.00223	0.00019	0.01535	0.01666	0.00789	0.02556	0.00237	0.01436
28	0.00027	0.00025	0.00043	0.81687	0.15818	0.00030	0.00732	0.00036	0.00028	0.00731	0.00024	0.00035	0.00019	0.00013	0.00014	4.4e-05	0.00699	0.00012	6.2e-05	0.00016
29	0.19368	0.00024	0.00028	0.00023	0.00690	0.00491	0.00299	0.08240	0.03330	0.54574	0.02126	0.01664	0.03153	0.02728	0.00726	4.6e-05	0.00011	0.00474	0.02028	0.00020

[dist]
# distance from previous block
# <min> <max>
2	3

[block]
# block no. 2 follows, 2574 sequences, length 6
# corresponding to MSA columns:
# 220-222,239-241
name=unknown_C
#
# <colnr> <probs for GDERKNQSTAVLIFYWHMCP>
#	G	D	E	R	K	N	Q	S	T	A	V	L	I	F	Y	W	H	M	C	P
0	0.10751	0.14059	0.09635	0.04458	0.13397	0.06730	0.01468	0.17846	0.03676	0.05921	0.01904	0.00929	0.01191	0.00950	0.00895	4.2e-05	0.00942	0.02555	0.00899	0.01791
1	0.00028	0.01984	0.02405	0.05063	0.03364	0.01121	0.02411	0.09033	0.04404	0.09167	0.12244	0.09371	0.08913	0.07795	0.04352	0.01252	0.00013	0.14817	0.00974	0.01291
2	0.00020	0.00015	0.00019	0.00018	0.00022	0.00013	0.02281	0.00025	0.02077	0.03462	0.37046	0.15747	0.30316	0.04047	0.00018	4.9e-05	7.8e-05	0.02020	0.00013	0.02828
3	0.05873	0.00024	0.00038	0.61784	0.08381	0.00028	0.02148	0.03462	0.01240	0.01879	0.01360	0.01934	0.01234	0.04731	0.03149	5.4e-05	0.00017	0.01298	7.3e-05	0.01408
4	0.01638	0.17111	0.04472	0.03033	0.04559	0.14529	0.06093	0.07690	0.08266	0.06503	0.01834	0.01726	0.01442	0.01030	0.02394	4.4e-05	0.09014	0.01196	8.7e-05	0.07456
5	0.56921	0.02793	0.05011	0.01469	0.03716	0.02793	0.05695	0.03419	0.01928	0.05056	0.00025	0.03274	0.00021	0.01580	0.01189	4.5e-05	0.02718	0.00010	8.6e-05	0.02368

[dist]
# distance from previous block
# <min> <max>
0	8

[block]
# block no. 3 follows, 2574 sequences, length 9
# corresponding to MSA columns:
# 272-276,278,280-282
name=unknown_D
#
# <colnr> <probs for GDERKNQSTAVLIFYWHMCP>
#	G	D	E	R	K	N	Q	S	T	A	V	L	I	F	Y	W	H	M	C	P
0	0.09136	0.00022	0.00027	0.00022	0.00030	0.00021	0.00018	0.03419	0.04566	0.61035	0.01257	0.04093	0.01247	0.02001	0.02082	4.7e-05	0.00011	0.01251	0.09739	0.00020
1	0.00825	0.11300	0.19619	0.03028	0.01824	0.00906	0.03414	0.05785	0.03184	0.01829	0.23267	0.06175	0.09226	0.03766	0.01477	0.00918	0.00800	0.01270	0.01372	0.00016
2	0.00020	0.00014	0.00017	0.00017	0.00020	0.00013	0.00012	0.01344	0.01309	0.03537	0.42053	0.11887	0.35763	0.01267	0.00016	4.6e-05	7.2e-05	0.01352	0.01333	0.00013
3	0.00838	0.01313	0.46124	0.01272	0.00049	0.02121	0.11448	0.12026	0.09943	0.01423	0.01650	0.01915	0.01992	0.00016	0.00700	0.00873	0.00785	0.00694	0.04799	0.00019
4	0.31488	0.00023	0.00025	0.00021	0.00030	0.00022	0.00017	0.01587	0.01434	0.50373	0.02798	0.06055	0.03126	0.00018	0.00012	4.3e-05	0.00011	0.01662	0.01275	0.00019
5	0.01700	0.00917	0.08329	0.12286	0.00806	0.02146	0.02625	0.04439	0.10203	0.03157	0.22805	0.13241	0.09426	0.01254	0.00993	0.00682	0.01854	0.01243	0.01878	0.00015
6	0.01240	0.00013	0.00015	0.00015	0.00016	0.00013	9.3e-05	0.00021	0.00022	0.02518	0.03720	0.03620	0.03125	0.79988	0.01556	0.01714	0.00013	0.01210	0.01161	9.1e-05
7	0.01204	0.24111	0.11102	0.04066	0.01601	0.03789	0.03303	0.18403	0.07857	0.06455	0.02341	0.03549	0.02077	0.02428	0.01986	0.00628	0.02825	0.01106	0.01152	0.00018
8	0.01653	0.01485	0.00754	0.00693	0.00605	0.00854	0.00921	0.01072	0.03159	0.02385	0.19733	0.30455	0.23117	0.01786	0.02764	0.01032	0.00671	0.01472	0.02430	0.02958

[dist]
# distance from previous block
# <min> <max>
4	54

[block]
# block no. 4 follows, 2574 sequences, length 7
# corresponding to MSA columns:
# 477-483
name=unknown_E
#
# <colnr> <probs for GDERKNQSTAVLIFYWHMCP>
#	G	D	E	R	K	N	Q	S	T	A	V	L	I	F	Y	W	H	M	C	P
0	0.00020	0.00014	0.00017	0.00018	0.00020	0.00013	0.00013	0.02051	0.04140	0.01523	0.16901	0.43601	0.12963	0.01733	0.02028	5.2e-05	8.3e-05	0.02167	0.12751	0.00012
1	0.00019	0.01139	0.00018	0.00018	0.00022	0.01191	0.01452	0.01490	0.04355	0.01201	0.12447	0.19543	0.50707	0.01658	0.01582	5.1e-05	0.01352	0.01777	0.00012	0.00012
2	0.00020	0.00014	0.00017	0.00017	0.00020	0.00013	0.00012	0.00025	0.01848	0.07216	0.10406	0.38443	0.32751	0.03851	0.00018	5.2e-05	7.9e-05	0.02487	0.02816	0.00012
3	0.01626	0.00026	0.01285	0.47714	0.05241	0.01576	0.02792	0.11324	0.05078	0.04779	0.06153	0.03791	0.01921	0.00018	0.01048	0.00858	0.02875	0.00881	0.00999	0.00017
4	0.00026	0.00024	0.00040	0.87238	0.07410	0.00029	0.00036	0.00034	0.00027	0.00035	0.00027	0.04968	0.00022	0.00015	0.00014	4.5e-05	0.00017	0.00013	6.3e-05	0.00015
5	0.00028	0.06147	0.30527	0.02113	0.03520	0.01073	0.05261	0.05890	0.11166	0.01271	0.15453	0.01719	0.05980	0.00943	0.01328	4.6e-05	0.02360	0.01435	0.03764	0.00017
6	0.00022	0.00017	0.00021	0.00019	0.00024	0.01704	0.05168	0.06090	0.01720	0.01271	0.19045	0.14610	0.40489	0.03337	0.01743	5.1e-05	9.4e-05	0.02182	0.02508	0.00013

[dist]
# distance from previous block
# <min> <max>
3	10

[block]
# block no. 5 follows, 2574 sequences, length 21
# corresponding to MSA columns:
# 543,548-563,577-580
name=unknown_F
#
# <colnr> <probs for GDERKNQSTAVLIFYWHMCP>
#	G	D	E	R	K	N	Q	S	T	A	V	L	I	F	Y	W	H	M	C	P
0	0.03894	0.00039	0.00039	0.00032	0.03670	0.12639	0.00025	0.69509	0.06401	0.02129	0.00673	0.00033	0.00024	0.00016	0.00013	4e-05	0.00814	0.00012	0.00012	0.00021
1	0.00522	0.00358	0.00420	0.43571	0.12026	0.02470	0.01541	0.04519	0.05529	0.00788	0.10886	0.03923	0.09856	0.00436	0.00959	0.00258	0.00316	0.00749	0.00528	0.00347
2	0.05031	0.00022	0.00025	0.01419	0.00029	0.02168	0.00017	0.10259	0.01875	0.39321	0.06489	0.01738	0.11395	0.01991	0.01066	4.4e-05	0.00011	0.00510	0.16611	0.00018
3	0.00024	0.00020	0.00030	0.22984	0.10528	0.00022	0.01719	0.01389	0.02480	0.00637	0.00599	0.03884	0.00412	0.27715	0.14503	0.06818	0.05555	0.00661	7.6e-05	0.00013
4	0.00018	0.00014	0.00016	0.00016	0.00019	0.00012	0.00012	0.00023	0.00906	0.01880	0.30806	0.11415	0.53844	0.00033	0.00016	4.6e-05	7e-05	0.00935	0.00013	0.00012
5	0.12845	0.02173	0.00037	0.00032	0.00040	0.79019	0.02843	0.00826	0.00036	0.00973	0.00021	0.00025	0.00017	0.00014	0.00012	3.6e-05	0.00022	8.8e-05	0.01036	0.00016
6	0.60560	0.22651	0.01471	0.00022	0.00031	0.08537	0.01468	0.02309	0.00027	0.01053	0.00020	0.00024	0.00016	0.00013	9.5e-05	3.8e-05	0.01206	0.00555	7.8e-05	0.00016
7	0.00706	0.00442	0.06366	0.23727	0.06851	0.01304	0.17453	0.11532	0.11690	0.05372	0.05123	0.01145	0.02710	0.00504	0.00514	4.5e-05	0.01427	0.01676	0.01438	0.00018
8	0.01181	0.00024	0.00029	0.04777	0.00035	0.00410	0.03053	0.16265	0.07785	0.07354	0.05198	0.13228	0.05748	0.01214	0.00014	4e-05	0.01209	0.03599	0.00011	0.28861
9	0.00471	0.00017	0.00021	0.00019	0.00024	0.00015	0.00756	0.02633	0.03169	0.16956	0.58602	0.02421	0.07086	0.01127	0.00016	4.3e-05	7.9e-05	0.01431	0.05209	0.00015
10	0.01967	0.00032	0.00033	0.00717	0.02258	0.09085	0.01038	0.19864	0.36720	0.01325	0.01051	0.01729	0.01143	0.00016	0.00013	3.8e-05	0.00013	0.00013	0.00011	0.22971
11	0.02413	0.00018	0.00023	0.02978	0.01466	0.00782	0.01682	0.03848	0.04631	0.17130	0.20048	0.37264	0.06352	0.00029	0.00015	4.7e-05	9.4e-05	0.01279	0.00013	0.00015
12	0.12829	0.01100	0.03196	0.01204	0.06314	0.05432	0.08673	0.24418	0.12795	0.20665	0.01107	0.00037	0.00424	0.00016	0.00393	4.2e-05	0.00608	0.00366	0.00012	0.00407
13	0.00495	0.07143	0.03312	0.02806	0.03986	0.03347	0.19772	0.03035	0.09612	0.02599	0.16624	0.12064	0.05279	0.03151	0.00530	4.8e-05	0.01144	0.04718	0.00361	0.00016
14	0.00018	0.00013	0.00017	0.00019	0.00021	0.00012	0.00695	0.00021	0.00920	0.01258	0.03789	0.81051	0.02232	0.00041	0.01350	5.6e-05	8.6e-05	0.07898	0.00619	0.00011
15	0.03936	0.00408	0.03155	0.37913	0.29324	0.01247	0.03573	0.05650	0.02079	0.09786	0.00797	0.00831	0.00513	0.00014	0.00014	4.3e-05	0.00715	0.00012	8.1e-05	0.00018
16	0.03153	0.06776	0.37668	0.06762	0.10689	0.01733	0.08638	0.04890	0.02409	0.10340	0.01196	0.00901	0.00925	0.00868	0.00871	4.4e-05	0.00839	0.00441	0.00318	0.00579
17	0.00019	0.00014	0.00016	0.00017	0.00020	0.01410	0.00012	0.00522	0.00615	0.03855	0.13464	0.42815	0.28960	0.06801	0.00020	5.4e-05	8.1e-05	0.00900	0.00513	0.00012
18	0.48101	0.00026	0.00026	0.01730	0.00031	0.00029	0.00018	0.14552	0.09372	0.16390	0.01267	0.00649	0.00785	0.00928	0.01410	4.6e-05	0.00012	0.03573	0.01080	0.00018
19	0.06833	0.09919	0.21070	0.05335	0.04099	0.04147	0.12798	0.13885	0.03765	0.08912	0.01768	0.00846	0.00024	0.00014	0.00013	4.1e-05	0.02068	0.00339	0.00504	0.03658
20	0.03579	0.04474	0.07830	0.04296	0.08226	0.03185	0.06997	0.03233	0.08868	0.02842	0.01323	0.15782	0.01847	0.05132	0.09682	0.01489	0.05946	0.03593	0.00563	0.01113

[dist]
# distance from previous block
# <min> <max>
3	13

[block]
# block no. 6 follows, 2574 sequences, length 10
# corresponding to MSA columns:
# 594-603
name=unknown_G
#
# <colnr> <probs for GDERKNQSTAVLIFYWHMCP>
#	G	D	E	R	K	N	Q	S	T	A	V	L	I	F	Y	W	H	M	C	P
0	0.00018	0.00014	0.00016	0.00016	0.00020	0.01452	0.00012	0.00022	0.01507	0.00040	0.17983	0.11187	0.59791	0.02277	0.00017	4.9e-05	7.6e-05	0.05593	0.00013	0.00012
1	0.00029	0.00028	0.00039	0.00033	0.00035	0.02358	0.04706	0.02627	0.01094	0.01215	0.02193	0.01705	0.00024	0.02487	0.08592	7.1e-05	0.71551	0.00013	0.01248	0.00015
2	0.65839	0.00962	0.02305	0.00824	0.04613	0.01528	0.01060	0.14076	0.00871	0.04034	0.00931	0.01862	0.00020	0.00014	0.00010	4.1e-05	0.00012	9.5e-05	0.01009	0.00017
3	0.00032	0.00036	0.00079	0.00057	0.00070	0.00034	0.99395	0.00043	0.00032	0.00043	0.00027	0.00036	0.00020	0.00011	0.00016	4.5e-05	0.00023	0.00016	6.8e-05	0.00018
4	0.04624	0.01439	0.01219	0.02292	0.00762	0.16913	0.02345	0.02910	0.01529	0.01669	0.00022	0.00034	0.00021	0.05576	0.01996	5.9e-05	0.55860	0.00762	6.9e-05	0.00015
5	0.00796	0.36533	0.29990	0.00773	0.01239	0.01525	0.06045	0.03695	0.01354	0.14661	0.00813	0.00030	0.00021	0.00014	0.00754	3.9e-05	0.00892	0.00010	0.00830	0.00019
6	0.01751	0.05899	0.01576	0.00036	0.00043	0.12830	0.18847	0.14825	0.11358	0.01603	0.00028	0.00034	0.00023	0.00780	0.00754	0.01000	0.26310	0.00948	8.5e-05	0.01345
7	0.00639	0.00030	0.02040	0.07562	0.00736	0.04989	0.41292	0.03149	0.01967	0.01136	0.02424	0.15259	0.04819	0.00596	0.02945	0.00729	0.07651	0.01255	8.5e-05	0.00773
8	0.10617	0.04202	0.07147	0.09785	0.01829	0.02456	0.08656	0.16371	0.04262	0.08212	0.01234	0.12555	0.05498	0.02054	0.01168	4.8e-05	0.00839	0.02376	0.00717	0.00017
9	0.00017	0.00012	0.00016	0.00019	0.00020	0.00011	0.00013	0.00019	0.00026	0.00035	0.02161	0.83185	0.04177	0.04737	0.02106	6.1e-05	8.7e-05	0.03410	0.00012	0.00011

[dist]
# distance from previous block
# <min> <max>
0	1

[block]
# block no. 7 follows, 2574 sequences, length 13
# corresponding to MSA columns:
# 605-607,642-651
name=unknown_H
#
# <colnr> <probs for GDERKNQSTAVLIFYWHMCP>
#	G	D	E	R	K	N	Q	S	T	A	V	L	I	F	Y	W	H	M	C	P
0	0.04265	0.00018	0.00692	0.01607	0.02191	0.03389	0.02094	0.02982	0.03830	0.02074	0.04968	0.44548	0.02543	0.06741	0.00020	5.7e-05	0.00798	0.17210	0.00012	0.00013
1	0.01081	0.18704	0.05515	0.16803	0.19689	0.13778	0.07968	0.05879	0.01680	0.02358	0.00581	0.00679	0.00021	0.00015	0.01358	4.2e-05	0.03325	0.00536	7.2e-05	0.00018
2	0.01663	0.01963	0.13847	0.06145	0.05172	0.03276	0.04629	0.08693	0.05539	0.08912	0.04489	0.01267	0.01197	0.00015	0.00013	0.00520	0.01585	0.00454	0.00616	0.30007
3	0.06196	0.25343	0.20452	0.05182	0.04319	0.03979	0.03709	0.08828	0.02112	0.12877	0.01213	0.01057	0.00594	0.00625	0.00013	0.00496	0.02129	0.00011	8.5e-05	0.00857
4	0.01733	0.01149	0.06598	0.07307	0.06026	0.08356	0.03448	0.05586	0.08542	0.15174	0.02038	0.02894	0.01262	0.13009	0.09465	7.3e-05	0.05718	0.01131	0.00541	0.00017
5	0.00031	0.00032	0.00058	0.01037	0.00052	0.01010	0.47100	0.00038	0.00028	0.00872	0.02804	0.01141	0.00025	0.00916	0.01488	5.5e-05	0.40849	0.00710	0.00712	0.01091
6	0.00792	0.00019	0.00680	0.32004	0.04484	0.00020	0.01128	0.00581	0.01750	0.02969	0.01842	0.34311	0.10686	0.02730	0.01071	5.2e-05	0.00530	0.02747	0.01083	0.00567
7	0.05931	0.09057	0.11830	0.07787	0.05311	0.06774	0.09771	0.08463	0.05263	0.12911	0.01180	0.03956	0.00648	0.02065	0.01342	0.00425	0.03515	0.01054	9.2e-05	0.02709
8	0.00022	0.00015	0.00019	0.00639	0.00023	0.00014	0.01446	0.01419	0.01414	0.07530	0.09640	0.44522	0.14520	0.04559	0.04851	0.01240	0.00010	0.07415	0.00690	0.00012
9	0.00017	0.00013	0.00016	0.00018	0.00020	0.00012	0.00013	0.00020	0.01239	0.00036	0.07724	0.75645	0.09836	0.01779	0.01187	5.6e-05	0.00979	0.01415	0.00012	0.00011
10	0.00036	0.91638	0.03006	0.00024	0.00036	0.01769	0.00024	0.00041	0.00028	0.00033	0.00022	0.00025	0.01638	0.00013	9.8e-05	3.1e-05	0.01623	8e-05	6.1e-05	0.00018
11	0.07149	0.03973	0.06939	0.12253	0.03545	0.04660	0.03722	0.10791	0.07092	0.25206	0.01660	0.03102	0.03656	0.00574	0.01194	4.5e-05	0.03669	0.00782	0.00011	0.00019
12	0.01755	0.00615	0.00021	0.00648	0.00022	0.00017	0.01099	0.00826	0.00517	0.01505	0.02639	0.06024	0.04617	0.38230	0.34249	0.00803	0.03314	0.02375	0.00713	0.00011

[dist]
# distance from previous block
# <min> <max>
5	27

[block]
# block no. 8 follows, 2574 sequences, length 23
# corresponding to MSA columns:
# 692-696,702-708,713-717,719-721,724-726
name=unknown_I
#
# <colnr> <probs for GDERKNQSTAVLIFYWHMCP>
#	G	D	E	R	K	N	Q	S	T	A	V	L	I	F	Y	W	H	M	C	P
0	0.04314	0.07104	0.18140	0.07553	0.10054	0.05653	0.10314	0.07092	0.04069	0.16131	0.01773	0.01819	0.01193	0.00803	0.00519	4.7e-05	0.01392	0.00760	0.01014	0.00298
1	0.01846	0.05970	0.17756	0.06712	0.13584	0.06875	0.11119	0.05306	0.05985	0.16934	0.01322	0.01603	0.01615	0.00318	0.00267	4.6e-05	0.01159	0.00494	0.00334	0.00798
2	0.00021	0.00015	0.00020	0.00020	0.00023	0.00384	0.00015	0.00437	0.04953	0.01029	0.24130	0.09360	0.03512	0.05473	0.40486	0.00569	0.00976	0.07065	0.01499	0.00012
3	0.04468	0.01038	0.04382	0.21336	0.11904	0.02056	0.20428	0.07229	0.04861	0.15266	0.01238	0.00781	0.00336	0.00422	0.00539	0.00253	0.02690	0.00346	0.00406	0.00020
4	0.02166	0.06039	0.18219	0.06757	0.09358	0.04539	0.11550	0.08533	0.07112	0.14032	0.02038	0.04372	0.01090	0.00280	0.00659	4.7e-05	0.01786	0.00486	0.00596	0.00386
5	0.01285	0.03843	0.03951	0.05022	0.03209	0.02458	0.03243	0.05053	0.04969	0.27667	0.06226	0.18818	0.03007	0.00548	0.01379	0.00318	0.03580	0.00840	0.04567	0.00017
6	0.00022	0.00403	0.00022	0.03815	0.00521	0.00017	0.00485	0.00746	0.00023	0.04050	0.01400	0.05676	0.00759	0.18747	0.48009	0.11805	0.03464	0.00016	8e-05	0.00011
7	0.02878	0.09182	0.08514	0.17930	0.09654	0.04160	0.19254	0.06210	0.03476	0.08767	0.01043	0.02047	0.00710	0.00425	0.01062	0.00254	0.03538	0.00608	0.00269	0.00018
8	0.01836	0.05387	0.14841	0.15430	0.06059	0.04064	0.10272	0.04011	0.06789	0.17427	0.02101	0.03375	0.02438	0.00355	0.01072	4.5e-05	0.03646	0.00332	0.00542	0.00018
9	0.00022	0.00329	0.00020	0.02326	0.00543	0.00293	0.00373	0.00375	0.00367	0.00999	0.01313	0.13126	0.02632	0.05817	0.28915	0.39300	0.01442	0.00847	0.00953	9.6e-05
10	0.00943	0.00631	0.02822	0.35586	0.16681	0.03347	0.11961	0.03464	0.02089	0.03677	0.02852	0.04320	0.01894	0.00017	0.00468	4.6e-05	0.06813	0.01594	0.00819	0.00017
11	0.01642	0.09405	0.13370	0.04635	0.15487	0.03886	0.15903	0.07138	0.05856	0.15232	0.00621	0.02063	0.00627	0.00328	0.00335	4.2e-05	0.02180	0.00555	0.00417	0.00315
12	0.00571	0.00787	0.01037	0.01150	0.04727	0.00702	0.00917	0.05919	0.06440	0.20594	0.09352	0.31223	0.09592	0.00840	0.01260	0.00850	0.00327	0.01839	0.01858	0.00016
13	0.00833	0.04348	0.11661	0.19777	0.16229	0.03530	0.11271	0.04029	0.03035	0.05131	0.04756	0.04940	0.01999	0.00371	0.01021	0.00262	0.01353	0.00652	0.04784	0.00017
14	0.01049	0.04640	0.07436	0.16234	0.28529	0.05795	0.12090	0.05008	0.03671	0.09931	0.00630	0.01153	0.00618	0.00304	0.00390	4.3e-05	0.02189	0.00303	8.2e-05	0.00019
15	0.00586	0.06301	0.26460	0.12241	0.13447	0.00913	0.14036	0.02590	0.03615	0.13472	0.00719	0.02483	0.01064	0.00015	0.00014	4.2e-05	0.01250	0.00320	0.00451	0.00019
16	0.00019	0.00311	0.00385	0.04723	0.01261	0.00493	0.00621	0.00439	0.00409	0.00928	0.10447	0.58292	0.10192	0.02261	0.04656	0.00749	0.00883	0.02214	0.00705	0.00012
17	0.00543	0.10570	0.22347	0.06329	0.16781	0.03697	0.07853	0.04774	0.02575	0.13373	0.01515	0.04420	0.01708	0.00301	0.00459	4.3e-05	0.01878	0.00349	0.00505	0.00019
18	0.01393	0.07763	0.26463	0.06718	0.08697	0.03960	0.13323	0.06854	0.05244	0.10828	0.01078	0.01818	0.00819	0.00015	0.00576	4.3e-05	0.03978	0.00442	8.5e-05	0.00019
19	0.00318	0.00276	0.00497	0.06078	0.04547	0.00361	0.03214	0.01210	0.01418	0.12004	0.02188	0.38892	0.09000	0.07179	0.01965	0.01908	0.07197	0.01438	0.00296	0.00014
20	0.01635	0.01646	0.13551	0.17533	0.08609	0.03444	0.19619	0.08997	0.07773	0.02829	0.02901	0.03401	0.02853	0.00715	0.00589	4.5e-05	0.01682	0.01270	0.00931	0.00018
21	0.05535	0.03098	0.15610	0.03270	0.11528	0.05929	0.12797	0.07754	0.05602	0.15203	0.01690	0.04083	0.02387	0.00478	0.00364	4.4e-05	0.01394	0.02953	0.00302	0.00019
22	0.03684	0.13292	0.06458	0.08642	0.09379	0.20734	0.10687	0.08289	0.02651	0.07108	0.00611	0.02615	0.00548	0.01129	0.00509	4.2e-05	0.02393	0.00557	0.00365	0.00347

[dist]
# distance from previous block
# <min> <max>
4	6

[block]
# block no. 9 follows, 2574 sequences, length 18
# corresponding to MSA columns:
# 738-744,747,748,752-757,835,869,870
name=unknown_J
#
# <colnr> <probs for GDERKNQSTAVLIFYWHMCP>
#	G	D	E	R	K	N	Q	S	T	A	V	L	I	F	Y	W	H	M	C	P
0	0.00549	0.05083	0.11711	0.18395	0.11425	0.01165	0.18406	0.03841	0.02432	0.14704	0.01430	0.04718	0.01681	0.00402	0.00347	4.4e-05	0.02341	0.00983	0.00365	0.00018
1	0.00028	0.05260	0.44943	0.28080	0.05973	0.02202	0.05396	0.01559	0.00536	0.00835	0.00428	0.01951	0.00476	0.00435	0.00380	4.4e-05	0.00402	0.01086	6.4e-05	0.00018
2	0.00854	0.00025	0.09584	0.15503	0.06611	0.00372	0.05393	0.00886	0.01131	0.17012	0.03367	0.16261	0.12539	0.01149	0.03672	5.3e-05	0.02470	0.02793	0.00356	0.00016
3	0.01420	0.47616	0.31526	0.00031	0.00614	0.02341	0.07578	0.02388	0.00916	0.03988	0.00024	0.00883	0.00019	0.00013	0.00011	3.6e-05	0.00017	9.5e-05	0.00584	0.00018
4	0.01267	0.01176	0.03889	0.10686	0.00731	0.00343	0.02539	0.01777	0.00760	0.02252	0.01920	0.27121	0.02452	0.13443	0.17822	0.02888	0.00584	0.08328	9.6e-05	0.00013
5	0.00019	0.00385	0.00406	0.00415	0.00699	0.05052	0.00515	0.00022	0.00530	0.00779	0.01210	0.75040	0.05902	0.00552	0.04292	0.00503	0.00521	0.02117	0.01030	0.00012
6	0.00463	0.02326	0.16037	0.29496	0.07972	0.02515	0.17846	0.05945	0.06770	0.04040	0.01516	0.02309	0.00510	0.00015	0.00405	4.4e-05	0.01417	0.00387	7.9e-05	0.00018
7	0.01379	0.01408	0.02016	0.01534	0.01138	0.00355	0.00984	0.01515	0.01805	0.06039	0.00405	0.03436	0.01094	0.38257	0.19639	0.09371	0.09133	0.00471	8.3e-05	0.00012
8	0.04076	0.00362	0.06243	0.02447	0.02039	0.00628	0.49216	0.03543	0.01403	0.12631	0.01444	0.06636	0.02487	0.01522	0.00320	0.01913	0.01705	0.00428	0.00938	0.00018
9	0.00525	0.00336	0.00525	0.00557	0.00816	0.00737	0.01340	0.01455	0.01727	0.01483	0.21000	0.36594	0.20724	0.05693	0.02533	0.00311	0.01807	0.01273	0.00552	0.00012
10	0.03962	0.15371	0.28582	0.03741	0.12209	0.09830	0.06534	0.04841	0.02410	0.10940	0.00537	0.00031	0.00021	0.00013	0.00013	4e-05	0.00923	0.00011	7.9e-05	0.00019
11	0.00028	0.04399	0.85511	0.01828	0.00057	0.00032	0.03356	0.00791	0.00029	0.01722	0.00025	0.00796	0.00019	0.00014	0.00650	4.3e-05	0.00019	0.00694	6.1e-05	0.00020
12	0.00016	0.00013	0.00015	0.00017	0.00019	0.00011	0.00012	0.00019	0.00028	0.00036	0.03684	0.53648	0.38387	0.01767	0.01311	5.4e-05	7.9e-05	0.00980	0.00012	0.00011
13	0.01610	0.22775	0.32142	0.03089	0.03925	0.07527	0.04911	0.05596	0.04129	0.08046	0.00865	0.01263	0.00628	0.00777	0.00349	4e-05	0.00776	0.00543	0.01025	0.00019
14	0.02732	0.05192	0.21601	0.06957	0.18322	0.04161	0.04897	0.08906	0.02909	0.20107	0.00791	0.00755	0.00460	0.00854	0.00014	4.2e-05	0.00431	0.00446	9.4e-05	0.00452
15	0.01047	0.00018	0.01324	0.00021	0.00412	0.00016	0.00016	0.00632	0.01285	0.36105	0.13410	0.32470	0.02591	0.07245	0.00774	0.00670	0.00773	0.00777	0.00399	0.00016
16	0.07084	0.21471	0.07524	0.02900	0.05879	0.16260	0.04546	0.06719	0.00923	0.22133	0.00030	0.00530	0.00481	0.00014	0.00013	3.8e-05	0.02137	0.00427	0.00446	0.00479
17	0.00022	0.00721	0.00021	0.00019	0.00024	0.00014	0.00014	0.00719	0.00732	0.01182	0.02126	0.48980	0.05064	0.03496	0.00016	4.4e-05	8.9e-05	0.00766	0.00011	0.36058

[dist]
# distance from previous block
# <min> <max>
0	1

[block]
# block no. 10 follows, 2574 sequences, length 31
# corresponding to MSA columns:
# 872,873,875,876,878-886,892-902,931-936,938
name=unknown_K
#
# <colnr> <probs for GDERKNQSTAVLIFYWHMCP>
#	G	D	E	R	K	N	Q	S	T	A	V	L	I	F	Y	W	H	M	C	P
0	0.04748	0.05545	0.10884	0.06191	0.23324	0.00913	0.24025	0.04472	0.03568	0.03195	0.05154	0.01695	0.02346	0.00514	0.00611	4.4e-05	0.01455	0.00646	0.00390	0.00320
1	0.00841	0.06140	0.23458	0.00769	0.02600	0.01627	0.02302	0.04284	0.02362	0.11217	0.05635	0.03658	0.03436	0.00295	0.00280	3.6e-05	0.00694	0.01314	9.3e-05	0.29077
2	0.63145	0.10314	0.04501	0.00577	0.00948	0.07601	0.01143	0.00781	0.00700	0.02370	0.00919	0.01570	0.01318	0.00425	0.00976	4.3e-05	0.02253	9e-05	0.00219	0.00226
3	0.00390	0.03293	0.88013	0.00486	0.00683	0.01144	0.00662	0.00850	0.00398	0.01267	0.00333	0.00374	0.00620	0.00013	0.00013	4.2e-05	0.00537	0.00891	6.1e-05	0.00020
4	0.00028	0.29885	0.27014	0.00259	0.00695	0.00032	0.08375	0.00295	0.00315	0.00284	0.01039	0.06547	0.04022	0.08010	0.05239	0.06790	0.00283	0.00518	7e-05	0.00363
5	0.00485	0.09995	0.52606	0.01270	0.01578	0.02996	0.04794	0.02087	0.05147	0.09147	0.03859	0.02329	0.01334	0.00312	0.00517	4.2e-05	0.00331	0.00220	8e-05	0.00982
6	0.01474	0.06687	0.38093	0.03202	0.04733	0.01773	0.13149	0.04789	0.05370	0.13488	0.00835	0.02953	0.01352	0.00241	0.00268	0.00209	0.00616	0.00287	0.00196	0.00285
7	0.00017	0.00012	0.00016	0.00019	0.00525	0.00012	0.00597	0.00020	0.00489	0.00364	0.02260	0.83028	0.10533	0.00040	0.00017	0.00324	0.00326	0.00719	0.00670	0.00011
8	0.00786	0.09587	0.35210	0.01994	0.03065	0.04187	0.04872	0.05620	0.05667	0.12716	0.04758	0.04925	0.02856	0.00357	0.00933	4.4e-05	0.00953	0.01280	0.00213	0.00019
9	0.01191	0.04109	0.26413	0.01785	0.04795	0.05814	0.19422	0.05924	0.03847	0.19714	0.02274	0.01428	0.01531	0.00232	0.00014	4.2e-05	0.00601	0.00658	0.00224	0.00019
10	0.00258	0.05877	0.57645	0.09914	0.03963	0.01070	0.07022	0.02684	0.02996	0.01482	0.01228	0.02876	0.01695	0.00436	0.00013	4.3e-05	0.00356	0.00457	6.9e-05	0.00019
11	0.00298	0.00380	0.03465	0.27494	0.04156	0.00376	0.06400	0.02130	0.00386	0.04145	0.01984	0.05968	0.08201	0.02898	0.14564	7.5e-05	0.16615	0.00511	8e-05	0.00015
12	0.01643	0.07520	0.11049	0.14273	0.23165	0.07761	0.06696	0.05297	0.05045	0.08868	0.01540	0.02588	0.01009	0.00250	0.00663	4.3e-05	0.01821	0.00290	0.00205	0.00313
13	0.00792	0.03203	0.03424	0.35148	0.18606	0.02119	0.05478	0.01981	0.05948	0.01730	0.03786	0.09171	0.04238	0.00867	0.00335	0.00215	0.00777	0.01857	0.00308	0.00016
14	0.00018	0.00013	0.00353	0.00020	0.00317	0.00013	0.02609	0.00022	0.00027	0.01600	0.01194	0.71912	0.06804	0.02142	0.00643	0.00511	0.00385	0.11393	0.00012	0.00012
15	0.03478	0.01699	0.05168	0.01751	0.02300	0.05903	0.11407	0.27880	0.05121	0.19595	0.01510	0.05443	0.00401	0.01189	0.00015	4.4e-05	0.00645	0.05995	0.00477	0.00019
16	0.01424	0.02876	0.01708	0.02000	0.03578	0.54102	0.03795	0.03470	0.00365	0.02324	0.00368	0.00028	0.00019	0.00314	0.00552	4.3e-05	0.22792	0.00010	0.00256	0.00016
17	0.08130	0.00527	0.00254	0.01677	0.01796	0.00357	0.00917	0.18090	0.01901	0.33514	0.06694	0.05308	0.03008	0.07907	0.04002	5.7e-05	0.04125	0.01092	0.00678	0.00018
18	0.08720	0.08920	0.48268	0.02281	0.06089	0.01363	0.10878	0.02010	0.02723	0.06555	0.00432	0.00379	0.00020	0.00013	0.00013	0.00447	0.00852	0.00011	7.3e-05	0.00019
19	0.02158	0.06552	0.11856	0.09414	0.29476	0.04060	0.08349	0.06796	0.06137	0.07013	0.00481	0.02228	0.00712	0.01064	0.00268	0.00217	0.02298	0.00893	8.3e-05	0.00019
20	0.00018	0.00752	0.00301	0.01286	0.00275	0.00298	0.00012	0.00565	0.00576	0.01091	0.03941	0.43014	0.44543	0.01148	0.00694	0.00388	0.00234	0.00841	0.00012	0.00012
21	0.02479	0.00242	0.00540	0.12229	0.10536	0.02633	0.02380	0.04016	0.03897	0.18985	0.03256	0.17308	0.07840	0.03646	0.05063	5.7e-05	0.01114	0.03258	0.00555	0.00016
22	0.06734	0.14456	0.26389	0.02937	0.02961	0.03209	0.07881	0.12617	0.07234	0.06714	0.01228	0.03294	0.00889	0.00399	0.00771	4.3e-05	0.01590	0.00463	0.00210	0.00019
23	0.08606	0.08042	0.02462	0.01689	0.03615	0.06496	0.02430	0.11204	0.09902	0.26777	0.03652	0.07071	0.02565	0.00910	0.00481	4.4e-05	0.02627	0.00710	0.00739	0.00019
24	0.02213	0.00018	0.00021	0.00020	0.00024	0.00017	0.00015	0.10412	0.02701	0.15294	0.09833	0.36420	0.09359	0.01963	0.01766	5.1e-05	9.6e-05	0.02372	0.07523	0.00015
25	0.06951	0.03423	0.08583	0.05260	0.03330	0.10672	0.20598	0.09744	0.07271	0.11948	0.01164	0.01722	0.00293	0.01414	0.04338	5.1e-05	0.02446	0.00429	0.00391	0.00018
26	0.05893	0.06565	0.15958	0.05831	0.04899	0.09966	0.13152	0.07930	0.06079	0.11066	0.01276	0.02945	0.02751	0.01351	0.01942	4.6e-05	0.01940	0.00422	9.1e-05	0.00018
27	0.02654	0.00023	0.00965	0.00023	0.00032	0.00513	0.01513	0.11858	0.04661	0.51222	0.09514	0.04575	0.07480	0.01318	0.00015	4.4e-05	0.00011	0.01198	0.02401	0.00020
28	0.02068	0.04412	0.01883	0.03689	0.01072	0.01631	0.04540	0.05887	0.02161	0.04039	0.04756	0.24617	0.05464	0.01837	0.21213	0.00271	0.08118	0.01851	0.00477	0.00014
29	0.05037	0.11662	0.18049	0.02815	0.01595	0.07834	0.15937	0.07876	0.03827	0.11190	0.02543	0.03209	0.01229	0.00692	0.02092	0.00219	0.02397	0.01582	0.00197	0.00018
30	0.01146	0.01440	0.03123	0.02674	0.00844	0.01471	0.06137	0.03266	0.03980	0.22244	0.05084	0.26579	0.07115	0.01768	0.03942	0.00664	0.01757	0.05021	0.01377	0.00367

[dist]
# distance from previous block
# <min> <max>
23	47

[block]
# block no. 11 follows, 2574 sequences, length 23
# corresponding to MSA columns:
# 1076-1082,1084,1092-1106
name=unknown_L
#
# <colnr> <probs for GDERKNQSTAVLIFYWHMCP>
#	G	D	E	R	K	N	Q	S	T	A	V	L	I	F	Y	W	H	M	C	P
0	0.06777	0.07741	0.15600	0.05424	0.12965	0.05080	0.08739	0.10550	0.05271	0.15193	0.01660	0.00912	0.01155	0.00584	0.00013	4.2e-05	0.00869	0.00708	0.00309	0.00444
1	0.07041	0.12514	0.28112	0.01341	0.04598	0.06935	0.03342	0.06780	0.02236	0.10549	0.00876	0.01433	0.00526	0.00291	0.00353	3.8e-05	0.00560	0.00268	0.00297	0.11944
2	0.00357	0.00731	0.00021	0.00487	0.01033	0.01195	0.00565	0.02434	0.03543	0.10668	0.14028	0.33123	0.15458	0.04536	0.02356	0.01105	0.01314	0.03820	0.00510	0.02716
3	0.02758	0.01431	0.02680	0.03002	0.03842	0.03398	0.02916	0.11093	0.02998	0.19998	0.10086	0.16563	0.04403	0.01583	0.04933	0.00459	0.02210	0.01228	0.03061	0.01357
4	0.03860	0.15953	0.30390	0.02018	0.07002	0.06419	0.07730	0.06935	0.05094	0.08698	0.01146	0.00762	0.00386	0.00014	0.00285	4e-05	0.00536	0.00401	0.00415	0.01953
5	0.00735	0.02813	0.06198	0.21465	0.03318	0.03737	0.08128	0.12496	0.04678	0.11473	0.02519	0.10096	0.01278	0.00392	0.00662	4.7e-05	0.00399	0.08909	0.00324	0.00374
6	0.00019	0.00014	0.00017	0.00018	0.00021	0.00520	0.00013	0.00745	0.01707	0.03778	0.11107	0.55704	0.17988	0.02691	0.00546	0.01046	8.3e-05	0.03599	0.00447	0.00012
7	0.04324	0.16086	0.24484	0.04473	0.02106	0.08332	0.07643	0.10870	0.04467	0.09833	0.00854	0.01601	0.00785	0.00429	0.01533	4.3e-05	0.00948	0.00936	0.00274	0.00019
8	0.03072	0.13300	0.27938	0.04608	0.01073	0.09739	0.05404	0.22135	0.03393	0.05802	0.00426	0.00031	0.00691	0.00014	0.00451	4e-05	0.00017	0.00011	8.7e-05	0.01883
9	0.01618	0.00336	0.00351	0.00022	0.00338	0.00521	0.00625	0.06860	0.03271	0.52471	0.09246	0.07764	0.09756	0.01780	0.00325	4.5e-05	0.00455	0.01202	0.03035	0.00019
10	0.02612	0.03088	0.04708	0.04079	0.02503	0.00352	0.05323	0.06038	0.02866	0.05589	0.04092	0.18816	0.04986	0.04452	0.25304	0.00611	0.00694	0.03520	0.00354	0.00014
11	0.01279	0.05013	0.02331	0.00021	0.00026	0.03927	0.00750	0.03862	0.03606	0.06928	0.05517	0.03004	0.29633	0.03650	0.27707	9.4e-05	0.01075	0.00516	0.01133	0.00014
12	0.01760	0.02967	0.21015	0.02864	0.00993	0.03776	0.22146	0.04538	0.03335	0.08143	0.05846	0.13379	0.05757	0.00020	0.00918	4.6e-05	0.00727	0.01462	9.5e-05	0.00340
13	0.00677	0.00014	0.00017	0.00018	0.00021	0.00013	0.00013	0.00742	0.01221	0.07763	0.13093	0.59051	0.12907	0.01474	0.00017	5.2e-05	8e-05	0.02121	0.00813	0.00012
14	0.04990	0.09479	0.33831	0.02484	0.07199	0.05041	0.12987	0.10134	0.03427	0.06681	0.00900	0.00858	0.00022	0.00014	0.00668	4.2e-05	0.00584	0.00359	0.00319	0.00019
15	0.01182	0.47269	0.43106	0.00526	0.00045	0.01076	0.00769	0.01198	0.01167	0.01261	0.00419	0.00771	0.00652	0.00013	0.00011	3.6e-05	0.00017	9.2e-05	6.2e-05	0.00500
16	0.00840	0.00019	0.00023	0.00020	0.00027	0.00974	0.00490	0.02965	0.02282	0.39082	0.15276	0.14281	0.16452	0.03315	0.00017	4.7e-05	0.00367	0.00901	0.02648	0.00017
17	0.04301	0.01503	0.03087	0.03744	0.03476	0.05819	0.06787	0.18088	0.05973	0.24791	0.07721	0.03141	0.03724	0.01025	0.03037	4.8e-05	0.00969	0.01359	0.01158	0.00294
18	0.06976	0.11108	0.05982	0.12008	0.03587	0.05270	0.06047	0.14992	0.04477	0.08413	0.00658	0.01389	0.00871	0.02468	0.04985	5.3e-05	0.08079	0.02657	9.1e-05	0.00018
19	0.07241	0.10072	0.39220	0.04158	0.01608	0.02651	0.07804	0.07787	0.03502	0.05108	0.02018	0.02144	0.00917	0.02451	0.00388	0.00260	0.01815	0.00504	0.00335	0.00018
20	0.00019	0.00014	0.00017	0.00018	0.00020	0.00604	0.00013	0.01055	0.01243	0.02593	0.11592	0.55094	0.21985	0.01061	0.00663	5.2e-05	8.1e-05	0.03322	0.00662	0.00012
21	0.06490	0.05739	0.12344	0.27124	0.01397	0.05997	0.05696	0.16718	0.03003	0.07827	0.00974	0.01447	0.00650	0.00436	0.02160	4.6e-05	0.01262	0.00703	8.8e-05	0.00018
22	0.06137	0.17455	0.06027	0.13935	0.02540	0.09165	0.02934	0.12469	0.04438	0.10361	0.01829	0.00811	0.00724	0.00016	0.00366	4.2e-05	0.09935	0.00523	0.00316	0.00018

[dist]
# distance from previous block
# <min> <max>
1	4

[block]
# block no. 12 follows, 2574 sequences, length 6
# corresponding to MSA columns:
# 1116-1119,1127,1128
name=unknown_M
#
# <colnr> <probs for GDERKNQSTAVLIFYWHMCP>
#	G	D	E	R	K	N	Q	S	T	A	V	L	I	F	Y	W	H	M	C	P
0	0.06554	0.30965	0.16942	0.04906	0.03363	0.02297	0.04260	0.11515	0.01559	0.08641	0.01026	0.01097	0.01059	0.02083	0.01332	4.3e-05	0.01084	0.01285	8.4e-05	0.00018
1	0.10628	0.11548	0.10470	0.07820	0.05628	0.10665	0.06398	0.11076	0.03216	0.09310	0.01036	0.01635	0.00956	0.01157	0.01013	4.4e-05	0.04258	0.02209	0.00955	0.00018
2	0.00936	0.01964	0.01022	0.00968	0.01614	0.00929	0.01903	0.03255	0.05006	0.05017	0.07352	0.34658	0.15645	0.08437	0.01505	0.00973	0.00010	0.06734	0.01165	0.00906
3	0.01288	0.28686	0.36845	0.01164	0.01305	0.05622	0.02982	0.02681	0.03854	0.01917	0.02006	0.01398	0.01677	0.01897	0.01440	4.2e-05	0.01699	0.00011	7.1e-05	0.03515
4	0.01345	0.05669	0.01377	0.00950	0.02190	0.02163	0.02267	0.02219	0.03028	0.08714	0.05706	0.08250	0.02878	0.29330	0.14294	0.01382	0.01490	0.02067	0.01198	0.03483
5	0.02272	0.65199	0.04483	0.00026	0.01400	0.08867	0.01655	0.06121	0.01941	0.01399	0.00023	0.02192	0.00020	0.00015	0.01679	3.6e-05	0.01314	9.1e-05	0.01363	0.00017

[dist]
# distance from previous block
# <min> <max>
1	2

[block]
# block no. 13 follows, 2574 sequences, length 21
# corresponding to MSA columns:
# 1132-1145,1171-1177
name=unknown_N
#
# <colnr> <probs for GDERKNQSTAVLIFYWHMCP>
#	G	D	E	R	K	N	Q	S	T	A	V	L	I	F	Y	W	H	M	C	P
0	0.07916	0.08928	0.26118	0.04360	0.02842	0.08361	0.08980	0.06276	0.02650	0.14094	0.01192	0.01848	0.01570	0.00617	0.00733	4.3e-05	0.01787	0.01410	0.00297	0.00018
1	0.01209	0.02880	0.15560	0.49167	0.04622	0.01748	0.03969	0.01369	0.02296	0.05700	0.01498	0.05287	0.00988	0.00016	0.00672	0.00272	0.01513	0.00453	0.00378	0.00402
2	0.00018	0.00013	0.00017	0.00019	0.00584	0.00012	0.01175	0.00510	0.00499	0.01183	0.01166	0.79461	0.03269	0.07151	0.01607	6.2e-05	9e-05	0.03275	0.00012	0.00011
3	0.00795	0.14786	0.27816	0.02078	0.01027	0.06939	0.09763	0.03362	0.02192	0.18592	0.01268	0.01442	0.00746	0.03142	0.02331	4.7e-05	0.01589	0.01300	0.00288	0.00541
4	0.00669	0.03709	0.33485	0.05937	0.05903	0.01270	0.14173	0.04210	0.03446	0.08896	0.02037	0.02303	0.00888	0.02786	0.04366	0.02736	0.00885	0.01500	0.00260	0.00541
5	0.00021	0.00346	0.00019	0.00587	0.01956	0.00456	0.00740	0.00678	0.04473	0.04044	0.33618	0.23521	0.26056	0.00391	0.00799	4.8e-05	8.1e-05	0.01318	0.00952	0.00013
6	0.01709	0.06235	0.53414	0.03266	0.00551	0.09715	0.09290	0.02318	0.02424	0.01368	0.00862	0.04502	0.00864	0.00306	0.00541	4.3e-05	0.01694	0.00910	7e-05	0.00018
7	0.02948	0.12009	0.31522	0.03404	0.02866	0.05036	0.12409	0.09851	0.05314	0.09576	0.00713	0.01186	0.00529	0.00370	0.00328	4.2e-05	0.00761	0.01144	8.5e-05	0.00019
8	0.00026	0.00024	0.00585	0.88575	0.03004	0.00030	0.01806	0.00901	0.00582	0.00035	0.00027	0.01197	0.01513	0.00015	0.00601	4.6e-05	0.01041	0.00013	6.3e-05	0.00015
9	0.00019	0.00499	0.00022	0.06391	0.00745	0.01233	0.05735	0.00788	0.00413	0.00343	0.02126	0.60755	0.10264	0.01365	0.01452	0.00392	0.00423	0.07011	0.00011	0.00012
