[name]
unknown

[dist]
# distance from previous block
# <min> <max>
0	145

[block]
# block no. 0 follows, 3478 sequences, length 69
# corresponding to MSA columns:
# 197-225,234,237,241-247,253-272,278-288
name=unknown_A
#
# <colnr> <probs for GDERKNQSTAVLIFYWHMCP>
#	G	D	E	R	K	N	Q	S	T	A	V	L	I	F	Y	W	H	M	C	P
0	0.00016	0.00011	0.00015	0.02246	0.00020	0.00011	0.00546	0.00020	0.02165	0.00813	0.09978	0.09355	0.10108	0.03812	0.01386	4.5e-05	8.4e-05	0.58851	9.1e-05	0.00625
1	0.00023	0.03912	0.08737	0.33966	0.40780	0.01662	0.02567	0.02290	0.00968	0.02096	0.01389	0.00026	0.00016	9.7e-05	0.00010	3.1e-05	0.01182	8.8e-05	5.1e-05	0.00350
2	0.00210	0.24290	0.20722	0.00033	0.07450	0.02703	0.37241	0.02841	0.01808	0.01675	0.00019	0.00222	0.00015	9.2e-05	9.7e-05	3e-05	0.00222	0.00509	5.1e-05	0.00014
3	0.00013	9.4e-05	0.00013	0.00015	0.00016	8.9e-05	0.00011	0.00015	0.00020	0.00026	0.00055	0.74947	0.00597	0.00816	0.00013	4.2e-05	6.6e-05	0.23397	9.2e-05	8.3e-05
4	0.00013	9.4e-05	0.00012	0.00014	0.00015	8.9e-05	9.6e-05	0.01385	0.01390	0.00027	0.06394	0.78824	0.07232	0.00663	0.00013	0.00864	5.9e-05	0.03102	9.3e-05	8.4e-05
5	0.00022	0.11823	0.67309	0.00663	0.09227	0.01286	0.04899	0.00853	0.01488	0.01957	0.00018	0.00186	0.00014	9.5e-05	9.3e-05	3e-05	0.00206	7.6e-05	4.6e-05	0.00015
6	0.00267	0.00019	0.00023	0.00018	0.00025	0.01762	0.00015	0.14608	0.02504	0.72572	0.01087	0.00033	0.00024	0.00012	9.8e-05	3e-05	8.7e-05	9.9e-05	0.06984	0.00016
7	0.94556	0.00021	0.03960	0.00014	0.00020	0.01235	0.00012	0.00030	0.00017	0.00044	0.00014	0.00016	0.00011	9.3e-05	6.3e-05	3.1e-05	8.1e-05	5.5e-05	6.1e-05	0.00011
8	0.00019	0.00011	0.00015	0.00013	0.00016	0.00011	0.00010	0.00748	0.02036	0.13481	0.71812	0.01535	0.02097	0.00459	0.00011	3.1e-05	5.4e-05	0.00016	0.07691	0.00011
9	0.00022	0.00023	0.00031	0.00027	0.00027	0.04152	0.03481	0.00025	0.00016	0.00024	0.00014	0.00022	0.00013	0.00017	0.01014	4.4e-05	0.91062	8.8e-05	4.4e-05	0.00011
10	0.00014	9.7e-05	0.00011	0.00011	0.00011	9.7e-05	6.5e-05	0.00015	0.00015	0.00020	0.00034	0.05994	0.02017	0.88025	0.03759	9.4e-05	0.0001	0.00015	6.3e-05	6.3e-05
11	0.99720	0.00019	0.00015	0.00013	0.00019	0.00022	0.00011	0.00029	0.00017	0.00045	0.00014	0.00016	0.00011	9.3e-05	6.2e-05	3.1e-05	7.7e-05	5.4e-05	6.2e-05	0.00011
12	0.00021	0.00021	0.00029	0.00025	0.00026	0.00029	0.00021	0.00535	0.00016	0.00024	0.00016	0.05949	0.00016	0.00018	0.00031	4.3e-05	0.92821	9.9e-05	4.7e-05	0.00381
13	0.00022	0.00024	0.01300	0.09739	0.03996	0.02204	0.67607	0.00633	0.01394	0.00486	0.00024	0.07826	0.01041	0.00012	0.01224	3.5e-05	0.00831	0.01104	5.5e-05	0.00524
14	0.00025	0.00021	0.00023	0.01286	0.05666	0.00448	0.00016	0.02500	0.75786	0.05087	0.02208	0.04302	0.00436	0.00014	0.00010	3.3e-05	0.00275	0.00012	0.00305	0.01577
15	0.00510	0.00984	0.00312	0.68288	0.11685	0.02225	0.02006	0.06549	0.00332	0.00881	0.00018	0.00026	0.00014	0.00773	0.00011	3.3e-05	0.05166	8.9e-05	0.00195	0.00012
16	0.00019	0.00017	0.01239	0.59683	0.13196	0.00020	0.00024	0.00479	0.00019	0.00026	0.00021	0.01369	0.00018	0.06740	0.17083	5.9e-05	0.00015	9.8e-05	4.9e-05	0.00011
17	0.00017	8.7e-05	0.00013	0.00645	0.00013	8.7e-05	8.8e-05	0.00013	0.00013	0.00017	0.00018	0.01122	0.00018	0.00034	0.00039	0.97984	8.7e-05	8.9e-05	4.4e-05	4.4e-05
18	0.00036	0.04730	0.00029	0.00025	0.00030	0.89503	0.00019	0.00674	0.00027	0.00025	0.00016	0.00018	0.00013	0.00010	9.5e-05	2.6e-05	0.02938	6.5e-05	0.01876	0.00012
19	0.00021	0.00018	0.00021	0.00015	0.00024	0.00013	0.00012	0.00025	0.00021	0.00856	0.00018	0.00021	0.00015	7.4e-05	7.4e-05	1.5e-05	7.4e-05	5.9e-05	6e-05	0.98886
20	0.00172	0.00024	0.00259	0.07886	0.82012	0.02492	0.00992	0.00890	0.00023	0.03587	0.00020	0.00170	0.00016	0.01222	0.00010	3.1e-05	0.00192	9e-05	5.2e-05	0.00015
21	0.00016	0.00012	0.00016	0.00018	0.00021	0.00012	0.00016	0.01548	0.01423	0.00030	0.00386	0.00109	0.00331	0.01022	0.00014	4.6e-05	9.2e-05	0.94992	9.2e-05	9.4e-05
22	0.03005	0.01673	0.02595	0.07188	0.47659	0.00426	0.00602	0.05106	0.00970	0.30184	0.00025	0.00332	0.00169	0.00010	9.8e-05	3e-05	0.00011	9.1e-05	7.5e-05	0.00016
23	0.01066	0.05021	0.03337	0.14424	0.12475	0.01626	0.06094	0.02581	0.00688	0.00311	0.00019	0.00694	0.00422	8.6e-05	8.5e-05	2.2e-05	0.00010	7.4e-05	5.6e-05	0.51199
24	0.00015	0.00011	0.00015	0.00015	0.00016	0.00989	0.00011	0.00017	0.00016	0.00022	0.00028	0.00047	0.00028	0.31783	0.66292	0.00014	0.00658	0.00012	5.6e-05	8e-05
25	0.00012	0.00010	0.00010	0.00010	0.00014	8.4e-05	7.7e-05	0.00014	0.00023	0.00027	0.03919	0.03591	0.92268	0.00025	0.00012	3.4e-05	5.1e-05	0.00021	9.3e-05	8.4e-05
26	0.00015	0.00011	0.00013	0.00013	0.00014	0.00011	8.5e-05	0.03959	0.00016	0.00022	0.00031	0.05068	0.00290	0.66663	0.21442	0.00010	0.02050	0.00350	6.2e-05	7.3e-05
27	0.47239	0.01628	0.02183	0.00017	0.00413	0.00407	0.00398	0.03061	0.27018	0.05998	0.00254	0.00033	0.00022	0.00012	8.5e-05	3.3e-05	8.3e-05	0.09516	0.01767	0.00013
28	0.00027	0.04370	0.37908	0.01675	0.12760	0.00563	0.03240	0.04757	0.00600	0.20367	0.06612	0.00992	0.01212	0.00011	0.00011	3.1e-05	0.04005	9.4e-05	6.9e-05	0.00869
29	0.00020	0.00020	0.03976	0.81014	0.12270	0.00668	0.00420	0.00649	0.00021	0.00027	0.00018	0.00026	0.00014	0.00010	0.00274	3.3e-05	0.00546	8.8e-05	4.5e-05	0.00012
30	0.04871	0.01173	0.00029	0.04201	0.05012	0.76910	0.01894	0.03518	0.00027	0.00745	0.00016	0.00019	0.00013	0.00010	9.2e-05	2.7e-05	0.00837	6.8e-05	0.00691	0.00012
31	0.59454	0.04305	0.01478	0.02559	0.18163	0.09167	0.01407	0.00228	0.00629	0.00281	0.00016	0.01593	0.00013	9.8e-05	7.6e-05	3e-05	0.00154	0.00515	5.8e-05	0.00012
32	0.00014	0.00012	0.00012	0.02542	0.00016	0.03719	9.2e-05	0.00990	0.00825	0.00299	0.14999	0.01839	0.72851	0.00398	0.00012	3.3e-05	0.01422	0.00019	9.2e-05	8.9e-05
33	0.00020	0.00019	0.00026	0.00023	0.00024	0.00025	0.00019	0.00931	0.00633	0.00024	0.00017	0.00027	0.00017	0.00938	0.28222	7.7e-05	0.69002	9.4e-05	4.7e-05	0.00010
34	0.00012	0.00010	0.00011	0.00011	0.00014	8.6e-05	8e-05	0.00015	0.00023	0.00028	0.05199	0.01366	0.89269	0.00025	0.00012	3.4e-05	5.2e-05	0.03963	9.3e-05	8.5e-05
35	0.00012	0.00010	0.00010	0.00011	0.00014	8.6e-05	7.8e-05	0.00015	0.00022	0.00027	0.03632	0.04932	0.85688	0.04225	0.00014	3.7e-05	0.00268	0.01083	9.2e-05	8.4e-05
36	0.00030	0.72025	0.00046	0.00019	0.00027	0.27660	0.00018	0.00033	0.00022	0.00024	0.00014	0.00017	0.00013	9e-05	7.1e-05	2.3e-05	0.00013	5.6e-05	4.5e-05	0.00012
37	0.00013	9.2e-05	0.00012	0.00014	0.00015	8.4e-05	9.4e-05	0.00015	0.00019	0.00026	0.00817	0.90386	0.02962	0.00030	0.00012	3.9e-05	5.9e-05	0.00711	9.1e-05	0.04923
38	0.01528	0.01195	0.22805	0.03933	0.05573	0.07844	0.31406	0.04616	0.01358	0.04763	0.03279	0.02330	0.00020	0.01173	0.01767	3.6e-05	0.05099	0.01291	5.8e-05	0.00013
39	0.00152	0.00348	0.05280	0.00379	0.58963	0.00525	0.26323	0.00450	0.00023	0.00032	0.00021	0.00220	0.00320	0.00135	0.00182	3.2e-05	0.02670	0.03952	5.1e-05	0.00015
40	0.00026	0.00022	0.00023	0.00020	0.00026	0.00025	0.00016	0.09228	0.86447	0.00043	0.00041	0.00038	0.03973	0.00014	0.00010	3.3e-05	8.1e-05	0.00011	0.00010	0.00016
41	0.00017	0.00012	0.01054	0.00015	0.00171	0.00011	0.01805	0.05209	0.00340	0.06457	0.43257	0.27446	0.09792	0.00023	0.00416	3.5e-05	0.01280	0.02671	0.00010	0.00010
42	0.02372	0.02383	0.09548	0.08923	0.13940	0.00347	0.05592	0.03677	0.05686	0.08397	0.07186	0.02449	0.00873	0.00646	0.00834	0.00862	0.00370	0.00755	6.8e-05	0.25154
43	0.07701	0.00704	0.01417	0.01162	0.17624	0.00202	0.04446	0.00532	0.00021	0.05159	0.00036	0.22141	0.00037	0.06377	0.09667	5.2e-05	0.01093	0.18407	0.03258	0.00011
44	0.00015	0.0001	0.00012	0.00013	0.00015	9.4e-05	9e-05	0.00237	0.00559	0.04855	0.09252	0.38086	0.18151	0.21135	0.03037	5.4e-05	7.3e-05	0.04575	8.8e-05	8.4e-05
45	0.02895	0.27517	0.16582	0.07409	0.07317	0.18382	0.04320	0.02278	0.00846	0.00846	0.01135	0.03581	0.00674	0.00011	0.00454	2.9e-05	0.04181	0.00133	0.01423	0.00013
46	0.00838	0.14455	0.29853	0.13707	0.10655	0.07946	0.06975	0.01367	0.03864	0.03384	0.02119	0.01039	0.00887	0.00263	0.02315	3.3e-05	0.00301	8.6e-05	5.3e-05	0.00013
47	0.00858	0.00017	0.00023	0.00018	0.00025	0.00286	0.00015	0.02398	0.03628	0.89486	0.01376	0.00034	0.00026	0.00208	0.01223	3.3e-05	8.7e-05	0.00010	0.00342	0.00017
48	0.00326	0.00013	0.00653	0.00473	0.02752	0.00839	0.03272	0.01907	0.01536	0.05681	0.02374	0.24461	0.00774	0.03221	0.40897	0.00110	0.01309	0.03751	0.05642	9.8e-05
49	0.04344	0.14276	0.16955	0.03115	0.16664	0.19689	0.05355	0.03425	0.03198	0.08317	0.00758	0.00484	0.00332	0.00454	0.00349	2.9e-05	0.00529	0.00277	5.9e-05	0.01470
50	0.00667	0.00104	0.07652	0.00287	0.01323	0.00110	0.01061	0.00115	0.00870	0.16245	0.04497	0.05618	0.02990	0.40737	0.15511	0.00981	0.00492	0.00280	0.00451	9.7e-05
51	0.00015	0.00010	0.00013	0.00013	0.00015	9.5e-05	9.8e-05	0.00210	0.01325	0.04411	0.37679	0.28442	0.19849	0.01155	0.00013	3.6e-05	5.7e-05	0.06800	0.00010	9.2e-05
52	0.02231	0.00292	0.06502	0.23419	0.28090	0.04018	0.05899	0.10365	0.03966	0.03828	0.01927	0.04612	0.00258	0.00140	0.02164	3.5e-05	0.01380	0.00182	0.00712	0.00014
53	0.02409	0.27898	0.14828	0.06189	0.17917	0.06897	0.10926	0.05466	0.02710	0.03489	0.00414	0.00249	0.00015	0.00352	9.1e-05	2.8e-05	0.00202	7.9e-05	5.4e-05	0.00014
54	0.00264	0.00169	0.01473	0.00284	0.00314	0.00280	0.01189	0.01345	0.22002	0.07291	0.18982	0.20695	0.22369	0.00458	0.00012	3.5e-05	0.00177	0.02301	0.00381	0.00011
55	0.03074	0.00016	0.00020	0.00016	0.00022	0.00015	0.00013	0.10236	0.04756	0.43388	0.34646	0.00049	0.03051	0.00016	0.00197	3.1e-05	7.3e-05	0.00191	0.00270	0.00014
56	0.01599	0.00940	0.07756	0.04008	0.13451	0.00370	0.06582	0.14529	0.02192	0.43686	0.00339	0.01601	0.00744	0.00525	0.00158	3.2e-05	0.00298	0.01094	0.00107	0.00016
57	0.04317	0.05287	0.09460	0.12895	0.14600	0.15927	0.08178	0.11678	0.01724	0.08108	0.00020	0.00333	0.00016	0.00151	0.00011	3.1e-05	0.06643	0.00509	0.00125	0.00014
58	0.70799	0.03078	0.00890	0.04834	0.11839	0.06548	0.01091	0.00267	0.00019	0.00040	0.00015	0.00018	0.00012	9.3e-05	7.2e-05	3e-05	0.00507	6.2e-05	5.8e-05	0.00012
59	0.56010	0.00233	0.01904	0.03765	0.21686	0.03602	0.02193	0.02398	0.00021	0.07475	0.00018	0.00020	0.00013	9.7e-05	0.00186	0.00269	9.7e-05	7e-05	0.00169	0.00013
60	0.00215	0.06544	0.02869	0.12388	0.38211	0.03960	0.01119	0.06622	0.17689	0.00179	0.04287	0.03154	0.00442	0.00011	9.9e-05	3.1e-05	0.00462	0.00118	6.5e-05	0.01710
61	0.00014	0.00010	0.00012	0.00011	0.00014	9.1e-05	8.5e-05	0.00017	0.00295	0.01894	0.40148	0.00968	0.50903	0.04421	0.00013	3.6e-05	5.2e-05	0.00837	0.00407	8.9e-05
62	0.00013	9.1e-05	0.00012	0.00014	0.00015	8.5e-05	0.00010	0.00015	0.00020	0.00534	0.00777	0.86090	0.01356	0.00031	0.00013	4.1e-05	6.2e-05	0.11055	9.3e-05	8.3e-05
63	0.00014	9.7e-05	0.00011	0.00011	0.00011	9.7e-05	6.3e-05	0.00015	0.00015	0.00020	0.00304	0.01756	0.00493	0.95567	0.00875	9.5e-05	9.7e-05	0.00851	6.1e-05	6.1e-05
64	0.00014	0.00010	0.00013	0.00012	0.00015	9.4e-05	9.3e-05	0.00019	0.00028	0.00470	0.91774	0.01635	0.05127	0.00021	0.00012	3.2e-05	4.8e-05	0.00018	0.00797	9.4e-05
65	0.87833	0.00613	0.00016	0.00014	0.00020	0.00022	0.00011	0.01597	0.00019	0.09232	0.00016	0.00018	0.00012	9.6e-05	6.6e-05	3.1e-05	7.8e-05	5.9e-05	0.00534	0.00011
66	0.00024	0.00021	0.00022	0.00020	0.00025	0.00024	0.00015	0.00051	0.93479	0.00593	0.03984	0.00039	0.00033	0.00014	0.00010	3.4e-05	7.7e-05	0.00012	0.01608	0.00015
67	0.00025	0.00024	0.00040	0.02335	0.97315	0.00024	0.00031	0.00030	0.00023	0.00032	0.00019	0.00025	0.00016	8.9e-05	9.9e-05	3e-05	0.00012	8.9e-05	4.9e-05	0.00016
68	0.02005	0.00022	0.00034	0.39417	0.49785	0.03968	0.00221	0.00453	0.00209	0.00812	0.00695	0.00026	0.01143	0.00169	0.00010	0.00279	0.00209	8.9e-05	5e-05	0.00529

[dist]
# distance from previous block
# <min> <max>
0	1

[block]
# block no. 1 follows, 3478 sequences, length 47
# corresponding to MSA columns:
# 290-336
name=unknown_B
#
# <colnr> <probs for GDERKNQSTAVLIFYWHMCP>
#	G	D	E	R	K	N	Q	S	T	A	V	L	I	F	Y	W	H	M	C	P
0	0.01097	0.00025	0.00052	0.00037	0.00047	0.00024	0.80181	0.04358	0.00850	0.10907	0.00959	0.00738	0.00394	9.4e-05	0.00011	3.3e-05	0.00015	0.00012	6.2e-05	0.00273
1	0.01984	0.00017	0.00023	0.00018	0.00025	0.00015	0.00015	0.02391	0.01260	0.89210	0.01238	0.00636	0.01673	0.00013	0.00010	3.1e-05	0.01154	0.00287	0.00012	0.00016
2	0.03576	0.00025	0.00317	0.10968	0.16865	0.01719	0.41831	0.15594	0.01042	0.06862	0.00272	0.00026	0.00300	9.7e-05	0.00011	3.2e-05	0.00212	0.00010	0.00342	0.00014
3	0.05745	0.26569	0.46324	0.00314	0.03397	0.03169	0.04801	0.01646	0.00644	0.02202	0.00286	0.00369	0.01380	0.00690	9.1e-05	0.00302	0.00453	7.4e-05	0.00970	0.00723
4	0.00682	0.00150	0.00275	0.00150	0.01010	0.00228	0.00436	0.10114	0.07504	0.32002	0.09175	0.03460	0.28213	0.00815	0.00228	3.2e-05	0.00720	0.00159	0.00426	0.04249
5	0.00013	0.00010	0.00012	0.00012	0.00014	9e-05	8.6e-05	0.00017	0.00503	0.00033	0.45302	0.05256	0.48071	0.00023	0.00012	3.3e-05	5e-05	0.00678	0.00010	8.9e-05
6	0.00752	0.00162	0.08782	0.12833	0.30028	0.00321	0.03663	0.01711	0.00848	0.35443	0.00818	0.00605	0.00185	0.00468	0.01302	3.3e-05	0.00244	0.01617	0.00201	0.00015
7	0.00752	0.12210	0.56171	0.01453	0.02456	0.02603	0.07557	0.02308	0.02102	0.07268	0.00821	0.00919	0.00176	0.00724	0.00157	3.1e-05	0.01716	0.00354	5.3e-05	0.00245
8	0.00201	0.00300	0.49968	0.00553	0.05226	0.00188	0.08781	0.01813	0.02195	0.21677	0.00333	0.00900	0.00587	0.01894	0.03527	0.00151	0.01495	9.1e-05	0.00189	0.00015
9	0.00503	0.00017	0.00023	0.00018	0.00025	0.00015	0.00015	0.02823	0.00362	0.93511	0.01838	0.00035	0.00397	0.00013	0.00010	3.1e-05	8.5e-05	0.00010	0.00357	0.00017
10	0.01657	0.00874	0.22605	0.05088	0.14870	0.04116	0.07907	0.05224	0.12144	0.09022	0.01757	0.07116	0.06932	0.00013	0.00010	3.2e-05	0.00271	0.00225	0.00152	0.00014
11	0.00379	0.01602	0.03430	0.67378	0.05804	0.01947	0.01202	0.11638	0.00238	0.04133	0.00020	0.00305	0.00233	0.00906	0.00176	3.3e-05	0.00179	8.9e-05	5.5e-05	0.00411
12	0.00978	0.00015	0.00017	0.00014	0.00019	0.00014	0.00011	0.15585	0.03256	0.22202	0.15276	0.02396	0.03332	0.00015	0.00597	2.9e-05	6.8e-05	0.00012	0.36239	0.00012
13	0.60509	0.06679	0.04629	0.01976	0.01216	0.13640	0.04175	0.01079	0.00231	0.05520	0.00016	0.00019	0.00012	9.6e-05	7.4e-05	3e-05	0.00256	6.3e-05	6.1e-05	0.00012
14	0.00998	0.00221	0.02425	0.00026	0.00032	0.01933	0.30368	0.05706	0.00435	0.05977	0.03382	0.00068	0.00275	0.00018	0.00012	3.9e-05	0.00737	0.46153	0.01219	0.00012
15	0.00018	0.00014	0.00018	0.00015	0.00019	0.00548	0.00011	0.00688	0.00018	0.00963	0.00024	0.01299	0.00023	0.22144	0.24969	7.1e-05	0.03832	0.00720	0.00869	0.43800
16	0.00015	0.00011	0.00015	0.00015	0.00016	0.00012	0.00011	0.00373	0.00016	0.00023	0.00439	0.00045	0.00028	0.22344	0.73048	0.01421	0.00876	0.00012	0.01274	8.3e-05
17	0.00014	0.00010	0.00013	0.00012	0.00015	9.3e-05	9.3e-05	0.00018	0.00027	0.00830	0.77770	0.01123	0.16713	0.00021	0.00012	3.2e-05	4.9e-05	0.02355	0.01030	9.3e-05
18	0.00033	0.08963	0.00515	0.00023	0.00277	0.61708	0.00518	0.03730	0.15439	0.02936	0.02272	0.00024	0.01865	0.00011	0.00212	2.8e-05	0.00828	7.9e-05	0.00621	0.00013
19	0.00759	0.01763	0.22734	0.00526	0.01227	0.11017	0.24255	0.04398	0.00483	0.03394	0.00178	0.00024	0.00222	0.00635	0.03974	4e-05	0.24380	9e-05	5.2e-05	0.00013
20	0.00019	0.00018	0.00030	0.97163	0.01634	0.00022	0.00028	0.00026	0.00020	0.00026	0.00018	0.00027	0.00013	0.00010	0.00010	3.3e-05	0.00909	8.9e-05	4.4e-05	0.00011
21	0.00017	8.7e-05	0.00013	0.00013	0.00013	8.7e-05	8.7e-05	0.00013	0.00013	0.00017	0.00017	0.00030	0.00017	0.00035	0.01331	0.98416	8.9e-05	8.7e-05	4.3e-05	4.4e-05
22	0.00014	0.00010	0.00013	0.00014	0.00016	9.3e-05	0.00323	0.02090	0.01043	0.02114	0.00966	0.82362	0.03451	0.00029	0.00012	3.8e-05	6.1e-05	0.02139	9.2e-05	0.05376
23	0.98222	0.00019	0.00015	0.00013	0.00019	0.00022	0.00011	0.00029	0.00017	0.00045	0.00014	0.00016	0.00011	9.2e-05	6.2e-05	3.1e-05	7.7e-05	5.4e-05	6.2e-05	0.01508
24	0.99720	0.00019	0.00015	0.00013	0.00019	0.00022	0.00011	0.00029	0.00017	0.00045	0.00014	0.00016	0.00011	9.3e-05	6.2e-05	3.1e-05	7.7e-05	5.4e-05	6.2e-05	0.00011
25	0.00433	0.00013	0.00017	0.00018	0.00021	0.00014	0.00015	0.00027	0.21989	0.00351	0.00469	0.10561	0.02972	0.00553	0.00013	4.2e-05	8.4e-05	0.62502	9.4e-05	0.00011
26	0.00012	8.8e-05	0.00012	0.00014	0.00015	8.3e-05	9.5e-05	0.00014	0.00019	0.00026	0.00055	0.92474	0.01230	0.01108	0.00013	4.1e-05	6e-05	0.04953	9.2e-05	8.1e-05
27	0.00025	0.00022	0.00023	0.00020	0.00026	0.00025	0.00016	0.01292	0.98330	0.00042	0.00040	0.00037	0.00030	0.00014	0.00010	3.4e-05	7.9e-05	0.00011	0.00010	0.00016
28	0.00037	0.00048	0.00028	0.00026	0.00031	0.99609	0.00019	0.00040	0.00028	0.00024	0.00015	0.00018	0.00013	0.00010	9e-05	2.6e-05	0.00018	6.4e-05	5.1e-05	0.00012
29	0.00015	9.6e-05	0.00012	0.00012	0.00012	9.8e-05	7.6e-05	0.00015	0.00015	0.00020	0.01107	0.02005	0.00032	0.61461	0.07036	0.25302	0.00824	0.02092	5.7e-05	6e-05
30	0.02333	0.01414	0.03386	0.06806	0.35081	0.05833	0.10559	0.07722	0.05506	0.09408	0.03662	0.00748	0.00713	0.00188	0.00010	3e-05	0.01420	9.5e-05	6.6e-05	0.05191
31	0.00025	0.00022	0.00023	0.00020	0.00026	0.01531	0.00016	0.01075	0.96321	0.00762	0.00040	0.00037	0.00030	0.00013	0.00010	3.4e-05	8.1e-05	0.00011	0.00010	0.00016
32	0.00013	0.00011	0.00012	0.00011	0.00014	9.3e-05	8.6e-05	0.01511	0.01338	0.00031	0.27406	0.02258	0.63680	0.00893	0.00012	3.4e-05	5.2e-05	0.02485	0.00288	8.9e-05
33	0.00253	0.00022	0.00545	0.39050	0.23437	0.01402	0.11064	0.15028	0.01741	0.01060	0.00251	0.01152	0.00182	0.00194	0.01638	3.4e-05	0.02951	9.5e-05	5.7e-05	0.00013
34	0.04875	0.00177	0.00302	0.03742	0.40556	0.07397	0.18595	0.06716	0.06858	0.03967	0.01069	0.01990	0.01036	0.00010	0.00010	3.1e-05	0.00868	9.8e-05	0.00221	0.01599
35	0.00589	0.00023	0.00030	0.38261	0.00045	0.01941	0.01507	0.48742	0.01197	0.06772	0.00023	0.00787	0.00016	0.00011	0.0001	3.1e-05	0.00012	9.2e-05	7.8e-05	0.00014
36	0.00013	0.00010	0.00011	0.00011	0.00014	8.8e-05	8.3e-05	0.00016	0.00654	0.00611	0.21139	0.11575	0.64890	0.00025	0.00012	3.4e-05	5.1e-05	0.00976	9.6e-05	8.7e-05
37	0.00848	0.09608	0.07451	0.07764	0.43492	0.05162	0.10643	0.01720	0.00988	0.08865	0.00260	0.00966	0.00017	0.00293	0.00152	3e-05	0.00965	0.00195	0.00594	0.00014
38	0.00021	0.00019	0.00417	0.61683	0.26714	0.00211	0.00372	0.00028	0.03947	0.01203	0.00228	0.00848	0.00016	0.00260	0.03597	3.7e-05	0.00406	9.2e-05	5e-05	0.00013
39	0.00013	9.2e-05	0.00012	0.00014	0.00015	8.7e-05	0.00010	0.00015	0.00019	0.00026	0.00054	0.77437	0.01462	0.04014	0.01749	0.00376	6.8e-05	0.14739	9e-05	8.2e-05
40	0.00412	0.01768	0.09459	0.11051	0.44197	0.09804	0.02361	0.02926	0.03140	0.04088	0.02977	0.01603	0.01451	0.00422	0.00226	0.01463	0.02622	9.4e-05	5.7e-05	0.00014
41	0.00305	0.21330	0.32670	0.04126	0.11059	0.04518	0.06216	0.04267	0.05069	0.02618	0.01858	0.00428	0.02642	0.00823	0.00442	0.00291	0.00964	0.00356	5.5e-05	0.00014
42	0.00013	9.9e-05	0.00012	0.00014	0.00853	0.01050	0.00281	0.00015	0.00265	0.00026	0.01478	0.58958	0.27866	0.01140	0.02085	4.2e-05	6.5e-05	0.05905	9.1e-05	8.4e-05
43	0.00188	0.15565	0.64111	0.00538	0.04999	0.02573	0.03831	0.01971	0.01712	0.00395	0.00019	0.01979	0.00240	0.00010	0.00515	3.1e-05	0.00608	0.00723	4.7e-05	0.00014
44	0.01056	0.02959	0.18911	0.16936	0.21840	0.01522	0.04965	0.03252	0.06839	0.15404	0.02610	0.01194	0.01828	0.00011	0.00171	3.2e-05	0.00012	0.00468	6.7e-05	0.00014
45	0.00892	0.01533	0.03332	0.03442	0.00743	0.00751	0.16753	0.00591	0.01812	0.03156	0.02167	0.10499	0.06452	0.00456	0.00274	0.00754	0.00148	0.46227	8.1e-05	0.00010
46	0.00309	0.05577	0.32603	0.02887	0.06263	0.00484	0.04423	0.09786	0.02264	0.05547	0.03846	0.14251	0.02018	0.03951	0.00156	3.6e-05	0.01275	0.04335	6.8e-05	0.00013

[dist]
# distance from previous block
# <min> <max>
6	24

[block]
# block no. 2 follows, 3478 sequences, length 11
# corresponding to MSA columns:
# 367-377
name=unknown_C
#
# <colnr> <probs for GDERKNQSTAVLIFYWHMCP>
#	G	D	E	R	K	N	Q	S	T	A	V	L	I	F	Y	W	H	M	C	P
0	0.01516	0.01888	0.00024	0.00019	0.01479	0.01991	0.00846	0.19401	0.31242	0.01660	0.03906	0.01428	0.01271	0.00012	9.4e-05	2.6e-05	0.00766	9.3e-05	8.3e-05	0.32521
1	0.02508	0.00023	0.00038	0.01060	0.87861	0.00938	0.00029	0.01104	0.01017	0.00989	0.00938	0.00026	0.01538	0.00011	0.01876	3.2e-05	0.00012	9.1e-05	5.3e-05	0.00015
2	0.00101	0.00078	0.00094	0.06837	0.81657	0.00069	0.02033	0.00090	0.01450	0.03355	0.00095	0.01719	0.00087	0.00059	0.00044	0.00017	0.02095	0.00035	0.00031	0.00055
3	0.00097	0.00104	0.90607	0.01907	0.00102	0.00069	0.02061	0.00091	0.00074	0.02040	0.00094	0.00126	0.00084	0.00059	0.00043	0.00017	0.00041	0.02301	0.00030	0.00054
4	0.03134	0.00016	0.01268	0.12667	0.03435	0.01045	0.10782	0.00843	0.01430	0.21403	0.27873	0.04642	0.07078	0.00598	0.00012	0.01735	8.9e-05	0.01430	0.00586	0.00012
5	0.01176	0.00015	0.00018	0.00771	0.02401	0.02587	0.03098	0.12326	0.01441	0.11290	0.06642	0.43117	0.10579	0.01753	0.00012	3.7e-05	7.7e-05	0.02743	9.4e-05	0.00011
6	0.05636	0.02987	0.04223	0.10872	0.11790	0.02697	0.11012	0.02940	0.07239	0.07982	0.04245	0.11681	0.03171	0.00735	0.00011	3.5e-05	0.01127	0.11630	7.4e-05	0.00012
7	0.00015	0.00011	0.00015	0.08635	0.01172	0.02067	0.00693	0.00018	0.00637	0.01638	0.05345	0.53027	0.11867	0.06113	0.01354	4.3e-05	0.01271	0.04863	0.00630	0.00624
8	0.02656	0.05072	0.08904	0.19312	0.11104	0.08475	0.07708	0.04746	0.11240	0.03343	0.00732	0.07936	0.02023	0.00598	0.00983	3.4e-05	0.01020	0.04125	6.5e-05	0.00013
9	0.01967	0.00973	0.02508	0.61908	0.19648	0.01224	0.00977	0.01247	0.00940	0.03090	0.00094	0.01261	0.00085	0.00059	0.00044	0.00017	0.03840	0.00035	0.00030	0.00052
10	0.00098	0.04917	0.71177	0.01449	0.05722	0.00778	0.07189	0.00813	0.01588	0.00812	0.00783	0.01872	0.00884	0.00059	0.00043	0.00017	0.00720	0.00995	0.00030	0.00054

[dist]
# distance from previous block
# <min> <max>
0	1

[block]
# block no. 3 follows, 3478 sequences, length 16
# corresponding to MSA columns:
# 379-382,402-409,416-419
name=unknown_D
#
# <colnr> <probs for GDERKNQSTAVLIFYWHMCP>
#	G	D	E	R	K	N	Q	S	T	A	V	L	I	F	Y	W	H	M	C	P
0	0.00586	0.00016	0.00902	0.24534	0.19879	0.00521	0.03902	0.00513	0.00952	0.00618	0.01416	0.19951	0.05129	0.00926	0.04867	0.00995	0.03437	0.10836	6.6e-05	0.00011
1	0.01904	0.17109	0.36547	0.03425	0.02867	0.01705	0.04339	0.01577	0.02929	0.20540	0.01864	0.01393	0.02330	0.00561	0.00439	3.5e-05	0.00013	0.00434	7.4e-05	0.00015
2	0.00673	0.00679	0.00038	0.15412	0.77133	0.01138	0.00029	0.01221	0.00836	0.00728	0.00019	0.00945	0.00016	9.5e-05	0.00010	3e-05	0.01081	9e-05	5.1e-05	0.00015
3	0.00015	0.00011	0.00014	0.00016	0.00017	9.7e-05	0.01113	0.00016	0.00021	0.00028	0.01116	0.91283	0.01398	0.00953	0.00014	0.00916	6.8e-05	0.03035	9.9e-05	9.3e-05
4	0.00433	0.06030	0.44256	0.03294	0.01434	0.07666	0.11413	0.02783	0.02913	0.02289	0.03706	0.04358	0.01754	0.02335	0.02022	4e-05	0.02682	0.00606	6.3e-05	0.00014
5	0.00491	0.00510	0.01622	0.24090	0.49961	0.05564	0.01599	0.01254	0.02291	0.04717	0.01035	0.04244	0.00400	0.00440	0.00383	3.2e-05	0.00012	0.00404	0.00966	0.00014
6	0.00522	0.01645	0.00390	0.00548	0.01480	0.29848	0.00923	0.17057	0.08233	0.04835	0.05219	0.02612	0.01829	0.11112	0.12304	5.3e-05	0.00372	0.00647	0.00406	0.00012
7	0.00012	9e-05	0.00012	0.00014	0.00014	8.5e-05	9.2e-05	0.00014	0.00019	0.00026	0.02400	0.78514	0.06971	0.05363	0.04977	4.9e-05	7e-05	0.01607	8.9e-05	8.1e-05
8	0.75361	0.03095	0.04414	0.00521	0.01080	0.02700	0.01208	0.04588	0.01168	0.03398	0.00017	0.00552	0.00889	0.00010	0.00504	3.1e-05	8.8e-05	6.3e-05	0.00466	0.00012
9	0.92181	0.00020	0.00016	0.00014	0.00020	0.00023	0.00011	0.07557	0.00019	0.00046	0.00015	0.00017	0.00011	9.5e-05	6.5e-05	3.1e-05	8e-05	5.7e-05	6.5e-05	0.00011
10	0.00012	0.00010	0.00011	0.00011	0.00014	8.7e-05	8e-05	0.00015	0.00023	0.00948	0.06925	0.05057	0.81846	0.02354	0.00929	3.7e-05	5.5e-05	0.01803	9.3e-05	8.5e-05
11	0.00985	0.00022	0.03094	0.29426	0.44992	0.00022	0.01658	0.04163	0.00871	0.08865	0.02546	0.01765	0.00964	0.00011	0.00010	3.1e-05	0.00012	9.7e-05	0.00569	0.00014
12	0.02292	0.46037	0.12404	0.00929	0.02803	0.17888	0.01419	0.03118	0.04300	0.01111	0.00017	0.00661	0.00015	0.00507	0.01494	2.9e-05	0.04494	0.00489	5.1e-05	0.00013
13	0.00015	0.00011	0.00016	0.00018	0.00020	0.00011	0.01272	0.00020	0.00022	0.00029	0.01659	0.15700	0.01560	0.00028	0.00014	4.5e-05	8.6e-05	0.79574	9.2e-05	9.1e-05
14	0.15101	0.06534	0.04853	0.06702	0.21008	0.12312	0.03133	0.04938	0.11324	0.03317	0.01895	0.00026	0.00602	0.00011	9.4e-05	2.9e-05	0.01800	0.00884	6.3e-05	0.05541
15	0.19946	0.01313	0.06502	0.32345	0.19744	0.01943	0.01394	0.07315	0.02790	0.02934	0.00781	0.00025	0.00458	0.00010	9.5e-05	3.2e-05	0.01514	0.00498	0.00462	0.00013

[dist]
# distance from previous block
# <min> <max>
1	2

[block]
# block no. 4 follows, 3478 sequences, length 72
# corresponding to MSA columns:
# 423,424,430-479,484-503
name=unknown_E
#
# <colnr> <probs for GDERKNQSTAVLIFYWHMCP>
#	G	D	E	R	K	N	Q	S	T	A	V	L	I	F	Y	W	H	M	C	P
0	0.00021	0.00018	0.00021	0.00015	0.00024	0.00013	0.00012	0.00025	0.00021	0.00387	0.00480	0.00325	0.00584	7.6e-05	7.5e-05	1.5e-05	7.4e-05	6.1e-05	6e-05	0.98020
1	0.10152	0.56085	0.02184	0.00308	0.00947	0.03928	0.03390	0.13376	0.00373	0.08308	0.00197	0.00019	0.00014	9.6e-05	7.8e-05	0.00390	0.00285	6.6e-05	6e-05	0.00014
2	0.00940	0.00014	0.00019	0.00016	0.00021	0.00234	0.00013	0.00036	0.00430	0.59281	0.16222	0.11109	0.05224	0.00017	0.00011	3.3e-05	7.4e-05	0.04696	0.01692	0.00014
3	0.00013	9.8e-05	0.00012	0.00013	0.00015	9e-05	0.0001	0.00016	0.00022	0.01597	0.13431	0.42600	0.26775	0.00027	0.00012	3.8e-05	6e-05	0.15408	9.5e-05	8.7e-05
4	0.00014	9.7e-05	0.00011	0.00011	0.00012	9.6e-05	7e-05	0.00015	0.00017	0.00022	0.11984	0.00600	0.05785	0.71021	0.04259	0.06184	9.4e-05	0.00015	6.7e-05	6.6e-05
5	0.00014	0.00010	0.00013	0.00012	0.00015	9.2e-05	9.1e-05	0.00018	0.00580	0.00658	0.68306	0.04161	0.25446	0.00022	0.00012	3.2e-05	4.9e-05	0.00689	0.00010	9.2e-05
6	0.00013	0.00010	0.00012	0.00012	0.00014	9.2e-05	8.6e-05	0.00017	0.01012	0.00499	0.50988	0.01257	0.42553	0.03051	0.00013	3.5e-05	5.1e-05	0.00502	0.00010	9e-05
7	0.02951	0.93599	0.00050	0.00017	0.00026	0.02804	0.00017	0.00030	0.00020	0.00392	0.00014	0.00016	0.00013	8.6e-05	6.5e-05	2.2e-05	0.00011	5.4e-05	4.4e-05	0.00013
8	0.00155	0.00017	0.00021	0.00017	0.00023	0.00292	0.04690	0.00981	0.20376	0.11246	0.20529	0.00449	0.05940	0.00013	9.7e-05	2.6e-05	0.00144	0.00190	0.00493	0.34413
9	0.10521	0.09824	0.02154	0.15439	0.21381	0.15338	0.01050	0.01879	0.02291	0.01881	0.06836	0.01771	0.00950	0.00224	0.00307	3.1e-05	0.03540	0.04050	0.00150	0.00414
10	0.00822	0.00405	0.04035	0.14633	0.48125	0.02530	0.00580	0.00479	0.01266	0.01047	0.00616	0.00027	0.00173	0.01286	0.08308	4.4e-05	0.14452	0.00894	0.00304	0.00013
11	0.00021	0.05918	0.87920	0.00028	0.00042	0.00024	0.01987	0.00031	0.00403	0.00031	0.00018	0.00021	0.00013	9.7e-05	0.00010	3.1e-05	0.03494	7.4e-05	4.3e-05	0.00014
12	0.00427	0.04654	0.07739	0.11926	0.17252	0.03542	0.04975	0.03675	0.01277	0.10490	0.01386	0.00200	0.00152	0.00326	0.04187	4e-05	0.27599	0.00170	5.8e-05	0.00013
13	0.03119	0.00016	0.00014	0.00013	0.00017	0.14772	9.9e-05	0.00406	0.00562	0.02878	0.00078	0.11414	0.66620	0.00023	0.00011	3.3e-05	7.3e-05	0.00019	8.7e-05	9.2e-05
14	0.00300	0.00017	0.00023	0.00018	0.00025	0.00015	0.00015	0.00537	0.01713	0.94231	0.00402	0.00229	0.00025	0.00012	0.0001	3.1e-05	8.4e-05	0.00010	0.01843	0.00565
15	0.00013	0.00010	0.00012	0.00012	0.00014	9e-05	8.8e-05	0.00017	0.00026	0.00035	0.59210	0.03644	0.36400	0.00023	0.00012	3.3e-05	4.9e-05	0.00528	0.00010	9e-05
16	0.02067	0.02076	0.02990	0.06238	0.27680	0.02734	0.16609	0.05891	0.05556	0.17266	0.01854	0.05015	0.00302	0.00116	0.00360	3.2e-05	0.02115	0.01016	0.00098	0.00014
17	0.00020	0.00773	0.98876	0.00028	0.00043	0.00023	0.00037	0.00032	0.00021	0.00032	0.00018	0.00021	0.00013	9.5e-05	9.5e-05	3.2e-05	0.00015	7.4e-05	4.2e-05	0.00015
18	0.00412	0.00017	0.00022	0.00017	0.00025	0.00014	0.00014	0.00480	0.00028	0.92976	0.00039	0.00282	0.00025	0.00272	0.0001	3.1e-05	8.3e-05	0.00010	0.05329	0.00016
19	0.00703	0.00528	0.01420	0.26434	0.22945	0.22806	0.09249	0.00451	0.01078	0.02275	0.01399	0.00779	0.01518	0.00011	0.00308	3.2e-05	0.07344	0.00609	0.00127	0.00013
20	0.00025	0.00172	0.00035	0.17124	0.61744	0.10173	0.00027	0.02007	0.02969	0.00507	0.00510	0.00991	0.02648	0.00010	0.00125	3e-05	0.00434	0.00288	0.00193	0.00014
21	0.00013	9e-05	0.00242	0.00180	0.00148	8.4e-05	9.6e-05	0.00362	0.00159	0.00281	0.02089	0.92829	0.00707	0.00031	0.00013	4e-05	5.9e-05	0.02522	0.00378	8.3e-05
22	0.68449	0.02184	0.00692	0.03465	0.03118	0.16896	0.00158	0.00913	0.00019	0.00175	0.00015	0.00018	0.00012	0.00402	0.00145	3.1e-05	0.03314	6e-05	5.8e-05	0.00011
23	0.00012	0.00010	0.00010	0.00010	0.00014	8.5e-05	7.7e-05	0.00015	0.00023	0.00363	0.02486	0.01848	0.94592	0.00025	0.00012	3.4e-05	5.1e-05	0.00537	9.3e-05	8.5e-05
24	0.00021	0.00018	0.00220	0.00391	0.02569	0.00014	0.00341	0.00928	0.01847	0.00225	0.00018	0.00246	0.00015	7.7e-05	7.6e-05	1.6e-05	7.6e-05	6.2e-05	6e-05	0.93109
25	0.00014	0.00010	0.00013	0.00012	0.00015	9.6e-05	9.2e-05	0.00019	0.03130	0.00036	0.68179	0.04547	0.22848	0.00022	0.00012	3.2e-05	5e-05	0.00443	0.00665	9.3e-05
26	0.00014	0.00010	0.00012	0.00012	0.00014	9.3e-05	8.4e-05	0.00017	0.00024	0.01748	0.45449	0.01127	0.29412	0.19500	0.00646	4.6e-05	6e-05	0.01103	0.00875	8.6e-05
27	0.21404	0.00018	0.00022	0.00017	0.00024	0.00018	0.00014	0.08566	0.00028	0.68607	0.00654	0.00030	0.00021	0.00012	9.2e-05	3.1e-05	8.5e-05	9e-05	0.00519	0.00016
28	0.00013	0.00010	0.00012	0.00013	0.00016	9.4e-05	9.8e-05	0.00017	0.01355	0.00030	0.22206	0.16777	0.40812	0.00025	0.00012	3.6e-05	5.9e-05	0.15745	9.5e-05	0.02918
29	0.00282	0.00011	0.00014	0.00013	0.00016	0.00010	9.8e-05	0.02784	0.01514	0.05302	0.60569	0.19767	0.05330	0.00022	0.00012	3.3e-05	5.4e-05	0.00019	0.04308	9.8e-05
30	0.00027	0.95533	0.00051	0.00017	0.00026	0.04160	0.00017	0.00030	0.00021	0.00024	0.00014	0.00016	0.00013	8.6e-05	6.5e-05	2.2e-05	0.00011	5.4e-05	4.3e-05	0.00013
31	0.00026	0.00022	0.00023	0.00020	0.00026	0.00025	0.00016	0.08259	0.88596	0.00043	0.00041	0.00038	0.02794	0.00014	0.00010	3.4e-05	8.1e-05	0.00011	0.00010	0.00016
32	0.00037	0.02920	0.00029	0.00025	0.00031	0.96139	0.00019	0.00039	0.00028	0.00024	0.00015	0.00018	0.00013	0.00010	8.9e-05	2.6e-05	0.00018	6.4e-05	0.00605	0.00012
33	0.00596	0.00018	0.00019	0.00016	0.00021	0.04062	0.00013	0.27334	0.06248	0.08193	0.04242	0.00033	0.00025	0.00013	0.00557	2.8e-05	0.04046	9.6e-05	0.44540	0.00013
34	0.00029	0.72752	0.00233	0.00019	0.00366	0.13296	0.00227	0.11059	0.00766	0.00403	0.00016	0.00230	0.00014	9.3e-05	7.2e-05	2.3e-05	0.00012	6e-05	0.00189	0.00365
35	0.00021	0.00018	0.00021	0.00015	0.00024	0.00013	0.00012	0.00382	0.00430	0.00033	0.00018	0.00808	0.00401	7.7e-05	7.5e-05	1.5e-05	7.4e-05	6.2e-05	6e-05	0.97770
36	0.00224	0.61990	0.15029	0.03377	0.03467	0.02273	0.01251	0.02818	0.05560	0.02557	0.00424	0.00319	0.00210	9.5e-05	0.00112	2.5e-05	0.00249	0.00110	5.1e-05	0.00013
37	0.25102	0.07198	0.18496	0.00106	0.02918	0.07669	0.03999	0.01038	0.01373	0.00936	0.07289	0.14229	0.00710	0.00345	0.00561	0.00100	0.00411	0.02581	0.00206	0.04734
38	0.00014	0.00010	0.00012	0.00012	0.00015	9.2e-05	8.8e-05	0.00331	0.00275	0.02174	0.50451	0.03434	0.41501	0.00277	0.00012	3.3e-05	5e-05	0.00257	0.01190	9.1e-05
39	0.00200	0.80204	0.03333	0.00195	0.01250	0.02852	0.02113	0.01367	0.05830	0.02405	0.00017	0.00018	0.00014	9.1e-05	7.1e-05	2.3e-05	0.00160	6.1e-05	4.9e-05	0.00013
40	0.00015	0.00011	0.00015	0.00015	0.00016	0.00012	0.00011	0.00017	0.00017	0.00191	0.07509	0.01707	0.04103	0.23530	0.57750	0.00240	0.04116	0.00013	0.00705	8.3e-05
41	0.02267	0.00014	0.00016	0.00278	0.01742	0.00011	0.00011	0.00022	0.00182	0.03197	0.38493	0.01203	0.16679	0.00330	0.00010	2.6e-05	0.00498	0.00133	0.00517	0.34396
42	0.00012	0.00010	0.00010	0.00010	0.00014	8.5e-05	7.7e-05	0.00015	0.00023	0.00028	0.07062	0.00094	0.91780	0.00394	0.00012	3.4e-05	5.1e-05	0.00492	9.4e-05	8.5e-05
43	0.00021	0.00018	0.00021	0.00015	0.00024	0.00013	0.00012	0.00026	0.00506	0.01560	0.00018	0.00021	0.00015	7.5e-05	7.4e-05	1.5e-05	7.4e-05	6e-05	6e-05	0.97695
44	0.64349	0.00019	0.00017	0.00015	0.00021	0.00020	0.00012	0.06068	0.00290	0.23899	0.01236	0.00023	0.00016	0.00010	7.4e-05	3.1e-05	7.9e-05	7.1e-05	0.03966	0.00013
45	0.00037	0.00048	0.00028	0.00026	0.00031	0.99609	0.00019	0.00040	0.00028	0.00024	0.00015	0.00018	0.00013	0.00010	9e-05	2.6e-05	0.00018	6.4e-05	5.1e-05	0.00012
46	0.00027	0.95009	0.00051	0.00017	0.00026	0.04160	0.00017	0.00030	0.00021	0.00024	0.00538	0.00016	0.00013	8.7e-05	6.5e-05	2.2e-05	0.00011	5.4e-05	4.3e-05	0.00013
47	0.00027	0.95522	0.00052	0.01048	0.01762	0.00039	0.00018	0.00030	0.00021	0.00024	0.00015	0.00018	0.00014	0.0001	0.01363	2.5e-05	0.00011	5.8e-05	4.6e-05	0.00013
48	0.01290	0.00019	0.00024	0.00018	0.00026	0.00017	0.00015	0.15752	0.00476	0.80714	0.00037	0.00955	0.00582	0.00013	0.00010	3.1e-05	8.8e-05	0.00010	0.00012	0.00017
49	0.01405	0.00013	0.00015	0.00407	0.01609	0.00293	0.01491	0.09326	0.04502	0.05754	0.06096	0.02571	0.60079	0.00549	0.00406	0.00110	6.6e-05	0.05228	0.00128	0.00010
50	0.00317	0.01762	0.01719	0.74288	0.20039	0.00023	0.00646	0.00461	0.00238	0.00226	0.00018	0.00026	0.00014	9.7e-05	9.9e-05	3.2e-05	0.00013	8.8e-05	4.6e-05	0.00176
51	0.02705	0.00022	0.00026	0.00020	0.00028	0.00022	0.00016	0.43171	0.00538	0.53299	0.00032	0.00029	0.00021	0.00012	9.9e-05	3e-05	9.5e-05	9.5e-05	0.00011	0.00017
52	0.00014	0.00011	0.00012	0.00011	0.00015	0.00277	8.6e-05	0.00018	0.01116	0.02444	0.41125	0.01291	0.52829	0.00023	0.00012	3.3e-05	5.1e-05	0.00019	0.00758	9.1e-05
53	0.00707	0.03530	0.07674	0.17391	0.25136	0.05268	0.13483	0.08024	0.05272	0.08988	0.00125	0.00374	0.00139	0.00012	0.03187	3.5e-05	0.00301	0.00366	6.2e-05	0.00014
54	0.00013	9.3e-05	0.00012	0.00227	0.01194	0.00142	9.6e-05	0.00015	0.00917	0.00493	0.04305	0.84950	0.05107	0.01255	0.00222	4e-05	6e-05	0.00972	0.00139	8.4e-05
55	0.00013	0.00010	0.00012	0.00013	0.00015	9.8e-05	9.3e-05	0.00016	0.00020	0.00025	0.04178	0.14607	0.39302	0.10738	0.29599	7.9e-05	0.00012	0.01398	7.8e-05	8.3e-05
56	0.00022	0.00014	0.00017	0.00016	0.00019	0.00015	0.00012	0.02135	0.29036	0.13060	0.13089	0.20486	0.04447	0.00299	0.00011	3.3e-05	6.6e-05	0.02253	0.15048	0.00012
57	0.14834	0.11688	0.05050	0.11477	0.07225	0.10062	0.03890	0.21777	0.04447	0.07040	0.00123	0.00335	0.00016	0.00011	9.4e-05	0.00247	0.01625	0.00123	6.8e-05	0.00014
58	0.06120	0.00018	0.03356	0.04454	0.20011	0.00157	0.00646	0.03955	0.04219	0.19810	0.09604	0.14443	0.05950	0.01749	0.02564	3.7e-05	0.01585	0.00228	0.01114	0.00013
59	0.00016	0.00011	0.00013	0.00014	0.00016	9.9e-05	0.00011	0.00019	0.00793	0.06430	0.18631	0.15725	0.27837	0.04285	0.00014	4e-05	6.5e-05	0.23778	0.02376	9.3e-05
60	0.02425	0.00018	0.00022	0.00018	0.01518	0.00348	0.00221	0.09446	0.03343	0.69644	0.05286	0.00035	0.00379	0.00013	9.8e-05	3e-05	8.3e-05	0.00270	0.06979	0.00016
61	0.02834	0.57363	0.09099	0.03763	0.03376	0.05676	0.02121	0.04110	0.02397	0.07701	0.00158	0.00634	0.00134	9.6e-05	7.9e-05	2.5e-05	0.00588	6.8e-05	5.5e-05	0.00013
62	0.00999	0.00018	0.00719	0.00018	0.00025	0.00511	0.00015	0.04890	0.04679	0.84371	0.01998	0.01303	0.00380	0.00013	0.00010	3.1e-05	8.5e-05	0.00010	0.00012	0.00017
63	0.00016	0.00011	0.00013	0.00012	0.00015	9.6e-05	9.1e-05	0.00167	0.00321	0.08755	0.34876	0.01526	0.45364	0.01350	0.02413	3.6e-05	5.9e-05	0.01715	0.03408	9.6e-05
64	0.00831	0.00252	0.02725	0.02577	0.04464	0.04886	0.02876	0.01779	0.02223	0.16274	0.04897	0.24304	0.25539	0.00183	0.04377	4e-05	0.00210	0.01010	0.00579	0.00011
65	0.00488	0.12042	0.72705	0.01805	0.02437	0.01001	0.01848	0.01208	0.00266	0.04396	0.00698	0.00022	0.00149	9.7e-05	9.3e-05	3e-05	0.00374	0.00197	4.8e-05	0.00337
66	0.77672	0.00703	0.00175	0.00173	0.00291	0.00191	0.00012	0.01761	0.01364	0.12364	0.00431	0.00967	0.03301	0.00011	0.00162	3.1e-05	7.8e-05	6.9e-05	0.00206	0.00198
67	0.00711	0.01578	0.01152	0.29449	0.19822	0.06905	0.05823	0.01124	0.02508	0.03305	0.01282	0.16672	0.05704	0.00453	0.00474	3.4e-05	0.00884	0.01757	0.00382	0.00012
68	0.13868	0.00688	0.11529	0.01998	0.04501	0.07285	0.23003	0.08558	0.01591	0.12865	0.00975	0.03002	0.01842	0.00602	0.00159	3.3e-05	0.05646	0.01632	6.8e-05	0.00247
69	0.26448	0.01268	0.15384	0.05928	0.06398	0.04993	0.09863	0.04661	0.00877	0.11628	0.01468	0.04957	0.02715	0.00251	0.01042	3.3e-05	0.00320	0.01776	6.8e-05	0.00013
70	0.02339	0.06749	0.14451	0.20988	0.04938	0.03473	0.07922	0.04667	0.01220	0.13629	0.07498	0.03009	0.01606	0.00595	0.01497	0.00529	0.00703	0.02215	6.8e-05	0.01965
71	0.04641	0.07469	0.09567	0.02371	0.12354	0.02031	0.11928	0.06769	0.07012	0.08473	0.07489	0.09686	0.03122	0.00014	0.00182	0.00124	0.00917	0.04414	7.4e-05	0.01430

[dist]
# distance from previous block
# <min> <max>
0	187

# created by:
# /home/cegg/simao/soft/augustus-3.2.1/scripts/msa2prfl.pl ./align_prep/POG091H0297.fa
