[name]
unknown

[dist]
# distance from previous block
# <min> <max>
1	177

[block]
# block no. 0 follows, 3193 sequences, length 9
# corresponding to MSA columns:
# 301-309
name=unknown_A
#
# <colnr> <probs for GDERKNQSTAVLIFYWHMCP>
#	G	D	E	R	K	N	Q	S	T	A	V	L	I	F	Y	W	H	M	C	P
0	0.01712	0.23878	0.42353	0.02341	0.02774	0.01422	0.02148	0.03284	0.02092	0.06819	0.01752	0.01642	0.01781	0.00741	0.00646	3.3e-05	0.01372	0.01009	0.00598	0.01630
1	0.48937	0.02202	0.01442	0.00806	0.02112	0.01676	0.01832	0.07238	0.02998	0.20912	0.01440	0.00649	0.01794	0.00654	0.01112	0.00635	0.01039	8.6e-05	0.00746	0.01769
2	0.00018	0.00015	0.02367	0.04963	0.11368	0.02149	0.01744	0.00819	0.00813	0.03119	0.02713	0.57417	0.04599	0.00819	0.00847	0.02817	0.00724	0.00844	0.00640	0.01205
3	0.03485	0.11944	0.31285	0.02435	0.08968	0.03483	0.04170	0.06140	0.02727	0.06583	0.01974	0.02431	0.01472	0.00713	0.03787	0.00920	0.05245	0.00874	6.5e-05	0.01360
4	0.00022	0.00015	0.01244	0.03593	0.05168	0.00014	0.00781	0.00825	0.08454	0.17048	0.19510	0.11074	0.26077	0.02112	0.00774	3.9e-05	0.00759	0.01439	0.01073	0.00012
5	0.00015	0.00012	0.00014	0.00015	0.02265	0.01872	0.00010	0.00018	0.01409	0.01494	0.03596	0.32183	0.33445	0.15382	0.04889	5.6e-05	8.4e-05	0.03349	9.3e-05	9.2e-05
6	0.00021	0.00019	0.00030	0.73906	0.01473	0.02825	0.02797	0.00026	0.00021	0.00027	0.00020	0.00030	0.00016	0.01430	0.00016	0.14518	0.01404	9.7e-05	0.01402	0.00011
7	0.00025	0.01202	0.01197	0.01511	0.02443	0.03054	0.05043	0.00028	0.00018	0.01616	0.00016	0.00025	0.00015	0.00018	0.01189	4.6e-05	0.81374	9.6e-05	0.01199	0.00012
8	0.00034	0.11117	0.00032	0.00023	0.00030	0.00031	0.00019	0.49696	0.30831	0.01720	0.01789	0.02896	0.00026	0.00014	0.00011	3.4e-05	0.00011	0.01691	0.00010	0.00017

[dist]
# distance from previous block
# <min> <max>
1	2

[block]
# block no. 1 follows, 3193 sequences, length 13
# corresponding to MSA columns:
# 312-315,317-324,327
name=unknown_B
#
# <colnr> <probs for GDERKNQSTAVLIFYWHMCP>
#	G	D	E	R	K	N	Q	S	T	A	V	L	I	F	Y	W	H	M	C	P
0	0.03902	0.00020	0.00025	0.00020	0.00028	0.01121	0.00016	0.11432	0.03431	0.76657	0.00041	0.00036	0.02092	0.00014	0.00011	3.4e-05	9.5e-05	0.00011	0.01114	0.00018
1	0.00023	0.00022	0.00030	0.00026	0.00027	0.00965	0.03265	0.00026	0.00018	0.02124	0.01789	0.04103	0.00021	0.08592	0.00965	5.2e-05	0.75902	0.00011	0.02075	0.00011
2	0.00016	0.00011	0.00014	0.00015	0.00017	9.9e-05	0.00010	0.00019	0.01123	0.03511	0.34475	0.48815	0.08266	0.00028	0.00013	4e-05	6e-05	0.02525	0.01114	9.8e-05
3	0.00015	0.00011	0.00014	0.00016	0.00018	0.00010	0.00012	0.00019	0.01325	0.01287	0.02145	0.55807	0.01631	0.06229	0.00017	4.9e-05	7.7e-05	0.30446	0.00976	9.3e-05
4	0.13275	0.00023	0.07287	0.02120	0.04534	0.01134	0.00018	0.03283	0.01209	0.64643	0.01475	0.00901	0.00024	0.00013	0.00010	3.4e-05	0.00010	0.00010	0.00011	0.00017
5	0.00028	0.00922	0.07570	0.01651	0.02482	0.01355	0.41901	0.03584	0.01167	0.13176	0.00624	0.00546	0.02119	0.00016	0.03287	0.01447	0.11373	0.06271	0.00468	0.00014
6	0.01151	0.00018	0.00024	0.00019	0.00027	0.00016	0.00015	0.02242	0.01760	0.85551	0.05021	0.01494	0.02583	0.00015	0.00011	3.4e-05	8.9e-05	0.00012	0.00013	0.00018
7	0.00018	0.00012	0.00015	0.00014	0.00017	0.00011	0.00011	0.00022	0.02365	0.08217	0.49246	0.18767	0.18262	0.01170	0.00013	3.8e-05	6e-05	0.01811	0.00011	0.00011
8	0.03474	0.00026	0.03155	0.04773	0.46731	0.00875	0.24536	0.03678	0.00815	0.02429	0.00528	0.02374	0.00609	0.00012	0.00704	3.6e-05	0.03408	0.01274	0.00581	0.00015
9	0.00536	0.07348	0.19047	0.25037	0.09169	0.03830	0.16046	0.05010	0.02429	0.05235	0.00024	0.00561	0.01804	0.00534	0.00011	3.5e-05	0.01976	0.00614	0.00770	0.00015
10	0.00451	0.01090	0.06758	0.00747	0.06566	0.00844	0.01691	0.00501	0.00548	0.01400	0.02360	0.60491	0.08348	0.02984	0.02059	4.6e-05	0.01062	0.01558	0.00528	0.00010
11	0.00017	0.00911	0.00017	0.01689	0.00948	0.01805	0.00011	0.00019	0.00017	0.00023	0.00030	0.00881	0.00738	0.36750	0.43511	0.09283	0.02484	0.00013	6e-05	0.00849
12	0.03545	0.01810	0.00643	0.01329	0.06571	0.00684	0.01154	0.01945	0.00676	0.01378	0.01031	0.00024	0.00017	8.8e-05	8.7e-05	2e-05	0.01015	7.1e-05	6.5e-05	0.78144

[dist]
# distance from previous block
# <min> <max>
3	10

[block]
# block no. 2 follows, 3193 sequences, length 10
# corresponding to MSA columns:
# 341-344,347,348,352,354,357,359
name=unknown_C
#
# <colnr> <probs for GDERKNQSTAVLIFYWHMCP>
#	G	D	E	R	K	N	Q	S	T	A	V	L	I	F	Y	W	H	M	C	P
0	0.00015	0.00011	0.00014	0.00975	0.00016	0.00010	0.00010	0.00018	0.00958	0.01060	0.10995	0.40305	0.05377	0.28172	0.01114	6.1e-05	8e-05	0.08504	0.00925	0.01508
1	0.48689	0.01206	0.00020	0.00017	0.00023	0.00022	0.00013	0.01174	0.19177	0.17222	0.03715	0.00031	0.00024	0.05834	0.01132	0.01661	8.9e-05	9.2e-05	8.9e-05	0.00014
2	0.00691	0.01369	0.13623	0.00019	0.01788	0.00015	0.04930	0.02638	0.04943	0.02982	0.18748	0.01797	0.37581	0.05631	0.01098	4.1e-05	0.00910	0.01212	9.2e-05	0.00012
3	0.74287	0.01304	0.00018	0.00016	0.00022	0.01596	0.00013	0.03227	0.00021	0.06845	0.03688	0.01290	0.03189	0.00012	9e-05	3.4e-05	0.04432	7.9e-05	7.5e-05	0.00012
4	0.03098	0.01689	0.06558	0.00019	0.01710	0.02379	0.02027	0.01922	0.01037	0.02920	0.08499	0.00029	0.00024	0.00010	9.2e-05	2.2e-05	0.01022	0.01091	7.1e-05	0.65947
5	0.01667	0.01010	0.00671	0.00017	0.00023	0.02744	0.00014	0.05148	0.05759	0.34551	0.27800	0.01405	0.03152	0.02266	0.01119	0.01907	8.5e-05	0.00641	0.00690	0.09408
6	0.01722	0.08585	0.06427	0.01332	0.00890	0.03234	0.01252	0.02070	0.14909	0.00034	0.10509	0.04982	0.43971	0.00021	0.00012	3.5e-05	8.1e-05	0.00017	9.2e-05	0.00012
7	0.00901	0.21938	0.56250	0.01077	0.05708	0.01024	0.01410	0.01701	0.02675	0.05435	0.00857	0.00024	0.00016	0.00010	9.7e-05	3.2e-05	0.00014	8.1e-05	5.5e-05	0.00932
8	0.04343	0.35054	0.10616	0.00810	0.02352	0.27980	0.02457	0.02822	0.03027	0.01339	0.00811	0.00022	0.00016	0.00012	0.01216	3.1e-05	0.07093	7.5e-05	5.6e-05	0.00014
9	0.90461	0.00022	0.00019	0.02523	0.00024	0.00025	0.04186	0.02572	0.00020	0.00048	0.00016	0.00019	0.00012	0.00010	7.2e-05	3.4e-05	9.1e-05	6.4e-05	6.7e-05	0.00012

[dist]
# distance from previous block
# <min> <max>
0	3

[block]
# block no. 3 follows, 3193 sequences, length 6
# corresponding to MSA columns:
# 363-368
name=unknown_D
#
# <colnr> <probs for GDERKNQSTAVLIFYWHMCP>
#	G	D	E	R	K	N	Q	S	T	A	V	L	I	F	Y	W	H	M	C	P
0	0.00016	0.00011	0.00012	0.00012	0.00013	0.00011	7.3e-05	0.00016	0.00016	0.00021	0.00033	0.00066	0.00037	0.85456	0.06533	0.07701	0.00012	0.00015	6.4e-05	6.6e-05
1	0.00016	0.00012	0.00017	0.00017	0.00018	0.00014	0.00012	0.00019	0.00017	0.00024	0.00029	0.00048	0.00029	0.24147	0.65750	0.04351	0.05454	0.00012	5.9e-05	8.8e-05
2	0.00016	0.00012	0.00017	0.00017	0.00019	0.00013	0.02384	0.00020	0.00021	0.02127	0.13542	0.02169	0.10701	0.03017	0.63739	0.00013	0.00021	0.00014	0.02129	9.9e-05
3	0.00028	0.88957	0.10718	0.00020	0.00030	0.00041	0.00021	0.00033	0.00022	0.00026	0.00016	0.00018	0.00014	9.4e-05	7.3e-05	2.4e-05	0.00012	6e-05	4.6e-05	0.00014
4	0.00021	0.00016	0.00017	0.00016	0.00019	0.00017	0.00012	0.10786	0.22054	0.01886	0.09571	0.02465	0.12133	0.36493	0.00028	6.1e-05	8.9e-05	0.02571	0.01870	0.00011
5	0.01599	0.63280	0.06846	0.01466	0.01945	0.01026	0.02181	0.02471	0.00024	0.07983	0.01006	0.01208	0.00019	0.01470	0.01584	0.01473	0.01097	0.02173	0.01135	0.00014

[dist]
# distance from previous block
# <min> <max>
3	11

[block]
# block no. 4 follows, 3193 sequences, length 18
# corresponding to MSA columns:
# 384-401
name=unknown_E
#
# <colnr> <probs for GDERKNQSTAVLIFYWHMCP>
#	G	D	E	R	K	N	Q	S	T	A	V	L	I	F	Y	W	H	M	C	P
0	0.00015	0.00011	0.00012	0.00577	0.00014	0.00010	8.4e-05	0.00017	0.01079	0.00592	0.09235	0.17534	0.25570	0.43484	0.00032	0.00610	8e-05	0.00590	8.7e-05	0.00592
1	0.02603	0.00745	0.00789	0.01631	0.06112	0.03003	0.00677	0.23080	0.55314	0.01970	0.01275	0.00601	0.00418	0.00014	0.00011	3.5e-05	0.00594	0.00362	0.00780	0.00017
2	0.00985	0.07491	0.22685	0.01326	0.00681	0.02856	0.07063	0.03320	0.02394	0.04742	0.07749	0.02968	0.00675	0.00341	0.00697	2.9e-05	0.00338	0.00467	6.9e-05	0.33212
3	0.01746	0.24948	0.49380	0.00028	0.05175	0.01476	0.01327	0.04176	0.03038	0.06505	0.00525	0.01083	0.00017	0.00011	9.7e-05	3.2e-05	0.00523	8.3e-05	5.8e-05	0.00016
4	0.00469	0.81094	0.09221	0.00020	0.00030	0.00633	0.01329	0.01616	0.00513	0.00793	0.00647	0.01139	0.00858	0.00010	7.9e-05	2.6e-05	0.00669	0.00929	5.1e-05	0.00014
5	0.00014	9.8e-05	0.00013	0.00015	0.00015	9.3e-05	9.8e-05	0.00016	0.00021	0.00027	0.02171	0.74482	0.03962	0.14474	0.00957	5.4e-05	7.2e-05	0.03774	9.6e-05	8.6e-05
6	0.02497	0.06715	0.19475	0.02650	0.15192	0.01337	0.01835	0.02316	0.03021	0.15738	0.03169	0.01838	0.01243	0.00011	0.00010	3e-05	0.01097	9.4e-05	7.3e-05	0.21837
7	0.00826	0.03831	0.07733	0.07080	0.27434	0.01369	0.03121	0.01725	0.02961	0.33401	0.02730	0.03560	0.02047	0.00013	0.00011	3.4e-05	0.00617	0.00552	0.00343	0.00642
8	0.00013	0.00011	0.00011	0.00012	0.00015	9.2e-05	8.7e-05	0.00016	0.00024	0.00029	0.02803	0.19480	0.75119	0.01249	0.00014	3.9e-05	5.8e-05	0.01157	0.00010	9.1e-05
9	0.00543	0.00842	0.87613	0.00750	0.02700	0.00585	0.02420	0.01500	0.01465	0.00907	0.00020	0.00024	0.00014	0.00011	0.00558	3.5e-05	0.00016	8.3e-05	4.9e-05	0.00016
10	0.00791	0.06431	0.08634	0.02742	0.50773	0.01887	0.04265	0.01349	0.01763	0.18887	0.00939	0.00506	0.00446	0.00011	0.00011	3.3e-05	0.00529	9.9e-05	7.1e-05	0.00017
11	0.00510	0.00476	0.29294	0.27411	0.24765	0.00569	0.01712	0.00983	0.01345	0.06178	0.01333	0.01029	0.01021	0.00012	0.00454	3.5e-05	0.00925	0.01182	0.00781	0.00015
12	0.00018	0.00012	0.00017	0.00019	0.00022	0.00012	0.00017	0.00023	0.00841	0.01050	0.01822	0.03033	0.03574	0.00935	0.00015	4.9e-05	9.6e-05	0.87849	0.00717	0.00010
13	0.01457	0.00515	0.04463	0.13419	0.25746	0.03130	0.13310	0.01638	0.01067	0.06362	0.02249	0.10392	0.05093	0.00359	0.00392	0.00366	0.06826	0.03198	6.9e-05	0.00014
14	0.00980	0.01800	0.39731	0.09439	0.33137	0.00925	0.05879	0.00697	0.00544	0.04256	0.00708	0.00439	0.00416	0.00577	0.00011	3.4e-05	0.00426	9.4e-05	5.5e-05	0.00016
15	0.00014	0.00011	0.00013	0.00013	0.00735	0.00795	9.6e-05	0.00017	0.00673	0.02386	0.02604	0.30121	0.58530	0.01570	0.00014	4e-05	0.00540	0.01397	0.00544	9.4e-05
16	0.00656	0.00014	0.00018	0.00016	0.00892	0.00013	0.01189	0.03800	0.00795	0.28472	0.25446	0.03267	0.33027	0.00021	0.00012	3.5e-05	7e-05	0.00795	0.01543	0.00013
17	0.02313	0.04251	0.06049	0.08579	0.51506	0.08306	0.05203	0.03090	0.00648	0.08453	0.00022	0.00912	0.00018	0.00011	0.00011	3.3e-05	0.00592	9.6e-05	6.2e-05	0.00016

[dist]
# distance from previous block
# <min> <max>
0	1

[block]
# block no. 5 follows, 3193 sequences, length 9
# corresponding to MSA columns:
# 403-411
name=unknown_F
#
# <colnr> <probs for GDERKNQSTAVLIFYWHMCP>
#	G	D	E	R	K	N	Q	S	T	A	V	L	I	F	Y	W	H	M	C	P
0	0.16092	0.22552	0.01776	0.02861	0.16063	0.30658	0.01210	0.02320	0.00895	0.02653	0.00018	0.00021	0.00015	0.00010	9.1e-05	2.9e-05	0.00891	7.4e-05	0.00970	0.00973
1	0.00624	0.02947	0.11565	0.00644	0.04111	0.01775	0.14844	0.02950	0.01212	0.04336	0.02825	0.17903	0.04056	0.03426	0.17396	6.4e-05	0.06535	0.00783	0.00675	0.01384
2	0.00713	0.12836	0.09471	0.04860	0.12801	0.02297	0.02600	0.04909	0.03593	0.07682	0.01270	0.01831	0.01226	0.00630	0.00010	0.00594	0.00755	0.00646	0.00607	0.30669
3	0.00016	0.00012	0.00013	0.00013	0.00015	0.01175	9.2e-05	0.02015	0.01351	0.00032	0.28161	0.08310	0.25542	0.28191	0.02445	5.9e-05	7.8e-05	0.01196	0.01480	9.1e-05
4	0.00658	0.01382	0.24419	0.07957	0.06693	0.01629	0.01917	0.05279	0.11154	0.01693	0.17306	0.02492	0.12519	0.00668	0.00632	0.01126	0.01107	0.00614	0.00743	0.00014
5	0.00904	0.00653	0.00033	0.52805	0.25510	0.00703	0.00997	0.00974	0.03351	0.00702	0.01732	0.01442	0.00960	0.01787	0.01302	3.8e-05	0.01487	0.02819	0.00782	0.01052
6	0.00748	0.00791	0.22852	0.17604	0.19924	0.00786	0.02553	0.03443	0.02829	0.01031	0.06937	0.01498	0.04605	0.06696	0.03477	0.00629	0.01954	0.00916	0.00714	0.00014
7	0.00022	0.03195	0.23495	0.01791	0.04821	0.01956	0.02320	0.06570	0.05558	0.01725	0.31552	0.01343	0.05064	0.01141	0.01405	0.00677	0.00663	0.02554	0.01024	0.03125
8	0.00910	0.00013	0.00822	0.00764	0.02275	0.00012	0.00012	0.01829	0.03911	0.01715	0.36118	0.14191	0.11382	0.02427	0.02943	0.13137	0.00811	0.05906	0.00812	9.9e-05

[dist]
# distance from previous block
# <min> <max>
0	1

[block]
# block no. 6 follows, 3193 sequences, length 9
# corresponding to MSA columns:
# 413,420-426,429
name=unknown_G
#
# <colnr> <probs for GDERKNQSTAVLIFYWHMCP>
#	G	D	E	R	K	N	Q	S	T	A	V	L	I	F	Y	W	H	M	C	P
0	0.01282	0.10524	0.02481	0.01026	0.02500	0.01614	0.00977	0.45460	0.17719	0.03007	0.00027	0.01016	0.00021	0.00012	0.00010	3.1e-05	0.00011	9.5e-05	9.2e-05	0.12292
1	0.00626	0.02813	0.05114	0.48621	0.20753	0.00735	0.00682	0.00968	0.00999	0.01414	0.03280	0.01390	0.00883	0.00608	0.00618	0.07371	0.01406	0.00708	5.6e-05	0.01006
2	0.01086	0.23432	0.33342	0.00027	0.02608	0.03240	0.07226	0.04281	0.01535	0.16774	0.00758	0.00739	0.00719	0.00714	0.00768	3.3e-05	0.01334	8.9e-05	6.8e-05	0.01399
3	0.00859	0.15034	0.55169	0.02600	0.06054	0.01590	0.07846	0.01407	0.01548	0.03737	0.01071	0.00025	0.00016	0.01203	0.00825	3.5e-05	0.00983	8.6e-05	5.4e-05	0.00015
4	0.01809	0.00018	0.00023	0.00019	0.00026	0.00016	0.00015	0.01328	0.01824	0.80481	0.03783	0.05314	0.01426	0.01487	0.00012	3.6e-05	8.9e-05	0.02377	0.00013	0.00017
5	0.00019	0.00017	0.03916	0.19031	0.08040	0.00714	0.01592	0.02403	0.01012	0.03820	0.09352	0.21563	0.22412	0.01310	0.01732	0.00714	0.01079	0.01255	8.5e-05	0.00011
6	0.01309	0.10743	0.26402	0.04938	0.16826	0.01749	0.06992	0.02935	0.02975	0.18917	0.02333	0.01266	0.00828	0.00012	0.00010	3.3e-05	0.00013	0.00979	0.00751	0.00016
7	0.00704	0.01254	0.14682	0.07407	0.06189	0.00646	0.02577	0.00748	0.06824	0.05239	0.05892	0.15806	0.06192	0.08598	0.09229	0.01233	0.03093	0.03668	7.8e-05	0.00012
8	0.01033	0.00012	0.02542	0.00014	0.00015	0.00011	9.5e-05	0.00018	0.00018	0.01593	0.02844	0.10766	0.04213	0.58585	0.08205	0.03111	0.00011	0.05706	0.01285	8e-05

[dist]
# distance from previous block
# <min> <max>
2	13

[block]
# block no. 7 follows, 3193 sequences, length 8
# corresponding to MSA columns:
# 444-451
name=unknown_H
#
# <colnr> <probs for GDERKNQSTAVLIFYWHMCP>
#	G	D	E	R	K	N	Q	S	T	A	V	L	I	F	Y	W	H	M	C	P
0	0.00026	0.24961	0.41501	0.01596	0.01668	0.04832	0.17255	0.00034	0.00024	0.01612	0.00019	0.00023	0.00015	9.8e-05	9.8e-05	3e-05	0.00015	8.2e-05	5.1e-05	0.06384
1	0.00816	0.06977	0.15808	0.01892	0.04522	0.02100	0.04100	0.10604	0.09922	0.03542	0.02006	0.02349	0.02009	0.04643	0.00763	3.5e-05	0.04220	0.00817	7.3e-05	0.22899
2	0.00017	0.00014	0.02492	0.10939	0.00025	0.00015	0.00015	0.01609	0.00019	0.00026	0.00032	0.09436	0.00033	0.15354	0.54399	0.00012	0.01698	0.03848	6.4e-05	9.7e-05
3	0.00026	0.00024	0.00040	0.01858	0.77198	0.00024	0.03158	0.02223	0.01864	0.00035	0.00022	0.00030	0.00019	0.03255	0.10171	4.9e-05	0.00015	0.00010	5.7e-05	0.00016
4	0.00778	0.00018	0.02729	0.00885	0.14708	0.00831	0.04125	0.01935	0.06347	0.10200	0.23292	0.17863	0.03833	0.00780	0.00820	3.9e-05	0.03752	0.04693	0.02394	0.00013
5	0.00024	0.03366	0.51289	0.02616	0.01874	0.00023	0.03051	0.01634	0.01383	0.11630	0.00948	0.10641	0.03963	0.00952	0.00013	3.7e-05	0.05655	0.00912	6.8e-05	0.00015
6	0.07057	0.06377	0.00017	0.00015	0.00017	0.00014	0.00011	0.00019	0.00021	0.00030	0.07158	0.48241	0.16313	0.03867	0.00017	0.03246	0.06001	0.01562	9e-05	9.5e-05
7	0.00016	0.00012	0.00014	0.07048	0.00020	0.00011	0.00011	0.00019	0.01437	0.03340	0.10389	0.21825	0.47328	0.01414	0.00013	3.9e-05	6.8e-05	0.05679	0.01403	9.9e-05

[dist]
# distance from previous block
# <min> <max>
6	32

[block]
# block no. 8 follows, 3193 sequences, length 7
# corresponding to MSA columns:
# 490-494,496,497
name=unknown_I
#
# <colnr> <probs for GDERKNQSTAVLIFYWHMCP>
#	G	D	E	R	K	N	Q	S	T	A	V	L	I	F	Y	W	H	M	C	P
0	0.00015	0.00012	0.00014	0.00014	0.00017	0.00010	0.00010	0.00019	0.01816	0.01817	0.23671	0.21299	0.36638	0.03751	0.00014	3.9e-05	6.3e-05	0.04441	0.00010	0.06423
1	0.11820	0.01666	0.00027	0.02746	0.04845	0.01474	0.01317	0.26249	0.35145	0.03871	0.01666	0.01365	0.01519	0.00015	0.02144	3.7e-05	0.00010	0.00011	0.01009	0.03097
2	0.03007	0.00012	0.00015	0.01334	0.00018	0.00012	0.00011	0.01243	0.02428	0.05959	0.10462	0.21535	0.24346	0.18116	0.01208	5.3e-05	0.01596	0.06254	0.02430	9.8e-05
3	0.00017	0.00012	0.00018	0.00017	0.00019	0.00014	0.00013	0.00021	0.00018	0.03558	0.02117	0.02790	0.00030	0.02654	0.81234	0.00015	0.02988	0.00012	0.04441	0.0001
4	0.01737	0.16315	0.05677	0.10851	0.19694	0.01472	0.06862	0.03417	0.05756	0.02557	0.02464	0.00031	0.01339	0.02180	0.06489	0.03195	0.08326	0.00822	0.00803	0.00014
5	0.00025	0.00028	0.02162	0.00031	0.00037	0.14857	0.34742	0.02621	0.01133	0.01179	0.02152	0.08282	0.06825	0.00017	0.01168	4e-05	0.20034	0.03539	0.01151	0.00013
6	0.58729	0.04680	0.08541	0.00947	0.00926	0.01768	0.04059	0.01873	0.00949	0.01655	0.05640	0.05396	0.01615	0.00013	8.9e-05	3.4e-05	0.01336	0.00928	0.00924	0.00012

[dist]
# distance from previous block
# <min> <max>
1	34

[block]
# block no. 9 follows, 3193 sequences, length 8
# corresponding to MSA columns:
# 534-541
name=unknown_J
#
# <colnr> <probs for GDERKNQSTAVLIFYWHMCP>
#	G	D	E	R	K	N	Q	S	T	A	V	L	I	F	Y	W	H	M	C	P
0	0.00019	0.00013	0.00017	0.00016	0.02483	0.01796	0.00011	0.03113	0.00020	0.03112	0.10827	0.01322	0.00038	0.42173	0.12842	0.16176	0.05991	0.00014	7e-05	8.5e-05
1	0.01041	0.00707	0.02647	0.00725	0.09725	0.00824	0.02632	0.01523	0.10005	0.01263	0.29822	0.10133	0.14888	0.06220	0.01681	0.02452	0.00700	0.00891	0.02110	0.00012
2	0.00029	0.69695	0.04657	0.00019	0.00028	0.00036	0.00018	0.04284	0.03682	0.07091	0.00029	0.00029	0.10341	0.00012	8.3e-05	2.7e-05	0.00011	8.5e-05	6.3e-05	0.00014
3	0.00014	0.00010	0.00013	0.00014	0.00016	9.8e-05	0.00010	0.00017	0.00022	0.00030	0.16306	0.49896	0.07734	0.15782	0.00020	5.1e-05	7e-05	0.07993	9.8e-05	0.02091
4	0.09582	0.04544	0.02900	0.00016	0.00021	0.00018	0.01683	0.09771	0.03541	0.17283	0.00032	0.00035	0.00024	0.00013	0.01583	3.1e-05	8.1e-05	9.7e-05	0.48919	0.00013
5	0.00725	0.15555	0.07641	0.32482	0.06516	0.01289	0.07613	0.03733	0.02751	0.06129	0.00883	0.01528	0.00717	0.08378	0.00773	4.1e-05	0.00730	0.01835	0.00706	0.00013
6	0.61839	0.09151	0.01373	0.00019	0.04774	0.03426	0.01817	0.01693	0.02368	0.07516	0.00020	0.01100	0.00015	0.00011	7.8e-05	3.2e-05	9.6e-05	7.3e-05	0.03107	0.01744
7	0.06791	0.05003	0.00022	0.00016	0.00024	0.01843	0.00013	0.01177	0.01301	0.13168	0.20987	0.01249	0.02857	0.00013	9.9e-05	2.6e-05	0.01153	0.00011	8.7e-05	0.44350

[dist]
# distance from previous block
# <min> <max>
0	1

[block]
# block no. 10 follows, 3193 sequences, length 7
# corresponding to MSA columns:
# 543,545-549,551
name=unknown_K
#
# <colnr> <probs for GDERKNQSTAVLIFYWHMCP>
#	G	D	E	R	K	N	Q	S	T	A	V	L	I	F	Y	W	H	M	C	P
0	0.00024	0.00022	0.00031	0.00027	0.00028	0.00030	0.01731	0.03110	0.00019	0.01915	0.02353	0.03102	0.04587	0.00021	0.01768	4.8e-05	0.78999	0.02212	5.8e-05	0.00012
1	0.01698	0.00011	0.00014	0.00015	0.00017	0.00011	0.00011	0.01526	0.01493	0.02508	0.35972	0.39647	0.08562	0.01635	0.00014	4e-05	6.3e-05	0.05296	0.01549	0.0001
2	0.02302	0.02129	0.08535	0.01912	0.00945	0.01131	0.02346	0.02019	0.02095	0.05288	0.02485	0.07689	0.01286	0.00830	0.00010	2.7e-05	0.00860	0.05099	0.00977	0.52060
3	0.01826	0.04265	0.01115	0.03862	0.04987	0.23464	0.01074	0.35087	0.08327	0.02292	0.01048	0.00028	0.00020	0.00018	0.08054	4.4e-05	0.03473	0.01033	8.1e-05	0.00015
4	0.03876	0.00021	0.00022	0.00020	0.00026	0.01534	0.00016	0.02715	0.62004	0.04597	0.08199	0.03171	0.04247	0.00017	0.00011	3.7e-05	8.5e-05	0.07997	0.00011	0.01504
5	0.37999	0.02611	0.00029	0.08196	0.23105	0.04314	0.01240	0.12638	0.01224	0.04273	0.00022	0.00025	0.01239	0.01833	9.9e-05	3.4e-05	0.00011	8.4e-05	0.01204	0.00014
6	0.03527	0.07679	0.03707	0.05742	0.17387	0.02902	0.05981	0.04845	0.01056	0.05365	0.04645	0.06085	0.02652	0.13050	0.03151	0.01441	0.04512	0.02155	0.00773	0.03346

[dist]
# distance from previous block
# <min> <max>
3	5

[block]
# block no. 11 follows, 3193 sequences, length 62
# corresponding to MSA columns:
# 557-572,579-587,589-594,600-628,740,741
name=unknown_L
#
# <colnr> <probs for GDERKNQSTAVLIFYWHMCP>
#	G	D	E	R	K	N	Q	S	T	A	V	L	I	F	Y	W	H	M	C	P
0	0.00016	0.00011	0.00012	0.00012	0.00013	0.00011	7.4e-05	0.00491	0.00018	0.00715	0.08827	0.01742	0.07232	0.78263	0.01224	0.00532	0.00233	0.00292	7.4e-05	0.00340
1	0.00028	0.00836	0.02037	0.02538	0.82461	0.00220	0.01192	0.01091	0.01332	0.05551	0.00022	0.00463	0.00018	0.00010	0.00011	3.3e-05	0.01951	0.00213	5.9e-05	0.00017
2	0.00013	9.6e-05	0.00013	0.00015	0.00016	8.9e-05	0.0001	0.00015	0.00021	0.00028	0.01602	0.91061	0.07081	0.00033	0.00014	4.3e-05	6.2e-05	0.00030	0.00010	8.9e-05
3	0.00201	0.00018	0.04200	0.00847	0.00725	0.00175	0.07369	0.00727	0.31663	0.00212	0.00381	0.31427	0.01939	0.00229	0.00013	4.2e-05	9.2e-05	0.19836	9.7e-05	0.00013
4	0.02535	0.00029	0.00035	0.12808	0.30695	0.08866	0.00582	0.37082	0.01878	0.02840	0.00023	0.00026	0.00017	0.00012	0.00011	3.3e-05	0.02523	9.5e-05	7.7e-05	0.00016
5	0.00019	0.00014	0.00017	0.00434	0.00019	0.00467	0.00012	0.09964	0.06611	0.02317	0.48004	0.11145	0.17328	0.01305	0.00013	3.7e-05	0.00750	0.00716	0.00851	0.00011
6	0.00962	0.00023	0.00027	0.00021	0.00030	0.00748	0.00017	0.31150	0.01555	0.65293	0.00037	0.00033	0.00024	0.00013	0.00011	3.3e-05	0.00010	0.00011	0.00012	0.00018
7	0.83454	0.00021	0.00017	0.00312	0.00022	0.00023	0.00013	0.02732	0.00668	0.10112	0.00020	0.00022	0.01112	0.00011	7.5e-05	3.4e-05	8.6e-05	0.01421	7.6e-05	0.00013
8	0.00048	0.00019	0.00025	0.00019	0.00028	0.00017	0.00016	0.03008	0.01129	0.93994	0.01553	0.00037	0.00028	0.00014	0.00011	3.4e-05	9.3e-05	0.00011	0.00013	0.00018
9	0.00016	0.00012	0.00018	0.00017	0.00019	0.00014	0.00014	0.00019	0.00017	0.00025	0.00029	0.00043	0.00027	0.01821	0.96789	0.00017	0.01075	0.00012	5.8e-05	9.7e-05
10	0.00019	9.5e-05	0.00014	0.00014	0.00014	9.6e-05	9.5e-05	0.00014	0.00014	0.00019	0.00021	0.03991	0.00021	0.01250	0.00788	0.93204	0.00567	0.00010	5e-05	5e-05
11	0.03933	0.00020	0.00715	0.73990	0.12250	0.00317	0.02686	0.00028	0.00022	0.00030	0.00021	0.03225	0.00017	0.00771	0.00011	3.6e-05	0.01291	0.00256	0.00401	0.00013
12	0.95473	0.00021	0.00016	0.00015	0.00021	0.01540	0.00012	0.00033	0.00019	0.02749	0.00016	0.00018	0.00012	0.00010	6.9e-05	3.4e-05	8.6e-05	6e-05	6.9e-05	0.00012
13	0.00031	0.66371	0.00049	0.00461	0.07319	0.16575	0.00526	0.06319	0.00026	0.00507	0.00017	0.00020	0.00238	0.00010	8.3e-05	2.6e-05	0.00548	0.00952	5.4e-05	0.00014
14	0.00033	0.01327	0.31592	0.01329	0.03158	0.00266	0.07674	0.40639	0.01827	0.09705	0.01005	0.00027	0.00019	0.00012	0.00011	3.4e-05	0.01106	9.6e-05	8.3e-05	0.00248
15	0.00449	0.12746	0.02808	0.03762	0.32816	0.24518	0.00402	0.13754	0.04921	0.02185	0.00021	0.00025	0.00017	0.00011	0.00010	3.1e-05	0.01371	8.6e-05	0.00157	0.00016
16	0.02434	0.00044	0.00261	0.12937	0.05972	0.74695	0.00767	0.00966	0.00029	0.00870	0.00018	0.00644	0.00015	0.00011	0.0001	3e-05	0.00018	7.7e-05	0.00286	0.00013
17	0.00028	0.02608	0.17820	0.00624	0.33801	0.00357	0.03353	0.00478	0.00975	0.14695	0.00393	0.00027	0.00266	0.00010	0.00010	2.9e-05	0.00384	8.9e-05	6.8e-05	0.24153
18	0.00972	0.01269	0.00030	0.00787	0.01552	0.00458	0.22998	0.03577	0.01392	0.00601	0.01961	0.00090	0.00685	0.00023	0.00014	4.5e-05	0.00192	0.63041	8.8e-05	0.00344
19	0.00014	9.7e-05	0.00013	0.00015	0.00016	9.1e-05	0.00011	0.00016	0.00021	0.00028	0.00060	0.90090	0.01324	0.00650	0.00014	4.5e-05	6.6e-05	0.07678	0.00010	8.9e-05
20	0.00026	0.00027	0.00052	0.00213	0.00048	0.00354	0.70721	0.02729	0.21611	0.00247	0.00824	0.00185	0.01999	0.00011	0.00012	0.00171	0.00232	0.00013	0.00509	0.00015
21	0.00021	0.00019	0.00033	0.99592	0.00075	0.00024	0.00030	0.00028	0.00022	0.00028	0.00019	0.00029	0.00014	0.00011	0.00011	3.6e-05	0.00014	9.7e-05	4.8e-05	0.00012
22	0.00013	0.00011	0.00012	0.00012	0.00015	9.3e-05	8.6e-05	0.00016	0.00026	0.00031	0.15435	0.02433	0.81178	0.00372	0.00013	3.7e-05	5.5e-05	0.00386	0.00010	9.3e-05
23	0.00227	0.00012	0.00018	0.00018	0.00020	0.00751	0.00373	0.00840	0.00255	0.00270	0.00029	0.00043	0.00027	0.01527	0.94999	0.00017	0.00548	0.00012	5.9e-05	9.8e-05
24	0.95833	0.00021	0.00016	0.00014	0.00021	0.00024	0.00012	0.00032	0.00019	0.03083	0.00839	0.00019	0.00013	0.00010	6.9e-05	3.4e-05	8.4e-05	6.1e-05	7e-05	0.00012
25	0.00024	0.00020	0.00021	0.00020	0.00025	0.00022	0.00015	0.00256	0.72767	0.01215	0.06947	0.00876	0.16015	0.00441	0.00899	3.8e-05	8e-05	0.00399	0.00011	0.00015
26	0.01086	0.00020	0.00026	0.00020	0.00028	0.00231	0.00016	0.13056	0.05737	0.76044	0.01316	0.00557	0.00220	0.00014	0.00011	3.4e-05	9.4e-05	0.00011	0.01576	0.00018
27	0.00017	0.00011	0.01089	0.00013	0.00014	0.00010	8.5e-05	0.00016	0.00015	0.00331	0.00027	0.00053	0.00030	0.50408	0.03721	0.43263	0.00429	0.00013	0.00526	6.1e-05
28	0.04247	0.01397	0.11996	0.03641	0.00795	0.02905	0.00757	0.02583	0.02265	0.25084	0.01393	0.02448	0.01083	0.11802	0.01379	0.03583	0.01369	0.00244	0.00103	0.20924
29	0.00478	0.21463	0.00620	0.00407	0.26345	0.10623	0.00247	0.18549	0.20570	0.00395	0.00025	0.00027	0.00020	0.00011	9.9e-05	3.1e-05	0.00176	9.1e-05	7.5e-05	0.00016
30	0.00299	0.02492	0.09432	0.04914	0.56464	0.01431	0.10636	0.01347	0.01305	0.05799	0.00219	0.00027	0.00017	0.00010	0.00011	3.2e-05	0.00013	9.7e-05	6e-05	0.05565
31	0.00367	0.10924	0.27130	0.00371	0.39149	0.02774	0.03170	0.05348	0.00694	0.07946	0.00023	0.00027	0.00740	0.00011	0.00010	3.2e-05	0.00013	0.01106	6.2e-05	0.00188
32	0.02783	0.26432	0.29798	0.00522	0.02418	0.01006	0.15627	0.02451	0.00344	0.11485	0.00024	0.02463	0.00019	0.00012	0.00145	3.3e-05	0.00412	0.04034	6.4e-05	0.00015
33	0.00014	0.00010	0.00014	0.00016	0.00017	9.5e-05	0.02853	0.00016	0.00021	0.00028	0.01062	0.94024	0.00070	0.00033	0.00014	4.4e-05	0.00349	0.01426	9.9e-05	9e-05
34	0.00779	0.25779	0.15220	0.03204	0.29183	0.06332	0.02706	0.01278	0.03141	0.10436	0.00989	0.00211	0.00018	0.00439	0.0001	3.1e-05	0.00241	8.7e-05	6.2e-05	0.00016
35	0.01133	0.09643	0.27703	0.01195	0.04923	0.04445	0.04861	0.02140	0.01731	0.37302	0.00472	0.01572	0.00457	0.00012	0.00011	3.3e-05	0.00984	9.8e-05	0.01388	0.00016
36	0.00018	0.03933	0.01631	0.01183	0.00023	0.00319	0.00532	0.00022	0.00018	0.00025	0.00025	0.00038	0.00024	0.04182	0.65784	0.00807	0.21409	0.00011	5.5e-05	0.00010
37	0.00015	0.00382	0.01555	0.00242	0.03449	0.00378	0.04005	0.00018	0.00849	0.00618	0.02032	0.76676	0.08026	0.00532	0.00129	4.3e-05	0.00202	0.00869	9.6e-05	9.7e-05
38	0.00263	0.03889	0.13968	0.08408	0.15134	0.04444	0.13036	0.01042	0.11335	0.04903	0.02634	0.01960	0.00345	0.04313	0.00676	0.00136	0.13315	0.00180	6.6e-05	0.00014
39	0.00021	0.00194	0.00749	0.34769	0.03681	0.02413	0.08041	0.01291	0.00421	0.01802	0.00630	0.12711	0.02331	0.05444	0.01477	0.00628	0.03516	0.19585	0.00285	0.00011
40	0.00015	0.00012	0.00202	0.10039	0.02728	0.00012	0.03764	0.00018	0.00022	0.00029	0.03369	0.58173	0.14168	0.00029	0.01118	4.3e-05	0.00209	0.06070	9.2e-05	9.8e-05
41	0.00025	0.00502	0.75754	0.00533	0.05160	0.00175	0.05786	0.00425	0.00380	0.09719	0.00316	0.00247	0.00379	0.00011	0.00011	3.4e-05	0.00544	8.8e-05	5.6e-05	0.00016
42	0.00022	0.03420	0.91492	0.00031	0.01397	0.00488	0.00788	0.00313	0.00023	0.00460	0.00020	0.01462	0.00015	0.00011	0.00010	3.4e-05	0.00016	8.4e-05	4.7e-05	0.00016
43	0.00044	0.00018	0.00024	0.03132	0.00028	0.00016	0.00016	0.00652	0.00398	0.84152	0.03751	0.01589	0.05682	0.00015	0.00011	3.4e-05	9e-05	0.00220	0.00224	0.00017
44	0.00302	0.01266	0.29653	0.03974	0.45601	0.00024	0.02978	0.00272	0.00158	0.10732	0.00722	0.02522	0.00401	0.00011	0.00163	3.4e-05	0.01056	0.00139	6.2e-05	0.00016
45	0.00025	0.00399	0.13741	0.16014	0.61938	0.01615	0.01131	0.00755	0.00024	0.01004	0.00021	0.01745	0.00018	0.00011	0.00011	3.4e-05	0.00837	0.00687	5.4e-05	0.00016
46	0.00021	0.00020	0.00032	0.96504	0.00073	0.00589	0.00030	0.00980	0.00022	0.00028	0.00633	0.00029	0.00015	0.00011	0.00011	3.6e-05	0.00675	9.7e-05	0.00301	0.00012
47	0.00029	0.97764	0.00552	0.00019	0.00028	0.00579	0.00019	0.00860	0.00022	0.00026	0.00015	0.00018	0.00014	9.3e-05	7e-05	2.3e-05	0.00012	5.9e-05	4.7e-05	0.00014
48	0.00024	0.00024	0.00033	0.00029	0.00029	0.00885	0.00024	0.00026	0.00017	0.00026	0.00014	0.00024	0.00014	0.00019	0.00035	4.7e-05	0.98747	9.5e-05	4.8e-05	0.00012
49	0.00022	0.00021	0.00033	0.91511	0.02685	0.04661	0.00030	0.00029	0.00022	0.00028	0.00847	0.00029	0.00015	0.00011	0.00011	3.6e-05	0.00015	9.6e-05	4.9e-05	0.00012
50	0.00025	0.00024	0.00040	0.16722	0.73558	0.00233	0.00031	0.00032	0.02967	0.00563	0.04584	0.00313	0.00253	0.00011	0.00596	3.4e-05	0.00013	0.00010	5.8e-05	0.00016
51	0.00013	0.00010	0.00012	0.00014	0.00015	9e-05	9.5e-05	0.00015	0.00022	0.00029	0.01551	0.63905	0.34293	0.00032	0.00013	4.1e-05	6e-05	0.00028	0.00010	9e-05
52	0.94328	0.00021	0.00017	0.00015	0.00022	0.01245	0.00012	0.01224	0.00019	0.02997	0.00016	0.00018	0.00012	0.00010	6.9e-05	3.4e-05	8.6e-05	6.1e-05	7e-05	0.00012
53	0.00170	0.00024	0.00397	0.24409	0.51737	0.03351	0.03565	0.01195	0.03048	0.06179	0.03932	0.00227	0.00297	0.00127	0.00011	3.4e-05	0.00403	0.00247	6.3e-05	0.00672
54	0.00155	0.08799	0.64132	0.01403	0.03523	0.00997	0.13068	0.00664	0.01172	0.04354	0.00211	0.00280	0.00825	0.00128	0.00011	3.4e-05	0.00245	8.9e-05	5.3e-05	0.00016
55	0.00014	0.00011	0.00015	0.00017	0.00018	0.00010	0.02207	0.00017	0.00022	0.00029	0.00058	0.74527	0.00335	0.00387	0.00400	4.6e-05	0.00597	0.21313	9.9e-05	9.2e-05
56	0.13284	0.56994	0.19308	0.00454	0.03801	0.03404	0.01177	0.00847	0.00022	0.00031	0.00016	0.00019	0.00014	9.8e-05	8.1e-05	2.8e-05	0.00582	6.6e-05	5e-05	0.00014
57	0.00013	9.6e-05	0.00013	0.00015	0.00016	8.9e-05	0.00010	0.00015	0.00021	0.00028	0.00061	0.91918	0.03460	0.02434	0.00707	0.00350	6.6e-05	0.00896	9.9e-05	8.8e-05
58	0.00016	0.00011	0.00012	0.00012	0.00012	0.00011	7.1e-05	0.00016	0.00016	0.00021	0.00034	0.00614	0.00398	0.90688	0.07390	0.00700	0.00012	0.00016	6.5e-05	6.8e-05
59	0.00263	0.00854	0.00176	0.00390	0.00027	0.00378	0.00396	0.21807	0.15175	0.03203	0.00893	0.00937	0.02185	0.08123	0.00137	4.6e-05	0.31736	0.12932	0.00369	0.00014
60	0.00017	0.00013	0.00014	0.00015	0.00017	0.02009	0.00440	0.00304	0.09232	0.00185	0.07569	0.12446	0.19020	0.36559	0.00029	0.01114	8.6e-05	0.10992	8.9e-05	9.2e-05
61	0.00029	0.12444	0.01859	0.01134	0.00326	0.03807	0.31579	0.22041	0.00583	0.02185	0.03781	0.00634	0.00021	0.00894	0.01264	3.4e-05	0.05518	0.00768	0.00300	0.10828

[dist]
# distance from previous block
# <min> <max>
5	7

[block]
# block no. 12 follows, 3193 sequences, length 23
# corresponding to MSA columns:
# 750-772
name=unknown_M
#
# <colnr> <probs for GDERKNQSTAVLIFYWHMCP>
#	G	D	E	R	K	N	Q	S	T	A	V	L	I	F	Y	W	H	M	C	P
0	0.00017	0.00013	0.00446	0.00017	0.00019	0.00929	0.03548	0.03930	0.01002	0.01010	0.04630	0.47825	0.01037	0.13270	0.00483	5.3e-05	8.6e-05	0.21792	9.5e-05	9.7e-05
1	0.00022	0.00016	0.00019	0.00015	0.00022	0.00013	0.00012	0.01343	0.00523	0.09483	0.32670	0.00597	0.08769	0.00015	0.00010	2.6e-05	7e-05	0.00639	0.00672	0.45148
2	0.00015	0.00011	0.00013	0.00013	0.00014	0.00643	8.3e-05	0.00017	0.00020	0.00026	0.10398	0.17377	0.10073	0.55343	0.02491	7.9e-05	9.2e-05	0.02776	0.00737	7.8e-05
3	0.00018	9.8e-05	0.00014	0.00014	0.00014	9.8e-05	9.1e-05	0.00015	0.00015	0.00020	0.00025	0.03184	0.01309	0.21090	0.04182	0.68944	0.00010	0.01105	5.5e-05	5.6e-05
4	0.02598	0.00019	0.00025	0.00024	0.00705	0.00024	0.00451	0.00525	0.02384	0.00423	0.00032	0.29413	0.00035	0.00577	0.00458	4.6e-05	0.55700	0.06026	6.9e-05	0.00571
5	0.01117	0.02141	0.01460	0.00478	0.00728	0.05697	0.00841	0.01418	0.00604	0.05461	0.00632	0.00024	0.00017	9e-05	9e-05	2e-05	0.01928	7e-05	6.8e-05	0.77419
6	0.00406	0.06455	0.00494	0.06050	0.59142	0.21862	0.01443	0.00561	0.00026	0.01831	0.00020	0.00025	0.00017	0.00011	0.00501	3.2e-05	0.00631	0.00501	5.5e-05	0.00016
7	0.97118	0.00021	0.00016	0.00014	0.00021	0.00024	0.00012	0.00032	0.00019	0.02622	0.00016	0.00018	0.00012	0.00010	6.8e-05	3.4e-05	8.4e-05	6e-05	6.9e-05	0.00012
8	0.11098	0.00016	0.00410	0.01572	0.00312	0.00314	0.00480	0.01098	0.10069	0.26514	0.02284	0.01400	0.00333	0.01130	0.01842	0.29272	0.00294	0.11541	8.9e-05	0.00012
9	0.00025	0.00849	0.01793	0.14999	0.08396	0.00449	0.02561	0.06516	0.24057	0.08512	0.09482	0.03966	0.15467	0.00507	0.00012	3.6e-05	9.7e-05	0.02371	9.3e-05	0.00014
10	0.00014	0.00011	0.00013	0.00014	0.00016	9.7e-05	0.00010	0.00017	0.00662	0.00772	0.15093	0.33852	0.40346	0.00601	0.00632	4.1e-05	6.3e-05	0.07906	0.00010	9.4e-05
11	0.00019	0.00015	0.00024	0.47967	0.03549	0.00018	0.00020	0.00023	0.00020	0.00026	0.01324	0.02687	0.05054	0.13773	0.13590	0.10344	0.00014	0.01061	0.00462	0.00010
12	0.01447	0.01640	0.01448	0.24123	0.05799	0.17143	0.20955	0.04249	0.06653	0.01432	0.01301	0.06238	0.00761	0.00301	0.01473	3.8e-05	0.02904	0.02112	6.5e-05	0.00013
13	0.00480	0.01220	0.24913	0.07908	0.05537	0.03821	0.06496	0.03739	0.15989	0.07257	0.09008	0.07567	0.05062	0.00015	0.00011	3.5e-05	0.00307	0.00337	0.00314	0.00015
14	0.00014	0.00010	0.00013	0.00015	0.00016	9.5e-05	0.00011	0.00017	0.00023	0.01139	0.11792	0.60110	0.17150	0.00031	0.00014	4.2e-05	6.4e-05	0.09606	0.00010	9.3e-05
15	0.00400	0.00820	0.65318	0.00947	0.01053	0.00023	0.12763	0.00541	0.01114	0.01269	0.04244	0.04020	0.05101	0.00013	0.00011	3.5e-05	0.00015	0.02326	5.9e-05	0.00015
16	0.01587	0.23541	0.12445	0.13451	0.03284	0.09680	0.14741	0.05843	0.03121	0.07036	0.02235	0.00027	0.00447	0.00011	0.00495	3.2e-05	0.01405	0.00330	0.00303	0.00015
17	0.00016	0.00012	0.00362	0.00404	0.00484	0.00624	0.00012	0.00018	0.00017	0.00581	0.00569	0.04539	0.01162	0.31639	0.48716	0.05956	0.03183	0.01309	0.00390	8.6e-05
18	0.00019	0.00014	0.01706	0.00017	0.00662	0.00013	0.00013	0.08918	0.00466	0.01336	0.10287	0.17158	0.19673	0.00029	0.00794	0.17003	8.3e-05	0.21865	9.3e-05	9.8e-05
19	0.00347	0.00021	0.05649	0.68594	0.07071	0.00349	0.01054	0.02026	0.01975	0.00670	0.04629	0.00324	0.01833	0.00637	0.03150	0.00326	0.00660	0.00665	5.7e-05	0.00013
20	0.02166	0.15584	0.17777	0.21449	0.18817	0.02843	0.06191	0.03566	0.01562	0.03904	0.01342	0.00889	0.00556	0.00011	0.00011	3.3e-05	0.01411	0.01531	0.00371	0.00015
21	0.00316	0.00325	0.18172	0.16051	0.21021	0.00020	0.03129	0.01279	0.01180	0.10064	0.09091	0.08443	0.06507	0.00307	0.00012	3.6e-05	0.00623	0.03072	0.00371	0.00014
22	0.00021	0.00024	0.13039	0.00026	0.00031	0.01854	0.16167	0.00026	0.01217	0.00030	0.01050	0.25189	0.02845	0.01221	0.03385	4.7e-05	0.30166	0.02104	0.01588	0.00012

[dist]
# distance from previous block
# <min> <max>
2	4

[block]
# block no. 13 follows, 3193 sequences, length 31
# corresponding to MSA columns:
# 777,785-810,812-815
name=unknown_N
#
# <colnr> <probs for GDERKNQSTAVLIFYWHMCP>
#	G	D	E	R	K	N	Q	S	T	A	V	L	I	F	Y	W	H	M	C	P
0	0.76583	0.08323	0.01022	0.00299	0.00805	0.02323	0.05190	0.00709	0.00807	0.00801	0.00313	0.00307	0.00013	0.00011	0.00666	3.4e-05	0.01798	6.7e-05	6.5e-05	0.00012
1	0.00016	0.00012	0.00017	0.00017	0.00019	0.00014	0.00013	0.00019	0.00017	0.00025	0.00029	0.00044	0.00027	0.03909	0.93228	0.00709	0.00729	0.00012	0.01134	9.6e-05
2	0.02021	0.07542	0.19002	0.02124	0.03064	0.00904	0.35694	0.07914	0.01014	0.01124	0.07174	0.07446	0.01981	0.00342	0.00232	0.00231	0.00735	0.01223	0.00217	0.00014
3	0.01099	0.00036	0.48577	0.02298	0.00036	0.00328	0.04054	0.00380	0.00456	0.00352	0.00664	0.07352	0.02007	0.10398	0.04022	4.8e-05	0.09394	0.01543	5.8e-05	0.06991
4	0.00016	0.00012	0.00014	0.00014	0.00017	0.00011	0.00010	0.00022	0.04912	0.00799	0.73230	0.04732	0.16125	0.00023	0.00013	3.5e-05	5.4e-05	0.00020	0.00012	0.00010
5	0.01217	0.00345	0.01420	0.10740	0.30059	0.12072	0.02493	0.03343	0.01575	0.00813	0.06345	0.00413	0.04566	0.01488	0.16785	0.01324	0.02183	0.02430	0.00376	0.00013
6	0.12615	0.00023	0.00024	0.00021	0.00027	0.00026	0.00016	0.06328	0.73988	0.04988	0.00039	0.00037	0.00029	0.00014	0.00010	3.6e-05	8.8e-05	0.00011	0.01774	0.00017
7	0.01340	0.00019	0.00022	0.00016	0.00026	0.00015	0.00013	0.00028	0.00023	0.01209	0.00020	0.00023	0.00016	8.1e-05	8.1e-05	1.7e-05	8.1e-05	6.5e-05	6.5e-05	0.97192
8	0.01115	0.01556	0.04901	0.00026	0.00031	0.01240	0.20928	0.00550	0.01159	0.01572	0.07187	0.07985	0.06882	0.07002	0.01161	0.00449	0.30404	0.02225	0.00666	0.02961
9	0.00015	0.00011	0.00013	0.00014	0.00017	0.00010	0.00011	0.00018	0.00527	0.01365	0.15827	0.14639	0.47554	0.00649	0.00014	4e-05	6.5e-05	0.19286	0.00010	9.6e-05
10	0.15059	0.00016	0.00018	0.00018	0.00022	0.00580	0.00014	0.04042	0.10448	0.16297	0.10501	0.21235	0.02210	0.00628	0.00715	4.1e-05	8.4e-05	0.18162	0.00010	0.00012
11	0.01188	0.33083	0.01225	0.05517	0.26365	0.17252	0.01228	0.08370	0.00412	0.00658	0.00019	0.00439	0.00016	0.00011	0.00392	3e-05	0.02835	0.00246	0.00236	0.00506
12	0.06793	0.00562	0.06523	0.26925	0.18599	0.00867	0.02025	0.10343	0.01782	0.04742	0.08788	0.06172	0.01986	0.01978	0.00228	3.7e-05	0.01105	0.00325	0.00240	0.00014
13	0.05497	0.22573	0.12534	0.03081	0.06891	0.04639	0.04156	0.16819	0.04369	0.03563	0.07082	0.01572	0.00788	0.00013	0.00011	0.01248	0.03183	0.01502	0.00463	0.00015
14	0.00014	0.00010	0.00014	0.00016	0.00017	9.4e-05	0.01218	0.00016	0.00554	0.01466	0.02038	0.90149	0.01091	0.01823	0.00015	4.5e-05	6.6e-05	0.01521	0.00010	9.1e-05
15	0.00018	0.00010	0.00015	0.00015	0.00015	0.00011	0.00010	0.00016	0.00015	0.00021	0.00024	0.00041	0.00024	0.14656	0.26732	0.58340	0.00015	0.00011	5.3e-05	6.3e-05
16	0.00254	0.01756	0.44564	0.03907	0.25228	0.00284	0.04768	0.00338	0.00276	0.00337	0.08067	0.00655	0.02471	0.00419	0.00983	3.6e-05	0.04856	0.00811	5.7e-05	0.00015
17	0.00025	0.00317	0.00486	0.09898	0.22225	0.00630	0.07339	0.00310	0.38830	0.03680	0.03136	0.02179	0.09929	0.00015	0.00011	3.6e-05	0.00287	0.00437	0.00249	0.00015
18	0.00040	0.00030	0.00032	0.00025	0.00033	0.00033	0.00020	0.91887	0.07680	0.00067	0.00027	0.00027	0.00020	0.00013	0.00011	3.3e-05	0.00012	0.0001	0.00011	0.00018
19	0.95253	0.00957	0.00017	0.00614	0.00687	0.01610	0.00665	0.00032	0.00019	0.00048	0.00015	0.00018	0.00012	0.00010	6.9e-05	3.3e-05	8.7e-05	6e-05	6.7e-05	0.00012
20	0.00024	0.00024	0.00033	0.00029	0.00029	0.00033	0.00024	0.00026	0.00017	0.00026	0.00014	0.00024	0.00014	0.00019	0.00036	4.8e-05	0.99598	9.5e-05	4.8e-05	0.00012
21	0.00019	0.00296	0.00423	0.00321	0.00692	0.00805	0.00011	0.00017	0.01144	0.03304	0.00382	0.18956	0.00031	0.01612	0.13394	0.58553	0.00012	0.00014	6.3e-05	7.1e-05
22	0.06680	0.41826	0.16185	0.00251	0.00245	0.01730	0.08730	0.02689	0.00417	0.10128	0.01606	0.00301	0.00018	0.01379	0.00809	3.1e-05	0.00686	0.00215	6.2e-05	0.06096
23	0.00027	0.00027	0.00030	0.00357	0.22878	0.22725	0.00331	0.00576	0.02215	0.01638	0.00327	0.00030	0.00019	0.06878	0.06301	0.10672	0.23956	0.00584	0.00415	0.00012
24	0.00016	0.00012	0.00017	0.00017	0.00019	0.00013	0.00013	0.00019	0.00017	0.00025	0.00030	0.00046	0.00028	0.10204	0.89455	0.00017	0.00027	0.00012	5.9e-05	9.4e-05
25	0.13447	0.00023	0.00514	0.24370	0.26648	0.00389	0.06343	0.05277	0.00304	0.17471	0.00240	0.00409	0.00434	0.00346	0.00298	3.5e-05	0.03094	0.00368	7.2e-05	0.00015
26	0.00584	0.34023	0.51940	0.00028	0.04700	0.01001	0.02384	0.00830	0.00743	0.02248	0.00019	0.00022	0.00015	0.00010	9.4e-05	3e-05	0.00604	7.6e-05	0.00384	0.00445
27	0.17552	0.19963	0.00911	0.00023	0.00333	0.39508	0.00249	0.06591	0.02391	0.05376	0.00277	0.01499	0.00258	0.00012	0.00741	3.1e-05	0.03641	0.00653	6.6e-05	0.00013
28	0.00019	0.00014	0.00019	0.00021	0.00024	0.00495	0.01859	0.05358	0.00026	0.01547	0.00055	0.00951	0.01407	0.00460	0.00015	4.8e-05	0.00010	0.87284	0.00421	0.00011
29	0.00016	0.00011	0.00013	0.00013	0.00014	0.00011	8.2e-05	0.00017	0.00016	0.00022	0.00033	0.00065	0.00037	0.75725	0.21498	0.01600	0.00015	0.00873	6.4e-05	7.3e-05
30	0.00577	0.00682	0.01328	0.00457	0.02108	0.00328	0.08225	0.02655	0.22878	0.04554	0.08697	0.02139	0.03756	0.10877	0.00358	3.8e-05	0.00526	0.01092	0.00203	0.28556

[dist]
# distance from previous block
# <min> <max>
7	78

[block]
# block no. 14 follows, 3193 sequences, length 16
# corresponding to MSA columns:
# 916-931
name=unknown_O
#
# <colnr> <probs for GDERKNQSTAVLIFYWHMCP>
#	G	D	E	R	K	N	Q	S	T	A	V	L	I	F	Y	W	H	M	C	P
0	0.00016	0.00012	0.00016	0.00016	0.00018	0.01495	0.00823	0.00019	0.00018	0.00025	0.00703	0.12432	0.00694	0.23212	0.54653	0.00013	0.00751	0.04393	0.00682	9e-05
1	0.10063	0.00017	0.03193	0.01609	0.00025	0.00016	0.02113	0.00931	0.00588	0.41739	0.13505	0.03929	0.00794	0.01499	0.13823	5.5e-05	0.00012	0.02177	0.03949	0.00014
