[name]
unknown

[dist]
# distance from previous block
# <min> <max>
0	85

[block]
# block no. 0 follows, 3400 sequences, length 27
# corresponding to MSA columns:
# 118-138,141,142,145-148
name=unknown_A
#
# <colnr> <probs for GDERKNQSTAVLIFYWHMCP>
#	G	D	E	R	K	N	Q	S	T	A	V	L	I	F	Y	W	H	M	C	P
0	0.00941	0.01146	0.01540	0.00020	0.02304	0.01363	0.01846	0.01254	0.00297	0.10351	0.01147	0.01194	0.00050	0.00024	0.00013	4.3e-05	0.00825	0.74613	9.3e-05	0.01056
1	0.00871	0.00354	0.01571	0.00359	0.13037	0.01561	0.00702	0.21037	0.02537	0.49318	0.01356	0.00031	0.00918	0.00346	0.00394	3.1e-05	9.9e-05	9.8e-05	0.00010	0.05575
2	0.00958	0.01194	0.01279	0.06037	0.84210	0.00823	0.00030	0.02287	0.02486	0.00571	0.00020	0.00025	0.00016	9.4e-05	0.00010	3.1e-05	0.00012	9e-05	5.3e-05	0.00016
3	0.00411	0.19968	0.50410	0.01313	0.07235	0.01358	0.12697	0.01919	0.02007	0.01546	0.00327	0.00023	0.00396	9.6e-05	9.4e-05	3e-05	0.00014	8e-05	4.9e-05	0.00343
4	0.10744	0.49279	0.23466	0.00631	0.03007	0.01507	0.01162	0.03037	0.03236	0.02141	0.00017	0.00351	0.00014	9.5e-05	7.8e-05	2.7e-05	0.00012	6.7e-05	5.2e-05	0.01364
5	0.03711	0.00771	0.02254	0.00018	0.03161	0.03044	0.00450	0.03966	0.05092	0.15731	0.29437	0.18130	0.03780	0.00237	0.00755	3.5e-05	0.03444	0.03592	0.00776	0.01648
6	0.00013	0.00010	0.00011	0.00832	0.00835	9e-05	8.5e-05	0.00015	0.00023	0.01066	0.04572	0.11904	0.75844	0.03715	0.00014	3.8e-05	5.6e-05	0.01102	9.4e-05	8.7e-05
7	0.00021	0.00493	0.72888	0.04410	0.03475	0.00023	0.05022	0.00497	0.04112	0.00436	0.04942	0.01398	0.00019	0.00011	0.00011	3.3e-05	0.02211	8.9e-05	5.1e-05	0.00014
8	0.00016	0.00012	0.00017	0.00401	0.01685	0.00012	0.06137	0.00020	0.01845	0.01792	0.28942	0.15196	0.09995	0.14544	0.00018	4.7e-05	0.00373	0.18973	9.2e-05	9.4e-05
9	0.01444	0.17206	0.54778	0.01094	0.01177	0.02118	0.07920	0.02268	0.03299	0.00548	0.02301	0.00781	0.00666	0.00010	9.6e-05	3.1e-05	0.00679	0.01598	5.2e-05	0.02096
10	0.96264	0.00020	0.00015	0.00014	0.00020	0.00023	0.00011	0.00031	0.00018	0.03491	0.00015	0.00017	0.00012	9.6e-05	6.5e-05	3.2e-05	7.9e-05	5.7e-05	6.5e-05	0.00011
11	0.00272	0.00313	0.07027	0.05957	0.13761	0.00379	0.01299	0.02208	0.32199	0.04223	0.18191	0.02698	0.09655	0.00434	0.00527	3.4e-05	0.00588	0.00243	8.8e-05	0.00014
12	0.00014	0.00010	0.00013	0.00012	0.00015	9.4e-05	9.3e-05	0.00018	0.00028	0.00038	0.80907	0.00080	0.18763	0.00022	0.00012	3.3e-05	4.9e-05	0.00019	0.00011	9.4e-05
13	0.00019	0.03290	0.05179	0.01582	0.05076	0.00947	0.02093	0.04060	0.17169	0.01072	0.28814	0.14558	0.15054	0.00020	0.00011	3.4e-05	0.00285	0.00747	9.3e-05	0.00012
14	0.00022	0.10046	0.79511	0.02225	0.02846	0.00507	0.00034	0.00990	0.00601	0.02426	0.00692	0.00022	0.00014	9.8e-05	9.4e-05	3.1e-05	0.00014	7.6e-05	4.7e-05	0.00015
15	0.00028	0.00017	0.00021	0.00018	0.03041	0.01281	0.00014	0.05394	0.21213	0.27415	0.13391	0.13162	0.05499	0.00017	0.00011	3.2e-05	7.7e-05	0.00571	0.00900	0.07997
16	0.00972	9.9e-05	0.00013	0.00536	0.00830	9.6e-05	0.00795	0.00801	0.00020	0.00427	0.00054	0.87903	0.01236	0.00961	0.00014	4.2e-05	0.01861	0.03534	9.2e-05	8.6e-05
17	0.02586	0.00019	0.00023	0.04517	0.01229	0.00016	0.01512	0.07149	0.00596	0.00774	0.00020	0.00023	0.00364	8.6e-05	8.4e-05	1.9e-05	0.01182	0.01281	6.4e-05	0.78682
18	0.13373	0.13193	0.01181	0.00023	0.00456	0.67193	0.00484	0.01580	0.00026	0.01961	0.00016	0.00018	0.00013	0.00010	0.00429	2.7e-05	0.00016	6.5e-05	5.5e-05	0.00012
19	0.11222	0.01562	0.00023	0.00018	0.00026	0.01335	0.00428	0.04287	0.16100	0.60534	0.00036	0.00511	0.00025	0.00013	9.8e-05	3.2e-05	8.8e-05	0.02189	0.00011	0.01658
20	0.00020	0.00018	0.03912	0.11905	0.03069	0.02909	0.04748	0.00373	0.12686	0.00883	0.02679	0.02358	0.01688	0.00328	0.00306	4.1e-05	0.02130	0.49963	8.2e-05	0.00011
21	0.00015	0.0001	0.00012	0.00012	0.00012	0.00010	6.8e-05	0.00015	0.00015	0.00020	0.00032	0.00066	0.00037	0.90597	0.05838	0.00010	0.00011	0.02209	0.01066	6.5e-05
22	0.00427	0.00021	0.02641	0.59217	0.22335	0.00908	0.03366	0.00576	0.02678	0.00754	0.00389	0.01395	0.02980	0.00011	0.00011	0.00354	0.00881	0.01038	5.2e-05	0.00013
23	0.00014	0.00010	0.00013	0.00013	0.00015	9.6e-05	9.5e-05	0.00019	0.00028	0.00040	0.92383	0.00078	0.07286	0.00021	0.00012	3.2e-05	4.8e-05	0.00019	0.00011	9.6e-05
24	0.00022	0.01561	0.53014	0.06204	0.17380	0.00322	0.07175	0.00413	0.05405	0.01067	0.01228	0.03792	0.01084	0.00011	0.00010	3.3e-05	0.00303	0.00985	5.3e-05	0.00015
25	0.00013	9.3e-05	0.00012	0.00014	0.00015	8.8e-05	9.6e-05	0.00015	0.02794	0.00027	0.01061	0.90530	0.02925	0.01307	0.00013	4.2e-05	6e-05	0.01217	9.5e-05	8.5e-05
26	0.00788	0.21985	0.60957	0.00026	0.02141	0.02040	0.02593	0.02725	0.01099	0.02222	0.00321	0.00790	0.00790	9.9e-05	9.1e-05	3e-05	0.00014	7.6e-05	4.9e-05	0.01472

[dist]
# distance from previous block
# <min> <max>
1	48

[block]
# block no. 1 follows, 3400 sequences, length 28
# corresponding to MSA columns:
# 198,199,203-228
name=unknown_B
#
# <colnr> <probs for GDERKNQSTAVLIFYWHMCP>
#	G	D	E	R	K	N	Q	S	T	A	V	L	I	F	Y	W	H	M	C	P
0	0.71307	0.08799	0.05734	0.00019	0.07300	0.04424	0.01135	0.00652	0.00019	0.00512	0.00015	0.00018	0.00012	9.5e-05	7e-05	3e-05	9.5e-05	6.1e-05	5.9e-05	0.00012
1	0.00021	0.00020	0.00027	0.01986	0.00544	0.00261	0.00398	0.01295	0.00884	0.01603	0.11297	0.01362	0.01805	0.01843	0.01218	4.4e-05	0.71605	0.01783	0.01785	0.00259
2	0.00281	0.00438	0.28191	0.02087	0.09307	0.03279	0.13360	0.02648	0.06060	0.00941	0.19034	0.01851	0.08990	0.00014	0.00011	3.2e-05	0.00975	0.00456	0.00224	0.01851
3	0.00014	0.00010	0.00012	0.00012	0.00015	9.2e-05	9e-05	0.00018	0.00026	0.01295	0.52670	0.05677	0.39385	0.00023	0.00012	3.4e-05	5.1e-05	0.00785	0.00010	9.2e-05
4	0.02669	0.03272	0.00257	0.01891	0.00398	0.01338	0.01367	0.00656	0.10394	0.00289	0.03189	0.45194	0.20343	0.00026	0.00255	0.01302	7.1e-05	0.07133	9.1e-05	9.8e-05
5	0.05111	0.00017	0.00022	0.00017	0.00025	0.00015	0.00014	0.01590	0.02131	0.83000	0.00038	0.00034	0.00025	0.00012	9.8e-05	3.1e-05	8.4e-05	0.0001	0.07901	0.00016
6	0.00414	0.00020	0.00028	0.02886	0.01785	0.01560	0.00020	0.00398	0.05916	0.00026	0.02227	0.00356	0.00347	0.00360	0.16241	6.2e-05	0.67384	9.7e-05	5.2e-05	0.00011
7	0.00574	0.00013	0.00015	0.00014	0.00017	0.00012	0.00010	0.02585	0.14681	0.06838	0.16442	0.11028	0.41953	0.04456	0.00013	3.7e-05	6.3e-05	0.00701	9.9e-05	0.00628
8	0.02578	0.00025	0.00028	0.00023	0.04460	0.00745	0.00018	0.67755	0.00610	0.18281	0.00027	0.00027	0.00019	0.00012	9.9e-05	3e-05	0.00010	9.3e-05	0.05341	0.00017
9	0.93969	0.00020	0.00016	0.04446	0.00022	0.00023	0.00012	0.01335	0.00018	0.00045	0.00015	0.00017	0.00011	9.5e-05	6.5e-05	3.2e-05	8.2e-05	5.7e-05	6.3e-05	0.00011
10	0.00024	0.00023	0.00040	0.19826	0.78564	0.00024	0.01290	0.00030	0.00023	0.00032	0.00019	0.00026	0.00016	9.3e-05	0.00010	3.1e-05	0.00012	9.1e-05	4.9e-05	0.00015
11	0.00017	0.00012	0.00015	0.00017	0.00020	0.00011	0.00014	0.00021	0.00024	0.04461	0.02506	0.07642	0.15664	0.00027	0.00013	4.4e-05	8.3e-05	0.69505	9.6e-05	9.5e-05
12	0.00020	0.00018	0.00031	0.87467	0.05650	0.00022	0.01086	0.01100	0.00021	0.00027	0.00020	0.00031	0.00016	0.00011	0.00010	3.4e-05	0.00013	0.04437	4.8e-05	0.00012
13	0.00022	0.00019	0.00031	0.07844	0.42072	0.00019	0.05355	0.00028	0.00572	0.04462	0.02612	0.01288	0.01777	0.00017	0.00012	3.7e-05	0.00011	0.33837	7.2e-05	0.00013
14	0.00030	0.00033	0.00029	0.06726	0.01253	0.43247	0.00020	0.05064	0.00024	0.01257	0.00017	0.00024	0.00015	0.05608	0.02329	4.1e-05	0.34296	8.3e-05	5.3e-05	0.00012
15	0.00018	0.00018	0.04453	0.22359	0.05670	0.04946	0.00019	0.00614	0.00018	0.00025	0.00024	0.00037	0.00022	0.12383	0.43472	9.9e-05	0.05888	0.00010	5.2e-05	0.00010
16	0.00012	0.00010	0.00010	0.00010	0.00014	8.6e-05	7.8e-05	0.00015	0.00023	0.00028	0.01721	0.01769	0.96284	0.00026	0.00012	3.5e-05	5.2e-05	0.00022	9.5e-05	8.6e-05
17	0.00021	0.00020	0.00033	0.78472	0.17724	0.01264	0.01188	0.00027	0.00021	0.00027	0.00018	0.00027	0.00014	0.00010	0.00010	3.3e-05	0.01094	9.1e-05	4.6e-05	0.00012
18	0.00013	0.00011	0.00011	0.00011	0.00015	9.4e-05	8.5e-05	0.01265	0.02017	0.00030	0.14775	0.10130	0.71617	0.00025	0.00012	3.5e-05	5.3e-05	0.00021	9.8e-05	9e-05
19	0.00014	9.8e-05	0.00013	0.00014	0.00015	0.00424	9.9e-05	0.01031	0.01366	0.01964	0.10382	0.78963	0.03631	0.00621	0.00013	4e-05	6e-05	0.01500	9.7e-05	8.8e-05
20	0.00025	0.00018	0.01370	0.00387	0.01465	0.00015	0.01013	0.01414	0.08710	0.17753	0.08153	0.06758	0.01290	0.00013	0.01025	2.6e-05	8e-05	0.02198	8.4e-05	0.48376
21	0.90520	0.00822	0.03105	0.00015	0.00021	0.00479	0.01284	0.01275	0.00018	0.00591	0.00015	0.00017	0.00012	0.00496	7.2e-05	3.2e-05	0.01296	5.8e-05	6.3e-05	0.00011
22	0.00027	0.99648	0.00053	0.00017	0.00026	0.00040	0.00017	0.00031	0.00021	0.00024	0.00014	0.00016	0.00013	8.7e-05	6.5e-05	2.2e-05	0.00011	5.5e-05	4.4e-05	0.00013
23	0.00645	0.00327	0.01513	0.37990	0.47086	0.01035	0.00802	0.01400	0.04546	0.00512	0.00757	0.01897	0.00342	0.00011	0.00010	3.2e-05	0.00325	0.00780	5.4e-05	0.00014
24	0.00014	0.00010	0.00014	0.00013	0.00015	9.6e-05	9.6e-05	0.00019	0.00029	0.00041	0.97178	0.00077	0.02490	0.00021	0.00012	3.2e-05	4.8e-05	0.00019	0.00011	9.6e-05
25	0.00276	0.01895	0.03183	0.06554	0.19089	0.01541	0.02059	0.03650	0.35256	0.00772	0.08953	0.06533	0.05515	0.00015	0.00011	3.4e-05	0.00795	0.03876	8.4e-05	0.00014
26	0.00014	0.00010	0.00013	0.00013	0.00015	9.3e-05	9.6e-05	0.00018	0.00026	0.00037	0.69133	0.22432	0.05969	0.00024	0.00012	3.4e-05	5.1e-05	0.01367	0.00880	9.3e-05
27	0.01153	0.00609	0.86187	0.00028	0.00043	0.00023	0.03451	0.01057	0.00022	0.06070	0.00741	0.00023	0.00014	0.0001	9.9e-05	3.2e-05	0.00527	7.9e-05	5e-05	0.00015

[dist]
# distance from previous block
# <min> <max>
0	1

[block]
# block no. 2 follows, 3400 sequences, length 7
# corresponding to MSA columns:
# 230-236
name=unknown_C
#
# <colnr> <probs for GDERKNQSTAVLIFYWHMCP>
#	G	D	E	R	K	N	Q	S	T	A	V	L	I	F	Y	W	H	M	C	P
0	0.00014	0.00010	0.00013	0.00015	0.00016	9.8e-05	0.00011	0.00017	0.00022	0.00028	0.08638	0.34046	0.14404	0.09534	0.00017	4.7e-05	7.3e-05	0.33175	9.3e-05	8.6e-05
1	0.00033	0.00027	0.00027	0.00022	0.00029	0.05572	0.00018	0.59174	0.28818	0.00054	0.00031	0.06097	0.00024	0.00014	0.00010	3.2e-05	0.00010	0.00011	9.9e-05	0.00016
2	0.02624	0.00019	0.00024	0.00018	0.01325	0.00016	0.06479	0.05288	0.06449	0.01410	0.01894	0.01220	0.03061	9.9e-05	8.9e-05	2.1e-05	0.01252	0.01221	6.8e-05	0.67672
3	0.00015	0.00011	0.00017	0.00016	0.00018	0.00013	0.00013	0.00019	0.00016	0.00024	0.00027	0.00040	0.00025	0.03636	0.88364	0.00015	0.04018	0.00011	0.03692	9.1e-05
4	0.07279	0.85300	0.00049	0.00018	0.00026	0.00038	0.00017	0.07124	0.00022	0.00028	0.00015	0.00017	0.00013	9e-05	6.8e-05	2.3e-05	0.00011	5.7e-05	4.9e-05	0.00013
5	0.00014	0.00011	0.00014	0.02516	0.00018	0.00010	0.00011	0.00019	0.07151	0.00028	0.04468	0.68556	0.03850	0.01815	0.00013	4.1e-05	6.6e-05	0.09234	9.3e-05	0.02251
6	0.01548	0.08632	0.03612	0.00024	0.05137	0.17215	0.00019	0.22820	0.36433	0.01544	0.00029	0.00030	0.01452	0.00012	9.8e-05	3.1e-05	0.00011	0.01444	8.4e-05	0.00015

[dist]
# distance from previous block
# <min> <max>
0	6

[block]
# block no. 3 follows, 3400 sequences, length 8
# corresponding to MSA columns:
# 245-252
name=unknown_D
#
# <colnr> <probs for GDERKNQSTAVLIFYWHMCP>
#	G	D	E	R	K	N	Q	S	T	A	V	L	I	F	Y	W	H	M	C	P
0	0.00023	0.00022	0.00035	0.26956	0.48525	0.01822	0.02127	0.00032	0.11191	0.00031	0.00022	0.02964	0.00018	0.00011	0.00012	3.3e-05	0.06175	0.0001	5.6e-05	0.00014
1	0.88576	0.00019	0.00016	0.00014	0.00020	0.00022	0.00011	0.00032	0.00019	0.11169	0.00017	0.00019	0.00013	9.8e-05	6.8e-05	3.2e-05	8e-05	6.1e-05	7e-05	0.00012
2	0.00019	0.00016	0.00026	0.78823	0.00058	0.00020	0.00024	0.00025	0.00021	0.00027	0.00026	0.05372	0.04292	0.00012	0.00010	3.3e-05	0.00012	0.00011	0.11192	0.00011
3	0.00012	0.00010	0.00011	0.00011	0.00014	8.7e-05	8e-05	0.00015	0.00024	0.00029	0.08275	0.04801	0.86696	0.00026	0.00012	3.5e-05	5.2e-05	0.00022	9.6e-05	8.7e-05
4	0.00019	0.00016	0.01175	0.00017	0.01231	0.02410	0.01971	0.01564	0.31276	0.01598	0.27436	0.01433	0.28584	0.00019	0.00011	3.4e-05	6.9e-05	0.01207	0.00010	0.00012
5	0.02956	0.00013	0.04291	0.01542	0.01232	0.00013	0.01152	0.01534	0.00016	0.00023	0.00026	0.01351	0.00026	0.30301	0.33515	0.18165	0.03818	0.00012	5.5e-05	8e-05
6	0.00021	0.00022	0.00030	0.88442	0.00066	0.11196	0.00027	0.00028	0.00021	0.00026	0.00018	0.00026	0.00014	0.00010	0.00010	3.3e-05	0.00014	8.8e-05	4.6e-05	0.00011
7	0.02010	0.02115	0.06854	0.01093	0.07338	0.00920	0.12041	0.04965	0.01607	0.07172	0.00820	0.05726	0.01067	0.07947	0.18105	6.5e-05	0.18287	0.01164	6.6e-05	0.00758

[dist]
# distance from previous block
# <min> <max>
0	57

# created by:
# /home/cegg/simao/soft/augustus-3.2.1/scripts/msa2prfl.pl ./align_prep/POG091H019C.fa
