[name]
unknown

[dist]
# distance from previous block
# <min> <max>
0	124

[block]
# block no. 0 follows, 3287 sequences, length 13
# corresponding to MSA columns:
# 146-149,151-159
name=unknown_A
#
# <colnr> <probs for GDERKNQSTAVLIFYWHMCP>
#	G	D	E	R	K	N	Q	S	T	A	V	L	I	F	Y	W	H	M	C	P
0	0.00502	0.00410	0.00456	0.02887	0.02335	0.02222	0.00464	0.01136	0.00654	0.01628	0.00633	0.00580	0.00510	0.11312	0.62280	0.01009	0.04264	0.03022	0.00527	0.03170
1	0.03659	0.00878	0.01694	0.21737	0.46480	0.03835	0.09985	0.04828	0.02175	0.01267	0.00020	0.00026	0.00016	0.00011	0.00573	0.00563	0.01589	9.5e-05	5.6e-05	0.00649
2	0.00021	0.00020	0.00032	0.90531	0.03767	0.02186	0.01635	0.00028	0.01626	0.00028	0.00019	0.00028	0.00014	0.00011	0.00011	3.5e-05	0.00014	9.4e-05	4.8e-05	0.00012
3	0.00015	0.00011	0.00013	0.00013	0.00016	0.0001	9.5e-05	0.00931	0.00027	0.01237	0.58657	0.01210	0.32516	0.02580	0.00952	3.7e-05	5.6e-05	0.00879	0.00011	0.00902
4	0.00014	9.8e-05	0.00013	0.00015	0.00016	9.2e-05	0.00010	0.00016	0.01126	0.00029	0.11156	0.73886	0.03924	0.01236	0.00014	4.2e-05	6.3e-05	0.06827	0.01680	8.9e-05
5	0.00013	9.6e-05	0.00012	0.00014	0.00015	8.9e-05	9.6e-05	0.00015	0.00021	0.00028	0.08534	0.72386	0.13769	0.02219	0.01331	4.4e-05	6.4e-05	0.01583	9.8e-05	8.7e-05
6	0.00026	0.00025	0.00043	0.00065	0.99563	0.00025	0.00032	0.00032	0.00024	0.00034	0.00020	0.00026	0.00017	9.4e-05	0.00010	3.1e-05	0.00013	9.4e-05	5.2e-05	0.00017
7	0.00014	9.8e-05	0.00013	0.00014	0.00015	9e-05	9.7e-05	0.00016	0.00021	0.01628	0.04851	0.75668	0.09685	0.04068	0.00915	4.5e-05	6.4e-05	0.01052	0.00872	0.01128
8	0.07023	0.00029	0.00031	0.00024	0.00032	0.00032	0.00019	0.92557	0.00047	0.00065	0.00025	0.00025	0.00017	0.00012	0.00010	3.2e-05	0.00011	9.2e-05	0.00010	0.00017
9	0.99704	0.00020	0.00016	0.00014	0.00020	0.00024	0.00011	0.00031	0.00018	0.00047	0.00015	0.00017	0.00011	9.8e-05	6.5e-05	3.3e-05	8.2e-05	5.7e-05	6.5e-05	0.00011
10	0.03303	0.00051	0.88433	0.01954	0.00045	0.00024	0.01610	0.00034	0.00022	0.04399	0.00020	0.00023	0.00014	0.00010	0.0001	3.3e-05	0.00015	8e-05	4.9e-05	0.00015
11	0.00858	0.00018	0.00660	0.00646	0.00027	0.00623	0.01113	0.05021	0.00955	0.75684	0.04411	0.00044	0.00731	0.01023	0.01129	3.6e-05	9.4e-05	0.07016	0.00012	0.00017
12	0.00014	9.7e-05	0.00012	0.00014	0.00015	9.1e-05	9.3e-05	0.00016	0.00020	0.01318	0.02331	0.71190	0.04948	0.18202	0.00021	5.3e-05	6.9e-05	0.01841	9.3e-05	8.4e-05

[dist]
# distance from previous block
# <min> <max>
3	11

[block]
# block no. 1 follows, 3287 sequences, length 18
# corresponding to MSA columns:
# 172,175,176,178-192
name=unknown_B
#
# <colnr> <probs for GDERKNQSTAVLIFYWHMCP>
#	G	D	E	R	K	N	Q	S	T	A	V	L	I	F	Y	W	H	M	C	P
0	0.42875	0.06061	0.09472	0.01391	0.08469	0.02290	0.06843	0.08108	0.01116	0.05881	0.00964	0.00695	0.00016	0.00011	9e-05	3.2e-05	0.01571	0.00624	6.8e-05	0.03596
1	0.03870	0.01743	0.01246	0.02402	0.01941	0.02459	0.01095	0.02581	0.04274	0.00879	0.07475	0.02544	0.02248	0.40939	0.18047	8.7e-05	0.03101	0.02786	0.00351	9.4e-05
2	0.88806	0.00021	0.00016	0.00575	0.00021	0.01606	0.00012	0.02788	0.00019	0.01314	0.01664	0.00589	0.00658	0.00011	7.2e-05	0.00716	8.4e-05	0.00558	6.8e-05	0.00603
3	0.00013	0.00011	0.00012	0.00012	0.00015	9.6e-05	8.6e-05	0.00016	0.00617	0.00028	0.05516	0.12012	0.65743	0.11292	0.01172	0.00641	0.01605	0.00655	0.00615	8.7e-05
4	0.00703	0.63475	0.02920	0.00438	0.01591	0.15263	0.01068	0.07472	0.00561	0.01079	0.00017	0.00424	0.00015	0.00010	8.9e-05	2.6e-05	0.03966	0.00420	0.00554	0.00014
5	0.01929	0.02475	0.07963	0.04215	0.01077	0.02116	0.01525	0.05820	0.06063	0.07117	0.03251	0.01792	0.04758	0.03325	0.01964	0.00354	0.02745	0.01136	7.4e-05	0.40370
6	0.02577	0.19481	0.17737	0.01390	0.09911	0.05782	0.04823	0.07611	0.03982	0.09982	0.02678	0.00733	0.00764	0.00701	0.00010	3e-05	0.02682	0.00950	6.8e-05	0.08197
7	0.00433	0.00018	0.04199	0.08322	0.02049	0.00505	0.00629	0.02241	0.24484	0.03158	0.34878	0.00528	0.11398	0.01095	0.00391	3.6e-05	0.00469	0.04432	0.00400	0.00369
8	0.00588	0.00011	0.00013	0.00014	0.00016	0.00010	9.9e-05	0.00590	0.03020	0.04440	0.27078	0.32426	0.27190	0.00780	0.00013	3.7e-05	5.9e-05	0.01248	0.01675	0.00868
9	0.03729	0.18935	0.12421	0.05817	0.12350	0.05688	0.08309	0.07500	0.02557	0.07908	0.02673	0.02659	0.02035	0.00826	0.00884	3.4e-05	0.04161	0.01094	0.00437	0.00014
10	0.04109	0.05401	0.07329	0.24946	0.06547	0.03234	0.08514	0.10598	0.03628	0.07204	0.01483	0.01999	0.00317	0.02297	0.03378	0.00505	0.05848	0.01306	0.00472	0.00885
11	0.00015	0.00011	0.00013	0.00014	0.00690	0.00010	0.00010	0.00576	0.01202	0.00925	0.17548	0.14060	0.43635	0.01954	0.06622	4.8e-05	0.00537	0.12153	9.8e-05	9.4e-05
12	0.00996	0.00018	0.00023	0.00018	0.00025	0.00016	0.00015	0.06804	0.01689	0.74422	0.06768	0.00040	0.02126	0.00014	0.00011	3.2e-05	8.5e-05	0.00011	0.06977	0.00017
13	0.06182	0.07075	0.15856	0.16255	0.13934	0.05106	0.09594	0.04470	0.02282	0.07528	0.00586	0.05621	0.00650	0.00013	0.00415	0.00368	0.02918	0.00755	0.00378	0.00014
14	0.01170	0.12263	0.47387	0.01736	0.00558	0.00964	0.28378	0.02582	0.00614	0.01702	0.01164	0.00538	0.00016	0.00010	0.00010	3.3e-05	0.00445	9.2e-05	5.2e-05	0.00446
15	0.00014	0.00011	0.00012	0.00012	0.00015	9.4e-05	8.8e-05	0.00017	0.00853	0.00922	0.22920	0.06721	0.66581	0.00838	0.00013	3.6e-05	5.5e-05	0.01026	0.00010	9.3e-05
16	0.02536	0.00469	0.01647	0.03801	0.47255	0.00021	0.02138	0.02605	0.01229	0.25038	0.03805	0.04155	0.02932	0.00351	0.00539	3.4e-05	0.00402	0.00577	0.00479	0.00016
17	0.01111	0.05662	0.41273	0.03755	0.07310	0.01789	0.09005	0.08148	0.03939	0.08060	0.01278	0.01721	0.01123	0.00404	0.00391	3.4e-05	0.02249	0.00403	6.4e-05	0.02371

[dist]
# distance from previous block
# <min> <max>
3	8

[block]
# block no. 2 follows, 3287 sequences, length 18
# corresponding to MSA columns:
# 212-229
name=unknown_C
#
# <colnr> <probs for GDERKNQSTAVLIFYWHMCP>
#	G	D	E	R	K	N	Q	S	T	A	V	L	I	F	Y	W	H	M	C	P
0	0.84667	0.05809	0.01182	0.00879	0.00891	0.01904	0.01123	0.00877	0.00540	0.00704	0.00015	0.00018	0.00012	9.9e-05	7e-05	3.2e-05	0.00565	6e-05	0.00775	0.00012
1	0.00797	0.00012	0.00015	0.00014	0.00555	0.00421	0.00010	0.00480	0.05183	0.05130	0.55685	0.02419	0.21725	0.00766	0.01237	3.6e-05	0.00527	0.00660	0.04350	0.00011
2	0.01103	0.01956	0.48879	0.00843	0.01054	0.01267	0.41600	0.01917	0.00024	0.00628	0.00020	0.00025	0.00015	9.7e-05	0.00011	3.4e-05	0.00615	9.8e-05	5e-05	0.00015
3	0.00014	0.00011	0.00013	0.00013	0.00016	9.8e-05	9.7e-05	0.00019	0.01542	0.00807	0.51846	0.10531	0.30534	0.00747	0.00013	3.6e-05	5.5e-05	0.03124	0.00732	9.6e-05
4	0.32980	0.00019	0.00021	0.00017	0.00024	0.00019	0.00014	0.06081	0.00994	0.51250	0.01786	0.00031	0.00909	0.00012	9.1e-05	3.2e-05	8.5e-05	9.1e-05	0.05798	0.00015
5	0.00014	0.00011	0.00012	0.00013	0.00015	9.5e-05	9.3e-05	0.00018	0.00964	0.01648	0.27508	0.17544	0.48565	0.00026	0.00013	3.6e-05	5.6e-05	0.02794	0.00819	9.4e-05
6	0.00015	0.00011	0.00014	0.00013	0.00016	0.00010	0.00010	0.00021	0.01221	0.01217	0.92331	0.00079	0.02967	0.00022	0.00012	3.4e-05	5.2e-05	0.02009	0.00012	0.00010
7	0.00014	0.00011	0.00013	0.00012	0.00015	0.01139	9.2e-05	0.00019	0.01571	0.00035	0.44156	0.01793	0.45667	0.00024	0.00012	3.4e-05	5.4e-05	0.00872	0.04617	9.6e-05
8	0.99704	0.00020	0.00016	0.00014	0.00020	0.00024	0.00011	0.00031	0.00018	0.00047	0.00015	0.00017	0.00011	9.8e-05	6.5e-05	3.3e-05	8.2e-05	5.7e-05	6.5e-05	0.00011
9	0.92738	0.00020	0.00016	0.00014	0.00021	0.00023	0.00012	0.02063	0.00019	0.04973	0.00016	0.00018	0.00012	0.00010	6.8e-05	3.3e-05	8.3e-05	6e-05	6.9e-05	0.00012
10	0.99704	0.00020	0.00016	0.00014	0.00020	0.00024	0.00011	0.00031	0.00018	0.00047	0.00015	0.00017	0.00011	9.8e-05	6.5e-05	3.3e-05	8.2e-05	5.7e-05	6.5e-05	0.00011
11	0.00039	0.00050	0.00030	0.00027	0.00033	0.99587	0.00020	0.00042	0.00030	0.00026	0.00016	0.00019	0.00014	0.00011	9.5e-05	2.7e-05	0.00019	6.8e-05	5.4e-05	0.00012
12	0.00013	0.00010	0.00012	0.00012	0.00014	9.3e-05	8.6e-05	0.00016	0.00022	0.00027	0.01120	0.19529	0.55185	0.16445	0.02305	0.00833	7e-05	0.04415	9.1e-05	8.4e-05
13	0.00016	0.00010	0.00013	0.00013	0.00013	0.00010	8e-05	0.00016	0.00016	0.00888	0.01071	0.02745	0.05607	0.53890	0.04176	0.29571	0.00642	0.00669	0.00622	6.4e-05
14	0.00020	0.00019	0.00032	0.99604	0.00073	0.00023	0.00029	0.00027	0.00021	0.00027	0.00019	0.00028	0.00014	0.00011	0.00011	3.5e-05	0.00014	9.4e-05	4.7e-05	0.00012
15	0.99704	0.00020	0.00016	0.00014	0.00020	0.00024	0.00011	0.00031	0.00018	0.00047	0.00015	0.00017	0.00011	9.8e-05	6.5e-05	3.3e-05	8.2e-05	5.7e-05	6.5e-05	0.00011
16	0.01141	0.00475	0.07250	0.10718	0.05465	0.01358	0.02459	0.02066	0.02125	0.26567	0.19535	0.10294	0.03777	0.01426	0.00464	3.6e-05	0.01319	0.03206	9.5e-05	0.00341
17	0.05782	0.02198	0.11341	0.02490	0.05842	0.03624	0.10352	0.15951	0.13750	0.17411	0.00790	0.02031	0.02654	0.00355	0.00361	3.4e-05	0.00750	0.01064	8.5e-05	0.03241

[dist]
# distance from previous block
# <min> <max>
4	10

[block]
# block no. 3 follows, 3287 sequences, length 25
# corresponding to MSA columns:
# 314-331,347-353
name=unknown_D
#
# <colnr> <probs for GDERKNQSTAVLIFYWHMCP>
#	G	D	E	R	K	N	Q	S	T	A	V	L	I	F	Y	W	H	M	C	P
0	0.01110	0.00020	0.01689	0.86829	0.00767	0.00397	0.00504	0.01674	0.00815	0.01024	0.00020	0.00028	0.00810	0.00011	0.00368	3.5e-05	0.00394	9.3e-05	5e-05	0.03523
1	0.00986	0.01903	0.00311	0.00447	0.00024	0.00580	0.00809	0.06970	0.15594	0.34166	0.30659	0.00668	0.02251	0.00377	0.01627	3.6e-05	8.2e-05	0.00955	0.00011	0.01651
2	0.00624	0.00424	0.04449	0.12827	0.09051	0.00658	0.13596	0.08680	0.35731	0.02120	0.06142	0.01028	0.01601	0.00013	0.00011	3.5e-05	0.00513	0.01874	8.3e-05	0.00646
3	0.26768	0.00020	0.00022	0.00018	0.00025	0.00824	0.00015	0.07555	0.00028	0.62405	0.01462	0.00031	0.00023	0.00012	9.5e-05	3.2e-05	9e-05	9.3e-05	0.00746	0.00016
4	0.00028	0.95659	0.00054	0.00018	0.00027	0.00041	0.00018	0.00031	0.00021	0.00025	0.00015	0.00017	0.00014	9.4e-05	7.9e-05	2.4e-05	0.03988	5.8e-05	4.5e-05	0.00013
5	0.00378	0.00020	0.02137	0.00405	0.01111	0.04878	0.12715	0.05359	0.02224	0.00029	0.00355	0.00034	0.00022	0.00408	0.51110	0.00011	0.18415	0.00011	0.00368	0.00011
6	0.00017	0.00012	0.00016	0.00017	0.00020	0.00012	0.00015	0.00022	0.03168	0.01299	0.04981	0.02872	0.20486	0.00028	0.00014	4.4e-05	8.4e-05	0.66990	9.9e-05	9.9e-05
7	0.96462	0.00021	0.00016	0.00014	0.00021	0.00024	0.00012	0.01678	0.00019	0.01638	0.00015	0.00018	0.00012	9.9e-05	6.7e-05	3.3e-05	8.2e-05	5.9e-05	6.7e-05	0.00012
8	0.00017	0.00012	0.00017	0.00019	0.00022	0.00012	0.00017	0.00023	0.03044	0.00032	0.00959	0.00925	0.03314	0.00029	0.00014	4.8e-05	9.5e-05	0.91510	9.8e-05	9.9e-05
9	0.00013	9.5e-05	0.00012	0.00015	0.00016	9e-05	0.00010	0.00016	0.01315	0.00028	0.01127	0.88556	0.03943	0.00032	0.00013	4.2e-05	6.2e-05	0.03262	0.01604	8.8e-05
10	0.25029	0.00019	0.00022	0.00018	0.00025	0.00018	0.00015	0.04122	0.00028	0.69539	0.00034	0.00031	0.00022	0.00012	9.6e-05	3.3e-05	8.8e-05	9.3e-05	0.01018	0.00016
11	0.00026	0.00022	0.00024	0.00021	0.00027	0.00026	0.00016	0.00055	0.97238	0.00044	0.00044	0.00041	0.02339	0.00015	0.00011	3.6e-05	8.3e-05	0.00012	0.00011	0.00017
12	0.00016	0.00011	0.00014	0.00013	0.00016	0.00010	0.00010	0.00537	0.01855	0.01584	0.73743	0.02890	0.13110	0.00513	0.00013	3.5e-05	5.4e-05	0.04306	0.01337	0.00010
13	0.00015	0.00012	0.00015	0.00016	0.00019	0.00011	0.02005	0.00019	0.00024	0.00030	0.00956	0.02143	0.40361	0.00028	0.00014	4.3e-05	8e-05	0.54300	9.7e-05	9.5e-05
14	0.00039	0.00050	0.00030	0.00027	0.00033	0.99587	0.00020	0.00042	0.00030	0.00026	0.00016	0.00019	0.00014	0.00011	9.5e-05	2.7e-05	0.00019	6.8e-05	5.4e-05	0.00012
15	0.17122	0.00020	0.00022	0.00018	0.00025	0.00020	0.00015	0.21819	0.01053	0.45451	0.00032	0.00031	0.00022	0.00012	9.4e-05	3.1e-05	8.8e-05	9.4e-05	0.14291	0.00016
16	0.00013	9.6e-05	0.00012	0.00014	0.00016	8.9e-05	0.0001	0.00016	0.00651	0.00028	0.02438	0.81284	0.09565	0.00698	0.00014	4.2e-05	6.2e-05	0.04549	0.00654	8.7e-05
17	0.01019	0.00017	0.00023	0.00776	0.00025	0.00015	0.00015	0.01573	0.03291	0.70298	0.04568	0.01239	0.00568	0.01032	0.10370	4.8e-05	0.00011	0.04446	0.00340	0.00370
18	0.00014	0.00010	0.00013	0.00015	0.00016	9.5e-05	0.00011	0.00017	0.01165	0.00029	0.08232	0.68122	0.05317	0.01105	0.00014	4.3e-05	6.6e-05	0.15880	9.9e-05	9e-05
19	0.00871	0.01339	0.03317	0.16567	0.06490	0.00355	0.51646	0.08733	0.00292	0.06436	0.00023	0.00424	0.00017	0.00279	0.01080	3.6e-05	0.00582	0.00956	0.00575	0.00014
20	0.06357	0.58402	0.08913	0.00020	0.00437	0.05565	0.01283	0.07652	0.03306	0.04378	0.00443	0.00910	0.00016	0.00011	0.00346	0.00621	0.00012	0.01307	5.9e-05	0.00014
21	0.01981	0.00018	0.00318	0.00829	0.00909	0.00860	0.00015	0.11878	0.04328	0.50965	0.06191	0.01767	0.06137	0.08549	0.02168	4.2e-05	9.4e-05	0.01115	0.01944	0.00015
22	0.00014	9.5e-05	0.00012	0.00014	0.00015	9e-05	9.5e-05	0.00015	0.00020	0.00027	0.01151	0.74507	0.05156	0.12017	0.00018	4.9e-05	6.7e-05	0.04075	0.02911	8.4e-05
23	0.01353	0.02587	0.57077	0.10794	0.03092	0.03144	0.05306	0.01719	0.03699	0.00288	0.01932	0.00951	0.01624	0.00325	0.00011	3.4e-05	0.04299	0.00686	0.01094	0.00014
24	0.02208	0.01243	0.01669	0.21552	0.22351	0.04296	0.12143	0.11617	0.03994	0.07378	0.01459	0.00332	0.00933	0.00528	0.01037	3.6e-05	0.06569	0.00303	0.00372	0.00014

[dist]
# distance from previous block
# <min> <max>
4	10

[block]
# block no. 4 follows, 3287 sequences, length 62
# corresponding to MSA columns:
# 372-380,382,384-386,388-394,472-490,492,493,497-517
name=unknown_E
#
# <colnr> <probs for GDERKNQSTAVLIFYWHMCP>
#	G	D	E	R	K	N	Q	S	T	A	V	L	I	F	Y	W	H	M	C	P
0	0.00411	0.00021	0.00023	0.00300	0.00026	0.00954	0.00016	0.05766	0.53273	0.27996	0.06558	0.00492	0.00034	0.00014	0.00011	3.4e-05	8.5e-05	0.00012	0.03604	0.00478
1	0.00293	0.00179	0.04408	0.66843	0.05717	0.01057	0.02689	0.00699	0.01654	0.01237	0.07768	0.00549	0.03865	0.00013	0.00385	3.5e-05	0.01769	0.00183	0.00674	0.00012
2	0.00016	0.00011	0.00014	0.00014	0.00016	0.00010	0.00010	0.00021	0.02961	0.04863	0.68268	0.13882	0.08546	0.00023	0.00012	3.5e-05	5.5e-05	0.00581	0.00456	0.00284
3	0.00018	0.00017	0.00030	0.00026	0.00030	0.00016	0.31858	0.00024	0.00259	0.00199	0.04371	0.21430	0.02094	0.05603	0.01988	4.8e-05	0.00388	0.31627	8.1e-05	0.00011
4	0.00538	0.00026	0.00028	0.00023	0.00030	0.00030	0.00018	0.56646	0.40662	0.00591	0.00308	0.00031	0.00024	0.00013	0.00011	3.3e-05	0.00010	0.00011	0.00978	0.00017
5	0.02236	0.00021	0.00026	0.00020	0.00028	0.01243	0.01743	0.16209	0.00827	0.69970	0.00036	0.00032	0.00023	0.00012	0.00010	3.1e-05	9.6e-05	0.0001	0.00012	0.07529
6	0.00014	0.00011	0.00012	0.00012	0.01153	0.00275	8.6e-05	0.00429	0.00661	0.00029	0.06791	0.10399	0.66251	0.12373	0.00670	0.00181	6.4e-05	0.00707	9.4e-05	8.8e-05
7	0.01969	0.01690	0.16889	0.08993	0.04192	0.03992	0.05007	0.08222	0.08026	0.11891	0.05741	0.00391	0.00483	0.01916	0.00011	3.1e-05	0.00666	0.00717	7.5e-05	0.19195
8	0.01406	0.00012	0.00015	0.00017	0.00019	0.00975	0.00014	0.01927	0.00505	0.01642	0.06229	0.07801	0.14025	0.02062	0.00014	4.4e-05	8.3e-05	0.56002	0.07311	9.8e-05
9	0.14381	0.08295	0.12070	0.07319	0.05936	0.11387	0.06279	0.03848	0.03195	0.02848	0.01638	0.02824	0.01611	0.01419	0.00118	3.1e-05	0.01613	0.00904	6.4e-05	0.14306
10	0.15074	0.02529	0.14072	0.00411	0.01918	0.01247	0.31126	0.10606	0.04721	0.08931	0.00023	0.00203	0.00017	0.00010	0.00010	3.2e-05	0.00520	0.00153	7e-05	0.08420
11	0.00016	0.00012	0.00014	0.00013	0.00016	0.00011	0.00010	0.04683	0.00028	0.00285	0.51768	0.04265	0.27425	0.04819	0.00446	0.00687	6.1e-05	0.05001	0.00486	9.8e-05
12	0.05036	0.00015	0.00018	0.00016	0.00021	0.00015	0.00012	0.02011	0.09164	0.40952	0.10815	0.02616	0.01953	0.01057	0.00010	3.2e-05	7.3e-05	0.00012	0.26252	0.00014
13	0.00022	0.11349	0.75836	0.02508	0.04271	0.00233	0.00307	0.00978	0.00779	0.00742	0.01406	0.00533	0.00015	0.00010	9.9e-05	3.2e-05	0.00515	8e-05	4.8e-05	0.00469
14	0.01446	0.02616	0.01867	0.00245	0.00153	0.03322	0.01834	0.08932	0.07328	0.02003	0.03888	0.10958	0.00863	0.03666	0.01062	3.1e-05	0.04442	0.00200	0.00214	0.44957
15	0.00016	0.00011	0.00016	0.00015	0.00017	0.00515	0.00011	0.00018	0.00017	0.01575	0.00604	0.00927	0.01758	0.28701	0.64150	0.00014	0.01410	0.00209	6.1e-05	8.7e-05
16	0.00253	0.05629	0.00963	0.01495	0.01808	0.06947	0.00014	0.23279	0.07284	0.01222	0.03311	0.02577	0.43470	0.00019	0.00012	3.4e-05	0.01676	0.00016	9.2e-05	0.00013
17	0.00022	0.00019	0.00031	0.45405	0.13790	0.00269	0.05358	0.03220	0.00161	0.02523	0.01050	0.00475	0.00406	0.00307	0.07158	0.08057	0.01780	0.00540	0.00755	0.08675
18	0.03395	0.14186	0.01822	0.46464	0.01172	0.00906	0.02545	0.02678	0.01046	0.06087	0.00376	0.10208	0.00310	0.00014	0.00490	0.03494	0.01465	0.00383	6.1e-05	0.02952
19	0.01470	0.05320	0.07848	0.46211	0.23709	0.01385	0.01464	0.00475	0.02445	0.06904	0.00448	0.00392	0.00017	0.00521	0.00011	3.3e-05	0.00767	9.3e-05	5.7e-05	0.00594
20	0.00643	0.00017	0.00023	0.00018	0.00026	0.00015	0.00015	0.00314	0.00852	0.89754	0.01906	0.00040	0.03652	0.01153	0.00011	3.4e-05	8.8e-05	0.01086	0.00443	0.00017
21	0.00172	0.02165	0.07335	0.01446	0.01869	0.05971	0.02061	0.00301	0.01308	0.00362	0.14887	0.13112	0.41533	0.00304	0.00012	3.6e-05	0.01050	0.05971	0.00127	0.00010
22	0.00436	0.03518	0.07576	0.50512	0.07950	0.01807	0.05612	0.10212	0.00451	0.03561	0.00021	0.01756	0.00016	0.00012	0.00946	3.6e-05	0.05580	9.7e-05	5.8e-05	0.00013
23	0.00374	0.01478	0.02713	0.00609	0.00214	0.00223	0.02021	0.01373	0.01015	0.10342	0.00025	0.08616	0.00815	0.00198	0.15641	6.2e-05	0.52263	0.01036	0.01025	0.00012
24	0.00014	9.8e-05	0.00013	0.01091	0.00016	9.3e-05	0.00363	0.00016	0.00020	0.00027	0.00305	0.78681	0.01494	0.07028	0.00016	4.7e-05	6.9e-05	0.10865	9.5e-05	8.6e-05
25	0.01702	0.07063	0.57141	0.07331	0.04956	0.05539	0.01402	0.06531	0.01016	0.06417	0.00233	0.00335	0.00015	0.00011	9.9e-05	3.2e-05	0.00014	8.2e-05	0.00256	0.00015
26	0.00492	0.02113	0.12657	0.04644	0.50336	0.08551	0.08160	0.03169	0.00539	0.06686	0.00170	0.00752	0.00134	0.00010	0.00011	3.2e-05	0.01169	0.00382	5.9e-05	0.00016
27	0.81345	0.01375	0.00530	0.00988	0.06800	0.06044	0.00227	0.00530	0.00163	0.00214	0.00015	0.00018	0.00012	0.00010	7.5e-05	3.2e-05	0.01545	0.00155	6.3e-05	0.00012
28	0.00739	0.04370	0.08124	0.53264	0.12535	0.02640	0.01265	0.00190	0.01438	0.00804	0.00415	0.00283	0.00336	0.00992	0.07830	0.00235	0.01403	0.01717	0.01409	0.00013
29	0.00015	0.00011	0.00014	0.00013	0.00016	0.00010	9.7e-05	0.00312	0.01463	0.00613	0.74402	0.01251	0.21267	0.00323	0.00013	3.4e-05	5.2e-05	0.00240	0.00011	9.9e-05
30	0.00016	0.00011	0.00014	0.00013	0.00016	0.00010	0.00010	0.00249	0.00808	0.02673	0.83641	0.04436	0.03442	0.00022	0.00012	3.3e-05	5.2e-05	0.00238	0.04370	0.00010
31	0.00013	0.00011	0.00011	0.00011	0.00014	9.1e-05	8.2e-05	0.00016	0.00024	0.00029	0.09855	0.03917	0.76846	0.08831	0.00016	4.2e-05	5.8e-05	0.00360	9.7e-05	8.8e-05
32	0.00015	0.00010	0.00012	0.00012	0.00012	0.00010	7.1e-05	0.00258	0.00017	0.00310	0.01856	0.09534	0.02287	0.82045	0.00046	9.1e-05	9.5e-05	0.01691	0.01852	6.9e-05
33	0.28392	0.00020	0.00022	0.00018	0.00025	0.00020	0.00015	0.13848	0.00754	0.52034	0.03704	0.00031	0.00024	0.00012	9.5e-05	3.2e-05	8.9e-05	9.4e-05	0.01035	0.00016
34	0.40260	0.00019	0.00021	0.00017	0.00024	0.00019	0.00014	0.00714	0.00819	0.55576	0.00030	0.00028	0.00020	0.00012	8.9e-05	3.2e-05	8.6e-05	8.6e-05	0.02383	0.00015
35	0.99704	0.00020	0.00016	0.00014	0.00020	0.00024	0.00011	0.00031	0.00018	0.00047	0.00015	0.00017	0.00011	9.8e-05	6.5e-05	3.3e-05	8.2e-05	5.7e-05	6.5e-05	0.00011
36	0.00027	0.00022	0.00023	0.00021	0.00026	0.03644	0.00016	0.02081	0.77933	0.04359	0.01436	0.01332	0.05231	0.00016	0.00011	3.6e-05	8.6e-05	0.03288	0.00508	0.00016
37	0.93677	0.00021	0.00016	0.00014	0.00021	0.00024	0.00012	0.03620	0.01060	0.00048	0.00016	0.00018	0.00012	0.00011	0.01394	3.5e-05	8.6e-05	6e-05	6.7e-05	0.00012
38	0.00035	0.00040	0.00969	0.01250	0.00032	0.63392	0.03463	0.09875	0.00030	0.01168	0.00023	0.04058	0.01154	0.00014	0.00012	3.2e-05	0.08418	0.05659	0.00395	0.00013
39	0.00022	0.00019	0.00022	0.00016	0.00025	0.00014	0.00013	0.00822	0.00022	0.00881	0.00019	0.00022	0.00016	7.9e-05	7.9e-05	1.6e-05	7.9e-05	6.3e-05	6.3e-05	0.98049
40	0.00015	0.00011	0.00014	0.00014	0.00015	0.00012	9.7e-05	0.00017	0.00016	0.00023	0.00032	0.02059	0.00446	0.50550	0.45061	0.00013	0.00958	0.00307	0.00420	7.9e-05
41	0.00015	0.00010	0.00012	0.00012	0.00012	0.00010	6.8e-05	0.00016	0.00016	0.00022	0.05916	0.03235	0.00043	0.89113	0.00049	9.5e-05	9.7e-05	0.00526	0.00960	6.7e-05
42	0.00031	0.00025	0.00026	0.00022	0.00029	0.00028	0.00018	0.31723	0.67317	0.00051	0.00037	0.00035	0.00028	0.00014	0.00011	3.4e-05	9.4e-05	0.00011	0.00565	0.00017
43	0.00026	0.00023	0.00024	0.00022	0.00028	0.00026	0.00017	0.01578	0.98022	0.00044	0.00043	0.00039	0.00032	0.00014	0.00011	3.6e-05	8.4e-05	0.00012	0.00011	0.00017
44	0.00028	0.99636	0.00055	0.00018	0.00027	0.00042	0.00018	0.00032	0.00021	0.00025	0.00015	0.00017	0.00014	9e-05	6.8e-05	2.3e-05	0.00011	5.6e-05	4.5e-05	0.00014
45	0.00029	0.00024	0.00025	0.00022	0.00028	0.00027	0.00017	0.25369	0.68876	0.00389	0.00038	0.00037	0.00029	0.00016	0.03380	3.9e-05	9.9e-05	0.01651	0.00011	0.00017
46	0.13489	0.00019	0.00023	0.00018	0.00026	0.00019	0.00015	0.00682	0.22099	0.55100	0.04599	0.00036	0.00028	0.00013	0.00010	3.3e-05	8.5e-05	0.00010	0.00366	0.03435
47	0.02072	0.00019	0.00025	0.00019	0.00027	0.00018	0.00016	0.10610	0.02784	0.80378	0.01445	0.00037	0.01792	0.00013	0.00011	3.3e-05	9.1e-05	0.00693	0.00012	0.00017
48	0.00401	0.00017	0.00021	0.00017	0.00023	0.00016	0.00014	0.10681	0.04219	0.48262	0.19182	0.00046	0.02634	0.00015	0.00011	3.2e-05	7.8e-05	0.00492	0.13926	0.00015
49	0.00015	0.00012	0.00019	0.00018	0.00020	0.01235	0.12180	0.00017	0.00021	0.00028	0.01608	0.83309	0.01104	0.00030	0.00013	4.2e-05	7.7e-05	0.00341	9.2e-05	9.3e-05
50	0.00020	0.00019	0.00031	0.96773	0.00612	0.00023	0.00029	0.00027	0.00021	0.00027	0.00019	0.01253	0.00015	0.00011	0.00011	3.5e-05	0.00431	0.00658	4.8e-05	0.00012
51	0.21947	0.00019	0.00023	0.00018	0.00025	0.00018	0.00015	0.01549	0.00331	0.75124	0.00419	0.00032	0.00023	0.00012	9.7e-05	3.3e-05	8.8e-05	9.6e-05	0.00398	0.00016
52	0.00164	0.00014	0.00149	0.00419	0.01073	0.01207	0.00208	0.03720	0.00491	0.23773	0.12190	0.14849	0.38804	0.00023	0.00012	3.6e-05	0.00159	0.01823	0.00907	0.00012
53	0.00021	0.00054	0.98056	0.00030	0.00046	0.00964	0.00618	0.00033	0.00022	0.00033	0.00019	0.00022	0.00013	0.00010	0.00010	3.3e-05	0.00016	7.8e-05	4.5e-05	0.00016
54	0.00014	0.00011	0.00012	0.00013	0.00016	9.9e-05	9.9e-05	0.00552	0.02012	0.00030	0.06731	0.10850	0.63303	0.01104	0.00013	3.9e-05	6.2e-05	0.15019	0.00282	9.2e-05
55	0.26047	0.10225	0.29914	0.01925	0.08804	0.09656	0.04828	0.02067	0.00550	0.00727	0.00018	0.00021	0.00173	0.00010	0.00010	3.2e-05	0.04832	7.5e-05	0.00168	0.00014
56	0.00042	0.00017	0.00022	0.00018	0.00025	0.00015	0.00014	0.04379	0.01754	0.75643	0.02685	0.00037	0.00352	0.00013	0.00010	3.1e-05	8.4e-05	0.00011	0.14934	0.00016
57	0.01173	0.68418	0.20430	0.00022	0.00619	0.02334	0.03739	0.01605	0.00300	0.00708	0.00183	0.00019	0.00014	9.4e-05	7.9e-05	2.6e-05	0.00223	6.5e-05	0.00173	0.00014
58	0.01134	0.00015	0.04324	0.00015	0.00020	0.00012	0.00161	0.00298	0.00683	0.26356	0.42908	0.08029	0.11330	0.00020	0.00335	3.5e-05	6.9e-05	0.02243	0.02093	0.00012
59	0.00014	0.00011	0.00013	0.00013	0.00016	9.5e-05	9.9e-05	0.00017	0.00025	0.00033	0.31185	0.21061	0.36514	0.01075	0.00013	3.8e-05	5.9e-05	0.09962	0.00010	9.2e-05
60	0.00014	9.6e-05	0.00012	0.00014	0.00015	9e-05	9.5e-05	0.00015	0.00020	0.00706	0.02568	0.72493	0.09734	0.10328	0.00631	4.9e-05	6.7e-05	0.02528	0.00874	8.5e-05
61	0.00707	0.00021	0.00034	0.00049	0.66938	0.00021	0.00026	0.01052	0.00024	0.00754	0.04887	0.10203	0.00239	0.00251	0.00191	3.6e-05	0.00011	0.14568	6.8e-05	0.00014

[dist]
# distance from previous block
# <min> <max>
3	5

[block]
# block no. 5 follows, 3287 sequences, length 15
# corresponding to MSA columns:
# 532,536-539,541-544,551-556
name=unknown_F
#
# <colnr> <probs for GDERKNQSTAVLIFYWHMCP>
#	G	D	E	R	K	N	Q	S	T	A	V	L	I	F	Y	W	H	M	C	P
0	0.00016	0.00012	0.01682	0.00014	0.00017	0.00011	0.00011	0.00021	0.02462	0.01498	0.90438	0.00077	0.03660	0.00021	0.00012	3.3e-05	5.3e-05	0.00019	0.00011	0.00010
1	0.00717	0.89643	0.01489	0.00019	0.00958	0.02497	0.00772	0.00939	0.00022	0.01474	0.00016	0.00018	0.00014	9.3e-05	7.1e-05	2.4e-05	0.00011	0.00694	0.00684	0.00014
2	0.94059	0.00020	0.00016	0.00014	0.00020	0.00023	0.00011	0.00031	0.00018	0.02777	0.00016	0.00018	0.00012	0.0001	6.7e-05	3.2e-05	8.1e-05	6e-05	0.02917	0.00012
3	0.00014	0.00011	0.00013	0.00013	0.00016	9.7e-05	9.6e-05	0.00019	0.00028	0.00038	0.71430	0.04145	0.22477	0.00023	0.00013	3.4e-05	5.2e-05	0.01711	0.00011	9.7e-05
4	0.00015	0.00011	0.00016	0.00016	0.00018	0.00013	0.00012	0.00018	0.00017	0.00024	0.00030	0.03989	0.00030	0.14153	0.81571	0.00016	0.00025	0.00013	5.9e-05	9e-05
5	0.00032	0.38995	0.03137	0.00022	0.00030	0.12032	0.00019	0.22855	0.18778	0.02960	0.01031	0.00025	0.00019	0.00011	9e-05	2.8e-05	0.00012	8.2e-05	7.5e-05	0.00015
6	0.04047	0.07545	0.02697	0.01958	0.18088	0.00479	0.00538	0.15572	0.00794	0.41941	0.00700	0.00799	0.00022	0.00644	0.00011	3.2e-05	0.01641	0.01155	0.01351	0.00016
7	0.00028	0.95150	0.02311	0.00018	0.00027	0.00041	0.00018	0.00032	0.00021	0.00025	0.00015	0.00017	0.00014	9e-05	6.9e-05	2.3e-05	0.00011	5.7e-05	4.6e-05	0.02243
8	0.00022	0.00019	0.00022	0.00016	0.00025	0.00014	0.00013	0.00027	0.00022	0.00034	0.00019	0.00022	0.00016	7.8e-05	7.8e-05	1.6e-05	7.8e-05	6.3e-05	6.3e-05	0.99694
9	0.00025	0.00027	0.13603	0.19055	0.26827	0.07729	0.03250	0.04323	0.00677	0.05617	0.06913	0.02095	0.02372	0.01631	0.00533	3.5e-05	0.02026	0.02836	0.00443	0.00014
10	0.00415	0.00434	0.01006	0.02098	0.47117	0.00583	0.05471	0.01082	0.10156	0.01366	0.10482	0.05399	0.07833	0.00521	0.01198	3.5e-05	0.01220	0.00413	0.03189	0.00014
11	0.00029	0.31746	0.00663	0.00456	0.00462	0.36700	0.00447	0.00628	0.00508	0.00630	0.01607	0.02632	0.00489	0.05321	0.08104	4.4e-05	0.08616	8.5e-05	0.00939	0.00012
12	0.00500	0.03643	0.03899	0.01108	0.11004	0.01367	0.00859	0.08761	0.01232	0.08809	0.02900	0.01054	0.00447	0.00010	9.1e-05	2.3e-05	0.00570	0.00420	0.00450	0.52955
13	0.02334	0.38465	0.08253	0.00553	0.04137	0.18604	0.01245	0.09393	0.08427	0.01952	0.00020	0.00560	0.00017	0.00012	0.00663	3e-05	0.04849	0.00493	6.1e-05	0.00014
14	0.00046	0.00019	0.00025	0.00019	0.00027	0.01149	0.00016	0.01194	0.03402	0.91105	0.01228	0.00036	0.00027	0.00013	0.00011	3.3e-05	0.01639	0.00011	0.00013	0.00018

[dist]
# distance from previous block
# <min> <max>
0	2

[block]
# block no. 6 follows, 3287 sequences, length 14
# corresponding to MSA columns:
# 559-571,576
name=unknown_G
#
# <colnr> <probs for GDERKNQSTAVLIFYWHMCP>
#	G	D	E	R	K	N	Q	S	T	A	V	L	I	F	Y	W	H	M	C	P
0	0.00022	0.00022	0.08273	0.07968	0.23730	0.00692	0.04906	0.01097	0.19077	0.00751	0.25624	0.01407	0.03315	0.00546	0.00488	3.5e-05	0.00877	0.00720	0.00469	0.00014
1	0.00021	0.00019	0.00032	0.28689	0.43429	0.00021	0.01129	0.00027	0.00022	0.00030	0.00029	0.14888	0.01764	0.02689	0.00013	3.7e-05	0.00833	0.05516	6.1e-05	0.00837
2	0.00015	0.00011	0.00015	0.00015	0.00016	0.00012	0.00011	0.00017	0.00017	0.00024	0.01364	0.10170	0.05467	0.29769	0.49758	0.00012	0.01319	0.00966	0.01013	8.4e-05
3	0.00689	0.41608	0.16658	0.02353	0.06154	0.03573	0.02102	0.07387	0.05856	0.03176	0.00754	0.00918	0.00494	0.00753	0.00551	3e-05	0.01810	0.00726	0.00404	0.04033
4	0.00495	0.02318	0.17195	0.11930	0.11213	0.03843	0.08037	0.09806	0.17906	0.02899	0.01574	0.00670	0.00516	0.00832	0.01229	3.7e-05	0.08400	0.00629	0.00489	0.00015
5	0.00013	0.00010	0.00012	0.00014	0.00015	9.1e-05	9.6e-05	0.00016	0.01493	0.00029	0.08012	0.57447	0.30251	0.00030	0.00013	4e-05	5.9e-05	0.02597	0.0001	8.9e-05
6	0.02430	0.04149	0.01213	0.00996	0.01224	0.05116	0.00733	0.34543	0.44396	0.01005	0.00553	0.00031	0.00024	0.00013	0.00011	3.3e-05	0.01555	0.00010	0.00989	0.01005
7	0.00793	0.00013	0.00018	0.00017	0.00019	0.00015	0.01466	0.00020	0.00017	0.00625	0.00662	0.00891	0.01986	0.20772	0.57157	0.00013	0.11954	0.01448	0.00617	0.01498
8	0.03978	0.25764	0.04432	0.05488	0.05870	0.08231	0.10052	0.06518	0.02008	0.03403	0.01596	0.06441	0.05123	0.00708	0.00444	3.3e-05	0.01206	0.08715	6.8e-05	0.00013
9	0.00588	0.26014	0.51421	0.03233	0.01453	0.00029	0.08234	0.00815	0.02236	0.00645	0.00618	0.00632	0.00016	0.00011	0.00795	3.2e-05	0.02340	0.00896	4.9e-05	0.00015
10	0.00684	0.00013	0.00017	0.00015	0.00019	0.00012	0.00011	0.01732	0.00925	0.22819	0.54647	0.03980	0.08752	0.02108	0.00745	3.6e-05	6.5e-05	0.02578	0.00924	0.00012
11	0.00013	0.00010	0.00012	0.00946	0.00016	9.3e-05	9.9e-05	0.00016	0.00920	0.00028	0.04149	0.58344	0.27793	0.01138	0.03427	4.5e-05	6.9e-05	0.03137	9.6e-05	8.9e-05
12	0.01086	0.12564	0.18417	0.04887	0.06775	0.08662	0.10219	0.11586	0.08753	0.09346	0.03503	0.00828	0.01898	0.00012	0.00010	3.2e-05	0.00842	0.00588	7.2e-05	0.00015
13	0.02766	0.07387	0.04203	0.28054	0.35127	0.05026	0.08154	0.00893	0.00023	0.00586	0.00020	0.01052	0.00017	0.00011	0.00531	0.00840	0.02889	0.02403	5.3e-05	0.00014

[dist]
# distance from previous block
# <min> <max>
0	1

[block]
# block no. 7 follows, 3287 sequences, length 25
# corresponding to MSA columns:
# 585-591,602-604,612-626
name=unknown_H
#
# <colnr> <probs for GDERKNQSTAVLIFYWHMCP>
#	G	D	E	R	K	N	Q	S	T	A	V	L	I	F	Y	W	H	M	C	P
0	0.28699	0.13482	0.09558	0.08137	0.11183	0.20351	0.03605	0.01771	0.00023	0.00488	0.00017	0.00021	0.00014	0.00010	9.3e-05	3.1e-05	0.02604	7.3e-05	5.5e-05	0.00013
1	0.00013	9.7e-05	0.00012	0.00014	0.00015	9e-05	9.8e-05	0.01427	0.00021	0.00028	0.00062	0.86631	0.10145	0.00033	0.01512	4.4e-05	6.5e-05	0.00029	9.7e-05	8.7e-05
2	0.13502	0.01748	0.04149	0.09985	0.35869	0.03803	0.14773	0.01447	0.01828	0.10272	0.00022	0.00027	0.00017	0.00010	0.00010	3.3e-05	0.00700	0.01029	0.00789	0.00015
3	0.00016	0.00011	0.00014	0.00013	0.00016	0.0001	9.8e-05	0.00020	0.00029	0.03202	0.81988	0.00080	0.13417	0.01112	0.00013	3.4e-05	5.2e-05	0.00019	0.00011	0.00010
4	0.00018	0.00012	0.00017	0.00019	0.00021	0.00012	0.00016	0.00023	0.00025	0.05636	0.04585	0.01616	0.04068	0.00028	0.00014	4.6e-05	9.2e-05	0.83855	0.0001	0.00010
5	0.00028	0.99636	0.00055	0.00018	0.00027	0.00042	0.00018	0.00032	0.00021	0.00025	0.00015	0.00017	0.00014	9e-05	6.8e-05	2.3e-05	0.00011	5.6e-05	4.5e-05	0.00014
6	0.01599	0.03879	0.00025	0.00924	0.00417	0.00444	0.05196	0.15051	0.10415	0.30493	0.00883	0.22277	0.01353	0.00542	0.00012	3.6e-05	0.01232	0.04351	0.00621	0.00282
7	0.01329	0.00023	0.02244	0.00022	0.00029	0.00024	0.01913	0.07759	0.66220	0.19168	0.00585	0.00037	0.00029	0.00014	0.00011	3.5e-05	9e-05	0.00011	0.00011	0.00560
8	0.01385	0.00018	0.00025	0.00019	0.00027	0.00016	0.00016	0.03335	0.01069	0.93911	0.00041	0.00035	0.00026	0.00013	0.00011	3.3e-05	9e-05	0.00011	0.00013	0.00018
9	0.00508	0.00014	0.00016	0.00015	0.00018	0.00014	0.00011	0.12234	0.07561	0.04250	0.08181	0.11645	0.28793	0.25401	0.00023	5.3e-05	7.9e-05	0.01285	9.4e-05	0.00010
10	0.00647	0.00625	0.00797	0.00020	0.00027	0.00023	0.00016	0.31782	0.20225	0.25658	0.04420	0.02870	0.04940	0.00015	0.00011	3.3e-05	0.01907	0.00399	0.05599	0.00016
11	0.00014	0.00010	0.00014	0.00016	0.00017	9.9e-05	0.01925	0.00016	0.00021	0.00028	0.00942	0.74705	0.04586	0.02989	0.00015	4.5e-05	0.01904	0.12765	9.5e-05	8.8e-05
12	0.00853	0.00014	0.00016	0.00014	0.00019	0.00014	0.00011	0.08007	0.00889	0.29893	0.00702	0.01075	0.00027	0.00013	8.8e-05	2.8e-05	6.8e-05	0.00781	0.57640	0.00013
13	0.01618	0.00294	0.00827	0.44983	0.11892	0.00988	0.04082	0.01338	0.00023	0.00488	0.00326	0.02974	0.00339	0.00017	0.00302	0.01418	0.00507	0.27565	6.5e-05	0.00012
14	0.00771	0.59954	0.32658	0.02324	0.00725	0.01370	0.00742	0.00450	0.00451	0.00028	0.00016	0.00019	0.00014	9.8e-05	0.00427	2.7e-05	0.00013	6.6e-05	4.6e-05	0.00014
15	0.00433	0.01111	0.00776	0.01668	0.01387	0.63425	0.06045	0.01715	0.02817	0.00670	0.00018	0.00023	0.00015	0.01361	0.04482	3.8e-05	0.13413	8.1e-05	0.00616	0.00012
16	0.08945	0.15425	0.02183	0.03883	0.24966	0.26552	0.01524	0.06907	0.00448	0.02750	0.00293	0.00450	0.00288	0.00011	0.00010	3e-05	0.04712	0.00339	0.00295	0.00014
17	0.00014	0.00011	0.00014	0.00016	0.01923	0.00010	0.01655	0.00017	0.00514	0.00518	0.03622	0.41929	0.29116	0.00882	0.00014	4.2e-05	6.9e-05	0.19715	9.7e-05	9.3e-05
18	0.00384	0.04911	0.00552	0.01113	0.02193	0.01211	0.00966	0.01900	0.01978	0.00658	0.00337	0.00426	0.00016	8.4e-05	8.2e-05	1.8e-05	0.00325	6.7e-05	6.3e-05	0.82999
19	0.00014	0.00011	0.00012	0.00013	0.00016	9.8e-05	9.8e-05	0.00018	0.02628	0.01805	0.04856	0.19745	0.59347	0.00620	0.00013	3.9e-05	6.1e-05	0.10851	9.9e-05	9.3e-05
20	0.00425	0.00014	0.00020	0.18135	0.02263	0.01627	0.02401	0.00625	0.00684	0.01976	0.22648	0.16487	0.21481	0.00670	0.02716	0.00287	0.03658	0.03506	0.00367	0.00010
21	0.00015	0.00011	0.00014	0.00013	0.00016	0.00010	9.9e-05	0.00020	0.00714	0.00788	0.90087	0.01415	0.05493	0.01331	0.00013	3.4e-05	5.1e-05	0.00019	0.00011	9.9e-05
22	0.00730	0.00010	0.00012	0.00012	0.00012	0.00010	7.1e-05	0.00016	0.00465	0.00483	0.00539	0.04074	0.01524	0.84649	0.01742	9.5e-05	0.00010	0.02292	0.03395	6.9e-05
23	0.14830	0.21332	0.01250	0.00467	0.00619	0.39100	0.00552	0.19115	0.00030	0.02106	0.00018	0.00020	0.00014	0.00011	8.7e-05	2.8e-05	0.00014	7.1e-05	6.5e-05	0.00498
24	0.00015	0.00011	0.00014	0.00015	0.00017	0.00010	0.00012	0.00662	0.00023	0.01038	0.03056	0.28952	0.26275	0.06557	0.00949	4.7e-05	7.6e-05	0.31854	9.6e-05	0.00520

[dist]
# distance from previous block
# <min> <max>
0	2

[block]
# block no. 8 follows, 3287 sequences, length 9
# corresponding to MSA columns:
# 629,630,639,640,643-647
name=unknown_I
#
# <colnr> <probs for GDERKNQSTAVLIFYWHMCP>
#	G	D	E	R	K	N	Q	S	T	A	V	L	I	F	Y	W	H	M	C	P
0	0.03674	0.16691	0.05530	0.04211	0.02989	0.20635	0.04442	0.05002	0.04374	0.02900	0.01086	0.07675	0.00690	0.07300	0.00888	0.00824	0.08293	0.02157	0.00627	0.00012
1	0.05203	0.07851	0.29935	0.02178	0.23608	0.01846	0.04027	0.02857	0.08266	0.03785	0.04160	0.00759	0.01901	0.00011	0.00010	3.2e-05	0.00722	0.00787	0.00730	0.01359
2	0.00810	0.03249	0.16506	0.03864	0.14262	0.01642	0.02936	0.04426	0.02440	0.04889	0.01918	0.00728	0.00746	0.00622	0.01098	2.9e-05	0.02562	0.00772	0.01873	0.34655
3	0.74587	0.05309	0.03075	0.01025	0.01070	0.06034	0.00967	0.01913	0.01200	0.01076	0.00017	0.00020	0.00013	0.00011	0.00818	3.3e-05	0.01051	0.00924	0.00874	0.00012
4	0.07337	0.01053	0.01048	0.01029	0.00030	0.49668	0.02287	0.08412	0.02912	0.18949	0.03482	0.00028	0.01082	0.00012	0.00010	3e-05	0.00849	0.00819	0.00975	0.00014
5	0.00014	0.00010	0.00012	0.00013	0.00015	9.3e-05	9.2e-05	0.00016	0.00022	0.01894	0.05257	0.36103	0.41358	0.10397	0.00017	4.6e-05	6.4e-05	0.04823	9.6e-05	8.8e-05
6	0.02965	0.01626	0.01777	0.11457	0.19351	0.02856	0.01183	0.02425	0.07659	0.11594	0.10533	0.11672	0.04419	0.00919	0.02972	0.01687	0.01112	0.02201	0.00861	0.00731
7	0.03134	0.05200	0.05190	0.45714	0.20120	0.05551	0.02683	0.02725	0.01123	0.04594	0.00022	0.01001	0.01880	0.00011	0.00010	3.3e-05	0.01009	9.5e-05	5.6e-05	0.00014
8	0.01331	0.00014	0.00017	0.00015	0.00020	0.01039	0.00012	0.01048	0.02245	0.31689	0.33195	0.04813	0.20228	0.01902	0.00013	3.5e-05	6.9e-05	0.01361	0.01036	0.00012

[dist]
# distance from previous block
# <min> <max>
4	7

[block]
# block no. 9 follows, 3287 sequences, length 6
# corresponding to MSA columns:
# 657-662
name=unknown_J
#
# <colnr> <probs for GDERKNQSTAVLIFYWHMCP>
#	G	D	E	R	K	N	Q	S	T	A	V	L	I	F	Y	W	H	M	C	P
0	0.01062	0.00993	0.12012	0.08623	0.02115	0.01980	0.01119	0.01235	0.05307	0.09736	0.20515	0.04203	0.24668	0.01133	0.01209	3.7e-05	0.01438	0.01051	8.9e-05	0.01587
1	0.60597	0.00019	0.00018	0.01308	0.01746	0.00022	0.01479	0.02733	0.08484	0.02275	0.01337	0.00029	0.00019	0.07621	0.04908	4.5e-05	0.01429	0.01326	0.04634	0.00012
2	0.00027	0.00023	0.00028	0.08493	0.00034	0.00027	0.06946	0.10558	0.73643	0.00044	0.00038	0.00036	0.00028	0.00013	0.00011	3.5e-05	9.8e-05	0.00011	9.8e-05	0.00016
3	0.00018	0.01023	0.01345	0.05054	0.03332	0.01004	0.01175	0.01213	0.14803	0.01031	0.18268	0.23260	0.18338	0.01344	0.01703	0.01867	0.01319	0.03883	9.4e-05	0.00011
4	0.00017	0.00012	0.00015	0.00014	0.00017	0.00012	0.00010	0.08482	0.00029	0.00039	0.55271	0.02971	0.23306	0.06957	0.00015	3.9e-05	6.2e-05	0.02804	0.00011	0.00010
5	0.06110	0.01509	0.05547	0.03919	0.17544	0.02723	0.03313	0.13266	0.13639	0.04088	0.11158	0.01453	0.02336	0.01082	0.04275	0.00908	0.04479	0.00946	0.01690	0.00014

[dist]
# distance from previous block
# <min> <max>
0	27

# created by:
# /home/cegg/simao/soft/augustus-3.2.1/scripts/msa2prfl.pl ./align_prep/POG091H02JZ.fa
