[name]
unknown

[dist]
# distance from previous block
# <min> <max>
0	58

[block]
# block no. 0 follows, 3074 sequences, length 39
# corresponding to MSA columns:
# 237-266,269-272,274,278,281,284,288
name=unknown_A
#
# <colnr> <probs for GDERKNQSTAVLIFYWHMCP>
#	G	D	E	R	K	N	Q	S	T	A	V	L	I	F	Y	W	H	M	C	P
0	0.00799	0.00625	0.00738	0.24909	0.20880	0.03758	0.01640	0.05225	0.16759	0.01143	0.04680	0.02337	0.03622	0.00235	0.00469	3.8e-05	0.01536	0.08823	0.00551	0.01268
1	0.01626	0.00298	0.00324	0.16189	0.18062	0.00885	0.00279	0.01739	0.12264	0.01075	0.06318	0.03396	0.34681	0.00344	0.00013	3.7e-05	0.01652	0.00493	0.00344	0.00013
2	0.11774	0.00018	0.00023	0.00019	0.00026	0.00017	0.00015	0.00626	0.00340	0.71948	0.11843	0.00364	0.00921	0.00378	0.00258	3.6e-05	9e-05	0.00287	0.01113	0.00017
3	0.00015	0.00011	0.00013	0.00014	0.00016	0.00010	9.9e-05	0.00019	0.00561	0.01637	0.36637	0.19533	0.36843	0.02745	0.00015	4.1e-05	6e-05	0.00963	0.00938	0.00010
4	0.00017	0.00012	0.00016	0.00016	0.00018	0.00013	0.00012	0.00955	0.00426	0.00029	0.02860	0.00915	0.02776	0.18570	0.59173	0.00013	0.00021	0.00013	0.14137	9.6e-05
5	0.00472	0.00020	0.00024	0.00017	0.00027	0.00016	0.00014	0.03036	0.04763	0.08576	0.01022	0.00026	0.00020	9.5e-05	8.9e-05	2e-05	8.6e-05	7.6e-05	0.00774	0.81156
6	0.98347	0.00022	0.00017	0.00015	0.00022	0.00025	0.00012	0.00033	0.00019	0.01385	0.00016	0.00019	0.00012	0.00011	7e-05	3.5e-05	8.7e-05	6.2e-05	7.1e-05	0.00012
7	0.00037	0.00029	0.00031	0.00762	0.00033	0.00032	0.00020	0.59278	0.38876	0.00728	0.00034	0.00033	0.00025	0.00014	0.00011	3.6e-05	0.00011	0.00011	0.00011	0.00019
8	0.00016	0.00011	0.00012	0.00013	0.00013	0.00011	7.1e-05	0.00016	0.00017	0.00022	0.00036	0.01262	0.00041	0.95671	0.02800	0.00011	0.00011	0.00016	6.9e-05	7e-05
9	0.00030	0.98229	0.00059	0.00019	0.00029	0.01426	0.00019	0.00034	0.00023	0.00027	0.00016	0.00018	0.00014	9.7e-05	7.3e-05	2.4e-05	0.00012	6e-05	4.8e-05	0.00014
10	0.00023	0.00020	0.00023	0.00017	0.00027	0.00015	0.00013	0.00028	0.00023	0.00037	0.00020	0.00023	0.00017	8.4e-05	8.4e-05	1.7e-05	8.4e-05	6.7e-05	6.7e-05	0.99673
11	0.00015	0.00012	0.00014	0.00014	0.00016	0.00010	9.9e-05	0.00019	0.00300	0.00823	0.26698	0.13967	0.39974	0.09050	0.00503	0.00274	6.6e-05	0.03959	0.01120	0.03218
12	0.00028	0.00024	0.00026	0.00023	0.00029	0.00028	0.00018	0.01275	0.95115	0.00047	0.00045	0.00041	0.00034	0.00015	0.00012	3.9e-05	0.03193	0.00013	0.00011	0.00018
13	0.00029	0.00032	0.00277	0.04436	0.06147	0.44177	0.00261	0.01216	0.00762	0.01555	0.00719	0.16927	0.05758	0.05341	0.08284	0.00186	0.01616	0.02034	0.00231	0.00012
14	0.97133	0.00022	0.00017	0.00015	0.00022	0.00025	0.00012	0.00033	0.00019	0.01489	0.00016	0.00019	0.00013	0.00011	7.5e-05	0.01113	8.7e-05	6.2e-05	7.1e-05	0.00012
15	0.00025	0.00025	0.00035	0.00030	0.00030	0.00035	0.00025	0.00027	0.00017	0.00027	0.00015	0.00025	0.00015	0.00020	0.00037	4.9e-05	0.99583	9.9e-05	4.9e-05	0.00012
16	0.01055	0.01430	0.04242	0.01598	0.01235	0.00013	0.01303	0.01162	0.01855	0.02036	0.11030	0.52368	0.13460	0.00994	0.01629	4.5e-05	0.00565	0.03787	0.00223	0.00011
17	0.00395	0.81993	0.02918	0.00021	0.00749	0.04368	0.00402	0.05272	0.00025	0.01300	0.00267	0.00020	0.00015	0.00546	0.01413	2.8e-05	0.00266	6.7e-05	5.4e-05	0.00015
18	0.00015	0.00011	0.00013	0.00013	0.00016	0.00010	9.8e-05	0.00433	0.02146	0.00034	0.22734	0.20444	0.52524	0.00410	0.00014	3.9e-05	6e-05	0.01141	0.00011	9.9e-05
19	0.00016	0.00012	0.00013	0.00013	0.00017	0.00010	9.8e-05	0.00323	0.00720	0.04744	0.24091	0.07449	0.57847	0.03022	0.00015	4e-05	6.1e-05	0.01285	0.00393	0.00010
20	0.02888	0.02039	0.28467	0.18336	0.15312	0.01689	0.06608	0.02140	0.08242	0.06271	0.01636	0.02005	0.00556	0.00013	0.00207	0.00180	0.01899	0.00647	0.00849	0.00016
21	0.01353	0.00303	0.00035	0.90089	0.02076	0.00301	0.02840	0.00626	0.00292	0.01031	0.00021	0.00030	0.00392	0.00011	0.00011	3.7e-05	0.00558	0.00010	5.2e-05	0.00013
22	0.11273	0.00021	0.00025	0.00020	0.00028	0.00020	0.00016	0.12283	0.01637	0.70488	0.00926	0.00686	0.00594	0.00014	0.00011	3.5e-05	9.7e-05	0.00011	0.01915	0.00018
23	0.00735	0.00313	0.00364	0.01850	0.00577	0.00212	0.00448	0.31465	0.04469	0.34395	0.02521	0.15499	0.01305	0.00716	0.00460	3.8e-05	0.00735	0.00573	0.03342	0.00016
24	0.04575	0.03339	0.04902	0.21627	0.22382	0.05078	0.04364	0.04613	0.04998	0.10342	0.02576	0.02300	0.00579	0.00224	0.01066	0.00381	0.02163	0.00303	0.00574	0.03613
25	0.00016	0.00012	0.00016	0.01855	0.00327	0.00328	0.03783	0.00409	0.00541	0.00513	0.07626	0.50201	0.17310	0.03625	0.00016	4.6e-05	0.00382	0.12428	0.00597	9.9e-05
26	0.00393	0.00012	0.00014	0.00013	0.00014	0.00280	8.2e-05	0.00504	0.00279	0.04192	0.07293	0.00667	0.00421	0.76925	0.03484	0.00491	0.00257	0.01239	0.03505	8.1e-05
27	0.04123	0.77419	0.07614	0.00283	0.00960	0.01598	0.00330	0.01960	0.00681	0.00835	0.00017	0.00019	0.00015	0.0001	8e-05	2.6e-05	0.00661	6.5e-05	5.2e-05	0.03453
28	0.00537	0.00485	0.37318	0.15745	0.20213	0.01498	0.05112	0.01600	0.04282	0.00311	0.01226	0.00516	0.00557	0.00206	0.00279	0.00200	0.09220	0.00172	0.00342	0.00182
29	0.00015	0.00011	0.00014	0.00014	0.00017	0.00010	0.00010	0.00019	0.00555	0.00038	0.51830	0.34229	0.12504	0.00028	0.00014	3.9e-05	5.8e-05	0.00661	0.00011	0.00010
30	0.00016	0.00392	0.00473	0.00295	0.00259	0.00944	0.00489	0.00194	0.03652	0.00588	0.33335	0.02659	0.39897	0.01311	0.10113	0.00179	0.04410	0.00612	0.00171	0.00011
31	0.00016	0.00012	0.00014	0.00014	0.00017	0.00011	0.00010	0.00020	0.00535	0.01350	0.68964	0.06406	0.20681	0.00917	0.00014	3.7e-05	5.7e-05	0.00988	0.00012	0.00010
32	0.22971	0.00019	0.00022	0.00018	0.00025	0.00018	0.00015	0.01806	0.02934	0.55433	0.08022	0.04100	0.00936	0.00781	0.00011	3.6e-05	8.8e-05	0.00307	0.02555	0.00016
33	0.00016	0.00012	0.00014	0.00013	0.00017	0.00010	0.00010	0.00020	0.00407	0.00823	0.67690	0.01704	0.28167	0.00025	0.00013	3.6e-05	5.5e-05	0.00021	0.00621	0.00408
34	0.15581	0.00017	0.00021	0.00018	0.00024	0.00259	0.00014	0.04305	0.02411	0.41101	0.02521	0.18834	0.00541	0.07786	0.00614	4.5e-05	9.1e-05	0.05586	0.00340	0.00014
35	0.02171	0.05520	0.05870	0.03200	0.05424	0.08543	0.01570	0.03073	0.06566	0.10367	0.16754	0.01525	0.12995	0.01227	0.05176	4.4e-05	0.06943	0.00825	0.00763	0.01485
36	0.02083	0.01418	0.00255	0.02384	0.00242	0.67608	0.01220	0.17292	0.00628	0.01160	0.00249	0.00281	0.00016	0.00251	0.00012	3.2e-05	0.04641	8.2e-05	0.00234	0.00014
37	0.00327	0.01276	0.04045	0.05143	0.05567	0.01676	0.01760	0.15143	0.07030	0.07291	0.03467	0.01487	0.02275	0.00160	0.01614	3.1e-05	0.03219	0.00702	0.00318	0.37498
38	0.09138	0.04081	0.04440	0.04682	0.06164	0.17313	0.05192	0.23182	0.02475	0.12883	0.00477	0.01061	0.00513	0.00014	0.01561	3.6e-05	0.04819	0.00322	0.00271	0.01409

[dist]
# distance from previous block
# <min> <max>
2	6

[block]
# block no. 1 follows, 3074 sequences, length 15
# corresponding to MSA columns:
# 301,303-306,309-316,319,323
name=unknown_B
#
# <colnr> <probs for GDERKNQSTAVLIFYWHMCP>
#	G	D	E	R	K	N	Q	S	T	A	V	L	I	F	Y	W	H	M	C	P
0	0.00452	0.00014	0.01868	0.01282	0.00420	0.00584	0.01166	0.01356	0.04119	0.02554	0.02090	0.44344	0.02005	0.12028	0.08063	0.01434	0.00840	0.13731	0.01641	0.00010
1	0.00017	0.00012	0.00749	0.00014	0.00014	0.00011	0.00902	0.01103	0.00018	0.00862	0.00039	0.10525	0.01289	0.79778	0.02011	0.01442	0.00011	0.01190	7.3e-05	7.6e-05
2	0.01014	0.09591	0.03324	0.00478	0.01124	0.03198	0.00540	0.41140	0.23540	0.02072	0.00031	0.00637	0.01087	0.00462	0.00011	3.3e-05	0.00011	0.00500	0.00674	0.10562
3	0.01834	0.01425	0.02670	0.00373	0.00524	0.00578	0.01408	0.02336	0.04437	0.05951	0.14720	0.35224	0.13261	0.04550	0.00990	0.01022	0.00911	0.02231	0.00457	0.05099
4	0.01376	0.17693	0.57981	0.01638	0.02968	0.01623	0.04129	0.02821	0.01269	0.04881	0.00534	0.00740	0.00017	0.00011	0.00010	3.3e-05	0.00829	8.7e-05	0.00490	0.00977
5	0.00573	0.02049	0.63568	0.01904	0.05930	0.01610	0.08304	0.02167	0.03727	0.03932	0.01884	0.01442	0.00727	0.00012	0.00011	3.6e-05	0.00494	0.00545	0.01100	0.00016
6	0.00022	0.00020	0.00034	0.90846	0.06260	0.00025	0.00031	0.00029	0.00023	0.00029	0.00021	0.00032	0.00016	0.00012	0.00011	3.8e-05	0.00015	0.02551	5.2e-05	0.00013
7	0.00484	0.00016	0.03921	0.01420	0.09525	0.00841	0.02282	0.00546	0.01838	0.03165	0.38231	0.14201	0.15153	0.00928	0.00698	4e-05	8.1e-05	0.05366	0.01361	0.00012
8	0.02997	0.10378	0.24881	0.08889	0.08319	0.02422	0.05714	0.05577	0.03191	0.20470	0.00972	0.01399	0.00919	0.00391	0.00594	3.6e-05	0.01324	0.01142	0.00400	0.00016
9	0.01055	0.00013	0.00626	0.00019	0.00582	0.00013	0.04353	0.00907	0.00812	0.05799	0.01628	0.40217	0.07652	0.04658	0.00017	0.00690	0.00665	0.29135	0.01150	0.00011
10	0.00675	0.00013	0.00015	0.00015	0.00018	0.00011	0.00011	0.00658	0.01384	0.16185	0.13966	0.19711	0.41754	0.01157	0.00014	0.00621	6.8e-05	0.03072	0.00704	0.00011
11	0.01572	0.00932	0.24831	0.23576	0.16137	0.03535	0.09176	0.04011	0.04157	0.04850	0.00819	0.01507	0.01386	0.00013	0.00418	0.00547	0.01447	0.00451	0.00621	0.00015
12	0.01249	0.06198	0.36527	0.06129	0.10384	0.03754	0.09979	0.02410	0.03213	0.09142	0.00745	0.04892	0.00957	0.00411	0.00607	3.7e-05	0.01583	0.00597	0.00810	0.00410
13	0.01052	0.00997	0.05699	0.00507	0.00026	0.01562	0.00578	0.12047	0.04696	0.31363	0.24296	0.07921	0.04142	0.00461	0.00922	3.8e-05	0.00523	0.00837	0.02354	0.00015
14	0.01118	0.00015	0.00017	0.00583	0.00020	0.00016	0.00013	0.00822	0.25900	0.01790	0.15926	0.23520	0.07147	0.09972	0.07292	5.7e-05	9.3e-05	0.01511	0.04311	0.00012

[dist]
# distance from previous block
# <min> <max>
11	33

[block]
# block no. 2 follows, 3074 sequences, length 10
# corresponding to MSA columns:
# 384-391,395,396
name=unknown_C
#
# <colnr> <probs for GDERKNQSTAVLIFYWHMCP>
#	G	D	E	R	K	N	Q	S	T	A	V	L	I	F	Y	W	H	M	C	P
0	0.56085	0.07091	0.05381	0.01385	0.02663	0.06272	0.02146	0.06036	0.06147	0.01133	0.01155	0.00024	0.00799	0.00012	0.00650	3.5e-05	0.00644	0.00679	0.01679	0.00014
1	0.00015	0.00011	0.00014	0.00016	0.00017	9.9e-05	0.00011	0.00018	0.02164	0.01818	0.01505	0.89757	0.00072	0.01504	0.00015	4.6e-05	6.8e-05	0.01574	0.00010	0.01460
2	0.00019	0.00014	0.00017	0.00017	0.00020	0.00014	0.00013	0.01705	0.22266	0.04473	0.06597	0.52362	0.06574	0.01471	0.00014	4.3e-05	7.4e-05	0.04388	0.00011	0.00012
3	0.00736	0.00015	0.00019	0.01213	0.02249	0.01508	0.00013	0.00881	0.03853	0.17571	0.50573	0.01245	0.11219	0.00793	0.00717	3.8e-05	7.4e-05	0.05683	0.00999	0.00703
4	0.01338	0.47563	0.16362	0.01102	0.02383	0.11765	0.01884	0.01766	0.04102	0.01499	0.00714	0.00659	0.00678	0.00668	0.00734	3.2e-05	0.06752	8e-05	5.7e-05	0.00015
5	0.00643	0.00014	0.01356	0.00646	0.00898	0.00624	0.00012	0.01147	0.02078	0.06864	0.04377	0.07515	0.00937	0.39674	0.27218	0.00806	0.00682	0.00802	0.03697	9.8e-05
6	0.00036	0.00016	0.00021	0.00018	0.00024	0.00015	0.00014	0.01219	0.01951	0.55711	0.13073	0.04911	0.03771	0.01474	0.01082	3.8e-05	8.6e-05	0.05488	0.11147	0.00015
7	0.00569	0.01860	0.05227	0.31096	0.27937	0.03151	0.09008	0.02161	0.02648	0.04040	0.02234	0.02527	0.01025	0.00575	0.00621	3.7e-05	0.02654	0.01286	0.00826	0.00550
8	0.01966	0.06857	0.25624	0.07161	0.15883	0.02727	0.15076	0.09519	0.01737	0.06288	0.00896	0.01239	0.00774	0.00615	0.00742	3.7e-05	0.01511	0.01359	6.7e-05	0.00016
9	0.00570	0.00558	0.05443	0.08398	0.08794	0.06921	0.14644	0.00884	0.00918	0.01759	0.13125	0.11301	0.06337	0.00578	0.03450	0.00550	0.10791	0.02083	0.02885	0.00013

[dist]
# distance from previous block
# <min> <max>
0	2

[block]
# block no. 3 follows, 3074 sequences, length 27
# corresponding to MSA columns:
# 399-413,420-431
name=unknown_D
#
# <colnr> <probs for GDERKNQSTAVLIFYWHMCP>
#	G	D	E	R	K	N	Q	S	T	A	V	L	I	F	Y	W	H	M	C	P
0	0.46473	0.10588	0.03355	0.02015	0.07797	0.15670	0.07498	0.01339	0.00355	0.00640	0.00018	0.00021	0.00014	0.00011	9.8e-05	3.4e-05	0.03798	7.5e-05	6.3e-05	0.00384
1	0.03317	0.00018	0.00318	0.00261	0.00313	0.00260	0.00015	0.03209	0.02071	0.63550	0.09214	0.00731	0.11176	0.00688	0.00297	3.6e-05	0.00255	0.00631	0.03656	0.00016
2	0.05751	0.06137	0.02103	0.09122	0.12848	0.17150	0.07619	0.10714	0.14223	0.02013	0.01833	0.00304	0.01117	0.00489	0.00791	0.00234	0.03377	0.00211	0.01337	0.02626
3	0.00963	0.00015	0.00018	0.00016	0.00264	0.00295	0.00253	0.01506	0.07383	0.18379	0.35570	0.05800	0.13246	0.07207	0.03700	0.00252	0.01506	0.01457	0.02158	0.00012
4	0.00015	0.00011	0.00013	0.00014	0.00016	0.00429	9.9e-05	0.00674	0.00476	0.00749	0.10701	0.30902	0.49681	0.02915	0.00015	4.3e-05	6.4e-05	0.03349	0.00011	9.7e-05
5	0.00015	0.00011	0.00014	0.00014	0.00016	0.00010	0.00010	0.00019	0.00028	0.01444	0.45488	0.17478	0.32711	0.01013	0.00014	3.9e-05	5.9e-05	0.01684	0.00011	0.00010
6	0.00022	0.00021	0.00036	0.82122	0.17523	0.00025	0.00032	0.00030	0.00023	0.00030	0.00020	0.00030	0.00016	0.00011	0.00011	3.7e-05	0.00015	0.00010	5.1e-05	0.00013
7	0.97736	0.00022	0.00017	0.00015	0.00022	0.00025	0.00012	0.01977	0.00020	0.00051	0.00016	0.00018	0.00012	0.00011	7.1e-05	3.5e-05	8.8e-05	6.2e-05	7.1e-05	0.00012
8	0.00014	0.00010	0.00014	0.00015	0.00017	9.7e-05	0.00498	0.00017	0.00646	0.00597	0.11291	0.73515	0.11674	0.00509	0.00014	4.4e-05	6.5e-05	0.01128	0.00011	9.5e-05
9	0.00021	0.00020	0.00034	0.99577	0.00078	0.00025	0.00031	0.00029	0.00023	0.00029	0.00020	0.00030	0.00015	0.00011	0.00011	3.8e-05	0.00015	0.00010	5e-05	0.00013
10	0.05576	0.04419	0.00473	0.00022	0.00030	0.16364	0.01568	0.14867	0.07341	0.42192	0.04385	0.00666	0.00422	0.00578	0.00277	3.5e-05	0.00012	0.00412	0.00011	0.00383
11	0.09597	0.00444	0.01343	0.00017	0.00022	0.01407	0.01089	0.06040	0.07310	0.10502	0.42798	0.05246	0.06155	0.01547	0.00436	3.8e-05	0.00325	0.04034	0.00011	0.01675
12	0.03506	0.02131	0.00650	0.01044	0.05761	0.02717	0.04071	0.42424	0.19656	0.09179	0.03681	0.01500	0.00960	0.00291	0.00225	3.6e-05	0.00335	0.01412	0.00217	0.00235
13	0.00030	0.97752	0.01916	0.00020	0.00029	0.00044	0.00020	0.00034	0.00023	0.00027	0.00016	0.00018	0.00014	9.7e-05	7.3e-05	2.4e-05	0.00012	6.1e-05	4.8e-05	0.00015
14	0.00017	0.00011	0.00013	0.00013	0.00014	0.00011	8.3e-05	0.00018	0.00461	0.01189	0.02267	0.10344	0.00873	0.73588	0.09712	0.00011	0.00012	0.00948	0.00483	7.7e-05
15	0.01111	0.20134	0.65603	0.00567	0.00043	0.01347	0.02859	0.01233	0.00936	0.02232	0.01184	0.01256	0.00017	0.00314	0.00010	3.4e-05	0.00360	8.6e-05	0.00765	0.00016
16	0.00356	0.00014	0.00020	0.00486	0.01002	0.01607	0.01497	0.01814	0.00492	0.02440	0.00532	0.00664	0.00610	0.05245	0.80326	0.00275	0.01720	0.00387	0.00282	0.00230
17	0.00023	0.00058	0.99545	0.00032	0.00049	0.00026	0.00042	0.00036	0.00024	0.00036	0.00020	0.00024	0.00014	0.00011	0.00011	3.6e-05	0.00017	8.3e-05	4.8e-05	0.00017
18	0.00781	0.00282	0.02516	0.04252	0.04615	0.00482	0.03076	0.02494	0.02338	0.05860	0.01451	0.28531	0.03791	0.25066	0.02732	0.00808	0.00437	0.10007	0.00470	0.00011
19	0.03120	0.05500	0.03613	0.01123	0.01089	0.06606	0.59498	0.03097	0.03779	0.03788	0.01337	0.00351	0.00473	0.00011	0.00253	3.5e-05	0.00306	0.00504	6.6e-05	0.05543
20	0.00559	0.00013	0.00402	0.02291	0.00022	0.00397	0.03325	0.00021	0.00406	0.00315	0.00842	0.26399	0.20095	0.02174	0.00386	0.00263	0.01002	0.41068	0.0001	0.00010
21	0.03809	0.03010	0.01678	0.00020	0.00029	0.00923	0.00017	0.06285	0.04888	0.74678	0.01102	0.00038	0.00329	0.00682	0.00729	3.6e-05	0.00349	0.00670	0.00741	0.00018
22	0.10596	0.03514	0.01261	0.00525	0.01064	0.07450	0.17722	0.07178	0.02209	0.05037	0.01400	0.14498	0.01374	0.04874	0.06594	0.01648	0.09918	0.02910	0.00215	0.00013
23	0.00439	0.00014	0.00018	0.00019	0.00022	0.01088	0.00015	0.00589	0.08786	0.07498	0.07035	0.09702	0.06538	0.06040	0.01910	0.00356	0.00312	0.49596	0.00011	0.00011
24	0.00041	0.00051	0.00031	0.00028	0.00034	0.92971	0.00021	0.00552	0.00032	0.00584	0.00707	0.00649	0.01312	0.00013	0.01614	3.2e-05	0.00779	0.00559	6e-05	0.00013
25	0.01665	0.01027	0.01197	0.44552	0.19898	0.03616	0.05444	0.02619	0.00594	0.03436	0.00267	0.00980	0.00551	0.00551	0.04188	4.4e-05	0.08417	0.00727	0.00253	0.00014
26	0.02697	0.03024	0.06485	0.11043	0.20283	0.01117	0.10446	0.06139	0.06077	0.05914	0.03019	0.02358	0.01220	0.01531	0.03905	4.4e-05	0.13468	0.01247	7.1e-05	0.00015

[dist]
# distance from previous block
# <min> <max>
3	6

[block]
# block no. 4 follows, 3074 sequences, length 27
# corresponding to MSA columns:
# 447-473
name=unknown_E
#
# <colnr> <probs for GDERKNQSTAVLIFYWHMCP>
#	G	D	E	R	K	N	Q	S	T	A	V	L	I	F	Y	W	H	M	C	P
0	0.00015	0.00012	0.00014	0.00014	0.00418	0.00010	0.00010	0.00573	0.00419	0.01477	0.27986	0.23099	0.39982	0.02550	0.00376	4.1e-05	6.2e-05	0.01005	0.00813	0.01219
1	0.00327	0.10515	0.72683	0.00626	0.00425	0.00728	0.07849	0.01343	0.01257	0.00288	0.00279	0.01226	0.00422	0.00011	0.00011	3.5e-05	0.00801	0.00370	5.2e-05	0.00832
2	0.00420	0.00024	0.00026	0.00023	0.00029	0.00435	0.00018	0.08315	0.84776	0.01201	0.01477	0.01044	0.01035	0.00016	0.00012	3.8e-05	9.2e-05	0.00697	0.00011	0.00430
3	0.00016	0.00011	0.00014	0.00014	0.00017	0.00010	0.00010	0.00020	0.00532	0.01460	0.48374	0.17451	0.20737	0.04728	0.00669	0.00830	6.4e-05	0.04131	0.00959	0.00010
4	0.00016	0.00011	0.00013	0.00013	0.00014	0.00011	8e-05	0.00017	0.00018	0.00489	0.01063	0.07721	0.01646	0.75373	0.09180	0.00929	0.00012	0.00819	0.02640	7.6e-05
5	0.00015	0.00011	0.00014	0.00016	0.00017	0.00010	0.00011	0.00018	0.00515	0.00744	0.05762	0.66800	0.05588	0.07482	0.00718	5.1e-05	7.4e-05	0.12247	0.00010	9.4e-05
6	0.00385	0.00017	0.00284	0.00244	0.00024	0.00234	0.00423	0.01963	0.13781	0.05350	0.03511	0.10592	0.04449	0.05218	0.01848	0.00220	0.01106	0.28285	0.00297	0.21766
7	0.02700	0.00022	0.00026	0.00021	0.00029	0.00793	0.00017	0.09258	0.34663	0.31153	0.00037	0.00035	0.00027	0.00013	0.00011	3.2e-05	9.4e-05	0.00011	0.01208	0.19965
8	0.03960	0.15489	0.09144	0.07575	0.04896	0.10342	0.01404	0.31870	0.03251	0.07667	0.00464	0.00707	0.00253	0.00484	0.00011	3.3e-05	0.00946	0.00234	0.00688	0.00611
9	0.01255	0.03902	0.14941	0.01860	0.03044	0.04654	0.02565	0.04214	0.05020	0.07436	0.03474	0.05433	0.02452	0.00397	0.01764	3.2e-05	0.01352	0.00495	0.00244	0.35494
10	0.04006	0.04615	0.21552	0.10329	0.13804	0.03205	0.16350	0.07040	0.03509	0.06054	0.01024	0.01011	0.00982	0.00251	0.00012	3.6e-05	0.03587	0.00626	0.00363	0.01676
11	0.01823	0.00576	0.00258	0.00524	0.01057	0.08380	0.00517	0.01363	0.01838	0.00304	0.05191	0.12943	0.00267	0.05224	0.42713	0.07085	0.08438	0.01115	0.00374	0.00010
12	0.04269	0.00769	0.01558	0.10083	0.00547	0.00382	0.12131	0.33676	0.06819	0.13638	0.01401	0.05762	0.01951	0.02932	0.00838	4e-05	0.00460	0.02267	0.00497	0.00016
13	0.00375	0.00894	0.01240	0.00018	0.00720	0.00483	0.00556	0.01315	0.03202	0.04821	0.02962	0.01626	0.01057	0.37962	0.20884	9.5e-05	0.14592	0.00334	0.01472	0.05477
14	0.00014	0.00011	0.00013	0.00013	0.00016	0.00010	9.8e-05	0.00479	0.01651	0.00034	0.21458	0.25836	0.47929	0.00799	0.00671	4.1e-05	6.1e-05	0.00476	0.00560	9.8e-05
15	0.00042	0.00030	0.00033	0.01682	0.01003	0.01025	0.00021	0.82223	0.08105	0.05676	0.00029	0.00029	0.00021	0.00014	0.00011	3.4e-05	0.00012	0.00010	0.00011	0.00019
16	0.02647	0.00030	0.00033	0.00025	0.00034	0.00033	0.00021	0.88319	0.01108	0.07593	0.00028	0.00028	0.00020	0.00014	0.00011	3.4e-05	0.00012	0.00010	0.00011	0.00019
17	0.00531	0.00029	0.00031	0.03717	0.01521	0.00642	0.00444	0.58993	0.31874	0.00530	0.00033	0.00032	0.00024	0.00014	0.00011	3.5e-05	0.00554	0.00011	0.00011	0.00996
18	0.03259	0.00293	0.00017	0.02885	0.00021	0.01272	0.00736	0.02961	0.02179	0.07008	0.06544	0.39124	0.21118	0.02943	0.00015	0.00982	0.00337	0.07957	0.00339	0.00011
19	0.00016	0.00012	0.00991	0.00014	0.00017	0.00011	0.00011	0.00409	0.00478	0.01904	0.69176	0.05495	0.18568	0.00025	0.00442	3.7e-05	5.9e-05	0.01319	0.01092	0.00011
20	0.00025	0.00024	0.00040	0.44173	0.53505	0.00026	0.00033	0.00032	0.00024	0.00033	0.00021	0.00030	0.00017	0.00011	0.00012	3.6e-05	0.01011	0.00960	5.4e-05	0.00015
21	0.00607	0.06736	0.72963	0.00033	0.00047	0.00998	0.12620	0.02898	0.00482	0.01717	0.00021	0.00025	0.00015	0.00011	0.00011	0.00768	0.00016	8.9e-05	5.3e-05	0.00016
22	0.00016	0.00012	0.00014	0.01076	0.00018	0.00011	0.00011	0.00410	0.01212	0.03846	0.37874	0.15691	0.36711	0.00928	0.00405	4e-05	6.2e-05	0.01734	0.00011	0.00010
23	0.01217	0.00018	0.00438	0.00249	0.00427	0.00336	0.00413	0.02080	0.01398	0.64963	0.05975	0.08915	0.06924	0.02151	0.01761	0.00267	0.01245	0.00809	0.00397	0.00016
24	0.02061	0.00357	0.00806	0.21273	0.12285	0.01386	0.05305	0.15466	0.04916	0.14331	0.01135	0.05156	0.02229	0.01802	0.02636	0.00262	0.03653	0.04101	0.00824	0.00015
25	0.00645	0.00015	0.00261	0.01080	0.00020	0.03547	0.00282	0.00404	0.00266	0.01187	0.00398	0.23321	0.00044	0.27624	0.14182	0.02052	0.14007	0.10393	0.00262	9.5e-05
26	0.70116	0.03495	0.01299	0.02094	0.05468	0.07880	0.03100	0.00914	0.00347	0.00624	0.00017	0.00020	0.00014	0.00011	0.00400	3.5e-05	0.03531	7e-05	0.00645	0.00013

[dist]
# distance from previous block
# <min> <max>
2	3

[block]
# block no. 5 follows, 3074 sequences, length 12
# corresponding to MSA columns:
# 479,482,488,489,492-499
name=unknown_F
#
# <colnr> <probs for GDERKNQSTAVLIFYWHMCP>
#	G	D	E	R	K	N	Q	S	T	A	V	L	I	F	Y	W	H	M	C	P
0	0.00978	0.00014	0.02862	0.00015	0.00018	0.00012	0.00011	0.01649	0.01223	0.03610	0.47215	0.04931	0.30019	0.01621	0.02621	4.2e-05	7e-05	0.00801	0.01024	0.01365
1	0.02559	0.08490	0.04807	0.02927	0.04220	0.03815	0.01843	0.47995	0.08808	0.05647	0.01476	0.00551	0.00479	0.00549	0.00616	3.5e-05	0.02252	0.00457	0.01027	0.01478
2	0.11659	0.08360	0.09950	0.02333	0.13399	0.03388	0.08198	0.04641	0.02762	0.05976	0.01063	0.04618	0.00673	0.00804	0.00450	0.00788	0.10750	0.01978	0.01077	0.07134
3	0.00017	0.00012	0.00015	0.00015	0.00016	0.00012	0.01409	0.01354	0.00020	0.00027	0.00857	0.26033	0.01090	0.47849	0.07667	0.01320	0.01015	0.07712	0.01048	0.02513
4	0.00017	0.00012	0.00015	0.02516	0.00019	0.00011	0.00011	0.00022	0.01452	0.01856	0.71040	0.14085	0.04595	0.00971	0.00014	3.8e-05	6e-05	0.01095	0.02249	0.00011
5	0.00701	0.01841	0.00025	0.01642	0.00028	0.01482	0.00863	0.04725	0.04190	0.01181	0.00652	0.00681	0.00019	0.01714	0.00011	2.3e-05	0.03992	7.8e-05	0.00991	0.75252
6	0.01821	0.10223	0.16939	0.02573	0.10964	0.02761	0.04297	0.05565	0.01650	0.07855	0.02156	0.01817	0.00667	0.00533	0.00903	3.1e-05	0.00800	0.00492	7.1e-05	0.27974
7	0.05653	0.02908	0.08977	0.03155	0.03090	0.08457	0.05491	0.10418	0.02871	0.13742	0.06981	0.03324	0.04740	0.02966	0.02131	4e-05	0.04743	0.00623	0.03082	0.06643
8	0.00849	0.00013	0.00602	0.02517	0.00766	0.00557	0.00012	0.00704	0.02986	0.01757	0.66678	0.01996	0.14011	0.00824	0.01394	3.9e-05	6.6e-05	0.02324	0.01439	0.00561
9	0.01455	0.01475	0.16009	0.05216	0.04671	0.04546	0.04588	0.03536	0.02280	0.18005	0.07273	0.09633	0.06970	0.01505	0.03199	0.00727	0.05122	0.01638	0.01480	0.00674
10	0.04188	0.08164	0.15306	0.10186	0.15115	0.04028	0.09242	0.03625	0.02444	0.09658	0.02255	0.04692	0.03552	0.00761	0.00679	3.6e-05	0.00966	0.00816	0.00510	0.03809
11	0.00619	0.06004	0.07799	0.12519	0.07642	0.01281	0.02105	0.02077	0.01128	0.39683	0.01682	0.04504	0.01781	0.02395	0.01678	0.01777	0.01456	0.01279	0.01728	0.00864

[dist]
# distance from previous block
# <min> <max>
0	347

# created by:
# /home/cegg/simao/soft/augustus-3.2.1/scripts/msa2prfl.pl ./align_prep/POG091H01F1.fa
