[name]
unknown

[dist]
# distance from previous block
# <min> <max>
0	120

[block]
# block no. 0 follows, 3151 sequences, length 24
# corresponding to MSA columns:
# 228-239,244-255
name=unknown_A
#
# <colnr> <probs for GDERKNQSTAVLIFYWHMCP>
#	G	D	E	R	K	N	Q	S	T	A	V	L	I	F	Y	W	H	M	C	P
0	0.00269	0.00487	0.06617	0.00541	0.00281	0.00012	0.00886	0.00693	0.02829	0.00542	0.35468	0.05277	0.37625	0.00742	0.04835	4.3e-05	0.00339	0.00624	0.00396	0.01532
1	0.02094	0.00016	0.00021	0.00017	0.00023	0.00015	0.00014	0.03839	0.00921	0.57453	0.07707	0.05768	0.06527	0.01949	0.00419	3.6e-05	8.3e-05	0.00488	0.12703	0.00015
2	0.93681	0.00723	0.00017	0.00015	0.00021	0.00024	0.00012	0.01244	0.00019	0.02298	0.00016	0.00019	0.00013	0.00873	7.4e-05	3.5e-05	8.6e-05	6.3e-05	0.00985	0.00012
3	0.00017	0.00013	0.00015	0.00014	0.00017	0.00012	0.00011	0.04074	0.03672	0.02195	0.46664	0.04926	0.26921	0.01475	0.00013	3.7e-05	6.1e-05	0.03423	0.06519	0.00011
4	0.00029	0.97159	0.00057	0.00019	0.00028	0.00043	0.00019	0.00033	0.00022	0.00026	0.00016	0.00018	0.00014	0.00011	0.02466	2.7e-05	0.00012	6e-05	4.7e-05	0.00014
5	0.00022	0.00057	0.99556	0.00031	0.00048	0.00026	0.00041	0.00035	0.00023	0.00035	0.00020	0.00023	0.00014	0.00010	0.00010	3.5e-05	0.00016	8.1e-05	4.6e-05	0.00016
6	0.00031	0.00015	0.00020	0.00017	0.00022	0.00013	0.00013	0.01355	0.00889	0.44117	0.52266	0.00061	0.00067	0.00018	0.00012	3.4e-05	7.2e-05	0.00016	0.01044	0.00014
7	0.99691	0.00021	0.00016	0.00014	0.00021	0.00025	0.00012	0.00032	0.00019	0.00049	0.00015	0.00018	0.00012	0.00010	6.8e-05	3.4e-05	8.5e-05	6e-05	6.8e-05	0.00012
8	0.00021	0.00019	0.00031	0.89763	0.00674	0.00023	0.00029	0.00028	0.00022	0.00799	0.00941	0.00033	0.00018	0.03439	0.01460	4.1e-05	0.00014	0.01384	0.01286	0.00012
9	0.93031	0.00903	0.00017	0.00015	0.00022	0.00025	0.00012	0.03438	0.00020	0.01574	0.00855	0.00019	0.00013	0.00010	7.1e-05	3.4e-05	8.6e-05	6.3e-05	7.1e-05	0.00012
10	0.00030	0.00018	0.00022	0.00017	0.00025	0.00016	0.00013	0.06291	0.01962	0.23597	0.00029	0.00030	0.00022	0.00011	9e-05	2.4e-05	8.1e-05	8.6e-05	0.18131	0.49759
11	0.03443	0.00010	0.00013	0.00015	0.00016	9.9e-05	0.00010	0.00447	0.00022	0.00487	0.02309	0.72732	0.05542	0.00538	0.00015	0.04450	6.7e-05	0.04376	0.05548	9.1e-05
12	0.00518	0.00017	0.00023	0.00018	0.00025	0.00015	0.00014	0.00755	0.00030	0.74633	0.08537	0.01956	0.00963	0.06246	0.00712	4e-05	8.9e-05	0.00564	0.04945	0.00016
13	0.96263	0.00021	0.00016	0.00015	0.00022	0.00024	0.00012	0.00033	0.00019	0.03472	0.00016	0.00019	0.00012	0.00010	7e-05	3.4e-05	8.5e-05	6.1e-05	7e-05	0.00012
14	0.00606	0.03457	0.01848	0.00019	0.00414	0.01016	0.03437	0.10801	0.00439	0.07114	0.00573	0.00025	0.00018	9.4e-05	8.9e-05	2.1e-05	9.4e-05	7.6e-05	7.4e-05	0.70188
15	0.00015	0.00011	0.00014	0.00014	0.00016	0.00010	0.00010	0.00020	0.00029	0.00967	0.74639	0.14233	0.07594	0.00025	0.00013	3.6e-05	5.5e-05	0.01555	0.00815	0.00010
16	0.00401	0.00014	0.00017	0.00016	0.00019	0.00725	0.00012	0.05737	0.08286	0.02265	0.58510	0.01165	0.02385	0.09095	0.07622	0.01210	8.6e-05	0.01578	0.00925	0.00011
17	0.00723	0.00017	0.00021	0.00018	0.00024	0.00016	0.00014	0.03100	0.11109	0.47617	0.33309	0.00054	0.03098	0.00017	0.00012	3.5e-05	7.8e-05	0.00014	0.00812	0.00015
18	0.12837	0.00019	0.00024	0.00019	0.00026	0.00018	0.00015	0.06942	0.00822	0.70069	0.01206	0.00035	0.00026	0.00013	0.00010	3.3e-05	9.1e-05	0.00010	0.07879	0.00017
19	0.08112	0.00019	0.00024	0.00019	0.00026	0.00017	0.00015	0.06365	0.00570	0.71866	0.04586	0.01198	0.00873	0.00015	0.00515	3.5e-05	9.1e-05	0.00893	0.04858	0.00017
20	0.00019	0.00012	0.00015	0.00014	0.00017	0.00011	0.00011	0.00803	0.01043	0.07464	0.75781	0.00950	0.02402	0.00640	0.00013	3.4e-05	5.6e-05	0.00018	0.10768	0.00011
21	0.00359	0.00012	0.00363	0.00685	0.00353	0.00011	0.00393	0.01731	0.00644	0.01703	0.29102	0.02093	0.54942	0.01019	0.01046	0.01224	0.00306	0.02513	0.01492	0.00010
22	0.00528	0.00011	0.00013	0.00015	0.00016	0.00372	0.00010	0.00018	0.02043	0.00601	0.03262	0.69263	0.05840	0.09730	0.00018	0.00601	6.9e-05	0.02870	0.04289	0.00494
23	0.04517	0.31678	0.01812	0.01276	0.07008	0.04705	0.00331	0.04435	0.02292	0.00704	0.00488	0.00868	0.00390	0.00425	0.00392	0.00309	0.01358	7.4e-05	0.00385	0.36620

[dist]
# distance from previous block
# <min> <max>
3	48

[block]
# block no. 1 follows, 3151 sequences, length 7
# corresponding to MSA columns:
# 328,330-335
name=unknown_B
#
# <colnr> <probs for GDERKNQSTAVLIFYWHMCP>
#	G	D	E	R	K	N	Q	S	T	A	V	L	I	F	Y	W	H	M	C	P
0	0.54626	0.03257	0.07845	0.01699	0.02240	0.01115	0.01660	0.01630	0.00916	0.03295	0.00804	0.03997	0.06954	0.00913	0.01831	0.00810	0.01080	0.01054	0.00728	0.03547
1	0.01207	0.00012	0.00014	0.00016	0.01199	0.00011	0.00011	0.01060	0.01799	0.01109	0.13777	0.53516	0.16904	0.02163	0.01542	0.01058	0.02067	0.01153	0.00010	0.01374
2	0.02825	0.09042	0.07043	0.10834	0.12869	0.22982	0.01327	0.08098	0.09367	0.06727	0.01439	0.00030	0.01266	0.01360	0.01903	3.6e-05	0.01015	0.01003	0.00852	0.00015
3	0.00028	0.86874	0.12795	0.00020	0.00031	0.00041	0.00022	0.00033	0.00022	0.00027	0.00016	0.00018	0.00014	9.5e-05	7.5e-05	2.5e-05	0.00012	6.2e-05	4.7e-05	0.00014
4	0.00041	0.00029	0.00031	0.00024	0.00033	0.00032	0.00020	0.87750	0.00049	0.07075	0.00028	0.00028	0.00020	0.00013	0.00011	3.3e-05	0.00012	0.00010	0.04773	0.00018
5	0.00028	0.00028	0.00044	0.00065	0.92340	0.07233	0.00033	0.00035	0.00025	0.00035	0.00020	0.00027	0.00017	9.9e-05	0.00011	3.2e-05	0.00014	9.6e-05	5.5e-05	0.00017
6	0.02088	0.00025	0.01444	0.11145	0.34814	0.01057	0.22327	0.03121	0.10858	0.02932	0.02553	0.03849	0.01341	0.00012	0.00012	3.5e-05	0.00013	0.01299	0.01092	0.00015

[dist]
# distance from previous block
# <min> <max>
5	6

[block]
# block no. 2 follows, 3151 sequences, length 6
# corresponding to MSA columns:
# 351-356
name=unknown_C
#
# <colnr> <probs for GDERKNQSTAVLIFYWHMCP>
#	G	D	E	R	K	N	Q	S	T	A	V	L	I	F	Y	W	H	M	C	P
0	0.00021	0.00019	0.00032	0.81376	0.02981	0.00024	0.00029	0.00027	0.00022	0.00028	0.00024	0.03327	0.02869	0.00013	0.00013	3.8e-05	0.06152	0.03022	5.4e-05	0.00012
1	0.03047	0.05858	0.37834	0.02683	0.03195	0.05363	0.08101	0.01560	0.02596	0.06018	0.01387	0.09215	0.01373	0.03085	0.02321	0.00895	0.01866	0.01554	0.01145	0.00904
2	0.02055	0.02393	0.23621	0.08416	0.07008	0.02257	0.04813	0.06425	0.02646	0.16786	0.03600	0.06927	0.02342	0.02959	0.01842	0.01048	0.02730	0.01166	0.00950	0.00015
3	0.00015	0.00011	0.01406	0.01593	0.00018	0.00010	0.01468	0.00018	0.00022	0.02522	0.02923	0.64993	0.11376	0.05075	0.03659	0.01690	7.9e-05	0.01699	0.01484	9.4e-05
4	0.01018	0.02144	0.05337	0.05664	0.03394	0.01915	0.01018	0.05225	0.01183	0.19793	0.02922	0.02543	0.01178	0.13874	0.28867	8.6e-05	0.01270	0.01084	0.01548	0.00013
5	0.02762	0.14533	0.17153	0.05129	0.03889	0.04846	0.08045	0.05792	0.04340	0.06626	0.02562	0.03300	0.02077	0.01319	0.01118	0.00853	0.01683	0.00859	0.01922	0.11193

[dist]
# distance from previous block
# <min> <max>
7	24

[block]
# block no. 3 follows, 3151 sequences, length 9
# corresponding to MSA columns:
# 439-443,462-465
name=unknown_D
#
# <colnr> <probs for GDERKNQSTAVLIFYWHMCP>
#	G	D	E	R	K	N	Q	S	T	A	V	L	I	F	Y	W	H	M	C	P
0	0.00715	0.00012	0.00017	0.00705	0.00717	0.00699	0.00803	0.01975	0.01520	0.01733	0.20609	0.01109	0.07786	0.10677	0.24032	0.22401	0.01412	0.00924	0.02146	9e-05
1	0.21555	0.00829	0.01606	0.02154	0.02817	0.03110	0.02494	0.25511	0.02145	0.20483	0.01551	0.01372	0.00821	0.02995	0.01623	0.00771	0.04574	0.00609	0.02966	0.00015
2	0.00016	0.00012	0.00793	0.00838	0.00017	0.00011	0.00010	0.00972	0.01955	0.01490	0.34927	0.06842	0.40778	0.02251	0.02241	0.00960	0.01087	0.00980	0.03046	0.00772
3	0.38724	0.00854	0.02477	0.00813	0.01117	0.01009	0.02406	0.03329	0.02292	0.21609	0.13690	0.01016	0.05153	0.00668	0.00733	3.6e-05	0.01058	0.00777	0.02257	0.00014
4	0.01049	0.01539	0.07241	0.07762	0.02869	0.00666	0.02460	0.08794	0.02754	0.05103	0.12916	0.04686	0.15154	0.06643	0.03920	0.02259	0.09312	0.03359	0.00935	0.00578
5	0.01153	0.00740	0.00022	0.00973	0.05417	0.01325	0.02433	0.04298	0.00854	0.30829	0.21002	0.04651	0.17750	0.02310	0.01949	4e-05	8.7e-05	0.01771	0.02497	0.00014
6	0.02980	0.20192	0.08651	0.01339	0.00748	0.02407	0.01242	0.35235	0.08742	0.01283	0.00025	0.01031	0.00020	0.01240	0.00935	0.01342	0.01227	0.01297	0.01377	0.08689
7	0.00032	0.00023	0.03809	0.01826	0.00798	0.09396	0.01870	0.06304	0.01585	0.26912	0.15175	0.00764	0.01927	0.00739	0.00012	0.01276	0.04013	0.01304	0.00850	0.21385
8	0.02793	0.07830	0.24963	0.04933	0.07792	0.04048	0.07347	0.04918	0.04255	0.14555	0.01474	0.01624	0.01977	0.01507	0.00787	0.01367	0.04189	0.00626	0.00933	0.02084

[dist]
# distance from previous block
# <min> <max>
0	3

[block]
# block no. 4 follows, 3151 sequences, length 19
# corresponding to MSA columns:
# 469-484,487,492,493
name=unknown_E
#
# <colnr> <probs for GDERKNQSTAVLIFYWHMCP>
#	G	D	E	R	K	N	Q	S	T	A	V	L	I	F	Y	W	H	M	C	P
0	0.01641	0.04470	0.54877	0.06355	0.01313	0.00516	0.04349	0.01987	0.04794	0.01454	0.05494	0.02304	0.03650	0.01457	0.03053	0.00322	0.00453	0.00801	0.00695	0.00015
1	0.00013	0.00011	0.00012	0.00011	0.00015	9.4e-05	8.6e-05	0.00017	0.00026	0.00032	0.10920	0.02006	0.84253	0.00027	0.00013	3.7e-05	5.5e-05	0.00023	0.02586	9.4e-05
2	0.00760	0.90465	0.03126	0.00019	0.00029	0.01696	0.00564	0.00033	0.00023	0.00906	0.00606	0.00580	0.00015	0.00590	7.6e-05	2.5e-05	0.00012	6.4e-05	0.00547	0.00014
3	0.01522	0.04039	0.23155	0.21756	0.09443	0.03471	0.10638	0.05736	0.04034	0.09185	0.01207	0.01936	0.00777	0.00012	0.00011	0.00324	0.01847	0.00386	0.00506	0.00015
4	0.00613	0.01538	0.01066	0.05220	0.04304	0.00552	0.01531	0.03027	0.03382	0.01252	0.07345	0.30122	0.22069	0.04393	0.04108	0.00632	0.04492	0.03468	0.00877	0.00011
5	0.38237	0.03698	0.00026	0.00023	0.00029	0.55453	0.00018	0.01248	0.00026	0.00036	0.00016	0.00019	0.00013	0.00011	8.9e-05	3.1e-05	0.01109	6.7e-05	6.1e-05	0.00013
6	0.00014	0.00012	0.00013	0.00013	0.00016	9.9e-05	9.7e-05	0.00017	0.00025	0.00031	0.06731	0.10753	0.68796	0.00027	0.00013	3.8e-05	6.1e-05	0.08230	0.00010	0.05269
7	0.06357	0.00018	0.01128	0.07164	0.04034	0.00914	0.03804	0.08390	0.04210	0.03440	0.02196	0.32836	0.00878	0.01915	0.13357	0.00312	0.07875	0.00795	8.3e-05	0.00368
8	0.01363	0.01163	0.10741	0.06426	0.08980	0.08478	0.20092	0.01940	0.00900	0.09507	0.10794	0.01625	0.00613	0.00823	0.02117	0.02335	0.09129	0.00473	0.00585	0.01917
9	0.00707	0.00018	0.00899	0.00019	0.00026	0.00016	0.00016	0.03651	0.02035	0.78534	0.00835	0.00823	0.00028	0.00014	0.00011	3.3e-05	9e-05	0.00860	0.11477	0.00017
10	0.00514	0.02652	0.00026	0.01960	0.00029	0.13545	0.00510	0.19363	0.37942	0.03899	0.00607	0.15159	0.01608	0.00017	0.00011	3.6e-05	0.00011	0.01568	0.00559	0.00015
11	0.01012	0.00353	0.03421	0.16099	0.15952	0.03629	0.04600	0.00346	0.00835	0.00587	0.01984	0.20164	0.10287	0.04021	0.03254	0.00612	0.03370	0.09456	7.5e-05	0.00012
12	0.00529	0.02824	0.16290	0.03980	0.06833	0.02335	0.06296	0.02479	0.02082	0.02427	0.01799	0.38724	0.04174	0.00720	0.00615	0.03225	0.01447	0.02763	0.00445	0.00012
13	0.16997	0.00019	0.00023	0.00018	0.00026	0.00018	0.00015	0.02233	0.00755	0.71135	0.03833	0.01490	0.01200	0.00015	0.00831	3.5e-05	9.2e-05	0.00551	0.00810	0.00017
14	0.02932	0.00013	0.00017	0.00019	0.00452	0.00013	0.00449	0.00455	0.00711	0.03751	0.01646	0.09570	0.05046	0.04284	0.00016	0.01112	9.4e-05	0.68844	0.00651	0.00010
15	0.02124	0.00370	0.06520	0.26413	0.12169	0.02545	0.11424	0.03335	0.04466	0.05575	0.03073	0.06659	0.03342	0.00487	0.02259	0.00535	0.04153	0.02630	0.01910	0.00014
16	0.01138	0.03556	0.13220	0.51578	0.06209	0.02622	0.06255	0.01368	0.02162	0.00733	0.01256	0.04378	0.01577	0.00328	0.00312	3.7e-05	0.00714	0.01931	0.00647	0.00013
17	0.00660	0.00019	0.00024	0.00019	0.00026	0.01308	0.00015	0.04892	0.01303	0.75465	0.01271	0.01225	0.08397	0.00759	0.00011	3.5e-05	9e-05	0.00012	0.04566	0.00017
18	0.00017	0.00012	0.00015	0.00015	0.01121	0.00011	0.00011	0.01238	0.00813	0.04524	0.41605	0.21851	0.22114	0.00919	0.00661	0.01082	6.3e-05	0.01654	0.02321	0.00010

[dist]
# distance from previous block
# <min> <max>
5	45

[block]
# block no. 5 follows, 3151 sequences, length 7
# corresponding to MSA columns:
# 609-615
name=unknown_F
#
# <colnr> <probs for GDERKNQSTAVLIFYWHMCP>
#	G	D	E	R	K	N	Q	S	T	A	V	L	I	F	Y	W	H	M	C	P
0	0.06392	0.30166	0.15103	0.01707	0.04345	0.03012	0.07119	0.02602	0.04629	0.04149	0.01417	0.02519	0.01317	0.00950	0.01038	0.00732	0.01665	0.00833	0.03379	0.06926
1	0.01754	0.01216	0.10630	0.02399	0.03635	0.01853	0.01303	0.01955	0.03000	0.07204	0.03888	0.19396	0.04718	0.07537	0.12014	0.00833	0.12301	0.01593	0.01878	0.00891
2	0.01213	0.00012	0.00016	0.00015	0.00018	0.00011	0.00011	0.01273	0.01316	0.12569	0.31017	0.26220	0.14622	0.03154	0.01539	4.1e-05	7e-05	0.01264	0.02708	0.03009
3	0.00016	0.00012	0.00916	0.03838	0.03158	0.00932	0.01340	0.00923	0.00022	0.01428	0.04013	0.61646	0.11444	0.03666	0.01683	0.01411	0.00924	0.01705	0.00910	9.8e-05
4	0.00018	0.00014	0.00015	0.00015	0.00018	0.02856	0.00011	0.02888	0.07400	0.02327	0.27117	0.11795	0.37177	0.02545	0.02770	4.3e-05	7.3e-05	0.01638	0.01373	0.00011
5	0.00030	0.91178	0.00055	0.00020	0.00029	0.08482	0.00019	0.00034	0.00023	0.00026	0.00015	0.00018	0.00014	9.6e-05	7.3e-05	2.4e-05	0.00012	6e-05	4.8e-05	0.00014
6	0.65100	0.06619	0.00021	0.00016	0.00023	0.00024	0.00013	0.01682	0.02225	0.16903	0.00022	0.00024	0.00016	0.01909	0.02085	0.01671	0.01617	7.5e-05	7.9e-05	0.00013

[dist]
# distance from previous block
# <min> <max>
9	52

[block]
# block no. 6 follows, 3151 sequences, length 29
# corresponding to MSA columns:
# 757,758,760-777,780-786,788,790
name=unknown_G
#
# <colnr> <probs for GDERKNQSTAVLIFYWHMCP>
#	G	D	E	R	K	N	Q	S	T	A	V	L	I	F	Y	W	H	M	C	P
0	0.02101	0.00345	0.00487	0.01833	0.02927	0.03189	0.00314	0.14298	0.18609	0.31567	0.01202	0.00799	0.00027	0.00952	0.00765	0.00213	0.00776	0.01187	0.08706	0.09701
1	0.00015	0.00012	0.01049	0.01491	0.00494	0.00011	0.01508	0.00019	0.00026	0.00387	0.29187	0.16345	0.41560	0.01966	0.00575	0.00416	0.00386	0.02757	0.00389	0.01409
2	0.00016	0.00012	0.00265	0.00250	0.00874	0.00904	0.00010	0.01105	0.00892	0.00719	0.44228	0.00449	0.44556	0.00426	0.00508	0.01675	6.1e-05	0.00249	0.00239	0.02616
3	0.13421	0.01506	0.00486	0.03879	0.71164	0.00692	0.02326	0.01879	0.00024	0.00537	0.00298	0.00026	0.00017	0.00349	0.00746	3.5e-05	0.02614	9.3e-05	5.8e-05	0.00016
4	0.91344	0.00021	0.00017	0.00015	0.00022	0.00024	0.00012	0.00034	0.00020	0.08385	0.00018	0.00020	0.00013	0.00010	7.2e-05	3.4e-05	8.6e-05	6.4e-05	7.4e-05	0.00012
5	0.00029	0.96490	0.03186	0.00019	0.00029	0.00043	0.00020	0.00033	0.00022	0.00026	0.00015	0.00018	0.00014	9.4e-05	7.2e-05	2.4e-05	0.00012	6e-05	4.7e-05	0.00014
6	0.10064	0.04728	0.06854	0.06146	0.03131	0.01247	0.05869	0.17045	0.02233	0.35248	0.00740	0.03356	0.00024	0.00292	0.00388	3.5e-05	0.00283	0.01871	0.00462	0.00016
7	0.00024	0.01411	0.00399	0.18776	0.31952	0.04397	0.03011	0.04635	0.05399	0.02984	0.02830	0.16464	0.04328	0.00436	0.00726	3.7e-05	0.01602	0.00349	0.00258	0.00014
8	0.00029	0.00914	0.01844	0.00489	0.00250	0.00252	0.00331	0.40700	0.00471	0.04089	0.18924	0.00922	0.07199	0.03223	0.06124	4.5e-05	0.02490	0.00582	0.11150	0.00014
9	0.00629	0.01310	0.00780	0.02986	0.01220	0.03124	0.03765	0.02021	0.01853	0.27320	0.09813	0.16828	0.07775	0.02303	0.03241	4e-05	0.00578	0.01430	0.00444	0.12577
10	0.01988	0.00333	0.08085	0.00433	0.00032	0.01649	0.04685	0.51025	0.02864	0.13959	0.02134	0.01713	0.00932	0.00013	0.00011	3.3e-05	0.00575	0.00011	0.08476	0.01078
11	0.00014	0.00011	0.00012	0.00012	0.00015	9.5e-05	8.7e-05	0.00017	0.00026	0.00824	0.14239	0.00861	0.82903	0.00027	0.00013	3.7e-05	5.6e-05	0.00023	0.00967	9.5e-05
12	0.03838	0.00021	0.00027	0.00021	0.00719	0.00020	0.00017	0.22403	0.00035	0.69711	0.00039	0.00036	0.00026	0.00014	0.00011	3.4e-05	0.0001	0.02290	0.00742	0.00018
13	0.01163	0.00018	0.00024	0.00019	0.00027	0.00016	0.00016	0.01766	0.00531	0.84859	0.00581	0.00859	0.00456	0.00014	0.00011	3.4e-05	9.1e-05	0.03114	0.06494	0.00018
14	0.02934	0.00019	0.00025	0.00020	0.00028	0.00017	0.00016	0.01911	0.00032	0.94813	0.00042	0.00037	0.00027	0.00014	0.00011	3.4e-05	9.4e-05	0.00011	0.00013	0.00019
15	0.01273	0.00030	0.00032	0.00025	0.00034	0.00033	0.00021	0.93866	0.00050	0.04484	0.00027	0.00027	0.00019	0.00013	0.00011	3.3e-05	0.00012	9.9e-05	0.00011	0.00019
16	0.00014	0.00011	0.00012	0.00012	0.00015	9.6e-05	8.9e-05	0.00017	0.00026	0.00033	0.21656	0.01676	0.73091	0.00026	0.00013	3.7e-05	5.5e-05	0.00721	0.02638	9.6e-05
17	0.00015	0.00011	0.00013	0.00014	0.00016	9.6e-05	0.00010	0.00018	0.00025	0.01546	0.25644	0.45549	0.23716	0.00653	0.00700	4.2e-05	6.2e-05	0.02031	0.00011	9.6e-05
18	0.00049	0.01187	0.00026	0.00020	0.00028	0.00017	0.00016	0.01258	0.00032	0.97180	0.00043	0.00037	0.00027	0.00014	0.00011	3.4e-05	9.4e-05	0.00011	0.00013	0.00019
19	0.00027	0.00026	0.00045	0.00068	0.99545	0.00026	0.00034	0.00034	0.00025	0.00036	0.00021	0.00027	0.00017	9.8e-05	0.00011	3.3e-05	0.00013	9.8e-05	5.4e-05	0.00017
20	0.00285	0.00406	0.04847	0.00017	0.00021	0.00876	0.01981	0.00371	0.13010	0.02894	0.70728	0.00752	0.01383	0.00021	0.00517	3.6e-05	0.00457	0.00018	0.01403	0.00012
21	0.00403	0.01470	0.04998	0.01430	0.00412	0.00601	0.00892	0.08133	0.31189	0.11748	0.04575	0.01532	0.02792	0.05132	0.14339	0.03596	0.05057	0.00685	0.01001	0.00014
22	0.00021	0.00020	0.00033	0.93323	0.04836	0.00024	0.00030	0.00028	0.00022	0.00029	0.00020	0.00029	0.00015	0.00011	0.00011	3.6e-05	0.00014	9.8e-05	0.01507	0.00012
23	0.00029	0.99620	0.00058	0.00019	0.00028	0.00044	0.00019	0.00033	0.00022	0.00026	0.00015	0.00018	0.00014	9.4e-05	7.1e-05	2.4e-05	0.00012	5.9e-05	4.7e-05	0.00014
24	0.01129	0.07538	0.08945	0.43122	0.04814	0.04820	0.06088	0.02259	0.01895	0.11310	0.00294	0.00853	0.00298	0.00820	0.00290	0.00197	0.04199	0.00497	0.00619	0.00014
25	0.00258	0.01647	0.14922	0.00962	0.00689	0.00222	0.03163	0.00400	0.00783	0.01975	0.03117	0.30763	0.12015	0.01545	0.11090	0.02035	0.01515	0.12493	0.00394	0.00011
26	0.00018	0.00013	0.00017	0.00019	0.00022	0.00013	0.00017	0.00904	0.00584	0.00033	0.00925	0.04504	0.03922	0.00498	0.00015	4.9e-05	9.7e-05	0.86616	0.01856	0.00010
27	0.00862	0.04964	0.09434	0.07781	0.08107	0.02406	0.05777	0.03746	0.05936	0.12178	0.14737	0.08072	0.07842	0.00576	0.01453	0.00430	0.01077	0.02041	0.02567	0.00014
28	0.02545	0.10194	0.33102	0.10868	0.06046	0.01835	0.07220	0.02802	0.02353	0.11981	0.01986	0.02067	0.02709	0.00539	0.00468	3.5e-05	0.01125	0.01523	0.00618	0.00015

[dist]
# distance from previous block
# <min> <max>
1	2

[block]
# block no. 7 follows, 3151 sequences, length 30
# corresponding to MSA columns:
# 793,794,800-804,830-843,846-849,855-859
name=unknown_H
#
# <colnr> <probs for GDERKNQSTAVLIFYWHMCP>
#	G	D	E	R	K	N	Q	S	T	A	V	L	I	F	Y	W	H	M	C	P
0	0.07252	0.36717	0.04051	0.00022	0.00387	0.00798	0.00020	0.05999	0.00025	0.22225	0.00397	0.00025	0.00018	0.00013	0.00014	3.3e-05	0.20142	8.2e-05	0.00623	0.01261
1	0.02923	0.04065	0.17365	0.07506	0.18271	0.02384	0.12303	0.03882	0.03306	0.13498	0.02875	0.06634	0.01776	0.00221	0.00446	0.00218	0.00982	0.00458	0.00379	0.00507
2	0.00542	0.05311	0.18023	0.10184	0.12318	0.00677	0.13022	0.01537	0.04170	0.03610	0.06084	0.11686	0.07634	0.01124	0.00858	0.00196	0.01605	0.00874	0.00534	0.00014
3	0.00017	0.00266	0.00311	0.00290	0.00020	0.00410	0.00014	0.00272	0.00247	0.01319	0.00652	0.02378	0.00732	0.17484	0.60700	0.02022	0.11540	0.00401	0.00916	9.6e-05
4	0.00528	0.00464	0.00809	0.00267	0.02316	0.00622	0.01436	0.01603	0.00702	0.01882	0.00267	0.00243	0.00243	8.9e-05	0.00254	1.9e-05	0.00264	0.00233	6.7e-05	0.87850
5	0.29017	0.07062	0.20438	0.01141	0.01944	0.01975	0.15472	0.00790	0.00201	0.04255	0.02759	0.01535	0.00374	0.00566	0.01758	0.00217	0.06246	0.02793	0.00565	0.00892
6	0.00016	0.00012	0.00017	0.00017	0.00019	0.00014	0.00013	0.00019	0.00018	0.00025	0.00030	0.00045	0.00028	0.07881	0.89694	0.01113	0.01011	0.00012	5.9e-05	9.5e-05
7	0.59715	0.11613	0.03433	0.01584	0.02238	0.07073	0.01883	0.02229	0.00374	0.02761	0.00018	0.01405	0.00015	0.00417	0.00547	3.4e-05	0.02929	0.00414	0.01334	0.00013
8	0.00016	0.00010	0.00013	0.00013	0.00013	0.00010	7.9e-05	0.00446	0.00017	0.00022	0.01255	0.10884	0.02112	0.64620	0.01600	0.18077	0.00010	0.00859	6.9e-05	6.8e-05
9	0.02625	0.14297	0.23051	0.00743	0.03699	0.03316	0.00942	0.04270	0.00877	0.39757	0.00716	0.00604	0.00717	0.00563	0.00466	3.4e-05	0.02148	0.00196	0.00340	0.00670
10	0.04398	0.03181	0.02881	0.12273	0.29588	0.02762	0.11887	0.08923	0.04246	0.05662	0.04464	0.01064	0.03295	0.00242	0.00205	3.5e-05	0.04497	0.00210	0.00201	0.00015
11	0.00610	0.00036	0.00032	0.00028	0.00031	0.43239	0.00023	0.00823	0.00024	0.00673	0.00016	0.00022	0.00015	0.00016	0.00024	3.9e-05	0.53598	8.5e-05	0.00766	0.00012
12	0.00029	0.00451	0.00305	0.00873	0.62779	0.00355	0.00545	0.01382	0.00027	0.15123	0.06465	0.00041	0.00029	0.00626	0.00302	3.5e-05	0.00012	0.08358	0.02278	0.00016
13	0.97935	0.00021	0.00016	0.00015	0.00021	0.00025	0.00012	0.00033	0.00019	0.01803	0.00016	0.00018	0.00012	0.00010	6.9e-05	3.4e-05	8.5e-05	6e-05	6.9e-05	0.00012
14	0.00016	0.00012	0.00018	0.00018	0.00020	0.00014	0.00014	0.00020	0.00018	0.00026	0.00029	0.00043	0.00028	0.00083	0.99570	0.00018	0.00029	0.00012	5.9e-05	9.8e-05
15	0.47467	0.00318	0.00020	0.00016	0.00024	0.00712	0.00351	0.03754	0.00463	0.07812	0.00553	0.02505	0.00645	0.00247	0.00402	2.9e-05	0.00436	7.7e-05	0.01892	0.32371
16	0.00029	0.00024	0.00025	0.00022	0.00029	0.00027	0.00017	0.10633	0.83470	0.01912	0.02656	0.00041	0.00034	0.00015	0.00011	3.7e-05	9e-05	0.00012	0.01013	0.00017
17	0.00563	0.00516	0.03069	0.04076	0.38573	0.00558	0.03477	0.03211	0.00721	0.23006	0.02775	0.01020	0.00800	0.00278	0.00242	3.1e-05	0.00206	0.00199	0.00214	0.16493
18	0.00826	0.02927	0.22531	0.03457	0.10430	0.00731	0.10143	0.02561	0.02250	0.20402	0.09138	0.07939	0.01250	0.02476	0.00467	3.8e-05	0.01058	0.00698	0.00202	0.00510
19	0.00878	0.00024	0.00033	0.00029	0.00029	0.00033	0.00024	0.00027	0.00017	0.00909	0.00015	0.00024	0.00015	0.00020	0.00882	4.9e-05	0.97010	9.6e-05	4.9e-05	0.00012
20	0.00478	0.00235	0.00346	0.22516	0.05576	0.00227	0.02613	0.01263	0.01609	0.00920	0.02716	0.35924	0.11810	0.04200	0.03019	0.00206	0.00010	0.06118	0.00202	0.00011
21	0.00540	0.06373	0.34417	0.03117	0.07087	0.01840	0.09020	0.03621	0.03110	0.24915	0.00790	0.03526	0.00594	0.00013	0.00292	3.5e-05	0.00376	0.00342	7.8e-05	0.00016
22	0.08934	0.00020	0.00939	0.02781	0.05145	0.00699	0.01040	0.01616	0.00997	0.67903	0.02116	0.03930	0.00866	0.00015	0.00406	3.5e-05	0.00249	0.01392	0.00932	0.00017
23	0.00014	0.00010	0.00012	0.00014	0.00016	9.3e-05	9.6e-05	0.00016	0.00481	0.00514	0.03136	0.53714	0.39809	0.00031	0.00454	4.2e-05	6.2e-05	0.01194	0.00545	9.2e-05
24	0.01874	0.05458	0.16912	0.16031	0.15358	0.01798	0.05147	0.01815	0.03357	0.17059	0.01468	0.07405	0.02206	0.00231	0.00861	0.00218	0.01592	0.00741	0.00452	0.00015
25	0.00680	0.02304	0.23952	0.13730	0.20264	0.03271	0.09988	0.02310	0.05849	0.07699	0.01551	0.04165	0.00739	0.00324	0.00011	3.6e-05	0.00789	0.02102	0.00253	0.00015
26	0.00787	0.00284	0.00640	0.02827	0.02470	0.02122	0.01975	0.00616	0.00244	0.01214	0.00807	0.21807	0.01883	0.08129	0.26115	0.00541	0.26326	0.00641	0.00562	0.00011
27	0.96306	0.00022	0.00783	0.00592	0.00660	0.00025	0.00012	0.00855	0.00019	0.00049	0.00016	0.00018	0.00012	0.00010	6.9e-05	3.4e-05	8.7e-05	6.1e-05	6.8e-05	0.00589
28	0.00479	0.00323	0.01416	0.00771	0.00811	0.00014	0.00538	0.01270	0.02227	0.12312	0.16081	0.06732	0.13235	0.00731	0.01775	0.00244	0.00211	0.00476	0.00336	0.40019
29	0.00028	0.00021	0.00023	0.00020	0.00331	0.00539	0.00480	0.19829	0.41529	0.00504	0.02683	0.06879	0.05018	0.00345	0.00012	3.7e-05	0.00504	0.00656	0.20579	0.00016

[dist]
# distance from previous block
# <min> <max>
1	2

[block]
# block no. 8 follows, 3151 sequences, length 10
# corresponding to MSA columns:
# 868-877
name=unknown_I
#
# <colnr> <probs for GDERKNQSTAVLIFYWHMCP>
#	G	D	E	R	K	N	Q	S	T	A	V	L	I	F	Y	W	H	M	C	P
0	0.00731	0.00665	0.09790	0.00020	0.00024	0.00017	0.05637	0.02834	0.00725	0.02302	0.04870	0.14553	0.26470	0.05007	0.08741	0.01050	0.13670	0.01528	0.01354	0.00011
1	0.00024	0.00024	0.00034	0.00029	0.00029	0.00032	0.03307	0.00027	0.02716	0.00027	0.00016	0.00026	0.00016	0.00022	0.04594	5.3e-05	0.89045	9.9e-05	5.1e-05	0.00012
2	0.00021	0.00020	0.00033	0.99587	0.00076	0.00024	0.00031	0.00028	0.00022	0.00028	0.00020	0.00029	0.00015	0.00011	0.00011	3.7e-05	0.00015	9.8e-05	4.9e-05	0.00012
3	0.00022	0.00678	0.01035	0.25798	0.26991	0.00964	0.03599	0.01661	0.02254	0.02300	0.02272	0.12301	0.04083	0.01670	0.02367	0.01303	0.02664	0.06586	0.00699	0.00754
4	0.01359	0.01062	0.00030	0.01303	0.00949	0.03264	0.00020	0.65697	0.16069	0.00807	0.01063	0.01927	0.00023	0.01038	0.01044	3.6e-05	0.00740	0.00011	0.00805	0.02787
5	0.00017	0.00011	0.00013	0.00013	0.00014	0.00012	8.3e-05	0.02781	0.00017	0.00023	0.00033	0.00066	0.00037	0.76970	0.10729	0.06724	0.00013	0.02502	6.7e-05	7.3e-05
6	0.04489	0.03712	0.04542	0.09359	0.11017	0.04653	0.01652	0.05589	0.06813	0.22208	0.02764	0.10680	0.04189	0.00620	0.00012	3.6e-05	0.03787	0.01089	0.02808	0.00015
7	0.05938	0.00724	0.01080	0.05604	0.05724	0.07134	0.03022	0.01213	0.02631	0.00649	0.02739	0.14341	0.03005	0.01379	0.02795	0.00910	0.01610	0.00569	0.00762	0.38170
8	0.02294	0.01460	0.00792	0.02304	0.15692	0.08317	0.00669	0.01436	0.04381	0.01319	0.35408	0.09003	0.08526	0.01603	0.00531	0.00537	0.01316	0.00969	0.01685	0.01757
9	0.04447	0.04027	0.01659	0.13558	0.17181	0.02511	0.04630	0.03550	0.01492	0.11734	0.05192	0.05427	0.06644	0.04700	0.01618	0.00980	0.01501	0.00834	0.00838	0.07477

[dist]
# distance from previous block
# <min> <max>
0	132

# created by:
# /home/cegg/simao/soft/augustus-3.2.1/scripts/msa2prfl.pl ./align_prep/POG091H011N.fa
