[name]
unknown

[dist]
# distance from previous block
# <min> <max>
0	254

[block]
# block no. 0 follows, 2215 sequences, length 10
# corresponding to MSA columns:
# 324,325,329-333,337-339
name=unknown_A
#
# <colnr> <probs for GDERKNQSTAVLIFYWHMCP>
#	G	D	E	R	K	N	Q	S	T	A	V	L	I	F	Y	W	H	M	C	P
0	0.01491	0.02347	0.15783	0.05017	0.09746	0.03086	0.06641	0.06891	0.14558	0.01995	0.09493	0.01385	0.04446	0.00771	0.01638	0.00556	0.01873	0.10466	0.01026	0.00791
1	0.00933	0.00021	0.01927	0.07545	0.02622	0.00844	0.02869	0.00873	0.02059	0.04174	0.09695	0.17116	0.20599	0.14083	0.06487	0.03092	0.01388	0.01596	0.01479	0.00600
2	0.01132	0.04756	0.13316	0.07258	0.09432	0.01672	0.04620	0.04361	0.09575	0.03550	0.05023	0.03429	0.07645	0.04603	0.08699	0.00644	0.04943	0.01029	0.01008	0.03307
3	0.01269	0.00022	0.00026	0.01122	0.01341	0.01056	0.00019	0.11910	0.12076	0.03596	0.09928	0.38388	0.10386	0.02642	0.00020	0.00868	0.01066	0.01251	0.02330	0.00684
4	0.01742	0.05186	0.06806	0.03865	0.05987	0.10058	0.02304	0.04676	0.05494	0.11738	0.02241	0.08290	0.01101	0.01952	0.01301	0.00748	0.04733	0.01791	0.01081	0.18906
5	0.04938	0.28436	0.01561	0.01660	0.01993	0.16111	0.01019	0.23452	0.13848	0.01061	0.00034	0.00881	0.00027	0.00018	0.01145	4.6e-05	0.01532	0.00012	0.02245	0.00022
6	0.01078	0.02432	0.36627	0.01580	0.00767	0.00028	0.01194	0.02139	0.01924	0.12502	0.07100	0.09539	0.01326	0.05571	0.00745	0.00687	0.00583	0.00606	0.00011	0.13559
7	0.01668	0.12108	0.32665	0.01584	0.04003	0.04876	0.10055	0.04891	0.03478	0.15121	0.01428	0.01282	0.00824	0.00828	0.01046	0.00515	0.01795	0.00534	0.00602	0.00697
8	0.01684	0.20236	0.26952	0.00872	0.03434	0.01216	0.06981	0.03064	0.02611	0.25843	0.00724	0.00673	0.00643	0.00605	0.00640	4.8e-05	0.01476	0.01423	0.00896	0.00023
9	0.00034	0.00029	0.00032	0.00030	0.00037	0.00874	0.01637	0.01494	0.62286	0.01054	0.03477	0.08099	0.02660	0.00885	0.00018	5.7e-05	0.01011	0.15207	0.01108	0.00021

[dist]
# distance from previous block
# <min> <max>
1	5

[block]
# block no. 1 follows, 2215 sequences, length 8
# corresponding to MSA columns:
# 345-347,353-355,358,359
name=unknown_B
#
# <colnr> <probs for GDERKNQSTAVLIFYWHMCP>
#	G	D	E	R	K	N	Q	S	T	A	V	L	I	F	Y	W	H	M	C	P
0	0.01365	0.06787	0.11866	0.10642	0.06269	0.04282	0.10665	0.03409	0.03069	0.28290	0.01296	0.03218	0.01022	0.00716	0.00863	0.00693	0.03233	0.00858	0.00753	0.00704
1	0.00023	0.00016	0.00020	0.01127	0.00024	0.00015	0.01057	0.01015	0.01174	0.02447	0.03122	0.47691	0.08278	0.23752	0.01906	0.05543	0.00012	0.01716	0.01051	0.00013
2	0.59040	0.00029	0.00028	0.00023	0.00034	0.00031	0.00019	0.04071	0.00035	0.32155	0.00037	0.00036	0.00025	0.00016	0.00012	4.8e-05	0.00012	0.00011	0.04361	0.00020
3	0.04005	0.05566	0.15424	0.10644	0.13912	0.02257	0.10873	0.02719	0.02513	0.15093	0.01978	0.02607	0.02381	0.02927	0.01936	0.00708	0.01910	0.01756	0.00771	0.00021
4	0.00999	0.01620	0.08768	0.16585	0.16491	0.01553	0.07485	0.03896	0.03384	0.11398	0.03097	0.11028	0.05696	0.02337	0.00935	0.00965	0.01598	0.01170	0.00975	0.00020
5	0.04369	0.00016	0.00019	0.00021	0.00023	0.00015	0.00015	0.00026	0.01324	0.01703	0.06620	0.59555	0.14133	0.04701	0.01258	0.01694	9.9e-05	0.03212	0.01272	0.00013
6	0.33606	0.00028	0.00031	0.00026	0.00036	0.00028	0.00995	0.04839	0.01394	0.48452	0.02991	0.01052	0.01412	0.01021	0.00992	0.00990	0.01005	0.01066	0.00015	0.00022
7	0.03246	0.01803	0.14422	0.09532	0.20717	0.04207	0.12505	0.07753	0.05837	0.08526	0.01112	0.01321	0.00807	0.00717	0.00727	5.1e-05	0.02775	0.01025	0.00725	0.02236

[dist]
# distance from previous block
# <min> <max>
5	20

[block]
# block no. 2 follows, 2215 sequences, length 24
# corresponding to MSA columns:
# 404,406-423,425-427,429,431
name=unknown_C
#
# <colnr> <probs for GDERKNQSTAVLIFYWHMCP>
#	G	D	E	R	K	N	Q	S	T	A	V	L	I	F	Y	W	H	M	C	P
0	0.00025	0.00019	0.00023	0.01176	0.00691	0.01519	0.00754	0.01258	0.05892	0.02552	0.53977	0.13178	0.11655	0.02072	0.00020	0.00314	0.00612	0.01237	0.03010	0.00015
1	0.00020	0.00016	0.00018	0.00019	0.00022	0.00014	0.00014	0.00025	0.00488	0.00549	0.30474	0.19270	0.43474	0.01453	0.02060	0.00624	8.9e-05	0.00947	0.00492	0.00014
2	0.02130	0.00269	0.01477	0.00680	0.00492	0.00402	0.01849	0.03596	0.05758	0.15252	0.06725	0.19198	0.04305	0.05675	0.17768	0.01302	0.03147	0.01745	0.07518	0.00713
3	0.00020	0.00014	0.00018	0.00022	0.00023	0.00013	0.00015	0.00023	0.00030	0.01019	0.00674	0.90746	0.01308	0.02433	0.01102	6.7e-05	9.6e-05	0.01657	0.00854	0.00013
4	0.00951	0.09425	0.12567	0.04998	0.02152	0.08152	0.04327	0.12200	0.09386	0.03695	0.04924	0.00973	0.08045	0.01941	0.05540	0.01037	0.08224	0.00451	0.00990	0.00020
5	0.96837	0.00030	0.00023	0.00021	0.00030	0.00035	0.00017	0.00047	0.00027	0.02789	0.00023	0.00026	0.00018	0.00015	9.8e-05	4.8e-05	0.00012	8.7e-05	9.9e-05	0.00017
6	0.05530	0.59613	0.14527	0.00030	0.00575	0.03847	0.01096	0.01431	0.02475	0.00770	0.00570	0.00030	0.00398	0.00015	0.00777	3.9e-05	0.00431	9.7e-05	7.6e-05	0.07864
7	0.00019	0.00014	0.00018	0.00022	0.00023	0.00013	0.00015	0.00022	0.00030	0.00040	0.01801	0.90239	0.02535	0.01187	0.00021	6.4e-05	9.3e-05	0.03957	0.00014	0.00013
8	0.95736	0.00030	0.00024	0.01422	0.00032	0.00035	0.00017	0.00047	0.00027	0.02488	0.00023	0.00026	0.00017	0.00015	9.9e-05	4.8e-05	0.00012	8.7e-05	9.9e-05	0.00017
9	0.00746	0.00027	0.00035	0.00028	0.00039	0.00025	0.00023	0.05729	0.07943	0.73498	0.06412	0.00062	0.00830	0.00021	0.00016	4.9e-05	0.00013	0.03541	0.00982	0.00025
10	0.99562	0.00030	0.00023	0.00021	0.00030	0.00035	0.00017	0.00046	0.00027	0.00070	0.00022	0.00025	0.00017	0.00014	9.7e-05	4.8e-05	0.00012	8.5e-05	9.7e-05	0.00017
11	0.00039	0.00037	0.00063	0.00096	0.99354	0.00037	0.00048	0.00048	0.00036	0.00051	0.00029	0.00039	0.00025	0.00014	0.00015	4.6e-05	0.00019	0.00014	7.7e-05	0.00025
12	0.00040	0.00034	0.00036	0.00032	0.00041	0.00039	0.00025	0.04514	0.94893	0.00067	0.00062	0.00057	0.00047	0.00021	0.00016	5.3e-05	0.00013	0.00017	0.00016	0.00025
13	0.00039	0.00032	0.02384	0.01154	0.00353	0.00448	0.01711	0.02763	0.63457	0.07131	0.08604	0.01498	0.00515	0.01510	0.01117	5.6e-05	0.05396	0.00342	0.01519	0.00023
14	0.00021	0.00015	0.00018	0.00020	0.00021	0.00014	0.00013	0.00023	0.00951	0.00036	0.00597	0.49089	0.03079	0.41905	0.00557	0.00521	0.00012	0.02560	0.00537	0.00011
15	0.00043	0.00030	0.00033	0.00029	0.00037	0.00032	0.00023	0.16261	0.42054	0.15854	0.17147	0.00069	0.02811	0.00023	0.00016	5e-05	0.00012	0.02048	0.03451	0.00023
16	0.00628	0.00035	0.00740	0.44725	0.23088	0.00775	0.25275	0.00848	0.00725	0.01717	0.00030	0.00041	0.00023	0.00015	0.00017	5.1e-05	0.01272	0.00015	7.7e-05	0.00020
17	0.68706	0.00030	0.01684	0.00429	0.01167	0.00388	0.00296	0.03712	0.00952	0.13344	0.00031	0.00408	0.00363	0.03065	0.03820	0.00281	0.00753	0.00542	0.00011	0.00018
18	0.00021	0.00015	0.00018	0.00019	0.00022	0.00014	0.00013	0.00025	0.00476	0.01922	0.10136	0.30352	0.32376	0.18184	0.01461	0.01150	0.00010	0.03326	0.00445	0.00013
19	0.14025	0.00022	0.00027	0.00024	0.00031	0.00021	0.00018	0.01351	0.01111	0.40296	0.06398	0.24368	0.07330	0.00029	0.00016	5.2e-05	0.00011	0.01925	0.02971	0.00019
20	0.00428	0.01758	0.10961	0.29880	0.18575	0.00482	0.16423	0.02452	0.01542	0.07339	0.01045	0.02383	0.00410	0.00284	0.00018	0.00538	0.03744	0.00937	0.00418	0.00382
21	0.47409	0.00031	0.02564	0.01339	0.00522	0.00675	0.01237	0.06355	0.02755	0.29754	0.00892	0.01222	0.00028	0.01241	0.01653	5.3e-05	0.01397	0.00013	0.00887	0.00021
22	0.00021	0.00584	0.00020	0.00472	0.00315	0.00014	0.00308	0.00467	0.00030	0.02122	0.00905	0.77180	0.00975	0.06552	0.01730	0.00570	0.00324	0.06372	0.01024	0.00013
23	0.77382	0.04488	0.02549	0.00378	0.01225	0.04018	0.00955	0.00976	0.00444	0.01678	0.00026	0.01521	0.00021	0.00554	0.00011	4.9e-05	0.00849	0.02040	0.00376	0.00503

[dist]
# distance from previous block
# <min> <max>
3	8

[block]
# block no. 3 follows, 2215 sequences, length 12
# corresponding to MSA columns:
# 478-484,486-490
name=unknown_D
#
# <colnr> <probs for GDERKNQSTAVLIFYWHMCP>
#	G	D	E	R	K	N	Q	S	T	A	V	L	I	F	Y	W	H	M	C	P
0	0.01614	0.00018	0.00022	0.00021	0.00026	0.00017	0.00016	0.00035	0.08153	0.05067	0.54230	0.04590	0.21505	0.00032	0.00018	5.1e-05	8.6e-05	0.02841	0.00016	0.01766
1	0.02691	0.00813	0.00578	0.02617	0.30508	0.05715	0.01170	0.10707	0.23403	0.05366	0.05170	0.03135	0.02041	0.00019	0.00016	4.8e-05	0.00659	0.00575	0.00939	0.03873
2	0.00060	0.00043	0.00046	0.00035	0.00048	0.00047	0.00029	0.92830	0.00072	0.06573	0.00039	0.00039	0.00027	0.00019	0.00016	4.7e-05	0.00017	0.00014	0.00016	0.00027
3	0.00034	0.00028	0.00034	0.06506	0.00042	0.00022	0.00020	0.02228	0.00033	0.02137	0.00029	0.00034	0.00023	0.00012	0.00012	2.6e-05	0.00012	9.8e-05	9.5e-05	0.88772
4	0.00042	0.00035	0.00037	0.00032	0.00042	0.00040	0.00025	0.14513	0.84890	0.00070	0.00060	0.00055	0.00045	0.00021	0.00016	5.2e-05	0.00013	0.00017	0.00016	0.00025
5	0.00023	0.00016	0.00019	0.00019	0.00020	0.00016	0.00012	0.00024	0.00023	0.00032	0.00047	0.00091	0.00052	0.72057	0.27467	0.00018	0.00022	0.00021	9.2e-05	0.00011
6	0.01100	0.00788	0.00034	0.00030	0.00038	0.09307	0.00707	0.03044	0.52685	0.09074	0.15972	0.01025	0.03502	0.00023	0.00016	5e-05	0.00013	0.00888	0.00731	0.01017
7	0.00019	0.00015	0.00018	0.01449	0.00023	0.00014	0.00014	0.00023	0.00032	0.00041	0.02506	0.51342	0.38142	0.01987	0.03096	6.6e-05	9.9e-05	0.01235	0.00014	0.00013
8	0.00030	0.00019	0.01202	0.00023	0.00028	0.00018	0.02466	0.01485	0.00041	0.14833	0.43542	0.06975	0.17739	0.01211	0.00732	5.5e-05	0.00989	0.07703	0.00942	0.00016
9	0.00486	0.00563	0.25226	0.24099	0.06639	0.12777	0.08211	0.04277	0.01907	0.00876	0.00519	0.02721	0.02581	0.00737	0.00607	0.01594	0.03977	0.01422	0.00761	0.00020
10	0.00888	0.01053	0.40329	0.02385	0.00050	0.00598	0.02455	0.05039	0.02683	0.01537	0.11405	0.01388	0.04821	0.00529	0.00966	4.7e-05	0.02956	0.00637	0.00543	0.19732
11	0.00024	0.00019	0.00028	0.00028	0.00030	0.00024	0.00022	0.00029	0.00025	0.00037	0.00041	0.03374	0.00040	0.00099	0.77890	0.00021	0.15403	0.02844	8.5e-05	0.00014

[dist]
# distance from previous block
# <min> <max>
3	25

[block]
# block no. 4 follows, 2215 sequences, length 10
# corresponding to MSA columns:
# 566-575
name=unknown_E
#
# <colnr> <probs for GDERKNQSTAVLIFYWHMCP>
#	G	D	E	R	K	N	Q	S	T	A	V	L	I	F	Y	W	H	M	C	P
0	0.00023	0.00016	0.00020	0.00021	0.00024	0.00014	0.00015	0.00028	0.01437	0.05238	0.23635	0.48341	0.10448	0.05789	0.00023	6.3e-05	9.3e-05	0.03604	0.01295	0.00014
1	0.00027	0.00019	0.00026	0.00908	0.00852	0.01990	0.01006	0.00701	0.00728	0.05633	0.09484	0.02137	0.05308	0.14711	0.42937	0.06303	0.04793	0.00688	0.01735	0.00014
2	0.00034	0.00033	0.00047	0.00040	0.00040	0.00046	0.00033	0.00037	0.00024	0.00038	0.00022	0.00036	0.00021	0.00032	0.05043	7.7e-05	0.94429	0.00014	6.9e-05	0.00017
3	0.00024	0.00016	0.00020	0.00021	0.00023	0.00016	0.00015	0.00028	0.00031	0.02996	0.17753	0.08710	0.03107	0.40975	0.02229	0.01135	0.00013	0.19167	0.03709	0.00013
4	0.00042	0.99461	0.00082	0.00027	0.00040	0.00062	0.00027	0.00047	0.00032	0.00037	0.00022	0.00025	0.00020	0.00013	0.00010	3.3e-05	0.00017	8.3e-05	6.7e-05	0.00020
5	0.00031	0.00017	0.00022	0.00022	0.00026	0.00016	0.00016	0.00035	0.01384	0.19196	0.17066	0.38003	0.02028	0.14938	0.00028	0.01388	0.00011	0.03279	0.02478	0.00015
6	0.00023	0.00018	0.00027	0.00026	0.00029	0.00020	0.03362	0.00028	0.00025	0.00036	0.00042	0.00062	0.00039	0.03551	0.92607	0.00024	0.00040	0.00017	8.4e-05	0.00014
7	0.00030	0.00028	0.00046	0.91054	0.00101	0.00034	0.00042	0.00040	0.02534	0.00040	0.00030	0.03105	0.00024	0.00017	0.00017	5.3e-05	0.02813	0.00015	7.4e-05	0.00017
8	0.00020	0.00014	0.00018	0.00021	0.00023	0.00013	0.00014	0.00024	0.00032	0.01487	0.06041	0.67525	0.15923	0.04102	0.00022	6.4e-05	9.2e-05	0.03202	0.01490	0.00013
9	0.17544	0.05071	0.26157	0.02059	0.01478	0.05364	0.01303	0.10487	0.02411	0.14870	0.02601	0.03170	0.00884	0.03083	0.00644	5.2e-05	0.01081	0.00014	0.00909	0.00865

[dist]
# distance from previous block
# <min> <max>
3	34

[block]
# block no. 5 follows, 2215 sequences, length 6
# corresponding to MSA columns:
# 613,639,640,642,643,645
name=unknown_F
#
# <colnr> <probs for GDERKNQSTAVLIFYWHMCP>
#	G	D	E	R	K	N	Q	S	T	A	V	L	I	F	Y	W	H	M	C	P
0	0.05123	0.28821	0.11071	0.01952	0.01604	0.02316	0.02720	0.10322	0.03395	0.08975	0.05816	0.01981	0.01466	0.06417	0.03426	0.01289	0.01339	0.00907	0.00010	0.01049
1	0.00025	0.01974	0.03122	0.00024	0.00028	0.00018	0.01574	0.01420	0.03989	0.04388	0.04547	0.45257	0.21911	0.01612	0.00020	6e-05	0.01430	0.08626	0.00014	0.00015
2	0.47610	0.17599	0.05839	0.01070	0.00036	0.03585	0.01266	0.01120	0.00030	0.02919	0.02494	0.02041	0.00027	0.01657	0.06437	6.1e-05	0.02845	0.01052	0.01201	0.01164
3	0.01283	0.02487	0.00023	0.00022	0.00025	0.00019	0.00016	0.01410	0.01198	0.02028	0.03077	0.37808	0.11906	0.16119	0.04452	0.02749	0.05067	0.01827	0.01189	0.07295
4	0.01775	0.19996	0.34867	0.12486	0.01010	0.01573	0.04075	0.01632	0.00966	0.02694	0.01022	0.05970	0.00029	0.02156	0.02013	0.01483	0.00956	0.00979	8.2e-05	0.04310
5	0.03984	0.33526	0.30579	0.01182	0.00048	0.02643	0.01790	0.03368	0.05845	0.03568	0.01507	0.05109	0.03350	0.01173	0.00015	0.01140	0.00018	0.01125	9.1e-05	0.00020

[dist]
# distance from previous block
# <min> <max>
4	10

[block]
# block no. 6 follows, 2215 sequences, length 11
# corresponding to MSA columns:
# 661-671
name=unknown_G
#
# <colnr> <probs for GDERKNQSTAVLIFYWHMCP>
#	G	D	E	R	K	N	Q	S	T	A	V	L	I	F	Y	W	H	M	C	P
0	0.00024	0.00017	0.00021	0.01919	0.00750	0.00016	0.00016	0.00030	0.01306	0.04995	0.41827	0.19621	0.22842	0.01818	0.00020	0.00802	0.00736	0.01171	0.01131	0.00940
1	0.00033	0.00023	0.00026	0.00856	0.00846	0.01887	0.00623	0.10887	0.15611	0.02776	0.18968	0.07113	0.04020	0.02615	0.00600	0.01887	0.00664	0.02296	0.28252	0.00018
2	0.00026	0.00016	0.00021	0.00021	0.00024	0.00015	0.00015	0.00030	0.00036	0.10356	0.30147	0.38743	0.11821	0.04209	0.01540	6.3e-05	9.7e-05	0.01423	0.01527	0.00015
3	0.00023	0.00017	0.00020	0.00019	0.00024	0.00015	0.00014	0.01655	0.01367	0.03631	0.41864	0.02832	0.41727	0.02845	0.00020	5.4e-05	8.5e-05	0.02275	0.01624	0.00015
4	0.00031	0.00081	0.99370	0.00044	0.00068	0.00036	0.00058	0.00049	0.00033	0.00049	0.00028	0.00033	0.00020	0.00015	0.00015	4.9e-05	0.00023	0.00012	6.6e-05	0.00023
5	0.00027	0.00014	0.00020	0.00020	0.00020	0.00014	0.00014	0.00020	0.00020	0.00027	0.00027	0.00047	0.00027	0.00054	0.00061	0.99546	0.00014	0.00014	6.8e-05	6.8e-05
6	0.23680	0.00029	0.00032	0.00025	0.00037	0.00028	0.00020	0.11034	0.02149	0.23591	0.01067	0.01342	0.00029	0.01090	0.00014	4.1e-05	0.00013	0.00012	0.01181	0.34624
7	0.02812	0.14910	0.38653	0.02868	0.03380	0.05813	0.12065	0.09593	0.01140	0.02343	0.00828	0.00664	0.00703	0.00017	0.00599	4.8e-05	0.02940	0.00013	0.00633	0.00022
8	0.10210	0.01733	0.00729	0.19648	0.21815	0.04234	0.08679	0.00714	0.00033	0.01102	0.02483	0.12318	0.02505	0.04880	0.02785	0.00545	0.01695	0.01328	0.00509	0.02055
9	0.23872	0.00780	0.00625	0.01008	0.03314	0.00022	0.00677	0.00749	0.00033	0.10324	0.06869	0.13918	0.22110	0.07226	0.00021	0.01752	0.00594	0.04466	0.01621	0.00016
10	0.10382	0.02967	0.17355	0.02228	0.05982	0.01215	0.04769	0.04443	0.02609	0.20840	0.09744	0.02070	0.02069	0.00742	0.01926	0.00709	0.00970	0.01697	0.00530	0.06753

[dist]
# distance from previous block
# <min> <max>
6	15

[block]
# block no. 7 follows, 2215 sequences, length 6
# corresponding to MSA columns:
# 699,704-706,708,709
name=unknown_H
#
# <colnr> <probs for GDERKNQSTAVLIFYWHMCP>
#	G	D	E	R	K	N	Q	S	T	A	V	L	I	F	Y	W	H	M	C	P
0	0.00997	0.07740	0.17832	0.06258	0.03628	0.02494	0.05330	0.04092	0.10196	0.02833	0.08418	0.07371	0.05460	0.01592	0.03717	0.01858	0.05455	0.01218	0.01298	0.02213
1	0.00024	0.01792	0.02704	0.04183	0.00029	0.00019	0.00017	0.02734	0.03085	0.01666	0.18730	0.13037	0.42663	0.02042	0.00020	0.01281	0.01989	0.01776	0.02194	0.00015
2	0.01207	0.04981	0.10974	0.10876	0.03560	0.05965	0.04330	0.05997	0.12613	0.02157	0.03155	0.13694	0.02658	0.03102	0.03036	0.01001	0.08416	0.01032	0.01228	0.00019
3	0.00023	0.02631	0.04243	0.02729	0.00028	0.00017	0.00017	0.00028	0.02025	0.03218	0.02925	0.35421	0.35711	0.06258	0.00023	0.01727	0.00011	0.02938	0.00014	0.00014
4	0.01990	0.06917	0.13373	0.06819	0.04616	0.03383	0.04073	0.11020	0.10403	0.06942	0.01777	0.04947	0.01945	0.02739	0.07024	6.7e-05	0.06580	0.01313	0.01426	0.02707
5	0.03468	0.01115	0.05945	0.15769	0.10485	0.01431	0.01580	0.02119	0.03548	0.02248	0.08089	0.05514	0.04569	0.01437	0.13533	0.00970	0.07392	0.01860	0.00856	0.08072

[dist]
# distance from previous block
# <min> <max>
10	115

# created by:
# /home/cegg/simao/soft/augustus-3.2.1/scripts/msa2prfl.pl ./align_prep/POG091H00RI.fa
