[name]
unknown

[dist]
# distance from previous block
# <min> <max>
0	11

[block]
# block no. 0 follows, 3287 sequences, length 7
# corresponding to MSA columns:
# 43-49
name=unknown_A
#
# <colnr> <probs for GDERKNQSTAVLIFYWHMCP>
#	G	D	E	R	K	N	Q	S	T	A	V	L	I	F	Y	W	H	M	C	P
0	0.00018	0.00012	0.00017	0.00019	0.00021	0.00012	0.00016	0.00022	0.00024	0.02916	0.01840	0.05151	0.00058	0.01927	0.01810	5e-05	0.01810	0.82064	9.5e-05	0.02248
1	0.00014	0.00010	0.00014	0.03320	0.00018	9.7e-05	0.02453	0.00016	0.00020	0.00027	0.00055	0.85521	0.00064	0.02578	0.00014	4.4e-05	6.9e-05	0.03218	0.02628	8.8e-05
2	0.00024	0.00021	0.00038	0.00030	0.00037	0.00020	0.45663	0.08373	0.01523	0.06131	0.06618	0.03603	0.10995	0.01448	0.01444	4e-05	0.00013	0.13994	8e-05	0.00013
3	0.00022	0.00019	0.00022	0.00016	0.00025	0.00014	0.00013	0.00027	0.00022	0.00034	0.00019	0.00022	0.00016	7.8e-05	7.8e-05	1.6e-05	7.8e-05	6.3e-05	6.3e-05	0.99694
4	0.00027	0.00024	0.00038	0.14181	0.68785	0.02215	0.00029	0.04086	0.03264	0.05122	0.02113	0.00028	0.00019	0.00010	0.00011	3.2e-05	0.00012	9.7e-05	6.1e-05	0.00016
5	0.00023	0.00023	0.00035	0.66082	0.19350	0.08506	0.02915	0.00029	0.00022	0.00028	0.00019	0.00027	0.00015	0.00011	0.00011	3.4e-05	0.02875	9.2e-05	4.9e-05	0.00013
6	0.00021	0.00017	0.00021	0.07317	0.00026	0.00019	0.02291	0.00036	0.43068	0.00040	0.32859	0.03311	0.01544	0.01321	0.01315	3.8e-05	0.01318	0.03705	0.00010	0.01757

[dist]
# distance from previous block
# <min> <max>
0	2

[block]
# block no. 1 follows, 3287 sequences, length 8
# corresponding to MSA columns:
# 52-58,61
name=unknown_B
#
# <colnr> <probs for GDERKNQSTAVLIFYWHMCP>
#	G	D	E	R	K	N	Q	S	T	A	V	L	I	F	Y	W	H	M	C	P
0	0.02025	0.00024	0.00041	0.02665	0.85724	0.00024	0.02629	0.00032	0.00024	0.02033	0.00021	0.01950	0.00018	9.9e-05	0.00010	3.1e-05	0.00012	9.7e-05	5.5e-05	0.02738
1	0.00018	0.00014	0.00020	0.05021	0.00021	0.00017	0.00014	0.00020	0.00016	0.00023	0.00025	0.00043	0.00025	0.26544	0.37693	0.06499	0.23960	0.00012	5.5e-05	8.9e-05
2	0.00021	0.00019	0.00032	0.90071	0.03287	0.00023	0.00029	0.03176	0.00022	0.00029	0.00019	0.00028	0.00014	0.00010	0.00010	3.4e-05	0.00014	9.3e-05	4.9e-05	0.03177
3	0.00025	0.00024	0.00041	0.16633	0.78844	0.00025	0.00031	0.00031	0.00023	0.00033	0.00019	0.00026	0.00016	0.0001	0.00011	3.3e-05	0.04172	9.4e-05	5.1e-05	0.00016
4	0.00023	0.01925	0.11718	0.02485	0.01000	0.00021	0.39478	0.01814	0.01711	0.02648	0.13548	0.00883	0.00922	0.00014	0.00914	0.00872	0.01149	0.06781	6.9e-05	0.12088
5	0.00021	0.00020	0.00032	0.04780	0.00031	0.00024	0.20884	0.01606	0.00019	0.00027	0.00025	0.00044	0.01586	0.21513	0.01593	5.7e-05	0.39846	0.07926	5.8e-05	0.00011
6	0.00023	0.02473	0.00035	0.43541	0.34387	0.00024	0.00028	0.01394	0.02793	0.01608	0.01399	0.01482	0.03676	0.00012	0.00012	3.4e-05	0.07080	0.00010	5.6e-05	0.00014
7	0.72356	0.00766	0.00844	0.00786	0.00782	0.01213	0.00839	0.00783	0.01433	0.00936	0.01683	0.01156	0.00853	0.00011	0.01044	3.2e-05	8.6e-05	0.00792	0.00760	0.12950

[dist]
# distance from previous block
# <min> <max>
6	11

[block]
# block no. 2 follows, 3287 sequences, length 85
# corresponding to MSA columns:
# 79-92,95-165
name=unknown_C
#
# <colnr> <probs for GDERKNQSTAVLIFYWHMCP>
#	G	D	E	R	K	N	Q	S	T	A	V	L	I	F	Y	W	H	M	C	P
0	0.90423	0.00373	0.00017	0.00864	0.00021	0.02055	0.00210	0.00492	0.00019	0.04344	0.00016	0.00018	0.00012	0.00010	0.00174	3.3e-05	8.5e-05	6.1e-05	0.00920	0.00012
1	0.00264	0.01939	0.00133	0.01556	0.08306	0.31788	0.00826	0.12526	0.28046	0.08220	0.00727	0.00030	0.00810	0.01540	0.01473	3.5e-05	0.01220	0.00342	0.00234	0.00015
2	0.00404	0.08311	0.15572	0.05402	0.15031	0.03979	0.06713	0.08486	0.19607	0.03913	0.01106	0.02484	0.00163	0.03805	0.03579	4e-05	0.00583	0.00835	7.2e-05	0.00015
3	0.00015	0.00011	0.00014	0.00014	0.00016	0.0001	0.0001	0.00018	0.00027	0.00036	0.50321	0.26805	0.21507	0.00599	0.00013	3.9e-05	5.8e-05	0.00554	0.00011	9.8e-05
4	0.00038	0.07245	0.01056	0.00022	0.00424	0.12320	0.01121	0.27417	0.10127	0.33283	0.03129	0.00031	0.00414	0.00013	0.00208	3.2e-05	0.02062	0.00346	0.00724	0.00016
5	0.00016	0.00012	0.00013	0.00013	0.00013	0.02244	0.00459	0.00017	0.00579	0.00021	0.00032	0.00564	0.00037	0.85869	0.07850	0.00010	0.01677	0.00560	6.3e-05	7e-05
6	0.99704	0.00020	0.00016	0.00014	0.00020	0.00024	0.00011	0.00031	0.00018	0.00047	0.00015	0.00017	0.00011	9.8e-05	6.5e-05	3.3e-05	8.2e-05	5.7e-05	6.5e-05	0.00011
7	0.00498	0.26310	0.49464	0.00131	0.00608	0.00684	0.02838	0.09207	0.05827	0.02799	0.00128	0.00201	0.00016	0.00011	0.00181	3.1e-05	0.00341	0.00732	5.7e-05	0.00015
8	0.00015	0.00011	0.00014	0.00014	0.00015	0.00012	9.7e-05	0.00017	0.00017	0.00023	0.00489	0.00361	0.07677	0.45527	0.43264	0.01861	0.00645	0.00014	6.3e-05	7.9e-05
9	0.85855	0.00020	0.00017	0.00015	0.00021	0.00023	0.00012	0.00034	0.00020	0.13877	0.00018	0.00020	0.00013	0.00010	7.1e-05	3.3e-05	8.3e-05	6.4e-05	7.4e-05	0.00012
10	0.00013	9.7e-05	0.00012	0.00014	0.00015	8.8e-05	9.5e-05	0.00015	0.00021	0.00027	0.00434	0.70387	0.25606	0.00515	0.00013	4.1e-05	6e-05	0.02870	9.8e-05	8.7e-05
11	0.00024	0.00025	0.01150	0.00736	0.47181	0.00024	0.35912	0.00276	0.00025	0.00986	0.08554	0.00586	0.00718	0.00011	0.00012	3.4e-05	0.00014	0.03744	6.1e-05	0.00015
12	0.00045	0.00019	0.00025	0.00019	0.00027	0.00018	0.00016	0.11162	0.03923	0.80858	0.02175	0.00036	0.00374	0.00013	0.00011	3.3e-05	9.1e-05	0.00011	0.01239	0.00018
13	0.00017	0.00479	0.00650	0.00645	0.00941	0.00013	0.03768	0.00257	0.16441	0.00786	0.17806	0.45785	0.06574	0.00026	0.00198	3.9e-05	7.1e-05	0.05170	0.00424	0.00011
14	0.11216	0.09873	0.59140	0.00026	0.00038	0.00311	0.01933	0.03841	0.08234	0.04919	0.00364	0.00024	0.00016	0.00011	9.5e-05	3.2e-05	0.00013	8e-05	5.9e-05	0.00015
15	0.05920	0.00182	0.00547	0.21175	0.00831	0.01247	0.00194	0.11311	0.02056	0.09296	0.00201	0.00212	0.00017	0.00844	0.00011	2.9e-05	0.07557	8.4e-05	0.04764	0.33622
16	0.40146	0.00649	0.07168	0.00020	0.02581	0.03429	0.00017	0.07930	0.00738	0.21060	0.00468	0.00025	0.00107	0.00635	0.00277	0.01146	0.07806	0.00147	0.05641	0.00014
17	0.00019	0.00014	0.00611	0.37457	0.02823	0.00016	0.01809	0.00021	0.00144	0.00416	0.00020	0.00400	0.00018	0.01802	0.11207	0.42179	0.00390	0.00288	4.9e-05	0.00362
18	0.00013	0.00010	0.00012	0.00012	0.00015	9.2e-05	9.1e-05	0.00016	0.00024	0.00031	0.17960	0.21331	0.56435	0.00027	0.00013	3.7e-05	5.6e-05	0.04053	0.00010	9.1e-05
19	0.00786	0.07765	0.00174	0.01540	0.01915	0.05444	0.00018	0.03581	0.78256	0.00042	0.00038	0.00036	0.00333	0.00014	0.00010	3.4e-05	9.4e-05	0.00011	9.7e-05	0.00016
20	0.01048	0.00874	0.00029	0.00023	0.00030	0.27334	0.00844	0.31369	0.00638	0.37661	0.00029	0.00028	0.00020	0.00012	0.00010	3.1e-05	0.00013	9.1e-05	0.0001	0.00016
21	0.00168	0.00022	0.00587	0.81561	0.01913	0.07539	0.05818	0.00384	0.00765	0.00175	0.00161	0.00028	0.00014	0.00011	0.00011	3.5e-05	0.00693	9.4e-05	0.00126	0.00012
22	0.00025	0.00029	0.02716	0.00044	0.00055	0.00027	0.96438	0.00034	0.00025	0.00034	0.00021	0.00028	0.00016	9e-05	0.00012	3.6e-05	0.00452	0.00012	5.3e-05	0.00014
23	0.00012	0.00011	0.00011	0.00011	0.00014	8.9e-05	8e-05	0.00015	0.00024	0.00029	0.00534	0.01412	0.97820	0.00027	0.00012	3.6e-05	5.4e-05	0.00022	9.8e-05	8.9e-05
24	0.00021	0.00055	0.99575	0.00030	0.00046	0.00025	0.00039	0.00033	0.00022	0.00033	0.00019	0.00022	0.00013	0.00010	0.00010	3.3e-05	0.00016	7.8e-05	4.5e-05	0.00016
25	0.00046	0.00020	0.00026	0.00020	0.00028	0.00018	0.00016	0.16523	0.00033	0.83095	0.00039	0.00034	0.00025	0.00013	0.00011	3.2e-05	9.4e-05	0.00010	0.00013	0.00018
26	0.03347	0.00018	0.00023	0.00018	0.00026	0.00016	0.00015	0.02940	0.00654	0.84847	0.01264	0.00036	0.00026	0.00013	0.00010	3.2e-05	8.7e-05	0.00010	0.06708	0.00017
27	0.00020	0.00019	0.00032	0.99604	0.00073	0.00023	0.00029	0.00027	0.00021	0.00027	0.00019	0.00028	0.00014	0.00011	0.00011	3.5e-05	0.00014	9.4e-05	4.7e-05	0.00012
28	0.00016	0.00014	0.00020	0.33198	0.01283	0.00014	0.01417	0.00021	0.00198	0.00031	0.21493	0.00838	0.41153	0.00020	0.00012	3.5e-05	8.5e-05	0.00242	8.4e-05	0.00010
29	0.00367	0.00018	0.00024	0.00019	0.00027	0.00016	0.00016	0.02149	0.06422	0.89082	0.01133	0.00036	0.00027	0.00013	0.00011	3.3e-05	8.9e-05	0.00011	0.00598	0.00018
30	0.00016	0.00012	0.00015	0.00016	0.00019	0.00011	0.00013	0.00020	0.00024	0.03403	0.02673	0.09191	0.33257	0.00220	0.00561	4.4e-05	7.9e-05	0.50519	9.9e-05	9.6e-05
31	0.00029	0.00026	0.00025	0.00305	0.00028	0.13908	0.00547	0.07954	0.70570	0.00736	0.02459	0.00276	0.00031	0.00014	0.00011	3.5e-05	0.00010	0.03042	9.9e-05	0.00016
32	0.00020	0.00019	0.00032	0.98129	0.00648	0.00568	0.00029	0.00027	0.00021	0.00027	0.00019	0.00028	0.00014	0.00011	0.00011	3.5e-05	0.00368	9.4e-05	4.7e-05	0.00012
33	0.00396	0.00019	0.01804	0.02992	0.03659	0.00482	0.01750	0.02023	0.04472	0.06143	0.00794	0.00034	0.00022	0.03461	0.34195	8.7e-05	0.35815	0.00010	0.01909	0.00012
34	0.00015	0.00011	0.00014	0.00015	0.00017	0.00011	0.00011	0.00020	0.01563	0.02350	0.20751	0.07217	0.34883	0.03397	0.00014	4.2e-05	6.9e-05	0.29678	0.00010	9.6e-05
35	0.00580	0.00025	0.00042	0.07316	0.87354	0.02221	0.01120	0.00578	0.00024	0.00034	0.00020	0.00603	0.00017	9.7e-05	0.00010	3.2e-05	0.00013	9.5e-05	5.3e-05	0.00016
36	0.00020	0.00019	0.00032	0.93736	0.05409	0.00024	0.00029	0.00027	0.00021	0.00027	0.00019	0.00028	0.00014	0.00011	0.00011	3.5e-05	0.00543	9.4e-05	4.7e-05	0.00012
37	0.57671	0.01449	0.04683	0.01454	0.01891	0.01420	0.17366	0.01379	0.02831	0.07129	0.01359	0.00237	0.00016	0.00587	8.8e-05	0.00255	0.00011	0.00234	6.8e-05	0.00013
38	0.94527	0.00020	0.00016	0.00014	0.00021	0.00023	0.00012	0.00032	0.00019	0.04780	0.00016	0.00018	0.00012	0.0001	6.7e-05	3.3e-05	8.2e-05	6e-05	0.00445	0.00012
39	0.00025	0.00291	0.00042	0.17954	0.72177	0.01330	0.06759	0.00375	0.00219	0.00033	0.00020	0.00027	0.00016	9.7e-05	0.00011	3.2e-05	0.00150	0.00325	0.00219	0.00016
40	0.00015	0.00011	0.00013	0.00013	0.00016	0.00010	9.8e-05	0.00446	0.02883	0.00037	0.55605	0.10549	0.27549	0.00393	0.00013	3.6e-05	5.5e-05	0.02408	0.00011	9.7e-05
41	0.00018	9.3e-05	0.00014	0.00014	0.00014	9.4e-05	9.2e-05	0.00014	0.00259	0.00019	0.00456	0.00253	0.00218	0.03064	0.02316	0.92955	0.00339	9.5e-05	4.7e-05	4.8e-05
42	0.00013	0.00011	0.00011	0.00011	0.00014	9.1e-05	8.2e-05	0.00016	0.00928	0.00029	0.01313	0.01338	0.95095	0.00027	0.00012	3.6e-05	5.4e-05	0.00766	0.00382	9e-05
43	0.00023	0.00306	0.00164	0.65925	0.19821	0.08535	0.00280	0.00466	0.02840	0.00029	0.00020	0.00028	0.00015	0.00011	0.00010	3.4e-05	0.00014	0.00387	0.01110	0.00013
44	0.00014	0.00011	0.00012	0.00012	0.00015	9.3e-05	8.8e-05	0.00017	0.00026	0.00700	0.34236	0.01222	0.62642	0.00695	0.00013	3.5e-05	5.3e-05	0.00339	0.00010	9.3e-05
45	0.00016	0.00011	0.00012	0.00012	0.00013	0.00011	7.1e-05	0.00016	0.00016	0.00022	0.00035	0.00070	0.00964	0.94714	0.04031	0.00011	0.00011	0.00016	6.7e-05	7e-05
46	0.00022	0.00019	0.00022	0.00016	0.00025	0.00014	0.00013	0.00529	0.00022	0.00035	0.00019	0.00022	0.00016	7.9e-05	7.8e-05	1.6e-05	7.8e-05	6.3e-05	0.00674	0.98524
47	0.00029	0.78413	0.00559	0.00021	0.00029	0.01266	0.01464	0.01820	0.00022	0.00647	0.00016	0.00020	0.00015	0.00011	0.00012	2.9e-05	0.15629	6.8e-05	5e-05	0.00014
48	0.00023	0.00022	0.00036	0.10060	0.66676	0.00022	0.00785	0.00030	0.03276	0.00297	0.07652	0.04095	0.02400	0.00619	0.00011	3.4e-05	0.01032	0.02941	6.3e-05	0.00015
49	0.00025	0.00020	0.00023	0.00017	0.00026	0.00017	0.00014	0.13428	0.00544	0.03303	0.00639	0.00023	0.00017	8.8e-05	8.3e-05	1.9e-05	8.3e-05	6.9e-05	7.1e-05	0.81863
50	0.00014	0.00011	0.00014	0.00503	0.01806	0.00011	0.00011	0.00942	0.00165	0.00177	0.29672	0.16772	0.30786	0.01224	0.16701	5.9e-05	9.6e-05	0.01158	9.5e-05	9.5e-05
51	0.00028	0.00024	0.00025	0.00022	0.00028	0.00027	0.00017	0.13847	0.84825	0.00047	0.00965	0.00038	0.00031	0.00014	0.00011	3.5e-05	8.8e-05	0.00012	0.00011	0.00017
52	0.00994	0.00201	0.08989	0.04460	0.45739	0.00539	0.06852	0.08372	0.01460	0.19810	0.00117	0.00133	0.00187	0.00011	0.00011	3.3e-05	0.00486	0.01613	7.3e-05	0.00016
53	0.00026	0.00025	0.00042	0.05383	0.90915	0.00025	0.00384	0.00032	0.00384	0.00034	0.00020	0.00026	0.00017	9.7e-05	0.00011	3.2e-05	0.02634	9.4e-05	5.2e-05	0.00016
54	0.03823	0.00019	0.00022	0.00016	0.00025	0.00015	0.00013	0.00028	0.00022	0.05480	0.00020	0.00022	0.00016	8.2e-05	7.9e-05	1.7e-05	7.9e-05	6.5e-05	6.6e-05	0.90441
55	0.00030	0.00015	0.00851	0.00017	0.00022	0.00839	0.00366	0.00034	0.05108	0.44883	0.03834	0.32919	0.08051	0.00132	0.00012	3.6e-05	0.00235	0.01270	0.00011	0.01367
56	0.14068	0.02784	0.79048	0.00028	0.00041	0.00025	0.02181	0.00033	0.00022	0.01651	0.00019	0.00022	0.00013	0.0001	9.5e-05	3.3e-05	0.00014	7.6e-05	4.9e-05	0.00015
57	0.00020	0.00016	0.00018	0.00017	0.00021	0.00017	0.00013	0.02346	0.38391	0.00947	0.57291	0.00463	0.00360	0.00019	0.00012	3.4e-05	6.5e-05	0.00016	0.00011	0.00013
58	0.00020	0.00019	0.00032	0.98106	0.01570	0.00023	0.00029	0.00027	0.00021	0.00027	0.00019	0.00028	0.00014	0.00011	0.00011	3.5e-05	0.00014	9.4e-05	4.7e-05	0.00012
59	0.00017	0.00013	0.00020	0.00021	0.00024	0.00013	0.06536	0.00023	0.00024	0.00032	0.00054	0.01238	0.00058	0.00028	0.00014	4.8e-05	0.00010	0.91850	9.4e-05	0.0001
60	0.99704	0.00020	0.00016	0.00014	0.00020	0.00024	0.00011	0.00031	0.00018	0.00047	0.00015	0.00017	0.00011	9.8e-05	6.5e-05	3.3e-05	8.2e-05	5.7e-05	6.5e-05	0.00011
61	0.03135	0.00028	0.00037	0.00045	0.52600	0.06003	0.00026	0.35645	0.00593	0.01754	0.00022	0.00025	0.00017	0.00011	0.00010	3.1e-05	0.00012	9.2e-05	7.3e-05	0.00017
62	0.99704	0.00020	0.00016	0.00014	0.00020	0.00024	0.00011	0.00031	0.00018	0.00047	0.00015	0.00017	0.00011	9.8e-05	6.5e-05	3.3e-05	8.2e-05	5.7e-05	6.5e-05	0.00011
63	0.00026	0.00025	0.00043	0.00699	0.98930	0.00025	0.00032	0.00032	0.00024	0.00034	0.00020	0.00026	0.00017	9.4e-05	0.00010	3.1e-05	0.00013	9.4e-05	5.2e-05	0.00017
64	0.97668	0.00020	0.00016	0.00014	0.00021	0.00024	0.00012	0.00328	0.00305	0.01155	0.00015	0.00017	0.00012	9.8e-05	6.6e-05	3.3e-05	8.2e-05	5.8e-05	6.6e-05	0.00353
65	0.05334	0.04085	0.00029	0.00022	0.00030	0.23920	0.00316	0.33284	0.02327	0.27813	0.00220	0.00026	0.00019	0.00012	9.9e-05	3e-05	0.00012	8.8e-05	9.4e-05	0.02520
66	0.00019	0.00015	0.00018	0.00015	0.00021	0.00255	0.00011	0.00024	0.02140	0.01710	0.40697	0.03345	0.00916	0.00015	0.00010	2.5e-05	6.6e-05	0.00013	8.8e-05	0.50757
67	0.00023	0.12399	0.79538	0.00028	0.00595	0.00026	0.00035	0.00257	0.00386	0.03677	0.02478	0.00024	0.00217	0.00010	9.7e-05	3.2e-05	0.00014	0.00259	5e-05	0.00015
68	0.21994	0.00408	0.04615	0.00885	0.08415	0.00139	0.00810	0.01401	0.00466	0.00881	0.00139	0.01120	0.00022	0.11047	0.36124	0.05469	0.05191	0.00768	0.00094	0.00011
69	0.00018	9.3e-05	0.00014	0.00014	0.00014	9.5e-05	9.3e-05	0.00014	0.00014	0.00019	0.00020	0.00034	0.00020	0.03832	0.06491	0.89439	0.00010	9.5e-05	4.7e-05	5e-05
70	0.00018	0.00012	0.00240	0.00014	0.00017	0.00784	0.00011	0.00023	0.00475	0.08718	0.81546	0.00197	0.05714	0.00424	0.00161	3.4e-05	0.00164	0.00290	0.01179	0.00011
71	0.00042	0.00356	0.00510	0.00018	0.00025	0.00015	0.00015	0.02838	0.00336	0.78018	0.01938	0.00042	0.00030	0.00399	0.00257	3.4e-05	8.8e-05	0.06884	0.08246	0.00016
72	0.00022	0.00132	0.05850	0.09979	0.03824	0.14683	0.06876	0.00199	0.00380	0.00612	0.38008	0.05073	0.00611	0.00016	0.00011	3.1e-05	0.00010	0.00014	0.00438	0.13260
73	0.00015	0.00011	0.00013	0.00013	0.00015	9.8e-05	9.5e-05	0.00019	0.00565	0.00802	0.68747	0.00085	0.29332	0.00023	0.00012	3.4e-05	5.1e-05	0.00020	0.00290	9.7e-05
74	0.00026	0.00025	0.00220	0.06742	0.68037	0.00025	0.16576	0.01473	0.01755	0.01759	0.00147	0.01356	0.00018	0.00010	0.00011	3.3e-05	0.01660	0.00010	5.6e-05	0.00142
75	0.00022	0.00019	0.01137	0.08477	0.01900	0.00250	0.00184	0.00196	0.01156	0.01060	0.00388	0.00649	0.00164	8.5e-05	8.3e-05	1.9e-05	8.6e-05	6.9e-05	6.3e-05	0.84356
76	0.96176	0.00419	0.01486	0.00014	0.00021	0.00701	0.00179	0.00210	0.00018	0.00472	0.00015	0.00018	0.00012	9.9e-05	6.7e-05	3.3e-05	8.4e-05	0.00212	6.5e-05	0.00012
77	0.00022	0.00021	0.00034	0.61680	0.28828	0.00707	0.00631	0.00182	0.05831	0.00582	0.00265	0.00029	0.00016	0.00296	0.00011	3.4e-05	0.00504	0.00338	5.3e-05	0.00013
78	0.00014	0.00011	0.00013	0.00012	0.00015	9.6e-05	9.5e-05	0.00018	0.00252	0.00035	0.45050	0.00418	0.47093	0.00537	0.00013	3.6e-05	5.5e-05	0.06470	0.00011	9.4e-05
79	0.00015	0.00011	0.00014	0.00016	0.00018	0.00010	0.00012	0.00018	0.00022	0.00029	0.02447	0.48593	0.08864	0.00031	0.00014	4.4e-05	7.4e-05	0.39353	0.00514	9.1e-05
80	0.00015	0.00011	0.00013	0.00013	0.00014	0.00011	8.3e-05	0.00016	0.00016	0.00022	0.00578	0.00326	0.00592	0.71379	0.26932	0.00012	0.00015	0.00014	6.2e-05	7.2e-05
81	0.00021	0.00055	0.99575	0.00030	0.00046	0.00025	0.00039	0.00033	0.00022	0.00033	0.00019	0.00022	0.00013	0.00010	0.00010	3.3e-05	0.00016	7.8e-05	4.5e-05	0.00016
82	0.00014	0.00011	0.00013	0.00014	0.00017	0.0001	0.00011	0.00018	0.00024	0.00486	0.17328	0.15779	0.38176	0.00854	0.00014	4e-05	6.7e-05	0.27200	0.00010	9.3e-05
83	0.14380	0.19980	0.12973	0.00325	0.02700	0.02422	0.00589	0.14747	0.01974	0.26600	0.00733	0.01590	0.00742	0.00012	9.2e-05	3.1e-05	0.00011	0.00185	8.3e-05	0.00015
84	0.90789	0.00770	0.00218	0.00015	0.00021	0.02133	0.00743	0.00346	0.00018	0.00045	0.00016	0.00019	0.00012	0.01576	0.02961	3.8e-05	0.00290	6.1e-05	6.5e-05	0.00011

[dist]
# distance from previous block
# <min> <max>
1	3

[block]
# block no. 3 follows, 3287 sequences, length 26
# corresponding to MSA columns:
# 170,171,174-197
name=unknown_D
#
# <colnr> <probs for GDERKNQSTAVLIFYWHMCP>
#	G	D	E	R	K	N	Q	S	T	A	V	L	I	F	Y	W	H	M	C	P
0	0.00729	0.13711	0.04557	0.00684	0.00839	0.08207	0.00654	0.34862	0.09575	0.03196	0.00539	0.00311	0.00364	0.00011	9.4e-05	2.7e-05	0.00321	8.4e-05	8e-05	0.21411
1	0.01709	0.03415	0.73134	0.05934	0.04163	0.00725	0.00955	0.00274	0.00312	0.00838	0.00539	0.01465	0.00845	0.01464	0.00356	0.00303	0.00815	0.00432	4.9e-05	0.02318
2	0.02106	0.13028	0.55791	0.00335	0.02027	0.01769	0.03732	0.03229	0.02888	0.08615	0.00661	0.00506	0.00942	0.00011	0.00355	3.2e-05	0.00361	8.4e-05	5.9e-05	0.03624
3	0.00016	0.01466	0.02183	0.00472	0.01259	0.00565	0.01603	0.00715	0.11010	0.01030	0.29182	0.31610	0.17563	0.00336	0.00013	3.7e-05	6.7e-05	0.00945	0.00010	0.00011
4	0.00046	0.00018	0.00024	0.00019	0.00027	0.00016	0.00015	0.02164	0.00030	0.93068	0.01349	0.00038	0.00794	0.00013	0.00011	3.3e-05	8.9e-05	0.01403	0.00935	0.00018
5	0.00022	0.00022	0.04833	0.60862	0.15763	0.00711	0.04209	0.00556	0.02079	0.01686	0.01434	0.02299	0.01637	0.00288	0.00271	3.5e-05	0.01036	0.02017	0.00258	0.00013
6	0.00542	0.01723	0.79846	0.02044	0.05026	0.00722	0.01267	0.01000	0.00716	0.01629	0.01771	0.00572	0.00344	0.00933	0.00385	3.5e-05	0.01113	0.00343	5e-05	0.00015
7	0.01918	0.00018	0.00024	0.00019	0.00027	0.00016	0.00016	0.02006	0.00030	0.95747	0.00041	0.00035	0.00026	0.00013	0.00011	3.3e-05	9e-05	0.00010	0.00013	0.00018
8	0.00015	0.00010	0.00013	0.00014	0.00015	9.8e-05	9.6e-05	0.00016	0.00577	0.00801	0.00049	0.47898	0.00972	0.35600	0.00028	6.4e-05	8.1e-05	0.13021	0.00930	8.1e-05
9	0.01139	0.02179	0.05755	0.55226	0.07144	0.01004	0.02407	0.03666	0.08287	0.08713	0.00420	0.01132	0.00618	0.00013	0.00512	3.8e-05	0.00756	0.00709	0.00304	0.00014
10	0.00015	0.00012	0.00017	0.14868	0.02387	0.00012	0.00578	0.00783	0.01688	0.00811	0.00051	0.76421	0.01236	0.00029	0.01037	4.2e-05	7.8e-05	0.00025	8.9e-05	9.6e-05
11	0.04835	0.00018	0.00024	0.00018	0.00026	0.00016	0.00015	0.00974	0.00030	0.91717	0.01119	0.00035	0.00026	0.00013	0.00010	3.3e-05	8.9e-05	0.00010	0.01082	0.00017
12	0.07015	0.00448	0.00026	0.00359	0.00793	0.00020	0.05726	0.19311	0.01086	0.52137	0.00437	0.00427	0.05539	0.00014	0.00011	3.4e-05	0.00429	0.05880	0.00324	0.00016
13	0.00330	0.01730	0.00408	0.01401	0.00785	0.04441	0.07755	0.08422	0.01797	0.32802	0.00028	0.00034	0.00022	0.01388	0.06704	4.7e-05	0.27451	0.04473	8.4e-05	0.00014
14	0.00026	0.00025	0.00043	0.00065	0.99563	0.00025	0.00032	0.00032	0.00024	0.00034	0.00020	0.00026	0.00017	9.4e-05	0.00010	3.1e-05	0.00013	9.4e-05	5.2e-05	0.00017
15	0.00013	9.3e-05	0.00012	0.00015	0.00015	8.7e-05	9.9e-05	0.00015	0.00020	0.00027	0.00058	0.92999	0.01161	0.02785	0.00015	4.5e-05	6.3e-05	0.02808	9.7e-05	8.5e-05
16	0.01917	0.00020	0.00022	0.00016	0.00025	0.01351	0.00013	0.03391	0.00023	0.00796	0.00019	0.00022	0.00016	8.1e-05	7.9e-05	1.7e-05	8.1e-05	6.4e-05	0.00694	0.91643
17	0.00014	0.00011	0.00012	0.00012	0.00015	9.6e-05	9e-05	0.00017	0.00025	0.00032	0.28333	0.06087	0.44971	0.10245	0.00017	4.3e-05	6e-05	0.06130	0.04040	9e-05
18	0.00474	0.00678	0.03018	0.08074	0.71811	0.00377	0.03684	0.02348	0.00997	0.03418	0.00423	0.00686	0.00457	0.00010	0.00011	3.2e-05	0.01530	0.00302	5.7e-05	0.01694
19	0.00025	0.00020	0.00021	0.00019	0.00024	0.00022	0.00015	0.01466	0.71993	0.03768	0.07901	0.00043	0.00037	0.00655	0.00011	3.5e-05	7.8e-05	0.01347	0.12605	0.00015
20	0.00024	0.00356	0.01469	0.27029	0.43123	0.00577	0.01544	0.01727	0.16391	0.01627	0.01840	0.00489	0.02004	0.00012	0.00011	3.4e-05	0.00012	0.01435	0.00313	0.00015
21	0.00015	0.00011	0.00012	0.00012	0.00013	0.00010	7.5e-05	0.00016	0.00889	0.00025	0.07512	0.02988	0.26346	0.59644	0.00626	7.7e-05	8.5e-05	0.01843	7.9e-05	7.6e-05
22	0.00015	0.00012	0.01092	0.00013	0.00016	0.00010	0.00010	0.00494	0.01056	0.01970	0.71857	0.02638	0.19795	0.00461	0.00013	3.4e-05	5.4e-05	0.00518	0.00011	0.00010
23	0.00571	0.00570	0.04970	0.04495	0.25837	0.01003	0.04607	0.09419	0.20976	0.08278	0.13585	0.01224	0.01968	0.00014	0.00316	3.4e-05	0.00274	0.00741	0.00258	0.00890
24	0.00022	0.00372	0.00033	0.71548	0.18640	0.00741	0.00910	0.00654	0.00022	0.02575	0.00021	0.01267	0.00364	0.00011	0.00397	3.5e-05	0.00446	0.00358	0.01601	0.00013
25	0.04249	0.02622	0.35309	0.05738	0.01844	0.01254	0.05992	0.05390	0.12708	0.03611	0.02868	0.04721	0.05634	0.00756	0.01535	3.7e-05	0.02302	0.01336	7e-05	0.02119

[dist]
# distance from previous block
# <min> <max>
0	45

# created by:
# /home/cegg/simao/soft/augustus-3.2.1/scripts/msa2prfl.pl ./align_prep/POG091H01B8.fa
