[name]
unknown

[dist]
# distance from previous block
# <min> <max>
0	214

[block]
# block no. 0 follows, 3366 sequences, length 26
# corresponding to MSA columns:
# 578,583-592,594-608
name=unknown_A
#
# <colnr> <probs for GDERKNQSTAVLIFYWHMCP>
#	G	D	E	R	K	N	Q	S	T	A	V	L	I	F	Y	W	H	M	C	P
0	0.00332	0.02071	0.02828	0.28990	0.59353	0.01653	0.00753	0.00623	0.00290	0.00355	0.00020	0.01148	0.00393	0.00010	0.00010	3.2e-05	0.00401	0.00406	5.1e-05	0.00355
1	0.00665	0.06614	0.17560	0.05890	0.19254	0.05820	0.16725	0.07476	0.02412	0.03612	0.00852	0.10775	0.00563	0.00317	0.00011	3.3e-05	0.00277	0.00847	6.3e-05	0.00321
2	0.00575	0.03796	0.08526	0.04416	0.62873	0.00699	0.03397	0.01627	0.01306	0.06637	0.00754	0.00792	0.00938	0.00010	0.00010	3.1e-05	0.01106	0.00295	5.8e-05	0.02234
3	0.00729	0.00803	0.02572	0.00019	0.00847	0.01032	0.01017	0.03452	0.02269	0.74001	0.03689	0.01958	0.03880	0.00014	0.00011	3.3e-05	8.9e-05	0.03053	0.00012	0.00631
4	0.00013	9.3e-05	0.00012	0.00014	0.00015	8.5e-05	9.4e-05	0.00015	0.00021	0.00027	0.05229	0.79006	0.13748	0.01023	0.00013	4.1e-05	5.9e-05	0.00810	9.6e-05	8.5e-05
5	0.01220	0.24863	0.27474	0.01670	0.15732	0.05597	0.06650	0.05000	0.01736	0.08309	0.00384	0.00325	0.00386	0.00010	9.4e-05	3e-05	0.00313	0.00299	5.8e-05	0.00015
6	0.00688	0.05305	0.04363	0.00556	0.04953	0.05553	0.05690	0.06135	0.10323	0.29668	0.01953	0.18570	0.01730	0.00265	0.00011	3.4e-05	0.00492	0.03718	9.4e-05	0.00014
7	0.00039	0.00017	0.00022	0.00018	0.00025	0.00016	0.00014	0.00046	0.12526	0.73656	0.09117	0.00844	0.02926	0.00014	0.00011	3.2e-05	8.2e-05	0.00012	0.00670	0.00016
8	0.00014	0.00011	0.00014	0.02556	0.00701	0.00010	0.00472	0.00018	0.04535	0.00029	0.05535	0.55538	0.19655	0.00902	0.00013	4e-05	6.5e-05	0.09970	9.5e-05	9.1e-05
9	0.08392	0.09624	0.04284	0.02281	0.21070	0.03320	0.02653	0.17405	0.03825	0.20516	0.01217	0.02220	0.00473	0.00290	0.00549	3.2e-05	0.00330	0.00912	0.00622	0.00015
10	0.00485	0.03357	0.10257	0.01350	0.13030	0.03974	0.50887	0.03878	0.03791	0.02616	0.01139	0.00903	0.01273	0.00245	0.01284	3.5e-05	0.01014	0.00494	5.9e-05	0.00014
11	0.00012	0.00010	0.00011	0.00011	0.00014	8.8e-05	8.2e-05	0.00015	0.00023	0.00028	0.03296	0.07536	0.86768	0.00026	0.00012	3.6e-05	5.4e-05	0.02192	9.6e-05	8.7e-05
12	0.00548	0.12805	0.69519	0.01672	0.02167	0.03163	0.01658	0.01403	0.03974	0.00356	0.00591	0.00023	0.01098	0.00010	9.5e-05	3.1e-05	0.00358	7.9e-05	0.00618	0.00015
13	0.00455	0.01000	0.00611	0.15022	0.78632	0.00420	0.00776	0.01370	0.00621	0.00458	0.00019	0.00026	0.00016	9.5e-05	0.00010	3.1e-05	0.00521	9.1e-05	5.2e-05	0.00015
14	0.01384	0.07354	0.04258	0.02336	0.15346	0.06771	0.31149	0.08320	0.08662	0.08787	0.02197	0.00330	0.01624	0.00011	0.00011	3.2e-05	0.00337	0.01099	6.9e-05	0.00015
15	0.00015	0.00011	0.00013	0.00013	0.00013	0.00011	7.9e-05	0.00016	0.00015	0.00021	0.00031	0.00061	0.00034	0.77371	0.17450	0.00930	0.03082	0.00014	0.00884	6.9e-05
16	0.99711	0.00020	0.00015	0.00014	0.00020	0.00023	0.00011	0.00030	0.00018	0.00046	0.00014	0.00017	0.00011	9.6e-05	6.4e-05	3.2e-05	8e-05	5.6e-05	6.4e-05	0.00011
17	0.00026	0.02598	0.05463	0.03039	0.75513	0.01442	0.02780	0.01908	0.01572	0.02733	0.00020	0.00427	0.00017	9.6e-05	0.00010	3.1e-05	0.00552	9.1e-05	5.5e-05	0.01872
18	0.90402	0.01190	0.06118	0.00015	0.00022	0.02054	0.00013	0.00031	0.00018	0.00045	0.00015	0.00017	0.00011	9.6e-05	6.6e-05	3.2e-05	8.7e-05	5.7e-05	6.2e-05	0.00011
19	0.00039	0.00024	0.00027	0.00021	0.00029	0.00025	0.00018	0.56128	0.09182	0.31016	0.00809	0.01649	0.00956	0.00013	0.00010	3.2e-05	0.00010	0.00010	0.00011	0.00017
20	0.00014	0.00010	0.00012	0.00012	0.00015	9.1e-05	8.6e-05	0.00017	0.00025	0.02224	0.27057	0.07863	0.60970	0.01702	0.00013	3.6e-05	5.3e-05	0.00021	0.00010	9.1e-05
21	0.00016	0.00012	0.00016	0.00995	0.00021	0.00012	0.00016	0.00021	0.00769	0.00031	0.02910	0.02779	0.02170	0.00672	0.00014	4.7e-05	9.2e-05	0.89512	9.5e-05	9.5e-05
22	0.00022	0.00967	0.00032	0.45773	0.31791	0.00645	0.01296	0.02790	0.01543	0.01690	0.02321	0.04582	0.02030	0.01332	0.00011	3.4e-05	0.00455	0.00652	0.00366	0.01697
23	0.00013	9.5e-05	0.00013	0.00015	0.00016	9.1e-05	0.00011	0.00016	0.00020	0.00027	0.00055	0.76830	0.01093	0.03042	0.02145	0.00568	7.1e-05	0.15174	0.00928	8.5e-05
24	0.84813	0.02074	0.00672	0.00569	0.00878	0.03782	0.00541	0.04585	0.00903	0.01084	0.00016	0.00018	0.00012	9.8e-05	6.9e-05	3.1e-05	8.8e-05	6e-05	6.5e-05	0.00012
25	0.03499	0.42947	0.25975	0.00394	0.03098	0.01557	0.05350	0.10768	0.01638	0.03670	0.00322	0.00021	0.00015	9.8e-05	8.6e-05	2.8e-05	0.00314	7.3e-05	5.6e-05	0.00400

[dist]
# distance from previous block
# <min> <max>
3	6

[block]
# block no. 1 follows, 3366 sequences, length 17
# corresponding to MSA columns:
# 615-631
name=unknown_B
#
# <colnr> <probs for GDERKNQSTAVLIFYWHMCP>
#	G	D	E	R	K	N	Q	S	T	A	V	L	I	F	Y	W	H	M	C	P
0	0.02183	0.17997	0.08349	0.05500	0.13851	0.14143	0.08314	0.05007	0.04092	0.05943	0.01294	0.00423	0.01390	0.00395	0.00432	2.9e-05	0.00782	0.00350	0.00370	0.09182
1	0.00545	0.00011	0.00013	0.00013	0.00016	0.0001	0.00562	0.00019	0.01423	0.01395	0.44496	0.02565	0.43002	0.00616	0.00515	3.5e-05	0.00629	0.02766	0.00010	0.01391
2	0.02540	0.16974	0.44980	0.00563	0.01614	0.00999	0.06892	0.13009	0.00526	0.04443	0.00020	0.00499	0.00605	0.00010	9.5e-05	3e-05	0.00503	8e-05	5.8e-05	0.05798
3	0.00992	0.00017	0.00020	0.00017	0.00022	0.00017	0.00014	0.11695	0.23667	0.18471	0.37615	0.01010	0.01415	0.01856	0.00513	3.5e-05	0.00639	0.00472	0.00666	0.00879
4	0.00014	0.00011	0.00012	0.00012	0.00015	9.8e-05	8.7e-05	0.01354	0.02606	0.00728	0.16063	0.01057	0.69912	0.04985	0.01122	3.9e-05	5.9e-05	0.02062	9.7e-05	9.1e-05
5	0.01051	0.00024	0.00027	0.01241	0.01472	0.00024	0.00782	0.53626	0.00036	0.00861	0.00022	0.00023	0.00016	0.00010	9.6e-05	2.5e-05	0.01746	8e-05	8.4e-05	0.39008
6	0.00030	0.00025	0.00026	0.00022	0.00028	0.01989	0.00017	0.28335	0.69308	0.00049	0.00037	0.00034	0.00027	0.00013	0.00010	3.4e-05	9.3e-05	0.00011	0.00010	0.00017
7	0.96084	0.00020	0.00016	0.00014	0.00020	0.00023	0.00011	0.03651	0.00019	0.00047	0.00015	0.00017	0.00011	9.7e-05	6.5e-05	3.2e-05	8.1e-05	5.7e-05	6.5e-05	0.00011
8	0.00037	0.00026	0.00028	0.00022	0.00030	0.02220	0.00018	0.78429	0.00833	0.08468	0.01619	0.00770	0.03518	0.00013	0.00010	3.1e-05	0.00011	0.00010	0.03917	0.00017
9	0.00013	0.0001	0.00012	0.00014	0.00015	9.3e-05	9.6e-05	0.00016	0.02324	0.00028	0.05176	0.61304	0.23500	0.01889	0.02401	4.4e-05	0.00919	0.02337	9.5e-05	8.7e-05
10	0.26808	0.03323	0.00420	0.00623	0.01137	0.01867	0.00383	0.17116	0.07706	0.29792	0.01273	0.04442	0.00953	0.00013	9.3e-05	3.2e-05	0.00364	0.00635	0.00933	0.02199
11	0.00013	9.3e-05	0.00012	0.00014	0.00015	8.5e-05	9.4e-05	0.00015	0.00021	0.00027	0.05644	0.81582	0.10094	0.01272	0.00014	4.1e-05	5.9e-05	0.01223	9.6e-05	8.5e-05
12	0.00028	0.94579	0.00053	0.00018	0.00027	0.05103	0.00018	0.00031	0.00021	0.00024	0.00014	0.00017	0.00013	8.9e-05	6.7e-05	2.2e-05	0.00011	5.6e-05	4.5e-05	0.00013
13	0.00018	0.01605	0.03936	0.01493	0.01995	0.03099	0.01430	0.01014	0.01243	0.08328	0.13166	0.14877	0.40633	0.00603	0.00840	3.7e-05	0.00859	0.04024	0.00822	0.00010
14	0.01226	0.00017	0.00023	0.00018	0.00026	0.00015	0.00015	0.01042	0.00029	0.92064	0.01031	0.00037	0.03375	0.00013	0.00010	3.2e-05	8.6e-05	0.00011	0.01020	0.00017
15	0.00013	9.5e-05	0.00012	0.00014	0.00015	9e-05	9.8e-05	0.01063	0.01280	0.00891	0.01375	0.90621	0.02834	0.00031	0.00013	4.1e-05	6.1e-05	0.01024	0.00765	8.7e-05
16	0.95735	0.00020	0.00016	0.00014	0.00020	0.00023	0.00011	0.01990	0.02028	0.00047	0.00015	0.00017	0.00012	9.7e-05	6.5e-05	3.2e-05	8e-05	5.8e-05	6.5e-05	0.00011

[dist]
# distance from previous block
# <min> <max>
0	1

[block]
# block no. 2 follows, 3366 sequences, length 59
# corresponding to MSA columns:
# 633-635,637-692
name=unknown_C
#
# <colnr> <probs for GDERKNQSTAVLIFYWHMCP>
#	G	D	E	R	K	N	Q	S	T	A	V	L	I	F	Y	W	H	M	C	P
0	0.93578	0.00020	0.00016	0.00229	0.01882	0.01538	0.00401	0.00228	0.00018	0.00369	0.00015	0.00017	0.00012	0.00279	0.00969	3.3e-05	0.00213	5.8e-05	0.00195	0.00011
1	0.99711	0.00020	0.00015	0.00014	0.00020	0.00023	0.00011	0.00030	0.00018	0.00046	0.00014	0.00017	0.00011	9.6e-05	6.4e-05	3.2e-05	8e-05	5.6e-05	6.4e-05	0.00011
2	0.00014	0.0001	0.00013	0.00014	0.00016	9.9e-05	0.00010	0.00016	0.00020	0.00028	0.15721	0.40143	0.09678	0.08485	0.24173	0.00476	0.00011	0.01145	8.6e-05	8.6e-05
3	0.00022	0.00018	0.00021	0.00015	0.00024	0.00014	0.00012	0.00026	0.00021	0.01128	0.00019	0.00022	0.00015	7.7e-05	7.7e-05	1.5e-05	7.6e-05	6.2e-05	6.2e-05	0.98605
4	0.00021	0.00183	0.00272	0.53553	0.33261	0.00022	0.00812	0.00402	0.00290	0.00156	0.00290	0.01399	0.00515	0.00460	0.01352	3.6e-05	0.00013	0.06491	0.00492	0.00013
5	0.98521	0.00020	0.00015	0.00014	0.00020	0.00023	0.00011	0.00625	0.00018	0.00639	0.00015	0.00017	0.00011	9.6e-05	6.4e-05	3.2e-05	8e-05	5.6e-05	6.4e-05	0.00011
6	0.00020	0.00018	0.00031	0.98123	0.01561	0.00023	0.00029	0.00026	0.00021	0.00026	0.00018	0.00027	0.00014	0.00010	0.00010	3.4e-05	0.00014	9.2e-05	4.6e-05	0.00012
7	0.00013	0.00010	0.00011	0.00011	0.00014	9e-05	8.4e-05	0.00016	0.00025	0.00032	0.27754	0.00093	0.70932	0.00025	0.00012	3.4e-05	5.1e-05	0.00568	0.00448	9e-05
8	0.00015	0.00011	0.00013	0.00012	0.00016	0.00223	9.3e-05	0.00670	0.05385	0.00867	0.43036	0.00376	0.48226	0.00023	0.00012	3.4e-05	5.3e-05	0.00376	0.00712	9.7e-05
9	0.00021	0.00053	0.99584	0.00029	0.00045	0.00024	0.00038	0.00033	0.00022	0.00033	0.00018	0.00022	0.00013	9.8e-05	9.8e-05	3.3e-05	0.00015	7.6e-05	4.4e-05	0.00015
10	0.00013	0.00010	0.00011	0.00011	0.00014	8.9e-05	8.2e-05	0.00016	0.00317	0.00030	0.12760	0.01508	0.84334	0.00025	0.00012	3.5e-05	5.2e-05	0.00513	0.00393	8.9e-05
11	0.00015	0.00011	0.00015	0.00015	0.00017	0.00012	0.00011	0.00018	0.00016	0.00023	0.00029	0.00047	0.00029	0.23866	0.75812	0.00015	0.00023	0.00012	5.7e-05	8.5e-05
12	0.98847	0.00020	0.00015	0.00014	0.00020	0.00023	0.00011	0.00893	0.00018	0.00046	0.00014	0.00017	0.00011	9.6e-05	6.4e-05	3.2e-05	8e-05	5.6e-05	6.4e-05	0.00011
13	0.00317	0.00019	0.00022	0.00016	0.00025	0.01059	0.00589	0.00474	0.00247	0.01654	0.00241	0.00022	0.00016	7.9e-05	7.9e-05	1.6e-05	0.00721	6.3e-05	6.2e-05	0.94549
14	0.00021	0.00053	0.99584	0.00029	0.00045	0.00024	0.00038	0.00033	0.00022	0.00033	0.00018	0.00022	0.00013	9.8e-05	9.8e-05	3.3e-05	0.00015	7.6e-05	4.4e-05	0.00015
15	0.03632	0.00028	0.00030	0.00023	0.00031	0.00031	0.00019	0.93451	0.00047	0.02566	0.00025	0.00025	0.00017	0.00012	0.00010	3.1e-05	0.00011	9.2e-05	0.00010	0.00017
16	0.01113	0.00028	0.00031	0.00023	0.00032	0.00031	0.00019	0.95786	0.01109	0.01331	0.00025	0.00025	0.00018	0.00012	0.00010	3.1e-05	0.00011	9.3e-05	0.00364	0.00017
17	0.99711	0.00020	0.00015	0.00014	0.00020	0.00023	0.00011	0.00030	0.00018	0.00046	0.00014	0.00017	0.00011	9.6e-05	6.4e-05	3.2e-05	8e-05	5.6e-05	6.4e-05	0.00011
18	0.00026	0.00024	0.00042	0.00063	0.99574	0.00024	0.00032	0.00032	0.00023	0.00034	0.00019	0.00026	0.00016	9.2e-05	0.00010	3.1e-05	0.00012	9.2e-05	5.1e-05	0.00016
19	0.00026	0.00022	0.00023	0.00021	0.00027	0.00026	0.00016	0.01060	0.98549	0.00043	0.00042	0.00038	0.00031	0.00014	0.00010	3.5e-05	8.2e-05	0.00012	0.00010	0.00016
20	0.00026	0.00022	0.00023	0.00021	0.00027	0.00026	0.00016	0.01656	0.97953	0.00043	0.00042	0.00038	0.00031	0.00014	0.00010	3.5e-05	8.2e-05	0.00012	0.00010	0.00016
21	0.00013	9.5e-05	0.00012	0.00014	0.00015	8.8e-05	0.00312	0.00016	0.00022	0.00029	0.20095	0.71172	0.05323	0.01109	0.00013	4e-05	5.9e-05	0.01806	9.9e-05	8.7e-05
22	0.00333	0.00019	0.00024	0.00019	0.00026	0.00019	0.00015	0.06254	0.31228	0.57227	0.01112	0.00036	0.00028	0.00013	0.00010	3.3e-05	8.6e-05	0.00279	0.03328	0.00017
23	0.00013	9.8e-05	0.00013	0.00015	0.00016	9.2e-05	0.02282	0.00016	0.01963	0.00295	0.00057	0.89684	0.02876	0.00324	0.00502	4.2e-05	6.5e-05	0.01896	9.5e-05	8.7e-05
24	0.00024	0.00025	0.03834	0.00030	0.00033	0.00232	0.18954	0.06117	0.00691	0.00312	0.00016	0.00401	0.00015	0.00016	0.01021	4.3e-05	0.68249	9.7e-05	5.1e-05	0.00012
25	0.00271	0.00014	0.00018	0.00015	0.00021	0.00013	0.00012	0.00597	0.04614	0.44146	0.23749	0.02345	0.17782	0.00018	0.00011	3.3e-05	7e-05	0.02821	0.03064	0.00478
26	0.00930	0.00011	0.00012	0.00011	0.00015	9.3e-05	8.6e-05	0.00017	0.00505	0.01628	0.23597	0.02918	0.69570	0.00025	0.00012	3.4e-05	5.3e-05	0.00705	0.00010	9.1e-05
27	0.00245	0.00018	0.00024	0.00299	0.00026	0.00364	0.00015	0.01791	0.00658	0.94820	0.00040	0.00035	0.00025	0.00013	0.00211	3.2e-05	0.00354	0.00010	0.01030	0.00017
28	0.00024	0.00047	0.70745	0.00278	0.00043	0.08001	0.12448	0.03213	0.00223	0.04413	0.00020	0.00023	0.00251	0.0001	0.00010	3.2e-05	0.00015	8.3e-05	0.00207	0.00015
29	0.00276	0.00542	0.00802	0.00017	0.00023	0.00014	0.00388	0.03197	0.01773	0.58589	0.18449	0.01087	0.03210	0.00016	0.00011	3.2e-05	0.00151	0.04340	0.07095	0.00015
30	0.00024	0.00028	0.00060	0.00043	0.00054	0.00026	0.98379	0.00033	0.00024	0.00033	0.00021	0.00028	0.00016	8.9e-05	0.00012	3.5e-05	0.00597	0.00590	5.2e-05	0.00014
31	0.00243	0.00024	0.00323	0.12410	0.80980	0.00233	0.00923	0.00452	0.00222	0.04061	0.00020	0.00026	0.00016	9.5e-05	0.00010	3.1e-05	0.00012	9.2e-05	5.4e-05	0.00016
32	0.01278	0.00756	0.09083	0.08677	0.10190	0.08440	0.12937	0.05088	0.02325	0.18213	0.00965	0.11607	0.02406	0.00015	0.00011	3.4e-05	0.00200	0.07614	0.00177	0.00014
33	0.95567	0.01115	0.00219	0.00014	0.00334	0.01308	0.00172	0.00216	0.00175	0.00321	0.00167	0.00017	0.00011	9.6e-05	6.5e-05	3.2e-05	0.00168	5.7e-05	0.00159	0.00011
34	0.85965	0.00180	0.01002	0.00321	0.08910	0.00425	0.00300	0.00236	0.00018	0.01395	0.00016	0.00811	0.00012	9.8e-05	7e-05	3.2e-05	0.00171	0.00199	6.3e-05	0.00012
35	0.00019	0.00148	0.00800	0.01191	0.02890	0.01240	0.02862	0.01313	0.30202	0.01438	0.20554	0.03543	0.30252	0.01463	0.00499	3.6e-05	7.3e-05	0.01425	0.00140	0.00012
36	0.00770	0.00015	0.00019	0.00016	0.00022	0.00013	0.00013	0.00041	0.00397	0.65156	0.04069	0.00038	0.00029	0.00013	9.5e-05	3e-05	7.4e-05	0.00010	0.29345	0.00015
37	0.02656	0.00017	0.00023	0.00018	0.00026	0.00015	0.00015	0.00699	0.00029	0.92630	0.01273	0.01860	0.00333	0.00343	0.00010	3.2e-05	8.7e-05	0.00011	0.00012	0.00017
38	0.00015	0.00010	0.00012	0.00012	0.00012	0.00010	6.9e-05	0.00015	0.00015	0.00021	0.00035	0.00807	0.03338	0.86515	0.08557	0.00010	0.00011	0.00585	6.3e-05	6.6e-05
39	0.00013	0.00010	0.00011	0.00011	0.00014	8.9e-05	8.2e-05	0.00016	0.00025	0.00031	0.20539	0.00886	0.78341	0.00025	0.00012	3.4e-05	5.2e-05	0.00021	9.9e-05	8.9e-05
40	0.00028	0.99644	0.00054	0.00018	0.00026	0.00041	0.00018	0.00031	0.00021	0.00024	0.00014	0.00017	0.00013	8.8e-05	6.6e-05	2.2e-05	0.00011	5.5e-05	4.4e-05	0.00013
41	0.00045	0.00017	0.00024	0.00018	0.00026	0.00015	0.00015	0.00397	0.00689	0.94483	0.03740	0.00037	0.00028	0.00013	0.00010	3.2e-05	8.6e-05	0.00401	0.00013	0.00017
42	0.00021	0.00053	0.99584	0.00029	0.00045	0.00024	0.00038	0.00033	0.00022	0.00033	0.00018	0.00022	0.00013	9.8e-05	9.8e-05	3.3e-05	0.00015	7.6e-05	4.4e-05	0.00015
43	0.00023	0.00024	0.00031	0.00027	0.00027	0.04911	0.00022	0.00026	0.00016	0.00025	0.00014	0.00022	0.00014	0.00018	0.00033	4.4e-05	0.94737	8.9e-05	4.5e-05	0.00011
44	0.00046	0.00018	0.00024	0.00019	0.00027	0.00016	0.00015	0.03554	0.00636	0.95470	0.00040	0.00035	0.00025	0.00013	0.00010	3.2e-05	8.9e-05	0.00010	0.00013	0.00018
45	0.00013	9.3e-05	0.00012	0.00014	0.00015	8.7e-05	9.3e-05	0.00015	0.00019	0.00026	0.00441	0.78294	0.02661	0.14869	0.00019	5e-05	6.7e-05	0.03547	9.1e-05	8.1e-05
46	0.00028	0.98012	0.00713	0.00018	0.00027	0.00477	0.00018	0.00566	0.00021	0.00025	0.00014	0.00017	0.00013	8.8e-05	6.7e-05	2.2e-05	0.00011	5.5e-05	4.4e-05	0.00013
47	0.00021	0.00017	0.00021	0.04968	0.00890	0.00014	0.00729	0.00795	0.00967	0.01298	0.09643	0.00686	0.03712	0.00010	8.6e-05	2e-05	7.7e-05	0.00191	0.00836	0.75184
48	0.03640	0.01808	0.07177	0.02290	0.07677	0.04089	0.10649	0.09575	0.09406	0.06041	0.20574	0.02227	0.08942	0.02845	0.01551	3.7e-05	0.01180	0.00303	8.4e-05	0.00013
49	0.00015	0.00011	0.00016	0.00016	0.00018	0.00013	0.00013	0.00018	0.00017	0.00024	0.00028	0.01846	0.00026	0.00771	0.95237	0.01878	0.00027	0.00011	5.6e-05	9.1e-05
50	0.00708	0.00018	0.00024	0.00018	0.00026	0.00015	0.00015	0.01455	0.00030	0.95691	0.00040	0.00035	0.00025	0.00013	0.00010	3.2e-05	8.7e-05	0.00010	0.01838	0.00017
51	0.02885	0.00591	0.11576	0.21803	0.29019	0.00412	0.11700	0.05764	0.00984	0.12579	0.01063	0.00028	0.00482	0.00141	0.00140	3.3e-05	0.00679	0.00130	6.4e-05	0.00015
52	0.00175	0.00403	0.00669	0.07518	0.51961	0.12511	0.01025	0.02775	0.01192	0.17044	0.00645	0.02200	0.00289	0.00011	0.00010	3.1e-05	0.00878	0.00669	6.8e-05	0.00015
53	0.00013	9.2e-05	0.00012	0.00014	0.00015	8.5e-05	9.4e-05	0.00015	0.00459	0.00027	0.02231	0.84388	0.10387	0.00031	0.00013	4.1e-05	5.9e-05	0.00505	0.01846	8.5e-05
54	0.98091	0.00327	0.00346	0.00308	0.00020	0.00413	0.00011	0.00030	0.00018	0.00046	0.00014	0.00017	0.00011	9.6e-05	6.5e-05	3.2e-05	0.00304	5.6e-05	6.3e-05	0.00011
55	0.00015	0.00011	0.00014	0.00013	0.00015	9.7e-05	9.7e-05	0.00019	0.00029	0.01125	0.90804	0.01130	0.06724	0.00021	0.00012	3.3e-05	4.9e-05	0.00019	0.00011	9.7e-05
56	0.00031	0.52324	0.01189	0.00657	0.04733	0.37526	0.01653	0.00667	0.00024	0.00181	0.00327	0.00019	0.00181	9.7e-05	8.1e-05	2.5e-05	0.00283	0.00167	4.9e-05	0.00013
57	0.00015	0.00166	0.00182	0.00014	0.00431	0.00012	0.00010	0.00023	0.16627	0.00486	0.23054	0.14304	0.42165	0.00310	0.00012	3.5e-05	5.9e-05	0.00826	0.00426	0.00927
58	0.01337	0.59831	0.15999	0.00163	0.04620	0.07642	0.03082	0.02949	0.01131	0.00961	0.00160	0.00019	0.00151	9.4e-05	7.9e-05	2.5e-05	0.00236	6.6e-05	4.9e-05	0.01687

[dist]
# distance from previous block
# <min> <max>
0	2

[block]
# block no. 3 follows, 3366 sequences, length 50
# corresponding to MSA columns:
# 695-744
name=unknown_D
#
# <colnr> <probs for GDERKNQSTAVLIFYWHMCP>
#	G	D	E	R	K	N	Q	S	T	A	V	L	I	F	Y	W	H	M	C	P
0	0.00333	0.17400	0.27517	0.00772	0.03840	0.36196	0.00686	0.07394	0.00576	0.04373	0.00018	0.00021	0.00014	0.00010	9.3e-05	2.8e-05	0.00808	7.3e-05	5.6e-05	0.00014
1	0.00013	9.1e-05	0.00012	0.00014	0.00015	8.6e-05	9.8e-05	0.00015	0.00411	0.00027	0.01090	0.93745	0.00424	0.01081	0.00014	4.2e-05	6.1e-05	0.03084	9.6e-05	8.4e-05
2	0.00013	9.6e-05	0.00013	0.00014	0.00015	9.1e-05	0.00431	0.00015	0.00020	0.00026	0.02101	0.62756	0.16642	0.02357	0.10426	0.03177	8.4e-05	0.01951	8.9e-05	8.4e-05
3	0.00013	0.00010	0.00012	0.00012	0.00015	9.1e-05	8.9e-05	0.00017	0.00025	0.00033	0.36506	0.20995	0.37625	0.00783	0.00013	3.6e-05	5.3e-05	0.00457	0.03449	9e-05
4	0.00039	0.00028	0.00030	0.00023	0.00032	0.00533	0.00019	0.93224	0.00653	0.04832	0.00026	0.00025	0.00018	0.00012	0.00010	3.1e-05	0.00011	9.3e-05	0.00454	0.00017
5	0.00024	0.00028	0.00061	0.00043	0.00054	0.00026	0.99536	0.00033	0.00024	0.00033	0.00021	0.00028	0.00016	8.7e-05	0.00012	3.5e-05	0.00017	0.00012	5.2e-05	0.00014
6	0.00021	0.00018	0.00021	0.00015	0.00024	0.00014	0.00012	0.00026	0.00021	0.00034	0.00018	0.00021	0.00015	7.6e-05	7.6e-05	1.5e-05	7.6e-05	6.1e-05	6.1e-05	0.99701
7	0.00544	0.90894	0.00862	0.00018	0.00027	0.02892	0.00018	0.03076	0.00840	0.00730	0.00015	0.00017	0.00014	9.1e-05	6.9e-05	2.3e-05	0.00011	5.8e-05	4.7e-05	0.00013
8	0.00029	0.00355	0.00025	0.00022	0.00027	0.11420	0.00017	0.24073	0.48073	0.01344	0.00033	0.00033	0.00025	0.02896	0.06474	4.3e-05	0.02481	0.00010	0.02643	0.00015
9	0.98075	0.00020	0.00015	0.00014	0.00020	0.00023	0.00011	0.00031	0.00018	0.01680	0.00015	0.00017	0.00011	9.6e-05	6.4e-05	3.2e-05	8e-05	5.7e-05	6.5e-05	0.00011
10	0.00021	0.01705	0.97933	0.00029	0.00044	0.00024	0.00038	0.00033	0.00022	0.00032	0.00018	0.00022	0.00013	9.8e-05	9.7e-05	3.2e-05	0.00015	7.6e-05	4.4e-05	0.00015
11	0.00024	0.02357	0.10327	0.00040	0.00878	0.00025	0.79798	0.00867	0.00266	0.00827	0.01810	0.00030	0.00018	9.6e-05	0.00012	3.4e-05	0.00016	0.02673	5.4e-05	0.00014
12	0.11438	0.00018	0.00023	0.00018	0.00026	0.00016	0.00015	0.00593	0.00546	0.87141	0.00038	0.00033	0.00024	0.00012	9.9e-05	3.2e-05	8.7e-05	9.8e-05	0.00012	0.00017
13	0.00013	9e-05	0.00012	0.00014	0.00015	8.4e-05	9.6e-05	0.00014	0.00020	0.00026	0.00057	0.97069	0.00637	0.00619	0.00013	4.2e-05	6e-05	0.01434	9.5e-05	8.4e-05
14	0.00599	0.09228	0.75800	0.00312	0.00042	0.04208	0.03979	0.02031	0.00566	0.00705	0.00019	0.00022	0.00014	0.00243	0.01520	3.4e-05	0.00683	7.7e-05	4.7e-05	0.00015
15	0.00012	0.00010	0.00011	0.00011	0.00014	8.7e-05	7.9e-05	0.00015	0.00024	0.00028	0.02268	0.00782	0.96722	0.00026	0.00012	3.5e-05	5.2e-05	0.00022	9.6e-05	8.7e-05
16	0.00312	0.00015	0.00019	0.00016	0.00021	0.00014	0.00013	0.00593	0.13099	0.43640	0.18449	0.07853	0.00718	0.00016	0.00011	3.2e-05	7.2e-05	0.01888	0.13298	0.00014
17	0.02199	0.52230	0.41503	0.00023	0.00034	0.01781	0.00322	0.00032	0.00849	0.00552	0.00017	0.00388	0.00014	9.4e-05	8.1e-05	2.7e-05	0.00013	6.6e-05	4.6e-05	0.00014
18	0.00295	0.00244	0.01097	0.00636	0.04594	0.02129	0.06944	0.05204	0.25496	0.22451	0.01032	0.04292	0.03455	0.00018	0.00986	3.8e-05	0.02092	0.19007	9.7e-05	0.00014
19	0.00013	9.1e-05	0.00012	0.00014	0.00015	8.5e-05	9.7e-05	0.00015	0.00020	0.00027	0.01716	0.90536	0.02512	0.01930	0.00014	4.3e-05	6.1e-05	0.03121	9.5e-05	8.4e-05
20	0.00018	0.00012	0.00015	0.00013	0.00017	0.00011	0.00010	0.00504	0.04618	0.09981	0.60103	0.00785	0.22237	0.01615	0.00013	3.4e-05	5.6e-05	0.00018	0.00011	0.00011
21	0.00878	0.02314	0.02326	0.76290	0.07451	0.00811	0.00336	0.04457	0.00435	0.01345	0.00020	0.00845	0.00015	0.00011	0.00010	3.4e-05	0.00666	0.01143	0.00632	0.00012
22	0.00038	0.00029	0.00031	0.00024	0.01624	0.00534	0.00020	0.93647	0.03032	0.00063	0.00025	0.00840	0.00018	0.00013	0.00010	3.1e-05	0.00011	9.5e-05	0.00010	0.00017
23	0.71730	0.00249	0.00216	0.00298	0.00899	0.14158	0.00013	0.05607	0.02064	0.03912	0.00360	0.00019	0.00013	0.00010	7.4e-05	3.1e-05	9.8e-05	0.00412	6.8e-05	0.00012
24	0.05420	0.00019	0.00024	0.00019	0.00026	0.01545	0.00538	0.06532	0.00760	0.83385	0.01067	0.00034	0.00557	0.00013	0.00010	3.2e-05	9e-05	0.00010	0.00012	0.00017
25	0.00014	0.00010	0.00012	0.00012	0.00015	9.3e-05	9.1e-05	0.00017	0.00026	0.00401	0.51695	0.06569	0.37635	0.01519	0.00013	3.5e-05	5.2e-05	0.01657	0.00368	9.2e-05
26	0.00821	0.94551	0.00544	0.00018	0.00027	0.01110	0.00316	0.02065	0.00022	0.00430	0.00015	0.00017	0.00013	8.9e-05	6.8e-05	2.2e-05	0.00011	5.6e-05	4.6e-05	0.00013
27	0.00014	0.00010	0.00012	0.00013	0.00015	9.2e-05	9.5e-05	0.00017	0.00320	0.01240	0.31583	0.27701	0.32838	0.00026	0.00012	3.7e-05	5.6e-05	0.05308	0.00852	9.1e-05
28	0.00013	0.00010	0.00012	0.00012	0.00015	9.1e-05	8.8e-05	0.00017	0.00025	0.00530	0.34515	0.11633	0.51892	0.00025	0.00012	3.5e-05	5.2e-05	0.00720	0.00533	9.1e-05
29	0.00015	0.00011	0.00014	0.00013	0.00015	9.7e-05	9.6e-05	0.00019	0.00029	0.01431	0.88473	0.00079	0.09802	0.00021	0.00012	3.3e-05	5e-05	0.00019	0.00011	9.7e-05
30	0.00014	0.00010	0.00012	0.00012	0.00015	9.3e-05	9e-05	0.00018	0.00027	0.00036	0.59812	0.01903	0.38039	0.00023	0.00012	3.3e-05	5e-05	0.00020	0.00011	9.3e-05
31	0.00028	0.99644	0.00054	0.00018	0.00026	0.00041	0.00018	0.00031	0.00021	0.00024	0.00014	0.00017	0.00013	8.8e-05	6.6e-05	2.2e-05	0.00011	5.5e-05	4.4e-05	0.00013
32	0.00039	0.00029	0.00031	0.00024	0.00032	0.00032	0.00020	0.99539	0.00048	0.00065	0.00025	0.00025	0.00018	0.00012	0.00010	3.1e-05	0.00011	9.3e-05	0.00010	0.00018
33	0.00015	0.00011	0.00014	0.00013	0.00015	9.7e-05	9.7e-05	0.00019	0.00029	0.00041	0.99568	0.00077	0.00097	0.00021	0.00012	3.2e-05	4.9e-05	0.00019	0.00011	9.7e-05
34	0.00046	0.00018	0.00024	0.00018	0.00026	0.00015	0.00015	0.01095	0.00030	0.98536	0.00040	0.00035	0.00025	0.00013	0.00010	3.2e-05	8.8e-05	0.00010	0.00013	0.00018
35	0.00046	0.00018	0.00024	0.00018	0.00026	0.00015	0.00015	0.00050	0.00029	0.99581	0.00041	0.00035	0.00026	0.00013	0.00010	3.2e-05	8.8e-05	0.00010	0.00013	0.00018
36	0.00013	9e-05	0.00012	0.00014	0.00015	8.4e-05	9.7e-05	0.00015	0.00020	0.00026	0.00057	0.97347	0.00068	0.00032	0.00013	4.2e-05	6.1e-05	0.02313	9.6e-05	8.4e-05
37	0.00019	0.00015	0.00017	0.00016	0.00020	0.00016	0.00012	0.00033	0.36214	0.01634	0.59330	0.00063	0.02533	0.00018	0.00012	3.3e-05	6.1e-05	0.00016	0.00011	0.00012
38	0.00022	0.00019	0.00022	0.00015	0.00025	0.00014	0.00012	0.01693	0.01635	0.00034	0.00019	0.00022	0.00016	7.8e-05	7.7e-05	1.6e-05	7.7e-05	6.2e-05	6.2e-05	0.96415
39	0.00023	0.00023	0.03509	0.28735	0.55337	0.00024	0.08184	0.00266	0.00299	0.00031	0.00021	0.02649	0.00362	0.00010	0.00010	3.2e-05	0.00013	0.00479	5.1e-05	0.00014
40	0.00959	0.00764	0.00026	0.00020	0.01513	0.00407	0.02564	0.11732	0.01068	0.77647	0.02534	0.00404	0.00287	0.00013	0.00010	3.2e-05	9.3e-05	0.00010	0.00012	0.00017
41	0.00021	0.00053	0.99584	0.00029	0.00045	0.00024	0.00038	0.00033	0.00022	0.00033	0.00018	0.00022	0.00013	9.8e-05	9.8e-05	3.3e-05	0.00015	7.6e-05	4.4e-05	0.00015
42	0.00012	0.00010	0.00011	0.00012	0.00014	8.6e-05	8.3e-05	0.00015	0.00022	0.00027	0.00794	0.28940	0.70034	0.00028	0.00012	3.7e-05	5.4e-05	0.00024	9.6e-05	8.6e-05
43	0.00023	0.20893	0.70170	0.00027	0.00371	0.04672	0.01503	0.00033	0.00022	0.01342	0.00018	0.00022	0.00014	9.8e-05	9.2e-05	3e-05	0.00014	0.00835	4.6e-05	0.00015
44	0.98132	0.00020	0.00864	0.00014	0.00020	0.00023	0.00011	0.00030	0.00018	0.00775	0.00015	0.00017	0.00011	9.6e-05	6.4e-05	3.2e-05	8e-05	5.6e-05	6.4e-05	0.00011
45	0.00024	0.35515	0.55857	0.00239	0.01154	0.01310	0.01722	0.01093	0.00783	0.01110	0.00827	0.00290	0.00014	9.7e-05	8.7e-05	2.9e-05	0.00013	7.2e-05	4.7e-05	0.00014
46	0.00016	0.00012	0.00016	0.00018	0.00020	0.00011	0.00015	0.00020	0.00024	0.00031	0.02390	0.00113	0.14689	0.00028	0.00014	4.5e-05	8.8e-05	0.82551	9.5e-05	9.4e-05
47	0.90012	0.00511	0.01068	0.00525	0.03231	0.01129	0.00013	0.02784	0.00314	0.00046	0.00015	0.00017	0.00012	9.7e-05	6.8e-05	3.2e-05	0.00280	5.9e-05	6.4e-05	0.00012
48	0.00292	0.89284	0.06227	0.00019	0.00028	0.00039	0.00434	0.01223	0.00312	0.01731	0.00015	0.00018	0.00014	9.1e-05	7e-05	2.3e-05	0.00011	0.00317	4.7e-05	0.00013
49	0.00888	0.00026	0.00032	0.00182	0.00207	0.03446	0.12280	0.56306	0.07555	0.10475	0.02068	0.01244	0.01574	0.00013	0.00011	3.2e-05	0.01277	0.01826	0.00165	0.00422

[dist]
# distance from previous block
# <min> <max>
0	2

[block]
# block no. 4 follows, 3366 sequences, length 37
# corresponding to MSA columns:
# 747-783
name=unknown_E
#
# <colnr> <probs for GDERKNQSTAVLIFYWHMCP>
#	G	D	E	R	K	N	Q	S	T	A	V	L	I	F	Y	W	H	M	C	P
0	0.00023	0.00023	0.00033	0.00345	0.04500	0.04076	0.12562	0.04012	0.02432	0.01191	0.03070	0.06848	0.00022	0.01804	0.02136	4.4e-05	0.56099	0.00804	5.8e-05	0.00012
1	0.00015	0.00011	0.00015	0.00014	0.00017	0.00010	0.00011	0.00020	0.00027	0.00037	0.60161	0.01041	0.07135	0.00022	0.00012	3.5e-05	6.2e-05	0.24010	0.00010	0.07419
2	0.96987	0.00020	0.00015	0.00014	0.00020	0.00023	0.00011	0.00031	0.00018	0.02766	0.00015	0.00017	0.00012	9.7e-05	6.5e-05	3.2e-05	8e-05	5.7e-05	6.6e-05	0.00011
3	0.01003	0.00011	0.00014	0.00573	0.01010	0.00010	0.00546	0.03090	0.00509	0.03572	0.03173	0.82312	0.02321	0.00030	0.00013	4e-05	6.5e-05	0.01785	9.6e-05	9.2e-05
4	0.00025	0.00026	0.00055	0.00040	0.00049	0.00026	0.82402	0.00033	0.00024	0.05148	0.00022	0.01638	0.00583	0.00010	0.00014	3.6e-05	0.09871	0.00012	5.6e-05	0.00014
5	0.00046	0.00018	0.00024	0.00018	0.00026	0.00015	0.00015	0.01010	0.00030	0.97647	0.00040	0.00035	0.00025	0.00013	0.00010	3.2e-05	8.8e-05	0.00010	0.00013	0.00992
6	0.00019	0.00018	0.00031	0.99613	0.00071	0.00023	0.00029	0.00026	0.00021	0.00026	0.00018	0.00027	0.00014	0.00010	0.00010	3.4e-05	0.00014	9.2e-05	4.6e-05	0.00011
7	0.00013	9.5e-05	0.00013	0.00015	0.00016	9e-05	0.00011	0.00016	0.00020	0.00027	0.00056	0.82834	0.00067	0.00032	0.00013	4.3e-05	6.6e-05	0.16820	9.6e-05	8.6e-05
8	0.00016	0.00012	0.00016	0.00019	0.00021	0.00012	0.00016	0.00021	0.00024	0.00031	0.00055	0.03258	0.00060	0.00029	0.00014	4.7e-05	9.4e-05	0.96364	9.5e-05	9.5e-05
9	0.02230	0.00029	0.00030	0.00023	0.00032	0.01877	0.00019	0.94320	0.00047	0.01252	0.00025	0.00025	0.00017	0.00012	0.00010	3.1e-05	0.00011	9.2e-05	0.00010	0.00017
10	0.00024	0.00027	0.00055	0.00578	0.12925	0.00026	0.77390	0.01164	0.00024	0.00521	0.00021	0.00028	0.00016	0.00011	0.02546	3.8e-05	0.04202	0.00419	5.3e-05	0.00014
11	0.03727	0.00018	0.00024	0.00018	0.00026	0.00016	0.00015	0.01366	0.00743	0.93874	0.00039	0.00034	0.00025	0.00013	0.00010	3.2e-05	8.8e-05	0.00010	0.00012	0.00017
12	0.00014	9.6e-05	0.00013	0.00015	0.00016	9.1e-05	0.00011	0.00016	0.00021	0.00027	0.00056	0.76905	0.00066	0.00031	0.00013	4.3e-05	6.7e-05	0.21832	0.00924	8.6e-05
13	0.00019	0.00018	0.00031	0.99613	0.00071	0.00023	0.00029	0.00026	0.00021	0.00026	0.00018	0.00027	0.00014	0.00010	0.00010	3.4e-05	0.00014	9.2e-05	4.6e-05	0.00011
14	0.00025	0.00024	0.00040	0.03835	0.92187	0.00024	0.00031	0.00698	0.00024	0.00034	0.01598	0.00027	0.01387	9.7e-05	0.00010	3.1e-05	0.00012	9.5e-05	5.3e-05	0.00016
15	0.00013	0.0001	0.00013	0.00015	0.00016	9.2e-05	0.03223	0.00015	0.00021	0.00027	0.00901	0.74634	0.16200	0.00912	0.00013	4.1e-05	6.4e-05	0.03948	9.4e-05	8.6e-05
16	0.01087	0.00023	0.00025	0.00022	0.02598	0.01082	0.00017	0.13022	0.67735	0.13418	0.00445	0.00036	0.00415	0.00013	0.00010	3.4e-05	8.8e-05	0.00011	0.00011	0.00016
17	0.65860	0.00020	0.00019	0.00429	0.00023	0.00022	0.00013	0.08918	0.00437	0.21354	0.00021	0.00022	0.00015	0.00011	8.1e-05	3.2e-05	0.01855	7e-05	8.1e-05	0.00956
18	0.00751	0.00026	0.00635	0.00460	0.00027	0.20425	0.00882	0.21536	0.10685	0.19964	0.07274	0.01673	0.12544	0.00700	0.00011	3.2e-05	0.01823	0.00312	0.00253	0.00014
19	0.00014	0.00010	0.00012	0.00012	0.00015	9.1e-05	8.9e-05	0.00017	0.00956	0.02241	0.12006	0.23206	0.59203	0.00026	0.00012	3.6e-05	5.5e-05	0.01762	0.00471	9e-05
20	0.04615	0.00031	0.00031	0.00253	0.17570	0.25142	0.01089	0.35937	0.00293	0.05366	0.00022	0.00541	0.00017	0.00665	0.02623	3.5e-05	0.05531	8.7e-05	0.00249	0.00015
21	0.00286	0.00026	0.00039	0.17892	0.61173	0.09458	0.07130	0.01075	0.00423	0.00887	0.00277	0.00026	0.00016	9.8e-05	0.00011	0.00508	0.00736	9.2e-05	5.2e-05	0.00015
22	0.00496	0.00026	0.00027	0.00022	0.00029	0.03945	0.00018	0.51614	0.30406	0.08853	0.00345	0.00033	0.00024	0.00467	0.00862	3.4e-05	0.00010	0.02792	0.00010	0.00017
23	0.11141	0.01237	0.01230	0.06997	0.22864	0.52373	0.01615	0.00791	0.00026	0.00396	0.00017	0.00021	0.00014	0.00010	9.5e-05	2.9e-05	0.00966	0.00272	5.4e-05	0.00013
24	0.00024	0.00018	0.00019	0.00017	0.00022	0.00020	0.00013	0.02352	0.59009	0.03876	0.01422	0.00039	0.00030	0.00013	9.4e-05	3.1e-05	7.1e-05	0.00011	0.33081	0.00014
25	0.00020	0.00015	0.00017	0.00333	0.00020	0.00015	0.00013	0.02632	0.28473	0.06811	0.11887	0.14766	0.18862	0.00021	0.00012	3.6e-05	7e-05	0.10559	0.05522	0.00012
26	0.00021	0.00012	0.00015	0.00014	0.00018	0.00011	0.00011	0.00376	0.01734	0.20504	0.42989	0.16711	0.06193	0.00021	0.00012	3.4e-05	6.1e-05	0.02967	0.08370	0.00011
27	0.00013	0.00010	0.00011	0.00011	0.00014	8.9e-05	8.3e-05	0.00016	0.00024	0.00638	0.11907	0.01758	0.82747	0.00897	0.00013	3.5e-05	5.3e-05	0.01897	9.8e-05	8.9e-05
28	0.00015	0.00010	0.00011	0.00011	0.00012	0.00010	6.5e-05	0.00015	0.00015	0.00020	0.00033	0.01645	0.00038	0.94844	0.03266	0.00010	0.00010	0.00015	6.3e-05	6.4e-05
29	0.00013	0.00011	0.00011	0.00011	0.00014	9.2e-05	8.2e-05	0.00016	0.02772	0.00028	0.01991	0.04694	0.90335	0.00026	0.00012	3.5e-05	5.3e-05	0.00022	9.6e-05	8.9e-05
30	0.00038	0.00049	0.00029	0.00027	0.00032	0.99596	0.00020	0.00041	0.00029	0.00025	0.00016	0.00019	0.00013	0.00011	9.3e-05	2.7e-05	0.00019	6.6e-05	5.3e-05	0.00012
31	0.00024	0.00028	0.00061	0.00043	0.00054	0.00026	0.99536	0.00033	0.00024	0.00033	0.00021	0.00028	0.00016	8.7e-05	0.00012	3.5e-05	0.00017	0.00012	5.2e-05	0.00014
32	0.00013	9.9e-05	0.00011	0.00012	0.00015	8.8e-05	8.8e-05	0.00015	0.01157	0.00028	0.02082	0.43891	0.51979	0.00029	0.00013	3.8e-05	5.6e-05	0.00701	9.6e-05	8.7e-05
33	0.00019	0.00018	0.00031	0.99613	0.00071	0.00023	0.00029	0.00026	0.00021	0.00026	0.00018	0.00027	0.00014	0.00010	0.00010	3.4e-05	0.00014	9.2e-05	4.6e-05	0.00011
34	0.00020	0.03060	0.47221	0.00025	0.00034	0.00374	0.04102	0.01078	0.00023	0.02821	0.00406	0.02017	0.00391	0.00018	0.00012	3.8e-05	0.00459	0.37916	6.8e-05	0.00013
35	0.00026	0.00025	0.00042	0.01070	0.94524	0.01283	0.01447	0.00032	0.01391	0.00034	0.00020	0.00026	0.00016	9.3e-05	0.00010	3.1e-05	0.00012	9.2e-05	5.2e-05	0.00016
36	0.00013	0.00010	0.00011	0.00011	0.00014	9e-05	8.3e-05	0.00016	0.00025	0.00031	0.26208	0.01106	0.72451	0.00025	0.00012	3.4e-05	5.1e-05	0.00021	0.00010	9e-05

[dist]
# distance from previous block
# <min> <max>
4	9

[block]
# block no. 5 follows, 3366 sequences, length 12
# corresponding to MSA columns:
# 796-798,800-808
name=unknown_F
#
# <colnr> <probs for GDERKNQSTAVLIFYWHMCP>
#	G	D	E	R	K	N	Q	S	T	A	V	L	I	F	Y	W	H	M	C	P
0	0.00036	0.00039	0.00028	0.00024	0.00030	0.58127	0.00018	0.23384	0.01589	0.01268	0.02355	0.01254	0.00018	0.00011	9.5e-05	2.7e-05	0.00015	7.9e-05	6.9e-05	0.11778
1	0.00023	0.00020	0.00025	0.00019	0.01076	0.01738	0.07905	0.01491	0.04123	0.01160	0.00021	0.00024	0.01100	8.4e-05	8.3e-05	1.9e-05	8.7e-05	7.1e-05	6.4e-05	0.81236
2	0.00021	0.00051	0.91821	0.00029	0.00043	0.00024	0.00036	0.00034	0.07783	0.00033	0.00020	0.00023	0.00014	0.00010	9.8e-05	3.3e-05	0.00015	7.9e-05	4.8e-05	0.00015
3	0.00024	0.00021	0.00022	0.00020	0.00025	0.00024	0.00015	0.00050	0.87233	0.00042	0.09148	0.00044	0.03255	0.00015	0.00011	3.5e-05	7.8e-05	0.00013	0.00011	0.00015
4	0.00026	0.00022	0.00025	0.00022	0.00028	0.00026	0.04205	0.00054	0.95366	0.00043	0.00041	0.00038	0.00031	0.00014	0.00011	3.5e-05	8.5e-05	0.00012	0.00010	0.00016
5	0.00026	0.00022	0.00023	0.00020	0.00027	0.00023	0.00016	0.08422	0.63980	0.02862	0.00035	0.00033	0.00026	0.00012	9.8e-05	3e-05	8.3e-05	0.00010	9.5e-05	0.24433
6	0.95545	0.00020	0.00015	0.00014	0.00020	0.00023	0.00011	0.00030	0.00018	0.00046	0.04174	0.00019	0.00015	0.00010	6.6e-05	3.2e-05	7.8e-05	6.1e-05	6.6e-05	0.00011
7	0.99711	0.00020	0.00015	0.00014	0.00020	0.00023	0.00011	0.00030	0.00018	0.00046	0.00014	0.00017	0.00011	9.6e-05	6.4e-05	3.2e-05	8e-05	5.6e-05	6.4e-05	0.00011
8	0.00027	0.00030	0.00031	0.44144	0.10650	0.37192	0.00902	0.00920	0.01516	0.00028	0.01082	0.00956	0.00818	0.00011	0.00010	3.1e-05	0.00845	0.00818	5.3e-05	0.00012
9	0.03109	0.00018	0.00024	0.00018	0.00026	0.00016	0.00015	0.02876	0.00030	0.93695	0.00039	0.00034	0.00025	0.00013	0.00010	3.2e-05	8.8e-05	0.00010	0.00012	0.00017
10	0.00013	9e-05	0.00012	0.00014	0.00015	8.4e-05	9.5e-05	0.00014	0.00020	0.00026	0.00059	0.95450	0.04248	0.00032	0.00013	4.2e-05	5.9e-05	0.00029	9.6e-05	8.4e-05
11	0.00025	0.00024	0.00041	0.04591	0.95048	0.00024	0.00031	0.00031	0.00023	0.00033	0.00019	0.00026	0.00016	9.2e-05	0.00010	3.1e-05	0.00012	9.2e-05	5.1e-05	0.00016

[dist]
# distance from previous block
# <min> <max>
19	460

[block]
# block no. 6 follows, 3366 sequences, length 45
# corresponding to MSA columns:
# 1334-1378
name=unknown_G
#
# <colnr> <probs for GDERKNQSTAVLIFYWHMCP>
#	G	D	E	R	K	N	Q	S	T	A	V	L	I	F	Y	W	H	M	C	P
0	0.00021	0.00940	0.07418	0.00291	0.00979	0.02349	0.01417	0.02558	0.03480	0.13604	0.35458	0.00787	0.20976	0.00772	0.00226	3.4e-05	0.01196	0.03743	9.8e-05	0.03773
1	0.00015	0.00012	0.00241	0.00193	0.01335	0.00213	0.00313	0.01407	0.06255	0.00259	0.35856	0.08368	0.37696	0.01412	0.04343	0.00789	6.7e-05	0.01114	0.00164	9.8e-05
2	0.92711	0.00020	0.00016	0.00014	0.00020	0.00023	0.00012	0.00767	0.00018	0.02303	0.00015	0.00017	0.00012	0.0001	7.6e-05	3.2e-05	0.04006	5.9e-05	6.5e-05	0.00011
3	0.00200	0.00038	0.00028	0.00773	0.03457	0.58039	0.00885	0.15151	0.05665	0.01601	0.01974	0.00027	0.04508	0.01068	0.00853	3.2e-05	0.05122	0.00421	0.00173	0.00013
4	0.00202	0.01155	0.24449	0.38643	0.13368	0.00388	0.06442	0.02110	0.01729	0.01985	0.01215	0.05576	0.00300	0.00012	0.00011	3.4e-05	0.01593	0.00643	0.00163	0.00013
5	0.00317	0.00018	0.00020	0.00018	0.00023	0.00256	0.00014	0.02633	0.51879	0.06744	0.26825	0.02972	0.06600	0.00017	0.00011	3.4e-05	7.2e-05	0.01320	0.00309	0.00014
6	0.00024	0.00022	0.00034	0.44357	0.39587	0.04253	0.00028	0.00551	0.01110	0.04413	0.00861	0.00788	0.00830	0.00782	0.00703	0.01618	0.00013	9.5e-05	5.4e-05	0.00014
7	0.00251	0.00013	0.04010	0.00014	0.00017	0.00011	0.00011	0.00021	0.00467	0.07641	0.62326	0.02032	0.19937	0.01132	0.00012	3.4e-05	5.8e-05	0.00850	0.01235	0.00010
8	0.04027	0.00024	0.00040	0.03100	0.91425	0.00024	0.00031	0.00535	0.00635	0.00034	0.00019	0.00025	0.00016	9.3e-05	0.00010	3.1e-05	0.00012	9.1e-05	5.2e-05	0.00016
9	0.00014	0.00011	0.00013	0.00013	0.00015	9.8e-05	9.5e-05	0.00019	0.01569	0.00039	0.79848	0.00785	0.16389	0.00793	0.00012	3.3e-05	5e-05	0.00432	0.00011	9.6e-05
10	0.00017	0.00012	0.00015	0.00014	0.01095	0.00392	0.00011	0.00397	0.03963	0.05342	0.85107	0.00425	0.02574	0.00020	0.00012	3.3e-05	5.4e-05	0.00574	0.00011	0.00010
11	0.00025	0.00024	0.00041	0.00841	0.94798	0.00024	0.00031	0.00031	0.00024	0.00034	0.04015	0.00028	0.00020	9.7e-05	0.00010	3.1e-05	0.00012	9.6e-05	5.3e-05	0.00016
12	0.00038	0.00048	0.00029	0.00026	0.00032	0.93004	0.00020	0.02634	0.00029	0.00026	0.00016	0.00019	0.00013	0.00011	0.00010	2.7e-05	0.04016	6.8e-05	5.4e-05	0.00012
13	0.00026	0.00025	0.00041	0.00062	0.95578	0.04021	0.00031	0.00032	0.00024	0.00033	0.00019	0.00025	0.00016	9.2e-05	0.00010	3e-05	0.00012	9.1e-05	5.1e-05	0.00016
14	0.00015	0.00011	0.00015	0.00014	0.00017	0.00010	0.02157	0.00020	0.01744	0.00038	0.65864	0.11092	0.06314	0.00022	0.00012	3.4e-05	5.7e-05	0.07122	0.05515	9.7e-05
15	0.00045	0.00019	0.00025	0.00019	0.00027	0.00017	0.00016	0.11462	0.00032	0.87069	0.00039	0.00034	0.00025	0.00013	0.00010	3.2e-05	9e-05	0.00010	0.01111	0.00017
16	0.00024	0.00018	0.00022	0.00016	0.00025	0.00014	0.00013	0.02730	0.00621	0.07951	0.00515	0.00314	0.01818	8.8e-05	8.1e-05	1.8e-05	7.8e-05	0.00401	6.9e-05	0.85485
17	0.00021	0.00018	0.00021	0.00015	0.00024	0.00014	0.00012	0.00026	0.00021	0.00034	0.00018	0.00021	0.00015	7.6e-05	7.6e-05	1.5e-05	7.6e-05	6.1e-05	6.1e-05	0.99701
18	0.00015	0.00010	0.00012	0.00012	0.00012	0.00010	6.6e-05	0.00015	0.00015	0.00020	0.00032	0.00966	0.00037	0.94675	0.03430	0.00010	0.00694	0.00015	6.2e-05	6.4e-05
19	0.00023	0.00022	0.00038	0.36861	0.58229	0.00514	0.01843	0.00299	0.01030	0.00478	0.00019	0.00286	0.00016	9.8e-05	0.00010	3.2e-05	0.00290	9.3e-05	5e-05	0.00014
20	0.00384	0.00718	0.20913	0.02057	0.06894	0.00984	0.29924	0.05226	0.14886	0.00309	0.08973	0.00727	0.06694	0.00306	0.00011	3.4e-05	0.00267	0.00703	7e-05	0.00014
21	0.00708	0.00016	0.00022	0.00017	0.00024	0.00015	0.00014	0.00537	0.03378	0.74306	0.16165	0.00412	0.00641	0.00571	0.00011	3.2e-05	0.00356	0.00012	0.02775	0.00016
22	0.00175	0.02854	0.69251	0.00514	0.01706	0.01645	0.04195	0.02983	0.03075	0.01308	0.02378	0.02527	0.02094	0.01150	0.00264	3.4e-05	0.03469	0.00390	5.3e-05	0.00014
23	0.00016	0.00011	0.00013	0.00012	0.00013	0.00011	7.9e-05	0.00821	0.05388	0.02058	0.10809	0.06073	0.04460	0.68308	0.00901	8.1e-05	9e-05	0.00653	0.00420	7.8e-05
24	0.00026	0.63569	0.13516	0.00342	0.00031	0.00913	0.08890	0.03055	0.04197	0.01281	0.01887	0.00243	0.00837	0.00229	0.00690	2.7e-05	0.00012	0.00261	5.2e-05	0.00014
25	0.00013	0.00011	0.00011	0.00012	0.00015	0.00559	8.6e-05	0.00015	0.00023	0.00028	0.03939	0.10761	0.79120	0.00027	0.00012	3.6e-05	5.6e-05	0.05418	9.6e-05	8.8e-05
26	0.00511	0.00012	0.00311	0.01604	0.00019	0.00392	0.00291	0.01869	0.00785	0.00797	0.04142	0.29700	0.17476	0.00324	0.04165	4.7e-05	0.00178	0.37242	9.3e-05	0.00168
27	0.00015	0.00011	0.00015	0.00015	0.00017	0.00012	0.00011	0.00688	0.00514	0.00473	0.00029	0.00048	0.00029	0.27916	0.68447	0.00652	0.01081	0.00012	5.8e-05	8.5e-05
28	0.83354	0.00965	0.00018	0.00015	0.00431	0.08645	0.00012	0.03651	0.01254	0.01266	0.00304	0.00018	0.00012	9.9e-05	6.9e-05	3.1e-05	9.1e-05	6e-05	6.5e-05	0.00012
29	0.00844	0.00194	0.39913	0.04126	0.28277	0.00898	0.09380	0.02063	0.05302	0.02205	0.00877	0.01291	0.00223	0.00169	0.00325	3.3e-05	0.02859	0.00307	0.00729	0.00015
30	0.99711	0.00020	0.00015	0.00014	0.00020	0.00023	0.00011	0.00030	0.00018	0.00046	0.00014	0.00017	0.00011	9.6e-05	6.4e-05	3.2e-05	8e-05	5.6e-05	6.4e-05	0.00011
31	0.00013	0.00011	0.00011	0.00011	0.00014	9.2e-05	8.2e-05	0.00595	0.01279	0.00029	0.09086	0.00992	0.84669	0.02861	0.00013	3.7e-05	5.4e-05	0.00370	9.7e-05	8.9e-05
32	0.00036	0.07877	0.02366	0.00023	0.00031	0.08368	0.00019	0.72404	0.00417	0.00752	0.00880	0.00024	0.00018	0.00013	0.01916	3.2e-05	0.00417	8.8e-05	0.01398	0.03029
33	0.00477	0.00021	0.00387	0.38984	0.31637	0.00691	0.04823	0.02521	0.02948	0.02244	0.00361	0.02381	0.00972	0.02251	0.02068	0.01416	0.03854	0.00152	5.6e-05	0.01808
