[name]
unknown

[dist]
# distance from previous block
# <min> <max>
0	65

[block]
# block no. 0 follows, 3170 sequences, length 74
# corresponding to MSA columns:
# 76,77,91-101,108-156,161-167,172-174,176,181
name=unknown_A
#
# <colnr> <probs for GDERKNQSTAVLIFYWHMCP>
#	G	D	E	R	K	N	Q	S	T	A	V	L	I	F	Y	W	H	M	C	P
0	0.00019	0.00014	0.00019	0.00346	0.00183	0.00280	0.00864	0.00893	0.03807	0.01173	0.01950	0.00304	0.02109	0.00029	0.00173	4.9e-05	0.00526	0.86263	0.00010	0.01033
1	0.00026	0.05966	0.16203	0.01895	0.54880	0.01249	0.18025	0.00246	0.00025	0.00306	0.00021	0.00825	0.00017	0.00010	0.00011	3.3e-05	0.00262	0.0001	5.3e-05	0.00016
2	0.00015	0.00011	0.00014	0.00014	0.00016	0.00010	0.0001	0.00019	0.00029	0.00621	0.70901	0.11593	0.16356	0.00025	0.00013	3.6e-05	5.4e-05	0.00022	0.00313	0.00010
3	0.00013	0.00011	0.00012	0.00012	0.00015	9.3e-05	8.6e-05	0.00016	0.00025	0.00315	0.06298	0.08318	0.84082	0.00282	0.00240	3.8e-05	5.7e-05	0.00316	0.00010	9.3e-05
4	0.00014	9.7e-05	0.00013	0.00015	0.00015	9.1e-05	9.8e-05	0.00015	0.00020	0.00027	0.00855	0.86177	0.00069	0.12104	0.00019	5.2e-05	6.9e-05	0.00598	9.7e-05	8.6e-05
5	0.00019	0.00016	0.00021	0.03175	0.13540	0.02447	0.03025	0.00196	0.13541	0.00545	0.00838	0.56810	0.04740	0.00026	0.00013	4e-05	0.00151	0.00873	9.3e-05	0.00012
6	0.00577	0.07470	0.33819	0.00936	0.19360	0.01585	0.22560	0.01462	0.02421	0.05552	0.00405	0.00026	0.00017	0.00011	0.00012	3.4e-05	0.03753	9.7e-05	5.8e-05	0.00016
7	0.00167	0.53384	0.06448	0.10582	0.16189	0.05093	0.00337	0.01061	0.02781	0.01901	0.00018	0.00022	0.00016	0.00010	0.00158	2.8e-05	0.00013	7.5e-05	5.3e-05	0.01804
8	0.00015	0.00443	0.00014	0.00014	0.00222	0.00010	0.00010	0.00020	0.00174	0.00290	0.72892	0.03980	0.18252	0.02227	0.00434	3.8e-05	0.00245	0.00732	0.00011	0.00010
9	0.02290	0.05847	0.12036	0.05379	0.34706	0.01459	0.01584	0.05394	0.03031	0.15305	0.03351	0.00659	0.03564	0.00012	0.00149	3.3e-05	0.01016	0.00010	7.5e-05	0.04197
10	0.31396	0.00918	0.00273	0.01802	0.20273	0.29935	0.00720	0.04188	0.03175	0.02209	0.00019	0.00023	0.00349	0.00011	0.00243	3.3e-05	0.04116	7.9e-05	6.5e-05	0.00332
11	0.00016	0.00013	0.00019	0.01884	0.09478	0.00811	0.03552	0.00416	0.02823	0.00214	0.05556	0.71636	0.02070	0.00285	0.00273	0.00333	0.00207	0.00396	9.5e-05	0.00010
12	0.97762	0.00021	0.00016	0.00014	0.00021	0.00024	0.00012	0.00032	0.00019	0.00830	0.00364	0.00018	0.00012	0.00010	7.1e-05	0.00803	8.5e-05	6e-05	6.8e-05	0.00012
13	0.04032	0.03080	0.04668	0.04571	0.38372	0.08536	0.08679	0.06045	0.01831	0.04972	0.02624	0.01066	0.01078	0.02840	0.04317	4.2e-05	0.02181	0.00741	6.6e-05	0.00355
14	0.00184	0.00022	0.06898	0.03770	0.31093	0.00019	0.01881	0.03513	0.01103	0.13413	0.02705	0.16328	0.05992	0.00881	0.00012	3.7e-05	0.00011	0.08171	8.4e-05	0.03993
15	0.89778	0.03947	0.00387	0.00193	0.00022	0.03435	0.00013	0.00356	0.00019	0.00352	0.00016	0.00018	0.00012	0.00545	0.00869	3.5e-05	9.2e-05	6.1e-05	6.7e-05	0.00012
16	0.00027	0.57523	0.31576	0.00025	0.00522	0.00036	0.05355	0.02248	0.01229	0.01164	0.00018	0.00021	0.00015	9.9e-05	8.7e-05	2.8e-05	0.00193	7.2e-05	5e-05	0.00015
17	0.00016	0.00015	0.02545	0.00469	0.04684	0.00248	0.05367	0.00162	0.04445	0.00175	0.36622	0.09750	0.33711	0.00023	0.00013	3.7e-05	0.00127	0.01603	0.00010	0.00011
18	0.00018	0.00014	0.00020	0.00627	0.19629	0.00014	0.00187	0.00023	0.00288	0.00407	0.66079	0.02950	0.05926	0.00141	0.00277	0.00156	0.00579	0.00018	0.02634	0.00012
19	0.00146	0.12138	0.31477	0.02670	0.14106	0.17561	0.00689	0.05935	0.10591	0.01601	0.01895	0.00181	0.00269	0.00256	0.00010	3.2e-05	0.00336	8.9e-05	6.3e-05	0.00121
20	0.00017	0.00012	0.00015	0.00014	0.00017	0.00011	0.00011	0.00022	0.00423	0.04207	0.93449	0.00634	0.00691	0.00022	0.00013	3.5e-05	5.4e-05	0.00413	0.00012	0.00011
21	0.00032	0.00025	0.00037	0.07089	0.53919	0.01900	0.00027	0.16136	0.00458	0.12418	0.00024	0.00240	0.00019	0.00011	0.00011	3.2e-05	0.00012	9.7e-05	7.4e-05	0.07622
22	0.00884	0.45173	0.05592	0.01035	0.01937	0.06884	0.00949	0.07469	0.03603	0.11571	0.00968	0.00138	0.00154	0.00011	8.7e-05	2.6e-05	0.00162	7.6e-05	6.8e-05	0.13446
23	0.96176	0.00021	0.00016	0.00015	0.00021	0.00024	0.00012	0.00525	0.00019	0.03069	0.00016	0.00018	0.00012	0.00010	6.9e-05	3.4e-05	8.5e-05	6.1e-05	7e-05	0.00012
24	0.00016	0.00012	0.00017	0.00017	0.00019	0.00014	0.00013	0.00020	0.01998	0.00025	0.00030	0.00046	0.00029	0.12744	0.84133	0.00016	0.00822	0.00012	6.1e-05	9.5e-05
25	0.25146	0.00019	0.00023	0.00018	0.00026	0.00018	0.00015	0.00275	0.00234	0.68113	0.01833	0.00615	0.00025	0.01597	0.00011	3.5e-05	9e-05	0.0001	0.00012	0.02000
26	0.00022	0.00023	0.00959	0.79006	0.01260	0.06571	0.07013	0.00174	0.00375	0.00280	0.02001	0.00645	0.00017	0.00011	0.00011	3.6e-05	0.01457	0.00153	5.2e-05	0.00012
27	0.00040	0.00051	0.00031	0.00028	0.00034	0.96983	0.00021	0.00044	0.02011	0.00027	0.00017	0.00020	0.00014	0.00011	0.00010	2.8e-05	0.00628	7.2e-05	5.7e-05	0.00013
28	0.00017	0.00012	0.00015	0.00327	0.00624	0.00194	0.00010	0.01998	0.00018	0.00278	0.01813	0.00755	0.00035	0.51208	0.41745	0.00013	0.00018	0.00613	0.00297	8.4e-05
29	0.00013	9.6e-05	0.00013	0.00015	0.00016	8.9e-05	0.00010	0.00015	0.00021	0.00028	0.00469	0.94405	0.02504	0.02016	0.00015	4.5e-05	6.4e-05	0.00411	0.00010	8.9e-05
30	0.00294	0.00254	0.00012	0.00227	0.00015	9.6e-05	9e-05	0.00016	0.00023	0.00029	0.05681	0.31061	0.46532	0.12176	0.00644	4.8e-05	6.6e-05	0.01002	0.01993	8.9e-05
31	0.00877	0.00020	0.00026	0.01547	0.13713	0.00411	0.00193	0.00371	0.00251	0.04297	0.00021	0.00242	0.00017	8.7e-05	8.7e-05	2e-05	9e-05	7.3e-05	6.6e-05	0.77971
32	0.00849	0.00028	0.00446	0.24037	0.24258	0.11548	0.29055	0.01984	0.03155	0.00663	0.00022	0.01021	0.00018	0.00598	0.01358	3.7e-05	0.00490	0.00447	5.8e-05	0.00014
33	0.57216	0.00395	0.00578	0.03676	0.21402	0.09952	0.02370	0.01205	0.00022	0.02442	0.00018	0.00021	0.00014	0.00010	8.6e-05	3.3e-05	0.00468	0.00176	6.5e-05	0.00013
34	0.00019	0.00117	0.00242	0.02897	0.34021	0.00137	0.00616	0.00155	0.00203	0.00729	0.01358	0.39286	0.03781	0.07921	0.05143	0.00268	0.00415	0.02512	0.00166	0.00012
35	0.06671	0.00019	0.00025	0.02001	0.00028	0.00017	0.00016	0.00051	0.00030	0.89545	0.01457	0.00036	0.00027	0.00013	0.00011	3.4e-05	9.3e-05	0.00011	0.00013	0.00018
36	0.00019	0.00307	0.02951	0.03445	0.13234	0.00135	0.02403	0.00394	0.04736	0.03211	0.34290	0.14807	0.15060	0.01502	0.00573	3.9e-05	0.00207	0.02593	0.00115	0.00012
37	0.00353	0.00160	0.24354	0.17045	0.02473	0.00254	0.01622	0.00904	0.01318	0.06356	0.05259	0.11097	0.06839	0.01897	0.00410	0.00093	0.00619	0.03268	7.3e-05	0.15672
38	0.01804	0.00018	0.00300	0.00019	0.00419	0.00016	0.00016	0.01740	0.00030	0.82840	0.01512	0.00526	0.00170	0.00391	0.01322	0.07087	0.00502	0.00181	0.00630	0.00477
39	0.01134	0.02746	0.00027	0.00023	0.00411	0.17850	0.00018	0.09663	0.66667	0.00044	0.00244	0.00897	0.00199	0.00014	0.00011	3.5e-05	0.00011	0.00011	9.9e-05	0.00016
40	0.01696	0.04614	0.17095	0.04929	0.27000	0.05742	0.02707	0.05071	0.02442	0.14312	0.00534	0.00288	0.00018	0.00011	0.00010	3.1e-05	0.00264	9.1e-05	7e-05	0.13249
41	0.22358	0.02340	0.12956	0.01375	0.09403	0.01574	0.06229	0.12213	0.02591	0.23706	0.01052	0.00245	0.00174	0.00808	0.00011	0.00150	0.02125	0.00128	8.4e-05	0.00552
42	0.02937	0.00039	0.01826	0.00829	0.02021	0.57479	0.00335	0.03547	0.05186	0.19142	0.04383	0.00687	0.00415	0.00123	0.00201	3.1e-05	0.00610	0.00215	8e-05	0.00014
43	0.00345	0.00017	0.06557	0.04055	0.13937	0.00015	0.01803	0.00148	0.02799	0.01691	0.13529	0.26132	0.23276	0.00160	0.00013	3.9e-05	8.5e-05	0.05489	9.2e-05	0.00012
44	0.02581	0.00994	0.12566	0.06835	0.35139	0.12418	0.01676	0.06069	0.00818	0.18300	0.00474	0.00195	0.00498	0.00011	0.00011	0.00164	0.01218	9.5e-05	7.3e-05	0.00016
45	0.00124	0.06421	0.13055	0.06285	0.08480	0.02405	0.16075	0.01416	0.05124	0.09653	0.07322	0.04551	0.06615	0.03034	0.01537	0.00244	0.03908	0.03549	0.00188	0.00014
46	0.00017	0.00012	0.00259	0.00451	0.00285	0.00011	0.01997	0.00163	0.00447	0.06189	0.08087	0.31806	0.11613	0.30460	0.04042	0.01932	0.00814	0.01396	9e-05	9.2e-05
47	0.00223	0.05344	0.48050	0.02946	0.16643	0.04608	0.04269	0.01401	0.00658	0.11667	0.01553	0.00794	0.00461	0.00684	0.00011	3.4e-05	0.00407	0.00256	6.2e-05	0.00016
48	0.09144	0.03243	0.15071	0.03183	0.06195	0.04298	0.11686	0.06253	0.03313	0.23525	0.01592	0.06655	0.00652	0.00374	0.00347	3.6e-05	0.04090	0.00352	8.3e-05	0.00015
49	0.00136	0.02112	0.09333	0.20864	0.14801	0.05002	0.23284	0.00541	0.01012	0.01331	0.01206	0.04172	0.09653	0.00150	0.00108	3.6e-05	0.02123	0.04052	0.00104	0.00014
50	0.00024	0.00466	0.03849	0.30070	0.33463	0.02889	0.12111	0.00525	0.00890	0.02969	0.02058	0.07335	0.02193	0.00136	0.00012	3.5e-05	0.00237	0.00749	6.2e-05	0.00014
51	0.00876	0.01006	0.11979	0.11455	0.26557	0.00981	0.03185	0.02594	0.00597	0.34274	0.01506	0.01267	0.01263	0.00012	0.00207	3.5e-05	0.01974	0.00240	8.5e-05	0.00016
52	0.00622	0.01750	0.21379	0.04880	0.10428	0.05861	0.15247	0.08551	0.00957	0.20749	0.02675	0.02714	0.01613	0.00373	0.00012	3.5e-05	0.01561	0.00602	7.9e-05	0.00016
53	0.00865	0.00680	0.16347	0.15975	0.07354	0.00391	0.06202	0.00141	0.00023	0.08310	0.01089	0.30554	0.08169	0.01528	0.00868	0.00118	0.00368	0.00996	7.9e-05	0.00013
54	0.00165	0.04006	0.48924	0.04357	0.07641	0.00670	0.05594	0.02203	0.00381	0.19228	0.00938	0.04405	0.00326	0.00012	0.00270	3.5e-05	0.00411	0.00440	7e-05	0.00016
55	0.00126	0.00472	0.09329	0.09141	0.29539	0.00524	0.03311	0.01232	0.02662	0.28349	0.00461	0.03471	0.02680	0.01490	0.01002	3.8e-05	0.05731	0.00452	8.1e-05	0.00016
56	0.00168	0.02153	0.06789	0.21596	0.35600	0.02542	0.09771	0.00266	0.00603	0.07984	0.02723	0.03423	0.02531	0.00012	0.00122	3.5e-05	0.03460	0.00234	6.4e-05	0.00015
57	0.00342	0.03614	0.21070	0.03345	0.10172	0.11051	0.06002	0.01679	0.00557	0.24420	0.01975	0.07954	0.02979	0.00506	0.01076	3.6e-05	0.02074	0.01157	8e-05	0.00015
58	0.00369	0.02947	0.15792	0.01486	0.07311	0.01705	0.08511	0.02310	0.00608	0.37254	0.02633	0.09796	0.08218	0.00147	0.00012	3.5e-05	0.00741	0.00131	9.5e-05	0.00015
59	0.00274	0.04157	0.32846	0.05684	0.19330	0.00986	0.08516	0.01178	0.01431	0.15728	0.03093	0.02896	0.00724	0.01313	0.00691	3.6e-05	0.00592	0.00537	6.9e-05	0.00016
60	0.00273	0.06323	0.21553	0.10572	0.12085	0.04982	0.04075	0.05096	0.05144	0.06941	0.04549	0.06123	0.09062	0.00304	0.00194	3.5e-05	0.00888	0.01696	0.00122	0.00014
61	0.00168	0.00018	0.02108	0.16119	0.27341	0.00891	0.01335	0.00570	0.00704	0.01397	0.04074	0.31928	0.09611	0.00630	0.01556	4e-05	0.01043	0.00482	7.8e-05	0.00012
62	0.02382	0.09121	0.22034	0.00909	0.12336	0.03221	0.04389	0.06183	0.02526	0.32820	0.00583	0.01947	0.00503	0.00186	0.00147	3.4e-05	0.00140	0.00543	8.5e-05	0.00017
63	0.00782	0.12612	0.34557	0.01728	0.06321	0.04826	0.06732	0.03569	0.01341	0.20349	0.01221	0.01141	0.01116	0.00184	0.00187	3.4e-05	0.02862	0.00447	7.2e-05	0.00016
64	0.00325	0.00019	0.00025	0.00195	0.01879	0.00451	0.00388	0.05908	0.00145	0.82202	0.00959	0.02833	0.00391	0.00861	0.00577	3.6e-05	0.00227	0.02455	0.00138	0.00018
65	0.00335	0.00689	0.28679	0.05289	0.18665	0.05826	0.19761	0.01495	0.02436	0.03072	0.05198	0.06245	0.01037	0.00154	0.00012	3.5e-05	0.00370	0.00712	6.4e-05	0.00015
66	0.02100	0.04923	0.22412	0.02377	0.13710	0.01520	0.06677	0.03954	0.04357	0.30913	0.02349	0.01962	0.01546	0.00296	0.00114	3.4e-05	0.00136	0.00625	8.6e-05	0.00016
67	0.00113	0.00141	0.01275	0.14015	0.01705	0.00594	0.02441	0.00293	0.02676	0.03284	0.11016	0.39987	0.12049	0.01122	0.00317	4.2e-05	0.00300	0.08130	0.00527	0.00011
68	0.06622	0.00022	0.01327	0.02962	0.26073	0.01087	0.01458	0.03557	0.00029	0.51044	0.02103	0.01686	0.01009	0.00221	0.00128	3.4e-05	0.00158	0.00115	0.00380	0.00017
69	0.05585	0.07991	0.31323	0.01232	0.13796	0.02351	0.03472	0.06161	0.03048	0.23134	0.00486	0.00631	0.00140	0.00011	0.00010	3.3e-05	0.00150	0.00141	7.7e-05	0.00327
70	0.00799	0.00751	0.06564	0.07343	0.40960	0.01514	0.15777	0.03672	0.06096	0.06807	0.02190	0.02385	0.01670	0.01362	0.00218	0.00418	0.00273	0.01178	6.9e-05	0.00016
71	0.00014	0.00010	0.00013	0.00014	0.00016	9.2e-05	0.0001	0.00016	0.00022	0.00279	0.03925	0.70418	0.20815	0.01016	0.00255	4.4e-05	6.4e-05	0.03139	0.00010	9.1e-05
72	0.03679	0.12637	0.32542	0.01472	0.10581	0.13474	0.04590	0.06488	0.02460	0.09534	0.00832	0.00216	0.00201	0.00011	0.00010	3.2e-05	0.00894	0.00355	6.5e-05	0.00016
73	0.29927	0.09290	0.12387	0.00866	0.12878	0.06791	0.03214	0.06738	0.02464	0.13868	0.00213	0.00651	0.00120	0.00011	9.4e-05	3.3e-05	0.00358	8.4e-05	7.4e-05	0.00197

[dist]
# distance from previous block
# <min> <max>
4	8

[block]
# block no. 1 follows, 3170 sequences, length 24
# corresponding to MSA columns:
# 194,195,197-199,208,210-227
name=unknown_B
#
# <colnr> <probs for GDERKNQSTAVLIFYWHMCP>
#	G	D	E	R	K	N	Q	S	T	A	V	L	I	F	Y	W	H	M	C	P
0	0.02091	0.00775	0.04358	0.00802	0.23660	0.00942	0.03378	0.09463	0.09629	0.12259	0.07639	0.02916	0.10203	0.03047	0.01398	3.8e-05	0.02164	0.00534	0.00286	0.04454
1	0.01593	0.00020	0.03026	0.12945	0.05687	0.00019	0.04280	0.07589	0.03168	0.30392	0.15335	0.01747	0.03503	0.01049	0.00730	3.8e-05	0.02779	0.05743	0.00377	0.00015
2	0.01125	0.00026	0.01138	0.08702	0.58803	0.01993	0.09225	0.04743	0.02524	0.02300	0.00484	0.02269	0.00019	0.00011	0.00011	3.3e-05	0.01939	0.00509	6.2e-05	0.04169
3	0.01667	0.00019	0.01133	0.00020	0.01057	0.00598	0.00732	0.13847	0.10964	0.40054	0.25819	0.01046	0.01720	0.00016	0.00012	3.4e-05	8.7e-05	0.00782	0.00487	0.00016
4	0.68821	0.02858	0.00650	0.00908	0.00847	0.03234	0.00015	0.15956	0.01913	0.02051	0.00873	0.00354	0.00015	0.00011	8.2e-05	3.4e-05	0.00821	0.00640	7.6e-05	0.00013
5	0.02056	0.17221	0.37637	0.00625	0.08168	0.03759	0.01620	0.03984	0.03570	0.10867	0.04665	0.00310	0.00430	0.00011	0.00010	3.2e-05	0.00380	0.00404	6.7e-05	0.04272
6	0.18497	0.21434	0.15592	0.01332	0.02359	0.14356	0.00967	0.10679	0.09254	0.03266	0.00377	0.00350	0.00017	0.00296	0.00319	3.2e-05	0.00396	0.00485	6.9e-05	0.00015
7	0.82199	0.05373	0.01014	0.00344	0.01393	0.03842	0.00365	0.01587	0.00332	0.00492	0.00662	0.01052	0.00531	0.00422	7.5e-05	3.3e-05	9.3e-05	6.7e-05	0.00353	0.00012
8	0.00326	0.00024	0.01055	0.31065	0.37828	0.03601	0.06546	0.04115	0.01333	0.02349	0.03386	0.02266	0.00397	0.00306	0.01305	3.7e-05	0.03789	0.00284	6.1e-05	0.00015
9	0.00016	0.00011	0.00014	0.00016	0.00018	0.00011	0.00011	0.02154	0.05929	0.03328	0.02993	0.71318	0.09918	0.00031	0.00014	4.3e-05	6.7e-05	0.04187	0.00010	0.00010
10	0.00016	0.00011	0.00014	0.00014	0.00015	0.00670	8.9e-05	0.00018	0.01882	0.00023	0.00035	0.03622	0.00695	0.67840	0.24297	0.00012	0.00798	0.00015	6.7e-05	7.8e-05
11	0.94186	0.01850	0.00017	0.00015	0.00022	0.00025	0.00012	0.01896	0.00019	0.00049	0.00015	0.00018	0.00012	0.00010	7.4e-05	3.4e-05	0.01817	6.1e-05	6.8e-05	0.00012
12	0.01804	0.00027	0.00032	0.00738	0.01485	0.00030	0.02530	0.70957	0.02171	0.14678	0.00030	0.03589	0.00022	0.00014	0.00011	3.4e-05	0.01840	0.00011	0.00011	0.00018
13	0.00015	0.00012	0.00015	0.00015	0.03575	0.00011	0.00011	0.00020	0.00029	0.00039	0.63543	0.01453	0.30264	0.00024	0.00013	3.5e-05	5.6e-05	0.00933	0.00011	0.00010
14	0.11507	0.00549	0.00026	0.00345	0.02210	0.07073	0.00400	0.21468	0.47215	0.02428	0.00379	0.03872	0.00027	0.00014	0.00011	3.5e-05	0.00327	0.00316	9.9e-05	0.01819
15	0.03789	0.00374	0.00027	0.00326	0.04393	0.15053	0.00812	0.18903	0.22259	0.14458	0.05324	0.01011	0.05672	0.00347	0.00011	3.3e-05	0.00583	0.00011	9.7e-05	0.06637
16	0.02738	0.02974	0.03826	0.15839	0.29620	0.02506	0.03949	0.07034	0.02910	0.13324	0.01471	0.02806	0.04827	0.00421	0.00255	3.5e-05	0.03583	0.01112	7.5e-05	0.00793
17	0.03730	0.45971	0.17301	0.00460	0.03599	0.03903	0.15171	0.00313	0.02089	0.00931	0.00883	0.00386	0.00968	0.00011	0.00401	3.1e-05	0.02642	0.01217	5.4e-05	0.00014
18	0.00015	0.00012	0.00013	0.00014	0.03574	0.00010	9.9e-05	0.00018	0.00026	0.01682	0.16127	0.05776	0.71274	0.00026	0.00013	3.7e-05	5.9e-05	0.01381	0.00010	9.8e-05
19	0.00821	0.00019	0.01352	0.00020	0.02315	0.00017	0.00758	0.09871	0.02293	0.58596	0.11325	0.00574	0.04998	0.00368	0.00335	0.03567	0.00495	0.00695	0.01563	0.00016
20	0.00648	0.27345	0.32420	0.00617	0.10434	0.06005	0.03161	0.03981	0.02222	0.07967	0.01240	0.00856	0.00759	0.00011	0.00329	3.2e-05	0.01660	0.00318	6.1e-05	0.00015
21	0.03248	0.00025	0.16751	0.02289	0.05758	0.00705	0.02509	0.02267	0.00934	0.48752	0.02857	0.03870	0.02606	0.00867	0.05138	4.3e-05	0.00578	0.00492	0.00335	0.00016
22	0.00017	0.00011	0.00016	0.00016	0.00018	0.00010	0.03568	0.00020	0.00459	0.06879	0.10341	0.60229	0.14011	0.01485	0.00656	4.3e-05	7e-05	0.01503	0.00739	0.0001
23	0.02327	0.01737	0.09618	0.03233	0.24720	0.04872	0.05880	0.06254	0.11673	0.14379	0.01918	0.05616	0.01495	0.00699	0.00325	3.6e-05	0.01087	0.03881	0.00267	0.00016

[dist]
# distance from previous block
# <min> <max>
4	8

[block]
# block no. 2 follows, 3170 sequences, length 6
# corresponding to MSA columns:
# 246-251
name=unknown_C
#
# <colnr> <probs for GDERKNQSTAVLIFYWHMCP>
#	G	D	E	R	K	N	Q	S	T	A	V	L	I	F	Y	W	H	M	C	P
0	0.00016	0.00011	0.00014	0.00013	0.00016	0.00010	0.0001	0.00020	0.02575	0.03007	0.36253	0.15166	0.37098	0.03116	0.00014	4e-05	6e-05	0.02629	0.00011	0.00010
1	0.02268	0.41792	0.10473	0.01011	0.06247	0.04946	0.01142	0.06633	0.05121	0.08475	0.02824	0.02273	0.00022	0.01031	0.00940	3.2e-05	0.01258	0.00995	0.01170	0.01376
2	0.01320	0.01481	0.00038	0.24505	0.52303	0.00025	0.01778	0.01424	0.01324	0.02518	0.01420	0.01561	0.00019	0.00012	0.01295	3.6e-05	0.06382	0.00010	5.8e-05	0.02576
3	0.01746	0.03400	0.03474	0.27609	0.21527	0.05183	0.02779	0.15823	0.01941	0.06320	0.00024	0.01359	0.00020	0.01253	0.00012	3.5e-05	0.02497	0.03659	7e-05	0.01361
4	0.01063	0.02790	0.15248	0.02696	0.20874	0.08950	0.20595	0.03141	0.01274	0.03163	0.01245	0.01819	0.05119	0.01170	0.01961	0.01957	0.03434	0.03479	6.4e-05	0.00014
5	0.00015	0.00011	0.00013	0.00013	0.00016	0.00011	0.0001	0.00019	0.03300	0.00035	0.38749	0.05679	0.40110	0.05056	0.02390	4.4e-05	6.6e-05	0.04540	0.00011	9.8e-05

[dist]
# distance from previous block
# <min> <max>
3	7

[block]
# block no. 3 follows, 3170 sequences, length 14
# corresponding to MSA columns:
# 262-264,269-278,292
name=unknown_D
#
# <colnr> <probs for GDERKNQSTAVLIFYWHMCP>
#	G	D	E	R	K	N	Q	S	T	A	V	L	I	F	Y	W	H	M	C	P
0	0.00015	0.00011	0.00013	0.00013	0.00016	9.8e-05	9.3e-05	0.00018	0.00935	0.03265	0.09687	0.15868	0.65625	0.01801	0.00014	3.9e-05	6e-05	0.01461	0.00010	0.01220
1	0.00902	0.00659	0.00629	0.27619	0.61908	0.00688	0.00990	0.00795	0.01681	0.00654	0.00827	0.00800	0.00018	0.00011	0.00011	3.4e-05	0.01774	0.0001	5.5e-05	0.00016
2	0.04610	0.01874	0.07668	0.03333	0.03952	0.08023	0.04360	0.19680	0.21573	0.12175	0.03873	0.01263	0.00806	0.01293	0.00681	3.7e-05	0.01806	0.02509	0.00503	0.00016
3	0.00018	0.00014	0.02487	0.00016	0.00691	0.00013	0.00012	0.00822	0.13886	0.03879	0.21108	0.37640	0.13261	0.03363	0.00625	4.2e-05	7.1e-05	0.00644	0.00675	0.00834
4	0.92809	0.01346	0.00017	0.00015	0.00021	0.00025	0.00012	0.01326	0.01316	0.01395	0.00016	0.00019	0.00013	0.00010	7e-05	3.4e-05	8.5e-05	6.2e-05	0.01622	0.00012
5	0.01498	0.07085	0.27178	0.01866	0.04637	0.03868	0.01917	0.08859	0.12162	0.02169	0.05573	0.08606	0.04690	0.01253	0.04981	4.3e-05	0.01133	0.01113	7.6e-05	0.01400
6	0.00437	0.01028	0.00504	0.00852	0.02303	0.00666	0.00875	0.02144	0.10274	0.00683	0.01513	0.01657	0.01740	0.12666	0.36651	9.9e-05	0.23320	0.02224	0.00441	0.00011
7	0.00829	0.11673	0.24188	0.01752	0.09800	0.10283	0.05890	0.03287	0.12898	0.01992	0.05980	0.00784	0.01346	0.00761	0.00574	0.00399	0.01052	0.00639	6.8e-05	0.05864
8	0.00818	0.00013	0.00016	0.00015	0.00018	0.00012	0.00011	0.00745	0.01149	0.17364	0.56683	0.03773	0.15628	0.02013	0.00013	3.7e-05	6.3e-05	0.00920	0.00788	0.00012
9	0.01030	0.07683	0.12437	0.03434	0.08508	0.05758	0.03581	0.07925	0.13656	0.04778	0.05345	0.02232	0.03276	0.00434	0.00465	3.2e-05	0.02382	0.00597	0.00442	0.16036
10	0.00016	0.00011	0.00014	0.00013	0.00016	0.00010	0.0001	0.00020	0.00850	0.04503	0.50614	0.09181	0.27528	0.04190	0.01198	4.1e-05	6.1e-05	0.00878	0.00926	0.00010
11	0.00843	0.02844	0.01954	0.15606	0.39856	0.04711	0.08498	0.03526	0.01173	0.08072	0.02428	0.00603	0.00611	0.00425	0.00500	0.00432	0.07459	0.00437	6.4e-05	0.00015
12	0.00014	0.00010	0.00013	0.00015	0.00016	9.5e-05	0.00010	0.00017	0.00858	0.01320	0.09792	0.72519	0.07852	0.03929	0.00859	4.6e-05	6.6e-05	0.00878	0.00741	0.01135
13	0.04690	0.01111	0.00543	0.00610	0.02573	0.02148	0.00021	0.01051	0.01056	0.01429	0.00480	0.00905	0.00429	0.03572	0.13364	6.4e-05	0.63765	0.00687	0.00464	0.01093

[dist]
# distance from previous block
# <min> <max>
3	4

[block]
# block no. 4 follows, 3170 sequences, length 11
# corresponding to MSA columns:
# 299-309
name=unknown_E
#
# <colnr> <probs for GDERKNQSTAVLIFYWHMCP>
#	G	D	E	R	K	N	Q	S	T	A	V	L	I	F	Y	W	H	M	C	P
0	0.00492	0.02979	0.17393	0.01970	0.08400	0.04263	0.04131	0.10484	0.18385	0.03783	0.09920	0.02181	0.03877	0.05029	0.00566	0.00473	0.02229	0.01006	0.01902	0.00539
1	0.10251	0.00612	0.01146	0.00552	0.00723	0.00018	0.00643	0.04872	0.06615	0.47596	0.14140	0.01350	0.04076	0.01201	0.00973	3.6e-05	0.01477	0.00541	0.01588	0.01623
2	0.00983	0.07224	0.12316	0.01451	0.12449	0.07728	0.05079	0.06008	0.26021	0.03025	0.06884	0.00702	0.02718	0.00584	0.00768	3.5e-05	0.02974	0.00730	0.00577	0.01774
3	0.00015	0.00011	0.00013	0.00014	0.01066	0.00010	9.9e-05	0.00018	0.00025	0.01547	0.30518	0.20848	0.31609	0.09051	0.01741	4.6e-05	6.7e-05	0.02399	0.01084	9.5e-05
4	0.00830	0.01623	0.05378	0.07031	0.30930	0.09927	0.03054	0.04247	0.16691	0.01455	0.02579	0.01962	0.03721	0.00984	0.01343	3.6e-05	0.01885	0.02105	0.00751	0.03499
5	0.00016	0.00011	0.00014	0.00014	0.00016	0.00010	0.00010	0.00020	0.01557	0.01652	0.58310	0.14307	0.14316	0.08273	0.00017	4.2e-05	6e-05	0.01428	0.00011	9.9e-05
6	0.00522	0.05728	0.12714	0.03322	0.08385	0.17583	0.04469	0.06716	0.07099	0.02536	0.07904	0.02784	0.05223	0.00992	0.00751	0.01206	0.10178	0.01327	0.00551	0.00014
7	0.00016	0.00012	0.00014	0.00014	0.00017	0.00011	0.00010	0.00021	0.02763	0.01991	0.75751	0.03936	0.15357	0.00023	0.00013	3.5e-05	5.4e-05	0.00020	0.00012	0.00010
8	0.03300	0.01125	0.07425	0.01100	0.10330	0.01126	0.02066	0.04841	0.04423	0.13527	0.37170	0.03807	0.06455	0.00747	0.01803	3.8e-05	9.1e-05	0.00718	0.00010	0.00013
9	0.07467	0.01341	0.17892	0.15860	0.03126	0.03226	0.02094	0.10590	0.01099	0.27175	0.01137	0.00615	0.00691	0.00923	0.00011	3.4e-05	0.00012	0.00615	8.4e-05	0.06114
10	0.03719	0.06790	0.36712	0.00761	0.05647	0.01558	0.08376	0.13089	0.02072	0.13001	0.01597	0.01553	0.01130	0.00552	0.00588	3.5e-05	0.00650	0.00539	7.3e-05	0.01654

[dist]
# distance from previous block
# <min> <max>
0	89

# created by:
# /home/cegg/simao/soft/augustus-3.2.1/scripts/msa2prfl.pl ./align_prep/POG091H01AX.fa
