[name]
unknown

[dist]
# distance from previous block
# <min> <max>
2	815

[block]
# block no. 0 follows, 2866 sequences, length 6
# corresponding to MSA columns:
# 1586,1590-1592,1642,1643
name=unknown_A
#
# <colnr> <probs for GDERKNQSTAVLIFYWHMCP>
#	G	D	E	R	K	N	Q	S	T	A	V	L	I	F	Y	W	H	M	C	P
0	0.10534	0.09639	0.14271	0.05023	0.08529	0.04953	0.03760	0.12421	0.10491	0.08223	0.01080	0.01244	0.00980	0.00986	0.01932	0.00893	0.01403	0.00933	8.4e-05	0.02696
1	0.24552	0.02298	0.04600	0.10433	0.25466	0.04441	0.06537	0.06994	0.01874	0.03689	0.01316	0.02564	0.01105	0.01010	0.00012	3.8e-05	0.01038	0.01034	7.5e-05	0.01027
2	0.03742	0.00013	0.00015	0.00017	0.01971	0.00012	0.00012	0.00020	0.02354	0.00033	0.08518	0.36992	0.23105	0.11742	0.00022	0.04336	8e-05	0.07068	0.00010	0.00010
3	0.05170	0.06260	0.03750	0.04414	0.05067	0.16057	0.01761	0.08462	0.05471	0.13336	0.03251	0.12813	0.02483	0.04781	0.00943	0.00984	0.02747	0.01327	0.00908	0.00015
4	0.13391	0.08019	0.10089	0.05630	0.07312	0.10040	0.07290	0.15467	0.04232	0.08409	0.01253	0.02853	0.01722	0.01004	0.01016	3.9e-05	0.01210	0.01034	8.4e-05	0.00016
5	0.00020	0.00016	0.01847	0.02696	0.04075	0.03535	0.00014	0.01480	0.01934	0.05182	0.09153	0.42234	0.15996	0.09389	0.00019	5.1e-05	8.9e-05	0.02373	0.00011	0.00011

[dist]
# distance from previous block
# <min> <max>
6	15

[block]
# block no. 1 follows, 2866 sequences, length 25
# corresponding to MSA columns:
# 1671-1673,1688-1709
name=unknown_B
#
# <colnr> <probs for GDERKNQSTAVLIFYWHMCP>
#	G	D	E	R	K	N	Q	S	T	A	V	L	I	F	Y	W	H	M	C	P
0	0.00019	0.00013	0.00017	0.00457	0.00944	0.00013	0.00705	0.07323	0.00024	0.00032	0.03875	0.36407	0.03241	0.24547	0.09128	0.12202	0.00368	0.00665	9.1e-05	9.8e-05
1	0.00629	0.25674	0.52873	0.07615	0.00535	0.01688	0.03955	0.00942	0.00961	0.01963	0.00362	0.00407	0.00573	0.00012	0.00301	3.6e-05	0.00514	0.00969	5.7e-05	0.00017
2	0.00753	0.18431	0.53478	0.01052	0.01604	0.11202	0.02875	0.01726	0.00740	0.02246	0.00023	0.01017	0.00573	0.01756	0.01707	3.9e-05	0.00781	9.2e-05	5.9e-05	0.00017
3	0.00017	0.00011	0.00015	0.00016	0.00018	0.00011	0.00011	0.00019	0.01652	0.02476	0.06046	0.63471	0.16270	0.01626	0.00018	0.07325	7.3e-05	0.00970	0.00011	0.00010
4	0.00551	0.00057	0.84536	0.00037	0.08125	0.00028	0.00042	0.00656	0.00934	0.01209	0.00450	0.00028	0.00017	0.02095	0.00521	4.1e-05	0.00017	0.00671	5.5e-05	0.00018
5	0.00694	0.18891	0.45261	0.00029	0.00724	0.08859	0.00665	0.04293	0.08672	0.06431	0.01606	0.00350	0.01176	0.00262	0.00282	3.6e-05	0.00267	0.01113	7.1e-05	0.00414
6	0.00751	0.00019	0.01000	0.02496	0.00653	0.00286	0.08373	0.08497	0.14546	0.06870	0.09844	0.23713	0.17035	0.01260	0.00646	4.4e-05	0.00639	0.03068	0.00286	0.00014
7	0.00015	0.00011	0.00015	0.00017	0.00018	0.00010	0.00012	0.00018	0.00023	0.00031	0.00063	0.83797	0.00074	0.04506	0.07328	6.3e-05	9.3e-05	0.04027	0.00011	9.8e-05
8	0.00015	0.00012	0.00014	0.00015	0.00017	0.00010	0.00010	0.00018	0.00026	0.00033	0.09272	0.37491	0.45815	0.01808	0.05382	5.3e-05	7.9e-05	0.00028	0.00011	0.00010
9	0.03170	0.00330	0.10905	0.03856	0.01453	0.00025	0.12083	0.15857	0.18365	0.04708	0.03595	0.07664	0.04642	0.00019	0.00013	4.2e-05	0.00312	0.12972	0.00010	0.00016
10	0.07481	0.00024	0.00029	0.00022	0.00031	0.00024	0.00018	0.26623	0.01734	0.51768	0.00457	0.01911	0.00027	0.00015	0.00572	3.7e-05	0.00011	0.00822	0.01089	0.07338
11	0.00033	0.92260	0.00061	0.00021	0.00032	0.00047	0.00021	0.00039	0.07331	0.00031	0.00020	0.00022	0.00018	0.00011	8.4e-05	2.8e-05	0.00013	7.2e-05	5.9e-05	0.00016
12	0.00019	0.00014	0.00017	0.00016	0.00019	0.00013	0.00012	0.07326	0.00845	0.01332	0.41929	0.16771	0.17642	0.08547	0.00018	4.8e-05	7.4e-05	0.04794	0.00659	0.00011
13	0.85628	0.00024	0.00020	0.00017	0.00025	0.02254	0.00014	0.04515	0.00024	0.07361	0.00020	0.00022	0.00015	0.00012	8.1e-05	3.7e-05	9.9e-05	7.2e-05	8.2e-05	0.00014
14	0.00636	0.00015	0.00019	0.00298	0.00021	0.00015	0.00293	0.04759	0.03891	0.07176	0.39333	0.04635	0.10172	0.04319	0.05370	4.9e-05	0.00868	0.03140	0.07331	0.07705
15	0.03024	0.13160	0.25999	0.09823	0.09756	0.06952	0.05228	0.04346	0.03410	0.08389	0.02478	0.00666	0.00275	0.00411	0.00012	3.6e-05	0.02502	0.00010	0.00282	0.03271
16	0.00460	0.00022	0.00695	0.00022	0.00029	0.00325	0.01169	0.02334	0.39516	0.22805	0.08778	0.07762	0.01266	0.00868	0.00013	4e-05	9.7e-05	0.02507	0.00370	0.11043
17	0.00036	0.00023	0.00027	0.00022	0.00030	0.00024	0.00018	0.06006	0.50372	0.25476	0.08733	0.00046	0.00871	0.00016	0.00012	3.8e-05	9.5e-05	0.00013	0.00924	0.07338
18	0.01880	0.08041	0.14355	0.03354	0.03142	0.02970	0.06484	0.05650	0.10298	0.13125	0.03578	0.07610	0.03777	0.02575	0.01599	4.5e-05	0.00562	0.10472	0.00508	0.00016
19	0.00380	0.03087	0.18579	0.12095	0.30182	0.03899	0.04820	0.02903	0.03435	0.05808	0.02237	0.01506	0.01812	0.01254	0.04392	0.00424	0.02608	0.00556	7.3e-05	0.00017
20	0.00015	0.00012	0.00014	0.00015	0.00017	0.00011	0.00010	0.00019	0.01952	0.00602	0.07705	0.38515	0.46933	0.02415	0.00016	0.00657	6.7e-05	0.01064	0.00011	0.00010
21	0.00412	0.00016	0.00018	0.02601	0.01249	0.00016	0.00014	0.09960	0.08142	0.02208	0.19333	0.07222	0.37433	0.00025	0.00014	4e-05	7.8e-05	0.04830	0.06484	0.00013
22	0.02010	0.26715	0.31017	0.01419	0.03929	0.04765	0.03788	0.05921	0.05606	0.05276	0.00442	0.00629	0.07507	0.00014	0.00297	3.5e-05	0.00627	0.00010	7.2e-05	0.00017
23	0.01909	0.07777	0.16493	0.15649	0.05604	0.09343	0.05190	0.07219	0.10035	0.13200	0.01292	0.00753	0.01674	0.00362	0.00655	3.9e-05	0.01216	0.00979	8.3e-05	0.00638
24	0.00018	0.00013	0.00016	0.00017	0.00019	0.00012	0.00012	0.07324	0.00749	0.01837	0.08801	0.60877	0.15242	0.02859	0.00016	4.8e-05	7.5e-05	0.01435	0.00730	0.00011

[dist]
# distance from previous block
# <min> <max>
1	5

[block]
# block no. 2 follows, 2866 sequences, length 6
# corresponding to MSA columns:
# 1717-1722
name=unknown_C
#
# <colnr> <probs for GDERKNQSTAVLIFYWHMCP>
#	G	D	E	R	K	N	Q	S	T	A	V	L	I	F	Y	W	H	M	C	P
0	0.04980	0.05338	0.11482	0.19337	0.10934	0.02890	0.04596	0.04606	0.02220	0.06312	0.06903	0.06900	0.05250	0.01060	0.01036	4e-05	0.01184	0.00948	8e-05	0.04013
1	0.05387	0.11922	0.14530	0.11147	0.19485	0.06208	0.06351	0.04397	0.02326	0.04208	0.00924	0.03537	0.00917	0.00968	0.01489	0.00874	0.02031	0.01015	0.00867	0.01417
2	0.17694	0.08777	0.10175	0.04067	0.16531	0.13866	0.05091	0.03239	0.01745	0.05087	0.02578	0.01083	0.01348	0.00955	0.00951	3.8e-05	0.02978	0.01386	7.3e-05	0.02438
3	0.00956	0.01133	0.01298	0.01670	0.02519	0.01561	0.01217	0.04019	0.08489	0.06653	0.15957	0.19561	0.20173	0.03338	0.07145	5.5e-05	0.01054	0.01213	0.01021	0.01017
4	0.02845	0.06670	0.03677	0.08527	0.17821	0.05241	0.02885	0.11810	0.10283	0.06540	0.05614	0.04480	0.03986	0.00981	0.01266	4e-05	0.01378	0.01250	0.00985	0.03759
5	0.05120	0.27391	0.05850	0.02062	0.05835	0.08885	0.01707	0.10707	0.10430	0.03247	0.02766	0.02286	0.02125	0.00967	0.02451	3.8e-05	0.01514	0.00010	0.00943	0.05698

[dist]
# distance from previous block
# <min> <max>
5	11

[block]
# block no. 3 follows, 2866 sequences, length 8
# corresponding to MSA columns:
# 1736-1740,1746-1748
name=unknown_D
#
# <colnr> <probs for GDERKNQSTAVLIFYWHMCP>
#	G	D	E	R	K	N	Q	S	T	A	V	L	I	F	Y	W	H	M	C	P
0	0.00986	0.01063	0.02069	0.22387	0.28393	0.01147	0.05361	0.04851	0.02387	0.12797	0.04633	0.01067	0.07028	0.00834	0.00988	4.1e-05	0.01717	0.01511	0.00760	0.00016
1	0.02196	0.17410	0.39026	0.04076	0.05642	0.03136	0.05476	0.05703	0.03377	0.06959	0.01383	0.01317	0.00979	0.00014	0.01614	3.9e-05	0.01653	0.00010	6.9e-05	0.00017
2	0.01158	0.02292	0.35883	0.03361	0.13445	0.01715	0.06013	0.04066	0.04502	0.03002	0.05270	0.04370	0.05263	0.02714	0.01148	4.3e-05	0.02149	0.00998	0.02631	0.00016
3	0.00017	0.00012	0.00015	0.00017	0.00019	0.00011	0.00012	0.00021	0.02022	0.02360	0.05458	0.44559	0.25639	0.02001	0.00016	4.8e-05	7.7e-05	0.17787	0.00011	0.00011
4	0.03417	0.03143	0.10523	0.05254	0.08650	0.01896	0.03370	0.04180	0.04534	0.14440	0.14180	0.08972	0.08621	0.02749	0.02114	4.5e-05	0.01972	0.01021	0.00943	0.00015
5	0.05553	0.15185	0.24128	0.04909	0.10614	0.04080	0.04205	0.05762	0.03461	0.10241	0.02392	0.03858	0.00926	0.00756	0.00999	3.8e-05	0.00921	0.00707	7.7e-05	0.01291
6	0.00836	0.00749	0.02449	0.02205	0.01797	0.00870	0.05085	0.00986	0.02835	0.05138	0.10359	0.26693	0.26378	0.02098	0.02748	4.9e-05	0.01051	0.06957	0.00011	0.00751
7	0.01538	0.00013	0.00017	0.00018	0.00020	0.00012	0.01989	0.00022	0.02897	0.01418	0.06394	0.51777	0.04965	0.06785	0.10242	6.6e-05	0.00011	0.07680	0.02105	0.02090

[dist]
# distance from previous block
# <min> <max>
8	47

[block]
# block no. 4 follows, 2866 sequences, length 24
# corresponding to MSA columns:
# 1811,1813-1821,1827-1840
name=unknown_E
#
# <colnr> <probs for GDERKNQSTAVLIFYWHMCP>
#	G	D	E	R	K	N	Q	S	T	A	V	L	I	F	Y	W	H	M	C	P
0	0.00023	0.00019	0.00509	0.00725	0.02634	0.00016	0.00896	0.00505	0.04332	0.00846	0.02170	0.20754	0.01936	0.00536	0.00011	2.8e-05	8.8e-05	0.00560	8.5e-05	0.63507
1	0.04212	0.01075	0.02031	0.00515	0.04169	0.12878	0.03238	0.09198	0.14785	0.09676	0.01267	0.02102	0.01284	0.14176	0.12045	0.00286	0.05082	0.01491	0.00474	0.00015
2	0.00854	0.00013	0.00016	0.00015	0.00018	0.00457	0.00011	0.01241	0.01072	0.01844	0.73062	0.01026	0.18935	0.00025	0.00014	3.9e-05	6.2e-05	0.00750	0.00623	0.00012
3	0.00017	0.00013	0.00015	0.00014	0.00018	0.00012	0.00011	0.01991	0.01484	0.00537	0.18376	0.07342	0.53863	0.04071	0.03162	0.04765	7.8e-05	0.03715	0.00575	0.00010
4	0.00016	0.00011	0.00015	0.00017	0.00019	0.00011	0.00012	0.00743	0.00024	0.00690	0.02367	0.77283	0.03089	0.01781	0.00558	5.1e-05	7.8e-05	0.12824	0.00518	0.00010
5	0.00018	0.00013	0.00016	0.00016	0.00019	0.00647	0.00012	0.00022	0.01209	0.00605	0.38797	0.08823	0.11267	0.17720	0.00023	5.7e-05	8.2e-05	0.20758	0.00011	0.00011
6	0.00019	0.00013	0.00542	0.00016	0.00019	0.00416	0.00012	0.00886	0.02945	0.02594	0.70638	0.05477	0.10781	0.03228	0.00016	4.1e-05	6.5e-05	0.00437	0.01940	0.00012
7	0.99661	0.00023	0.00018	0.00016	0.00023	0.00027	0.00013	0.00036	0.00021	0.00054	0.00017	0.00020	0.00013	0.00011	7.5e-05	3.7e-05	9.4e-05	6.5e-05	7.5e-05	0.00013
8	0.00018	0.00013	0.00017	0.00016	0.00019	0.00012	0.00012	0.01240	0.03288	0.00048	0.89387	0.00090	0.05747	0.00025	0.00014	3.8e-05	5.9e-05	0.00022	0.00013	0.00012
9	0.00045	0.00058	0.00034	0.00031	0.00037	0.99527	0.00023	0.00048	0.00034	0.00030	0.00019	0.00022	0.00016	0.00012	0.00011	3.1e-05	0.00022	7.8e-05	6.2e-05	0.00014
10	0.99661	0.00023	0.00018	0.00016	0.00023	0.00027	0.00013	0.00036	0.00021	0.00054	0.00017	0.00020	0.00013	0.00011	7.5e-05	3.7e-05	9.4e-05	6.5e-05	7.5e-05	0.00013
11	0.01354	0.00020	0.00023	0.00020	0.00026	0.00969	0.00016	0.15995	0.16663	0.14924	0.48547	0.00064	0.00071	0.00020	0.00013	3.8e-05	8.5e-05	0.00578	0.00670	0.00016
12	0.99661	0.00023	0.00018	0.00016	0.00023	0.00027	0.00013	0.00036	0.00021	0.00054	0.00017	0.00020	0.00013	0.00011	7.5e-05	3.7e-05	9.4e-05	6.5e-05	7.5e-05	0.00013
13	0.00030	0.00029	0.00049	0.00074	0.99500	0.00029	0.00037	0.00037	0.00028	0.00039	0.00023	0.00030	0.00019	0.00011	0.00012	3.6e-05	0.00014	0.00011	6e-05	0.00019
14	0.00030	0.00026	0.00027	0.00025	0.00031	0.00030	0.00019	0.00064	0.99478	0.00051	0.00049	0.00045	0.00037	0.00016	0.00012	4.1e-05	9.6e-05	0.00014	0.00012	0.00019
15	0.00030	0.00026	0.00027	0.00024	0.00031	0.00029	0.00019	0.00063	0.96279	0.00050	0.00052	0.00047	0.03236	0.00017	0.00012	4.1e-05	9.5e-05	0.00014	0.00012	0.00019
16	0.00033	0.00027	0.00029	0.00025	0.00032	0.00031	0.00020	0.19371	0.76397	0.01283	0.00783	0.00955	0.00035	0.00909	0.00013	4.1e-05	0.00010	0.00013	0.00012	0.00019
17	0.00570	0.00014	0.00015	0.00014	0.00019	0.00012	0.00011	0.01364	0.05550	0.05136	0.17573	0.03154	0.63836	0.00027	0.00014	4e-05	6.6e-05	0.00023	0.02645	0.00012
18	0.77205	0.00022	0.00019	0.00017	0.00024	0.00025	0.00014	0.01008	0.00023	0.16703	0.00913	0.00027	0.00730	0.03215	0.00010	4e-05	9.6e-05	8.2e-05	8.9e-05	0.00014
19	0.00030	0.00029	0.00049	0.02167	0.97408	0.00029	0.00037	0.00037	0.00027	0.00039	0.00023	0.00030	0.00019	0.00011	0.00012	3.6e-05	0.00014	0.00011	6e-05	0.00019
20	0.00015	0.00011	0.00014	0.00017	0.00018	0.00010	0.00011	0.00018	0.00024	0.00032	0.01908	0.81466	0.09095	0.01075	0.00624	5e-05	7.3e-05	0.04957	0.00683	9.9e-05
21	0.04031	0.00022	0.00028	0.00022	0.00031	0.00020	0.00018	0.05906	0.02498	0.86131	0.00045	0.00040	0.00029	0.00015	0.00012	3.7e-05	0.00010	0.00012	0.01109	0.00020
22	0.02361	0.00514	0.00836	0.19611	0.17925	0.09696	0.01846	0.03535	0.00576	0.08099	0.00335	0.00913	0.00021	0.00496	0.09858	0.01111	0.20442	0.00444	0.01366	0.00015
23	0.00340	0.00547	0.01093	0.13872	0.19073	0.01430	0.16169	0.01492	0.03638	0.00967	0.10578	0.10210	0.02112	0.04359	0.08061	0.00458	0.02490	0.03089	8e-05	0.00014

[dist]
# distance from previous block
# <min> <max>
7	10

[block]
# block no. 5 follows, 2866 sequences, length 21
# corresponding to MSA columns:
# 1856-1862,1876-1889
name=unknown_F
#
# <colnr> <probs for GDERKNQSTAVLIFYWHMCP>
#	G	D	E	R	K	N	Q	S	T	A	V	L	I	F	Y	W	H	M	C	P
0	0.00535	0.00013	0.00018	0.00019	0.00660	0.00013	0.00015	0.00024	0.00943	0.07456	0.12029	0.28996	0.10306	0.01023	0.03004	0.00513	9.3e-05	0.33971	0.00443	0.00011
1	0.00015	0.00011	0.00014	0.00016	0.00018	0.00010	0.00011	0.00018	0.00906	0.00033	0.10952	0.61383	0.19321	0.02085	0.00016	4.8e-05	7e-05	0.04408	0.00758	0.00010
2	0.21709	0.00020	0.00023	0.00019	0.00027	0.00019	0.00015	0.01335	0.00939	0.54695	0.18460	0.00047	0.01787	0.00016	0.00012	3.8e-05	9.2e-05	0.00013	0.00836	0.00017
3	0.01284	0.00021	0.00027	0.00021	0.00030	0.00018	0.00017	0.01841	0.00034	0.92817	0.00047	0.00041	0.00030	0.00015	0.00012	3.7e-05	0.00010	0.00012	0.03700	0.00020
4	0.33886	0.00021	0.00023	0.00019	0.00027	0.00022	0.00016	0.01679	0.06499	0.49563	0.00036	0.00034	0.00025	0.00014	0.00010	3.7e-05	9.6e-05	0.00010	0.08084	0.00017
5	0.00032	0.99582	0.00063	0.00021	0.00031	0.00048	0.00021	0.00036	0.00025	0.00028	0.00017	0.00019	0.00016	0.00010	7.8e-05	2.6e-05	0.00013	6.5e-05	5.2e-05	0.00016
6	0.00030	0.00026	0.00027	0.00025	0.00031	0.00030	0.00019	0.00063	0.97032	0.00050	0.00050	0.00047	0.00038	0.00017	0.00012	4.1e-05	9.6e-05	0.02458	0.00012	0.00019
7	0.00018	0.00012	0.00014	0.00015	0.02603	0.00012	8.3e-05	0.00018	0.00018	0.00024	0.00038	0.00077	0.00043	0.94739	0.02304	0.00012	0.00012	0.00017	7.3e-05	7.7e-05
8	0.00023	0.00021	0.00036	0.99546	0.00083	0.00027	0.00034	0.00031	0.00024	0.00031	0.00021	0.00032	0.00016	0.00012	0.00012	4e-05	0.00016	0.00011	5.4e-05	0.00013
9	0.00053	0.00022	0.01011	0.00022	0.00031	0.00019	0.00018	0.05261	0.01266	0.91029	0.00046	0.00040	0.00029	0.00015	0.00012	3.7e-05	0.00010	0.00012	0.00015	0.01084
10	0.17350	0.00021	0.00026	0.00021	0.00030	0.00019	0.00017	0.00055	0.00032	0.82239	0.00042	0.00037	0.00027	0.00014	0.00011	3.7e-05	0.00010	0.00011	0.00014	0.00019
11	0.07640	0.00021	0.00028	0.00021	0.00031	0.00019	0.00018	0.03734	0.00034	0.88256	0.00045	0.00039	0.00028	0.00015	0.00012	3.7e-05	0.00010	0.00012	0.00014	0.00020
12	0.02634	0.00015	0.00395	0.02645	0.00353	0.01029	0.00354	0.01807	0.03558	0.08021	0.29317	0.00466	0.42300	0.00026	0.00463	4.1e-05	7.6e-05	0.06102	0.00491	0.00012
13	0.01093	0.29140	0.55052	0.00528	0.00482	0.04519	0.02137	0.00637	0.00996	0.03983	0.00443	0.00025	0.00017	0.00011	0.00011	3.4e-05	0.00396	8.5e-05	5.8e-05	0.00511
14	0.00029	0.00033	0.00071	0.00051	0.00063	0.00031	0.99456	0.00039	0.00029	0.00039	0.00024	0.00033	0.00018	0.00010	0.00014	4.1e-05	0.00020	0.00014	6.1e-05	0.00016
15	0.00016	0.00012	0.00015	0.00017	0.00019	0.00011	0.00012	0.00020	0.03702	0.01057	0.02903	0.82500	0.04067	0.00036	0.00015	4.8e-05	7.3e-05	0.05565	0.00011	0.00010
16	0.01721	0.02451	0.21536	0.07345	0.17722	0.01313	0.21091	0.04142	0.03240	0.04418	0.04628	0.00599	0.03925	0.00014	0.00323	3.9e-05	0.03450	0.00924	0.01139	0.00017
17	0.00433	0.00574	0.12704	0.00893	0.01625	0.00539	0.00497	0.02800	0.12964	0.02656	0.26944	0.02470	0.28244	0.00023	0.01567	4.1e-05	0.00480	0.00387	0.04181	0.00014
18	0.00020	0.00011	0.00016	0.00016	0.00016	0.00011	0.00011	0.00016	0.00016	0.00022	0.00026	0.07039	0.01063	0.02632	0.00045	0.87846	0.01171	0.00013	5.8e-05	5.8e-05
19	0.47607	0.00023	0.00024	0.00625	0.00028	0.00025	0.00016	0.12227	0.03842	0.31928	0.01660	0.00031	0.00763	0.00013	9.9e-05	3.7e-05	0.00010	9.6e-05	0.01140	0.00017
20	0.01131	0.17736	0.37238	0.05651	0.11766	0.10381	0.08008	0.02310	0.01113	0.02100	0.00380	0.00387	0.00812	0.00012	0.00011	3.6e-05	0.00927	9.5e-05	6e-05	0.00017

[dist]
# distance from previous block
# <min> <max>
2	10

[block]
# block no. 6 follows, 2866 sequences, length 6
# corresponding to MSA columns:
# 1902,1903,1916-1918,1920
name=unknown_G
#
# <colnr> <probs for GDERKNQSTAVLIFYWHMCP>
#	G	D	E	R	K	N	Q	S	T	A	V	L	I	F	Y	W	H	M	C	P
0	0.46617	0.11647	0.02804	0.01799	0.04489	0.15764	0.05779	0.02693	0.00025	0.02442	0.00020	0.00023	0.00016	0.00013	0.01397	3.8e-05	0.02963	8e-05	0.01483	0.00014
1	0.02156	0.00017	0.00020	0.00017	0.00023	0.00016	0.00014	0.07419	0.05062	0.21934	0.39585	0.02217	0.15020	0.00022	0.00013	3.8e-05	7.6e-05	0.00018	0.06422	0.00014
2	0.06744	0.14180	0.15376	0.03157	0.01555	0.01496	0.03435	0.01944	0.03885	0.02347	0.01366	0.02810	0.01047	0.01022	0.01573	3.3e-05	0.02147	9.6e-05	7.1e-05	0.35894
3	0.00018	0.00013	0.00016	0.00015	0.00018	0.00013	0.00011	0.00024	0.07446	0.00041	0.48047	0.05600	0.20296	0.11320	0.00019	4.9e-05	7e-05	0.03832	0.03247	0.00011
4	0.00018	0.00014	0.01802	0.00015	0.00019	0.00013	0.00012	0.01413	0.01631	0.01746	0.41838	0.03313	0.35880	0.03178	0.03771	4.8e-05	0.02002	0.01863	0.01455	0.00011
5	0.06631	0.01123	0.01005	0.12311	0.14043	0.00908	0.01102	0.12439	0.07451	0.30176	0.00922	0.01711	0.01041	0.02513	0.01354	0.01151	0.01593	0.01307	0.01200	0.00017

[dist]
# distance from previous block
# <min> <max>
6	11

[block]
# block no. 7 follows, 2866 sequences, length 12
# corresponding to MSA columns:
# 1935-1944,1951,1952
name=unknown_H
#
# <colnr> <probs for GDERKNQSTAVLIFYWHMCP>
#	G	D	E	R	K	N	Q	S	T	A	V	L	I	F	Y	W	H	M	C	P
0	0.04527	0.00022	0.00029	0.00022	0.00031	0.00021	0.00018	0.12799	0.00037	0.80092	0.00043	0.00038	0.00028	0.00015	0.00012	3.7e-05	0.00011	0.00012	0.00014	0.02226
1	0.08693	0.00028	0.00031	0.00024	0.00034	0.01764	0.00020	0.48923	0.01719	0.38587	0.00035	0.00033	0.00024	0.00014	0.00012	3.7e-05	0.00012	0.00011	0.00013	0.00020
2	0.00018	0.00013	0.00016	0.00016	0.00019	0.00012	0.00012	0.00024	0.01699	0.03699	0.79087	0.09764	0.05525	0.00026	0.00014	3.9e-05	6.1e-05	0.00023	0.00013	0.00012
3	0.01160	0.00016	0.00020	0.00017	0.00023	0.00014	0.00014	0.00966	0.00997	0.38780	0.26857	0.04804	0.21943	0.00023	0.00013	3.9e-05	7.9e-05	0.02687	0.01639	0.00015
4	0.00018	0.00012	0.00016	0.00016	0.00017	0.00013	0.00011	0.00019	0.00019	0.00026	0.03565	0.00067	0.00041	0.58834	0.33263	0.01956	0.02076	0.00016	7.2e-05	8.7e-05
5	0.00031	0.72087	0.12601	0.04205	0.01206	0.01220	0.01766	0.00937	0.01005	0.00972	0.00667	0.01347	0.00635	0.00012	9.2e-05	3e-05	0.00638	0.00638	5.6e-05	0.00016
6	0.17520	0.00022	0.00027	0.00021	0.00030	0.00021	0.00017	0.04148	0.08016	0.69990	0.00042	0.00037	0.00027	0.00014	0.00011	3.8e-05	0.00010	0.00011	0.00013	0.00019
7	0.00019	0.00013	0.00016	0.00016	0.00019	0.00012	0.00012	0.00991	0.01470	0.04468	0.27948	0.20117	0.24059	0.03689	0.02299	0.01076	0.00719	0.06999	0.06049	0.00011
8	0.01356	0.05581	0.18064	0.05322	0.14965	0.04386	0.25564	0.07069	0.04991	0.06698	0.01096	0.00565	0.00661	0.00013	0.00530	3.9e-05	0.01830	0.00761	0.00527	0.00017
9	0.00539	0.00028	0.08567	0.07025	0.15010	0.00628	0.07025	0.15156	0.02307	0.28434	0.01891	0.02507	0.00547	0.01706	0.05443	0.00631	0.01368	0.00629	0.00540	0.00018
10	0.13764	0.00021	0.00026	0.00021	0.00029	0.00019	0.00716	0.02835	0.01223	0.73926	0.01973	0.00862	0.00731	0.00795	0.01335	4e-05	0.00010	0.00857	0.00832	0.00019
11	0.00604	0.00595	0.01890	0.08196	0.46737	0.00959	0.04467	0.00787	0.03258	0.02825	0.07775	0.02342	0.16067	0.00017	0.00904	0.00514	0.00623	0.01417	8e-05	0.00016

[dist]
# distance from previous block
# <min> <max>
3	5

[block]
# block no. 8 follows, 2866 sequences, length 30
# corresponding to MSA columns:
# 1959-1988
name=unknown_I
#
# <colnr> <probs for GDERKNQSTAVLIFYWHMCP>
#	G	D	E	R	K	N	Q	S	T	A	V	L	I	F	Y	W	H	M	C	P
0	0.01228	0.87504	0.03111	0.00853	0.00033	0.03258	0.01042	0.01394	0.00025	0.00030	0.00017	0.00020	0.00016	0.00011	8.3e-05	2.7e-05	0.00413	6.8e-05	5.4e-05	0.01023
1	0.00017	0.00013	0.00017	0.02981	0.00601	0.00013	0.00623	0.00350	0.01259	0.01000	0.53735	0.10232	0.19405	0.01332	0.05452	5e-05	0.02297	0.00644	0.00012	0.00011
2	0.00017	0.00012	0.00015	0.00016	0.00018	0.00011	0.00011	0.00021	0.00028	0.03078	0.40183	0.49095	0.04196	0.00031	0.00015	4.3e-05	6.6e-05	0.00885	0.02347	0.00011
3	0.00015	0.00012	0.00013	0.00014	0.00017	0.00010	0.00010	0.00018	0.00026	0.00535	0.01820	0.38452	0.51882	0.03686	0.00743	4.8e-05	7e-05	0.02714	0.00011	0.00010
4	0.01491	0.00014	0.00016	0.00015	0.00020	0.00012	0.00012	0.00028	0.00030	0.20221	0.23581	0.04870	0.39076	0.00024	0.00013	3.9e-05	6.9e-05	0.00701	0.09851	0.00013
5	0.00032	0.99582	0.00063	0.00021	0.00031	0.00048	0.00021	0.00036	0.00025	0.00028	0.00017	0.00019	0.00016	0.00010	7.8e-05	2.6e-05	0.00013	6.5e-05	5.2e-05	0.00016
6	0.00030	0.00026	0.00027	0.00025	0.00031	0.00030	0.00019	0.00064	0.99478	0.00051	0.00049	0.00045	0.00037	0.00016	0.00012	4.1e-05	9.6e-05	0.00014	0.00012	0.00019
7	0.00054	0.00021	0.00029	0.00022	0.00031	0.00019	0.00018	0.06235	0.00036	0.93330	0.00047	0.00040	0.00029	0.00015	0.00012	3.7e-05	0.00010	0.00012	0.00015	0.00021
8	0.99661	0.00023	0.00018	0.00016	0.00023	0.00027	0.00013	0.00036	0.00021	0.00054	0.00017	0.00020	0.00013	0.00011	7.5e-05	3.7e-05	9.4e-05	6.5e-05	7.5e-05	0.00013
9	0.00023	0.00021	0.00036	0.99546	0.00083	0.00027	0.00034	0.00031	0.00024	0.00031	0.00021	0.00032	0.00016	0.00012	0.00012	4e-05	0.00016	0.00011	5.4e-05	0.00013
10	0.00015	0.00011	0.00015	0.00017	0.00018	0.00010	0.00857	0.00018	0.01383	0.00031	0.00066	0.92038	0.00767	0.01799	0.00016	5e-05	7.4e-05	0.02904	0.00011	0.0001
11	0.00028	0.00030	0.00616	0.00039	0.00045	0.01592	0.41171	0.00507	0.00558	0.00528	0.00020	0.00029	0.00017	0.00016	0.00027	4.6e-05	0.52547	0.00012	5.8e-05	0.02208
12	0.00039	0.00045	0.00032	0.00028	0.00035	0.59447	0.00022	0.01519	0.36607	0.01084	0.01005	0.00031	0.00025	0.00014	0.00011	3.5e-05	0.00017	0.00010	8.7e-05	0.00016
13	0.00031	0.00030	0.00048	0.04566	0.72184	0.05272	0.08239	0.02405	0.00028	0.01604	0.00023	0.00030	0.00019	0.00012	0.00014	3.7e-05	0.05457	0.00011	6.2e-05	0.00018
14	0.04015	0.04795	0.03313	0.00881	0.11513	0.02896	0.03239	0.09761	0.18422	0.10671	0.17327	0.03369	0.06244	0.00312	0.00880	4e-05	0.01582	0.00445	0.00011	0.00321
15	0.11709	0.04210	0.04182	0.00028	0.00035	0.59971	0.00497	0.01010	0.00465	0.03917	0.00309	0.00024	0.00789	0.00014	0.00455	3.5e-05	0.11284	8.4e-05	6.7e-05	0.01083
16	0.00015	0.00011	0.00014	0.00017	0.00018	0.01246	0.00011	0.00017	0.00023	0.00031	0.00066	0.97189	0.00078	0.00038	0.00016	0.01149	7.2e-05	0.00034	0.00011	9.8e-05
17	0.00019	0.00014	0.00019	0.00021	0.00024	0.00014	0.00019	0.00024	0.00028	0.00036	0.02966	0.04544	0.03418	0.00033	0.00016	5.4e-05	0.00011	0.88767	0.00011	0.00011
18	0.00033	0.19688	0.31906	0.03375	0.09392	0.15859	0.06685	0.01256	0.00508	0.09207	0.00372	0.00639	0.00277	0.00012	0.00011	3.5e-05	0.00454	0.00300	6.6e-05	0.00017
19	0.02427	0.00060	0.93058	0.00035	0.00052	0.00028	0.04098	0.00038	0.00026	0.00039	0.00022	0.00026	0.00015	0.00011	0.00012	3.8e-05	0.00018	9.1e-05	5.2e-05	0.00018
20	0.00015	0.00011	0.00014	0.00017	0.00018	0.0001	0.00011	0.00017	0.00023	0.00031	0.00884	0.90493	0.05567	0.00809	0.01041	5.1e-05	7.3e-05	0.01007	0.00011	9.9e-05
21	0.15003	0.01783	0.18956	0.05319	0.21472	0.02601	0.05862	0.12372	0.04240	0.09401	0.00027	0.00600	0.00741	0.00012	0.00011	3.7e-05	0.00459	0.00010	0.00261	0.00865
22	0.00030	0.00029	0.00049	0.01784	0.97791	0.00029	0.00037	0.00037	0.00027	0.00039	0.00023	0.00030	0.00019	0.00011	0.00012	3.6e-05	0.00014	0.00011	6e-05	0.00019
23	0.00016	0.00013	0.00014	0.00014	0.00018	0.00011	0.00011	0.01580	0.00578	0.00038	0.27483	0.01777	0.59479	0.00534	0.00015	4.2e-05	6.6e-05	0.08385	0.00012	0.00011
24	0.03478	0.03356	0.00614	0.12793	0.31523	0.05984	0.03345	0.01395	0.02067	0.06055	0.15905	0.01092	0.04840	0.01203	0.02349	0.00836	0.02404	0.00508	0.00236	0.00015
25	0.00550	0.01039	0.00659	0.73809	0.09127	0.04767	0.02067	0.04176	0.01927	0.00646	0.00023	0.00324	0.00017	0.00012	0.00012	3.9e-05	0.00808	0.00011	6e-05	0.00015
26	0.00018	0.00014	0.00017	0.00016	0.00019	0.00013	0.00012	0.01337	0.06168	0.01077	0.73870	0.00814	0.16530	0.00025	0.00014	3.9e-05	6.2e-05	0.00022	0.00013	0.00012
27	0.00019	0.00013	0.00016	0.00016	0.00019	0.00012	0.00012	0.00462	0.01859	0.04888	0.14683	0.14779	0.38828	0.00029	0.00014	4.4e-05	7.4e-05	0.18719	0.05608	0.00011
28	0.10913	0.05833	0.15335	0.06077	0.27638	0.08395	0.09516	0.03164	0.04625	0.04847	0.01518	0.00359	0.00599	0.00012	0.00245	3.7e-05	0.00651	0.00010	0.00241	0.00017
29	0.01035	0.00028	0.01723	0.27005	0.65272	0.00822	0.01392	0.01224	0.00697	0.00655	0.00023	0.00031	0.00018	0.00011	0.00012	3.7e-05	0.00015	0.00011	6e-05	0.00017

[dist]
# distance from previous block
# <min> <max>
3	10

[block]
# block no. 9 follows, 2866 sequences, length 24
# corresponding to MSA columns:
# 2007,2013-2035
name=unknown_J
#
# <colnr> <probs for GDERKNQSTAVLIFYWHMCP>
#	G	D	E	R	K	N	Q	S	T	A	V	L	I	F	Y	W	H	M	C	P
0	0.00268	0.01276	0.00634	0.01490	0.03281	0.03123	0.00637	0.01842	0.00594	0.02298	0.12200	0.00862	0.01464	0.00717	0.02385	2.9e-05	0.02219	0.00010	0.00357	0.64342
1	0.00645	0.11523	0.00347	0.04860	0.02131	0.01122	0.02658	0.02374	0.02805	0.00828	0.06167	0.01047	0.02728	0.01764	0.04057	5.3e-05	0.53902	0.00377	0.00403	0.00260
2	0.00025	0.03513	0.76696	0.01206	0.01732	0.00454	0.01740	0.01373	0.02778	0.01546	0.01368	0.00029	0.00803	0.00370	0.01551	4.1e-05	0.03253	0.00292	0.01248	0.00017
3	0.00536	0.00020	0.00023	0.01821	0.03767	0.02036	0.00016	0.09097	0.24834	0.02435	0.41169	0.00459	0.11306	0.00021	0.00013	3.8e-05	8.4e-05	0.00018	0.00696	0.01723
4	0.00016	0.00011	0.00015	0.00017	0.00018	0.00011	0.00012	0.00019	0.00597	0.00032	0.04900	0.63442	0.08400	0.04646	0.01078	0.01789	8.1e-05	0.14968	0.00011	0.0001
5	0.00016	0.00011	0.00016	0.00018	0.00019	0.00011	0.02654	0.00018	0.00024	0.00776	0.03684	0.83499	0.04410	0.00036	0.00015	4.8e-05	7.5e-05	0.04759	0.00011	0.00010
6	0.00020	0.00014	0.00018	0.00016	0.00020	0.00014	0.00013	0.00029	0.12749	0.03773	0.75990	0.00083	0.04757	0.00023	0.00014	3.8e-05	6.4e-05	0.00722	0.01720	0.00013
7	0.00015	0.00011	0.00014	0.00016	0.00018	0.00010	0.00011	0.00018	0.00994	0.00033	0.07513	0.73063	0.17165	0.00035	0.00015	4.7e-05	6.8e-05	0.01035	0.00011	0.00010
8	0.00032	0.99582	0.00063	0.00021	0.00031	0.00048	0.00021	0.00036	0.00025	0.00028	0.00017	0.00019	0.00016	0.00010	7.8e-05	2.6e-05	0.00013	6.5e-05	5.2e-05	0.00016
9	0.14529	0.00022	0.00027	0.00021	0.00030	0.00020	0.00017	0.04746	0.01042	0.78414	0.00042	0.00038	0.00027	0.00014	0.00011	3.7e-05	0.00010	0.00011	0.00956	0.00019
10	0.10033	0.00027	0.00027	0.00024	0.00031	0.03731	0.00019	0.15291	0.62601	0.00771	0.01514	0.00043	0.02826	0.00016	0.00012	4e-05	0.00472	0.01645	0.00894	0.00018
11	0.00028	0.00024	0.00026	0.00024	0.00030	0.02802	0.01850	0.02415	0.72496	0.01105	0.05917	0.06768	0.04665	0.00474	0.00013	4.1e-05	9.7e-05	0.01318	0.00012	0.00017
12	0.99661	0.00023	0.00018	0.00016	0.00023	0.00027	0.00013	0.00036	0.00021	0.00054	0.00017	0.00020	0.00013	0.00011	7.5e-05	3.7e-05	9.4e-05	6.5e-05	7.5e-05	0.00013
13	0.02095	0.00032	0.00068	0.01735	0.00716	0.00639	0.91058	0.01358	0.00879	0.00039	0.00024	0.00032	0.00018	0.00011	0.00014	4.1e-05	0.01240	0.00014	6.3e-05	0.00016
14	0.00045	0.00057	0.00971	0.00031	0.00037	0.95812	0.00024	0.01086	0.00904	0.00030	0.00019	0.00022	0.00016	0.00013	0.00011	3.2e-05	0.00891	7.9e-05	6.3e-05	0.00014
15	0.26342	0.00022	0.00025	0.00020	0.00029	0.00021	0.00017	0.02813	0.05141	0.63072	0.01616	0.00037	0.00765	0.00014	0.00011	3.8e-05	0.0001	0.00011	0.00013	0.00018
16	0.00016	0.00012	0.00015	0.00016	0.00473	0.00011	0.00011	0.00019	0.00561	0.00463	0.09151	0.49655	0.23757	0.07607	0.02762	5.5e-05	0.00843	0.04603	0.00011	0.00010
17	0.00035	0.00996	0.11344	0.06706	0.02399	0.15529	0.05955	0.27484	0.03274	0.07024	0.10785	0.02280	0.02420	0.00480	0.00529	3.8e-05	0.00512	0.01460	9.5e-05	0.00775
18	0.00029	0.00033	0.00070	0.00050	0.00062	0.00031	0.94826	0.04668	0.00030	0.00040	0.00025	0.00032	0.00018	0.00010	0.00014	4.1e-05	0.00020	0.00014	6.4e-05	0.00017
19	0.00042	0.00019	0.01077	0.00020	0.00027	0.00016	0.00016	0.00048	0.03020	0.66113	0.19091	0.01594	0.02571	0.04653	0.00015	4.2e-05	9.3e-05	0.00533	0.01115	0.00018
20	0.00307	0.01730	0.19256	0.20644	0.40774	0.01496	0.05433	0.05356	0.00665	0.00466	0.00589	0.00511	0.00432	0.00012	0.00012	0.00262	0.00285	0.01464	0.00287	0.00017
21	0.00503	0.01155	0.14165	0.00435	0.01991	0.01088	0.10730	0.03332	0.04938	0.12000	0.19340	0.14972	0.10195	0.00308	0.00853	0.00272	0.02233	0.01467	0.00010	0.00015
22	0.00019	0.00013	0.00014	0.00014	0.00014	0.00013	8.1e-05	0.04648	0.00019	0.00026	0.00038	0.00077	0.00043	0.94939	0.00059	0.00011	0.00012	0.00017	7.5e-05	7.9e-05
23	0.04707	0.06707	0.00414	0.05065	0.10966	0.18699	0.02091	0.17544	0.07179	0.09498	0.00313	0.01218	0.00503	0.00015	0.00447	3.9e-05	0.13379	0.00931	0.00303	0.00017

[dist]
# distance from previous block
# <min> <max>
0	1

[block]
# block no. 10 follows, 2866 sequences, length 28
# corresponding to MSA columns:
# 2037-2039,2041-2065
name=unknown_K
#
# <colnr> <probs for GDERKNQSTAVLIFYWHMCP>
#	G	D	E	R	K	N	Q	S	T	A	V	L	I	F	Y	W	H	M	C	P
0	0.01840	0.09883	0.39590	0.06493	0.12297	0.05049	0.11465	0.03623	0.00492	0.05869	0.00024	0.01588	0.00295	0.00565	0.00600	3.8e-05	0.00288	0.00010	6.5e-05	0.00017
1	0.00264	0.00434	0.01099	0.00280	0.02135	0.00460	0.00516	0.07176	0.08311	0.46818	0.19139	0.00411	0.06808	0.02569	0.00457	0.00211	0.00772	0.01128	0.00995	0.00017
2	0.00343	0.00018	0.00344	0.00019	0.00024	0.00017	0.00324	0.02152	0.21021	0.22683	0.32309	0.06472	0.06784	0.01096	0.00014	4e-05	8.1e-05	0.02692	0.03662	0.00015
3	0.30267	0.14272	0.08227	0.03089	0.06077	0.10178	0.05455	0.01313	0.00715	0.01296	0.00370	0.00468	0.00017	0.00846	0.00266	3.4e-05	0.01024	8.3e-05	6.7e-05	0.16101
4	0.00017	0.00013	0.00015	0.00016	0.00018	0.00012	0.00011	0.02656	0.00922	0.01818	0.36014	0.34219	0.21938	0.00470	0.00015	4.2e-05	6.6e-05	0.00026	0.00764	0.01043
5	0.00034	0.05873	0.00032	0.00774	0.00888	0.06942	0.00961	0.16469	0.64474	0.00051	0.00040	0.00038	0.00030	0.00015	0.00012	3.8e-05	0.00679	0.00012	0.00011	0.02659
6	0.82781	0.00639	0.01998	0.00018	0.00025	0.00027	0.00450	0.04326	0.00674	0.07944	0.00020	0.00022	0.00015	0.00012	8.3e-05	3.7e-05	0.00441	7.4e-05	0.00575	0.00014
7	0.00017	0.00012	0.00014	0.00015	0.00018	0.00011	0.00011	0.00645	0.00027	0.03546	0.16070	0.36971	0.36543	0.04023	0.00017	4.7e-05	6.9e-05	0.02028	0.00012	0.00011
8	0.00023	0.00015	0.00018	0.00016	0.00021	0.00473	0.00012	0.01895	0.08673	0.12364	0.41904	0.00087	0.32386	0.01054	0.00014	4e-05	7e-05	0.00429	0.00593	0.00013
9	0.00016	0.00011	0.00015	0.00016	0.00018	0.00011	0.00012	0.00018	0.00025	0.00034	0.12301	0.61223	0.13528	0.03327	0.00017	4.9e-05	7.3e-05	0.09396	0.00011	0.00010
10	0.00032	0.00026	0.00028	0.00025	0.00032	0.00030	0.00019	0.04797	0.91181	0.03615	0.00048	0.00044	0.00036	0.00016	0.00012	4.1e-05	9.8e-05	0.00013	0.00012	0.00019
11	0.00030	0.00029	0.00049	0.00073	0.96863	0.02666	0.00037	0.00037	0.00028	0.00039	0.00023	0.00030	0.00019	0.00011	0.00012	3.6e-05	0.00015	0.00011	6e-05	0.00019
12	0.00016	0.00011	0.00015	0.00017	0.00018	0.00010	0.00012	0.00018	0.00024	0.00692	0.02882	0.77708	0.03796	0.03831	0.03843	5.7e-05	8.4e-05	0.05989	0.01095	0.0001
13	0.00032	0.95958	0.03685	0.00021	0.00032	0.00047	0.00022	0.00036	0.00025	0.00029	0.00017	0.00020	0.00016	0.00010	7.9e-05	2.6e-05	0.00013	6.6e-05	5.2e-05	0.00016
14	0.89514	0.00025	0.00020	0.00017	0.00025	0.01996	0.00014	0.05197	0.00023	0.00054	0.00017	0.00020	0.00014	0.00012	8.8e-05	3.8e-05	0.03012	6.9e-05	7.6e-05	0.00014
15	0.00033	0.00027	0.00029	0.00025	0.00032	0.00652	0.00020	0.15970	0.79776	0.01448	0.00046	0.00759	0.00034	0.01077	0.00013	4.1e-05	0.00010	0.00013	0.00012	0.00019
16	0.01248	0.00022	0.00029	0.00022	0.00031	0.00020	0.00018	0.09104	0.00036	0.87717	0.00045	0.00040	0.00029	0.00015	0.00012	3.7e-05	0.00011	0.00012	0.00014	0.01572
17	0.00029	0.00028	0.00047	0.15115	0.83269	0.00029	0.00036	0.01233	0.00027	0.00039	0.00023	0.00030	0.00019	0.00011	0.00012	3.7e-05	0.00015	0.00011	6e-05	0.00018
18	0.95994	0.00023	0.00018	0.00016	0.00024	0.00027	0.00013	0.00036	0.00021	0.03715	0.00018	0.00020	0.00014	0.00011	7.7e-05	3.7e-05	9.4e-05	6.8e-05	7.8e-05	0.00013
19	0.99661	0.00023	0.00018	0.00016	0.00023	0.00027	0.00013	0.00036	0.00021	0.00054	0.00017	0.00020	0.00013	0.00011	7.5e-05	3.7e-05	9.4e-05	6.5e-05	7.5e-05	0.00013
20	0.00737	0.00014	0.00016	0.00015	0.00019	0.00013	0.00011	0.03119	0.02799	0.03229	0.44153	0.01597	0.40455	0.00899	0.00014	4e-05	6.5e-05	0.01325	0.01564	0.00012
21	0.00021	0.00013	0.00017	0.00016	0.00020	0.00012	0.00012	0.00834	0.00945	0.13109	0.46209	0.17595	0.20163	0.00027	0.00014	4.1e-05	6.8e-05	0.00955	0.00013	0.00012
22	0.00017	0.00012	0.00014	0.00015	0.00017	0.00011	0.00010	0.00020	0.00515	0.02954	0.22783	0.23066	0.21369	0.27404	0.00413	0.00395	8e-05	0.00442	0.00525	9.9e-05
23	0.14773	0.00024	0.00029	0.04864	0.00034	0.02075	0.03021	0.15364	0.02008	0.52025	0.00036	0.00034	0.00024	0.00014	0.00011	3.7e-05	0.00445	0.00011	0.00392	0.04812
24	0.00016	0.00012	0.00014	0.00014	0.00017	0.00011	0.00010	0.00020	0.00029	0.01979	0.24999	0.10814	0.60034	0.00030	0.00014	4.1e-05	6.3e-05	0.01955	0.00012	0.00011
25	0.01496	0.00024	0.00590	0.10679	0.06503	0.00300	0.14309	0.13568	0.03022	0.35672	0.06636	0.00042	0.01548	0.00016	0.00602	0.01890	0.00569	0.01428	0.01089	0.00018
26	0.00482	0.22497	0.13796	0.11487	0.08967	0.08620	0.09906	0.08794	0.00855	0.04358	0.00874	0.00918	0.00626	0.00013	0.00468	3.7e-05	0.06089	0.01224	6.8e-05	0.00016
27	0.00275	0.02732	0.39129	0.06304	0.14667	0.02221	0.21155	0.01388	0.02748	0.02831	0.00262	0.03068	0.00345	0.00375	0.00954	4e-05	0.00464	0.00288	0.00775	0.00017

[dist]
# distance from previous block
# <min> <max>
1	5

[block]
# block no. 11 follows, 2866 sequences, length 12
# corresponding to MSA columns:
# 2078-2089
name=unknown_L
#
# <colnr> <probs for GDERKNQSTAVLIFYWHMCP>
#	G	D	E	R	K	N	Q	S	T	A	V	L	I	F	Y	W	H	M	C	P
0	0.28618	0.07971	0.04185	0.01817	0.23087	0.09052	0.04554	0.06411	0.01106	0.02269	0.00022	0.00941	0.00017	0.00012	0.00012	3.6e-05	0.05764	9.2e-05	0.00671	0.03477
1	0.00016	0.00013	0.00015	0.01212	0.01651	0.00011	0.00011	0.00839	0.01279	0.01258	0.12396	0.32190	0.44801	0.00890	0.00015	4.3e-05	6.9e-05	0.01320	0.00011	0.02059
2	0.00027	0.01327	0.01182	0.00019	0.01503	0.01483	0.00015	0.01203	0.00026	0.03147	0.00022	0.00026	0.00019	0.01056	9.7e-05	2.1e-05	9.5e-05	7.5e-05	7.4e-05	0.88907
3	0.00017	0.00013	0.00015	0.00015	0.00018	0.00012	0.00011	0.00023	0.05018	0.01367	0.45212	0.04878	0.40785	0.01306	0.00015	4.1e-05	6.3e-05	0.01261	0.00012	0.00011
4	0.00026	0.00525	0.00569	0.31210	0.40616	0.00665	0.00729	0.00634	0.01060	0.00986	0.02895	0.03301	0.02100	0.00547	0.04783	4.7e-05	0.07219	0.01231	0.00884	0.00016
5	0.00020	0.00013	0.00018	0.00018	0.01280	0.00014	0.00889	0.00873	0.00021	0.05960	0.00040	0.14465	0.00042	0.33818	0.37560	0.02862	0.01030	0.01060	8e-05	0.00010
6	0.01324	0.00012	0.00014	0.00014	0.00017	0.00011	0.00010	0.00020	0.00029	0.01782	0.26424	0.09386	0.58395	0.00029	0.00014	4.1e-05	6.3e-05	0.01250	0.01247	0.00011
7	0.91290	0.00023	0.00018	0.00016	0.00024	0.00027	0.00013	0.02585	0.01755	0.01751	0.00019	0.00021	0.00014	0.00012	7.8e-05	3.7e-05	9.4e-05	7e-05	0.02390	0.00013
8	0.00019	0.00015	0.00696	0.00018	0.01408	0.01454	0.00882	0.00689	0.08159	0.02256	0.34654	0.21464	0.17565	0.05403	0.04366	5.2e-05	8.6e-05	0.00916	0.00011	0.00012
9	0.99661	0.00023	0.00018	0.00016	0.00023	0.00027	0.00013	0.00036	0.00021	0.00054	0.00017	0.00020	0.00013	0.00011	7.5e-05	3.7e-05	9.4e-05	6.5e-05	7.5e-05	0.00013
10	0.00025	0.00061	0.92945	0.00036	0.02373	0.02135	0.02183	0.00038	0.00026	0.00038	0.00022	0.00026	0.00015	0.00011	0.00012	3.8e-05	0.00018	9.1e-05	5.2e-05	0.00018
11	0.30910	0.03313	0.00037	0.04688	0.28677	0.06075	0.07926	0.06934	0.04721	0.01673	0.00024	0.02577	0.00019	0.00013	0.00011	3.7e-05	0.02366	0.00010	7.4e-05	0.00016

[dist]
# distance from previous block
# <min> <max>
0	1

[block]
# block no. 12 follows, 2866 sequences, length 17
# corresponding to MSA columns:
# 2093-2109
name=unknown_M
#
# <colnr> <probs for GDERKNQSTAVLIFYWHMCP>
#	G	D	E	R	K	N	Q	S	T	A	V	L	I	F	Y	W	H	M	C	P
0	0.02592	0.49305	0.29904	0.00793	0.01185	0.04628	0.02264	0.01147	0.02902	0.02011	0.00021	0.00499	0.00017	0.00012	0.00706	3.3e-05	0.01324	0.00665	5.8e-05	0.00016
1	0.00033	0.92839	0.01667	0.00022	0.00032	0.01290	0.01187	0.00037	0.00025	0.01349	0.00018	0.00021	0.00016	0.00011	8.7e-05	2.8e-05	0.01411	7e-05	5.6e-05	0.00016
2	0.00015	0.00011	0.00014	0.00017	0.00017	0.00010	0.00011	0.00017	0.00023	0.00031	0.02279	0.85969	0.05434	0.04195	0.00017	5.1e-05	7.2e-05	0.01906	0.00011	9.8e-05
3	0.04115	0.00465	0.09197	0.27409	0.07128	0.01334	0.28561	0.01062	0.01547	0.12112	0.01796	0.00759	0.01942	0.00013	0.00521	4e-05	0.01436	0.00575	7.4e-05	0.00016
4	0.01195	0.07614	0.12974	0.02053	0.03329	0.00511	0.01739	0.01157	0.02422	0.03000	0.07256	0.05695	0.03987	0.00642	0.00530	3e-05	0.00492	0.00603	7.9e-05	0.44789
5	0.00018	0.00012	0.00013	0.00013	0.00013	0.00012	7.6e-05	0.00018	0.00018	0.00024	0.00038	0.00078	0.00044	0.96362	0.03274	0.00012	0.00012	0.00017	7.3e-05	7.4e-05
6	0.00498	0.40067	0.08855	0.03065	0.03034	0.25425	0.01466	0.06111	0.02778	0.03030	0.01717	0.00027	0.01059	0.00013	0.00011	3.3e-05	0.02809	8.8e-05	6.8e-05	0.00016
7	0.02360	0.02514	0.01130	0.03323	0.05951	0.00516	0.00551	0.10684	0.01183	0.34797	0.02910	0.04602	0.03869	0.00016	0.01066	3.5e-05	0.00381	0.00012	0.00492	0.23641
8	0.03600	0.15839	0.27805	0.06795	0.13736	0.04256	0.07250	0.03708	0.01756	0.04244	0.01844	0.00433	0.00514	0.01236	0.02790	4.2e-05	0.02927	0.00547	0.00324	0.00393
9	0.01834	0.21375	0.26484	0.03486	0.04506	0.06426	0.06972	0.08121	0.02605	0.08425	0.01715	0.03440	0.00577	0.00807	0.00637	3.7e-05	0.00639	0.00823	7.4e-05	0.01118
10	0.00017	0.00012	0.00014	0.00014	0.00015	0.00012	8.9e-05	0.00018	0.00018	0.00025	0.01726	0.01223	0.01335	0.77912	0.16384	0.00013	0.00015	0.01220	7.4e-05	8.1e-05
11	0.00781	0.00015	0.00019	0.00017	0.00021	0.00013	0.00013	0.02005	0.01268	0.20279	0.51574	0.05931	0.13249	0.00024	0.00014	4e-05	7.2e-05	0.03995	0.00757	0.00013
12	0.02099	0.28715	0.16631	0.11205	0.07811	0.07848	0.03780	0.02549	0.01030	0.03160	0.01079	0.01110	0.01509	0.01180	0.08087	4.8e-05	0.01150	0.00661	0.00377	0.00015
13	0.17946	0.00999	0.02940	0.00805	0.02544	0.01981	0.01108	0.13275	0.01468	0.50961	0.02140	0.00544	0.01543	0.00015	0.00011	3.7e-05	0.00467	0.00486	0.00745	0.00018
14	0.00015	0.00011	0.00014	0.00016	0.00017	0.00010	0.00011	0.00017	0.00024	0.00031	0.01575	0.69368	0.20001	0.05323	0.00018	5.1e-05	7.2e-05	0.03515	0.00011	9.8e-05
15	0.00021	0.00013	0.00016	0.00016	0.00017	0.00013	0.00010	0.00861	0.03209	0.09061	0.05852	0.21555	0.02887	0.51884	0.01816	8.5e-05	0.00010	0.01405	0.01335	0.00010
16	0.29400	0.08374	0.11084	0.01619	0.10904	0.06918	0.01875	0.07286	0.01689	0.12798	0.00873	0.00746	0.00789	0.00743	0.00584	3.7e-05	0.01157	0.00330	0.00333	0.02493

[dist]
# distance from previous block
# <min> <max>
0	196

# created by:
# /home/cegg/simao/soft/augustus-3.2.1/scripts/msa2prfl.pl ./align_prep/POG091H021F.fa
