[name]
unknown

[dist]
# distance from previous block
# <min> <max>
0	99

[block]
# block no. 0 follows, 2611 sequences, length 31
# corresponding to MSA columns:
# 262-273,277-279,282-286,288,290-293,318-323
name=unknown_A
#
# <colnr> <probs for GDERKNQSTAVLIFYWHMCP>
#	G	D	E	R	K	N	Q	S	T	A	V	L	I	F	Y	W	H	M	C	P
0	0.27163	0.00875	0.02111	0.10174	0.07180	0.01376	0.07729	0.04747	0.02850	0.04465	0.01345	0.01042	0.02116	0.00318	0.00468	4.7e-05	0.01331	0.22518	0.00832	0.01352
1	0.00649	0.00025	0.00034	0.37151	0.06074	0.02236	0.00895	0.07329	0.20757	0.05776	0.05930	0.03199	0.02894	0.00017	0.00014	4.3e-05	0.00344	0.01421	0.01542	0.03709
2	0.00020	0.00015	0.00019	0.06811	0.01101	0.00014	0.00014	0.00372	0.01710	0.05085	0.16586	0.21019	0.35561	0.03466	0.04115	0.02885	0.00267	0.00438	0.00490	0.00012
3	0.00797	0.00013	0.00017	0.00019	0.00021	0.00012	0.00014	0.00023	0.00028	0.04960	0.03968	0.58542	0.13177	0.01538	0.00017	5.4e-05	8.5e-05	0.16292	0.00534	0.00012
4	0.54120	0.00025	0.00025	0.00021	0.00030	0.00026	0.00017	0.05985	0.00736	0.37842	0.00033	0.00032	0.00022	0.00014	0.00011	4.1e-05	0.00011	9.9e-05	0.01019	0.00018
5	0.00017	0.00013	0.00015	0.00016	0.00018	0.00012	0.00011	0.00020	0.00026	0.00034	0.09812	0.39844	0.20373	0.28501	0.00031	7.2e-05	8.9e-05	0.01220	0.00011	0.00010
6	0.00035	0.99542	0.00069	0.00023	0.00034	0.00052	0.00023	0.00040	0.00027	0.00031	0.00018	0.00021	0.00017	0.00011	8.5e-05	2.8e-05	0.00014	7.1e-05	5.7e-05	0.00017
7	0.00315	0.00014	0.00018	0.00018	0.00020	0.00014	0.00013	0.00023	0.00318	0.00354	0.25764	0.13168	0.04900	0.24312	0.25523	0.01815	0.00598	0.00333	0.00301	0.02182
8	0.99628	0.00026	0.00019	0.00017	0.00026	0.00030	0.00014	0.00039	0.00023	0.00060	0.00018	0.00022	0.00014	0.00012	8.2e-05	4.1e-05	0.00010	7.2e-05	8.2e-05	0.00014
9	0.00546	0.10562	0.10531	0.03609	0.09773	0.02676	0.02449	0.16215	0.35247	0.01585	0.01166	0.02662	0.01419	0.00250	0.00013	0.00220	0.00407	0.00393	0.00010	0.00265
10	0.00034	0.00028	0.00046	0.12704	0.56249	0.00602	0.04432	0.01433	0.01912	0.11549	0.08873	0.00042	0.00702	0.00015	0.00551	4.2e-05	0.00374	0.00423	8.6e-05	0.00019
11	0.00284	0.00027	0.00038	0.45088	0.08963	0.00955	0.02202	0.11642	0.25503	0.00046	0.00306	0.00337	0.01539	0.00016	0.00759	0.00352	0.01457	0.00459	9e-05	0.00018
12	0.00019	0.00015	0.00016	0.00016	0.00020	0.00014	0.00012	0.00617	0.10403	0.00042	0.17591	0.02875	0.61932	0.00476	0.00016	4.5e-05	7.3e-05	0.03939	0.01971	0.00013
13	0.99628	0.00026	0.00019	0.00017	0.00026	0.00030	0.00014	0.00039	0.00023	0.00060	0.00018	0.00022	0.00014	0.00012	8.2e-05	4.1e-05	0.00010	7.2e-05	8.2e-05	0.00014
14	0.00019	0.00014	0.00017	0.00017	0.00020	0.00013	0.00013	0.01225	0.01982	0.00975	0.50951	0.20402	0.17573	0.01147	0.00016	4.6e-05	7.1e-05	0.03618	0.01974	0.00012
15	0.00059	0.00023	0.00031	0.00024	0.00034	0.00020	0.00020	0.04567	0.00039	0.93825	0.01183	0.00045	0.00033	0.00017	0.00013	4.1e-05	0.00011	0.00013	0.00016	0.00022
16	0.04086	0.00016	0.00410	0.02219	0.01136	0.00015	0.02718	0.01996	0.01698	0.03427	0.38076	0.12069	0.24163	0.02853	0.01381	0.00509	0.00222	0.02059	0.00934	0.00013
17	0.29859	0.00029	0.00029	0.00024	0.00032	0.00480	0.00019	0.41957	0.08737	0.04340	0.00033	0.00979	0.00460	0.00015	0.00011	4e-05	0.00012	0.00644	0.12317	0.00018
18	0.00758	0.64835	0.03104	0.00030	0.00042	0.06743	0.17617	0.03273	0.00646	0.01449	0.00419	0.00026	0.00019	0.00012	0.00541	3.4e-05	0.00450	9.2e-05	6.4e-05	0.00017
19	0.02783	0.02308	0.13873	0.06961	0.00688	0.00871	0.02837	0.10150	0.06314	0.11397	0.04043	0.06324	0.01648	0.00802	0.00357	0.00199	0.00852	0.01499	0.00194	0.25899
20	0.07722	0.07226	0.07668	0.01014	0.00922	0.01234	0.01254	0.04672	0.06624	0.02101	0.03714	0.30172	0.11211	0.03244	0.00393	0.00241	0.00568	0.07321	0.00238	0.02461
21	0.32120	0.00550	0.01488	0.07855	0.01800	0.00309	0.06535	0.01421	0.21291	0.02826	0.00743	0.11662	0.04258	0.00984	0.00400	0.03575	0.00621	0.00201	0.00972	0.00389
22	0.16884	0.00213	0.03125	0.07880	0.02665	0.00550	0.01513	0.07541	0.05981	0.03785	0.01716	0.10552	0.17687	0.03853	0.00481	0.07415	0.00627	0.05126	0.01433	0.00971
23	0.01165	0.00338	0.00556	0.00281	0.00391	0.00784	0.02381	0.07862	0.28764	0.02260	0.03923	0.14642	0.23407	0.09239	0.00300	0.00379	0.00449	0.02445	0.00419	0.00015
24	0.00806	0.00023	0.00030	0.00024	0.00033	0.00021	0.00019	0.05017	0.02790	0.84201	0.01850	0.00807	0.00885	0.00017	0.00013	4.1e-05	0.00011	0.00014	0.00693	0.02742
25	0.02089	0.00031	0.00263	0.14050	0.00291	0.06942	0.20558	0.17121	0.16638	0.00501	0.00923	0.03657	0.01238	0.04149	0.01197	5e-05	0.06703	0.02856	9.4e-05	0.00779
26	0.25093	0.00025	0.02207	0.00305	0.00496	0.00588	0.00347	0.02040	0.00520	0.10021	0.00258	0.01815	0.00288	0.00377	0.00277	3e-05	0.00532	0.00279	9e-05	0.54521
27	0.00817	0.00505	0.00501	0.04684	0.00543	0.00014	0.00739	0.00260	0.01099	0.02308	0.15917	0.55120	0.09651	0.02101	0.01957	0.00213	0.01628	0.00396	0.00646	0.00904
28	0.09376	0.04303	0.24870	0.01484	0.06534	0.02265	0.01294	0.04221	0.14387	0.11514	0.02678	0.01235	0.00860	0.00263	0.00554	4.1e-05	0.01020	0.01346	0.03204	0.08588
29	0.00602	0.00025	0.00027	0.00319	0.00031	0.03280	0.00560	0.03544	0.49879	0.12347	0.12941	0.04435	0.06504	0.01873	0.01196	4.7e-05	0.00011	0.00341	0.00449	0.01633
30	0.00017	0.00013	0.00016	0.00308	0.00019	0.00012	0.00697	0.00021	0.00029	0.00362	0.20914	0.25047	0.39216	0.09086	0.01587	0.00947	0.00523	0.00831	0.00344	0.00011

[dist]
# distance from previous block
# <min> <max>
4	20

[block]
# block no. 1 follows, 2611 sequences, length 10
# corresponding to MSA columns:
# 350,351,353-357,359-361
name=unknown_B
#
# <colnr> <probs for GDERKNQSTAVLIFYWHMCP>
#	G	D	E	R	K	N	Q	S	T	A	V	L	I	F	Y	W	H	M	C	P
0	0.07908	0.38757	0.01974	0.02249	0.01238	0.06098	0.00678	0.01543	0.04012	0.08609	0.04126	0.11242	0.02821	0.01500	0.00522	0.01857	0.01567	0.00783	0.01385	0.01131
1	0.01364	0.00547	0.00963	0.00906	0.01749	0.00539	0.01123	0.00977	0.01193	0.14949	0.10042	0.17969	0.12009	0.09751	0.01933	0.16755	0.01222	0.04120	0.01284	0.00605
2	0.02669	0.19763	0.13270	0.08125	0.07447	0.05839	0.07735	0.04167	0.02992	0.14789	0.02159	0.02684	0.01510	0.00657	0.00795	4.1e-05	0.01261	0.00663	0.01211	0.02260
3	0.00874	0.02830	0.12221	0.21853	0.08721	0.01663	0.07211	0.03773	0.02953	0.11316	0.04214	0.03771	0.01525	0.07091	0.03349	0.00859	0.02560	0.00686	0.00564	0.01967
4	0.00018	0.00013	0.00016	0.00017	0.00019	0.00012	0.00012	0.00021	0.01888	0.01616	0.09686	0.47161	0.31784	0.04868	0.01425	5.5e-05	8.1e-05	0.01409	0.00012	0.00011
5	0.04523	0.05088	0.14060	0.08541	0.13207	0.02013	0.05167	0.04187	0.02037	0.17261	0.04957	0.10616	0.02936	0.01340	0.00650	4.5e-05	0.00898	0.01233	0.01265	0.00018
6	0.02198	0.08463	0.21801	0.09371	0.18679	0.04299	0.06690	0.03023	0.02283	0.13242	0.02293	0.01166	0.00646	0.00697	0.01003	0.00567	0.01005	0.01159	0.00667	0.00748
7	0.00019	0.00015	0.01130	0.01190	0.00714	0.00014	0.02447	0.00749	0.00974	0.02841	0.06397	0.41001	0.23027	0.04163	0.09473	0.01138	0.02161	0.01387	0.01146	0.00012
8	0.00023	0.00016	0.00778	0.00886	0.00707	0.00655	0.00927	0.01070	0.02474	0.09289	0.26142	0.14363	0.28857	0.04161	0.01102	5e-05	0.01011	0.02687	0.04833	0.00013
9	0.01885	0.07285	0.16033	0.09391	0.23683	0.03835	0.07761	0.04779	0.04054	0.11344	0.01701	0.02111	0.01649	0.00878	0.00738	4.3e-05	0.01074	0.00567	0.00642	0.00586

[dist]
# distance from previous block
# <min> <max>
3	8

[block]
# block no. 2 follows, 2611 sequences, length 13
# corresponding to MSA columns:
# 372,380-386,388-390,394,395
name=unknown_C
#
# <colnr> <probs for GDERKNQSTAVLIFYWHMCP>
#	G	D	E	R	K	N	Q	S	T	A	V	L	I	F	Y	W	H	M	C	P
0	0.00026	0.00018	0.00022	0.00019	0.01163	0.00015	0.00014	0.00743	0.02383	0.09396	0.42233	0.01127	0.10651	0.00022	0.00839	3.7e-05	8.3e-05	0.00755	0.02704	0.27858
1	0.09056	0.18464	0.19650	0.02008	0.05305	0.03456	0.03132	0.05600	0.05843	0.06004	0.12080	0.01737	0.02267	0.00843	0.00427	4.1e-05	0.01094	0.00718	0.01157	0.01157
2	0.14348	0.01138	0.11863	0.07984	0.09015	0.00495	0.02709	0.01694	0.09648	0.14054	0.04976	0.12760	0.02901	0.00799	0.01382	4.7e-05	0.01402	0.01173	0.01639	0.00017
3	0.00018	0.00013	0.00016	0.00016	0.00019	0.00012	0.00011	0.00022	0.00029	0.01898	0.23945	0.25779	0.28509	0.13470	0.01283	0.01438	8.3e-05	0.01356	0.02147	0.00011
4	0.00019	0.00014	0.00017	0.00017	0.00020	0.00012	0.00012	0.00024	0.00035	0.01528	0.72935	0.05884	0.15193	0.01546	0.01525	4.7e-05	7.1e-05	0.01180	0.00014	0.00012
5	0.00019	0.00014	0.00017	0.00017	0.00020	0.00013	0.00012	0.01593	0.00034	0.01845	0.55374	0.13366	0.19973	0.01919	0.00017	4.6e-05	7.1e-05	0.02840	0.02902	0.00012
6	0.99628	0.00026	0.00019	0.00017	0.00026	0.00030	0.00014	0.00039	0.00023	0.00060	0.00018	0.00022	0.00014	0.00012	8.2e-05	4.1e-05	0.00010	7.2e-05	8.2e-05	0.00014
7	0.00020	0.01419	0.02218	0.01781	0.01734	0.03099	0.02689	0.00782	0.00026	0.00035	0.00674	0.66027	0.03340	0.02836	0.04970	0.01854	0.01027	0.05446	0.00011	0.00012
8	0.00028	0.00024	0.00028	0.01125	0.00032	0.01171	0.00016	0.01680	0.01815	0.01224	0.01371	0.00029	0.00022	0.00010	0.00010	2.1e-05	0.00010	8.4e-05	8.2e-05	0.91384
9	0.00488	0.00506	0.00512	0.12504	0.24381	0.00593	0.00713	0.01674	0.04030	0.02438	0.07144	0.29165	0.06613	0.00863	0.04127	5.4e-05	0.00733	0.02943	0.00553	0.00015
10	0.00647	0.07705	0.00793	0.07022	0.01624	0.36325	0.09313	0.09248	0.07975	0.01727	0.00028	0.02766	0.00023	0.00017	0.01709	4.3e-05	0.09115	0.00809	0.00870	0.02277
11	0.00552	0.03245	0.01114	0.00615	0.01853	0.00018	0.01173	0.01694	0.04390	0.04987	0.00747	0.24518	0.00929	0.00502	0.00017	0.00484	0.00933	0.48197	0.01110	0.02922
12	0.01440	0.47531	0.01835	0.02324	0.04108	0.23583	0.02755	0.06084	0.00842	0.03590	0.00023	0.00593	0.00557	0.00582	0.01207	3.7e-05	0.02909	9.2e-05	7.1e-05	0.00017

[dist]
# distance from previous block
# <min> <max>
4	6

[block]
# block no. 3 follows, 2611 sequences, length 14
# corresponding to MSA columns:
# 441,442,447-452,455-460
name=unknown_D
#
# <colnr> <probs for GDERKNQSTAVLIFYWHMCP>
#	G	D	E	R	K	N	Q	S	T	A	V	L	I	F	Y	W	H	M	C	P
0	0.01186	0.05817	0.22897	0.02868	0.04026	0.00544	0.01893	0.03574	0.02232	0.06139	0.01742	0.02944	0.02025	0.03682	0.00775	0.00409	0.01654	0.00944	8.3e-05	0.34641
1	0.00032	0.00028	0.01120	0.27453	0.02312	0.06799	0.13691	0.12306	0.02869	0.08534	0.04350	0.06943	0.05247	0.00670	0.00015	0.00652	0.00757	0.06197	9.7e-05	0.00016
2	0.09698	0.00025	0.03527	0.01321	0.00033	0.00024	0.02072	0.06521	0.18674	0.33180	0.09095	0.02449	0.00987	0.00640	0.00533	0.00730	0.00527	0.04089	0.05859	0.00019
3	0.01741	0.02491	0.23841	0.08926	0.13219	0.00961	0.15999	0.02747	0.02374	0.13025	0.03867	0.02441	0.01210	0.00964	0.00578	4.3e-05	0.01259	0.00929	8.6e-05	0.03417
4	0.00946	0.03059	0.05248	0.19741	0.14372	0.02401	0.05388	0.07165	0.00593	0.16912	0.01509	0.07490	0.04283	0.00994	0.02402	0.00813	0.04194	0.01642	0.00394	0.00455
5	0.00036	0.00021	0.00025	0.00021	0.00028	0.00969	0.00017	0.13234	0.10509	0.26953	0.24202	0.01671	0.15553	0.00023	0.01072	4.4e-05	9.8e-05	0.01194	0.04441	0.00017
6	0.00910	0.01918	0.11619	0.33553	0.13386	0.02032	0.12248	0.01235	0.02304	0.01773	0.02203	0.07631	0.02647	0.00017	0.00635	4.5e-05	0.02007	0.03385	0.00476	0.00016
7	0.03172	0.05950	0.11748	0.08024	0.21071	0.04584	0.05772	0.02959	0.03267	0.22025	0.01550	0.00845	0.01015	0.00548	0.00820	4.2e-05	0.01578	0.00791	9.3e-05	0.04267
8	0.00020	0.00014	0.00764	0.00880	0.00602	0.00014	0.01429	0.00022	0.00846	0.01011	0.01841	0.05453	0.01843	0.66267	0.13483	0.03477	0.00016	0.01354	0.00655	9.5e-05
9	0.14240	0.00022	0.00027	0.01150	0.03733	0.00507	0.00649	0.02909	0.01986	0.45860	0.13457	0.02987	0.05953	0.00542	0.01367	4.5e-05	0.00011	0.01818	0.02760	0.00018
10	0.01862	0.06141	0.19569	0.19250	0.09176	0.12176	0.05935	0.05721	0.04290	0.07437	0.01139	0.01119	0.01131	0.01609	0.00694	4.3e-05	0.01358	0.00491	0.00472	0.00427
11	0.01057	0.01960	0.06654	0.26513	0.13691	0.09650	0.09439	0.03912	0.02795	0.04836	0.01749	0.07513	0.01813	0.00692	0.00657	0.01333	0.01728	0.03343	0.00646	0.00016
12	0.00017	0.00012	0.00016	0.00018	0.00019	0.00011	0.00012	0.00020	0.00027	0.01364	0.05550	0.66460	0.13965	0.04330	0.00884	0.03127	8.2e-05	0.03198	0.00950	0.00011
13	0.03005	0.00825	0.13636	0.10744	0.17500	0.03941	0.10529	0.05480	0.02130	0.16518	0.01573	0.02539	0.00967	0.00530	0.00461	4.4e-05	0.08159	0.00683	0.00759	0.00018

[dist]
# distance from previous block
# <min> <max>
4	19

[block]
# block no. 4 follows, 2611 sequences, length 17
# corresponding to MSA columns:
# 516-532
name=unknown_E
#
# <colnr> <probs for GDERKNQSTAVLIFYWHMCP>
#	G	D	E	R	K	N	Q	S	T	A	V	L	I	F	Y	W	H	M	C	P
0	0.00811	0.00015	0.00018	0.00017	0.00021	0.00014	0.00490	0.00477	0.02520	0.01529	0.51236	0.07080	0.22499	0.04366	0.00551	4.7e-05	0.00553	0.00613	0.00524	0.06662
1	0.01216	0.04249	0.14329	0.06314	0.02607	0.00857	0.01454	0.02109	0.03397	0.07486	0.12535	0.03304	0.07256	0.06213	0.16103	0.01304	0.06229	0.00927	0.02096	0.00015
2	0.00488	0.00016	0.01763	0.04171	0.00636	0.00016	0.01000	0.00391	0.06826	0.06665	0.00753	0.30806	0.00739	0.14894	0.12763	0.07988	0.00359	0.08223	0.00801	0.00701
3	0.00481	0.00572	0.01152	0.00365	0.00930	0.00386	0.09058	0.01022	0.00646	0.02899	0.24166	0.01786	0.07681	0.02696	0.09444	0.22064	0.07269	0.06391	0.00979	0.00012
4	0.00036	0.82507	0.01480	0.00026	0.01232	0.04802	0.06220	0.00951	0.00028	0.00897	0.00020	0.00023	0.00017	0.00012	9.3e-05	3e-05	0.00015	7.9e-05	6e-05	0.01708
5	0.00027	0.06271	0.93268	0.00037	0.00056	0.00032	0.00047	0.00042	0.00028	0.00041	0.00023	0.00028	0.00017	0.00013	0.00012	4.1e-05	0.00019	9.6e-05	5.6e-05	0.00019
6	0.00026	0.00027	0.07724	0.76273	0.00079	0.00476	0.00709	0.02074	0.00757	0.01473	0.00634	0.02014	0.01216	0.00899	0.01248	0.00416	0.03485	0.00013	0.00442	0.00015
7	0.01732	0.00016	0.00522	0.01276	0.00023	0.00016	0.00853	0.08967	0.00028	0.00626	0.00491	0.57575	0.00066	0.11041	0.08816	0.01934	0.01308	0.03291	0.00990	0.00429
8	0.00040	0.00031	0.00034	0.00028	0.00037	0.00035	0.00022	0.44882	0.48402	0.00067	0.00045	0.06244	0.00035	0.00019	0.00014	4.3e-05	0.00012	0.00015	0.00013	0.00021
9	0.00041	0.00032	0.00035	0.00029	0.00038	0.00037	0.00023	0.46080	0.53405	0.00068	0.00044	0.00041	0.00032	0.00017	0.00013	4.3e-05	0.00012	0.00014	0.00013	0.00022
10	0.00029	0.00022	0.03287	0.05663	0.08584	0.00792	0.02020	0.10725	0.02983	0.09837	0.31977	0.03121	0.04343	0.05424	0.03113	0.02344	0.01307	0.03645	0.00768	0.00016
11	0.01169	0.03653	0.29889	0.00951	0.00974	0.00367	0.05144	0.05201	0.03973	0.22498	0.08571	0.05424	0.04572	0.00828	0.01030	0.00365	0.00380	0.04982	0.00011	0.00018
12	0.01084	0.00023	0.00030	0.00024	0.00033	0.00021	0.00019	0.03406	0.06873	0.80038	0.06349	0.00955	0.00040	0.00018	0.00014	4.2e-05	0.00011	0.01024	0.00016	0.00022
13	0.03472	0.03075	0.25574	0.09756	0.10933	0.04123	0.05558	0.04982	0.10638	0.04246	0.00765	0.00971	0.00484	0.02557	0.00357	0.01071	0.10416	0.00999	7.9e-05	0.00018
14	0.04836	0.05070	0.12185	0.30016	0.05132	0.03164	0.11337	0.06198	0.00996	0.07489	0.00519	0.01971	0.00366	0.00881	0.00395	0.01064	0.07423	0.00933	7.7e-05	0.00017
15	0.03368	0.06906	0.07916	0.17191	0.01397	0.01130	0.04230	0.03545	0.06798	0.10306	0.04884	0.07965	0.08549	0.04885	0.01855	0.00339	0.00999	0.07071	0.00320	0.00348
16	0.00994	0.00013	0.00018	0.02571	0.00023	0.00013	0.00625	0.00681	0.00603	0.02423	0.00912	0.72494	0.05211	0.02682	0.00985	5.6e-05	0.00855	0.08385	0.00496	0.00012

[dist]
# distance from previous block
# <min> <max>
0	37

[block]
# block no. 5 follows, 2611 sequences, length 22
# corresponding to MSA columns:
# 581-583,585-588,590-596,614,616-622
name=unknown_F
#
# <colnr> <probs for GDERKNQSTAVLIFYWHMCP>
#	G	D	E	R	K	N	Q	S	T	A	V	L	I	F	Y	W	H	M	C	P
0	0.02687	0.06324	0.05456	0.14775	0.31235	0.04941	0.05703	0.02294	0.01069	0.05968	0.01782	0.12016	0.00487	0.00547	0.02767	0.00499	0.01409	0.00015	8.1e-05	0.00017
1	0.02554	0.07359	0.04950	0.40036	0.11435	0.07303	0.06250	0.05821	0.02455	0.01159	0.00567	0.01437	0.00657	0.01572	0.00316	0.00328	0.03751	0.01399	0.00298	0.00353
2	0.02505	0.03505	0.01588	0.16238	0.53328	0.03146	0.00957	0.01661	0.02695	0.08803	0.00442	0.00362	0.00664	0.00468	0.00278	0.00762	0.00777	0.00418	7.7e-05	0.01396
3	0.20324	0.05909	0.16080	0.03460	0.15359	0.04000	0.06181	0.04781	0.01909	0.09654	0.01368	0.04273	0.01759	0.00308	0.00013	4.1e-05	0.01771	0.00397	8.6e-05	0.02442
4	0.00441	0.01311	0.01455	0.06286	0.13515	0.04423	0.02286	0.04790	0.01006	0.07313	0.24532	0.13133	0.07129	0.00793	0.02126	4.7e-05	0.01197	0.02988	0.00011	0.05259
5	0.00021	0.02148	0.00610	0.00647	0.03573	0.00579	0.00770	0.00690	0.01454	0.03846	0.38724	0.12644	0.34187	0.00029	0.00015	4.4e-05	7.8e-05	0.00025	0.00013	0.00013
6	0.00036	0.95607	0.00068	0.00023	0.00034	0.02245	0.00023	0.00040	0.00027	0.00031	0.00018	0.00021	0.00017	0.00012	9.2e-05	2.9e-05	0.01755	7.2e-05	5.7e-05	0.00017
7	0.01639	0.01927	0.05066	0.03239	0.18146	0.00974	0.18976	0.22141	0.02266	0.17838	0.00645	0.00852	0.00026	0.00015	0.00014	0.00295	0.01538	0.02678	0.00899	0.00826
8	0.00406	0.00421	0.04009	0.00487	0.01207	0.00679	0.06234	0.00659	0.00665	0.13740	0.20050	0.15459	0.20289	0.02859	0.01140	0.00271	0.02070	0.08975	0.00364	0.00014
9	0.00056	0.00026	0.01271	0.00025	0.00036	0.00025	0.00021	0.23611	0.00044	0.73489	0.01225	0.00042	0.00031	0.00016	0.00013	4.1e-05	0.00012	0.00013	0.00016	0.00022
10	0.00059	0.00023	0.00031	0.00024	0.00034	0.00020	0.00020	0.02809	0.00039	0.96715	0.00052	0.00045	0.00033	0.00016	0.00013	4.1e-05	0.00011	0.00013	0.00016	0.00023
11	0.02463	0.00460	0.00652	0.01938	0.00844	0.00582	0.08378	0.07142	0.12224	0.27493	0.24933	0.01760	0.01418	0.00020	0.00679	4.3e-05	0.00011	0.00627	0.08355	0.00018
12	0.00557	0.00016	0.03061	0.01300	0.00023	0.01081	0.01242	0.00368	0.00632	0.01907	0.16812	0.29833	0.24179	0.06929	0.07357	0.00664	0.00639	0.03377	0.00012	0.00012
13	0.00016	0.00013	0.00014	0.00014	0.00018	0.00011	0.00011	0.00020	0.00799	0.00036	0.01780	0.11053	0.80540	0.03240	0.00018	4.9e-05	7.2e-05	0.02382	0.00012	0.00011
14	0.00016	0.00012	0.00015	0.00018	0.00019	0.00011	0.00012	0.00019	0.00026	0.00034	0.01836	0.89043	0.04523	0.02070	0.01198	5.7e-05	8.1e-05	0.01110	0.00012	0.00011
15	0.00797	0.01531	0.31253	0.01788	0.01532	0.00455	0.55214	0.02122	0.01334	0.01063	0.00027	0.00034	0.00685	0.00332	0.00015	0.00784	0.00678	0.00013	0.00325	0.00018
16	0.20933	0.05448	0.03207	0.03067	0.00783	0.06905	0.08312	0.32635	0.10391	0.03147	0.00318	0.00393	0.00656	0.00016	0.00984	4.2e-05	0.02187	0.00308	0.00286	0.00019
17	0.00026	0.00437	0.00021	0.00403	0.00022	0.00015	0.00014	0.00580	0.00430	0.11799	0.03516	0.00560	0.00035	0.11577	0.34531	0.33617	0.01016	0.00474	0.00918	0.00011
18	0.00018	0.00013	0.00017	0.00019	0.00452	0.00724	0.00667	0.00020	0.00025	0.00431	0.02525	0.66196	0.03880	0.14175	0.04403	7.1e-05	0.00789	0.05109	0.00519	0.00011
19	0.00867	0.44232	0.20859	0.07196	0.00808	0.08594	0.01616	0.04042	0.01611	0.06000	0.00025	0.00612	0.00946	0.00708	0.00443	3.7e-05	0.00774	0.00320	0.00324	0.00018
20	0.04680	0.03268	0.10714	0.14376	0.03028	0.05688	0.08614	0.15720	0.04475	0.13816	0.02120	0.02218	0.02076	0.02503	0.01669	0.00421	0.01578	0.02633	0.00386	0.00018
21	0.07757	0.00442	0.04435	0.10174	0.09189	0.04687	0.10348	0.04611	0.02022	0.02693	0.03510	0.13893	0.06460	0.01626	0.02242	4.8e-05	0.05062	0.02262	0.00844	0.07738

[dist]
# distance from previous block
# <min> <max>
0	195

# created by:
# /home/cegg/simao/soft/augustus-3.2.1/scripts/msa2prfl.pl ./align_prep/POG091H02BX.fa
