[name]
unknown

[dist]
# distance from previous block
# <min> <max>
0	187

[block]
# block no. 0 follows, 2471 sequences, length 8
# corresponding to MSA columns:
# 380-383,385-387,391
name=unknown_A
#
# <colnr> <probs for GDERKNQSTAVLIFYWHMCP>
#	G	D	E	R	K	N	Q	S	T	A	V	L	I	F	Y	W	H	M	C	P
0	0.02809	0.02501	0.00815	0.00023	0.00767	0.00941	0.03619	0.01496	0.02884	0.03842	0.05706	0.35123	0.08413	0.04120	0.00780	5.8e-05	0.01393	0.22682	0.00012	0.02067
1	0.05292	0.03187	0.03418	0.01950	0.02290	0.01680	0.02115	0.03052	0.04331	0.02465	0.04351	0.01926	0.01046	0.00809	0.00012	3.1e-05	0.01067	0.00011	0.01012	0.59983
2	0.01825	0.01990	0.03522	0.01186	0.01441	0.03592	0.03625	0.03322	0.02598	0.13719	0.04131	0.17065	0.05162	0.02602	0.02169	0.01694	0.03095	0.26274	0.00971	0.00015
3	0.00021	0.00015	0.00017	0.00017	0.00021	0.00013	0.00013	0.00026	0.02566	0.05004	0.20828	0.15012	0.48924	0.02201	0.00018	5e-05	7.8e-05	0.02931	0.02348	0.00013
4	0.02476	0.26447	0.17358	0.06390	0.04306	0.03712	0.08264	0.04314	0.01850	0.14521	0.01246	0.01767	0.01426	0.00015	0.00014	4.1e-05	0.02658	0.00961	0.00977	0.01294
5	0.02835	0.06342	0.23823	0.07498	0.04154	0.04652	0.16551	0.06319	0.04244	0.09127	0.01224	0.01629	0.00906	0.04301	0.01318	0.00849	0.02109	0.01217	0.00880	0.00019
6	0.02977	0.00016	0.00020	0.00020	0.00024	0.00015	0.00015	0.01586	0.02734	0.15001	0.16667	0.41355	0.09677	0.01663	0.00017	5.2e-05	8.9e-05	0.05767	0.02416	0.00014
7	0.00021	0.00016	0.02276	0.01116	0.01020	0.00014	0.00874	0.01042	0.01856	0.01932	0.06362	0.56016	0.03409	0.08048	0.00880	6.2e-05	0.00010	0.11132	0.02809	0.01160

[dist]
# distance from previous block
# <min> <max>
7	19

[block]
# block no. 1 follows, 2471 sequences, length 26
# corresponding to MSA columns:
# 440-445,454-466,472-478
name=unknown_B
#
# <colnr> <probs for GDERKNQSTAVLIFYWHMCP>
#	G	D	E	R	K	N	Q	S	T	A	V	L	I	F	Y	W	H	M	C	P
0	0.00018	0.00014	0.00016	0.00016	0.00020	0.00013	0.00012	0.00023	0.01385	0.00845	0.19941	0.15583	0.51217	0.07097	0.01717	0.00534	8.3e-05	0.01515	0.00013	0.00012
1	0.05553	0.00021	0.00027	0.00396	0.00030	0.00019	0.00018	0.01794	0.00924	0.54669	0.24223	0.02178	0.07463	0.00394	0.00855	4.6e-05	0.00010	0.00371	0.01032	0.00019
2	0.00406	0.00015	0.00019	0.00018	0.00021	0.00014	0.00013	0.00962	0.01621	0.05087	0.51465	0.02947	0.05662	0.17149	0.06023	0.00370	0.00010	0.00586	0.07599	0.00013
3	0.35342	0.03126	0.00376	0.00024	0.00033	0.02032	0.00019	0.14671	0.13607	0.19878	0.05696	0.00040	0.00534	0.00016	0.00012	4.3e-05	0.00012	0.00643	0.02590	0.01343
4	0.01547	0.01620	0.04476	0.18077	0.09354	0.02859	0.07333	0.03721	0.06156	0.06256	0.15784	0.02907	0.15128	0.00336	0.00420	4.6e-05	0.00512	0.00654	0.02839	0.00017
5	0.99607	0.00027	0.00021	0.00018	0.00027	0.00031	0.00015	0.00041	0.00024	0.00063	0.00020	0.00023	0.00015	0.00013	8.7e-05	4.3e-05	0.00011	7.6e-05	8.7e-05	0.00015
6	0.00030	0.00025	0.00029	0.00021	0.00033	0.00019	0.00017	0.00036	0.00029	0.02057	0.00026	0.00029	0.00021	0.00011	0.00010	2.1e-05	0.00010	8.4e-05	8.5e-05	0.97578
7	0.94784	0.00027	0.00021	0.00019	0.00028	0.00031	0.00015	0.00042	0.00025	0.04877	0.00021	0.00024	0.00016	0.00013	8.9e-05	4.3e-05	0.00011	7.9e-05	9.1e-05	0.00016
8	0.02263	0.00036	0.00038	0.00030	0.00501	0.01917	0.00024	0.69609	0.02024	0.08322	0.00035	0.00583	0.00025	0.00018	0.02592	4.4e-05	0.00015	0.00012	0.00013	0.11937
9	0.00020	0.00014	0.00017	0.00017	0.00017	0.00014	0.00011	0.00021	0.00021	0.00028	0.00043	0.01830	0.00048	0.75182	0.21464	0.01196	0.00019	0.00019	8.3e-05	9.4e-05
10	0.00036	0.00030	0.00032	0.00028	0.00036	0.00722	0.00022	0.03937	0.91063	0.01342	0.01232	0.00053	0.00689	0.00019	0.00014	4.7e-05	0.00011	0.00691	0.00014	0.00022
11	0.94086	0.00027	0.00021	0.00019	0.00028	0.00031	0.00016	0.02417	0.00025	0.03199	0.00021	0.00024	0.00016	0.00013	9e-05	4.3e-05	0.00011	7.9e-05	9.1e-05	0.00016
12	0.00018	0.00014	0.00018	0.00019	0.00021	0.00013	0.00904	0.00023	0.02221	0.00042	0.25024	0.56203	0.14022	0.00038	0.00017	5.2e-05	7.9e-05	0.01364	0.00014	0.00012
13	0.00027	0.00025	0.00042	0.97348	0.02222	0.00031	0.00039	0.00036	0.00028	0.00036	0.00025	0.00037	0.00019	0.00014	0.00014	4.7e-05	0.00019	0.00012	6.2e-05	0.00016
14	0.00021	0.00015	0.00018	0.00017	0.00021	0.00014	0.00013	0.00871	0.02480	0.06338	0.26047	0.08336	0.53977	0.00033	0.00016	4.7e-05	7.6e-05	0.01744	0.00014	0.00013
15	0.63218	0.00027	0.00429	0.00021	0.00030	0.02564	0.00017	0.03307	0.00763	0.24491	0.01607	0.00449	0.00536	0.00015	0.00011	4.3e-05	0.00011	0.00010	0.02471	0.00018
16	0.00365	0.00016	0.00020	0.00020	0.00024	0.00015	0.00015	0.01649	0.04603	0.11079	0.24102	0.24537	0.18493	0.02894	0.01147	5.4e-05	0.00423	0.07455	0.03123	0.00014
17	0.16092	0.00028	0.00031	0.00025	0.00035	0.00662	0.00021	0.21838	0.14817	0.35130	0.08056	0.00535	0.00039	0.00018	0.00013	4.4e-05	0.00012	0.01818	0.00805	0.00021
18	0.00033	0.00022	0.00026	0.00023	0.00029	0.00023	0.00018	0.03482	0.34606	0.17054	0.21407	0.02421	0.12205	0.02727	0.03491	5.5e-05	0.00454	0.01187	0.00766	0.00018
19	0.03770	0.00022	0.00029	0.00023	0.00032	0.00020	0.00019	0.00940	0.03227	0.71540	0.09947	0.02769	0.04176	0.00020	0.00015	0.00491	0.00011	0.01229	0.01699	0.00021
20	0.00710	0.01043	0.00944	0.12962	0.46730	0.00765	0.27842	0.00296	0.00767	0.02526	0.00538	0.02583	0.00550	0.00312	0.00274	4.5e-05	0.00835	0.00293	7.5e-05	0.00020
21	0.47098	0.00027	0.00026	0.00023	0.00031	0.00029	0.00018	0.05803	0.18968	0.19136	0.04689	0.00573	0.00804	0.00017	0.00012	4.5e-05	0.00011	0.02700	0.00012	0.00018
22	0.00018	0.00013	0.00017	0.00019	0.00020	0.00012	0.00013	0.00446	0.00443	0.00634	0.01928	0.64445	0.11664	0.11422	0.01040	0.00975	9.3e-05	0.06857	0.00012	0.00011
23	0.08771	0.00026	0.01026	0.01457	0.00610	0.01011	0.01281	0.08245	0.00709	0.69179	0.00876	0.01219	0.00338	0.00448	0.00014	4.4e-05	0.00596	0.00349	0.03819	0.00022
24	0.00387	0.01395	0.01491	0.04004	0.00591	0.00253	0.04443	0.03457	0.03890	0.03284	0.03419	0.26089	0.01498	0.18501	0.11905	0.07796	0.04464	0.02044	0.01075	0.00013
25	0.18772	0.00474	0.00287	0.00592	0.00415	0.00026	0.01069	0.11212	0.09815	0.40478	0.06403	0.01181	0.02733	0.00391	0.00013	4.3e-05	0.00012	0.00569	0.00720	0.04833

[dist]
# distance from previous block
# <min> <max>
5	13

[block]
# block no. 2 follows, 2471 sequences, length 9
# corresponding to MSA columns:
# 517-525
name=unknown_C
#
# <colnr> <probs for GDERKNQSTAVLIFYWHMCP>
#	G	D	E	R	K	N	Q	S	T	A	V	L	I	F	Y	W	H	M	C	P
0	0.51695	0.00938	0.01560	0.00793	0.01312	0.00816	0.00928	0.05633	0.01392	0.13679	0.01759	0.00904	0.00023	0.00015	0.00011	4.1e-05	0.02302	0.00794	0.02147	0.13292
1	0.00021	0.00017	0.00966	0.00020	0.00024	0.00947	0.04554	0.00027	0.01142	0.01150	0.56093	0.07251	0.19848	0.02339	0.01703	5.1e-05	8.8e-05	0.01859	0.02012	0.00013
2	0.02604	0.07371	0.02159	0.00845	0.00039	0.08805	0.00024	0.43869	0.08928	0.01598	0.02260	0.01109	0.00822	0.00017	0.00715	4e-05	0.00890	0.01273	0.03402	0.13267
3	0.01023	0.01590	0.02400	0.00959	0.00038	0.06293	0.00024	0.35503	0.36613	0.02076	0.04608	0.01115	0.02643	0.00919	0.02140	4.9e-05	0.00858	0.00015	0.01156	0.00021
4	0.01114	0.00014	0.00018	0.00020	0.00022	0.00013	0.00014	0.01119	0.01673	0.01204	0.02776	0.75982	0.01250	0.06890	0.00022	6.1e-05	0.01513	0.03728	0.00013	0.02608
5	0.00763	0.24931	0.21637	0.01924	0.05328	0.01119	0.06753	0.03196	0.02026	0.11734	0.02046	0.08219	0.01133	0.01152	0.01295	4.5e-05	0.01825	0.02749	9e-05	0.02157
6	0.05283	0.00023	0.00028	0.00023	0.00031	0.00908	0.00018	0.05397	0.04361	0.46755	0.09917	0.08183	0.05269	0.00990	0.02192	4.9e-05	0.00931	0.02927	0.01211	0.05549
7	0.00023	0.00724	0.00024	0.00730	0.00027	0.01069	0.07569	0.00740	0.00845	0.05310	0.06503	0.48911	0.07927	0.02110	0.02662	0.00955	0.00722	0.10885	0.02250	0.00013
8	0.02792	0.00946	0.01366	0.01109	0.01214	0.00751	0.00726	0.03513	0.01607	0.73326	0.03338	0.01124	0.01722	0.00021	0.03341	5e-05	0.00730	0.00792	0.01555	0.00022

[dist]
# distance from previous block
# <min> <max>
29	150

[block]
# block no. 3 follows, 2471 sequences, length 6
# corresponding to MSA columns:
# 798-800,803-805
name=unknown_D
#
# <colnr> <probs for GDERKNQSTAVLIFYWHMCP>
#	G	D	E	R	K	N	Q	S	T	A	V	L	I	F	Y	W	H	M	C	P
0	0.02861	0.05035	0.03594	0.01727	0.01385	0.03584	0.01765	0.02978	0.07127	0.08775	0.12928	0.12131	0.11611	0.03219	0.06602	0.02038	0.01615	0.02843	0.03468	0.04713
1	0.07639	0.00019	0.02263	0.01210	0.01034	0.01155	0.00964	0.01050	0.02974	0.10374	0.15785	0.18229	0.07723	0.19746	0.02646	0.01011	0.01016	0.01494	0.02549	0.01120
2	0.05226	0.01002	0.01084	0.01401	0.01675	0.00945	0.01223	0.03609	0.06161	0.13068	0.33767	0.06702	0.13285	0.01367	0.02206	5e-05	0.00934	0.02046	0.03104	0.01189
3	0.71847	0.02714	0.03316	0.02209	0.01766	0.01288	0.01132	0.02902	0.02914	0.01640	0.01713	0.01166	0.00021	0.01266	0.00011	4.5e-05	0.01735	0.01058	9e-05	0.01289
4	0.01545	0.11005	0.11367	0.03878	0.02295	0.08783	0.03673	0.10553	0.14561	0.07475	0.02340	0.04137	0.02567	0.03183	0.01541	4.8e-05	0.02792	0.01090	0.01089	0.06122
5	0.38095	0.11103	0.03263	0.01177	0.02187	0.01571	0.03579	0.01868	0.03321	0.15579	0.04206	0.01996	0.01372	0.01034	0.00930	0.00865	0.02712	0.01502	0.02357	0.01283

[dist]
# distance from previous block
# <min> <max>
1	281

# created by:
# /home/cegg/simao/soft/augustus-3.2.1/scripts/msa2prfl.pl ./align_prep/POG091H0444.fa
