[name]
unknown

[dist]
# distance from previous block
# <min> <max>
0	259

[block]
# block no. 0 follows, 2095 sequences, length 23
# corresponding to MSA columns:
# 441,444,448-457,470-478,481,482
name=unknown_A
#
# <colnr> <probs for GDERKNQSTAVLIFYWHMCP>
#	G	D	E	R	K	N	Q	S	T	A	V	L	I	F	Y	W	H	M	C	P
0	0.06652	0.20370	0.04498	0.10652	0.09474	0.01476	0.08831	0.09930	0.04904	0.09746	0.00488	0.01380	0.00356	0.00948	0.00580	0.00615	0.01793	0.00700	0.00823	0.05781
1	0.02288	0.00612	0.02269	0.21587	0.20990	0.03577	0.08007	0.04458	0.08445	0.04114	0.01505	0.04085	0.00912	0.00655	0.00342	5.3e-05	0.07291	0.00310	0.00950	0.07600
2	0.00455	0.00017	0.00020	0.00021	0.00024	0.00414	0.00015	0.00437	0.00775	0.01439	0.28387	0.24931	0.27208	0.06596	0.03070	0.04464	0.00011	0.00653	0.01050	0.00014
3	0.00839	0.00361	0.00846	0.01473	0.00318	0.00017	0.00017	0.00624	0.01947	0.06722	0.24950	0.43998	0.08816	0.00646	0.01337	0.02207	0.00839	0.00623	0.03404	0.00016
4	0.00026	0.00017	0.00022	0.00021	0.00025	0.00016	0.00016	0.00032	0.00845	0.06239	0.54323	0.20043	0.15614	0.00038	0.00019	5.6e-05	8.7e-05	0.00987	0.01688	0.00016
5	0.23475	0.00029	0.00035	0.00028	0.00040	0.00028	0.00023	0.01395	0.01449	0.72349	0.00055	0.00948	0.00036	0.00020	0.00015	5.1e-05	0.00014	0.00015	0.00018	0.00026
6	0.00025	0.00017	0.00021	0.00021	0.00024	0.00016	0.00015	0.00591	0.01080	0.02369	0.31015	0.27508	0.04569	0.15801	0.07558	0.00401	0.00449	0.00514	0.07991	0.00014
7	0.03359	0.00046	0.00049	0.00037	0.00051	0.00051	0.00031	0.95975	0.00076	0.00103	0.00039	0.00039	0.00028	0.00020	0.00016	5e-05	0.00018	0.00015	0.00016	0.00028
8	0.91230	0.00032	0.00026	0.00023	0.00033	0.00037	0.00019	0.01265	0.04313	0.02864	0.00026	0.00029	0.00020	0.00016	0.00011	5.1e-05	0.00013	9.6e-05	0.00011	0.00019
9	0.99537	0.00032	0.00024	0.00022	0.00032	0.00037	0.00018	0.00048	0.00028	0.00074	0.00023	0.00027	0.00018	0.00015	0.00010	5.1e-05	0.00013	8.9e-05	0.00010	0.00018
10	0.01436	0.00024	0.00033	0.02168	0.01678	0.00412	0.04714	0.01349	0.00810	0.24229	0.15148	0.20718	0.06769	0.00029	0.00449	5.2e-05	0.00320	0.01683	0.00910	0.17116
11	0.00044	0.99430	0.00086	0.00028	0.00042	0.00065	0.00028	0.00049	0.00034	0.00039	0.00023	0.00026	0.00021	0.00014	0.00011	3.5e-05	0.00018	8.8e-05	7.1e-05	0.00021
12	0.00063	0.00046	0.00050	0.00038	0.00051	0.00051	0.00031	0.99262	0.00078	0.00104	0.00040	0.00040	0.00028	0.00020	0.00017	5e-05	0.00018	0.00015	0.00017	0.00028
13	0.00405	0.00025	0.01232	0.01675	0.00037	0.00454	0.05067	0.04492	0.16070	0.01698	0.21598	0.15423	0.03704	0.00494	0.00021	6.2e-05	0.01461	0.25503	0.00618	0.00018
14	0.00673	0.00024	0.00029	0.00025	0.00032	0.02611	0.00020	0.02939	0.05925	0.33679	0.31276	0.03809	0.00824	0.03312	0.00962	5.6e-05	0.00012	0.01353	0.12469	0.00021
15	0.00021	0.00015	0.00020	0.00023	0.00025	0.00014	0.00016	0.00025	0.00860	0.00936	0.01862	0.89525	0.02320	0.00050	0.00021	6.7e-05	9.8e-05	0.04223	0.00015	0.00014
16	0.01402	0.00018	0.00023	0.00024	0.00027	0.00017	0.00017	0.00936	0.03462	0.12077	0.02630	0.70240	0.01856	0.03773	0.00789	0.00465	0.00011	0.01270	0.00947	0.00016
17	0.00915	0.15082	0.04004	0.03208	0.03042	0.02640	0.03599	0.03621	0.02034	0.08003	0.01717	0.07036	0.00878	0.01580	0.07322	0.00547	0.33328	0.00432	0.00994	0.00020
18	0.02964	0.00300	0.00343	0.00691	0.00450	0.01042	0.03463	0.01458	0.01455	0.18087	0.11356	0.34759	0.08692	0.04071	0.02086	0.01377	0.00730	0.04737	0.01921	0.00017
19	0.00028	0.00017	0.00022	0.00024	0.00027	0.00016	0.00017	0.01111	0.02278	0.11141	0.02216	0.65035	0.02424	0.06456	0.00024	6.9e-05	0.00011	0.04909	0.04221	0.00015
20	0.00967	0.01272	0.01923	0.03097	0.07361	0.04195	0.02136	0.05848	0.02956	0.21348	0.12246	0.11868	0.03206	0.00810	0.05365	0.02194	0.07582	0.02644	0.02961	0.00020
21	0.02204	0.06658	0.10023	0.17269	0.09234	0.04479	0.10064	0.06370	0.05550	0.07685	0.01402	0.04774	0.01089	0.03821	0.01870	0.01099	0.03627	0.00661	0.01691	0.00432
22	0.00499	0.01637	0.04463	0.02265	0.01566	0.01050	0.01750	0.01954	0.01416	0.06664	0.04584	0.42704	0.04961	0.05565	0.09708	0.03891	0.01996	0.01680	0.01369	0.00278

[dist]
# distance from previous block
# <min> <max>
3	19

[block]
# block no. 1 follows, 2095 sequences, length 11
# corresponding to MSA columns:
# 590-598,603,604
name=unknown_B
#
# <colnr> <probs for GDERKNQSTAVLIFYWHMCP>
#	G	D	E	R	K	N	Q	S	T	A	V	L	I	F	Y	W	H	M	C	P
0	0.11311	0.00716	0.05156	0.13805	0.01443	0.01336	0.01459	0.06818	0.05330	0.10160	0.11566	0.04467	0.10511	0.03207	0.04145	0.00543	0.04177	0.01473	0.02358	0.00019
1	0.03110	0.00023	0.00029	0.00025	0.00033	0.00021	0.00020	0.00915	0.02364	0.47243	0.16095	0.08652	0.11969	0.02036	0.00019	0.00890	0.00012	0.00908	0.04525	0.01113
2	0.02298	0.00022	0.00028	0.00024	0.00031	0.00020	0.00019	0.01004	0.01323	0.39464	0.16850	0.09273	0.13603	0.05676	0.00023	0.01989	0.00871	0.01406	0.06056	0.00020
3	0.00035	0.00034	0.00046	0.00040	0.00041	0.01270	0.00033	0.01248	0.04388	0.00043	0.02679	0.00045	0.02704	0.00036	0.07652	0.01142	0.77430	0.00016	0.01102	0.00018
4	0.02233	0.00018	0.00021	0.00020	0.00024	0.00017	0.00015	0.00033	0.04011	0.01122	0.43719	0.06976	0.16078	0.05526	0.02790	6.4e-05	0.0001	0.01672	0.15691	0.00015
5	0.00049	0.29034	0.02550	0.00038	0.00047	0.37378	0.01149	0.01280	0.00038	0.02857	0.00028	0.00034	0.01435	0.00020	0.01049	5e-05	0.22970	0.00012	8.3e-05	0.00020
6	0.00035	0.00036	0.04020	0.00041	0.00042	0.00046	0.00034	0.00038	0.00026	0.00039	0.00025	0.00043	0.00026	0.09156	0.02852	8.5e-05	0.83493	0.00015	7.5e-05	0.00017
7	0.45526	0.00783	0.00766	0.06297	0.09387	0.04693	0.10596	0.02915	0.00626	0.02024	0.00032	0.02017	0.00028	0.01701	0.01202	5.8e-05	0.05309	0.04388	0.01686	0.00019
8	0.00022	0.00017	0.00023	0.00025	0.00909	0.00016	0.03669	0.00026	0.00945	0.00042	0.02588	0.62340	0.11998	0.04722	0.01387	0.09027	0.01075	0.01143	0.00014	0.00013
9	0.00037	0.01837	0.01107	0.57079	0.00090	0.02524	0.13002	0.12579	0.00918	0.01143	0.00037	0.00821	0.03998	0.00018	0.00018	5.4e-05	0.03553	0.00016	9.3e-05	0.01206
10	0.20856	0.06779	0.10271	0.03059	0.05546	0.00981	0.02797	0.06879	0.02297	0.12114	0.01292	0.01712	0.02493	0.00019	0.01197	5e-05	0.04609	0.00587	0.00795	0.15710

[dist]
# distance from previous block
# <min> <max>
4	12

[block]
# block no. 2 follows, 2095 sequences, length 15
# corresponding to MSA columns:
# 625-627,636,654-658,663,665,679,686,688,692
name=unknown_C
#
# <colnr> <probs for GDERKNQSTAVLIFYWHMCP>
#	G	D	E	R	K	N	Q	S	T	A	V	L	I	F	Y	W	H	M	C	P
0	0.00994	0.00410	0.26422	0.01557	0.00622	0.00483	0.04704	0.03328	0.02615	0.39988	0.06755	0.05424	0.01495	0.00023	0.00566	0.00490	0.00502	0.01398	0.00419	0.01805
1	0.01252	0.06977	0.18695	0.07524	0.07320	0.03891	0.09986	0.02855	0.02784	0.25079	0.02247	0.04869	0.01372	0.00589	0.00501	0.00404	0.01643	0.01465	0.00524	0.00023
2	0.01170	0.01117	0.05714	0.03943	0.01337	0.00490	0.03271	0.01190	0.03043	0.03455	0.01352	0.05088	0.00837	0.31621	0.10839	0.00881	0.22394	0.01287	0.00956	0.00016
3	0.00661	0.00019	0.00023	0.00021	0.00026	0.00716	0.00016	0.02224	0.02605	0.10459	0.38471	0.11748	0.04620	0.00734	0.00017	5.1e-05	9.3e-05	0.00735	0.26873	0.00017
4	0.00778	0.00905	0.15075	0.20246	0.13370	0.01510	0.16139	0.02442	0.01737	0.13622	0.04792	0.02157	0.02239	0.00786	0.01011	5.6e-05	0.01024	0.01327	0.00813	0.00022
5	0.03142	0.08403	0.14092	0.08338	0.11117	0.06822	0.12962	0.07088	0.05145	0.13394	0.01349	0.01880	0.00951	0.00450	0.00535	0.00430	0.02371	0.00482	0.01026	0.00023
6	0.00028	0.00023	0.02744	0.05113	0.01620	0.00022	0.10170	0.01075	0.03682	0.02945	0.06968	0.27377	0.06704	0.11299	0.10413	0.05500	0.00797	0.02340	0.01164	0.00016
7	0.02997	0.00021	0.00025	0.00022	0.00029	0.00020	0.00017	0.02866	0.01319	0.33626	0.01629	0.06269	0.00048	0.00022	0.00014	4.6e-05	0.00011	0.01777	0.49262	0.00020
8	0.01365	0.07981	0.17406	0.13261	0.10633	0.03015	0.11591	0.02543	0.04781	0.13595	0.01933	0.03827	0.02240	0.00675	0.00776	5.4e-05	0.02543	0.00831	0.00487	0.00509
9	0.02998	0.05027	0.15279	0.12348	0.14267	0.02993	0.11365	0.07643	0.02824	0.13857	0.01447	0.02460	0.02418	0.00826	0.00380	0.00587	0.01338	0.01112	0.00393	0.00437
10	0.00029	0.00496	0.00759	0.07947	0.03000	0.04359	0.01618	0.01079	0.01144	0.02631	0.01454	0.41656	0.00638	0.02951	0.07334	0.11545	0.07344	0.03256	0.00746	0.00015
11	0.42979	0.08139	0.05913	0.02727	0.05919	0.11557	0.09623	0.04382	0.00641	0.02344	0.00455	0.00485	0.00023	0.00522	0.00477	5.2e-05	0.03314	0.00012	0.00463	0.00020
12	0.00024	0.00018	0.00021	0.00564	0.00883	0.00619	0.00016	0.00030	0.01213	0.03393	0.28552	0.21668	0.33281	0.01635	0.00655	0.00538	0.00508	0.01583	0.04783	0.00015
13	0.02311	0.09571	0.08266	0.03226	0.04610	0.01805	0.01986	0.04609	0.03140	0.05870	0.04022	0.01491	0.03299	0.00018	0.00559	4e-05	0.01683	0.00451	0.00852	0.42227
14	0.00705	0.01761	0.00698	0.00425	0.00818	0.00619	0.00594	0.01967	0.01237	0.03156	0.05175	0.22961	0.08595	0.27462	0.03068	0.01099	0.00875	0.00027	0.13228	0.05530

[dist]
# distance from previous block
# <min> <max>
9	30

[block]
# block no. 3 follows, 2095 sequences, length 15
# corresponding to MSA columns:
# 766-778,784,785
name=unknown_D
#
# <colnr> <probs for GDERKNQSTAVLIFYWHMCP>
#	G	D	E	R	K	N	Q	S	T	A	V	L	I	F	Y	W	H	M	C	P
0	0.00996	0.01110	0.02600	0.00611	0.02350	0.00658	0.00459	0.09486	0.11856	0.03995	0.07145	0.20507	0.23540	0.02901	0.00020	0.00418	0.00876	0.01254	0.00712	0.08505
1	0.00035	0.01052	0.74023	0.00051	0.00073	0.00039	0.19594	0.01029	0.00036	0.00053	0.00031	0.00038	0.00023	0.00016	0.00017	5.3e-05	0.01391	0.01042	7.5e-05	0.01447
2	0.02387	0.05559	0.21946	0.01272	0.05328	0.02961	0.04524	0.02565	0.03089	0.34062	0.03335	0.03312	0.00696	0.00022	0.00492	5.4e-05	0.00586	0.07040	0.00399	0.00418
3	0.04048	0.01339	0.05263	0.02917	0.02365	0.00863	0.03111	0.02544	0.04170	0.59624	0.02733	0.02442	0.02084	0.00429	0.01384	0.01629	0.01074	0.00697	0.00627	0.00658
4	0.14071	0.00029	0.00036	0.00028	0.00040	0.00026	0.00023	0.02398	0.00045	0.79130	0.00059	0.02079	0.00039	0.00020	0.00016	5.1e-05	0.00014	0.00016	0.01901	0.00026
5	0.00032	0.00030	0.00049	0.96017	0.00112	0.00037	0.00045	0.03401	0.00034	0.00044	0.00030	0.00044	0.00022	0.00017	0.00016	5.5e-05	0.00022	0.00015	7.6e-05	0.00019
6	0.00580	0.10852	0.30562	0.07648	0.07411	0.06923	0.09363	0.02010	0.05142	0.05704	0.01187	0.02633	0.05625	0.00640	0.00593	0.00408	0.01858	0.00438	0.00403	0.00022
7	0.00634	0.00447	0.06736	0.01658	0.01981	0.00022	0.01367	0.00746	0.00657	0.34605	0.08869	0.18180	0.03232	0.06907	0.01161	0.07125	0.00809	0.01597	0.03247	0.00020
8	0.00031	0.00029	0.00049	0.99381	0.00114	0.00037	0.00046	0.00042	0.00033	0.00042	0.00029	0.00044	0.00022	0.00016	0.00016	5.5e-05	0.00022	0.00015	7.3e-05	0.00018
9	0.00592	0.00019	0.00028	0.02899	0.00675	0.00022	0.00682	0.00640	0.00027	0.00039	0.00044	0.01424	0.00636	0.00884	0.87563	0.00670	0.02531	0.00018	0.00591	0.00015
10	0.02718	0.07754	0.12950	0.10834	0.04524	0.06752	0.20404	0.03437	0.03744	0.20759	0.00621	0.00596	0.00601	0.00018	0.00017	5.1e-05	0.02884	0.00470	0.00479	0.00432
11	0.00547	0.00023	0.01736	0.01708	0.01282	0.00498	0.00601	0.01635	0.00909	0.32743	0.05531	0.03666	0.02093	0.28248	0.03037	0.12104	0.00418	0.01442	0.01762	0.00018
12	0.00023	0.00016	0.00019	0.00020	0.00021	0.00015	0.00013	0.00025	0.00028	0.00907	0.00070	0.36602	0.03482	0.51140	0.02604	0.02047	0.00014	0.01857	0.01085	0.00012
13	0.02695	0.11457	0.18665	0.09749	0.07483	0.03005	0.05468	0.05112	0.05930	0.16335	0.01053	0.03265	0.01818	0.01793	0.02485	0.00378	0.02079	0.00498	0.00708	0.00023
14	0.01622	0.05396	0.31174	0.12662	0.10553	0.02818	0.12149	0.02994	0.04266	0.09751	0.00488	0.00981	0.00428	0.00600	0.00964	5.4e-05	0.01304	0.00813	0.00432	0.00600

[dist]
# distance from previous block
# <min> <max>
3	70

[block]
# block no. 4 follows, 2095 sequences, length 7
# corresponding to MSA columns:
# 865,869,871-875
name=unknown_E
#
# <colnr> <probs for GDERKNQSTAVLIFYWHMCP>
#	G	D	E	R	K	N	Q	S	T	A	V	L	I	F	Y	W	H	M	C	P
0	0.01996	0.01067	0.00993	0.06640	0.12360	0.00026	0.01058	0.02539	0.04721	0.18005	0.15541	0.05785	0.03923	0.02192	0.09267	0.04989	0.01632	0.02194	0.02246	0.02828
1	0.00023	0.00016	0.00020	0.00021	0.00024	0.00015	0.00015	0.00028	0.02034	0.01881	0.25677	0.36251	0.27940	0.02106	0.00021	6.1e-05	9.1e-05	0.02068	0.01829	0.00015
2	0.01245	0.00021	0.00027	0.00025	0.00031	0.00019	0.00019	0.01338	0.01394	0.33478	0.14712	0.33539	0.02407	0.02324	0.01237	0.02544	0.00012	0.02867	0.02745	0.00019
3	0.01375	0.00025	0.00029	0.00028	0.00033	0.00026	0.01331	0.01580	0.39958	0.01482	0.13730	0.30438	0.04218	0.02233	0.00020	6.1e-05	0.00011	0.02118	0.01340	0.00019
4	0.35798	0.00029	0.00033	0.00027	0.00038	0.00029	0.00022	0.00069	0.00040	0.63680	0.00050	0.00046	0.00033	0.00019	0.00014	5.1e-05	0.00014	0.00014	0.00017	0.00024
5	0.00037	0.00038	0.00059	0.00048	0.00052	0.00047	0.20511	0.00043	0.00029	0.00043	0.00024	0.00038	0.00022	0.00025	0.00045	6.6e-05	0.74130	0.00015	7.6e-05	0.04780
6	0.00041	0.00041	0.00050	0.00043	0.00046	0.10803	0.03974	0.03205	0.15451	0.00047	0.00030	0.00040	0.00026	0.00026	0.00042	6.5e-05	0.66087	0.00015	9.2e-05	0.00020

[dist]
# distance from previous block
# <min> <max>
0	1

[block]
# block no. 5 follows, 2095 sequences, length 25
# corresponding to MSA columns:
# 877,884-899,901-904,907,909,915,916
name=unknown_F
#
# <colnr> <probs for GDERKNQSTAVLIFYWHMCP>
#	G	D	E	R	K	N	Q	S	T	A	V	L	I	F	Y	W	H	M	C	P
0	0.09963	0.00030	0.02261	0.14322	0.06578	0.01396	0.11704	0.03275	0.00288	0.23107	0.00897	0.20982	0.00724	0.01119	0.00926	0.00301	0.00265	0.01527	0.00314	0.00021
1	0.03397	0.58313	0.02163	0.06208	0.00430	0.17325	0.01373	0.07453	0.01576	0.00462	0.00026	0.00414	0.00023	0.00016	0.00013	0.00344	0.00426	0.00011	8.4e-05	0.00021
2	0.00043	0.92121	0.01536	0.00028	0.00043	0.00062	0.00028	0.00049	0.00034	0.00040	0.00023	0.00027	0.00021	0.00014	0.00011	3.5e-05	0.00017	8.9e-05	7.2e-05	0.05882
3	0.00038	0.01465	0.00551	0.10943	0.00075	0.06969	0.58912	0.03576	0.00813	0.00588	0.01969	0.10025	0.00656	0.00020	0.00748	5.7e-05	0.01791	0.00370	0.00464	0.00021
4	0.00510	0.00023	0.00395	0.00025	0.00033	0.00020	0.00020	0.02069	0.02078	0.40179	0.14054	0.17525	0.10802	0.00942	0.00439	0.00707	0.00012	0.02178	0.02107	0.05882
5	0.00033	0.00082	0.93487	0.05898	0.00074	0.00038	0.00060	0.00052	0.00035	0.00052	0.00030	0.00035	0.00021	0.00016	0.00016	5.2e-05	0.00024	0.00012	7e-05	0.00024
6	0.00499	0.03540	0.01135	0.00034	0.00044	0.02908	0.00932	0.03369	0.80037	0.00067	0.00060	0.00893	0.00046	0.00021	0.00016	0.00466	0.00014	0.00018	0.00016	0.05886
7	0.00024	0.00018	0.00023	0.00023	0.00455	0.00017	0.02879	0.00809	0.01046	0.00731	0.26035	0.12523	0.23749	0.19006	0.05883	9e-05	0.00013	0.06727	0.00014	0.00014
8	0.00022	0.00015	0.00019	0.00022	0.00023	0.00014	0.00015	0.00025	0.00032	0.00043	0.03537	0.64562	0.07638	0.11336	0.00028	0.00631	0.00010	0.06139	0.05875	0.00013
9	0.00024	0.00017	0.00024	0.00026	0.00028	0.00018	0.00943	0.00414	0.00400	0.00765	0.01483	0.35634	0.05359	0.06361	0.09973	0.06513	0.02292	0.29699	0.00014	0.00014
10	0.09538	0.00950	0.00049	0.35391	0.10076	0.20764	0.04251	0.01859	0.00700	0.10070	0.00032	0.00325	0.00025	0.00453	0.00381	0.00495	0.04298	0.00014	0.00309	0.00021
11	0.00816	0.00018	0.00442	0.00025	0.00028	0.00018	0.02094	0.05872	0.00824	0.03126	0.02811	0.63239	0.08449	0.06895	0.00025	0.00637	0.00011	0.04640	0.00015	0.00015
12	0.01550	0.00022	0.00028	0.00386	0.07156	0.00022	0.00349	0.04863	0.05830	0.07513	0.12312	0.19493	0.16069	0.09860	0.01152	6.8e-05	0.00012	0.05740	0.01759	0.05878
13	0.00515	0.00031	0.00050	0.77413	0.04173	0.01809	0.02618	0.01384	0.04569	0.06356	0.00034	0.00045	0.00025	0.00018	0.00889	5.6e-05	0.00021	0.00015	8.8e-05	0.00020
14	0.84042	0.00660	0.00892	0.00024	0.00034	0.00732	0.00020	0.03613	0.00032	0.07267	0.00518	0.00030	0.00021	0.00017	0.00515	5.2e-05	0.01540	0.0001	0.00011	0.00019
15	0.10924	0.00037	0.00041	0.03390	0.02505	0.00501	0.00472	0.32518	0.24063	0.16189	0.00966	0.00459	0.00036	0.00020	0.00592	5.1e-05	0.00344	0.00015	0.00787	0.06135
16	0.62295	0.02983	0.00417	0.04687	0.00853	0.05718	0.01719	0.08991	0.05066	0.01417	0.00030	0.01294	0.00633	0.01550	0.00277	0.00367	0.00815	0.00012	0.00011	0.00866
17	0.02102	0.00022	0.00290	0.00832	0.00359	0.00020	0.01088	0.02951	0.08313	0.03757	0.06928	0.31303	0.17915	0.01820	0.00842	0.03513	0.00011	0.01754	0.00014	0.16166
18	0.02073	0.07938	0.08652	0.26773	0.10620	0.04142	0.05637	0.04663	0.03312	0.11843	0.00440	0.03066	0.00311	0.01915	0.00827	0.00624	0.02570	0.00243	0.00010	0.04341
19	0.58589	0.00411	0.04834	0.00029	0.00039	0.04769	0.01141	0.15681	0.02349	0.04779	0.00959	0.00525	0.00024	0.00019	0.01630	5.5e-05	0.03831	0.00012	0.00354	0.00020
20	0.00394	0.00017	0.00023	0.01611	0.02411	0.00310	0.00305	0.02759	0.00312	0.02226	0.01246	0.72540	0.04472	0.02391	0.01838	7.1e-05	0.00451	0.05444	0.00436	0.00807
21	0.09300	0.00035	0.01277	0.03761	0.03371	0.02157	0.05419	0.27084	0.05435	0.22767	0.02189	0.07278	0.02778	0.00691	0.01267	0.00360	0.01533	0.00868	0.01831	0.00601
22	0.72632	0.00032	0.00028	0.00024	0.00035	0.00774	0.00020	0.06466	0.00672	0.16761	0.00591	0.00034	0.00024	0.00018	0.00833	5.3e-05	0.00014	0.00011	0.01006	0.00020
23	0.00023	0.00018	0.00022	0.00024	0.00028	0.00016	0.00708	0.00028	0.00037	0.00046	0.01164	0.07793	0.42906	0.03947	0.00024	6.9e-05	0.00012	0.43168	0.00015	0.00014
24	0.01982	0.04239	0.04445	0.12419	0.09795	0.01496	0.06912	0.04687	0.03214	0.17704	0.01338	0.04127	0.00339	0.00366	0.00431	0.00600	0.00961	0.01036	0.00244	0.23666

[dist]
# distance from previous block
# <min> <max>
4	91

[block]
# block no. 6 follows, 2095 sequences, length 7
# corresponding to MSA columns:
# 1125-1131
name=unknown_G
#
# <colnr> <probs for GDERKNQSTAVLIFYWHMCP>
#	G	D	E	R	K	N	Q	S	T	A	V	L	I	F	Y	W	H	M	C	P
0	0.00023	0.00018	0.00023	0.03046	0.01197	0.00017	0.01407	0.00028	0.01328	0.01176	0.08279	0.32620	0.26565	0.06700	0.07922	0.04993	0.01714	0.01529	0.01400	0.00014
1	0.01762	0.00019	0.00867	0.03247	0.00936	0.00018	0.00880	0.00991	0.00930	0.03035	0.21205	0.13844	0.31930	0.02336	0.02459	0.06672	0.01188	0.01231	0.06435	0.00015
2	0.00032	0.00030	0.00050	0.89343	0.04945	0.00038	0.00046	0.00042	0.00033	0.00043	0.00029	0.00043	0.00022	0.00017	0.00018	5.6e-05	0.05222	0.00015	7.4e-05	0.00019
3	0.00034	0.00029	0.00033	0.00025	0.00038	0.00022	0.00019	0.00042	0.03596	0.00054	0.03594	0.03613	0.00033	0.00015	0.00013	2.8e-05	0.00012	0.00012	0.00011	0.88803
4	0.00022	0.00015	0.00021	0.00023	0.00025	0.00015	0.01809	0.00025	0.00031	0.00042	0.02025	0.69249	0.04743	0.10784	0.00030	0.04896	0.00011	0.04413	0.01809	0.00013
5	0.00022	0.00016	0.00021	0.01380	0.00026	0.00015	0.00016	0.02042	0.00033	0.01378	0.01491	0.82278	0.03482	0.01979	0.01509	0.01356	0.00011	0.01570	0.01362	0.00014
6	0.10651	0.10378	0.10939	0.03018	0.02571	0.08285	0.03568	0.07688	0.02884	0.08650	0.00995	0.01774	0.01918	0.03958	0.01228	5.5e-05	0.05746	0.00900	0.05706	0.09135

[dist]
# distance from previous block
# <min> <max>
0	8

[block]
# block no. 7 follows, 2095 sequences, length 6
# corresponding to MSA columns:
# 1141,1166,1167,1169-1171
name=unknown_H
#
# <colnr> <probs for GDERKNQSTAVLIFYWHMCP>
#	G	D	E	R	K	N	Q	S	T	A	V	L	I	F	Y	W	H	M	C	P
0	0.00028	0.00022	0.01914	0.03376	0.01051	0.01042	0.01812	0.02896	0.06486	0.02508	0.27416	0.13267	0.12079	0.14102	0.02824	0.01499	0.01433	0.02713	0.03514	0.00016
1	0.04751	0.09601	0.03593	0.10437	0.03091	0.02309	0.02674	0.23822	0.16980	0.03415	0.00939	0.02693	0.00034	0.01022	0.02790	0.01081	0.02454	0.00953	0.00894	0.06467
2	0.02421	0.00032	0.00052	0.61750	0.20457	0.01356	0.01871	0.01496	0.01392	0.01900	0.01332	0.00046	0.00027	0.00018	0.01320	5.6e-05	0.01519	0.01460	8.4e-05	0.01537
3	0.02735	0.05723	0.15505	0.03664	0.08626	0.02269	0.14161	0.08746	0.03687	0.22631	0.01618	0.01457	0.01552	0.00856	0.01006	0.00979	0.01695	0.01017	0.01019	0.01055
4	0.01221	0.18481	0.31866	0.03491	0.01143	0.01440	0.10657	0.03048	0.06623	0.06770	0.04968	0.01999	0.01108	0.00020	0.01080	5.3e-05	0.01473	0.02612	0.01028	0.00968
5	0.01978	0.00018	0.00021	0.00021	0.00026	0.00017	0.00016	0.00032	0.07759	0.02727	0.08159	0.35089	0.36006	0.04112	0.00022	6.3e-05	9.9e-05	0.02058	0.00015	0.01908

[dist]
# distance from previous block
# <min> <max>
2	12

[block]
# block no. 8 follows, 2095 sequences, length 11
# corresponding to MSA columns:
# 1192,1216-1225
name=unknown_I
#
# <colnr> <probs for GDERKNQSTAVLIFYWHMCP>
#	G	D	E	R	K	N	Q	S	T	A	V	L	I	F	Y	W	H	M	C	P
0	0.00023	0.00019	0.01359	0.00587	0.00603	0.00017	0.05269	0.00706	0.01010	0.01054	0.06668	0.53418	0.22019	0.01798	0.01137	0.01144	0.00615	0.00838	0.00763	0.00953
1	0.02958	0.06552	0.07819	0.05058	0.03020	0.04410	0.04602	0.09814	0.08122	0.06533	0.05707	0.03391	0.02237	0.04954	0.00883	5.4e-05	0.02977	0.01004	0.01366	0.18587
2	0.00804	0.00021	0.00027	0.00025	0.00029	0.00871	0.00018	0.00840	0.01172	0.02824	0.06808	0.00815	0.04573	0.10534	0.18953	0.26593	0.08068	0.00018	0.00795	0.16212
3	0.00581	0.00021	0.00636	0.18864	0.01392	0.00604	0.01010	0.00855	0.00623	0.02266	0.19956	0.01640	0.13336	0.10566	0.02667	0.16455	0.01163	0.02140	0.05213	0.00015
4	0.00034	0.08957	0.45245	0.01816	0.01133	0.02323	0.04299	0.00956	0.09426	0.00953	0.03596	0.02445	0.08812	0.02155	0.01659	5.8e-05	0.03959	0.00983	0.00578	0.00665
5	0.00044	0.99430	0.00086	0.00028	0.00042	0.00065	0.00028	0.00049	0.00034	0.00039	0.00023	0.00026	0.00021	0.00014	0.00011	3.5e-05	0.00018	8.8e-05	7.1e-05	0.00021
6	0.00707	0.04260	0.18222	0.02391	0.03900	0.01020	0.02963	0.20354	0.01692	0.07424	0.02297	0.00896	0.01443	0.00595	0.01250	0.00721	0.01633	0.00666	0.01001	0.26564
7	0.00768	0.00792	0.00044	0.00036	0.00046	0.00045	0.01194	0.49281	0.32105	0.02636	0.00840	0.00968	0.00038	0.00798	0.01649	0.00776	0.06430	0.01513	0.00016	0.00026
8	0.00062	0.00079	0.00047	0.00043	0.00051	0.99354	0.00032	0.00066	0.00047	0.00040	0.00026	0.00030	0.00021	0.00017	0.00015	4.3e-05	0.00030	0.00011	8.5e-05	0.00019
9	0.01395	0.05650	0.08636	0.03306	0.03955	0.02347	0.19495	0.04748	0.07243	0.16407	0.01016	0.13727	0.00984	0.04025	0.02442	0.00636	0.02647	0.00796	0.00522	0.00021
10	0.02290	0.38196	0.14033	0.00674	0.08167	0.06695	0.05071	0.11764	0.01969	0.01581	0.02149	0.01325	0.01380	0.00018	0.00782	4.7e-05	0.00951	0.01276	0.01129	0.00545

[dist]
# distance from previous block
# <min> <max>
4	16

[block]
# block no. 9 follows, 2095 sequences, length 12
# corresponding to MSA columns:
# 1300-1307,1309,1311-1313
name=unknown_J
#
# <colnr> <probs for GDERKNQSTAVLIFYWHMCP>
#	G	D	E	R	K	N	Q	S	T	A	V	L	I	F	Y	W	H	M	C	P
0	0.00031	0.00029	0.00049	0.99381	0.00114	0.00037	0.00046	0.00042	0.00033	0.00042	0.00029	0.00044	0.00022	0.00016	0.00016	5.5e-05	0.00022	0.00015	7.3e-05	0.00018
1	0.01944	0.00069	0.00045	0.00040	0.00049	0.78747	0.00030	0.06453	0.02155	0.04819	0.05475	0.00037	0.00031	0.00018	0.00015	4.4e-05	0.00026	0.00012	0.00010	0.00020
2	0.00614	0.01738	0.00614	0.41183	0.11326	0.00773	0.01416	0.01124	0.00529	0.06088	0.01323	0.01577	0.01193	0.19707	0.04199	0.05117	0.00847	0.00603	9.4e-05	0.00018
3	0.00022	0.00016	0.00019	0.00021	0.00024	0.00015	0.00015	0.00027	0.01332	0.01658	0.15621	0.37057	0.35650	0.02425	0.01026	0.00892	9.6e-05	0.02378	0.01778	0.00014
4	0.00031	0.00029	0.00049	0.99381	0.00114	0.00037	0.00046	0.00042	0.00033	0.00042	0.00029	0.00044	0.00022	0.00016	0.00016	5.5e-05	0.00022	0.00015	7.3e-05	0.00018
5	0.01206	0.01216	0.02687	0.03990	0.05021	0.15683	0.05358	0.01491	0.03671	0.02766	0.01496	0.19992	0.01501	0.00485	0.00820	0.00476	0.30600	0.01040	0.00485	0.00019
6	0.00813	0.09440	0.25786	0.11006	0.05536	0.04552	0.13116	0.05056	0.02703	0.03442	0.01547	0.03186	0.00975	0.01022	0.02015	0.00465	0.08172	0.00649	0.00498	0.00022
7	0.02365	0.00018	0.00022	0.00022	0.00026	0.00017	0.00016	0.01641	0.00804	0.04434	0.34975	0.22778	0.22620	0.00900	0.05803	0.01056	0.00011	0.01711	0.00768	0.00015
8	0.00025	0.00018	0.00021	0.00023	0.00026	0.00884	0.00017	0.01312	0.02971	0.03529	0.07928	0.49066	0.19938	0.03306	0.00023	0.02161	0.00011	0.08712	0.00015	0.00015
9	0.01120	0.00930	0.00800	0.01912	0.01064	0.00024	0.00021	0.00826	0.00867	0.00770	0.00031	0.00824	0.00736	0.00013	0.00013	2.7e-05	0.00769	0.00011	9.9e-05	0.89257
10	0.00702	0.00995	0.06419	0.03877	0.02029	0.00842	0.07015	0.01888	0.05044	0.11427	0.11126	0.23939	0.06082	0.04949	0.06582	0.00503	0.01997	0.02334	0.00556	0.01696
11	0.00022	0.01190	0.00021	0.00023	0.00025	0.00015	0.00016	0.00026	0.00033	0.02544	0.01803	0.72181	0.10489	0.03423	0.00024	0.02027	0.00010	0.05130	0.00987	0.00014

[dist]
# distance from previous block
# <min> <max>
6	17

[block]
# block no. 10 follows, 2095 sequences, length 7
# corresponding to MSA columns:
# 1369,1370,1377-1381
name=unknown_K
#
# <colnr> <probs for GDERKNQSTAVLIFYWHMCP>
#	G	D	E	R	K	N	Q	S	T	A	V	L	I	F	Y	W	H	M	C	P
0	0.01786	0.00018	0.00021	0.00022	0.00025	0.00017	0.00016	0.01603	0.03229	0.05420	0.11961	0.34415	0.21164	0.13336	0.00029	0.01323	0.00011	0.04186	0.01404	0.00015
1	0.04002	0.01255	0.02044	0.05638	0.01778	0.05970	0.11606	0.07023	0.02042	0.22931	0.03289	0.14272	0.03917	0.02782	0.03047	0.00936	0.01578	0.02498	0.02537	0.00855
2	0.02242	0.02989	0.04763	0.46203	0.08290	0.03910	0.09848	0.04191	0.02154	0.02827	0.02219	0.01362	0.00868	0.01003	0.01433	0.00938	0.02777	0.01138	0.00825	0.00020
3	0.00993	0.00029	0.01342	0.00029	0.00036	0.02935	0.00987	0.17264	0.22794	0.04173	0.01404	0.20487	0.03458	0.12616	0.02263	0.00920	0.01085	0.06051	0.01113	0.00020
4	0.07523	0.00859	0.00039	0.01006	0.02418	0.00850	0.02843	0.21004	0.02801	0.38555	0.03507	0.02121	0.06192	0.02125	0.00871	0.02301	0.00876	0.01991	0.02093	0.00024
5	0.03998	0.07163	0.23863	0.08696	0.05097	0.07941	0.12996	0.04925	0.03186	0.07828	0.02497	0.02063	0.01774	0.01085	0.00903	0.00766	0.01829	0.02404	0.00963	0.00022
6	0.00983	0.02646	0.09283	0.05744	0.05131	0.05608	0.09876	0.02798	0.02031	0.02327	0.02112	0.21216	0.06753	0.03291	0.03377	0.03814	0.11383	0.01597	0.00011	0.00018

[dist]
# distance from previous block
# <min> <max>
0	3

[block]
# block no. 11 follows, 2095 sequences, length 8
# corresponding to MSA columns:
# 1385-1390,1392,1393
name=unknown_L
#
# <colnr> <probs for GDERKNQSTAVLIFYWHMCP>
#	G	D	E	R	K	N	Q	S	T	A	V	L	I	F	Y	W	H	M	C	P
0	0.00976	0.00705	0.01311	0.00748	0.00849	0.01066	0.02616	0.05166	0.02917	0.11856	0.05621	0.28789	0.12963	0.02215	0.00819	0.00753	0.03331	0.06921	0.10361	0.00018
1	0.05140	0.05949	0.07399	0.16636	0.05424	0.04844	0.11158	0.09100	0.03890	0.18901	0.00961	0.02330	0.01790	0.01242	0.01521	0.00736	0.01318	0.00855	0.00785	0.00022
2	0.02367	0.15169	0.38077	0.01174	0.02285	0.02639	0.07759	0.04042	0.01450	0.08119	0.01820	0.04201	0.02024	0.00946	0.01181	0.01665	0.01287	0.01545	0.01408	0.00844
3	0.01586	0.17051	0.10863	0.01680	0.00046	0.03987	0.09825	0.03805	0.03406	0.18029	0.04305	0.10893	0.03734	0.01677	0.04119	0.01817	0.00720	0.01706	0.00731	0.00021
4	0.01989	0.09111	0.15487	0.05119	0.03832	0.10382	0.11386	0.04756	0.04539	0.08114	0.03547	0.06213	0.01552	0.04948	0.03249	0.00944	0.02815	0.00965	0.01031	0.00021
5	0.03346	0.17615	0.13894	0.05299	0.05566	0.04909	0.14576	0.04359	0.05763	0.11481	0.01588	0.03293	0.01302	0.01543	0.00839	0.00794	0.00882	0.01821	0.01107	0.00022
6	0.01490	0.00964	0.02314	0.02074	0.00926	0.01415	0.01383	0.02160	0.01443	0.13195	0.05825	0.26090	0.08255	0.10748	0.15749	0.02324	0.01220	0.01370	0.01038	0.00017
7	0.01057	0.00746	0.01089	0.01308	0.01242	0.02849	0.02931	0.01539	0.01158	0.02511	0.06087	0.46193	0.14313	0.06448	0.02942	0.02360	0.00788	0.03745	0.00679	0.00015

[dist]
# distance from previous block
# <min> <max>
10	80

[block]
# block no. 12 follows, 2095 sequences, length 6
# corresponding to MSA columns:
# 1516,1518,1519,1524,1527,1528
name=unknown_M
#
# <colnr> <probs for GDERKNQSTAVLIFYWHMCP>
#	G	D	E	R	K	N	Q	S	T	A	V	L	I	F	Y	W	H	M	C	P
0	0.01518	0.17826	0.07362	0.03605	0.06271	0.11060	0.03488	0.16177	0.02861	0.04251	0.01520	0.03790	0.04323	0.03394	0.01403	0.01058	0.02341	0.00921	0.01704	0.05124
1	0.01525	0.01427	0.02462	0.10480	0.07663	0.00997	0.01303	0.02263	0.03050	0.05369	0.09427	0.18661	0.21123	0.02694	0.01369	0.01678	0.01913	0.01546	0.04118	0.00934
2	0.03193	0.09941	0.12986	0.04729	0.08736	0.03538	0.05443	0.09645	0.05026	0.13060	0.03036	0.03375	0.04231	0.01103	0.01483	0.00936	0.02538	0.01248	0.01057	0.04695
3	0.04988	0.05445	0.10367	0.06026	0.10928	0.02011	0.05589	0.03492	0.03418	0.14040	0.04769	0.06885	0.02129	0.01560	0.02454	0.00998	0.01339	0.01503	0.01247	0.10811
4	0.00026	0.00018	0.00022	0.01370	0.01490	0.01538	0.00016	0.01350	0.01550	0.04196	0.05106	0.45406	0.07111	0.21275	0.02011	0.04244	0.00013	0.03232	0.00014	0.00014
5	0.01836	0.01974	0.07727	0.09762	0.07853	0.03020	0.08678	0.03761	0.02521	0.11587	0.04781	0.15027	0.03621	0.07039	0.01946	0.01045	0.01723	0.03364	0.01471	0.01265

[dist]
# distance from previous block
# <min> <max>
2	10

[block]
# block no. 13 follows, 2095 sequences, length 8
# corresponding to MSA columns:
# 1584,1586,1587,1593,1594,1599-1601
name=unknown_N
#
# <colnr> <probs for GDERKNQSTAVLIFYWHMCP>
#	G	D	E	R	K	N	Q	S	T	A	V	L	I	F	Y	W	H	M	C	P
0	0.01379	0.01145	0.00787	0.25774	0.11745	0.00764	0.28159	0.02353	0.01182	0.03993	0.02652	0.04969	0.03094	0.01755	0.01325	0.00703	0.00709	0.00797	0.00991	0.05724
1	0.02206	0.03080	0.04534	0.24912	0.09611	0.04849	0.03891	0.07467	0.05206	0.08920	0.02492	0.05565	0.02159	0.02769	0.03929	6.4e-05	0.02611	0.02243	0.02228	0.01321
2	0.01301	0.02350	0.04015	0.24776	0.01463	0.12124	0.04613	0.02000	0.03872	0.08479	0.03412	0.08635	0.03311	0.07915	0.06368	0.01046	0.01553	0.01307	0.00643	0.00817
3	0.01545	0.00019	0.00921	0.01065	0.00028	0.00901	0.00966	0.01111	0.01664	0.05189	0.20969	0.33860	0.14191	0.07515	0.03113	0.00883	0.00919	0.03316	0.01809	0.00015
4	0.00023	0.00018	0.01225	0.00024	0.01041	0.00016	0.01679	0.01018	0.01273	0.01435	0.06153	0.52254	0.18478	0.03988	0.02433	0.04317	0.00011	0.03475	0.01125	0.00014
5	0.01015	0.04081	0.04009	0.37230	0.05249	0.01632	0.10210	0.02406	0.01180	0.03600	0.01365	0.03343	0.01385	0.06480	0.09297	0.01237	0.03759	0.01153	0.00651	0.00717
6	0.04311	0.01857	0.12467	0.13265	0.07906	0.03449	0.07029	0.02745	0.02691	0.05133	0.02409	0.11971	0.02184	0.03130	0.06451	0.02711	0.05933	0.02351	0.01988	0.00019
7	0.01118	0.00020	0.01024	0.00854	0.00868	0.00857	0.01306	0.01852	0.01301	0.09847	0.03822	0.16596	0.12508	0.12574	0.07192	0.23385	0.00776	0.02428	0.01657	0.00014

[dist]
# distance from previous block
# <min> <max>
30	371

# created by:
# /home/cegg/simao/soft/augustus-3.2.1/scripts/msa2prfl.pl ./align_prep/POG091H02FP.fa
