[name]
unknown

[dist]
# distance from previous block
# <min> <max>
0	283

[block]
# block no. 0 follows, 2771 sequences, length 15
# corresponding to MSA columns:
# 338-352
name=unknown_A
#
# <colnr> <probs for GDERKNQSTAVLIFYWHMCP>
#	G	D	E	R	K	N	Q	S	T	A	V	L	I	F	Y	W	H	M	C	P
0	0.25153	0.00828	0.00944	0.28542	0.06467	0.00597	0.04277	0.03605	0.04444	0.06443	0.00991	0.05374	0.00719	0.00016	0.00012	4.1e-05	0.00525	0.07537	0.00547	0.02974
1	0.02438	0.00487	0.00711	0.24812	0.46950	0.01438	0.06642	0.02879	0.01319	0.01951	0.00940	0.00036	0.03605	0.00013	0.00013	3.8e-05	0.00696	0.00444	0.00463	0.04160
2	0.01035	0.00014	0.00019	0.00757	0.01262	0.00015	0.00015	0.02247	0.00023	0.00616	0.00605	0.32393	0.03655	0.02740	0.49933	0.00560	0.00817	0.03275	8.9e-05	0.00011
3	0.00018	0.00012	0.00014	0.00014	0.00014	0.00012	7.6e-05	0.00018	0.00018	0.00024	0.00039	0.00082	0.00045	0.99561	0.00064	0.00012	0.00012	0.00018	7.6e-05	7.6e-05
4	0.94529	0.00025	0.01703	0.01705	0.01768	0.00028	0.00015	0.00037	0.00022	0.00055	0.00018	0.00021	0.00014	0.00012	8e-05	3.9e-05	0.00010	7e-05	7.6e-05	0.00014
5	0.00031	0.00027	0.00028	0.00025	0.00033	0.00031	0.00020	0.00066	0.99460	0.00052	0.00051	0.00047	0.00038	0.00017	0.00013	4.2e-05	9.9e-05	0.00014	0.00013	0.00020
6	0.00033	0.99568	0.00066	0.00021	0.00032	0.00049	0.00021	0.00037	0.00025	0.00029	0.00017	0.00020	0.00016	0.00011	8e-05	2.7e-05	0.00013	6.7e-05	5.3e-05	0.00016
7	0.99649	0.00024	0.00018	0.00016	0.00024	0.00028	0.00014	0.00037	0.00021	0.00056	0.00017	0.00020	0.00014	0.00012	7.7e-05	3.9e-05	9.7e-05	6.8e-05	7.7e-05	0.00014
8	0.00018	0.00013	0.00015	0.00015	0.00018	0.00012	0.00011	0.00022	0.00031	0.03536	0.43166	0.05072	0.41002	0.04576	0.01122	4.7e-05	7e-05	0.01336	0.00012	0.00011
9	0.00024	0.00022	0.00037	0.99531	0.00086	0.00028	0.00035	0.00032	0.00025	0.00032	0.00022	0.00033	0.00017	0.00012	0.00012	4.2e-05	0.00017	0.00011	5.6e-05	0.00014
10	0.94516	0.00024	0.00019	0.00017	0.00025	0.00028	0.00014	0.02404	0.00023	0.02814	0.00019	0.00021	0.00014	0.00012	8e-05	3.9e-05	9.8e-05	7e-05	8.1e-05	0.00014
11	0.00024	0.00027	0.12593	0.20573	0.19714	0.00023	0.05074	0.00471	0.04613	0.00588	0.15268	0.08087	0.07790	0.00480	0.00447	4.2e-05	0.01321	0.00595	0.00625	0.01684
12	0.00976	0.00018	0.00024	0.00020	0.00027	0.00017	0.00016	0.02118	0.02107	0.56069	0.31620	0.00835	0.02486	0.02284	0.01323	4.3e-05	9.4e-05	0.00016	0.00014	0.00017
13	0.38977	0.01510	0.02577	0.00026	0.00033	0.54105	0.00020	0.00044	0.00029	0.00041	0.01200	0.00024	0.01343	0.00013	9.9e-05	3.5e-05	0.00017	8e-05	7.1e-05	0.00014
14	0.02824	0.08505	0.16408	0.06046	0.08585	0.01329	0.10946	0.05573	0.13860	0.04187	0.12963	0.01363	0.04396	0.00740	0.00838	4.1e-05	0.00482	0.00399	0.00538	0.00017

[dist]
# distance from previous block
# <min> <max>
1	2

[block]
# block no. 1 follows, 2771 sequences, length 18
# corresponding to MSA columns:
# 355,382-386,390-401
name=unknown_B
#
# <colnr> <probs for GDERKNQSTAVLIFYWHMCP>
#	G	D	E	R	K	N	Q	S	T	A	V	L	I	F	Y	W	H	M	C	P
0	0.00016	0.00012	0.00015	0.00017	0.00019	0.00011	0.00013	0.00019	0.00026	0.00034	0.02652	0.56178	0.21114	0.00036	0.00016	5e-05	7.9e-05	0.19785	0.00012	0.00011
1	0.00032	0.05661	0.00031	0.00703	0.00644	0.03073	0.00430	0.06062	0.78777	0.00632	0.00947	0.00517	0.00036	0.00017	0.00488	4.2e-05	0.00506	0.00606	0.00431	0.00402
2	0.01669	0.00021	0.01015	0.01997	0.00030	0.00018	0.00016	0.01912	0.01061	0.30898	0.09449	0.01427	0.01327	0.00014	0.00011	3e-05	9.6e-05	0.00539	0.02223	0.46361
3	0.00890	0.22237	0.52667	0.01734	0.00869	0.00945	0.03499	0.01358	0.01685	0.03235	0.00719	0.00709	0.00722	0.02186	0.00984	4e-05	0.00416	0.02190	6.3e-05	0.02945
4	0.00019	0.00541	0.00018	0.00435	0.00572	0.00950	0.01000	0.01120	0.06387	0.00815	0.05536	0.45571	0.05140	0.19952	0.00026	0.00431	0.04426	0.06579	0.00472	0.00011
5	0.00782	0.00020	0.00026	0.00021	0.00029	0.00018	0.00017	0.03244	0.01140	0.68657	0.14732	0.01918	0.02074	0.01191	0.00014	4.1e-05	9.8e-05	0.03711	0.02375	0.00019
6	0.00018	0.00013	0.00017	0.01043	0.00021	0.00013	0.01031	0.00021	0.01896	0.00033	0.05224	0.43831	0.02237	0.17024	0.10013	0.00746	0.00540	0.15777	0.00492	0.00010
7	0.02601	0.04284	0.03191	0.24961	0.34884	0.02119	0.12085	0.01847	0.00602	0.07407	0.00398	0.02124	0.00021	0.00013	0.00583	4e-05	0.02079	0.00414	0.00366	0.00017
8	0.00017	0.00012	0.00015	0.00017	0.00019	0.00011	0.00012	0.00021	0.01752	0.01762	0.20079	0.63883	0.09000	0.01416	0.00016	4.8e-05	7.1e-05	0.01187	0.00759	0.00011
9	0.82199	0.00024	0.00021	0.00018	0.00026	0.00027	0.00015	0.04475	0.00025	0.13042	0.00022	0.00024	0.00016	0.00012	8.6e-05	3.9e-05	0.0001	7.7e-05	9e-05	0.00015
10	0.00570	0.02118	0.01479	0.27158	0.04547	0.01215	0.08165	0.02844	0.00620	0.04392	0.07481	0.03755	0.03521	0.05335	0.06045	0.09925	0.00944	0.09865	8.1e-05	0.00013
11	0.00926	0.00779	0.00027	0.00021	0.00029	0.00018	0.00017	0.03446	0.01030	0.73390	0.01486	0.00499	0.01037	0.06898	0.02956	0.05213	0.00011	0.00689	0.01510	0.00019
12	0.14853	0.00019	0.00023	0.00020	0.00027	0.00019	0.00016	0.00826	0.05270	0.50330	0.09686	0.11708	0.04227	0.00705	0.00548	4.2e-05	9.5e-05	0.00539	0.01153	0.00017
13	0.63610	0.00023	0.00022	0.00018	0.00027	0.00025	0.00015	0.01485	0.01935	0.28690	0.02870	0.00030	0.00022	0.00013	9.5e-05	3.9e-05	9.9e-05	9.2e-05	0.01165	0.00016
14	0.02035	0.00586	0.02749	0.16875	0.09662	0.00624	0.06566	0.02037	0.04076	0.02803	0.03093	0.06604	0.06001	0.03842	0.18591	0.04229	0.06545	0.02011	0.00611	0.00460
15	0.00020	0.01396	0.00889	0.02105	0.00805	0.00015	0.00724	0.01590	0.00906	0.03834	0.51839	0.06254	0.04385	0.01730	0.18009	0.00654	0.02879	0.01009	0.00942	0.00012
16	0.00017	0.00012	0.00015	0.00017	0.00018	0.00011	0.00011	0.00020	0.01052	0.02360	0.02527	0.59621	0.01194	0.26884	0.04843	0.00636	0.0001	0.00731	0.00010	9.9e-05
17	0.13939	0.00490	0.00775	0.14932	0.11525	0.01144	0.05443	0.08196	0.14850	0.17035	0.02092	0.02419	0.01377	0.00015	0.00619	4.1e-05	0.00822	0.01323	0.01252	0.01747

[dist]
# distance from previous block
# <min> <max>
2	45

[block]
# block no. 2 follows, 2771 sequences, length 47
# corresponding to MSA columns:
# 454-458,461-470,473-480,504-510,512,513,516-529,543
name=unknown_C
#
# <colnr> <probs for GDERKNQSTAVLIFYWHMCP>
#	G	D	E	R	K	N	Q	S	T	A	V	L	I	F	Y	W	H	M	C	P
0	0.00027	0.00180	0.00928	0.28514	0.31602	0.00809	0.02125	0.02243	0.09180	0.01435	0.05701	0.05540	0.01933	0.00696	0.00189	4e-05	0.01219	0.00858	0.00169	0.06647
1	0.00324	0.00014	0.00018	0.00016	0.00020	0.00013	0.00012	0.00028	0.00033	0.15675	0.53737	0.01187	0.25209	0.02825	0.00016	4.2e-05	7e-05	0.00452	0.00398	0.00013
2	0.00612	0.00012	0.00015	0.00016	0.00018	0.00011	0.00011	0.00021	0.00546	0.00709	0.37599	0.34075	0.22022	0.03014	0.00633	4.7e-05	6.9e-05	0.00651	0.00012	0.00011
3	0.00016	0.00013	0.00014	0.00014	0.00018	0.00011	0.00011	0.00020	0.00030	0.00039	0.33064	0.06599	0.57608	0.00030	0.00015	4.2e-05	6.4e-05	0.02464	0.00012	0.00011
4	0.88345	0.00024	0.00020	0.00017	0.00025	0.00027	0.00014	0.02176	0.00023	0.09204	0.00021	0.00023	0.00015	0.00012	8.3e-05	3.9e-05	9.8e-05	7.4e-05	8.6e-05	0.00014
5	0.00028	0.00027	0.00044	0.34642	0.45738	0.02268	0.06005	0.01305	0.01671	0.00686	0.00026	0.00312	0.00022	0.00013	0.00013	0.00456	0.00344	0.05404	0.00979	0.00017
6	0.00033	0.99568	0.00066	0.00021	0.00032	0.00049	0.00021	0.00037	0.00025	0.00029	0.00017	0.00020	0.00016	0.00011	8e-05	2.7e-05	0.00013	6.7e-05	5.3e-05	0.00016
7	0.00675	0.00027	0.00029	0.00025	0.00033	0.00030	0.00020	0.09179	0.80758	0.00054	0.00046	0.00043	0.00035	0.00016	0.00012	4e-05	0.00010	0.00013	0.00012	0.08978
8	0.00024	0.00022	0.00037	0.99531	0.00086	0.00028	0.00035	0.00032	0.00025	0.00032	0.00022	0.00033	0.00017	0.00012	0.00012	4.2e-05	0.00017	0.00011	5.6e-05	0.00014
9	0.00023	0.00019	0.01946	0.09144	0.02600	0.05544	0.01282	0.01446	0.00869	0.08441	0.09475	0.19564	0.37838	0.00027	0.00218	4.3e-05	9.6e-05	0.00430	0.00011	0.01111
10	0.00048	0.00035	0.00038	0.00029	0.00039	0.00039	0.00024	0.99441	0.00059	0.00079	0.00030	0.00030	0.00021	0.00015	0.00013	3.8e-05	0.00014	0.00011	0.00013	0.00021
11	0.79366	0.00026	0.00022	0.00019	0.01106	0.00451	0.00015	0.15473	0.00028	0.01200	0.00020	0.00023	0.00015	0.00012	8.6e-05	3.8e-05	0.00010	7.7e-05	0.02179	0.00015
12	0.01878	0.16757	0.17561	0.00932	0.00253	0.01838	0.06198	0.02134	0.02291	0.01224	0.00194	0.00238	0.00024	0.00799	0.42177	0.00011	0.02039	0.00155	0.00374	0.02924
13	0.00020	0.00014	0.00489	0.00021	0.00024	0.00014	0.00018	0.00025	0.00815	0.00677	0.01497	0.04920	0.03423	0.10395	0.00022	0.01198	0.00011	0.76394	0.00011	0.00011
14	0.00016	0.00011	0.00014	0.00016	0.00017	0.00011	0.00011	0.00018	0.00024	0.00032	0.03659	0.67072	0.12309	0.15659	0.00595	6.1e-05	8e-05	0.00502	0.00011	9.9e-05
15	0.01234	0.01409	0.72555	0.02058	0.01316	0.00028	0.01929	0.03183	0.00398	0.13058	0.01834	0.00031	0.00020	0.00013	0.00012	3.9e-05	0.00017	0.00412	0.00472	0.00019
16	0.02944	0.01413	0.01869	0.00349	0.00250	0.14190	0.02970	0.31065	0.03746	0.25674	0.00035	0.00282	0.00026	0.00415	0.06260	4.9e-05	0.02965	0.03609	0.00788	0.01145
17	0.01008	0.00022	0.00029	0.00022	0.00032	0.00019	0.00018	0.04593	0.02118	0.88715	0.00702	0.00692	0.01296	0.00016	0.00013	3.9e-05	0.00011	0.00323	0.00347	0.00021
18	0.00016	0.00012	0.00015	0.00017	0.00019	0.00011	0.00012	0.00019	0.00707	0.00628	0.10652	0.76372	0.05933	0.00651	0.00016	5e-05	7.3e-05	0.04884	0.00012	0.00011
19	0.00200	0.00180	0.13914	0.00024	0.01172	0.00021	0.03313	0.08581	0.11307	0.18109	0.25101	0.00897	0.12195	0.00215	0.00014	4e-05	0.00198	0.02497	0.02041	0.00016
20	0.01373	0.00666	0.00030	0.00023	0.00389	0.00022	0.00408	0.16110	0.00367	0.78161	0.00045	0.00295	0.00029	0.01253	0.00765	4.1e-05	0.00011	0.00012	0.00015	0.00021
21	0.96244	0.00024	0.00019	0.00017	0.00024	0.00028	0.00014	0.00777	0.00022	0.02716	0.00018	0.00021	0.00014	0.00012	7.9e-05	3.9e-05	9.7e-05	7e-05	8e-05	0.00014
22	0.00016	0.00012	0.00015	0.00016	0.00018	0.00011	0.00011	0.00019	0.00024	0.01550	0.01492	0.66672	0.13513	0.13829	0.00022	5.9e-05	8e-05	0.02745	0.00011	0.00010
23	0.00033	0.00022	0.00025	0.01206	0.00281	0.03935	0.00339	0.08509	0.31708	0.19548	0.04545	0.16400	0.01920	0.00021	0.00013	4.1e-05	0.0001	0.01939	0.09524	0.00017
24	0.00776	0.00030	0.00575	0.00260	0.00036	0.00244	0.00022	0.61762	0.00876	0.33025	0.00037	0.00471	0.00025	0.00016	0.00248	0.00564	0.00013	0.00012	0.00989	0.00021
25	0.02611	0.00021	0.01050	0.00830	0.00225	0.00260	0.02520	0.10446	0.04680	0.40235	0.21998	0.00406	0.08237	0.00178	0.00014	4.1e-05	0.00180	0.05792	0.00296	0.00017
26	0.99649	0.00024	0.00018	0.00016	0.00024	0.00028	0.00014	0.00037	0.00021	0.00056	0.00017	0.00020	0.00014	0.00012	7.7e-05	3.9e-05	9.7e-05	6.8e-05	7.7e-05	0.00014
27	0.04954	0.00016	0.00020	0.01902	0.00024	0.00015	0.00014	0.00829	0.00298	0.22533	0.26146	0.10639	0.14829	0.01776	0.04499	5.1e-05	9.6e-05	0.09881	0.01599	0.00014
28	0.00430	0.47417	0.21726	0.01455	0.01010	0.12310	0.01837	0.06860	0.01385	0.00204	0.00293	0.00192	0.00373	0.00167	0.02300	3.7e-05	0.01815	8.5e-05	6.2e-05	0.00207
29	0.00395	0.00015	0.00019	0.00017	0.00021	0.00014	0.00013	0.01596	0.02623	0.16040	0.73887	0.00083	0.03433	0.00023	0.00014	3.9e-05	6.9e-05	0.00020	0.01407	0.00369
30	0.00777	0.02936	0.02940	0.02539	0.00731	0.00652	0.01302	0.01657	0.02160	0.02573	0.09501	0.20955	0.13663	0.06336	0.12527	0.07572	0.03414	0.07473	0.00282	0.00012
31	0.00211	0.09341	0.01957	0.14578	0.04182	0.03010	0.08050	0.02013	0.02550	0.00034	0.01558	0.31447	0.02490	0.07491	0.02529	5.3e-05	0.02460	0.03650	0.01968	0.00475
32	0.00023	0.00014	0.00018	0.00018	0.00021	0.00013	0.00013	0.00798	0.06593	0.14175	0.22579	0.43461	0.07812	0.01245	0.00015	4.6e-05	7.7e-05	0.02335	0.00839	0.00013
33	0.90072	0.01832	0.00305	0.00443	0.00362	0.00513	0.00015	0.00350	0.00021	0.00054	0.00018	0.00021	0.00014	0.00012	0.00353	4e-05	0.05583	7.1e-05	7.5e-05	0.00014
34	0.00021	0.00016	0.00450	0.00017	0.00023	0.00014	0.00013	0.00778	0.01486	0.00044	0.46772	0.07325	0.07021	0.00022	0.00846	3.5e-05	0.00374	0.00382	0.01057	0.33335
35	0.00435	0.00014	0.00332	0.00017	0.00020	0.00013	0.00013	0.00024	0.04970	0.00814	0.12190	0.20768	0.29676	0.00274	0.00015	4.6e-05	7.8e-05	0.21423	0.08978	0.00011
36	0.00029	0.00024	0.00027	0.00020	0.00031	0.00020	0.00016	0.06908	0.11845	0.04057	0.00027	0.00029	0.00022	0.00011	0.00010	2.3e-05	9.7e-05	8.7e-05	8.7e-05	0.76895
37	0.00031	0.00027	0.00028	0.00025	0.00033	0.00031	0.00020	0.00949	0.97850	0.00780	0.00051	0.00046	0.00038	0.00017	0.00013	4.2e-05	9.9e-05	0.00014	0.00013	0.00020
38	0.00027	0.00022	0.00026	0.00019	0.00030	0.00017	0.00015	0.01760	0.00027	0.01046	0.00023	0.00026	0.00019	9.4e-05	9.3e-05	1.9e-05	9.4e-05	7.5e-05	7.6e-05	0.96899
39	0.28866	0.00022	0.00026	0.00021	0.00029	0.00022	0.00017	0.05336	0.01203	0.59789	0.00482	0.00036	0.00026	0.00014	0.00011	3.8e-05	0.00010	0.00512	0.03555	0.00019
40	0.00018	0.00013	0.00016	0.00015	0.00019	0.00012	0.00011	0.00023	0.00905	0.02823	0.64273	0.04485	0.26904	0.00027	0.00015	4.1e-05	6.2e-05	0.00024	0.00395	0.00012
41	0.01895	0.00023	0.00030	0.00023	0.00032	0.00021	0.00019	0.13203	0.00038	0.81304	0.00046	0.00040	0.00029	0.00015	0.00012	3.8e-05	0.00011	0.00012	0.01336	0.01907
42	0.01176	0.00015	0.00021	0.00235	0.00022	0.00538	0.00221	0.00597	0.00220	0.00030	0.00827	0.03292	0.00037	0.13802	0.63868	0.00777	0.07577	0.06519	0.00216	0.00011
43	0.00016	0.00012	0.00905	0.00017	0.00019	0.00011	0.00276	0.00019	0.00500	0.00703	0.06340	0.83162	0.04950	0.01428	0.00016	5e-05	7.4e-05	0.01591	0.00012	0.00010
44	0.00029	0.00023	0.00025	0.00023	0.00029	0.00026	0.00018	0.01061	0.68570	0.05564	0.18780	0.00058	0.04490	0.00019	0.00013	4.1e-05	9e-05	0.00016	0.01223	0.00018
45	0.04396	0.01663	0.05140	0.50765	0.12583	0.01113	0.03724	0.05555	0.01653	0.07424	0.01647	0.00300	0.00882	0.00013	0.00013	4e-05	0.02456	0.00011	0.00153	0.00504
46	0.00213	0.10823	0.05065	0.01795	0.08110	0.02633	0.02691	0.16443	0.20648	0.17319	0.03490	0.02622	0.01768	0.01917	0.01423	4.3e-05	0.02502	0.00503	0.00011	0.00018

[dist]
# distance from previous block
# <min> <max>
1	2

[block]
# block no. 3 follows, 2771 sequences, length 42
# corresponding to MSA columns:
# 547-581,583-589
name=unknown_D
#
# <colnr> <probs for GDERKNQSTAVLIFYWHMCP>
#	G	D	E	R	K	N	Q	S	T	A	V	L	I	F	Y	W	H	M	C	P
0	0.17676	0.11683	0.07884	0.35217	0.07770	0.09047	0.01783	0.01534	0.00236	0.00719	0.00021	0.00308	0.00017	0.00013	0.00013	3.9e-05	0.05407	9.5e-05	0.00438	0.00222
1	0.00495	0.00019	0.00025	0.00020	0.00028	0.00312	0.00016	0.00897	0.01520	0.69824	0.03883	0.04688	0.00911	0.09928	0.01121	0.00425	0.00010	0.00538	0.05320	0.00018
2	0.00789	0.51741	0.12136	0.00242	0.01087	0.01512	0.04382	0.13093	0.00971	0.05350	0.01095	0.00865	0.03463	0.00013	0.00011	3.3e-05	0.01096	0.01627	0.00508	0.00017
3	0.07248	0.00018	0.00023	0.00019	0.00026	0.00017	0.00015	0.00564	0.00303	0.54875	0.02252	0.15400	0.02861	0.04598	0.00015	4.4e-05	9.5e-05	0.02450	0.09285	0.00017
4	0.97658	0.00024	0.00019	0.00017	0.00024	0.00028	0.00014	0.00811	0.00022	0.00663	0.00624	0.00021	0.00014	0.00012	7.8e-05	3.9e-05	9.7e-05	6.9e-05	7.9e-05	0.00014
5	0.00018	0.00013	0.00015	0.00015	0.00018	0.00012	0.00011	0.00023	0.00435	0.03037	0.54353	0.02152	0.39037	0.00028	0.00015	4.1e-05	6.3e-05	0.00381	0.00416	0.00012
6	0.00020	0.00015	0.00428	0.00021	0.00024	0.00014	0.02520	0.00709	0.00031	0.00394	0.36375	0.00119	0.00412	0.00345	0.00016	5e-05	9.7e-05	0.58517	0.00012	0.00012
7	0.00015	0.00013	0.00013	0.00013	0.00017	0.00011	9.7e-05	0.00018	0.00029	0.00034	0.04632	0.04615	0.90475	0.00032	0.00015	4.2e-05	6.4e-05	0.00027	0.00012	0.00011
8	0.00047	0.00035	0.00037	0.00029	0.00038	0.00038	0.00024	0.93369	0.06132	0.00077	0.00031	0.00031	0.00022	0.00015	0.00013	3.8e-05	0.00014	0.00011	0.00013	0.00021
9	0.01672	0.00021	0.00029	0.00022	0.00032	0.00019	0.00018	0.00061	0.00036	0.97878	0.00049	0.00042	0.00031	0.00015	0.00012	3.9e-05	0.00011	0.00012	0.00015	0.00021
10	0.00048	0.00035	0.00038	0.00029	0.00039	0.00039	0.00024	0.99441	0.00059	0.00079	0.00030	0.00030	0.00021	0.00015	0.00013	3.8e-05	0.00014	0.00011	0.00013	0.00021
11	0.00027	0.00027	0.00038	0.00033	0.00033	0.00038	0.00027	0.00030	0.00019	0.00030	0.00016	0.00027	0.00016	0.00022	0.00041	5.5e-05	0.99538	0.00011	5.5e-05	0.00014
12	0.00047	0.00060	0.00035	0.00032	0.00039	0.99510	0.00024	0.00050	0.00035	0.00031	0.00019	0.00023	0.00016	0.00013	0.00011	3.2e-05	0.00023	8.1e-05	6.4e-05	0.00014
13	0.00219	0.00305	0.00026	0.00205	0.00553	0.00556	0.00528	0.01188	0.00296	0.03449	0.00628	0.02344	0.00021	0.00011	9.8e-05	2.1e-05	0.00419	0.00252	7.9e-05	0.88980
14	0.00224	0.00015	0.00020	0.00019	0.00022	0.00016	0.00014	0.00370	0.00294	0.10620	0.10983	0.00298	0.01055	0.25609	0.27611	0.00231	0.04130	0.11332	0.00409	0.06728
15	0.01276	0.05345	0.22181	0.01123	0.02077	0.00510	0.09116	0.02481	0.01519	0.06347	0.00223	0.03066	0.00197	0.02455	0.20573	0.00792	0.04335	0.00915	0.00466	0.15005
16	0.00032	0.90625	0.00698	0.00021	0.00031	0.00047	0.00021	0.00036	0.00025	0.00029	0.00019	0.00023	0.00017	0.01583	0.05966	3.9e-05	0.00793	7.3e-05	5.5e-05	0.00016
17	0.00047	0.00060	0.00035	0.00032	0.00039	0.99510	0.00024	0.00050	0.00035	0.00031	0.00019	0.00023	0.00016	0.00013	0.00011	3.2e-05	0.00023	8.1e-05	6.4e-05	0.00014
18	0.99649	0.00024	0.00018	0.00016	0.00024	0.00028	0.00014	0.00037	0.00021	0.00056	0.00017	0.00020	0.00014	0.00012	7.7e-05	3.9e-05	9.7e-05	6.8e-05	7.7e-05	0.00014
19	0.00015	0.00013	0.00013	0.00013	0.00017	0.00011	9.6e-05	0.00018	0.00029	0.00034	0.02608	0.01809	0.94128	0.00699	0.00015	4.3e-05	6.4e-05	0.00536	0.00012	0.00011
20	0.00031	0.00030	0.00051	0.00077	0.99483	0.00030	0.00038	0.00038	0.00028	0.00041	0.00024	0.00031	0.00020	0.00011	0.00012	3.7e-05	0.00015	0.00011	6.2e-05	0.00020
21	0.00017	0.00012	0.00014	0.00014	0.00015	0.00012	8.7e-05	0.00019	0.00021	0.00377	0.05000	0.13599	0.12793	0.66170	0.01025	9.7e-05	0.00011	0.00388	0.00485	8.6e-05
22	0.00018	0.00012	0.00014	0.00014	0.00014	0.00012	7.9e-05	0.00018	0.00019	0.00025	0.01493	0.02614	0.05598	0.89286	0.00059	0.00011	0.00012	0.00758	8e-05	7.9e-05
23	0.32453	0.09386	0.00032	0.00319	0.00302	0.15697	0.00827	0.25923	0.00751	0.11318	0.00283	0.00027	0.00019	0.00232	0.01861	0.00311	0.00014	9.1e-05	0.00218	0.00017
24	0.16613	0.01542	0.02840	0.10186	0.05621	0.04229	0.00779	0.18730	0.01362	0.17416	0.00882	0.00270	0.03464	0.00014	0.00200	0.00188	0.03082	0.00011	0.00604	0.11968
25	0.14529	0.39149	0.09318	0.01447	0.03890	0.09561	0.07667	0.02847	0.02558	0.02036	0.00403	0.00746	0.00194	0.01025	0.02681	3.9e-05	0.01289	0.00464	0.00175	0.00016
26	0.98006	0.00855	0.00019	0.00017	0.00024	0.00028	0.00014	0.00037	0.00021	0.00866	0.00018	0.00020	0.00014	0.00012	7.8e-05	3.9e-05	9.7e-05	6.8e-05	7.8e-05	0.00014
27	0.00967	0.01762	0.06261	0.01755	0.02824	0.03105	0.02134	0.02752	0.13198	0.01463	0.03080	0.03149	0.01252	0.26413	0.19530	9.4e-05	0.07837	0.01554	0.00943	0.00013
28	0.00031	0.00030	0.00051	0.00077	0.99483	0.00030	0.00038	0.00038	0.00028	0.00041	0.00024	0.00031	0.00020	0.00011	0.00012	3.7e-05	0.00015	0.00011	6.2e-05	0.00020
29	0.00016	0.00011	0.00015	0.00018	0.00019	0.00010	0.00012	0.00018	0.00024	0.00032	0.01448	0.87855	0.03507	0.00970	0.00016	5.1e-05	7.5e-05	0.05993	0.00012	0.00010
30	0.01310	0.14514	0.05499	0.00607	0.01917	0.01724	0.00550	0.30702	0.04842	0.05065	0.00904	0.00906	0.00022	0.00206	0.00011	3.1e-05	0.00650	9.8e-05	0.00417	0.30139
31	0.00737	0.76044	0.07977	0.00590	0.03329	0.00475	0.01574	0.01906	0.01239	0.03171	0.00356	0.00263	0.00270	0.00011	9.1e-05	2.9e-05	0.00240	7.8e-05	6e-05	0.01790
32	0.01277	0.16652	0.43688	0.00555	0.03513	0.01185	0.03354	0.06133	0.02435	0.17603	0.01284	0.00194	0.00541	0.00171	0.00177	0.00169	0.00416	0.00157	0.00156	0.00341
33	0.00022	0.01795	0.02653	0.01691	0.03475	0.00180	0.07180	0.00235	0.07098	0.04504	0.28933	0.19466	0.16679	0.01540	0.00372	0.01061	0.00188	0.02579	0.00338	0.00013
34	0.00387	0.00058	0.84672	0.00035	0.00052	0.00028	0.06012	0.00507	0.00651	0.01590	0.00027	0.03630	0.02268	0.00013	0.00012	4e-05	0.00018	0.00011	6e-05	0.00018
35	0.01987	0.19530	0.18507	0.03184	0.04519	0.04644	0.03788	0.02289	0.01221	0.14419	0.00912	0.17316	0.00544	0.01816	0.02357	4.4e-05	0.00873	0.01787	0.00289	0.00016
36	0.00569	0.02343	0.40450	0.08662	0.09981	0.00452	0.09977	0.02722	0.00579	0.17361	0.00536	0.03016	0.00210	0.00014	0.00242	0.00179	0.00401	0.02278	7.9e-05	0.00018
37	0.00015	0.00013	0.00013	0.00013	0.00017	0.00011	9.8e-05	0.00018	0.00029	0.00479	0.04121	0.03168	0.90785	0.00446	0.00015	4.3e-05	6.4e-05	0.00814	0.00012	0.00011
38	0.00026	0.00355	0.91981	0.00036	0.00053	0.01960	0.02213	0.00842	0.00748	0.01058	0.00023	0.00308	0.00316	0.00012	0.00012	3.9e-05	0.00018	9.5e-05	5.6e-05	0.00018
39	0.00930	0.07874	0.13432	0.06296	0.07321	0.02961	0.10009	0.04067	0.02097	0.40873	0.00442	0.00776	0.00465	0.00165	0.00678	4e-05	0.01049	0.00256	0.00289	0.00019
40	0.05971	0.00277	0.09270	0.02913	0.03169	0.00017	0.02737	0.00262	0.01154	0.05054	0.04179	0.34047	0.08622	0.00846	0.12565	0.00996	0.01946	0.05588	0.00374	0.00013
41	0.00017	0.00012	0.00015	0.00017	0.00019	0.00011	0.00012	0.00020	0.00844	0.00619	0.10010	0.45925	0.22484	0.03416	0.03861	5.6e-05	8.6e-05	0.12107	0.00585	0.00011

[dist]
# distance from previous block
# <min> <max>
5	48

[block]
# block no. 4 follows, 2771 sequences, length 6
# corresponding to MSA columns:
# 643-648
name=unknown_E
#
# <colnr> <probs for GDERKNQSTAVLIFYWHMCP>
#	G	D	E	R	K	N	Q	S	T	A	V	L	I	F	Y	W	H	M	C	P
0	0.28632	0.03246	0.01489	0.01875	0.02198	0.05133	0.01749	0.14134	0.02957	0.14594	0.02511	0.02209	0.02123	0.01075	0.01695	4.1e-05	0.03117	0.02204	0.01530	0.07526
1	0.06958	0.09707	0.14399	0.01745	0.05491	0.03857	0.05418	0.07881	0.08422	0.18674	0.02111	0.02734	0.02957	0.01266	0.01084	4.1e-05	0.02363	0.01352	0.01127	0.02449
2	0.12267	0.14215	0.10801	0.03051	0.05776	0.10642	0.04907	0.04735	0.02853	0.10200	0.01589	0.03678	0.01307	0.01001	0.02234	4.1e-05	0.02874	0.00918	0.00896	0.06052
3	0.00019	0.00014	0.00017	0.00017	0.00020	0.00013	0.01673	0.01716	0.01234	0.03644	0.13161	0.29243	0.28783	0.01963	0.01291	0.04383	0.01295	0.01371	0.08764	0.01379
4	0.80455	0.00025	0.03628	0.02144	0.02502	0.00027	0.00016	0.02542	0.00024	0.03097	0.03273	0.02181	0.00019	0.00013	8.8e-05	3.9e-05	0.00010	8.5e-05	8.2e-05	0.00014
5	0.02353	0.01068	0.04625	0.23966	0.20498	0.02984	0.08893	0.02706	0.04849	0.05857	0.02725	0.02419	0.01263	0.01071	0.01771	4.4e-05	0.07427	0.01181	0.02232	0.02109

[dist]
# distance from previous block
# <min> <max>
3	24

[block]
# block no. 5 follows, 2771 sequences, length 10
# corresponding to MSA columns:
# 682-691
name=unknown_F
#
# <colnr> <probs for GDERKNQSTAVLIFYWHMCP>
#	G	D	E	R	K	N	Q	S	T	A	V	L	I	F	Y	W	H	M	C	P
0	0.18183	0.17863	0.16241	0.06844	0.02902	0.06639	0.08034	0.02961	0.01339	0.04629	0.01447	0.02924	0.00865	0.03140	0.01541	0.00821	0.01486	0.00741	0.00551	0.00849
1	0.00955	0.05545	0.05546	0.40481	0.14744	0.03026	0.03912	0.02177	0.02252	0.04899	0.00891	0.03517	0.01688	0.00746	0.00851	4.1e-05	0.02682	0.00645	0.00586	0.04854
2	0.00018	0.03281	0.00021	0.00020	0.00022	0.00016	0.00015	0.00023	0.00020	0.00029	0.00034	0.03571	0.00033	0.02794	0.90019	0.00019	0.00031	0.00014	6.9e-05	0.00011
3	0.01553	0.00581	0.03040	0.08229	0.03772	0.00768	0.02404	0.02384	0.02788	0.07354	0.18355	0.14273	0.29323	0.00606	0.00890	4.4e-05	0.00594	0.02246	0.00821	0.00013
4	0.04186	0.12590	0.24248	0.07331	0.05508	0.07266	0.11408	0.03324	0.02662	0.09667	0.05572	0.00760	0.00686	0.00958	0.00013	3.9e-05	0.03099	0.00692	7.7e-05	0.00017
5	0.00573	0.00920	0.04434	0.03385	0.00622	0.00618	0.04693	0.03388	0.00650	0.05846	0.00628	0.00721	0.01278	0.28836	0.14728	0.01735	0.25674	0.00710	0.00549	0.00012
6	0.00020	0.00013	0.00017	0.00017	0.00020	0.00949	0.00013	0.01040	0.01195	0.07481	0.09265	0.55336	0.06552	0.01592	0.07558	5.9e-05	9.6e-05	0.01700	0.07206	0.00012
7	0.01660	0.01002	0.04120	0.02589	0.35877	0.00851	0.05578	0.02176	0.02343	0.05053	0.11610	0.13164	0.06275	0.00696	0.00950	4.3e-05	0.00879	0.04244	0.00913	0.00016
8	0.06496	0.04127	0.03882	0.08798	0.10891	0.07292	0.09227	0.25011	0.03285	0.12625	0.00731	0.00705	0.00023	0.00621	0.00639	4e-05	0.02648	0.00795	0.00628	0.01574
9	0.01114	0.00025	0.00715	0.00779	0.00989	0.00783	0.00678	0.21800	0.36892	0.11171	0.03404	0.03672	0.02498	0.04043	0.03536	4.9e-05	0.00653	0.00583	0.03296	0.03364

[dist]
# distance from previous block
# <min> <max>
2	13

[block]
# block no. 6 follows, 2771 sequences, length 29
# corresponding to MSA columns:
# 772,773,775-797,803-805,807
name=unknown_G
#
# <colnr> <probs for GDERKNQSTAVLIFYWHMCP>
#	G	D	E	R	K	N	Q	S	T	A	V	L	I	F	Y	W	H	M	C	P
0	0.01707	0.32771	0.02084	0.13351	0.03261	0.09204	0.01156	0.20354	0.06337	0.01296	0.00280	0.01561	0.00245	0.00014	0.01044	3.6e-05	0.00344	0.00267	7.9e-05	0.04713
1	0.00017	0.01047	0.00016	0.00017	0.00018	0.00012	0.01013	0.01372	0.00024	0.00575	0.00062	0.74820	0.00561	0.18279	0.00578	6.4e-05	8.6e-05	0.00812	0.00753	0.00010
2	0.02215	0.18761	0.14571	0.07371	0.15823	0.03926	0.05340	0.16013	0.04220	0.06868	0.00343	0.00354	0.00020	0.00459	0.00239	3.7e-05	0.01594	0.00010	0.00493	0.01374
3	0.82061	0.03775	0.00926	0.01885	0.02546	0.03564	0.00358	0.01876	0.00375	0.00703	0.00018	0.00022	0.00014	0.00012	0.00287	0.00277	0.00637	7.3e-05	7.6e-05	0.00648
4	0.00017	0.00013	0.00017	0.00496	0.02179	0.00012	0.00372	0.00021	0.00455	0.00538	0.04531	0.52535	0.12439	0.01366	0.02881	0.00702	9.1e-05	0.21019	0.00388	0.00011
5	0.00029	0.00339	0.00784	0.22431	0.54843	0.02019	0.00746	0.00734	0.06227	0.00387	0.00314	0.00486	0.00290	0.00013	0.00015	4e-05	0.08201	0.00011	0.00409	0.01717
6	0.00017	0.00013	0.00015	0.00015	0.00018	0.00011	0.00011	0.00021	0.00031	0.00867	0.44517	0.05962	0.45473	0.00537	0.00015	4.2e-05	6.4e-05	0.01919	0.00536	0.00011
7	0.04794	0.00015	0.00019	0.00017	0.00021	0.00014	0.00013	0.00605	0.00651	0.19192	0.66723	0.02426	0.01757	0.00426	0.00014	3.9e-05	7.1e-05	0.00020	0.03268	0.00014
8	0.00017	0.00012	0.00016	0.00016	0.00019	0.00011	0.00012	0.00021	0.00754	0.01256	0.32994	0.46112	0.14105	0.00645	0.00977	4.7e-05	0.00483	0.02044	0.00491	0.00011
9	0.00033	0.99568	0.00066	0.00021	0.00032	0.00049	0.00021	0.00037	0.00025	0.00029	0.00017	0.00020	0.00016	0.00011	8e-05	2.7e-05	0.00013	6.7e-05	5.3e-05	0.00016
10	0.07443	0.00016	0.01264	0.00016	0.00020	0.00016	0.00012	0.01886	0.09825	0.10447	0.01064	0.08132	0.01010	0.00017	0.00010	3.4e-05	7.5e-05	0.00014	0.58341	0.00456
11	0.03058	0.00022	0.00029	0.00022	0.00032	0.00020	0.00018	0.05986	0.00037	0.88552	0.00047	0.00041	0.00030	0.00015	0.00012	3.8e-05	0.00011	0.00012	0.02031	0.00021
12	0.00040	0.00729	0.01331	0.00031	0.00036	0.68984	0.00600	0.00504	0.00031	0.00030	0.00019	0.00025	0.00017	0.00017	0.00682	0.06094	0.20800	8.9e-05	6.2e-05	0.00014
13	0.99649	0.00024	0.00018	0.00016	0.00024	0.00028	0.00014	0.00037	0.00021	0.00056	0.00017	0.00020	0.00014	0.00012	7.7e-05	3.9e-05	9.7e-05	6.8e-05	7.7e-05	0.00014
14	0.01601	0.00023	0.00030	0.00023	0.00033	0.00021	0.00019	0.13877	0.00039	0.84126	0.00046	0.00040	0.00029	0.00015	0.00012	3.9e-05	0.00011	0.00012	0.00015	0.00021
15	0.01969	0.00514	0.00030	0.00024	0.00033	0.01015	0.00758	0.11895	0.27354	0.53706	0.00781	0.01368	0.00032	0.00016	0.00013	4e-05	0.00011	0.00013	0.00444	0.00020
16	0.00032	0.00023	0.00027	0.00023	0.00029	0.00025	0.00019	0.37572	0.04427	0.05552	0.04173	0.00044	0.00031	0.02918	0.41726	0.01642	0.01228	0.00013	0.00480	0.00016
17	0.05872	0.03968	0.05518	0.07825	0.13401	0.05038	0.04565	0.10884	0.06110	0.11141	0.03820	0.00473	0.00474	0.01859	0.01919	0.00211	0.13996	0.00929	0.00364	0.01634
18	0.00022	0.00015	0.00018	0.00017	0.00021	0.00015	0.00013	0.06879	0.07237	0.06104	0.31828	0.16420	0.23541	0.02139	0.00409	0.00709	7.6e-05	0.00393	0.03898	0.00315
19	0.08218	0.00021	0.00027	0.00021	0.00030	0.00020	0.00017	0.05638	0.00874	0.72379	0.06075	0.01552	0.02509	0.00017	0.00012	3.9e-05	0.00010	0.01184	0.01370	0.00019
20	0.00934	0.00025	0.02073	0.05604	0.06704	0.02829	0.01380	0.06052	0.02927	0.05306	0.02805	0.00309	0.00383	0.00012	0.00011	2.7e-05	0.02436	0.00260	8.2e-05	0.59938
21	0.00446	0.04780	0.14281	0.14030	0.08220	0.08300	0.07523	0.08675	0.04086	0.09275	0.02076	0.02444	0.02010	0.01792	0.01077	4.3e-05	0.05614	0.03364	0.00333	0.01671
22	0.00024	0.00014	0.00018	0.00017	0.00021	0.00013	0.00013	0.00553	0.02378	0.16449	0.47462	0.20366	0.10896	0.00448	0.00015	4.2e-05	7.2e-05	0.00877	0.00411	0.00013
23	0.00018	0.00012	0.00015	0.00015	0.00016	0.00012	9.4e-05	0.00529	0.00020	0.00027	0.00046	0.21883	0.00715	0.66618	0.07052	0.01119	0.00013	0.01865	8.5e-05	8.5e-05
24	0.02003	0.06269	0.09157	0.24944	0.07104	0.01799	0.03113	0.06253	0.05463	0.18128	0.00721	0.03233	0.00244	0.00547	0.00632	0.04548	0.04754	0.00012	0.00203	0.00873
25	0.01091	0.25194	0.39779	0.07757	0.00970	0.00810	0.02353	0.03807	0.01618	0.14708	0.00475	0.00522	0.00304	0.00013	0.00275	3.7e-05	0.00015	0.00280	7.4e-05	0.00018
26	0.00021	0.01016	0.00843	0.00019	0.00021	0.00013	0.00605	0.01048	0.00907	0.11625	0.02026	0.74710	0.00652	0.01491	0.01412	5.2e-05	8.5e-05	0.02646	0.00919	0.00012
27	0.77003	0.03656	0.07271	0.00725	0.01251	0.04338	0.00390	0.00521	0.00023	0.00370	0.00020	0.01976	0.01017	0.00012	8.7e-05	3.8e-05	0.00341	7.9e-05	7.5e-05	0.01057
28	0.00663	0.00767	0.00494	0.00022	0.00031	0.00019	0.00018	0.00387	0.03798	0.84420	0.04044	0.00581	0.00658	0.03409	0.00014	4.2e-05	0.00010	0.00013	0.00629	0.00020

[dist]
# distance from previous block
# <min> <max>
2	3

[block]
# block no. 7 follows, 2771 sequences, length 72
# corresponding to MSA columns:
# 812,814-823,828-832,836-848,851,854-876,882-896,898-901
name=unknown_H
#
# <colnr> <probs for GDERKNQSTAVLIFYWHMCP>
#	G	D	E	R	K	N	Q	S	T	A	V	L	I	F	Y	W	H	M	C	P
0	0.00639	0.01730	0.02583	0.00405	0.00751	0.00615	0.00559	0.03493	0.09481	0.00540	0.21182	0.02993	0.43948	0.03609	0.03952	5.1e-05	0.02964	0.00307	0.00232	0.00013
1	0.00513	0.00168	0.03464	0.01136	0.01892	0.00373	0.00217	0.06549	0.16381	0.22300	0.26162	0.02081	0.01450	0.01245	0.00119	3.9e-05	0.00114	0.00800	0.04919	0.10112
2	0.00016	0.00013	0.00254	0.00216	0.00019	0.00143	0.00012	0.00188	0.01079	0.00257	0.05683	0.17188	0.61454	0.01104	0.01949	4.9e-05	0.00750	0.09649	0.00012	0.00011
3	0.48539	0.00031	0.00026	0.00023	0.00029	0.19753	0.00019	0.04245	0.00026	0.05616	0.00021	0.00026	0.00017	0.01973	0.02360	4.5e-05	0.16550	8.6e-05	0.00719	0.00014
4	0.01514	0.14750	0.03554	0.00358	0.00030	0.18798	0.00019	0.02896	0.10835	0.19279	0.15579	0.00044	0.01450	0.00016	0.00154	3.6e-05	0.01137	0.00294	0.09272	0.00016
5	0.00207	0.07435	0.29290	0.03156	0.07353	0.07245	0.09536	0.15401	0.07084	0.06534	0.00254	0.01916	0.00433	0.00014	0.00357	3.9e-05	0.03466	0.00126	0.00171	0.00018
6	0.00971	0.00022	0.00026	0.00019	0.00030	0.00541	0.00633	0.00311	0.00248	0.02645	0.00023	0.00382	0.00019	9.6e-05	9.4e-05	2e-05	9.4e-05	7.7e-05	7.7e-05	0.94084
7	0.00039	0.53419	0.00051	0.00326	0.00285	0.42002	0.00023	0.00917	0.01848	0.00031	0.00020	0.00378	0.00310	0.00012	9.6e-05	3e-05	0.00017	0.00289	6.1e-05	0.00015
8	0.97658	0.00024	0.00019	0.00017	0.00024	0.00028	0.00014	0.00830	0.00022	0.01250	0.00018	0.00021	0.00014	0.00012	7.8e-05	3.9e-05	9.7e-05	6.9e-05	7.9e-05	0.00014
9	0.00413	0.03383	0.02452	0.03948	0.03009	0.01453	0.00703	0.01814	0.09729	0.00151	0.08387	0.32339	0.07481	0.10742	0.05544	0.00416	0.00896	0.04707	0.02419	0.00012
10	0.00045	0.00211	0.00365	0.04496	0.01543	0.90415	0.00550	0.00890	0.00035	0.00625	0.00020	0.00523	0.00017	0.00013	0.00011	3.3e-05	0.00207	8.5e-05	6.5e-05	0.00015
11	0.00015	0.00013	0.00013	0.00013	0.00017	0.00011	9.6e-05	0.00018	0.00745	0.00034	0.01110	0.00120	0.97777	0.00031	0.00015	4.2e-05	6.4e-05	0.00026	0.00012	0.00011
12	0.00047	0.00060	0.00035	0.00032	0.00039	0.99510	0.00024	0.00050	0.00035	0.00031	0.00019	0.00023	0.00016	0.00013	0.00011	3.2e-05	0.00023	8.1e-05	6.4e-05	0.00014
13	0.00030	0.29204	0.19473	0.03990	0.07913	0.01029	0.03034	0.01202	0.03091	0.07771	0.10235	0.06688	0.00034	0.00017	0.01022	0.00243	0.04530	0.00326	0.00153	0.00016
14	0.28706	0.10414	0.10834	0.01615	0.12093	0.22701	0.05198	0.00751	0.00268	0.01441	0.00172	0.00395	0.00017	0.00300	0.00137	0.00127	0.04514	0.00163	0.00139	0.00016
15	0.00221	0.00013	0.00014	0.00176	0.00017	0.00013	0.00010	0.01833	0.00198	0.03153	0.22750	0.00213	0.00648	0.00609	0.01641	3.6e-05	0.00223	0.00298	0.67954	0.00012
16	0.99649	0.00024	0.00018	0.00016	0.00024	0.00028	0.00014	0.00037	0.00021	0.00056	0.00017	0.00020	0.00014	0.00012	7.7e-05	3.9e-05	9.7e-05	6.8e-05	7.7e-05	0.00014
17	0.00050	0.00031	0.00035	0.00027	0.00037	0.00033	0.00022	0.70401	0.00931	0.27777	0.00508	0.00034	0.00025	0.00015	0.00013	3.8e-05	0.00013	0.00012	0.00013	0.00021
18	0.00029	0.00025	0.00027	0.00025	0.00031	0.00702	0.00882	0.00060	0.85522	0.00050	0.00920	0.09543	0.00494	0.00019	0.00013	4.3e-05	9.8e-05	0.01611	0.00013	0.00019
19	0.00031	0.08477	0.00516	0.00392	0.01596	0.03238	0.01054	0.04142	0.00023	0.06161	0.00267	0.00030	0.00019	0.00915	0.04086	0.00399	0.68215	0.00185	0.00241	0.00015
20	0.00292	0.00018	0.00022	0.00018	0.00025	0.00015	0.00014	0.00221	0.04989	0.00392	0.06025	0.17227	0.11276	0.00020	0.00012	3.2e-05	8.5e-05	0.05651	0.00176	0.53596
21	0.04420	0.11345	0.50579	0.05919	0.04874	0.03014	0.05571	0.02523	0.01371	0.06044	0.01006	0.00850	0.00321	0.00258	0.00226	3.9e-05	0.00823	0.00626	0.00101	0.00126
22	0.04792	0.01863	0.03850	0.03737	0.08160	0.05058	0.10569	0.08551	0.06392	0.24768	0.05818	0.06726	0.01827	0.00660	0.00417	4.1e-05	0.02082	0.01851	0.00193	0.02682
23	0.00017	0.00012	0.00015	0.00018	0.00019	0.00011	0.00012	0.00196	0.00875	0.04078	0.02919	0.82367	0.05004	0.00596	0.00016	5e-05	7.5e-05	0.03203	0.00619	0.00011
24	0.00964	0.00028	0.00747	0.08532	0.05671	0.00027	0.44979	0.07482	0.00672	0.18111	0.04198	0.00187	0.02243	0.00149	0.00014	4.1e-05	0.00016	0.02334	0.03625	0.00017
25	0.01362	0.03899	0.22056	0.08807	0.19288	0.01815	0.11455	0.02377	0.00836	0.26098	0.00443	0.00497	0.00022	0.00013	0.00258	3.9e-05	0.00732	0.00011	8.6e-05	0.00019
26	0.00036	0.00025	0.09361	0.06561	0.12479	0.00649	0.01587	0.01519	0.05819	0.36765	0.02737	0.06351	0.00781	0.05845	0.03657	0.00434	0.01180	0.03832	0.00364	0.00017
27	0.00018	0.00013	0.00017	0.00016	0.00019	0.00012	0.00012	0.00024	0.01240	0.00379	0.94106	0.00342	0.01467	0.00026	0.00015	4e-05	6.1e-05	0.01590	0.00683	0.00012
28	0.00131	0.00443	0.00404	0.12695	0.18491	0.00413	0.01985	0.00305	0.01204	0.01716	0.29405	0.22333	0.07138	0.00116	0.00122	4.3e-05	0.02384	0.00365	0.00210	0.00138
29	0.01903	0.03638	0.47567	0.04298	0.11616	0.01044	0.04619	0.02908	0.01382	0.17298	0.00582	0.00971	0.00262	0.00177	0.00573	4e-05	0.00728	0.00260	0.00150	0.00018
30	0.03237	0.00245	0.12733	0.03016	0.07451	0.10428	0.04636	0.04707	0.06234	0.02326	0.05915	0.02477	0.00659	0.00557	0.07343	5.6e-05	0.26213	0.01155	0.00648	0.00015
31	0.40696	0.02098	0.04432	0.14801	0.16875	0.06196	0.07101	0.01541	0.00261	0.00849	0.00021	0.00238	0.00216	0.00012	0.00012	0.00178	0.04312	9.3e-05	0.00135	0.00015
32	0.00534	0.00021	0.00028	0.00022	0.00030	0.00190	0.00018	0.03346	0.00035	0.83908	0.00883	0.03622	0.00033	0.00358	0.02628	4.3e-05	0.00011	0.00349	0.03959	0.00020
33	0.00208	0.80959	0.00765	0.00136	0.00033	0.01379	0.03725	0.00410	0.00852	0.02905	0.00783	0.00184	0.00311	0.00134	0.00175	3.1e-05	0.06729	0.00171	0.00121	0.00016
34	0.00018	0.00012	0.00015	0.00016	0.00019	0.00011	0.00012	0.00021	0.00028	0.03346	0.20901	0.41556	0.20759	0.04045	0.02043	5.2e-05	7.8e-05	0.05374	0.01799	0.00011
35	0.98181	0.00024	0.00019	0.00017	0.00024	0.00028	0.00014	0.00037	0.00021	0.01522	0.00018	0.00021	0.00014	0.00012	7.8e-05	3.9e-05	9.7e-05	6.9e-05	7.9e-05	0.00014
36	0.00016	0.00012	0.00014	0.00015	0.00017	0.00011	0.00010	0.00018	0.00026	0.00033	0.08112	0.30934	0.42457	0.17246	0.00359	5.9e-05	7.7e-05	0.00687	0.00011	0.00010
37	0.01680	0.00022	0.00029	0.00022	0.00032	0.00019	0.00018	0.03825	0.01320	0.89630	0.00303	0.00042	0.00031	0.00015	0.00012	3.8e-05	0.00011	0.00012	0.02951	0.00021
38	0.00019	0.00014	0.00017	0.00018	0.00018	0.01459	0.00012	0.00020	0.00021	0.00028	0.00358	0.29403	0.00052	0.46578	0.10739	0.00381	0.10252	0.00399	0.00204	9.5e-05
39	0.00033	0.99568	0.00066	0.00021	0.00032	0.00049	0.00021	0.00037	0.00025	0.00029	0.00017	0.00020	0.00016	0.00011	8e-05	2.7e-05	0.00013	6.7e-05	5.3e-05	0.00016
40	0.99649	0.00024	0.00018	0.00016	0.00024	0.00028	0.00014	0.00037	0.00021	0.00056	0.00017	0.00020	0.00014	0.00012	7.7e-05	3.9e-05	9.7e-05	6.8e-05	7.7e-05	0.00014
41	0.00033	0.99568	0.00066	0.00021	0.00032	0.00049	0.00021	0.00037	0.00025	0.00029	0.00017	0.00020	0.00016	0.00011	8e-05	2.7e-05	0.00013	6.7e-05	5.3e-05	0.00016
42	0.31712	0.00023	0.00026	0.00021	0.00030	0.00022	0.00017	0.03220	0.00345	0.64056	0.00039	0.00035	0.00025	0.00014	0.00011	3.9e-05	0.00010	0.00011	0.00361	0.00019
43	0.00033	0.99568	0.00066	0.00021	0.00032	0.00049	0.00021	0.00037	0.00025	0.00029	0.00017	0.00020	0.00016	0.00011	8e-05	2.7e-05	0.00013	6.7e-05	5.3e-05	0.00016
44	0.00024	0.00022	0.00037	0.99531	0.00086	0.00028	0.00035	0.00032	0.00025	0.00032	0.00022	0.00033	0.00017	0.00012	0.00012	4.2e-05	0.00017	0.00011	5.6e-05	0.00014
45	0.00019	0.00012	0.00015	0.00015	0.00018	0.00011	0.00788	0.00023	0.00390	0.00843	0.28844	0.33176	0.08215	0.00248	0.00014	4.1e-05	6.6e-05	0.01195	0.26154	0.00011
46	0.00016	0.00013	0.00017	0.00017	0.00020	0.00012	0.04197	0.00020	0.00341	0.00262	0.09338	0.31941	0.43703	0.00258	0.00015	4.6e-05	7.8e-05	0.09795	0.00012	0.00011
47	0.01258	0.00017	0.00023	0.00020	0.00026	0.00015	0.00017	0.00040	0.00032	0.45030	0.10445	0.07352	0.06395	0.02310	0.00015	4.6e-05	9.8e-05	0.25284	0.01689	0.00016
48	0.00019	0.00013	0.00017	0.00016	0.00019	0.00012	0.00012	0.00922	0.00390	0.03358	0.83117	0.01672	0.06928	0.00025	0.00014	3.9e-05	6.2e-05	0.00237	0.03205	0.00012
49	0.00034	0.94513	0.00064	0.00581	0.00033	0.02082	0.00021	0.00820	0.00881	0.00587	0.00018	0.00021	0.00016	0.00011	8.2e-05	2.7e-05	0.00014	6.9e-05	0.00271	0.00016
50	0.03058	0.02331	0.47922	0.02749	0.03706	0.04842	0.00754	0.04909	0.00212	0.14193	0.00143	0.00029	0.00019	0.00014	0.00136	4.1e-05	0.13874	0.00010	0.00213	0.00883
51	0.00324	0.07252	0.09276	0.05738	0.20167	0.18663	0.06895	0.02248	0.09845	0.03134	0.00187	0.09231	0.00373	0.01621	0.00507	0.00113	0.03704	0.00594	0.00111	0.00016
52	0.97231	0.00024	0.00019	0.00424	0.00025	0.00028	0.00014	0.00371	0.00022	0.01169	0.00018	0.00021	0.00014	0.00012	0.00273	3.9e-05	9.8e-05	6.9e-05	0.00303	0.00014
53	0.00753	0.03815	0.14374	0.16362	0.05283	0.30478	0.09299	0.01907	0.03869	0.06061	0.01866	0.00443	0.00388	0.00014	0.00432	3.9e-05	0.04152	0.00304	0.00182	0.00016
54	0.00019	0.00212	0.06120	0.00765	0.07060	0.00118	0.01335	0.00841	0.02072	0.00595	0.27483	0.18569	0.30799	0.00140	0.00110	0.00168	0.00116	0.01746	0.00011	0.01719
55	0.00428	0.00013	0.00017	0.00440	0.00019	0.00012	0.00012	0.00023	0.00032	0.03100	0.62223	0.04809	0.18914	0.01755	0.06737	5.3e-05	8.3e-05	0.01022	0.00420	0.00012
56	0.00035	0.80685	0.00469	0.00023	0.00245	0.12383	0.00022	0.00415	0.02143	0.00030	0.00019	0.00021	0.00017	0.00011	9.5e-05	2.9e-05	0.02797	7.2e-05	0.00463	0.00203
57	0.99649	0.00024	0.00018	0.00016	0.00024	0.00028	0.00014	0.00037	0.00021	0.00056	0.00017	0.00020	0.00014	0.00012	7.7e-05	3.9e-05	9.7e-05	6.8e-05	7.7e-05	0.00014
58	0.00033	0.99568	0.00066	0.00021	0.00032	0.00049	0.00021	0.00037	0.00025	0.00029	0.00017	0.00020	0.00016	0.00011	8e-05	2.7e-05	0.00013	6.7e-05	5.3e-05	0.00016
59	0.00546	0.02831	0.10449	0.01798	0.14201	0.00573	0.39054	0.02034	0.00253	0.05030	0.00806	0.02835	0.00289	0.03697	0.05283	5.3e-05	0.08783	0.01344	0.00171	0.00016
60	0.00015	0.00012	0.00014	0.00014	0.00018	0.00011	0.00010	0.00019	0.00922	0.00425	0.05382	0.25041	0.65484	0.00681	0.00015	4.5e-05	6.7e-05	0.01901	0.00012	0.00011
61	0.00018	0.00013	0.00017	0.00019	0.00022	0.00012	0.00015	0.00022	0.00027	0.01700	0.01591	0.44978	0.08913	0.00036	0.00016	5.3e-05	9e-05	0.42563	0.00012	0.00011
62	0.10380	0.00017	0.00022	0.00019	0.00024	0.00275	0.00015	0.01561	0.00785	0.28973	0.02730	0.02689	0.01014	0.11107	0.38328	0.00448	0.00019	0.00459	0.01119	0.00014
63	0.00267	0.00013	0.00015	0.00177	0.00221	0.00011	0.00011	0.00308	0.00615	0.03905	0.19306	0.18689	0.52968	0.01696	0.00016	4.5e-05	6.9e-05	0.01749	0.00012	0.00011
64	0.00233	0.00012	0.00014	0.00015	0.00018	0.00328	0.00011	0.01077	0.00403	0.00671	0.04497	0.27434	0.30106	0.01863	0.00916	0.05237	7.4e-05	0.04151	0.22997	0.00011
