[name]
unknown

[dist]
# distance from previous block
# <min> <max>
0	104

[block]
# block no. 0 follows, 3456 sequences, length 24
# corresponding to MSA columns:
# 139-162
name=unknown_A
#
# <colnr> <probs for GDERKNQSTAVLIFYWHMCP>
#	G	D	E	R	K	N	Q	S	T	A	V	L	I	F	Y	W	H	M	C	P
0	0.00017	0.00013	0.00016	0.00430	0.00020	0.02042	0.00014	0.00775	0.05213	0.03028	0.11045	0.08766	0.13341	0.01065	0.02471	0.00566	0.02271	0.47398	9.2e-05	0.01500
1	0.00362	0.00026	0.00030	0.00025	0.02331	0.12352	0.14171	0.19456	0.40223	0.00041	0.01326	0.01533	0.01328	0.01619	0.00012	3.4e-05	0.03719	0.00955	0.00474	0.00015
2	0.00027	0.95003	0.00052	0.00018	0.01222	0.00039	0.00017	0.01195	0.00021	0.00024	0.00014	0.00017	0.00013	9.5e-05	0.01074	2.3e-05	0.01231	5.6e-05	4.4e-05	0.00013
3	0.00480	0.00018	0.00021	0.00571	0.01649	0.01208	0.00013	0.05621	0.07714	0.00513	0.00795	0.05451	0.02811	0.00010	8.3e-05	2e-05	7.7e-05	8.4e-05	6.8e-05	0.73091
4	0.00012	0.00010	0.00011	0.00011	0.00014	8.8e-05	8.2e-05	0.00016	0.01286	0.00029	0.17077	0.09390	0.72041	0.00025	0.00012	3.4e-05	5.1e-05	0.00021	9.6e-05	8.7e-05
5	0.11681	0.00019	0.00023	0.00018	0.00026	0.00018	0.00015	0.14038	0.00030	0.73975	0.00034	0.00031	0.00022	0.00012	9.6e-05	3.1e-05	8.8e-05	9.4e-05	0.00011	0.00016
6	0.00027	0.92156	0.02315	0.00018	0.00026	0.05270	0.00018	0.00031	0.00021	0.00024	0.00014	0.00016	0.00013	8.7e-05	6.6e-05	2.2e-05	0.00011	5.5e-05	4.3e-05	0.00013
7	0.02279	0.00012	0.00015	0.00017	0.00019	0.00012	0.00014	0.02727	0.00022	0.03453	0.02248	0.09395	0.00985	0.12613	0.04717	5.5e-05	9.6e-05	0.59083	0.02365	9.2e-05
8	0.00012	8.9e-05	0.00012	0.00014	0.00014	8.3e-05	9.1e-05	0.00014	0.00019	0.00026	0.02512	0.84336	0.05983	0.05224	0.00015	4.3e-05	6e-05	0.01044	0.00731	8.1e-05
9	0.02330	0.00021	0.00022	0.00020	0.00025	0.02673	0.00015	0.02967	0.80669	0.05308	0.03188	0.00038	0.00870	0.00014	0.00010	3.3e-05	8.1e-05	0.00011	0.01791	0.00015
10	0.00020	0.00019	0.00033	0.77347	0.07983	0.00022	0.08640	0.00927	0.00634	0.01427	0.00565	0.00028	0.01301	0.00010	0.00451	3.4e-05	0.00013	9.4e-05	0.00554	0.00012
11	0.00012	0.00010	0.00011	0.00011	0.00014	8.7e-05	8.2e-05	0.00015	0.01172	0.00028	0.07993	0.15799	0.73685	0.00026	0.00012	3.5e-05	5.3e-05	0.01167	9.5e-05	8.6e-05
12	0.00755	0.00020	0.00031	0.84431	0.08100	0.05005	0.00756	0.00027	0.00021	0.00026	0.00018	0.00027	0.00014	0.00010	0.0001	3.3e-05	0.00013	0.00716	4.6e-05	0.00012
13	0.00037	0.02348	0.00029	0.00025	0.00030	0.94780	0.00019	0.00039	0.00028	0.00025	0.00016	0.02545	0.00014	0.00011	9.1e-05	2.6e-05	0.00018	7e-05	5.3e-05	0.00012
14	0.23154	0.00018	0.00021	0.00017	0.00024	0.00017	0.00014	0.02051	0.00026	0.73438	0.00033	0.00030	0.00021	0.00012	9.2e-05	3.1e-05	8.4e-05	9e-05	0.01079	0.00016
15	0.02509	0.00027	0.00034	0.02440	0.00305	0.23267	0.29829	0.12140	0.00921	0.05544	0.03138	0.05370	0.06390	0.00306	0.02219	3.5e-05	0.01448	0.00808	0.03289	0.00013
16	0.01910	0.00712	0.02505	0.14274	0.09489	0.01970	0.07551	0.08051	0.02707	0.13082	0.01096	0.05553	0.03021	0.00700	0.00278	3.7e-05	0.01302	0.24615	0.01169	0.00012
17	0.01305	0.00017	0.00351	0.15527	0.01233	0.00857	0.00448	0.04984	0.00676	0.51223	0.20425	0.00042	0.00836	0.00014	0.00010	3.2e-05	8.8e-05	0.01673	0.00354	0.00014
18	0.09272	0.00656	0.05686	0.21543	0.28487	0.08495	0.02283	0.02641	0.01267	0.00787	0.01171	0.04127	0.00019	0.01042	0.04962	3.9e-05	0.04511	0.02732	0.00302	0.00013
19	0.00022	0.00658	0.00033	0.05081	0.35298	0.02231	0.03585	0.00467	0.00020	0.00559	0.00021	0.07930	0.01361	0.00797	0.01195	3.9e-05	0.40141	0.00580	5.2e-05	0.00013
20	0.02304	0.13529	0.22843	0.05841	0.11413	0.01190	0.04983	0.06810	0.04730	0.07060	0.06012	0.02692	0.02014	0.00274	0.00584	3e-05	0.00483	0.00696	6.5e-05	0.06533
21	0.00347	0.01354	0.15588	0.01840	0.13254	0.02037	0.01782	0.13196	0.19731	0.05560	0.12678	0.00966	0.02008	0.03948	0.04495	4e-05	0.00742	0.00450	7.9e-05	0.00014
22	0.00017	0.00012	0.00015	0.00014	0.00017	0.00011	0.00010	0.00024	0.09997	0.05262	0.71141	0.06011	0.04417	0.00841	0.00012	3.3e-05	5.4e-05	0.00636	0.01546	0.00010
23	0.00341	0.16510	0.17323	0.01649	0.06303	0.02552	0.04078	0.19605	0.12687	0.02931	0.06093	0.02808	0.02561	0.00327	0.01279	3.2e-05	0.00330	0.00981	0.01386	0.00254

[dist]
# distance from previous block
# <min> <max>
0	1

[block]
# block no. 1 follows, 3456 sequences, length 26
# corresponding to MSA columns:
# 164-189
name=unknown_B
#
# <colnr> <probs for GDERKNQSTAVLIFYWHMCP>
#	G	D	E	R	K	N	Q	S	T	A	V	L	I	F	Y	W	H	M	C	P
0	0.00016	0.00012	0.00014	0.00015	0.00017	0.00011	0.00435	0.01454	0.06104	0.03908	0.23286	0.14337	0.21443	0.02440	0.00013	3.9e-05	6.7e-05	0.25489	0.00985	9.7e-05
1	0.00403	0.00018	0.01804	0.00864	0.00911	0.00706	0.00441	0.00950	0.00689	0.00429	0.01216	0.04185	0.00490	0.00262	0.03731	0.00548	0.00279	0.00458	6.2e-05	0.81610
2	0.03692	0.00020	0.00255	0.00498	0.00269	0.01675	0.00016	0.27047	0.01920	0.33232	0.01515	0.00450	0.00741	0.04100	0.09946	0.00848	0.11009	0.01144	0.00735	0.00888
3	0.01430	0.00028	0.00029	0.00023	0.00031	0.01512	0.00019	0.88687	0.03959	0.04145	0.00025	0.00025	0.00018	0.00012	0.0001	3e-05	0.00011	9.1e-05	0.00010	0.00017
4	0.00842	0.00372	0.00036	0.09054	0.64542	0.18559	0.00027	0.01085	0.03023	0.00606	0.00387	0.00025	0.00415	0.00010	0.00645	3e-05	0.00013	0.00335	5.3e-05	0.00015
5	0.00015	0.00012	0.01249	0.00439	0.02488	0.00011	0.01144	0.00813	0.02491	0.00944	0.12426	0.34653	0.21834	0.02045	0.01404	4.1e-05	7.1e-05	0.18003	9.2e-05	9.2e-05
6	0.00023	0.00022	0.00035	0.12023	0.64525	0.02299	0.01416	0.00881	0.03806	0.00372	0.08219	0.03476	0.01439	0.00011	0.00010	3.1e-05	0.00011	0.00655	0.00761	0.00014
7	0.00993	0.00292	0.15852	0.10653	0.18829	0.00848	0.02103	0.02472	0.03238	0.11161	0.20049	0.05580	0.04083	0.00347	0.00290	0.00294	0.01016	0.01400	0.00488	0.00013
8	0.04580	0.02284	0.17962	0.05614	0.02327	0.08990	0.01900	0.19223	0.00435	0.31828	0.00026	0.00026	0.00018	0.00358	0.00416	0.01554	0.02156	8.7e-05	0.00279	0.00015
9	0.00013	0.00010	0.00011	0.00011	0.00014	9e-05	8.4e-05	0.00016	0.01989	0.00029	0.15573	0.06219	0.73729	0.00025	0.00012	3.4e-05	5.2e-05	0.02304	9.6e-05	8.8e-05
10	0.00523	0.00015	0.00019	0.00016	0.00022	0.00013	0.00013	0.01641	0.05420	0.56125	0.06288	0.25791	0.02171	0.00018	0.00011	3.4e-05	7.5e-05	0.00659	0.01230	0.00014
11	0.01478	0.13592	0.26303	0.08392	0.20664	0.10777	0.08722	0.02521	0.01161	0.03770	0.00521	0.00522	0.00282	0.00010	0.00319	3e-05	0.00433	0.00512	5.2e-05	0.00014
12	0.00013	0.00010	0.00012	0.00012	0.00014	9.1e-05	8.7e-05	0.00017	0.00848	0.01328	0.38518	0.08561	0.48856	0.00906	0.00012	3.4e-05	5.2e-05	0.00846	0.00010	9e-05
13	0.00013	9e-05	0.00012	0.00014	0.00015	8.4e-05	9.4e-05	0.00014	0.00019	0.00026	0.00055	0.86876	0.02267	0.05548	0.00015	4.4e-05	6.2e-05	0.05072	9.1e-05	8.1e-05
14	0.00344	0.00022	0.03646	0.01456	0.53651	0.00395	0.10990	0.00776	0.01972	0.05019	0.08762	0.06724	0.00472	0.03185	0.00812	3.5e-05	0.00709	0.00262	0.00787	0.00014
15	0.00618	0.14422	0.28036	0.12692	0.07199	0.08705	0.10385	0.05423	0.01984	0.07085	0.00020	0.00552	0.00016	0.00357	0.0001	3.1e-05	0.01517	0.00957	5.6e-05	0.00014
16	0.00021	0.00047	0.79894	0.00940	0.10507	0.01669	0.03537	0.00473	0.00663	0.00032	0.00018	0.00463	0.00014	9.7e-05	0.00010	3.2e-05	0.01672	7.9e-05	4.5e-05	0.00015
17	0.95865	0.00020	0.00968	0.00014	0.00020	0.00943	0.00011	0.01140	0.00018	0.00910	0.00014	0.00017	0.00011	9.4e-05	6.3e-05	3.1e-05	8e-05	5.5e-05	6.3e-05	0.00011
18	0.00014	0.00010	0.00014	0.00014	0.00015	0.00012	0.00010	0.00017	0.00016	0.00022	0.00029	0.01647	0.00030	0.34177	0.63911	0.00014	0.00021	0.00012	5.7e-05	8e-05
19	0.00012	0.00010	0.00011	0.00011	0.00014	8.7e-05	7.9e-05	0.00015	0.00819	0.00029	0.11749	0.03244	0.83202	0.00809	0.00012	3.4e-05	5.1e-05	0.00021	9.5e-05	8.6e-05
20	0.02767	0.03389	0.13336	0.15157	0.22009	0.03139	0.03182	0.04958	0.06025	0.14859	0.01696	0.06196	0.00601	0.00500	0.00011	0.00577	0.01039	0.00010	0.00536	0.00014
21	0.25358	0.33653	0.03799	0.00591	0.02454	0.14017	0.00860	0.14004	0.00603	0.01650	0.00627	0.00019	0.00014	0.00010	0.00346	2.8e-05	0.01966	6.6e-05	5.9e-05	0.00013
22	0.00016	0.00011	0.00015	0.00014	0.00016	0.00012	0.00620	0.01083	0.00626	0.02501	0.09398	0.01033	0.02022	0.27724	0.49362	0.03029	0.00405	0.00559	0.01546	8.4e-05
23	0.00594	0.03940	0.26169	0.04550	0.18534	0.10633	0.04822	0.08989	0.06459	0.06085	0.03065	0.03480	0.00618	0.00415	0.00612	3.2e-05	0.00725	0.00286	6.4e-05	0.00014
24	0.00258	0.01820	0.09721	0.03148	0.04351	0.00671	0.02518	0.01626	0.05270	0.01886	0.40223	0.03418	0.12050	0.06856	0.04261	0.00333	0.00480	0.00558	0.00216	0.00336
25	0.01580	0.02436	0.19818	0.00821	0.11301	0.02167	0.02058	0.05387	0.04745	0.04579	0.18008	0.02800	0.18771	0.00752	0.02113	3.5e-05	0.01152	0.01093	7.8e-05	0.00409

[dist]
# distance from previous block
# <min> <max>
1	39

[block]
# block no. 2 follows, 3456 sequences, length 10
# corresponding to MSA columns:
# 229-238
name=unknown_C
#
# <colnr> <probs for GDERKNQSTAVLIFYWHMCP>
#	G	D	E	R	K	N	Q	S	T	A	V	L	I	F	Y	W	H	M	C	P
0	0.22005	0.02377	0.02113	0.07512	0.17008	0.01889	0.07700	0.08648	0.01932	0.03723	0.00568	0.01034	0.00568	0.00782	0.01117	3e-05	0.00598	0.00557	0.00545	0.19322
1	0.00716	0.04451	0.10430	0.02872	0.02439	0.05777	0.07912	0.09125	0.14401	0.02218	0.11395	0.04828	0.07958	0.05329	0.02366	3.9e-05	0.01121	0.05247	0.00559	0.00852
2	0.00014	0.00010	0.00012	0.00013	0.00015	9.3e-05	9.1e-05	0.01105	0.01605	0.02163	0.05861	0.38128	0.41374	0.03179	0.01674	4.1e-05	6.2e-05	0.03754	0.01055	8.8e-05
3	0.00022	0.01286	0.11159	0.25213	0.21261	0.02842	0.01194	0.05752	0.10622	0.01115	0.09320	0.01055	0.02404	0.00723	0.03285	3.7e-05	0.01869	0.00855	6.5e-05	0.00013
4	0.00014	0.00010	0.00012	0.00012	0.00015	9.1e-05	8.9e-05	0.00017	0.00025	0.02705	0.39868	0.11542	0.41061	0.01598	0.00012	3.5e-05	5.3e-05	0.01603	0.01471	9.1e-05
5	0.01388	0.03223	0.14112	0.00864	0.03306	0.01946	0.08028	0.08798	0.12576	0.13941	0.02959	0.00908	0.01209	0.13260	0.08432	0.02204	0.00972	0.01196	0.00666	0.00013
6	0.00013	9.5e-05	0.00012	0.00014	0.00015	9e-05	9.7e-05	0.00016	0.03358	0.00026	0.00054	0.86953	0.01853	0.02347	0.00014	4.1e-05	6.1e-05	0.03071	9.2e-05	0.02207
7	0.00026	0.00024	0.00039	0.03733	0.82760	0.02845	0.01970	0.01391	0.01285	0.04539	0.00020	0.00025	0.00016	9.4e-05	0.00010	3e-05	0.01273	9e-05	5.4e-05	0.00016
8	0.00015	0.00012	0.00016	0.00016	0.00018	0.03352	0.00012	0.00019	0.01843	0.00024	0.00027	0.00040	0.00025	0.03922	0.87182	0.01751	0.00025	0.00011	0.01680	9e-05
9	0.25896	0.19697	0.00617	0.00896	0.06433	0.03653	0.00932	0.04254	0.03998	0.01294	0.03422	0.01920	0.00776	0.10510	0.08872	4.8e-05	0.05095	0.00624	0.00548	0.00558

[dist]
# distance from previous block
# <min> <max>
3	11

[block]
# block no. 3 follows, 3456 sequences, length 61
# corresponding to MSA columns:
# 250-310
name=unknown_D
#
# <colnr> <probs for GDERKNQSTAVLIFYWHMCP>
#	G	D	E	R	K	N	Q	S	T	A	V	L	I	F	Y	W	H	M	C	P
0	0.00646	0.00021	0.00200	0.22063	0.05351	0.02676	0.01701	0.17028	0.00394	0.06719	0.00021	0.00024	0.00197	9.5e-05	9.1e-05	2.5e-05	0.00856	7.8e-05	0.00794	0.41282
1	0.00160	0.00014	0.00018	0.01212	0.02097	0.00236	0.00012	0.11227	0.01366	0.15762	0.59194	0.02605	0.05101	0.00277	0.00011	3.2e-05	6.5e-05	0.00335	0.00190	0.00174
2	0.00012	0.00010	0.00010	0.00010	0.00014	8.6e-05	7.8e-05	0.00015	0.00401	0.00028	0.05664	0.02650	0.88970	0.01847	0.00013	3.5e-05	5.2e-05	0.00313	9.4e-05	8.5e-05
3	0.00160	0.01165	0.18340	0.15088	0.07002	0.08161	0.04786	0.12078	0.16535	0.07923	0.01073	0.00200	0.00019	0.00271	0.00784	3.3e-05	0.03454	0.00590	0.02353	0.00014
4	0.41225	0.02608	0.18223	0.04179	0.08664	0.03966	0.03204	0.06179	0.03949	0.02148	0.00298	0.01033	0.00311	0.00188	0.00163	3.2e-05	0.02045	0.01143	0.00457	0.00013
5	0.00013	9.7e-05	0.00011	0.00012	0.00014	8.6e-05	8.8e-05	0.00015	0.00288	0.00596	0.07768	0.41132	0.46645	0.00702	0.00013	3.7e-05	5.5e-05	0.02738	9.4e-05	8.5e-05
6	0.00738	0.02582	0.11502	0.13262	0.46123	0.00566	0.10692	0.01906	0.02375	0.02555	0.03908	0.00028	0.01497	0.00010	0.00259	3.2e-05	0.01598	0.00138	0.00242	0.00014
7	0.00020	0.00018	0.00031	0.86523	0.09371	0.00022	0.00717	0.00026	0.00020	0.01100	0.00019	0.01185	0.00015	0.00010	0.00010	3.3e-05	0.00013	0.00590	0.00294	0.00012
8	0.00014	0.00011	0.00379	0.00168	0.00247	9.3e-05	9e-05	0.00264	0.00163	0.00908	0.55315	0.02354	0.37906	0.01381	0.00474	3.4e-05	5.2e-05	0.00208	0.00173	9.1e-05
9	0.00038	0.00028	0.00030	0.00023	0.00031	0.00031	0.00019	0.94915	0.04684	0.00062	0.00025	0.00025	0.00018	0.00012	0.00010	3e-05	0.00011	9.1e-05	0.00010	0.00017
10	0.00024	0.00022	0.00036	0.24630	0.58275	0.00024	0.01223	0.02396	0.10884	0.00033	0.01563	0.00027	0.00018	0.00010	0.00010	3.1e-05	0.00563	9.4e-05	0.00237	0.00015
11	0.00747	0.00018	0.00021	0.00015	0.00024	0.00014	0.00657	0.02226	0.00021	0.00474	0.00018	0.00351	0.00015	7.7e-05	7.5e-05	1.6e-05	7.6e-05	6.2e-05	0.00535	0.94832
12	0.88287	0.00020	0.00016	0.00014	0.00021	0.00023	0.00012	0.10607	0.00020	0.00883	0.00015	0.00017	0.00012	9.6e-05	6.7e-05	3.1e-05	8.1e-05	5.9e-05	6.7e-05	0.00012
13	0.00296	0.00013	0.00020	0.35409	0.03234	0.00014	0.00950	0.00297	0.00020	0.00027	0.00367	0.52467	0.00178	0.00183	0.01551	3.9e-05	0.00352	0.01638	0.02971	9.6e-05
14	0.00019	0.00018	0.00030	0.92534	0.03048	0.00022	0.00863	0.00026	0.00948	0.00026	0.00018	0.00028	0.00014	0.01094	0.00011	3.4e-05	0.00013	0.00658	4.6e-05	0.00622
15	0.00016	0.00013	0.00235	0.03661	0.03946	0.00836	0.06254	0.01063	0.00510	0.01758	0.57996	0.01132	0.20222	0.00210	0.00938	3.4e-05	0.00266	0.00350	0.00581	0.00010
16	0.00015	0.00012	0.00017	0.00016	0.00018	0.00013	0.00013	0.04011	0.00017	0.00025	0.00027	0.00039	0.00025	0.01413	0.93689	0.00015	0.00609	0.00011	5.6e-05	9.3e-05
17	0.00029	0.00019	0.00277	0.06056	0.19628	0.00166	0.01017	0.16226	0.04798	0.23993	0.18647	0.01847	0.02204	0.00014	0.00275	3.2e-05	0.00188	0.01203	0.03397	0.00014
18	0.25093	0.01957	0.00031	0.04127	0.33405	0.05715	0.03350	0.18440	0.01312	0.04009	0.00019	0.00023	0.00015	9.9e-05	9e-05	3e-05	0.00221	8e-05	6.6e-05	0.02249
19	0.00453	0.00020	0.00027	0.06703	0.21192	0.01324	0.00381	0.19827	0.02863	0.20332	0.09328	0.00463	0.03147	0.00547	0.05924	0.02076	0.03797	0.00011	0.01235	0.00351
20	0.04003	0.28277	0.09811	0.06240	0.21286	0.08951	0.01600	0.03974	0.08079	0.05066	0.00150	0.00370	0.00142	0.00010	0.00123	2.8e-05	0.01565	7.8e-05	0.00328	0.00014
21	0.01693	0.20792	0.36918	0.00685	0.08274	0.15840	0.02114	0.04878	0.01952	0.04814	0.00154	0.00021	0.00014	9.9e-05	9.3e-05	2.9e-05	0.01532	0.00278	5.3e-05	0.00014
22	0.00532	9.6e-05	0.00012	0.00013	0.00015	8.8e-05	9.4e-05	0.00015	0.00398	0.00028	0.08476	0.52871	0.28910	0.00365	0.00013	3.9e-05	0.00269	0.08034	9.4e-05	8.5e-05
23	0.00470	0.00358	0.00376	0.04083	0.08530	0.00015	0.00214	0.00946	0.00377	0.00278	0.00157	0.00180	0.00625	7.9e-05	7.8e-05	1.8e-05	8.1e-05	6.5e-05	5.9e-05	0.83353
24	0.01329	0.00349	0.01086	0.31567	0.32929	0.00776	0.06590	0.04305	0.01833	0.00327	0.01278	0.01282	0.06179	0.00205	0.01808	0.00110	0.00796	0.01372	5.7e-05	0.05875
25	0.00015	0.00011	0.00177	0.00013	0.00015	0.00010	9.6e-05	0.00990	0.01506	0.00827	0.76200	0.03605	0.04662	0.06728	0.03209	4e-05	0.00219	0.00229	0.00010	0.01560
26	0.00129	0.00014	0.00213	0.07578	0.13383	0.01358	0.02464	0.00453	0.00021	0.02874	0.00341	0.36813	0.03344	0.02844	0.07451	0.00278	0.00697	0.19536	0.00199	0.00010
27	0.33666	0.01261	0.00025	0.01237	0.00829	0.48309	0.02758	0.06795	0.00025	0.04462	0.00017	0.00019	0.00013	0.00010	8.4e-05	2.9e-05	0.00537	6.7e-05	6.1e-05	0.00012
28	0.93297	0.00394	0.00016	0.00014	0.00020	0.05274	0.00011	0.00367	0.00018	0.00498	0.00014	0.00017	0.00011	9.4e-05	6.4e-05	3.1e-05	8.3e-05	5.5e-05	6.2e-05	0.00011
29	0.00013	9.3e-05	0.00012	0.00014	0.00015	9e-05	0.00010	0.00015	0.00284	0.00026	0.00705	0.76476	0.03989	0.00999	0.06924	5e-05	0.00308	0.10168	9e-05	8.4e-05
30	0.98382	0.00019	0.00015	0.00013	0.00019	0.00022	0.00011	0.00030	0.00017	0.01379	0.00014	0.00017	0.00011	9.4e-05	6.3e-05	3.1e-05	7.8e-05	5.5e-05	6.3e-05	0.00011
31	0.00015	0.00012	0.00013	0.00013	0.00016	0.00741	9.6e-05	0.00304	0.16156	0.00033	0.24631	0.02538	0.54697	0.00022	0.00012	3.3e-05	5.6e-05	0.00502	0.00267	0.0001
32	0.01823	0.00017	0.00022	0.00267	0.00024	0.00182	0.00364	0.11293	0.03157	0.61116	0.06502	0.04467	0.03849	0.00806	0.02615	3.6e-05	8.8e-05	0.01540	0.01927	0.00015
33	0.00012	0.00010	0.00011	0.00011	0.00014	8.7e-05	8.1e-05	0.00015	0.00024	0.00030	0.19120	0.02346	0.77858	0.00025	0.00012	3.4e-05	5.1e-05	0.00469	9.7e-05	8.7e-05
34	0.00013	9.9e-05	0.00012	0.00012	0.00014	8.8e-05	8.8e-05	0.00016	0.00024	0.00032	0.39045	0.23976	0.34947	0.00761	0.00461	3.6e-05	5.3e-05	0.00631	0.0001	8.8e-05
35	0.00037	0.00028	0.00030	0.00023	0.00031	0.00031	0.00019	0.93671	0.05357	0.00634	0.00025	0.00025	0.00018	0.00012	0.00010	3e-05	0.00011	9.2e-05	0.00010	0.00017
36	0.00025	0.00022	0.00023	0.00020	0.00026	0.00025	0.00016	0.01581	0.97472	0.00608	0.00041	0.00037	0.00030	0.00014	0.00010	3.4e-05	8e-05	0.00011	0.00010	0.00016
37	0.00035	0.00573	0.00029	0.00022	0.00030	0.05158	0.00018	0.77936	0.00652	0.00386	0.00023	0.00023	0.00017	0.00011	9.6e-05	2.8e-05	0.00011	8.4e-05	9.2e-05	0.15048
38	0.00586	0.00584	0.03597	0.07602	0.51638	0.02219	0.16146	0.07995	0.00819	0.03006	0.00617	0.00294	0.00411	0.00011	0.01410	3.3e-05	0.02736	0.00168	0.00143	0.00015
39	0.98241	0.00020	0.00015	0.00013	0.00020	0.01499	0.00011	0.00030	0.00017	0.00045	0.00014	0.00016	0.00011	9.3e-05	6.3e-05	3.1e-05	7.9e-05	5.5e-05	6.2e-05	0.00011
40	0.00013	0.00010	0.00013	0.00013	0.00015	9.1e-05	9.2e-05	0.00017	0.00026	0.00035	0.62387	0.17221	0.17995	0.00372	0.00012	3.4e-05	5.1e-05	0.01826	0.00010	9e-05
41	0.00015	0.00011	0.00015	0.00290	0.01815	0.00011	0.00446	0.00019	0.01038	0.00029	0.03661	0.21469	0.11480	0.00027	0.00013	4.3e-05	7.9e-05	0.59629	9.2e-05	9.1e-05
42	0.02835	0.01452	0.01088	0.00173	0.00290	0.00024	0.00016	0.15005	0.66196	0.04903	0.00851	0.00697	0.00187	0.00013	9.9e-05	3.2e-05	0.00221	0.00011	0.04138	0.01886
43	0.10990	0.71127	0.06887	0.00018	0.00027	0.05810	0.01498	0.00973	0.00602	0.00253	0.01176	0.00018	0.00014	9.1e-05	7e-05	2.4e-05	0.00011	5.9e-05	0.00559	0.00013
44	0.00417	0.01721	0.02976	0.34267	0.39499	0.01410	0.01410	0.03743	0.00674	0.05219	0.00572	0.00207	0.00574	0.00012	0.02153	0.00124	0.04713	0.00291	5.4e-05	0.00014
45	0.00026	0.06867	0.38187	0.01578	0.09735	0.03001	0.16982	0.01282	0.02961	0.14042	0.02315	0.00555	0.00576	0.00010	0.00010	3.1e-05	0.01609	0.00240	6.1e-05	0.00015
46	0.00044	0.00017	0.00023	0.00018	0.00025	0.00015	0.00015	0.01745	0.00029	0.93756	0.00039	0.00034	0.00025	0.00012	0.0001	3.1e-05	8.4e-05	0.00010	0.04156	0.00017
47	0.00665	0.00018	0.00409	0.72089	0.07459	0.00373	0.00633	0.01417	0.00799	0.04268	0.00704	0.03013	0.00972	0.00309	0.03677	0.00428	0.02623	0.00128	5.3e-05	0.00012
48	0.00203	0.04831	0.13365	0.10124	0.28486	0.03001	0.11899	0.05091	0.02425	0.14780	0.01014	0.01237	0.01809	0.00747	0.00010	3.2e-05	0.00217	0.00505	0.00238	0.00015
49	0.00219	0.01825	0.09477	0.06163	0.17665	0.03225	0.15546	0.02725	0.02321	0.19988	0.00358	0.17031	0.00634	0.00353	0.00160	3.4e-05	0.00529	0.01621	0.00143	0.00014
50	0.44859	0.00165	0.01337	0.02760	0.15857	0.27168	0.02600	0.01291	0.00201	0.00378	0.00016	0.00020	0.00013	9.9e-05	8.7e-05	3e-05	0.02605	0.00526	0.00170	0.00012
51	0.00014	0.00011	0.01192	0.00157	0.00561	0.0001	0.00838	0.00254	0.01199	0.01026	0.56738	0.17668	0.17600	0.00228	0.00012	3.4e-05	0.01030	0.00894	0.00554	9.4e-05
52	0.98521	0.01216	0.00015	0.00013	0.00019	0.00023	0.00011	0.00030	0.00017	0.00045	0.00014	0.00016	0.00011	9.3e-05	6.2e-05	3.1e-05	7.8e-05	5.4e-05	6.2e-05	0.00011
53	0.99718	0.00019	0.00015	0.00013	0.00019	0.00023	0.00011	0.00030	0.00017	0.00045	0.00014	0.00016	0.00011	9.3e-05	6.2e-05	3.1e-05	7.8e-05	5.4e-05	6.2e-05	0.00011
54	0.00020	0.00050	0.94986	0.00028	0.00042	0.00023	0.00650	0.00031	0.00021	0.00032	0.01752	0.00024	0.02276	0.00010	9.6e-05	3.2e-05	0.00014	7.9e-05	4.5e-05	0.00015
55	0.00014	0.00010	0.00013	0.00012	0.00015	9.2e-05	9.1e-05	0.00018	0.00026	0.00640	0.63649	0.11923	0.20947	0.00913	0.01755	3.6e-05	5.4e-05	0.00020	0.00010	9.1e-05
56	0.00012	9.3e-05	0.00011	0.00013	0.00014	8.4e-05	8.9e-05	0.00014	0.00021	0.00027	0.04739	0.59596	0.33545	0.00029	0.00013	0.00457	5.6e-05	0.01459	9.4e-05	8.3e-05
57	0.01477	0.00012	0.00014	0.00012	0.00016	0.00011	9.5e-05	0.00283	0.00023	0.30419	0.00251	0.03000	0.00671	0.01367	8.8e-05	2.7e-05	6e-05	0.00010	0.62393	0.00012
58	0.01593	0.00017	0.05658	0.04576	0.06685	0.01117	0.02162	0.07443	0.07416	0.00228	0.01943	0.02215	0.00980	0.07385	0.46955	0.00158	0.02630	0.00824	6.3e-05	0.00011
59	0.00014	0.00010	0.00013	0.00012	0.00015	9.3e-05	9.2e-05	0.00018	0.00027	0.00581	0.76758	0.00932	0.20232	0.00022	0.00012	3.2e-05	4.9e-05	0.01307	0.00011	9.3e-05
60	0.00021	0.00193	0.01456	0.00014	0.00016	0.00012	0.00010	0.06073	0.00190	0.11955	0.00251	0.00195	0.00022	0.14862	0.08489	0.55658	0.00300	0.0001	0.00264	7.5e-05

[dist]
# distance from previous block
# <min> <max>
0	0

# created by:
# /home/cegg/simao/soft/augustus-3.2.1/scripts/msa2prfl.pl ./align_prep/POG091H027A.fa
