[name]
unknown

[dist]
# distance from previous block
# <min> <max>
0	378

[block]
# block no. 0 follows, 3009 sequences, length 25
# corresponding to MSA columns:
# 440-464
name=unknown_A
#
# <colnr> <probs for GDERKNQSTAVLIFYWHMCP>
#	G	D	E	R	K	N	Q	S	T	A	V	L	I	F	Y	W	H	M	C	P
0	0.13094	0.00465	0.00625	0.00736	0.01889	0.00966	0.07127	0.05718	0.00615	0.03880	0.00426	0.00833	0.00655	0.00025	0.00651	4.7e-05	0.00289	0.60117	9.7e-05	0.01874
1	0.00697	0.00028	0.04559	0.03033	0.16221	0.05444	0.01954	0.16660	0.09020	0.16493	0.00429	0.00419	0.00023	0.00013	0.00013	3.4e-05	0.06491	0.02223	0.00287	0.15992
2	0.07744	0.00311	0.00026	0.00332	0.00655	0.29217	0.00018	0.15289	0.05503	0.16670	0.10336	0.08212	0.01639	0.00679	0.00012	3.6e-05	0.00340	0.01365	0.01195	0.00455
3	0.00260	0.06503	0.01773	0.01255	0.01101	0.04919	0.00327	0.02876	0.17472	0.01366	0.35804	0.05647	0.15781	0.01436	0.01701	4e-05	0.00734	0.00532	0.00495	0.00013
4	0.00844	0.00013	0.00016	0.00015	0.00019	0.00012	0.00012	0.01303	0.01488	0.11229	0.59466	0.04139	0.12244	0.00024	0.00015	0.06388	6.5e-05	0.01036	0.01718	0.00012
5	0.00016	0.00012	0.00014	0.00014	0.00017	0.00010	0.00010	0.00020	0.00030	0.01080	0.62705	0.15013	0.20963	0.00027	0.00014	3.8e-05	5.8e-05	0.00023	0.00012	0.00010
6	0.06400	0.00012	0.00014	0.00014	0.00017	0.00012	0.00011	0.00021	0.01370	0.00039	0.45443	0.20292	0.23542	0.00650	0.00014	4e-05	0.00571	0.01552	0.00011	0.00010
7	0.91952	0.06402	0.00020	0.01355	0.00024	0.00027	0.00013	0.00034	0.00020	0.00050	0.00016	0.00019	0.00013	0.00011	7.2e-05	3.5e-05	9.2e-05	6.3e-05	7e-05	0.00013
8	0.01723	0.00020	0.00023	0.00020	0.00026	0.00020	0.00016	0.08879	0.30932	0.29482	0.01976	0.20979	0.03404	0.00432	0.00013	4e-05	8.9e-05	0.01492	0.00534	0.00016
9	0.00698	0.00032	0.00065	0.00047	0.00058	0.04996	0.90851	0.00037	0.00027	0.00770	0.01086	0.00032	0.00019	0.00010	0.00014	3.8e-05	0.00637	0.00598	6e-05	0.00015
10	0.00020	0.00011	0.00018	0.00017	0.00018	0.00011	0.06382	0.00017	0.00016	0.00021	0.00021	0.00906	0.00021	0.02615	0.02011	0.87861	0.00011	0.00011	5.2e-05	5.9e-05
11	0.99677	0.00022	0.00017	0.00015	0.00022	0.00026	0.00012	0.00034	0.00020	0.00052	0.00016	0.00019	0.00012	0.00011	7.1e-05	3.6e-05	8.9e-05	6.2e-05	7.1e-05	0.00012
12	0.00031	0.95511	0.00059	0.00020	0.00030	0.00045	0.00020	0.00034	0.00023	0.00027	0.00016	0.00019	0.00015	0.00010	8.6e-05	2.6e-05	0.04103	6.3e-05	4.9e-05	0.00015
13	0.06407	0.00057	0.93160	0.00032	0.00048	0.00027	0.00041	0.00036	0.00024	0.00037	0.00020	0.00024	0.00014	0.00011	0.00011	3.6e-05	0.00017	8.4e-05	5e-05	0.00017
14	0.96975	0.00022	0.00017	0.00015	0.00022	0.00026	0.00013	0.00034	0.00020	0.02749	0.00017	0.00019	0.00013	0.00011	7.2e-05	3.6e-05	8.9e-05	6.4e-05	7.3e-05	0.00013
15	0.00029	0.00027	0.00047	0.00071	0.99523	0.00027	0.00035	0.00035	0.00026	0.00038	0.00022	0.00029	0.00018	0.00010	0.00011	3.4e-05	0.00014	0.00010	5.7e-05	0.00018
16	0.92926	0.00024	0.00018	0.00016	0.00023	0.04115	0.00013	0.00035	0.00020	0.02704	0.00017	0.00019	0.00013	0.00011	7.4e-05	3.5e-05	9.4e-05	6.4e-05	7.3e-05	0.00013
17	0.00029	0.00026	0.00044	0.11356	0.80765	0.00027	0.00034	0.00036	0.00026	0.06410	0.00023	0.00029	0.00019	0.00011	0.00012	3.5e-05	0.01116	0.00010	6.2e-05	0.00018
18	0.00018	0.00012	0.00015	0.00014	0.00018	0.00011	0.00011	0.00022	0.00564	0.08543	0.17416	0.09005	0.50156	0.02449	0.00839	4.3e-05	7.1e-05	0.10873	0.00011	0.00011
19	0.00021	0.00017	0.00019	0.00018	0.00022	0.00017	0.00013	0.00036	0.37221	0.00761	0.47997	0.04159	0.08162	0.00021	0.00013	3.8e-05	6.9e-05	0.00018	0.01460	0.00014
20	0.00031	0.96764	0.01399	0.00020	0.00030	0.01542	0.00020	0.00035	0.00024	0.00027	0.00016	0.00019	0.00015	9.9e-05	7.5e-05	2.5e-05	0.00013	6.2e-05	4.9e-05	0.00015
21	0.00018	0.00013	0.00299	0.07554	0.00449	0.00013	0.01295	0.00459	0.00843	0.01826	0.07959	0.30407	0.03044	0.19728	0.11864	0.10034	0.00613	0.03204	0.00369	9.5e-05
22	0.00015	0.00010	0.00014	0.00016	0.00017	9.8e-05	0.00010	0.00543	0.00022	0.00489	0.01337	0.80776	0.06557	0.07674	0.00967	0.00481	7.3e-05	0.01035	0.00010	9.3e-05
23	0.09814	0.00024	0.00027	0.00022	0.00030	0.00026	0.00018	0.28116	0.24896	0.33976	0.00038	0.00036	0.00026	0.00014	0.00011	3.6e-05	0.00010	0.01013	0.01879	0.00018
24	0.05241	0.09764	0.26994	0.02236	0.06974	0.05555	0.10287	0.05083	0.02483	0.07556	0.01025	0.00305	0.00306	0.00011	0.00011	3.2e-05	0.01104	9.2e-05	6.8e-05	0.15046

[dist]
# distance from previous block
# <min> <max>
0	3

[block]
# block no. 1 follows, 3009 sequences, length 20
# corresponding to MSA columns:
# 468,477-490,492-496
name=unknown_B
#
# <colnr> <probs for GDERKNQSTAVLIFYWHMCP>
#	G	D	E	R	K	N	Q	S	T	A	V	L	I	F	Y	W	H	M	C	P
0	0.01975	0.08095	0.05102	0.27652	0.13873	0.10522	0.11698	0.06663	0.02474	0.01775	0.00022	0.00564	0.00018	0.01649	0.01519	4e-05	0.05657	0.00393	0.00330	0.00015
1	0.00039	0.00019	0.00025	0.00020	0.00027	0.00019	0.00451	0.12206	0.02840	0.52425	0.14085	0.01221	0.02130	0.03258	0.06735	4.9e-05	0.03083	0.00565	0.00830	0.00017
2	0.01582	0.53138	0.15009	0.01447	0.04985	0.02567	0.08718	0.03533	0.02167	0.04490	0.00437	0.00024	0.00017	0.00386	0.00384	3.1e-05	0.00661	8.2e-05	5.9e-05	0.00438
3	0.04457	0.00621	0.00349	0.00016	0.00020	0.00362	0.00321	0.00732	0.01304	0.10010	0.35986	0.05170	0.11540	0.01206	0.19650	0.02937	0.00460	0.04177	0.00669	0.00011
4	0.00018	0.00013	0.00016	0.00015	0.00018	0.00673	0.00011	0.02791	0.02047	0.02330	0.69163	0.00087	0.20812	0.00794	0.00014	3.7e-05	6e-05	0.00021	0.01157	0.00011
5	0.00024	0.00014	0.00018	0.00016	0.00020	0.00013	0.00012	0.01463	0.01220	0.21019	0.68835	0.00076	0.05759	0.00022	0.00013	3.6e-05	6.5e-05	0.00019	0.01434	0.00013
6	0.00022	0.00021	0.00035	0.93462	0.06182	0.00026	0.00032	0.00030	0.00023	0.00030	0.00021	0.00031	0.00016	0.00011	0.00012	3.8e-05	0.00015	0.00010	5.2e-05	0.00013
7	0.00735	0.00013	0.00017	0.00016	0.00018	0.00014	0.00011	0.03963	0.00577	0.01683	0.01733	0.00057	0.00035	0.43126	0.41147	0.00609	0.00497	0.00014	0.00558	0.05177
8	0.01061	0.00033	0.00056	0.00042	0.00051	0.12806	0.67369	0.05125	0.00722	0.04751	0.00024	0.01187	0.00018	0.00011	0.00015	3.8e-05	0.06691	0.00012	6.6e-05	0.00015
9	0.99677	0.00022	0.00017	0.00015	0.00022	0.00026	0.00012	0.00034	0.00020	0.00052	0.00016	0.00019	0.00012	0.00011	7.1e-05	3.6e-05	8.9e-05	6.2e-05	7.1e-05	0.00012
10	0.91283	0.00023	0.00018	0.00016	0.00023	0.00027	0.00013	0.08412	0.00023	0.00053	0.00017	0.00019	0.00013	0.00011	7.5e-05	3.6e-05	9.2e-05	6.6e-05	7.5e-05	0.00013
11	0.00659	0.12636	0.00035	0.00026	0.00032	0.38624	0.00021	0.02795	0.02269	0.13090	0.01983	0.00027	0.00515	0.00014	0.00016	3.4e-05	0.21503	8.9e-05	0.00840	0.04903
12	0.00042	0.00053	0.00032	0.00029	0.00035	0.93209	0.00022	0.00047	0.06369	0.00029	0.00020	0.00022	0.00016	0.00012	0.00010	3e-05	0.00020	7.8e-05	6.3e-05	0.00014
13	0.06398	0.00020	0.00026	0.00020	0.00029	0.00018	0.00017	0.02256	0.00033	0.90993	0.00043	0.00038	0.00027	0.00014	0.00011	3.6e-05	9.8e-05	0.00011	0.00014	0.00019
14	0.99677	0.00022	0.00017	0.00015	0.00022	0.00026	0.00012	0.00034	0.00020	0.00052	0.00016	0.00019	0.00012	0.00011	7.1e-05	3.6e-05	8.9e-05	6.2e-05	7.1e-05	0.00012
15	0.00025	0.00025	0.00035	0.00030	0.00030	0.00035	0.00025	0.00028	0.00018	0.00028	0.00015	0.00025	0.00015	0.00020	0.00038	5e-05	0.99574	0.00010	5e-05	0.00013
16	0.00029	0.00025	0.00029	0.00025	0.00032	0.00029	0.06354	0.03836	0.86798	0.00048	0.01440	0.00043	0.00035	0.00015	0.00012	3.9e-05	9.9e-05	0.01207	0.00011	0.00018
17	0.00015	0.00011	0.00014	0.00014	0.00017	0.00010	0.00010	0.00019	0.01728	0.00036	0.36575	0.29426	0.30891	0.00029	0.00014	4e-05	6e-05	0.01157	0.00011	0.00010
18	0.00020	0.01614	0.07483	0.00486	0.04328	0.01123	0.01274	0.06970	0.00365	0.00909	0.57588	0.00991	0.08085	0.00801	0.01135	0.02153	0.02941	0.00785	0.00938	0.00012
19	0.00022	0.00623	0.00017	0.00370	0.00532	0.05833	0.00012	0.00521	0.03165	0.10715	0.28040	0.03104	0.26866	0.17798	0.00529	0.00568	0.00785	0.00019	0.00471	0.00011

[dist]
# distance from previous block
# <min> <max>
3	9

[block]
# block no. 2 follows, 3009 sequences, length 12
# corresponding to MSA columns:
# 510-513,515-522
name=unknown_C
#
# <colnr> <probs for GDERKNQSTAVLIFYWHMCP>
#	G	D	E	R	K	N	Q	S	T	A	V	L	I	F	Y	W	H	M	C	P
0	0.00028	0.00802	0.06460	0.04134	0.50205	0.01425	0.03177	0.05333	0.15900	0.01370	0.08345	0.00037	0.00680	0.00013	0.00664	3.7e-05	0.00754	0.00646	7.7e-05	0.00017
1	0.00019	0.00014	0.00018	0.00018	0.00732	0.00015	0.00713	0.00024	0.11303	0.00734	0.01242	0.04342	0.03912	0.32982	0.38143	0.01123	0.03848	0.00015	0.00793	0.00010
2	0.00828	0.00023	0.07076	0.00832	0.37309	0.00020	0.00024	0.01015	0.03274	0.15803	0.21304	0.00051	0.08984	0.00871	0.00013	3.6e-05	0.00888	0.00668	9.2e-05	0.01005
3	0.00016	0.00012	0.00015	0.00017	0.00018	0.01931	0.01038	0.01157	0.02539	0.00031	0.02545	0.80757	0.02748	0.04698	0.00017	4.9e-05	7.5e-05	0.02430	0.00010	9.8e-05
4	0.00029	0.02287	0.00036	0.12155	0.03200	0.03670	0.03081	0.13003	0.02336	0.03757	0.00020	0.00027	0.00017	0.00017	0.00026	4.4e-05	0.55427	0.00010	0.00884	0.00014
5	0.00018	0.00013	0.00018	0.00018	0.00021	0.00788	0.04008	0.05943	0.02592	0.02226	0.00907	0.76280	0.02676	0.00033	0.02274	4.8e-05	0.00819	0.01339	0.00010	0.00011
6	0.00015	0.00011	0.00013	0.00014	0.00017	0.00010	0.00010	0.00018	0.01441	0.00033	0.11611	0.39023	0.40650	0.00031	0.00014	4.2e-05	6.4e-05	0.04857	0.02210	9.9e-05
7	0.00024	0.00020	0.00024	0.00017	0.00027	0.00015	0.00014	0.00029	0.00024	0.00038	0.00020	0.00024	0.00017	8.5e-05	8.5e-05	1.7e-05	8.5e-05	6.8e-05	6.8e-05	0.99666
8	0.00041	0.00029	0.00032	0.01426	0.00034	0.00032	0.00020	0.80713	0.02359	0.04875	0.06125	0.00033	0.00026	0.00014	0.00012	3.5e-05	0.00012	0.00011	0.04184	0.00019
9	0.92915	0.00023	0.00018	0.00016	0.00023	0.00026	0.00013	0.03270	0.00021	0.03567	0.00017	0.00020	0.00013	0.00011	7.4e-05	3.6e-05	9.1e-05	6.6e-05	7.5e-05	0.00013
10	0.00015	0.00012	0.00013	0.00013	0.00017	0.00010	9.8e-05	0.00019	0.01236	0.01616	0.23071	0.05235	0.63458	0.00028	0.00014	3.9e-05	6e-05	0.02721	0.02492	0.00010
11	0.00016	0.00012	0.00015	0.01936	0.00018	0.00012	0.00011	0.00019	0.01887	0.01018	0.10649	0.46493	0.08485	0.21060	0.00024	5.9e-05	0.02737	0.05583	9.9e-05	9.5e-05

[dist]
# distance from previous block
# <min> <max>
3	4

[block]
# block no. 3 follows, 3009 sequences, length 13
# corresponding to MSA columns:
# 528-537,547-549
name=unknown_D
#
# <colnr> <probs for GDERKNQSTAVLIFYWHMCP>
#	G	D	E	R	K	N	Q	S	T	A	V	L	I	F	Y	W	H	M	C	P
0	0.00992	0.01539	0.04805	0.04172	0.09880	0.01504	0.05099	0.00860	0.16862	0.04160	0.09179	0.17623	0.14576	0.00486	0.01458	4.2e-05	0.01350	0.04381	0.00447	0.00622
1	0.05911	0.00024	0.00021	0.00018	0.00024	0.18163	0.00014	0.15091	0.01135	0.07515	0.01831	0.00035	0.00947	0.00013	9.4e-05	2.9e-05	0.00010	9.9e-05	0.42479	0.06747
2	0.00016	0.00012	0.00015	0.00014	0.00017	0.00011	0.00011	0.00020	0.00814	0.01157	0.47158	0.08234	0.30308	0.02711	0.05775	4.9e-05	0.00782	0.02084	0.00845	0.00010
3	0.00014	0.00012	0.00012	0.00013	0.00016	9.8e-05	9.3e-05	0.00017	0.00026	0.00032	0.05330	0.11648	0.80194	0.00030	0.00014	4e-05	6e-05	0.02594	0.00011	9.8e-05
4	0.84320	0.00022	0.00019	0.00016	0.00024	0.00025	0.00013	0.02347	0.03886	0.09210	0.00020	0.00022	0.00015	0.00011	7.8e-05	3.6e-05	9.1e-05	7.1e-05	8.1e-05	0.00014
5	0.01468	0.00840	0.00032	0.00028	0.00034	0.71148	0.01446	0.06812	0.01955	0.03091	0.00020	0.00023	0.00016	0.00012	0.00011	3e-05	0.02897	8e-05	0.01289	0.08865
6	0.95707	0.00023	0.00018	0.00016	0.00023	0.00026	0.00013	0.03996	0.00021	0.00053	0.00017	0.00019	0.00013	0.00011	7.3e-05	3.6e-05	9.1e-05	6.4e-05	7.3e-05	0.00013
7	0.00018	0.00013	0.00905	0.00016	0.00019	0.00013	0.00012	0.00900	0.06604	0.00961	0.73051	0.01664	0.01736	0.00024	0.00013	3.8e-05	6.5e-05	0.10815	0.03214	0.00011
8	0.00018	0.00012	0.00016	0.00015	0.00018	0.00012	0.00011	0.00024	0.01975	0.05739	0.87817	0.01708	0.02544	0.00023	0.00013	3.6e-05	5.8e-05	0.00020	0.00013	0.00011
9	0.00015	0.00011	0.00014	0.00014	0.00016	0.00010	0.00010	0.00018	0.00027	0.00036	0.35080	0.28834	0.27946	0.04946	0.00016	4.4e-05	6.3e-05	0.01599	0.01386	9.9e-05
10	0.00036	0.54156	0.01196	0.00023	0.00032	0.21311	0.00021	0.15205	0.00030	0.04652	0.00020	0.00022	0.00016	0.00012	0.00994	3e-05	0.01152	7.5e-05	0.01096	0.00015
11	0.00023	0.00019	0.00022	0.00017	0.00026	0.00015	0.00013	0.00028	0.00894	0.02642	0.01573	0.09974	0.02472	0.01089	0.00010	2.3e-05	8.3e-05	0.01346	0.00995	0.78834
12	0.03975	0.07240	0.26678	0.01411	0.18363	0.00942	0.04905	0.03095	0.01426	0.07119	0.04091	0.03682	0.01316	0.02360	0.00707	0.02336	0.05477	0.00586	6.9e-05	0.04284

[dist]
# distance from previous block
# <min> <max>
0	1

[block]
# block no. 4 follows, 3009 sequences, length 11
# corresponding to MSA columns:
# 551-556,560-564
name=unknown_E
#
# <colnr> <probs for GDERKNQSTAVLIFYWHMCP>
#	G	D	E	R	K	N	Q	S	T	A	V	L	I	F	Y	W	H	M	C	P
0	0.04136	0.01159	0.00869	0.00586	0.02732	0.01051	0.01540	0.06092	0.02805	0.34110	0.24453	0.06010	0.03435	0.01817	0.00801	0.00887	0.06152	0.00578	0.00011	0.00777
1	0.00015	0.00011	0.00013	0.00015	0.00016	0.00010	0.00010	0.00017	0.00021	0.01406	0.01923	0.65890	0.02456	0.23117	0.00025	6.1e-05	7.8e-05	0.03313	0.01717	9e-05
2	0.00522	0.00551	0.00790	0.02107	0.04261	0.00545	0.01388	0.02584	0.01365	0.01926	0.12613	0.36019	0.13638	0.09271	0.00586	0.00965	0.01198	0.08014	0.01645	0.00011
3	0.05360	0.05645	0.23330	0.06248	0.22773	0.02846	0.09089	0.06075	0.03691	0.08819	0.01450	0.00861	0.00679	0.00599	0.00762	3.7e-05	0.01046	0.00699	7.1e-05	0.00016
4	0.00023	0.00060	0.99535	0.00033	0.00050	0.00027	0.00043	0.00036	0.00024	0.00036	0.00021	0.00024	0.00015	0.00011	0.00011	3.6e-05	0.00017	8.5e-05	4.9e-05	0.00017
5	0.00017	0.00012	0.00015	0.00927	0.01204	0.00011	0.00012	0.00831	0.00877	0.04336	0.07250	0.25476	0.39881	0.01058	0.00849	4.4e-05	7.4e-05	0.14773	0.02447	0.00011
6	0.04327	0.26136	0.20330	0.03316	0.10747	0.06560	0.02376	0.02831	0.02884	0.15564	0.00690	0.00729	0.00895	0.00013	0.00555	0.00549	0.00908	0.00566	7.2e-05	0.00016
7	0.10772	0.03283	0.18701	0.08273	0.10921	0.03211	0.03980	0.04627	0.04941	0.09794	0.01062	0.00714	0.01653	0.00812	0.08266	5e-05	0.00693	0.07622	7.7e-05	0.00663
8	0.00015	0.00011	0.00014	0.00016	0.00017	9.8e-05	0.00011	0.00018	0.00023	0.01374	0.06510	0.76061	0.07148	0.02418	0.00016	4.7e-05	6.9e-05	0.04984	0.01335	9.6e-05
9	0.01197	0.01165	0.37510	0.08443	0.11905	0.03263	0.08293	0.01774	0.02882	0.09206	0.01479	0.01461	0.02733	0.00536	0.00511	0.00563	0.05780	0.00739	0.00547	0.00016
10	0.04555	0.09666	0.21514	0.01574	0.13428	0.02595	0.03003	0.11358	0.03149	0.23412	0.01206	0.00669	0.00662	0.00013	0.00011	3.5e-05	0.00753	0.00797	8.6e-05	0.01626

[dist]
# distance from previous block
# <min> <max>
5	9

[block]
# block no. 5 follows, 3009 sequences, length 21
# corresponding to MSA columns:
# 585-598,600-606
name=unknown_F
#
# <colnr> <probs for GDERKNQSTAVLIFYWHMCP>
#	G	D	E	R	K	N	Q	S	T	A	V	L	I	F	Y	W	H	M	C	P
0	0.03661	0.01025	0.00855	0.35074	0.12249	0.26589	0.03234	0.02332	0.03384	0.01581	0.01506	0.00786	0.01193	0.00013	0.00304	3.6e-05	0.04534	0.00829	0.00516	0.00331
1	0.00015	0.00011	0.00014	0.00016	0.00017	9.8e-05	0.00011	0.00017	0.00717	0.00030	0.04225	0.84494	0.03993	0.02237	0.00016	4.7e-05	6.8e-05	0.02636	0.00011	0.01521
2	0.00551	0.00017	0.00743	0.25111	0.13509	0.00018	0.02152	0.01679	0.00477	0.02567	0.03996	0.22632	0.03352	0.10954	0.03193	0.00801	0.02165	0.03729	0.02343	0.00012
3	0.00014	0.00012	0.00012	0.00013	0.00016	9.9e-05	9.3e-05	0.00017	0.00027	0.00033	0.16823	0.10979	0.71936	0.00029	0.00014	3.9e-05	5.9e-05	0.00025	0.00011	9.9e-05
4	0.00045	0.02796	0.00034	0.00025	0.00035	0.00033	0.00021	0.81458	0.00050	0.15340	0.00030	0.00029	0.00021	0.00014	0.00011	3.4e-05	0.00012	0.00010	0.00012	0.00019
5	0.03909	0.24172	0.26482	0.02653	0.05473	0.06785	0.02534	0.05826	0.01246	0.10847	0.00374	0.01099	0.00018	0.00012	0.00354	3.3e-05	0.01266	0.00303	0.00413	0.06231
6	0.01452	0.03183	0.00034	0.33085	0.08145	0.25344	0.00439	0.05930	0.05512	0.13840	0.00375	0.00564	0.00633	0.00013	0.00394	3.5e-05	0.00491	0.0001	0.00538	0.00015
7	0.00042	0.00018	0.00023	0.00018	0.00026	0.00016	0.00015	0.02049	0.05565	0.66874	0.02402	0.01024	0.00809	0.00015	0.00011	3.4e-05	8.7e-05	0.00012	0.21051	0.00017
8	0.00026	0.00025	0.00477	0.00027	0.00031	0.01661	0.04858	0.02020	0.09450	0.01559	0.00864	0.00028	0.00484	0.00016	0.00025	4e-05	0.54833	0.0001	0.01489	0.22113
9	0.00015	0.00011	0.00014	0.00015	0.00017	0.00010	0.00011	0.00018	0.00632	0.00647	0.26200	0.54003	0.14712	0.00775	0.00015	4.3e-05	6.4e-05	0.02170	0.00715	9.9e-05
10	0.00015	0.00012	0.00013	0.00013	0.00016	0.00011	9.5e-05	0.00019	0.04102	0.00034	0.13813	0.05511	0.72475	0.00028	0.00013	3.8e-05	5.9e-05	0.00023	0.03872	0.00010
11	0.00018	0.00013	0.00016	0.00018	0.00020	0.00012	0.00014	0.00023	0.06736	0.03558	0.00733	0.51329	0.00740	0.05928	0.00017	5.1e-05	8.4e-05	0.29172	0.00011	0.01629
12	0.00840	0.01998	0.00753	0.00758	0.00738	0.00644	0.00779	0.08289	0.00451	0.00725	0.00021	0.00024	0.00017	9.2e-05	9e-05	2e-05	0.00484	7.3e-05	7.2e-05	0.83445
13	0.00018	0.00014	0.00018	0.00770	0.00021	0.00791	0.00347	0.00608	0.06859	0.00737	0.03518	0.09567	0.04007	0.05239	0.62978	0.02617	0.00900	0.00380	0.00602	0.00011
14	0.00026	0.01520	0.00035	0.00030	0.00030	0.03140	0.00025	0.00983	0.00684	0.00813	0.00016	0.00026	0.00016	0.00021	0.01479	5.1e-05	0.90511	0.00010	0.00617	0.00013
15	0.03058	0.00019	0.00396	0.27598	0.14248	0.00398	0.04051	0.02331	0.00836	0.05385	0.15921	0.04802	0.16768	0.00018	0.00012	3.8e-05	0.00325	0.01916	0.00932	0.00982
16	0.00391	0.04221	0.12766	0.05767	0.05733	0.00758	0.03890	0.01145	0.05758	0.26418	0.05800	0.17009	0.03957	0.00432	0.01231	0.00451	0.00370	0.03141	0.00746	0.00015
17	0.00016	0.00014	0.04159	0.00442	0.00021	0.00012	0.04695	0.00539	0.00941	0.00744	0.03156	0.54008	0.19660	0.02748	0.00382	4.7e-05	0.00405	0.07652	0.00393	0.00010
18	0.00031	0.96040	0.03620	0.00020	0.00030	0.00045	0.00021	0.00035	0.00023	0.00027	0.00016	0.00019	0.00015	9.9e-05	7.5e-05	2.5e-05	0.00012	6.2e-05	4.9e-05	0.00015
19	0.07787	0.00360	0.10764	0.09659	0.16361	0.02706	0.14460	0.03822	0.04914	0.13091	0.04952	0.03239	0.03862	0.00375	0.00012	3.7e-05	0.01901	0.01405	0.00310	0.00016
20	0.01329	0.00769	0.01062	0.00343	0.00024	0.00735	0.01269	0.00797	0.01236	0.44693	0.11927	0.20876	0.04646	0.01996	0.04337	0.00644	0.00776	0.01666	0.00861	0.00015

[dist]
# distance from previous block
# <min> <max>
6	15

[block]
# block no. 6 follows, 3009 sequences, length 19
# corresponding to MSA columns:
# 641,642,655-671
name=unknown_G
#
# <colnr> <probs for GDERKNQSTAVLIFYWHMCP>
#	G	D	E	R	K	N	Q	S	T	A	V	L	I	F	Y	W	H	M	C	P
0	0.00015	0.00013	0.00015	0.10865	0.00023	0.00012	0.00012	0.00019	0.00025	0.00031	0.05575	0.02845	0.66676	0.05733	0.08087	5.5e-05	9.2e-05	0.00021	9.6e-05	0.00010
1	0.87048	0.01787	0.00019	0.00016	0.00023	0.00026	0.00013	0.00037	0.10864	0.00051	0.00019	0.00021	0.00015	0.00011	7.6e-05	3.6e-05	9e-05	7e-05	7.6e-05	0.00013
2	0.00030	0.00025	0.00027	0.00024	0.00030	0.00028	0.00019	0.16211	0.72501	0.00051	0.00045	0.00050	0.00036	0.00017	0.00012	4e-05	9.9e-05	0.10852	0.00012	0.00018
3	0.00029	0.10880	0.00030	0.00023	0.00030	0.00030	0.00018	0.00058	0.88658	0.00046	0.00044	0.00040	0.00033	0.00015	0.00011	3.7e-05	9.5e-05	0.00012	0.00011	0.00018
4	0.32335	0.00024	0.00033	0.14950	0.24210	0.01634	0.12339	0.00638	0.00024	0.01621	0.00026	0.06279	0.02198	0.00013	0.00011	3.7e-05	0.00859	0.01394	0.01394	0.00014
5	0.00669	0.00024	0.00039	0.61202	0.21099	0.03453	0.08373	0.02587	0.00025	0.00033	0.00021	0.00031	0.00017	0.00011	0.00012	3.7e-05	0.00699	0.00779	0.00907	0.00014
6	0.99677	0.00022	0.00017	0.00015	0.00022	0.00026	0.00012	0.00034	0.00020	0.00052	0.00016	0.00019	0.00012	0.00011	7.1e-05	3.6e-05	8.9e-05	6.2e-05	7.1e-05	0.00012
7	0.00014	0.00012	0.00013	0.00013	0.00016	0.01469	9.6e-05	0.00017	0.00026	0.00031	0.01657	0.00102	0.85664	0.00035	0.10864	5.5e-05	8.8e-05	0.00023	0.00010	9.9e-05
8	0.85522	0.00022	0.00018	0.00016	0.00023	0.00025	0.00013	0.02266	0.00022	0.11956	0.00020	0.00021	0.00015	0.00011	7.8e-05	3.6e-05	9.1e-05	7e-05	8.1e-05	0.00013
9	0.00024	0.00021	0.00025	0.00019	0.00028	0.00018	0.00976	0.00029	0.01317	0.00604	0.00790	0.00028	0.01503	0.00772	0.01076	2.5e-05	0.11758	0.00777	6.8e-05	0.80225
10	0.00039	0.00018	0.00022	0.00018	0.00025	0.00017	0.00015	0.02820	0.14968	0.52274	0.02094	0.00043	0.00032	0.03973	0.00013	3.7e-05	8.7e-05	0.00012	0.23588	0.00017
11	0.00017	0.00013	0.00018	0.00018	0.00020	0.01328	0.00014	0.00021	0.01097	0.00029	0.10876	0.00050	0.00038	0.02066	0.84320	0.00016	0.00027	0.00013	7e-05	0.00010
12	0.10083	0.00028	0.16604	0.02003	0.00499	0.00450	0.03686	0.08212	0.19584	0.15282	0.04566	0.00053	0.00767	0.00017	0.00012	4e-05	0.00011	0.17633	0.00492	0.00016
13	0.00031	0.91033	0.01394	0.00020	0.00030	0.00939	0.00925	0.01763	0.00024	0.00802	0.00017	0.00021	0.00016	0.00794	0.01458	2.8e-05	0.00013	0.00698	5.2e-05	0.00015
14	0.01099	0.00030	0.00044	0.09872	0.76472	0.10876	0.00033	0.00036	0.00026	0.00036	0.00021	0.00028	0.00017	0.00011	0.00012	3.4e-05	0.01352	9.9e-05	5.7e-05	0.00017
15	0.00023	0.01672	0.00019	0.00017	0.00021	0.00535	0.00013	0.03786	0.03231	0.13001	0.41426	0.00576	0.11577	0.03574	0.10957	5.7e-05	0.00462	0.09081	0.00011	0.00012
16	0.14244	0.01454	0.05900	0.11063	0.00530	0.08781	0.02149	0.09483	0.00694	0.28518	0.00034	0.03687	0.00027	0.00016	0.00846	0.00380	0.00567	0.11600	9.6e-05	0.00015
17	0.00023	0.00021	0.00036	0.85802	0.13837	0.00026	0.00032	0.00030	0.00023	0.00031	0.00021	0.00030	0.00016	0.00011	0.00012	3.8e-05	0.00015	0.00010	5.2e-05	0.00014
18	0.00023	0.03341	0.00351	0.16065	0.13694	0.06532	0.02060	0.02494	0.08436	0.00642	0.09578	0.14271	0.16534	0.00660	0.00517	3.9e-05	0.00478	0.02188	0.02118	0.00013

[dist]
# distance from previous block
# <min> <max>
0	1

[block]
# block no. 7 follows, 3009 sequences, length 9
# corresponding to MSA columns:
# 673-681
name=unknown_H
#
# <colnr> <probs for GDERKNQSTAVLIFYWHMCP>
#	G	D	E	R	K	N	Q	S	T	A	V	L	I	F	Y	W	H	M	C	P
0	0.66277	0.00022	0.00020	0.00017	0.00025	0.02082	0.00014	0.03176	0.04314	0.20688	0.01656	0.00026	0.00019	0.00012	8.6e-05	3.6e-05	9.4e-05	8.1e-05	0.01609	0.00014
1	0.00015	0.00011	0.00013	0.00014	0.00016	0.0001	9.9e-05	0.00018	0.00025	0.01944	0.09282	0.31014	0.51405	0.03777	0.00016	4.4e-05	6.5e-05	0.02397	0.00011	9.8e-05
2	0.00022	0.00020	0.00035	0.80929	0.01924	0.00025	0.05755	0.00029	0.00023	0.00030	0.01428	0.04988	0.00021	0.00013	0.00012	3.9e-05	0.01806	0.01526	0.01396	0.00013
3	0.01518	0.00013	0.00016	0.00015	0.00019	0.00012	0.00012	0.00023	0.01539	0.06835	0.49684	0.12995	0.15127	0.02271	0.00015	4.1e-05	6.7e-05	0.09872	0.00012	0.00011
4	0.38316	0.00716	0.02120	0.01414	0.00028	0.00732	0.07019	0.04877	0.01011	0.19226	0.02674	0.01906	0.04198	0.00015	0.01109	0.00673	0.03357	0.03544	0.07050	0.00014
5	0.00030	0.81653	0.07795	0.00021	0.00030	0.00041	0.00021	0.00034	0.00023	0.01959	0.00018	0.00022	0.00016	0.00012	0.00010	0.04537	0.01885	0.01873	5.2e-05	0.00014
6	0.00015	0.00011	0.00014	0.00016	0.00017	0.00010	0.00011	0.00018	0.01819	0.01761	0.03806	0.78151	0.06609	0.02848	0.00016	4.8e-05	7e-05	0.04845	0.00011	9.8e-05
7	0.00853	0.01016	0.03559	0.05215	0.04729	0.01661	0.00932	0.01072	0.02650	0.09468	0.02895	0.32985	0.05482	0.16840	0.04972	6.1e-05	0.01017	0.03754	0.00881	0.00012
8	0.01117	0.41267	0.05553	0.02932	0.02121	0.12432	0.05667	0.04604	0.00920	0.00736	0.00658	0.03704	0.00020	0.00838	0.05991	0.00716	0.08638	0.00706	0.00778	0.00604

[dist]
# distance from previous block
# <min> <max>
25	62

[block]
# block no. 8 follows, 3009 sequences, length 7
# corresponding to MSA columns:
# 833-839
name=unknown_I
#
# <colnr> <probs for GDERKNQSTAVLIFYWHMCP>
#	G	D	E	R	K	N	Q	S	T	A	V	L	I	F	Y	W	H	M	C	P
0	0.00020	0.00014	0.00018	0.01942	0.02357	0.00013	0.01287	0.02380	0.01279	0.08527	0.36858	0.04880	0.22829	0.03526	0.00015	4.2e-05	0.01354	0.11025	0.01658	0.00012
1	0.02911	0.12045	0.04808	0.02351	0.05724	0.00849	0.02152	0.03272	0.11151	0.14211	0.16737	0.02049	0.10758	0.00843	0.01200	3.8e-05	0.01323	0.01129	0.06467	0.00014
2	0.00031	0.63796	0.03358	0.01906	0.01574	0.08633	0.01682	0.01787	0.04819	0.01294	0.01799	0.00023	0.00018	0.00011	8.9e-05	2.7e-05	0.01291	7.5e-05	0.01579	0.06379
3	0.01804	0.00018	0.00021	0.00018	0.00023	0.00019	0.00014	0.10860	0.25132	0.06074	0.42835	0.02491	0.05642	0.00020	0.00012	3.6e-05	7.6e-05	0.00017	0.03313	0.01675
4	0.03213	0.01098	0.09858	0.02676	0.00818	0.01492	0.01760	0.23708	0.12576	0.07209	0.03286	0.01142	0.03221	0.00905	0.00856	0.20800	0.00894	0.00011	0.00942	0.03533
5	0.04376	0.05672	0.06885	0.11043	0.05922	0.02593	0.02454	0.04467	0.04006	0.08008	0.07328	0.17227	0.02024	0.01992	0.05815	4.8e-05	0.04803	0.01090	0.00850	0.03440
6	0.00020	0.01571	0.11310	0.04503	0.02727	0.01458	0.01600	0.01592	0.02944	0.03366	0.09877	0.23385	0.12673	0.06085	0.06818	0.01664	0.01168	0.03972	0.01261	0.02008

[dist]
# distance from previous block
# <min> <max>
5	9

[block]
# block no. 9 follows, 3009 sequences, length 9
# corresponding to MSA columns:
# 854-862
name=unknown_J
#
# <colnr> <probs for GDERKNQSTAVLIFYWHMCP>
#	G	D	E	R	K	N	Q	S	T	A	V	L	I	F	Y	W	H	M	C	P
0	0.06812	0.01892	0.03850	0.16403	0.10489	0.11822	0.01836	0.06798	0.17782	0.02592	0.03733	0.01942	0.01086	0.02544	0.00962	0.00774	0.03626	0.00648	0.00721	0.03689
1	0.00017	0.00013	0.01416	0.00015	0.00018	0.00012	0.00011	0.00023	0.06063	0.01439	0.47152	0.11275	0.28692	0.01969	0.00014	4e-05	6.3e-05	0.01839	0.00012	0.00011
2	0.00015	0.00011	0.00014	0.00016	0.00017	0.00010	0.00011	0.00017	0.00023	0.00031	0.05710	0.72229	0.06646	0.01979	0.01918	5e-05	7.6e-05	0.11319	0.00011	9.6e-05
3	0.00017	0.00011	0.00013	0.00014	0.00015	0.00011	8.6e-05	0.00019	0.00020	0.02849	0.05650	0.11955	0.03556	0.66894	0.01830	9.1e-05	0.00010	0.04053	0.03057	8.3e-05
4	0.00023	0.00060	0.99535	0.00033	0.00050	0.00027	0.00043	0.00036	0.00024	0.00036	0.00021	0.00024	0.00015	0.00011	0.00011	3.6e-05	0.00017	8.5e-05	4.9e-05	0.00017
5	0.86043	0.00022	0.00019	0.00016	0.00024	0.00025	0.00013	0.03962	0.00022	0.09739	0.00019	0.00021	0.00014	0.00011	7.7e-05	3.6e-05	9.1e-05	6.9e-05	8e-05	0.00013
6	0.12694	0.00022	0.00030	0.00023	0.00031	0.02064	0.10541	0.07560	0.00032	0.60784	0.00037	0.00035	0.00024	0.00013	0.00011	3.5e-05	0.00011	0.00011	0.06056	0.00018
7	0.00026	0.06069	0.00061	0.00043	0.00053	0.02832	0.80120	0.00035	0.00027	0.00035	0.00027	0.10564	0.00023	0.00013	0.00013	3.9e-05	0.00018	0.00015	6.3e-05	0.00015
8	0.72415	0.00022	0.00020	0.00017	0.00024	0.00024	0.00014	0.04111	0.00024	0.23201	0.00023	0.00024	0.00016	0.00012	8.3e-05	3.6e-05	9.3e-05	7.7e-05	9e-05	0.00014

[dist]
# distance from previous block
# <min> <max>
0	13

[block]
# block no. 10 follows, 3009 sequences, length 18
# corresponding to MSA columns:
# 876-881,885-896
name=unknown_K
#
# <colnr> <probs for GDERKNQSTAVLIFYWHMCP>
#	G	D	E	R	K	N	Q	S	T	A	V	L	I	F	Y	W	H	M	C	P
0	0.00034	0.00022	0.00025	0.00021	0.00028	0.00711	0.00453	0.15529	0.35727	0.23291	0.11626	0.00886	0.05057	0.00514	0.00012	3.8e-05	0.00841	0.02912	0.00651	0.01655
1	0.07366	0.00013	0.00016	0.00018	0.00020	0.00013	0.00541	0.00532	0.00024	0.00505	0.00951	0.49974	0.00539	0.02022	0.00596	0.00477	0.02230	0.34141	0.00010	0.00010
2	0.00017	0.00014	0.00018	0.11445	0.05140	0.05064	0.00015	0.00020	0.00023	0.00030	0.00054	0.77990	0.00063	0.00031	0.00014	4.4e-05	8.8e-05	0.00028	9.6e-05	0.00010
3	0.00031	0.96714	0.00059	0.00019	0.00029	0.00045	0.00019	0.00034	0.00023	0.00028	0.00017	0.00019	0.00015	0.0001	7.4e-05	2.5e-05	0.00012	6.3e-05	0.02895	0.00015
4	0.00016	0.00013	0.00014	0.00014	0.00018	0.02156	0.00010	0.00020	0.01660	0.00034	0.19273	0.22615	0.45998	0.00028	0.00013	3.9e-05	6.5e-05	0.00776	0.01153	0.06177
5	0.00031	0.76343	0.03376	0.00021	0.00030	0.10406	0.00751	0.00603	0.00959	0.00029	0.04559	0.00589	0.01673	0.00011	8.5e-05	2.7e-05	0.00578	7.7e-05	5.6e-05	0.00014
6	0.00022	0.00452	0.01202	0.00025	0.00027	0.01166	0.07450	0.01218	0.00020	0.00029	0.00473	0.04125	0.00474	0.14100	0.16078	0.01838	0.44475	0.01139	0.05676	0.00011
7	0.99677	0.00022	0.00017	0.00015	0.00022	0.00026	0.00012	0.00034	0.00020	0.00052	0.00016	0.00019	0.00012	0.00011	7.1e-05	3.6e-05	8.9e-05	6.2e-05	7.1e-05	0.00012
8	0.00027	0.00026	0.06592	0.00023	0.00030	0.01696	0.00019	0.03602	0.72763	0.00046	0.06199	0.00049	0.08844	0.00017	0.00012	3.8e-05	9.4e-05	0.00014	0.00011	0.00017
9	0.00017	0.00012	0.00018	0.00018	0.00020	0.00014	0.00014	0.00021	0.00019	0.00027	0.00032	0.00047	0.01145	0.04128	0.91581	0.00018	0.01201	0.00013	0.01645	0.00010
10	0.00024	0.00020	0.00024	0.00017	0.00027	0.00015	0.00014	0.00029	0.00024	0.00038	0.00020	0.00024	0.00017	8.5e-05	8.5e-05	1.7e-05	8.5e-05	6.8e-05	6.8e-05	0.99666
11	0.00017	0.00012	0.00016	0.00016	0.00017	0.00013	0.00011	0.00019	0.00018	0.00025	0.00034	0.00061	0.00035	0.39409	0.49848	0.05765	0.00021	0.04647	6.6e-05	8.7e-05
12	0.01019	0.00014	0.00017	0.00016	0.00019	0.00013	0.00012	0.01232	0.10322	0.01103	0.84291	0.00884	0.00969	0.00023	0.00013	3.7e-05	6e-05	0.00020	0.00012	0.00012
13	0.00029	0.00024	0.00026	0.00023	0.00030	0.00028	0.00018	0.04076	0.90436	0.00048	0.00047	0.00047	0.00036	0.00016	0.00012	4e-05	9.3e-05	0.05060	0.00012	0.00018
14	0.01162	0.00031	0.00033	0.00026	0.00035	0.00034	0.00021	0.88299	0.02776	0.01782	0.00028	0.00028	0.00020	0.00014	0.00011	3.4e-05	0.00012	0.00010	0.00011	0.05664
15	0.06967	0.00031	0.00033	0.00026	0.00035	0.00035	0.00021	0.90630	0.01995	0.00071	0.00027	0.00027	0.00019	0.00014	0.00011	3.5e-05	0.00012	0.00010	0.00011	0.00019
16	0.00883	0.00042	0.00031	0.00027	0.00033	0.55183	0.00021	0.19561	0.00769	0.03459	0.00430	0.00642	0.00456	0.00456	0.00549	3.5e-05	0.08841	0.06083	0.00527	0.02003
17	0.00730	0.00022	0.00024	0.00020	0.00027	0.00022	0.00016	0.05222	0.43891	0.02105	0.08793	0.00040	0.00783	0.00014	0.00011	3.1e-05	8.6e-05	0.00011	0.05102	0.33158

[dist]
# distance from previous block
# <min> <max>
2	3

[block]
# block no. 11 follows, 3009 sequences, length 13
# corresponding to MSA columns:
# 900,921-924,950-953,956,957,962,963
name=unknown_L
#
# <colnr> <probs for GDERKNQSTAVLIFYWHMCP>
#	G	D	E	R	K	N	Q	S	T	A	V	L	I	F	Y	W	H	M	C	P
0	0.53538	0.00024	0.00024	0.00021	0.00027	0.06423	0.08843	0.07542	0.02547	0.04443	0.00828	0.00724	0.00019	0.02896	0.09769	5.2e-05	0.00013	0.00701	0.01598	0.00013
1	0.03388	0.00017	0.00022	0.00018	0.00024	0.00015	0.00014	0.01298	0.01497	0.53454	0.28193	0.01769	0.06881	0.01177	0.00013	3.7e-05	8.2e-05	0.00897	0.01294	0.00016
2	0.03733	0.00019	0.00024	0.01137	0.00027	0.00019	0.02943	0.10787	0.10988	0.32298	0.01321	0.02639	0.01664	0.02840	0.00013	0.01004	0.01301	0.00838	0.20207	0.06199
3	0.00850	0.00020	0.00771	0.00019	0.00025	0.02838	0.00659	0.11314	0.25979	0.12020	0.20825	0.04482	0.15952	0.00020	0.00013	3.7e-05	0.00576	0.00586	0.00831	0.02215
4	0.90716	0.00023	0.00018	0.00016	0.00023	0.01584	0.00013	0.02762	0.01349	0.00051	0.00018	0.02052	0.00015	0.00012	0.01308	3.8e-05	9.4e-05	7.1e-05	7.4e-05	0.00013
5	0.06039	0.00024	0.00026	0.00022	0.00029	0.02912	0.00017	0.36886	0.13206	0.21104	0.02875	0.06419	0.01987	0.00016	0.00011	3.6e-05	0.00010	0.00013	0.08383	0.00017
6	0.93445	0.00022	0.00017	0.00015	0.00023	0.00026	0.00013	0.01981	0.00021	0.02369	0.00017	0.00020	0.00013	0.00011	7.3e-05	3.5e-05	8.9e-05	6.5e-05	0.01968	0.00013
7	0.00016	0.00012	0.00014	0.00014	0.00017	0.00011	0.00010	0.00020	0.01027	0.01585	0.33451	0.16522	0.29657	0.09667	0.01507	4.9e-05	7.1e-05	0.04903	0.01544	0.00010
8	0.57827	0.00866	0.00022	0.02763	0.00027	0.02321	0.00015	0.08469	0.00025	0.07275	0.01789	0.00991	0.00018	0.00012	8.9e-05	3.3e-05	0.01539	7.8e-05	0.00731	0.15294
9	0.02033	0.00021	0.01027	0.00018	0.00734	0.00753	0.00014	0.02659	0.00662	0.08500	0.01612	0.01433	0.01803	0.03907	0.00012	0.00669	0.01230	0.00967	7.8e-05	0.71938
10	0.05482	0.01216	0.00514	0.10926	0.10361	0.08782	0.05381	0.11088	0.17135	0.04693	0.01001	0.12238	0.00030	0.00879	0.01586	4e-05	0.02627	0.01416	0.01179	0.03461
11	0.04490	0.03666	0.02076	0.11779	0.15778	0.06912	0.04582	0.06784	0.01659	0.11293	0.01383	0.02971	0.00594	0.02354	0.11328	0.00485	0.07045	0.04240	0.00564	0.00015
12	0.02756	0.01131	0.00016	0.00696	0.01532	0.00910	0.00011	0.02925	0.00949	0.03578	0.10851	0.22970	0.45841	0.01709	0.00014	4e-05	7.1e-05	0.01046	0.00011	0.03042

[dist]
# distance from previous block
# <min> <max>
1	3

[block]
# block no. 12 follows, 3009 sequences, length 22
# corresponding to MSA columns:
# 967-969,982-993,996-1001,1033
name=unknown_M
#
# <colnr> <probs for GDERKNQSTAVLIFYWHMCP>
#	G	D	E	R	K	N	Q	S	T	A	V	L	I	F	Y	W	H	M	C	P
0	0.02843	0.04321	0.07550	0.26508	0.10987	0.06457	0.02208	0.03412	0.03642	0.01352	0.00520	0.00370	0.00020	0.01777	0.17581	6.5e-05	0.08932	0.00298	0.01202	0.00014
1	0.00856	0.00013	0.00016	0.01343	0.00666	0.00012	0.00011	0.01595	0.01326	0.01766	0.71520	0.00701	0.16827	0.00960	0.00014	0.00367	6.1e-05	0.01323	0.00667	0.00011
2	0.00015	0.00011	0.00014	0.00015	0.00463	0.00010	0.00010	0.00019	0.00978	0.00653	0.22578	0.28817	0.35463	0.02236	0.03630	0.02798	7.3e-05	0.01683	0.00590	9.9e-05
3	0.83187	0.00022	0.00018	0.00016	0.00023	0.00024	0.00013	0.00036	0.02565	0.10538	0.03455	0.00024	0.00018	0.00012	7.9e-05	3.6e-05	8.9e-05	7.5e-05	8.2e-05	0.00013
4	0.00017	0.00012	0.00014	0.00014	0.00017	0.00011	0.00010	0.00021	0.00029	0.04205	0.47682	0.01677	0.44613	0.00026	0.00014	3.8e-05	5.9e-05	0.00839	0.00779	0.00011
5	0.00029	0.00017	0.00401	0.00018	0.00023	0.00017	0.00565	0.04715	0.15128	0.24578	0.17722	0.06105	0.05174	0.05930	0.00408	4.3e-05	0.00377	0.07830	0.10944	0.00014
6	0.00028	0.00027	0.00046	0.00069	0.96089	0.00028	0.00035	0.00035	0.00026	0.00037	0.00021	0.00028	0.00018	0.00011	0.00012	3.5e-05	0.03450	0.00010	5.7e-05	0.00018
7	0.00951	0.00020	0.00027	0.00020	0.00029	0.00018	0.00017	0.03377	0.00812	0.92066	0.01706	0.00039	0.00029	0.00014	0.00012	3.6e-05	9.8e-05	0.00012	0.00819	0.00019
8	0.00016	0.00012	0.00018	0.00018	0.00020	0.00014	0.00014	0.00020	0.00018	0.00026	0.00031	0.00048	0.00030	0.09744	0.89894	0.00018	0.00029	0.00013	6.2e-05	0.0001
9	0.01236	0.00024	0.00575	0.00023	0.00029	0.01247	0.01480	0.23309	0.49143	0.02489	0.02819	0.00715	0.01448	0.00016	0.00012	3.7e-05	9.8e-05	0.04414	0.10993	0.00017
10	0.00032	0.00027	0.00028	0.00024	0.00031	0.00030	0.00019	0.23281	0.76277	0.00054	0.00042	0.00039	0.00032	0.00015	0.00012	3.8e-05	9.9e-05	0.00012	0.00012	0.00019
11	0.00025	0.00021	0.00034	0.78745	0.03367	0.00026	0.00740	0.08494	0.00026	0.03632	0.00023	0.00032	0.00017	0.00012	0.00011	3.8e-05	0.00014	0.01161	0.03600	0.00014
12	0.00017	0.00012	0.00016	0.00015	0.00018	0.00012	0.00011	0.03318	0.00033	0.00047	0.96220	0.00084	0.00106	0.00023	0.00014	3.6e-05	5.7e-05	0.00020	0.00013	0.00011
13	0.99677	0.00022	0.00017	0.00015	0.00022	0.00026	0.00012	0.00034	0.00020	0.00052	0.00016	0.00019	0.00012	0.00011	7.1e-05	3.6e-05	8.9e-05	6.2e-05	7.1e-05	0.00012
14	0.08636	0.10206	0.22820	0.00026	0.02338	0.05815	0.01074	0.17631	0.08792	0.16215	0.00028	0.00792	0.00021	0.00583	0.00459	3.5e-05	0.00581	0.00325	0.00337	0.03320
15	0.99677	0.00022	0.00017	0.00015	0.00022	0.00026	0.00012	0.00034	0.00020	0.00052	0.00016	0.00019	0.00012	0.00011	7.1e-05	3.6e-05	8.9e-05	6.2e-05	7.1e-05	0.00012
16	0.00666	0.00537	0.00634	0.00018	0.00028	0.00017	0.00014	0.00616	0.07548	0.03780	0.00631	0.00501	0.00509	9.7e-05	9e-05	2e-05	8.7e-05	7.8e-05	7.6e-05	0.84457
17	0.00017	0.00011	0.00013	0.00013	0.00013	0.00011	7.7e-05	0.00017	0.00018	0.00024	0.00039	0.08169	0.00045	0.86101	0.01463	0.00010	0.00011	0.02964	0.01045	7.4e-05
18	0.00022	0.00019	0.00022	0.00017	0.00025	0.00015	0.00013	0.00028	0.02711	0.00905	0.11133	0.01703	0.07879	0.00788	0.00010	2.3e-05	8e-05	0.00990	8.1e-05	0.73701
19	0.01030	0.00025	0.00026	0.00023	0.00030	0.00028	0.00018	0.07893	0.86315	0.01395	0.01141	0.00042	0.00034	0.00015	0.00012	3.8e-05	9.3e-05	0.00013	0.01927	0.00018
20	0.00025	0.00056	0.89130	0.00033	0.01251	0.00026	0.01460	0.00038	0.00025	0.07818	0.00023	0.00026	0.00016	0.00011	0.00011	3.6e-05	0.00016	8.8e-05	5.6e-05	0.00017
21	0.00016	0.05257	0.00622	0.00018	0.00020	0.00465	0.05027	0.00019	0.00023	0.00534	0.00765	0.70849	0.06303	0.00973	0.00015	0.00861	8.1e-05	0.08203	0.00010	0.00010

[dist]
# distance from previous block
# <min> <max>
10	22

[block]
# block no. 13 follows, 3009 sequences, length 41
# corresponding to MSA columns:
# 1062-1068,1102-1124,1128-1138
name=unknown_N
#
# <colnr> <probs for GDERKNQSTAVLIFYWHMCP>
#	G	D	E	R	K	N	Q	S	T	A	V	L	I	F	Y	W	H	M	C	P
0	0.17059	0.01953	0.01058	0.11425	0.05681	0.12416	0.03849	0.03606	0.00024	0.04464	0.00466	0.00283	0.00017	0.01470	0.00437	0.00833	0.34174	0.00333	0.00437	0.00014
1	0.00023	0.00060	0.99535	0.00033	0.00050	0.00027	0.00043	0.00036	0.00024	0.00036	0.00021	0.00024	0.00015	0.00011	0.00011	3.6e-05	0.00017	8.5e-05	4.9e-05	0.00017
2	0.00017	0.00012	0.00016	0.01206	0.00928	0.00013	0.00315	0.00019	0.00018	0.00025	0.03999	0.00568	0.00859	0.51332	0.40309	0.00014	0.00019	0.00317	6.9e-05	8.7e-05
3	0.99677	0.00022	0.00017	0.00015	0.00022	0.00026	0.00012	0.00034	0.00020	0.00052	0.00016	0.00019	0.00012	0.00011	7.1e-05	3.6e-05	8.9e-05	6.2e-05	7.1e-05	0.00012
4	0.00037	0.00021	0.00026	0.00022	0.02533	0.00022	0.00017	0.09983	0.33313	0.36864	0.16513	0.00520	0.00043	0.00016	0.00012	3.7e-05	9.2e-05	0.00014	0.00013	0.00018
5	0.00026	0.00022	0.00024	0.02118	0.00753	0.06003	0.00017	0.02145	0.55464	0.02219	0.28110	0.00055	0.02958	0.00018	0.00012	3.7e-05	8.9e-05	0.00015	0.00011	0.00016
6	0.02537	0.00025	0.00026	0.00023	0.00030	0.00029	0.00018	0.01496	0.95563	0.00049	0.00046	0.00042	0.00034	0.00015	0.00012	3.9e-05	9.2e-05	0.00013	0.00012	0.00018
7	0.88608	0.00024	0.02524	0.00834	0.04577	0.01745	0.00314	0.00412	0.00020	0.00335	0.00017	0.00020	0.00013	0.00011	7.7e-05	3.6e-05	0.00508	6.6e-05	7e-05	0.00013
8	0.00023	0.00021	0.00034	0.95923	0.01216	0.00025	0.00032	0.00030	0.00023	0.02534	0.00021	0.00031	0.00016	0.00012	0.00012	3.8e-05	0.00015	0.00010	5.4e-05	0.00013
9	0.00028	0.01807	0.02768	0.06411	0.13092	0.00457	0.02788	0.05084	0.00391	0.08551	0.00559	0.00764	0.00019	0.00010	9.8e-05	2.5e-05	0.00011	8.6e-05	7.4e-05	0.57232
10	0.00022	0.00020	0.00035	0.99567	0.00079	0.00026	0.00032	0.00029	0.00023	0.00029	0.00020	0.00031	0.00015	0.00012	0.00012	3.8e-05	0.00015	0.00010	5.1e-05	0.00013
11	0.00022	0.04571	0.00036	0.93704	0.00724	0.00026	0.00031	0.00030	0.00023	0.00696	0.00020	0.00030	0.00015	0.00011	0.00011	3.8e-05	0.00015	0.00010	5.2e-05	0.00013
12	0.00020	0.00012	0.00013	0.00013	0.00016	0.00012	9.9e-05	0.00028	0.08491	0.00442	0.13828	0.01547	0.12956	0.00018	0.00010	3.2e-05	6e-05	0.03869	0.58270	0.00435
13	0.97891	0.00022	0.00017	0.00015	0.00022	0.00026	0.00013	0.00976	0.00020	0.00052	0.00856	0.00019	0.00013	0.00011	7.2e-05	3.6e-05	8.9e-05	6.4e-05	7.2e-05	0.00013
14	0.00020	0.00010	0.00016	0.00015	0.00016	0.00011	0.00010	0.00016	0.00015	0.00544	0.00021	0.00035	0.00021	0.00522	0.04891	0.91580	0.00869	0.00010	5.1e-05	0.01373
15	0.00016	0.00011	0.00013	0.00014	0.00015	0.00252	0.00322	0.00017	0.00020	0.00314	0.00963	0.35475	0.04941	0.52657	0.03333	8.5e-05	0.00423	0.00888	0.00309	8.3e-05
16	0.00031	0.99602	0.00060	0.00020	0.00030	0.00046	0.00020	0.00034	0.00023	0.00027	0.00016	0.00018	0.00015	9.9e-05	7.4e-05	2.5e-05	0.00012	6.2e-05	4.9e-05	0.00015
17	0.04464	0.00018	0.00022	0.00019	0.00025	0.00017	0.00015	0.10554	0.04598	0.44805	0.02649	0.23457	0.04918	0.00386	0.00012	3.9e-05	8.9e-05	0.02081	0.01929	0.00016
18	0.00188	0.00015	0.02104	0.00433	0.00535	0.00238	0.00384	0.00415	0.00299	0.07700	0.72101	0.02710	0.01202	0.00879	0.00013	3.5e-05	6.6e-05	0.00660	0.01198	0.08916
19	0.00367	0.00016	0.00022	0.00018	0.00024	0.00015	0.02256	0.03721	0.01008	0.40788	0.19587	0.12384	0.14278	0.00022	0.00013	3.9e-05	0.00873	0.04576	0.00012	0.00015
20	0.04259	0.00015	0.00018	0.00017	0.00021	0.00703	0.00013	0.03826	0.07930	0.09894	0.22613	0.39728	0.03933	0.00027	0.00013	4.2e-05	7.6e-05	0.06956	0.00011	0.00012
21	0.00524	0.00332	0.01219	0.63970	0.27414	0.01938	0.01650	0.00618	0.00024	0.00468	0.00021	0.00888	0.00017	0.00011	0.00012	3.7e-05	0.00545	0.00010	0.00321	0.00014
22	0.00022	0.00681	0.01381	0.16088	0.01218	0.03459	0.11873	0.00342	0.01790	0.00384	0.00238	0.00432	0.00193	0.01276	0.44434	0.00876	0.15282	0.00012	5.9e-05	0.00012
23	0.10427	0.00023	0.00027	0.00022	0.00030	0.00023	0.00018	0.24008	0.07098	0.55398	0.00752	0.00036	0.00541	0.00014	0.00011	3.6e-05	0.00010	0.01204	0.00013	0.00342
