[name]
unknown

[dist]
# distance from previous block
# <min> <max>
1	725

[block]
# block no. 0 follows, 2981 sequences, length 17
# corresponding to MSA columns:
# 769,774,776-790
name=unknown_A
#
# <colnr> <probs for GDERKNQSTAVLIFYWHMCP>
#	G	D	E	R	K	N	Q	S	T	A	V	L	I	F	Y	W	H	M	C	P
0	0.00588	0.55655	0.08286	0.00524	0.03936	0.14016	0.04070	0.03685	0.01255	0.02493	0.00525	0.00984	0.00365	0.00530	9.6e-05	0.00391	0.00414	8e-05	0.00823	0.01442
1	0.00016	0.00011	0.00015	0.00015	0.00017	0.00011	0.00011	0.00020	0.00596	0.02032	0.27454	0.47420	0.06709	0.08373	0.01173	0.00790	7.2e-05	0.01157	0.01487	0.02685
2	0.01817	0.03556	0.04995	0.05137	0.26382	0.05759	0.05985	0.09907	0.07601	0.23044	0.00650	0.00702	0.00023	0.00587	0.00012	3.6e-05	0.01847	0.00500	0.01115	0.00377
3	0.76350	0.05622	0.02227	0.00659	0.01303	0.05970	0.00605	0.03323	0.00583	0.00610	0.00017	0.00020	0.00014	0.00011	8.6e-05	3.5e-05	0.02646	6.8e-05	7.1e-05	0.00013
4	0.00625	0.00028	0.00988	0.02584	0.86445	0.00578	0.03547	0.00616	0.00026	0.00697	0.00023	0.00796	0.00019	0.00012	0.01359	3.7e-05	0.01067	0.00563	5.9e-05	0.00018
5	0.00432	0.00023	0.00454	0.53840	0.26160	0.00586	0.00655	0.02530	0.08027	0.00591	0.03740	0.00539	0.00478	0.00012	0.00012	3.7e-05	0.00674	0.00011	0.00723	0.00509
6	0.00875	0.00013	0.00016	0.00015	0.00018	0.00012	0.00011	0.00025	0.00909	0.08635	0.82725	0.02492	0.03246	0.00023	0.00013	3.7e-05	6e-05	0.00020	0.00928	0.00012
7	0.00015	0.00011	0.00014	0.00015	0.00016	0.00010	0.00010	0.00017	0.00022	0.00029	0.04697	0.65010	0.05552	0.21054	0.01611	6.2e-05	8.1e-05	0.01884	0.00010	9.1e-05
8	0.00017	0.00013	0.00884	0.00015	0.00018	0.00012	0.00011	0.00618	0.04571	0.01209	0.39439	0.06745	0.34454	0.01352	0.00014	4e-05	6.5e-05	0.06716	0.03890	0.00011
9	0.00022	0.00021	0.00035	0.99563	0.00080	0.00026	0.00032	0.00030	0.00023	0.00030	0.00021	0.00031	0.00015	0.00012	0.00012	3.9e-05	0.00015	0.00010	5.2e-05	0.00013
10	0.00719	0.00018	0.08177	0.00018	0.00024	0.00015	0.03624	0.03461	0.00922	0.14188	0.53759	0.00894	0.00071	0.00651	0.00013	3.6e-05	8e-05	0.00706	0.12715	0.00013
11	0.00031	0.99598	0.00061	0.00020	0.00030	0.00046	0.00020	0.00035	0.00024	0.00027	0.00016	0.00019	0.00015	9.9e-05	7.5e-05	2.5e-05	0.00012	6.2e-05	5e-05	0.00015
12	0.00016	0.00011	0.00013	0.00014	0.00015	0.00011	8.9e-05	0.00017	0.00019	0.00026	0.00990	0.31483	0.02677	0.56816	0.04843	0.01358	0.00011	0.01655	8.4e-05	8.1e-05
13	0.00043	0.00055	0.00033	0.00030	0.00036	0.99545	0.00022	0.00046	0.00033	0.00028	0.00018	0.00021	0.00015	0.00012	0.00010	3e-05	0.00021	7.5e-05	6e-05	0.00013
14	0.00017	0.00012	0.00016	0.00015	0.00018	0.00011	0.00011	0.00023	0.00886	0.01856	0.92935	0.01403	0.00969	0.00024	0.00014	3.7e-05	5.7e-05	0.00876	0.00894	0.00011
15	0.02194	0.00021	0.00024	0.00017	0.00028	0.00016	0.00014	0.02016	0.00025	0.00039	0.00021	0.00024	0.00017	8.8e-05	8.6e-05	1.8e-05	8.7e-05	6.9e-05	7e-05	0.95503
16	0.00017	0.00013	0.00019	0.01481	0.00541	0.00013	0.05261	0.00021	0.00952	0.00575	0.18784	0.30387	0.14224	0.04414	0.00478	4.8e-05	0.02160	0.19669	0.00976	0.00011

[dist]
# distance from previous block
# <min> <max>
3	8

[block]
# block no. 1 follows, 2981 sequences, length 21
# corresponding to MSA columns:
# 801,808-820,825-831
name=unknown_B
#
# <colnr> <probs for GDERKNQSTAVLIFYWHMCP>
#	G	D	E	R	K	N	Q	S	T	A	V	L	I	F	Y	W	H	M	C	P
0	0.00766	0.00541	0.07675	0.09318	0.29507	0.14730	0.05002	0.02984	0.02619	0.04048	0.16846	0.00887	0.01963	0.00014	0.00012	3.6e-05	0.01943	0.00745	0.00381	0.00015
1	0.00016	0.00012	0.00014	0.00013	0.00017	0.00010	9.9e-05	0.00020	0.00029	0.01695	0.43973	0.01370	0.52726	0.00027	0.00014	3.8e-05	5.8e-05	0.00023	0.00012	0.00010
2	0.02870	0.00769	0.00516	0.00635	0.01652	0.00702	0.02286	0.09032	0.68156	0.05042	0.01079	0.02088	0.01139	0.00016	0.00520	3.9e-05	0.0001	0.01174	0.02292	0.00018
3	0.01238	0.66311	0.06833	0.00023	0.00033	0.08199	0.00022	0.17155	0.00030	0.00036	0.00019	0.00021	0.00016	0.00011	8.7e-05	2.8e-05	0.00013	7.2e-05	6.2e-05	0.00016
4	0.00552	0.64957	0.07467	0.00862	0.02274	0.03165	0.00339	0.00835	0.06274	0.08135	0.01289	0.01975	0.00349	0.00445	0.00697	3e-05	0.00013	8.4e-05	6.5e-05	0.00355
5	0.00367	0.01396	0.00513	0.03699	0.04327	0.13569	0.01295	0.01772	0.53709	0.13249	0.01999	0.00905	0.01299	0.00369	0.00012	0.00357	0.00375	0.00761	0.00011	0.00017
6	0.00022	0.00021	0.00035	0.96972	0.02670	0.00026	0.00032	0.00030	0.00023	0.00030	0.00021	0.00031	0.00016	0.00012	0.00012	3.9e-05	0.00015	0.00010	5.2e-05	0.00013
7	0.00014	0.00012	0.00012	0.00013	0.00016	9.9e-05	9.4e-05	0.00017	0.00026	0.00032	0.04789	0.12905	0.79509	0.00030	0.00014	4.1e-05	6.1e-05	0.02560	0.00011	9.8e-05
8	0.00023	0.05052	0.15489	0.41698	0.06804	0.01486	0.03675	0.01102	0.05354	0.00676	0.10337	0.03408	0.02647	0.00014	0.00012	3.8e-05	0.01716	0.00481	6.8e-05	0.00014
9	0.04927	0.00023	0.06222	0.15749	0.04235	0.00021	0.01873	0.03793	0.00439	0.59187	0.00705	0.00525	0.00025	0.00014	0.00012	3.7e-05	0.00761	0.00854	0.00613	0.00018
10	0.00041	0.00023	0.00500	0.00022	0.00030	0.00023	0.00490	0.26621	0.07420	0.45511	0.06256	0.01774	0.05077	0.01399	0.00014	3.8e-05	0.03819	0.00013	0.00538	0.00426
11	0.00521	0.00013	0.00761	0.00020	0.06501	0.00012	0.00013	0.00554	0.00565	0.07094	0.11268	0.58257	0.08024	0.00439	0.00014	4.4e-05	7.6e-05	0.05438	0.00481	0.00011
12	0.00547	0.02265	0.03895	0.00744	0.02357	0.00472	0.00422	0.00932	0.00450	0.03556	0.00022	0.00437	0.00018	9.3e-05	9.1e-05	2e-05	0.00420	7.4e-05	7.1e-05	0.83429
13	0.03368	0.00025	0.00026	0.00023	0.00030	0.00840	0.00018	0.04320	0.83717	0.04996	0.00045	0.00867	0.00034	0.00016	0.00012	3.9e-05	9.4e-05	0.00013	0.01620	0.00018
14	0.00014	0.00012	0.00012	0.00013	0.00016	9.9e-05	9.4e-05	0.00017	0.00026	0.00032	0.06034	0.14784	0.76405	0.01278	0.00015	4.1e-05	6.1e-05	0.01292	0.00011	9.8e-05
15	0.00342	0.02528	0.15728	0.14936	0.31086	0.08061	0.11269	0.02131	0.02256	0.01935	0.01770	0.03353	0.01621	0.00304	0.00012	3.7e-05	0.00936	0.01111	0.00601	0.00016
16	0.00024	0.06127	0.12364	0.01683	0.10722	0.00410	0.02146	0.01463	0.01067	0.07889	0.00553	0.09855	0.00431	0.01984	0.31645	0.00335	0.06735	0.03360	7.3e-05	0.01201
17	0.00025	0.00013	0.00017	0.00016	0.00020	0.00012	0.00012	0.00652	0.00710	0.24548	0.06547	0.41053	0.17280	0.00027	0.00013	4.1e-05	7.3e-05	0.00806	0.08226	0.00012
18	0.00020	0.00014	0.00019	0.02303	0.01662	0.00013	0.03148	0.04686	0.02314	0.06967	0.05560	0.52111	0.17104	0.00501	0.00390	4.4e-05	0.00584	0.02225	0.00363	0.00011
19	0.03379	0.26185	0.28005	0.02046	0.13853	0.04366	0.04118	0.05877	0.00731	0.10047	0.00399	0.00456	0.00018	0.00011	0.00010	3.3e-05	0.00464	8.9e-05	6.7e-05	0.00017
20	0.02636	0.07564	0.01827	0.08117	0.25411	0.10620	0.17465	0.01096	0.00368	0.17575	0.00026	0.00887	0.00020	0.00012	0.00325	0.00380	0.04853	0.00405	0.00399	0.00016

[dist]
# distance from previous block
# <min> <max>
3	4

[block]
# block no. 2 follows, 2981 sequences, length 11
# corresponding to MSA columns:
# 838-848
name=unknown_C
#
# <colnr> <probs for GDERKNQSTAVLIFYWHMCP>
#	G	D	E	R	K	N	Q	S	T	A	V	L	I	F	Y	W	H	M	C	P
0	0.00019	0.00013	0.00016	0.00015	0.00018	0.00012	0.00011	0.00024	0.01575	0.08083	0.58267	0.13978	0.12875	0.00025	0.00013	3.8e-05	6.2e-05	0.00022	0.02092	0.02932
1	0.00888	0.00013	0.00015	0.00015	0.00019	0.00012	0.01048	0.00859	0.03423	0.01238	0.15798	0.02731	0.53787	0.00864	0.00014	4.2e-05	7.2e-05	0.18357	0.00897	0.00011
2	0.01324	0.00011	0.00014	0.00016	0.00017	0.00010	0.00011	0.00019	0.00025	0.01888	0.22532	0.61582	0.07446	0.01440	0.00015	4.5e-05	6.7e-05	0.03616	0.00011	0.00010
3	0.02261	0.00015	0.00018	0.00017	0.00021	0.00015	0.00013	0.01235	0.12458	0.10830	0.07846	0.16647	0.06032	0.11579	0.01187	5.2e-05	8.8e-05	0.19168	0.10633	0.00012
4	0.01934	0.00030	0.00033	0.00025	0.00034	0.00033	0.00021	0.82930	0.02457	0.08963	0.00030	0.00030	0.00021	0.00014	0.00011	3.5e-05	0.00012	0.00011	0.03387	0.00019
5	0.00025	0.00025	0.00035	0.00030	0.00030	0.00035	0.00025	0.00028	0.00018	0.00028	0.00016	0.00025	0.00015	0.00020	0.00037	4.9e-05	0.95036	0.00010	5.2e-05	0.04551
6	0.00015	0.00011	0.00014	0.02269	0.00018	0.00010	0.00011	0.00017	0.00022	0.00029	0.02617	0.67938	0.01975	0.16670	0.01843	6e-05	8.3e-05	0.04628	0.01889	9.3e-05
7	0.88770	0.03141	0.02531	0.00017	0.01598	0.00027	0.00014	0.02171	0.00021	0.01600	0.00017	0.00020	0.00013	0.00011	7.5e-05	3.6e-05	9.5e-05	6.6e-05	7.3e-05	0.00013
8	0.00023	0.03547	0.00038	0.80178	0.13532	0.00027	0.02431	0.00031	0.00024	0.00031	0.00021	0.00030	0.00016	0.00011	0.00012	3.8e-05	0.00015	0.00010	5.3e-05	0.00014
9	0.00024	0.02142	0.00024	0.00017	0.00026	0.00016	0.00014	0.00029	0.00025	0.02052	0.08966	0.00034	0.04481	0.00011	9.3e-05	2e-05	8.3e-05	9e-05	7.7e-05	0.82105
10	0.01164	0.01658	0.07421	0.01355	0.56148	0.03324	0.00882	0.01486	0.16275	0.03595	0.02437	0.00727	0.01375	0.00012	0.00011	3.5e-05	0.00013	0.00586	0.00899	0.00628

[dist]
# distance from previous block
# <min> <max>
1	31

[block]
# block no. 3 follows, 2981 sequences, length 11
# corresponding to MSA columns:
# 884-894
name=unknown_D
#
# <colnr> <probs for GDERKNQSTAVLIFYWHMCP>
#	G	D	E	R	K	N	Q	S	T	A	V	L	I	F	Y	W	H	M	C	P
0	0.00726	0.07017	0.00962	0.01874	0.04243	0.05928	0.02088	0.01222	0.00659	0.02151	0.00040	0.17212	0.00684	0.24166	0.16236	8.2e-05	0.01375	0.12712	0.00686	0.00011
1	0.00040	0.04492	0.00036	0.11495	0.02225	0.02615	0.00023	0.74230	0.03211	0.01476	0.00027	0.00028	0.00020	0.00013	0.00011	3.5e-05	0.00013	0.00010	0.00010	0.00019
2	0.00015	0.00011	0.00015	0.00017	0.00018	0.00011	0.01225	0.00018	0.01979	0.00031	0.02341	0.80806	0.01667	0.01789	0.00016	4.8e-05	0.01982	0.08032	0.00011	9.9e-05
3	0.01958	0.02182	0.06397	0.08335	0.23697	0.02476	0.06823	0.09602	0.07391	0.23218	0.01055	0.03114	0.00618	0.01053	0.00633	3.8e-05	0.00739	0.00678	9e-05	0.00017
4	0.00802	0.00021	0.00584	0.01383	0.01678	0.00986	0.03936	0.00966	0.00624	0.04946	0.01947	0.05809	0.01007	0.01032	0.00013	2.8e-05	0.10128	0.02220	0.01125	0.60791
5	0.00018	0.00013	0.00016	0.00015	0.00018	0.00012	0.00878	0.01995	0.01776	0.02556	0.60639	0.07379	0.20291	0.01612	0.00014	3.9e-05	6.3e-05	0.00851	0.01025	0.00882
6	0.03002	0.00018	0.00661	0.01334	0.01056	0.00016	0.01249	0.01617	0.03023	0.54909	0.22269	0.04439	0.01974	0.01197	0.01183	4e-05	9.2e-05	0.00885	0.01139	0.00016
7	0.03003	0.11491	0.15044	0.04605	0.20771	0.05342	0.04497	0.02806	0.01784	0.11330	0.06825	0.01106	0.01495	0.00648	0.00845	3.5e-05	0.00610	0.00713	7.6e-05	0.07074
8	0.00952	0.03478	0.05220	0.33801	0.04211	0.01688	0.01520	0.01266	0.03293	0.12317	0.03418	0.00532	0.00828	0.00022	0.10375	0.02085	0.08733	0.00494	0.01067	0.04700
9	0.00016	0.00011	0.00014	0.00016	0.00017	0.00010	0.00011	0.00019	0.01721	0.02002	0.10241	0.75948	0.04211	0.02799	0.01244	4.9e-05	7.2e-05	0.01687	0.00011	9.9e-05
10	0.10589	0.00872	0.18132	0.00947	0.05773	0.02230	0.03217	0.37013	0.02611	0.15300	0.01050	0.00684	0.00021	0.00684	0.00012	3.6e-05	0.00822	0.00010	9.5e-05	0.00018

[dist]
# distance from previous block
# <min> <max>
19	32

[block]
# block no. 4 follows, 2981 sequences, length 13
# corresponding to MSA columns:
# 953,954,956,957,960-968
name=unknown_E
#
# <colnr> <probs for GDERKNQSTAVLIFYWHMCP>
#	G	D	E	R	K	N	Q	S	T	A	V	L	I	F	Y	W	H	M	C	P
0	0.00990	0.20295	0.11369	0.01202	0.01835	0.09699	0.02183	0.04183	0.00840	0.13713	0.01058	0.00498	0.00458	0.00012	0.00472	2.9e-05	0.00619	0.00692	0.00466	0.29413
1	0.84206	0.01339	0.00798	0.00952	0.01480	0.01663	0.00704	0.01149	0.03137	0.02052	0.00018	0.00021	0.00014	0.00011	8.1e-05	3.6e-05	0.01289	7e-05	0.01135	0.00013
2	0.03041	0.25789	0.38564	0.05054	0.01805	0.00893	0.15158	0.02330	0.01456	0.01638	0.00022	0.00564	0.00549	0.00011	0.00011	3.4e-05	0.00618	0.00978	0.00512	0.01003
3	0.00017	0.00012	0.00015	0.00014	0.00018	0.00011	0.00011	0.00990	0.00999	0.03379	0.54720	0.10227	0.27193	0.00026	0.00014	3.8e-05	6e-05	0.01073	0.01260	0.00011
4	0.01479	0.00013	0.00505	0.00016	0.00539	0.00012	0.00542	0.00584	0.01005	0.05152	0.35991	0.36107	0.08778	0.03703	0.00534	0.00500	0.00978	0.02762	0.00789	0.00011
5	0.00015	0.00011	0.00014	0.00016	0.00017	0.00010	0.00011	0.00018	0.00025	0.00033	0.17650	0.66853	0.02854	0.01350	0.00015	4.6e-05	6.9e-05	0.09460	0.01625	9.8e-05
6	0.00016	0.00011	0.00014	0.00016	0.00017	0.00010	0.00011	0.00018	0.00917	0.01394	0.07008	0.74025	0.03157	0.05906	0.00925	5e-05	7.2e-05	0.02463	0.04070	9.7e-05
7	0.00024	0.03559	0.88881	0.00034	0.00050	0.00028	0.07192	0.00037	0.00025	0.00037	0.00021	0.00025	0.00015	0.00011	0.00011	3.7e-05	0.00017	8.9e-05	5e-05	0.00017
8	0.00043	0.00055	0.00033	0.00030	0.00036	0.99545	0.00022	0.00046	0.00033	0.00028	0.00018	0.00021	0.00015	0.00012	0.00010	3e-05	0.00021	7.5e-05	6e-05	0.00013
9	0.00021	0.00016	0.00018	0.00017	0.00021	0.00016	0.00013	0.01151	0.29801	0.01064	0.33245	0.16920	0.06799	0.00023	0.00013	3.9e-05	7e-05	0.01029	0.09809	0.00013
10	0.00022	0.00021	0.00035	0.99563	0.00080	0.00026	0.00032	0.00030	0.00023	0.00030	0.00021	0.00031	0.00015	0.00012	0.00012	3.9e-05	0.00015	0.00010	5.2e-05	0.00013
11	0.00984	0.00012	0.00014	0.00014	0.00014	0.00012	8.3e-05	0.00018	0.00018	0.00875	0.03984	0.01507	0.02816	0.76301	0.09502	0.00789	0.00013	0.01298	0.01813	7.9e-05
12	0.00029	0.01904	0.14574	0.05387	0.00035	0.29790	0.01735	0.01012	0.00025	0.01838	0.01172	0.04924	0.00567	0.01344	0.12766	0.01807	0.20010	0.00503	0.00564	0.00013

[dist]
# distance from previous block
# <min> <max>
7	31

[block]
# block no. 5 follows, 2981 sequences, length 10
# corresponding to MSA columns:
# 1008,1013-1017,1021-1023,1026
name=unknown_F
#
# <colnr> <probs for GDERKNQSTAVLIFYWHMCP>
#	G	D	E	R	K	N	Q	S	T	A	V	L	I	F	Y	W	H	M	C	P
0	0.00936	0.09398	0.17049	0.03184	0.04343	0.01444	0.01620	0.01439	0.01546	0.07071	0.02451	0.01602	0.01065	0.00546	0.00633	2.9e-05	0.00708	0.02697	0.01821	0.40443
1	0.03197	0.12857	0.39968	0.01293	0.02804	0.04505	0.01666	0.05087	0.03971	0.17035	0.01940	0.00833	0.01796	0.00789	0.00011	3.5e-05	0.00746	9.9e-05	0.00827	0.00662
2	0.00016	0.00011	0.00014	0.00015	0.00015	0.00011	9.4e-05	0.00018	0.01399	0.00027	0.01649	0.36004	0.01548	0.52864	0.02271	8.5e-05	0.01273	0.02830	8.7e-05	8.4e-05
3	0.07609	0.00022	0.01172	0.00021	0.00029	0.01176	0.00017	0.13420	0.02947	0.64136	0.06273	0.00040	0.01657	0.00015	0.00011	3.6e-05	0.00010	0.00012	0.01409	0.00018
4	0.02790	0.02274	0.11975	0.08423	0.49430	0.01251	0.09359	0.01071	0.00874	0.07558	0.00721	0.00929	0.00839	0.00012	0.00012	3.6e-05	0.00806	0.00948	0.00708	0.00017
5	0.01592	0.02883	0.15304	0.06204	0.25628	0.02171	0.11229	0.02901	0.01113	0.17916	0.00777	0.01000	0.02288	0.01546	0.05952	4.6e-05	0.00691	0.00779	7.7e-05	0.00016
6	0.00015	0.00011	0.00014	0.00016	0.00017	0.00010	0.00011	0.00017	0.00022	0.00029	0.02742	0.65200	0.03322	0.05050	0.10535	0.06507	0.0001	0.06452	9.8e-05	9.3e-05
7	0.01161	0.00020	0.00027	0.00021	0.00029	0.00018	0.00017	0.07312	0.01388	0.83018	0.01294	0.01185	0.01148	0.00015	0.00012	3.6e-05	9.9e-05	0.02008	0.01295	0.00019
8	0.03023	0.03822	0.07168	0.03667	0.16411	0.03405	0.03110	0.25255	0.02198	0.24339	0.00990	0.00748	0.00023	0.00584	0.00662	0.00565	0.02609	0.00652	0.00752	0.00018
9	0.02822	0.01896	0.00019	0.00626	0.00021	0.09041	0.01561	0.02289	0.00024	0.00628	0.00961	0.57946	0.01845	0.03122	0.07876	0.00717	0.01724	0.04675	0.00609	0.01597

[dist]
# distance from previous block
# <min> <max>
2	5

[block]
# block no. 6 follows, 2981 sequences, length 22
# corresponding to MSA columns:
# 1038-1048,1059-1069
name=unknown_G
#
# <colnr> <probs for GDERKNQSTAVLIFYWHMCP>
#	G	D	E	R	K	N	Q	S	T	A	V	L	I	F	Y	W	H	M	C	P
0	0.00017	0.00619	0.00818	0.00014	0.00018	0.00011	0.00011	0.00487	0.00029	0.03369	0.48426	0.08527	0.30330	0.03180	0.00593	4.2e-05	6.5e-05	0.01669	0.01861	0.00011
1	0.00941	0.00012	0.00016	0.00016	0.00018	0.00013	0.00011	0.00020	0.00018	0.01232	0.00620	0.00722	0.00035	0.40049	0.53588	0.01864	0.00794	0.00014	6.7e-05	9.1e-05
2	0.00017	0.00012	0.00015	0.00014	0.00017	0.00011	0.00011	0.00022	0.00032	0.01240	0.84949	0.00087	0.09836	0.00024	0.00013	3.6e-05	5.6e-05	0.00021	0.03658	0.00011
3	0.00833	0.02255	0.00980	0.00028	0.00033	0.68217	0.01741	0.03704	0.00450	0.00447	0.00028	0.01688	0.00938	0.00016	0.00012	3.5e-05	0.00682	0.16823	0.01109	0.00013
4	0.00031	0.95081	0.02200	0.00020	0.00030	0.02420	0.00020	0.00035	0.00024	0.00028	0.00016	0.00019	0.00015	0.00010	7.6e-05	2.5e-05	0.00013	6.3e-05	5e-05	0.00015
5	0.02078	0.00020	0.00027	0.00021	0.00030	0.00017	0.00017	0.00056	0.01575	0.95961	0.00045	0.00039	0.00029	0.00014	0.00012	3.6e-05	9.9e-05	0.00012	0.00014	0.00020
6	0.00017	0.00011	0.00013	0.00013	0.00013	0.00011	7e-05	0.00017	0.00017	0.00023	0.00037	0.00076	0.00042	0.99591	0.00059	0.00011	0.00011	0.00017	7e-05	7e-05
7	0.79363	0.00024	0.00020	0.00017	0.00025	0.00027	0.00014	0.14811	0.00026	0.05554	0.00020	0.00021	0.00015	0.00011	8.1e-05	3.6e-05	9.6e-05	7.2e-05	8.3e-05	0.00014
8	0.00033	0.00023	0.00025	0.00022	0.00029	0.01051	0.00017	0.06264	0.59528	0.19407	0.11086	0.00046	0.00041	0.00016	0.00012	3.8e-05	9.2e-05	0.00013	0.02355	0.00018
9	0.00766	0.00021	0.00026	0.00021	0.00029	0.00019	0.00017	0.13753	0.00834	0.72514	0.03843	0.00736	0.00031	0.00015	0.00011	3.5e-05	9.8e-05	0.00012	0.07321	0.00019
10	0.00025	0.00025	0.00036	0.00031	0.00031	0.00036	0.00025	0.00028	0.00018	0.00028	0.00015	0.00025	0.00015	0.00020	0.00038	5.1e-05	0.99570	0.00010	5.1e-05	0.00013
11	0.00022	0.00021	0.00035	0.99563	0.00080	0.00026	0.00032	0.00030	0.00023	0.00030	0.00021	0.00031	0.00015	0.00012	0.00012	3.9e-05	0.00015	0.00010	5.2e-05	0.00013
12	0.00524	0.01449	0.02591	0.00759	0.11001	0.00415	0.00649	0.02684	0.01906	0.74305	0.00698	0.00361	0.00651	0.00014	0.00012	3.6e-05	0.00011	0.00363	0.00013	0.01592
13	0.00026	0.02183	0.10741	0.00033	0.00037	0.01612	0.14271	0.00031	0.00020	0.01158	0.00017	0.00026	0.00016	0.00017	0.00030	4.7e-05	0.69745	0.00010	5.3e-05	0.00014
14	0.03592	0.00020	0.00026	0.00020	0.00029	0.00018	0.00017	0.04828	0.00873	0.84645	0.01073	0.00039	0.00029	0.00014	0.00011	3.6e-05	9.7e-05	0.00012	0.04721	0.00019
15	0.00043	0.00032	0.00034	0.00026	0.00036	0.00035	0.00022	0.91440	0.06575	0.00071	0.00029	0.00029	0.00021	0.00014	0.00012	3.5e-05	0.00012	0.00011	0.00012	0.01543
16	0.00028	0.00026	0.00025	0.00022	0.00028	0.13984	0.00017	0.00049	0.59863	0.00044	0.17695	0.01117	0.02196	0.00018	0.00012	3.8e-05	0.00010	0.04836	0.00011	0.00016
17	0.00026	0.00811	0.23666	0.00971	0.00031	0.00554	0.00774	0.01648	0.04065	0.15030	0.25175	0.00046	0.00044	0.00841	0.10654	5.5e-05	0.15156	0.00013	0.00473	0.00014
18	0.71278	0.00763	0.00926	0.00556	0.00313	0.00419	0.00609	0.00863	0.01293	0.13933	0.03658	0.02415	0.01572	0.00361	0.00346	3.7e-05	0.00306	8.8e-05	0.00363	0.00014
19	0.00016	0.00012	0.00014	0.00014	0.00017	0.00011	0.00010	0.00021	0.01674	0.01999	0.39601	0.12606	0.40050	0.00943	0.00014	4e-05	6.1e-05	0.01780	0.00616	0.00592
20	0.08500	0.01359	0.00026	0.00021	0.00942	0.00021	0.00017	0.04942	0.17657	0.52735	0.02220	0.00039	0.01376	0.00014	0.00011	3.5e-05	9.6e-05	0.00480	0.00534	0.09094
21	0.00642	0.06880	0.11558	0.12785	0.23797	0.01752	0.10820	0.04992	0.02622	0.07202	0.00471	0.02991	0.00287	0.00014	0.00508	3.8e-05	0.10531	0.01050	0.00303	0.00791

[dist]
# distance from previous block
# <min> <max>
4	9

[block]
# block no. 7 follows, 2981 sequences, length 14
# corresponding to MSA columns:
# 1080-1093
name=unknown_H
#
# <colnr> <probs for GDERKNQSTAVLIFYWHMCP>
#	G	D	E	R	K	N	Q	S	T	A	V	L	I	F	Y	W	H	M	C	P
0	0.02659	0.00014	0.00018	0.00016	0.00020	0.00014	0.00013	0.00945	0.00758	0.19185	0.25704	0.00973	0.01026	0.04187	0.14704	6.1e-05	0.00717	0.05257	0.23771	0.00013
1	0.04405	0.00019	0.00023	0.00019	0.00026	0.00017	0.00015	0.06039	0.00918	0.61322	0.04562	0.03831	0.02815	0.08536	0.00639	4.4e-05	9.7e-05	0.01873	0.03929	0.00997
2	0.99674	0.00022	0.00017	0.00015	0.00022	0.00026	0.00013	0.00034	0.00020	0.00052	0.00016	0.00019	0.00013	0.00011	7.2e-05	3.6e-05	9e-05	6.3e-05	7.2e-05	0.00013
3	0.00502	0.00423	0.00667	0.13385	0.00758	0.00598	0.00014	0.00553	0.00619	0.00487	0.00865	0.12226	0.02415	0.32647	0.16348	8.5e-05	0.00656	0.00959	0.00442	0.15428
4	0.00912	0.00013	0.00842	0.00017	0.00019	0.00012	0.00910	0.04502	0.03264	0.02703	0.02632	0.83174	0.00071	0.00033	0.00014	4.5e-05	7.4e-05	0.00030	0.00830	0.00011
5	0.00016	0.00012	0.00016	0.00018	0.00020	0.00011	0.00014	0.00020	0.00025	0.00033	0.06112	0.39050	0.07465	0.01550	0.00016	5e-05	8.5e-05	0.45587	0.00011	0.00010
6	0.01304	0.01333	0.36261	0.01486	0.05615	0.01175	0.22045	0.02980	0.01397	0.16909	0.01155	0.01087	0.00588	0.00499	0.01480	0.00399	0.02051	0.01768	0.00452	0.00017
7	0.02837	0.02025	0.04174	0.06915	0.47278	0.06756	0.02200	0.02218	0.01102	0.21203	0.00027	0.00873	0.00021	0.00012	0.00545	3.6e-05	0.00512	0.00530	0.00750	0.00017
8	0.00023	0.00060	0.99531	0.00033	0.00050	0.00027	0.00043	0.00037	0.00025	0.00037	0.00021	0.00025	0.00015	0.00011	0.00011	3.7e-05	0.00017	8.6e-05	4.9e-05	0.00017
9	0.00015	0.01345	0.00014	0.00015	0.00017	0.01044	0.00011	0.00018	0.00025	0.00033	0.14036	0.47456	0.32040	0.00032	0.00015	0.01507	6.7e-05	0.02351	0.00011	9.9e-05
10	0.01441	0.24678	0.27359	0.01777	0.16033	0.04375	0.05944	0.04295	0.03995	0.04705	0.01640	0.00922	0.00630	0.00012	0.00011	3.4e-05	0.00955	0.00719	0.00489	0.00016
11	0.00568	0.00021	0.02379	0.00520	0.00549	0.04647	0.00016	0.07486	0.01130	0.43102	0.03656	0.00050	0.02314	0.16214	0.12457	6.8e-05	0.01379	0.02959	0.00531	0.00015
12	0.00846	0.00011	0.00014	0.00016	0.00018	0.00011	0.00011	0.00903	0.00024	0.03962	0.04600	0.64937	0.12879	0.06417	0.00945	5.1e-05	7.5e-05	0.04374	0.00011	0.0001
13	0.35220	0.11364	0.13767	0.02480	0.03178	0.03081	0.06341	0.09098	0.05027	0.04346	0.00594	0.00026	0.00018	0.00544	0.02850	4e-05	0.01533	8.7e-05	0.00504	0.00015

[dist]
# distance from previous block
# <min> <max>
1	6

[block]
# block no. 8 follows, 2981 sequences, length 28
# corresponding to MSA columns:
# 1102-1129
name=unknown_I
#
# <colnr> <probs for GDERKNQSTAVLIFYWHMCP>
#	G	D	E	R	K	N	Q	S	T	A	V	L	I	F	Y	W	H	M	C	P
0	0.00016	0.00012	0.00015	0.01635	0.00409	0.00455	0.00012	0.00394	0.01789	0.00033	0.16193	0.59373	0.08351	0.03538	0.00016	4.7e-05	7.2e-05	0.07726	0.00011	0.00010
1	0.11592	0.10943	0.22484	0.01380	0.11500	0.10370	0.03578	0.06824	0.03772	0.06520	0.02230	0.01259	0.00419	0.00298	0.00511	3.6e-05	0.05138	0.00299	0.00864	0.00016
2	0.01382	0.07650	0.07914	0.01362	0.05816	0.38677	0.03648	0.07768	0.04677	0.09866	0.01542	0.00331	0.01101	0.00240	0.00013	3.4e-05	0.07507	0.00234	0.00253	0.00015
3	0.01409	0.00286	0.00832	0.00018	0.00285	0.00359	0.00014	0.01855	0.00411	0.03105	0.00306	0.00382	0.01709	0.00483	9.2e-05	2e-05	0.00271	0.00282	7.3e-05	0.87976
4	0.00705	0.03689	0.26487	0.02318	0.15221	0.00566	0.09677	0.01032	0.04720	0.19155	0.07924	0.02853	0.00938	0.00014	0.00270	3.7e-05	0.01059	0.01193	8.3e-05	0.02168
5	0.00345	0.00023	0.00037	0.66116	0.19036	0.00342	0.01382	0.01809	0.00433	0.00516	0.00389	0.00030	0.00017	0.00012	0.00368	3.9e-05	0.07073	0.00010	0.00292	0.01766
6	0.00024	0.00021	0.00024	0.00017	0.00028	0.00016	0.00014	0.00989	0.00024	0.00943	0.00021	0.00947	0.00018	9e-05	8.7e-05	1.8e-05	8.6e-05	7.2e-05	7e-05	0.96871
7	0.00017	0.00012	0.00015	0.01031	0.00018	0.00012	0.00360	0.00378	0.00681	0.00559	0.17926	0.17393	0.01948	0.38726	0.06815	8.1e-05	0.00011	0.14071	9.3e-05	9.2e-05
8	0.01797	0.00015	0.00018	0.00017	0.00345	0.00015	0.00013	0.00032	0.14166	0.12576	0.53070	0.06874	0.03545	0.00431	0.00640	0.01513	7.2e-05	0.03559	0.01353	0.00013
9	0.00867	0.00019	0.00025	0.00020	0.00028	0.00017	0.00016	0.01096	0.01155	0.83851	0.04018	0.05970	0.01880	0.00016	0.00012	3.7e-05	9.5e-05	0.00427	0.00551	0.00018
10	0.00014	0.00012	0.00013	0.00013	0.00016	0.00010	9.4e-05	0.00018	0.00027	0.00034	0.17478	0.05016	0.75518	0.00952	0.00014	4e-05	5.9e-05	0.00826	0.00011	0.0001
11	0.00016	0.00012	0.00015	0.00015	0.00017	0.00011	0.00011	0.00911	0.00028	0.00566	0.42513	0.30997	0.17608	0.02024	0.00015	4.3e-05	6.4e-05	0.05209	0.00012	0.00010
12	0.91546	0.00022	0.00018	0.00016	0.00023	0.00026	0.00013	0.01285	0.00021	0.06918	0.00018	0.00020	0.00014	0.00011	7.6e-05	3.6e-05	9.1e-05	6.7e-05	7.7e-05	0.00013
13	0.99674	0.00022	0.00017	0.00015	0.00022	0.00026	0.00013	0.00034	0.00020	0.00052	0.00016	0.00019	0.00013	0.00011	7.2e-05	3.6e-05	9e-05	6.3e-05	7.2e-05	0.00013
14	0.00971	0.00025	0.00030	0.00024	0.01124	0.00025	0.00019	0.40437	0.00042	0.56316	0.00842	0.00035	0.00026	0.00014	0.00012	3.6e-05	0.00011	0.00011	0.00013	0.00020
15	0.00029	0.00028	0.00047	0.00071	0.99519	0.00028	0.00036	0.00036	0.00026	0.00038	0.00022	0.00029	0.00018	0.00010	0.00012	3.5e-05	0.00014	0.00010	5.8e-05	0.00018
16	0.00016	0.00012	0.00015	0.00015	0.00017	0.00011	0.00011	0.00022	0.00032	0.00045	0.90750	0.00991	0.06905	0.00024	0.00014	3.7e-05	5.6e-05	0.01086	0.00013	0.00011
17	0.00558	0.00547	0.00373	0.00028	0.03047	0.00380	0.00022	0.90713	0.01118	0.01967	0.00399	0.00028	0.00020	0.00014	0.00378	3.5e-05	0.00013	0.00010	0.00011	0.00370
18	0.05280	0.39057	0.00662	0.00023	0.00031	0.00645	0.00020	0.21934	0.32149	0.00046	0.00029	0.00029	0.00023	0.00013	9.8e-05	3.2e-05	0.00011	9.4e-05	8.8e-05	0.00017
19	0.00029	0.00028	0.00047	0.00071	0.99519	0.00028	0.00036	0.00036	0.00026	0.00038	0.00022	0.00029	0.00018	0.00010	0.00012	3.5e-05	0.00014	0.00010	5.8e-05	0.00018
20	0.00014	0.00011	0.00013	0.00014	0.00016	9.9e-05	9.8e-05	0.00017	0.00822	0.00031	0.02996	0.40139	0.53693	0.01337	0.00015	4.3e-05	6.4e-05	0.00831	0.00011	9.7e-05
21	0.30885	0.15355	0.06870	0.00472	0.05030	0.04618	0.02038	0.05049	0.17471	0.06428	0.00262	0.02413	0.00370	0.01129	0.00010	3.6e-05	0.00249	0.00529	8.2e-05	0.00810
22	0.00017	0.00012	0.00015	0.00015	0.00018	0.00011	0.00011	0.00825	0.00569	0.02572	0.64276	0.16999	0.12303	0.00026	0.00014	3.9e-05	6e-05	0.01475	0.00821	0.00011
23	0.00014	0.00011	0.00013	0.00014	0.00016	9.7e-05	0.0001	0.00017	0.00024	0.00031	0.01363	0.52168	0.45286	0.00033	0.00014	4.4e-05	6.4e-05	0.00946	0.00011	9.6e-05
24	0.04344	0.10069	0.42584	0.02849	0.12579	0.09948	0.03700	0.02468	0.04198	0.00968	0.00714	0.00450	0.01235	0.00420	0.00535	3.6e-05	0.02060	0.00853	6e-05	0.00016
25	0.00041	0.00043	0.00646	0.03349	0.02014	0.56076	0.00843	0.20919	0.02944	0.07144	0.00023	0.00026	0.00018	0.00774	0.00013	3.4e-05	0.05091	9e-05	7.9e-05	0.00015
26	0.00014	0.00010	0.00014	0.00016	0.00017	9.7e-05	0.00011	0.00017	0.00023	0.00030	0.03126	0.84763	0.05925	0.00965	0.00015	4.7e-05	6.9e-05	0.05011	0.00011	9.6e-05
27	0.00994	0.00015	0.00499	0.00018	0.00021	0.00014	0.00790	0.11271	0.00924	0.06573	0.12873	0.49852	0.09443	0.01648	0.00015	4.4e-05	7.8e-05	0.04559	0.00468	0.00012

[dist]
# distance from previous block
# <min> <max>
3	8

[block]
# block no. 9 follows, 2981 sequences, length 17
# corresponding to MSA columns:
# 1138-1152,1154,1155
name=unknown_J
#
# <colnr> <probs for GDERKNQSTAVLIFYWHMCP>
#	G	D	E	R	K	N	Q	S	T	A	V	L	I	F	Y	W	H	M	C	P
0	0.00723	0.89246	0.01796	0.00021	0.00696	0.03505	0.00844	0.01391	0.00942	0.00724	0.00017	0.00020	0.00015	0.00010	7.8e-05	2.6e-05	0.00013	6.6e-05	5.3e-05	0.00015
1	0.03031	0.00749	0.00544	0.03144	0.23131	0.09797	0.15416	0.02547	0.14326	0.07536	0.05127	0.00932	0.00881	0.01146	0.03590	0.00417	0.06329	0.00985	0.00355	0.00016
2	0.00015	0.00011	0.00014	0.00015	0.00017	9.9e-05	0.00011	0.00017	0.00024	0.00032	0.09812	0.65415	0.18280	0.01468	0.00015	4.6e-05	6.7e-05	0.04814	0.00011	9.7e-05
3	0.00016	0.00012	0.00013	0.00014	0.00017	0.00010	9.9e-05	0.00019	0.00026	0.02747	0.16346	0.22600	0.52980	0.03105	0.00015	4.3e-05	6.3e-05	0.01096	0.00953	0.00010
4	0.00678	0.00012	0.00013	0.00013	0.00017	0.00011	9.7e-05	0.00019	0.01457	0.00697	0.24891	0.06438	0.63578	0.00692	0.00014	3.9e-05	6e-05	0.00024	0.00674	0.00753
5	0.89415	0.00022	0.00018	0.00016	0.00023	0.00025	0.00013	0.00035	0.02475	0.04274	0.01665	0.00022	0.00016	0.00011	7.6e-05	3.6e-05	8.9e-05	7e-05	0.01930	0.00013
6	0.99674	0.00022	0.00017	0.00015	0.00022	0.00026	0.00013	0.00034	0.00020	0.00052	0.00016	0.00019	0.00013	0.00011	7.2e-05	3.6e-05	9e-05	6.3e-05	7.2e-05	0.00013
7	0.78908	0.00022	0.00019	0.00016	0.00024	0.00024	0.00014	0.01511	0.00023	0.17842	0.01494	0.00024	0.00017	0.00012	8.2e-05	3.6e-05	9.2e-05	7.5e-05	8.6e-05	0.00014
8	0.00018	0.00013	0.00018	0.00019	0.00022	0.00013	0.01494	0.00022	0.00027	0.00034	0.00074	0.03673	0.22909	0.00031	0.00015	5e-05	9.6e-05	0.71582	0.00011	0.00011
9	0.02297	0.00021	0.00026	0.00021	0.00029	0.00019	0.00017	0.07550	0.11108	0.69315	0.01201	0.00785	0.03010	0.00016	0.00012	3.7e-05	9.7e-05	0.02321	0.02221	0.00019
10	0.00029	0.00032	0.00024	0.00023	0.00026	0.44475	0.00017	0.00032	0.00025	0.01091	0.00026	0.00040	0.00025	0.18473	0.33255	9.8e-05	0.01362	0.00011	0.01014	0.00011
11	0.00029	0.00025	0.00026	0.00024	0.00030	0.01193	0.00018	0.01539	0.93690	0.01087	0.00047	0.00043	0.01022	0.00016	0.00012	3.9e-05	9.4e-05	0.00013	0.00012	0.01161
12	0.00017	0.00011	0.00013	0.00013	0.00013	0.00011	7.1e-05	0.00017	0.00017	0.00023	0.00037	0.02246	0.00043	0.95405	0.00057	0.00011	0.00011	0.00017	0.02023	7.2e-05
13	0.00018	0.01780	0.00599	0.00414	0.00577	0.00013	0.00844	0.02391	0.02262	0.03374	0.05596	0.53146	0.12541	0.05129	0.06636	0.00513	0.00369	0.03419	0.00370	0.00011
14	0.00552	0.00023	0.00702	0.02621	0.50994	0.00520	0.00704	0.00519	0.00449	0.27379	0.02007	0.08030	0.00419	0.01033	0.00955	3.9e-05	0.02174	0.00888	8.8e-05	0.00017
15	0.00807	0.00021	0.00663	0.00021	0.00690	0.00018	0.00645	0.04374	0.00708	0.88174	0.02044	0.00040	0.01093	0.00015	0.00012	3.6e-05	0.00626	0.00012	0.00014	0.00019
16	0.00387	0.01189	0.06039	0.07414	0.13289	0.00837	0.35276	0.01942	0.01706	0.11084	0.00461	0.11195	0.00456	0.00499	0.00416	4.1e-05	0.00524	0.06872	0.00394	0.00015

[dist]
# distance from previous block
# <min> <max>
0	1

[block]
# block no. 10 follows, 2981 sequences, length 10
# corresponding to MSA columns:
# 1158,1159,1161-1168
name=unknown_K
#
# <colnr> <probs for GDERKNQSTAVLIFYWHMCP>
#	G	D	E	R	K	N	Q	S	T	A	V	L	I	F	Y	W	H	M	C	P
0	0.13101	0.00593	0.01105	0.01256	0.08882	0.02688	0.00922	0.01005	0.01087	0.02400	0.05238	0.06819	0.07061	0.06421	0.23136	0.00559	0.15404	0.01498	0.00814	0.00012
1	0.01466	0.23200	0.18148	0.02098	0.09055	0.14331	0.07308	0.07424	0.02580	0.03365	0.00587	0.00027	0.00605	0.00674	0.00575	3.3e-05	0.01443	0.00586	0.00584	0.05942
2	0.01687	0.00013	0.00015	0.00015	0.00018	0.00012	0.00011	0.00022	0.06053	0.00040	0.43430	0.04318	0.38937	0.00026	0.00014	3.9e-05	6.3e-05	0.05357	0.00012	0.00011
3	0.85129	0.00023	0.00021	0.01709	0.02357	0.00026	0.05599	0.00034	0.00021	0.02008	0.00018	0.00021	0.00014	0.00012	0.01463	3.8e-05	0.00010	7.1e-05	0.01513	0.00013
4	0.01499	0.07702	0.01390	0.03082	0.44862	0.11390	0.03420	0.05867	0.05911	0.07774	0.00827	0.02111	0.01972	0.00013	0.00011	3.5e-05	0.00696	0.00810	0.00644	0.00017
5	0.00044	0.00033	0.00035	0.00027	0.00036	0.00036	0.00022	0.99480	0.00055	0.00073	0.00028	0.00028	0.00020	0.00014	0.00012	3.5e-05	0.00013	0.00010	0.00012	0.00020
6	0.00016	0.00012	0.00016	0.01793	0.02244	0.00011	0.00012	0.02753	0.00024	0.00032	0.02681	0.76324	0.05374	0.01162	0.04349	5.2e-05	8.4e-05	0.01748	0.00010	0.01426
7	0.00020	0.00014	0.00765	0.00017	0.00881	0.00834	0.01628	0.01172	0.01090	0.05837	0.31016	0.14691	0.04195	0.05025	0.12536	6e-05	0.02783	0.01000	0.16478	0.00011
8	0.00024	0.05628	0.89633	0.00032	0.00048	0.00028	0.00040	0.00036	0.00024	0.00036	0.00021	0.00024	0.00015	0.00011	0.00011	3.5e-05	0.00017	8.4e-05	5e-05	0.04356
9	0.01096	0.19632	0.20608	0.01636	0.04903	0.10003	0.02512	0.01068	0.01279	0.15036	0.01240	0.01055	0.00827	0.00013	0.00579	3.3e-05	0.05256	0.00753	0.00581	0.11920

[dist]
# distance from previous block
# <min> <max>
0	11

[block]
# block no. 11 follows, 2981 sequences, length 10
# corresponding to MSA columns:
# 1195-1204
name=unknown_L
#
# <colnr> <probs for GDERKNQSTAVLIFYWHMCP>
#	G	D	E	R	K	N	Q	S	T	A	V	L	I	F	Y	W	H	M	C	P
0	0.02058	0.00017	0.01021	0.02750	0.22585	0.01032	0.04440	0.01161	0.00024	0.01171	0.00672	0.41959	0.00049	0.06265	0.03315	0.03191	0.00928	0.06680	0.00669	0.00012
1	0.00616	0.00623	0.02815	0.01044	0.01648	0.00013	0.01323	0.01180	0.01900	0.07411	0.23432	0.26045	0.21962	0.01418	0.01055	4.3e-05	0.01182	0.05118	0.01198	0.00012
2	0.03521	0.36848	0.27719	0.00716	0.02189	0.02086	0.02938	0.02734	0.01179	0.04609	0.02562	0.00026	0.00706	0.00011	0.00010	3.1e-05	0.02262	8.4e-05	0.00783	0.09089
3	0.00024	0.04052	0.14696	0.01429	0.00903	0.02166	0.03871	0.00977	0.27403	0.04253	0.04141	0.18275	0.04000	0.02251	0.06533	5e-05	0.00573	0.01612	0.00594	0.02241
4	0.00048	0.00019	0.00026	0.00020	0.00028	0.00017	0.00016	0.02122	0.01805	0.84544	0.04522	0.00043	0.01968	0.00015	0.00012	3.6e-05	9.5e-05	0.00012	0.03169	0.01599
5	0.01619	0.01104	0.01689	0.20124	0.38133	0.04371	0.06114	0.01465	0.01599	0.03658	0.00633	0.13208	0.00770	0.02625	0.00014	0.00602	0.01070	0.01182	7e-05	0.00015
6	0.02301	0.08699	0.23807	0.10849	0.12143	0.03261	0.10568	0.06085	0.03273	0.10924	0.00623	0.01215	0.01299	0.00818	0.00610	3.7e-05	0.01211	0.00897	0.00544	0.00868
7	0.00016	0.00012	0.00014	0.00015	0.00017	0.00011	0.00011	0.00019	0.01842	0.01840	0.07990	0.34433	0.35043	0.05682	0.01729	0.01373	7.6e-05	0.09923	0.00011	0.0001
8	0.00588	0.00746	0.02388	0.01456	0.00944	0.00607	0.00935	0.01260	0.00834	0.03836	0.03361	0.32651	0.20878	0.02005	0.01762	0.01187	8.9e-05	0.23770	0.00772	0.00011
9	0.01004	0.11885	0.30419	0.02673	0.13352	0.03602	0.06058	0.01835	0.03288	0.19857	0.01087	0.00933	0.01602	0.00013	0.00649	3.6e-05	0.01048	0.00668	7.7e-05	0.00017

[dist]
# distance from previous block
# <min> <max>
3	62

[block]
# block no. 12 follows, 2981 sequences, length 10
# corresponding to MSA columns:
# 1275-1279,1284-1288
name=unknown_M
#
# <colnr> <probs for GDERKNQSTAVLIFYWHMCP>
#	G	D	E	R	K	N	Q	S	T	A	V	L	I	F	Y	W	H	M	C	P
0	0.00015	0.00011	0.00013	0.00014	0.00016	0.00010	9.9e-05	0.00017	0.00025	0.00032	0.12317	0.36380	0.37442	0.10376	0.00019	5e-05	6.9e-05	0.03271	0.00011	9.6e-05
1	0.00020	0.00546	0.01563	0.00582	0.00580	0.01185	0.01563	0.04114	0.00591	0.00596	0.15134	0.24371	0.09097	0.00795	0.09622	0.00574	0.05094	0.02583	0.00555	0.20835
2	0.00016	0.00013	0.03129	0.00017	0.00019	0.00011	0.00012	0.00019	0.02068	0.01220	0.07849	0.72085	0.06072	0.01747	0.00015	4.6e-05	7.3e-05	0.04561	0.01125	0.00010
3	0.02037	0.00021	0.00025	0.00018	0.00028	0.00017	0.00926	0.06290	0.02593	0.04098	0.01159	0.01034	0.01497	0.01144	0.00010	2.3e-05	0.00941	8.4e-05	7.8e-05	0.78142
4	0.00610	0.02116	0.06195	0.00924	0.02060	0.00664	0.01496	0.02962	0.21988	0.00867	0.39568	0.01960	0.14353	0.00689	0.01271	4e-05	8.5e-05	0.00689	0.00749	0.00827
5	0.01429	0.88383	0.01413	0.00021	0.00030	0.01205	0.01249	0.01153	0.00024	0.02540	0.00017	0.00020	0.00015	0.00011	0.01155	2.8e-05	0.01303	6.7e-05	5.4e-05	0.00015
6	0.01753	0.00704	0.00022	0.00706	0.00024	0.04855	0.00015	0.09432	0.09194	0.11461	0.43277	0.03716	0.02713	0.03259	0.00933	4.1e-05	0.04915	0.00690	0.02314	0.00014
7	0.00665	0.00015	0.00775	0.07230	0.05838	0.00970	0.00694	0.01000	0.01608	0.04156	0.58277	0.03571	0.10247	0.00023	0.01184	0.00633	0.01076	0.02016	0.00011	0.00012
8	0.00842	0.00015	0.02390	0.00016	0.00020	0.01779	0.00012	0.01057	0.05426	0.06912	0.47029	0.03048	0.14327	0.00760	0.00974	0.00791	7.2e-05	0.02146	0.12436	0.00012
9	0.18396	0.00022	0.01026	0.00020	0.00028	0.01332	0.00016	0.04256	0.07431	0.61871	0.01621	0.01039	0.01432	0.00014	0.00011	3.6e-05	9.8e-05	0.00011	0.01443	0.00018

[dist]
# distance from previous block
# <min> <max>
11	27

[block]
# block no. 13 follows, 2981 sequences, length 11
# corresponding to MSA columns:
# 1340-1342,1349-1356
name=unknown_N
#
# <colnr> <probs for GDERKNQSTAVLIFYWHMCP>
#	G	D	E	R	K	N	Q	S	T	A	V	L	I	F	Y	W	H	M	C	P
0	0.05101	0.25774	0.21576	0.00752	0.04339	0.07034	0.05142	0.06757	0.00926	0.14953	0.01036	0.00743	0.00020	0.00554	0.00603	3.5e-05	0.02708	0.00657	0.00615	0.00707
1	0.00016	0.00012	0.00014	0.00014	0.00017	0.00011	0.00970	0.00020	0.00983	0.00994	0.28653	0.03570	0.55985	0.02252	0.00015	4.1e-05	0.00923	0.03350	0.02188	0.00010
2	0.02823	0.03813	0.06410	0.00771	0.06493	0.01459	0.04001	0.03866	0.02845	0.07963	0.01169	0.03112	0.00645	0.00011	0.00010	2.6e-05	0.00615	0.00596	7.7e-05	0.53387
3	0.01389	0.30231	0.14914	0.00605	0.02814	0.02611	0.02160	0.05911	0.02031	0.21464	0.01062	0.00677	0.00651	0.00517	0.00499	3.2e-05	0.01015	0.00650	0.00538	0.10258
4	0.25520	0.45354	0.05155	0.00648	0.03420	0.08734	0.00777	0.01224	0.02270	0.01223	0.00019	0.00689	0.00016	0.00012	0.00656	3.2e-05	0.01976	0.00647	6.1e-05	0.01650
5	0.04187	0.15843	0.13604	0.02597	0.03740	0.00728	0.03468	0.01019	0.00850	0.06084	0.00688	0.04928	0.00923	0.04189	0.06426	0.22981	0.04308	0.02838	0.00587	0.00012
6	0.00657	0.00752	0.13092	0.02219	0.04734	0.00018	0.07543	0.02814	0.00624	0.02636	0.00918	0.04550	0.04062	0.00612	0.00661	4.8e-05	0.00610	0.53469	9.2e-05	0.00013
7	0.41256	0.00018	0.00017	0.00015	0.00021	0.00018	0.00012	0.01995	0.00025	0.11809	0.04364	0.01370	0.37403	0.00020	0.00011	3.8e-05	7.9e-05	0.01614	9.8e-05	0.00012
8	0.00017	0.00011	0.00015	0.00016	0.00018	0.00011	0.00011	0.00019	0.00023	0.03628	0.06429	0.62919	0.02488	0.09967	0.01833	5.5e-05	8.1e-05	0.10795	0.01777	9.9e-05
9	0.00031	0.99598	0.00061	0.00020	0.00030	0.00046	0.00020	0.00035	0.00024	0.00027	0.00016	0.00019	0.00015	9.9e-05	7.5e-05	2.5e-05	0.00012	6.2e-05	5e-05	0.00015
10	0.00018	0.00013	0.00014	0.00014	0.00018	0.00011	0.00010	0.01215	0.01019	0.08665	0.11525	0.05425	0.66740	0.01511	0.01031	4.2e-05	6.8e-05	0.01659	0.01090	0.00011

[dist]
# distance from previous block
# <min> <max>
0	1

[block]
# block no. 14 follows, 2981 sequences, length 45
# corresponding to MSA columns:
# 1358-1364,1367-1372,1381-1396,1398,1402-1413,1418-1420
name=unknown_O
#
# <colnr> <probs for GDERKNQSTAVLIFYWHMCP>
#	G	D	E	R	K	N	Q	S	T	A	V	L	I	F	Y	W	H	M	C	P
0	0.95905	0.00023	0.00018	0.00016	0.00023	0.00026	0.00013	0.01665	0.00021	0.02184	0.00017	0.00019	0.00013	0.00011	7.4e-05	3.6e-05	9.1e-05	6.5e-05	7.4e-05	0.00013
1	0.00385	0.05445	0.04674	0.00020	0.02083	0.00883	0.00546	0.02662	0.02010	0.03085	0.00584	0.00749	0.00243	9.7e-05	9.2e-05	2.1e-05	0.00404	7.7e-05	7.2e-05	0.76191
2	0.00596	0.07136	0.19233	0.03222	0.36425	0.02037	0.07433	0.00602	0.00342	0.16737	0.02050	0.01936	0.00469	0.00012	0.00012	0.01104	0.00353	0.00274	7.3e-05	0.00017
3	0.01154	0.00028	0.00030	0.00025	0.00033	0.00032	0.00020	0.41710	0.53627	0.03156	0.00039	0.00037	0.00028	0.00015	0.00012	3.7e-05	0.00011	0.00012	0.00012	0.00019
4	0.00366	0.00017	0.02918	0.06155	0.00654	0.00249	0.01813	0.03021	0.04078	0.22000	0.26670	0.08612	0.21388	0.00022	0.00013	3.8e-05	0.00307	0.00853	0.00846	0.00014
5	0.00906	0.04499	0.30467	0.04557	0.23295	0.00993	0.05023	0.02503	0.02949	0.21892	0.00654	0.00540	0.00565	0.00163	0.00187	3.6e-05	0.00404	0.00374	7.8e-05	0.00018
6	0.00184	0.02193	0.07777	0.08611	0.07358	0.04930	0.05774	0.01344	0.04197	0.14117	0.03524	0.27887	0.05697	0.00494	0.00490	4.1e-05	0.03445	0.01726	0.00235	0.00014
7	0.00016	0.00012	0.00014	0.00015	0.00016	0.00327	9.7e-05	0.00018	0.00313	0.00500	0.04029	0.16191	0.12795	0.43849	0.18374	0.02164	0.00013	0.01091	0.00245	8.7e-05
8	0.03368	0.03665	0.05325	0.06152	0.13048	0.04329	0.04262	0.09277	0.04159	0.34441	0.02728	0.00756	0.03012	0.00446	0.00422	0.00148	0.01345	0.00782	0.02318	0.00017
9	0.02391	0.18411	0.31926	0.02976	0.14211	0.05693	0.04095	0.03502	0.01810	0.12017	0.00485	0.01099	0.00266	0.00012	0.00011	3.4e-05	0.00489	0.00331	6.8e-05	0.00263
10	0.00311	0.00179	0.07914	0.02873	0.02399	0.00400	0.02999	0.00850	0.03986	0.25100	0.22374	0.05704	0.18836	0.00309	0.01031	0.01992	0.01639	0.00883	0.00207	0.00014
11	0.00014	0.00011	0.00013	0.00014	0.00016	9.8e-05	0.00010	0.00017	0.00025	0.00406	0.07937	0.46100	0.41771	0.01834	0.00015	4.4e-05	6.4e-05	0.01400	0.00385	9.7e-05
12	0.02561	0.06972	0.10781	0.03440	0.33496	0.01984	0.05925	0.05605	0.03398	0.16055	0.01367	0.05196	0.00256	0.00176	0.00206	3.6e-05	0.00568	0.01490	8e-05	0.00513
13	0.16571	0.17531	0.07500	0.03804	0.08887	0.16797	0.02755	0.10643	0.05377	0.05976	0.00210	0.00487	0.00236	0.00012	0.00010	3.3e-05	0.01383	0.00183	0.00292	0.01341
14	0.00874	0.00021	0.00027	0.00021	0.00029	0.00020	0.00017	0.20061	0.00446	0.66081	0.01640	0.01902	0.00375	0.00015	0.00011	3.5e-05	0.0001	0.00725	0.07703	0.00019
15	0.11091	0.00355	0.01253	0.06344	0.59484	0.01750	0.05158	0.01669	0.00316	0.07207	0.00206	0.00228	0.00019	0.00011	0.00012	3.5e-05	0.02512	0.00302	6.7e-05	0.02072
