[name]
unknown

[dist]
# distance from previous block
# <min> <max>
0	305

[block]
# block no. 0 follows, 2880 sequences, length 8
# corresponding to MSA columns:
# 561,566-572
name=unknown_A
#
# <colnr> <probs for GDERKNQSTAVLIFYWHMCP>
#	G	D	E	R	K	N	Q	S	T	A	V	L	I	F	Y	W	H	M	C	P
0	0.00757	0.02748	0.02177	0.03544	0.02438	0.01371	0.04225	0.02683	0.05365	0.04867	0.04959	0.26676	0.14082	0.08234	0.04044	0.01114	0.03874	0.03061	0.00693	0.03089
1	0.02315	0.08044	0.12942	0.04133	0.09059	0.06607	0.06792	0.06780	0.07216	0.11540	0.04085	0.04795	0.02668	0.04625	0.00822	0.00867	0.01795	0.00956	0.01207	0.02752
2	0.02422	0.07737	0.16118	0.13041	0.08263	0.03246	0.06857	0.02968	0.04032	0.10459	0.04233	0.06185	0.02078	0.01042	0.01716	0.01576	0.02200	0.01903	8e-05	0.03919
3	0.00943	0.00012	0.00016	0.02623	0.02625	0.00012	0.00012	0.00020	0.00970	0.02093	0.03860	0.61325	0.04979	0.12761	0.00998	0.03200	0.01079	0.01065	0.01398	0.00010
4	0.02954	0.01145	0.25103	0.01658	0.05831	0.01010	0.15951	0.05473	0.01545	0.05130	0.02749	0.14851	0.02759	0.02695	0.01677	0.00905	0.00813	0.03583	0.02309	0.01859
5	0.02788	0.09616	0.18397	0.08485	0.17495	0.04805	0.09721	0.05309	0.04781	0.09567	0.01671	0.02555	0.01011	0.00014	0.01379	3.9e-05	0.01410	0.00968	7.6e-05	0.00017
6	0.02110	0.04690	0.06548	0.20694	0.14957	0.03715	0.05934	0.04802	0.02625	0.11967	0.03680	0.04655	0.05856	0.00844	0.00715	4e-05	0.02145	0.00942	0.01100	0.02017
7	0.00018	0.00014	0.00929	0.01146	0.01057	0.01129	0.01181	0.01461	0.03504	0.01333	0.02317	0.43832	0.23392	0.08137	0.04353	0.02177	0.00866	0.01994	0.01150	0.00011

[dist]
# distance from previous block
# <min> <max>
6	21

[block]
# block no. 1 follows, 2880 sequences, length 11
# corresponding to MSA columns:
# 602-612
name=unknown_B
#
# <colnr> <probs for GDERKNQSTAVLIFYWHMCP>
#	G	D	E	R	K	N	Q	S	T	A	V	L	I	F	Y	W	H	M	C	P
0	0.05738	0.17916	0.21383	0.03198	0.07375	0.07767	0.04296	0.11738	0.03846	0.08645	0.00794	0.01215	0.01378	0.00555	0.00791	3.7e-05	0.01254	0.00859	7.7e-05	0.01241
1	0.00647	0.00013	0.00675	0.02796	0.01104	0.01038	0.00896	0.00020	0.01577	0.01204	0.01263	0.73087	0.03411	0.01637	0.04073	0.00715	0.03840	0.00725	0.00541	0.00739
2	0.00949	0.00011	0.00015	0.00017	0.00018	0.00011	0.00011	0.00019	0.00023	0.01882	0.02354	0.76652	0.04389	0.03871	0.05196	5.8e-05	8.6e-05	0.02151	0.01372	0.01045
3	0.02608	0.10337	0.14917	0.06596	0.10481	0.06101	0.08265	0.01797	0.05978	0.03368	0.03927	0.10933	0.04570	0.01555	0.00884	0.00536	0.03095	0.02639	0.00822	0.00591
4	0.00026	0.00731	0.18313	0.09381	0.03288	0.02754	0.21743	0.03060	0.07722	0.04868	0.01185	0.19893	0.01698	0.00019	0.00570	0.00623	0.01431	0.01947	0.00733	0.00015
5	0.02167	0.00021	0.00028	0.00021	0.00030	0.00018	0.00018	0.03445	0.00035	0.90310	0.00046	0.00042	0.00030	0.00015	0.00012	3.7e-05	0.00010	0.01866	0.01862	0.00020
6	0.00016	0.00011	0.00014	0.00016	0.00017	0.00011	0.00011	0.00018	0.01370	0.00031	0.02718	0.66922	0.04403	0.19191	0.00024	6.1e-05	8e-05	0.03809	0.01396	9.5e-05
7	0.00030	0.00025	0.00027	0.01623	0.00779	0.00701	0.00019	0.03608	0.78054	0.00903	0.02640	0.01130	0.04472	0.00717	0.01619	4.5e-05	0.00806	0.01634	0.01190	0.00018
8	0.00027	0.02490	0.00040	0.02336	0.00035	0.00036	0.06666	0.00030	0.00019	0.00030	0.00017	0.00027	0.00016	0.00020	0.00036	5.1e-05	0.88142	0.00011	5.3e-05	0.00013
9	0.02468	0.00025	0.00033	0.35339	0.06722	0.01195	0.00025	0.22926	0.07920	0.07286	0.03366	0.00750	0.03263	0.00014	0.00012	3.7e-05	0.00935	0.00012	0.00850	0.06855
10	0.00045	0.00034	0.00036	0.00028	0.00037	0.04894	0.00023	0.89830	0.04836	0.00072	0.00029	0.00029	0.00021	0.00014	0.00012	3.6e-05	0.00013	0.00011	0.00012	0.00020

[dist]
# distance from previous block
# <min> <max>
4	32

[block]
# block no. 2 follows, 2880 sequences, length 23
# corresponding to MSA columns:
# 650-663,665-673
name=unknown_C
#
# <colnr> <probs for GDERKNQSTAVLIFYWHMCP>
#	G	D	E	R	K	N	Q	S	T	A	V	L	I	F	Y	W	H	M	C	P
0	0.00467	0.17490	0.00038	0.00027	0.00033	0.33979	0.00022	0.14112	0.06311	0.00661	0.00023	0.00027	0.00019	0.01931	0.02497	0.00388	0.18680	9.3e-05	0.02672	0.00616
1	0.00036	0.00043	0.00030	0.00028	0.00032	0.66920	0.00021	0.01433	0.00030	0.00030	0.00023	0.00987	0.00020	0.01289	0.26142	7.6e-05	0.02899	9.6e-05	6.4e-05	0.00013
2	0.00025	0.02499	0.85524	0.00036	0.00053	0.00029	0.11592	0.00038	0.00026	0.00038	0.00022	0.00026	0.00016	0.00011	0.00012	3.8e-05	0.00018	9.4e-05	5.2e-05	0.00018
3	0.00023	0.00022	0.00686	0.86481	0.01698	0.00640	0.05689	0.00031	0.00839	0.00032	0.01390	0.00536	0.00583	0.00013	0.00839	4.1e-05	0.00462	0.00011	5.6e-05	0.00014
4	0.00015	0.00011	0.00015	0.00017	0.00018	0.00010	0.00988	0.00649	0.00023	0.00031	0.00757	0.90701	0.01933	0.02576	0.00016	5e-05	7.3e-05	0.02204	0.00011	9.9e-05
5	0.00025	0.00063	0.99503	0.00035	0.00053	0.00028	0.00045	0.00039	0.00026	0.00039	0.00022	0.00027	0.00016	0.00012	0.00012	4e-05	0.00018	9.2e-05	5.4e-05	0.00018
6	0.00017	0.00012	0.00013	0.00013	0.00013	0.00012	7.6e-05	0.00018	0.00018	0.00024	0.00038	0.02228	0.00044	0.94245	0.03240	0.00012	0.00012	0.00018	7.3e-05	7.5e-05
7	0.00015	0.00011	0.00015	0.00017	0.00018	0.00010	0.00769	0.00018	0.00679	0.00032	0.05460	0.84949	0.02854	0.03431	0.00017	5e-05	7.2e-05	0.01673	0.00011	9.9e-05
8	0.99662	0.00023	0.00018	0.00016	0.00023	0.00027	0.00013	0.00035	0.00020	0.00054	0.00017	0.00020	0.00013	0.00011	7.4e-05	3.7e-05	9.3e-05	6.5e-05	7.4e-05	0.00013
9	0.00032	0.99584	0.00063	0.00021	0.00031	0.00048	0.00021	0.00036	0.00024	0.00028	0.00017	0.00019	0.00015	0.00010	7.7e-05	2.6e-05	0.00013	6.4e-05	5.1e-05	0.00015
10	0.02481	0.00025	0.00031	0.08994	0.00037	0.00025	0.00021	0.29366	0.00763	0.55234	0.00977	0.00599	0.00026	0.00015	0.00012	3.7e-05	0.01348	0.00012	0.00013	0.00019
11	0.00017	0.00012	0.00016	0.00015	0.00018	0.00011	0.00794	0.00022	0.00032	0.01929	0.69978	0.05204	0.20143	0.01058	0.00693	4.1e-05	6.3e-05	0.00023	0.00013	0.00011
12	0.00015	0.00011	0.00014	0.00017	0.00018	0.00010	0.00011	0.00018	0.00024	0.00918	0.07747	0.84871	0.03389	0.00037	0.00791	4.9e-05	7.2e-05	0.02076	0.00011	0.00010
13	0.31834	0.07071	0.14925	0.11739	0.00573	0.14486	0.08980	0.07384	0.00027	0.01091	0.00020	0.00025	0.00016	0.00012	0.00471	3.7e-05	0.00447	8.7e-05	0.00871	0.00015
14	0.00353	0.00012	0.00016	0.00334	0.00823	0.00012	0.01513	0.00693	0.00535	0.02855	0.03538	0.59582	0.03669	0.13241	0.02862	0.00855	0.00663	0.05579	0.02854	0.00010
15	0.00547	0.00016	0.00823	0.00017	0.00323	0.00319	0.00337	0.03412	0.09204	0.14223	0.36474	0.07331	0.17810	0.01628	0.00767	0.01017	0.00330	0.01399	0.04010	0.00013
16	0.00022	0.00015	0.00018	0.00016	0.00020	0.00014	0.00012	0.04430	0.03906	0.10919	0.44063	0.01422	0.29903	0.00739	0.00014	4e-05	7e-05	0.03401	0.01062	0.00013
17	0.09107	0.00026	0.00029	0.00023	0.00032	0.00808	0.00019	0.33377	0.14496	0.37815	0.02738	0.00037	0.00028	0.00015	0.00012	3.7e-05	0.00011	0.00012	0.01394	0.00019
18	0.00666	0.17206	0.43221	0.03938	0.02508	0.06169	0.04303	0.02364	0.05416	0.03075	0.02411	0.01752	0.01601	0.00624	0.00579	0.00595	0.02887	0.00338	0.00329	0.00016
19	0.00313	0.02636	0.04179	0.03127	0.03163	0.00446	0.02027	0.01533	0.02722	0.12623	0.02599	0.07088	0.03490	0.12577	0.26129	0.03431	0.05386	0.06101	0.00416	0.00013
20	0.00602	0.00011	0.00014	0.00016	0.00018	0.00010	0.00011	0.00017	0.00024	0.00724	0.01189	0.87465	0.07273	0.00909	0.00606	5e-05	7.2e-05	0.01078	0.00011	9.9e-05
21	0.00019	0.01521	0.01415	0.01916	0.00755	0.00391	0.01302	0.00447	0.00020	0.00886	0.01943	0.05353	0.00520	0.39219	0.38869	0.01946	0.00946	0.01894	0.00630	9.8e-05
22	0.01446	0.04872	0.17835	0.14369	0.13398	0.04587	0.10165	0.03211	0.02432	0.03442	0.02443	0.07264	0.01048	0.01074	0.00512	4.1e-05	0.10823	0.00402	0.00343	0.00331

[dist]
# distance from previous block
# <min> <max>
3	6

[block]
# block no. 3 follows, 2880 sequences, length 23
# corresponding to MSA columns:
# 714-717,724-742
name=unknown_D
#
# <colnr> <probs for GDERKNQSTAVLIFYWHMCP>
#	G	D	E	R	K	N	Q	S	T	A	V	L	I	F	Y	W	H	M	C	P
0	0.01877	0.14626	0.02923	0.08995	0.04233	0.07584	0.02783	0.16365	0.06408	0.04850	0.00827	0.01089	0.00021	0.00012	0.00011	3.1e-05	0.01322	0.00336	0.00370	0.25364
1	0.00023	0.00057	0.87758	0.00033	0.00049	0.00026	0.01606	0.00036	0.00026	0.00039	0.07918	0.00800	0.00774	0.00013	0.00012	3.8e-05	0.00017	0.00786	5.9e-05	0.00017
2	0.94242	0.00023	0.00018	0.00016	0.00024	0.00027	0.00013	0.02840	0.00022	0.01480	0.01198	0.00021	0.00015	0.00011	7.7e-05	3.7e-05	9.4e-05	6.9e-05	7.8e-05	0.00013
3	0.00811	0.23629	0.31566	0.04020	0.07444	0.02175	0.10536	0.01861	0.02860	0.04691	0.02388	0.02008	0.01194	0.00623	0.00610	0.00463	0.00793	0.00379	0.00512	0.01435
4	0.00016	0.00011	0.00015	0.01790	0.00019	0.00011	0.00429	0.00422	0.00460	0.00032	0.00537	0.77510	0.03637	0.03540	0.00485	0.00401	7.9e-05	0.09635	0.01032	0.00010
5	0.01745	0.00960	0.00032	0.00025	0.00034	0.01207	0.00901	0.43952	0.29918	0.21039	0.00038	0.00036	0.00027	0.00015	0.00012	3.8e-05	0.00012	0.00012	0.00012	0.00020
6	0.00030	0.00472	0.01446	0.30516	0.39267	0.01618	0.01911	0.02990	0.02472	0.09185	0.02349	0.01073	0.00610	0.00014	0.01222	3.9e-05	0.00610	0.00576	7.2e-05	0.03629
7	0.00020	0.00016	0.00022	0.16634	0.05107	0.00488	0.00444	0.00745	0.02555	0.04186	0.04323	0.30518	0.12184	0.00783	0.01783	0.01256	0.02053	0.16861	9.8e-05	0.00012
8	0.00022	0.00021	0.00034	0.73009	0.09576	0.00025	0.00785	0.00029	0.00024	0.00031	0.00027	0.07946	0.01199	0.04037	0.01336	4.6e-05	0.01860	0.00013	6e-05	0.00013
9	0.01468	0.00027	0.00030	0.00024	0.00879	0.08092	0.00019	0.24726	0.02347	0.57270	0.01140	0.00038	0.02009	0.00015	0.00012	3.7e-05	0.01855	0.00012	0.00013	0.00019
10	0.02330	0.01878	0.01979	0.06130	0.04099	0.03927	0.07299	0.19232	0.07299	0.25162	0.06594	0.01689	0.01740	0.01508	0.02512	0.00302	0.03328	0.02546	0.00429	0.00017
11	0.00508	0.00554	0.00015	0.00016	0.00018	0.00011	0.00012	0.00617	0.01852	0.02421	0.09625	0.57404	0.19012	0.01330	0.00818	4.8e-05	7.4e-05	0.05247	0.00517	0.00011
12	0.01053	0.00013	0.00017	0.00015	0.00019	0.00012	0.00012	0.01183	0.00934	0.02095	0.91865	0.00088	0.02600	0.00024	0.00014	3.8e-05	5.9e-05	0.00021	0.00013	0.00012
13	0.00558	0.01331	0.01243	0.17883	0.05971	0.17452	0.02067	0.33769	0.00416	0.00496	0.00027	0.00031	0.00020	0.00013	0.00011	3.4e-05	0.00384	0.00010	0.18297	0.00016
14	0.13062	0.10008	0.30566	0.08911	0.08081	0.00624	0.06484	0.02940	0.06977	0.09140	0.00461	0.00389	0.00020	0.00013	0.00011	3.7e-05	0.00014	0.01860	0.00418	0.00017
15	0.02485	0.06836	0.22038	0.12172	0.07155	0.05681	0.05418	0.06039	0.04463	0.06923	0.02642	0.00696	0.00532	0.00378	0.02103	0.00437	0.03640	0.00327	7.3e-05	0.10027
16	0.06456	0.00025	0.00799	0.00767	0.01567	0.01388	0.00322	0.26119	0.25350	0.17976	0.03627	0.00043	0.04452	0.02649	0.00998	0.03553	0.00995	0.00958	0.00269	0.01685
17	0.00016	0.00011	0.00014	0.00016	0.00017	0.00010	0.00010	0.00019	0.00023	0.00033	0.01569	0.71523	0.02050	0.07731	0.00018	5.1e-05	7.1e-05	0.01126	0.15792	9.9e-05
18	0.02655	0.00296	0.00685	0.00022	0.00427	0.01186	0.00291	0.12167	0.02734	0.63039	0.07188	0.00571	0.00742	0.01685	0.02068	0.00258	0.01570	0.00524	0.01873	0.00019
19	0.04805	0.09293	0.27398	0.07667	0.12169	0.02398	0.09424	0.04204	0.02773	0.07558	0.01863	0.01999	0.02309	0.00798	0.00847	3.9e-05	0.01696	0.01710	0.00543	0.00542
20	0.00310	0.00013	0.00345	0.00579	0.00390	0.00012	0.00382	0.00736	0.00512	0.02476	0.25649	0.20378	0.26668	0.10574	0.04389	0.00909	0.00311	0.01804	0.03551	0.00011
21	0.10453	0.00022	0.00027	0.00021	0.00030	0.00695	0.00017	0.06815	0.01987	0.74127	0.00780	0.00041	0.01901	0.00015	0.00012	3.7e-05	0.00010	0.01164	0.01863	0.00019
22	0.01045	0.06601	0.09724	0.40873	0.11461	0.04039	0.07158	0.03041	0.01246	0.03347	0.01508	0.04738	0.01280	0.00447	0.00386	3.9e-05	0.01767	0.00476	0.00844	0.00015

[dist]
# distance from previous block
# <min> <max>
3	7

[block]
# block no. 4 follows, 2880 sequences, length 8
# corresponding to MSA columns:
# 752-759
name=unknown_E
#
# <colnr> <probs for GDERKNQSTAVLIFYWHMCP>
#	G	D	E	R	K	N	Q	S	T	A	V	L	I	F	Y	W	H	M	C	P
0	0.00016	0.00011	0.00014	0.00016	0.00017	0.00010	0.00011	0.00018	0.00024	0.01662	0.06158	0.62701	0.11708	0.10315	0.01593	0.01980	8e-05	0.03716	0.00011	9.8e-05
1	0.41878	0.10029	0.09432	0.00772	0.02449	0.01869	0.04299	0.07054	0.00965	0.05601	0.01410	0.01401	0.00019	0.00714	0.02428	4e-05	0.03360	0.00734	0.00806	0.04776
2	0.02098	0.19290	0.16081	0.09405	0.08932	0.03720	0.08488	0.07780	0.02151	0.08905	0.01084	0.02313	0.01016	0.00790	0.01080	3.7e-05	0.00919	0.01093	7.4e-05	0.04843
3	0.02026	0.01351	0.01516	0.01406	0.00666	0.01567	0.00796	0.01834	0.00836	0.03042	0.03735	0.11092	0.01075	0.17854	0.31936	0.01842	0.08879	0.03051	0.04154	0.01340
4	0.00016	0.00012	0.00015	0.00016	0.00018	0.00011	0.01447	0.00019	0.01436	0.01458	0.09209	0.48409	0.30863	0.01425	0.00016	0.01752	7.1e-05	0.03849	0.00011	0.00010
5	0.00022	0.00848	0.00851	0.25911	0.08917	0.02299	0.02902	0.03319	0.03054	0.00875	0.02116	0.24679	0.11047	0.03100	0.03572	0.01110	0.02708	0.01828	0.00830	0.00013
6	0.00017	0.00012	0.00016	0.00018	0.00020	0.00012	0.01330	0.00021	0.03075	0.02180	0.09633	0.57330	0.09796	0.02405	0.02613	5.2e-05	0.02050	0.08221	0.01236	0.00011
7	0.65229	0.04787	0.01215	0.00020	0.01197	0.02046	0.01201	0.13114	0.02139	0.05787	0.00021	0.00023	0.00016	0.00012	9.3e-05	3.7e-05	0.01988	7.8e-05	8.3e-05	0.01176

[dist]
# distance from previous block
# <min> <max>
6	32

[block]
# block no. 5 follows, 2880 sequences, length 17
# corresponding to MSA columns:
# 797-813
name=unknown_F
#
# <colnr> <probs for GDERKNQSTAVLIFYWHMCP>
#	G	D	E	R	K	N	Q	S	T	A	V	L	I	F	Y	W	H	M	C	P
0	0.01800	0.00033	0.00034	0.01432	0.03048	0.08326	0.00022	0.61864	0.09631	0.10435	0.00541	0.00032	0.00023	0.00015	0.00625	3.7e-05	0.01044	0.00518	0.00011	0.00562
1	0.00017	0.00014	0.00015	0.02483	0.00020	0.02540	0.00011	0.00701	0.02116	0.02000	0.08781	0.20289	0.57218	0.00030	0.00701	0.00658	7.4e-05	0.02376	0.00011	0.00011
2	0.00513	0.00013	0.00018	0.05156	0.01336	0.00013	0.02128	0.00811	0.00851	0.01075	0.01555	0.76683	0.03133	0.00397	0.01527	0.00370	0.01618	0.01543	0.00878	0.00382
3	0.07700	0.00024	0.05386	0.00022	0.00031	0.00021	0.00019	0.13358	0.00035	0.67812	0.01054	0.00038	0.00027	0.00014	0.00012	3.7e-05	0.00011	0.00011	0.04401	0.00019
4	0.01323	0.80088	0.03494	0.00967	0.00033	0.09488	0.00022	0.02729	0.00026	0.00860	0.00018	0.00021	0.00016	0.00011	8.3e-05	2.7e-05	0.00014	6.9e-05	0.00858	0.00015
5	0.04722	0.00019	0.00023	0.00020	0.00026	0.00019	0.00912	0.02699	0.17375	0.38110	0.14102	0.09970	0.05752	0.00020	0.00013	3.9e-05	0.01151	0.00831	0.04216	0.00016
6	0.00019	0.00013	0.00016	0.00016	0.00018	0.00013	0.00011	0.01088	0.04845	0.01518	0.22003	0.15282	0.02495	0.35530	0.02901	0.01136	9.7e-05	0.09582	0.03496	0.00010
7	0.00024	0.00062	0.99515	0.00034	0.00052	0.00028	0.00044	0.00038	0.00025	0.00038	0.00022	0.00025	0.00015	0.00011	0.00011	3.8e-05	0.00018	8.9e-05	5.1e-05	0.00018
8	0.02165	0.00023	0.00029	0.00022	0.00032	0.00021	0.00018	0.15220	0.00038	0.82234	0.00044	0.00039	0.00028	0.00015	0.00012	3.7e-05	0.00011	0.00012	0.00014	0.00020
9	0.00016	0.00012	0.00014	0.00015	0.00017	0.00675	0.00011	0.00019	0.00912	0.00034	0.19299	0.41885	0.18000	0.14085	0.01043	5.6e-05	7.7e-05	0.02518	0.01420	0.0001
10	0.00016	0.00013	0.00014	0.00014	0.00017	0.01295	0.00011	0.00020	0.01389	0.00733	0.08966	0.20606	0.51778	0.07507	0.00018	0.00741	7.2e-05	0.05476	0.01368	0.00010
11	0.72469	0.00023	0.00020	0.00017	0.00025	0.00024	0.00014	0.00042	0.00024	0.27206	0.00025	0.00025	0.00018	0.00012	8.7e-05	3.7e-05	9.6e-05	8e-05	9.5e-05	0.00015
12	0.05547	0.00021	0.00027	0.00021	0.00030	0.00019	0.00017	0.01943	0.01628	0.86973	0.02541	0.00041	0.00031	0.00015	0.00012	3.7e-05	0.00010	0.00012	0.01090	0.00020
13	0.00017	0.00013	0.00015	0.00015	0.00018	0.00012	0.00011	0.00565	0.02833	0.01004	0.24656	0.25615	0.35749	0.00656	0.00721	0.00523	0.00518	0.06477	0.00571	0.00011
14	0.00019	0.00520	0.00730	0.00576	0.00021	0.00016	0.00014	0.02837	0.00021	0.00591	0.00587	0.03614	0.00034	0.16287	0.70938	0.00628	0.01667	0.00014	0.00875	0.00011
15	0.00017	0.00013	0.01872	0.03261	0.01518	0.00414	0.01666	0.00807	0.00969	0.00841	0.03279	0.74108	0.06108	0.02246	0.00016	4.8e-05	0.00782	0.01445	0.00623	0.00011
16	0.00992	0.71439	0.10704	0.00023	0.00034	0.00805	0.02337	0.06350	0.01629	0.01350	0.00689	0.00024	0.01690	0.00011	9.1e-05	2.9e-05	0.00729	7.9e-05	0.01157	0.00016

[dist]
# distance from previous block
# <min> <max>
3	15

[block]
# block no. 6 follows, 2880 sequences, length 7
# corresponding to MSA columns:
# 846,847,850-854
name=unknown_G
#
# <colnr> <probs for GDERKNQSTAVLIFYWHMCP>
#	G	D	E	R	K	N	Q	S	T	A	V	L	I	F	Y	W	H	M	C	P
0	0.01746	0.02222	0.03850	0.02585	0.07917	0.03027	0.02288	0.06039	0.16090	0.25044	0.10981	0.04287	0.03199	0.01661	0.01116	4e-05	0.00875	0.01096	0.01016	0.04958
1	0.01430	0.00018	0.00022	0.00018	0.00024	0.01718	0.00015	0.02173	0.05503	0.40330	0.30269	0.03614	0.05271	0.00020	0.01364	3.9e-05	8.7e-05	0.00016	0.06861	0.01320
2	0.01501	0.01542	0.09914	0.34402	0.13959	0.02313	0.07259	0.02687	0.02971	0.02657	0.02740	0.02354	0.03067	0.02129	0.01521	0.03217	0.02138	0.02565	0.01048	0.00015
3	0.03165	0.06560	0.15495	0.11681	0.14651	0.04156	0.08230	0.06760	0.05097	0.09034	0.01683	0.01435	0.01402	0.00738	0.00874	0.00734	0.02591	0.01064	0.00990	0.03661
4	0.00019	0.00013	0.00017	0.02688	0.01293	0.00013	0.01250	0.01154	0.01947	0.01625	0.12925	0.11754	0.13505	0.38766	0.02317	0.05244	0.01864	0.02085	0.01511	9.7e-05
5	0.00019	0.00013	0.00016	0.00016	0.00019	0.00013	0.00012	0.01833	0.02542	0.06542	0.32646	0.17229	0.30701	0.02968	0.00016	4.3e-05	0.01449	0.02434	0.01516	0.00012
6	0.01616	0.05298	0.09561	0.06803	0.05165	0.03260	0.07262	0.02428	0.03053	0.02223	0.03094	0.27791	0.05445	0.01167	0.02636	4.7e-05	0.08746	0.02508	0.00995	0.00944

[dist]
# distance from previous block
# <min> <max>
11	48

[block]
# block no. 7 follows, 2880 sequences, length 15
# corresponding to MSA columns:
# 926-929,941-946,953-955,957,964
name=unknown_H
#
# <colnr> <probs for GDERKNQSTAVLIFYWHMCP>
#	G	D	E	R	K	N	Q	S	T	A	V	L	I	F	Y	W	H	M	C	P
0	0.01191	0.79414	0.01241	0.00023	0.00032	0.14815	0.00021	0.01653	0.00026	0.00030	0.00017	0.00020	0.00016	0.00011	8.8e-05	2.7e-05	0.01452	6.8e-05	5.4e-05	0.00015
1	0.01909	0.00772	0.00566	0.00019	0.00023	0.00979	0.00014	0.03970	0.00542	0.08229	0.00028	0.00040	0.00025	0.07092	0.32704	0.21243	0.02349	0.00011	0.00565	0.18919
2	0.00030	0.00029	0.00049	0.01779	0.93606	0.00029	0.02495	0.00037	0.01757	0.00039	0.00023	0.00030	0.00019	0.00011	0.00012	3.6e-05	0.00014	0.00011	6.1e-05	0.00019
3	0.01648	0.01612	0.00987	0.00025	0.00032	0.01703	0.00020	0.18890	0.70211	0.02803	0.00807	0.00042	0.00033	0.00016	0.00012	3.9e-05	0.00011	0.01113	0.00012	0.00019
4	0.00444	0.01034	0.07129	0.17860	0.05343	0.00923	0.06898	0.14789	0.04599	0.15340	0.03303	0.10794	0.04473	0.00725	0.00788	0.00367	0.02095	0.02481	0.00601	0.00016
5	0.00015	0.00011	0.00014	0.00016	0.00017	0.0001	0.00011	0.00017	0.00023	0.00031	0.03327	0.87563	0.02342	0.05168	0.00018	5.2e-05	7.2e-05	0.01384	0.00011	9.7e-05
6	0.00028	0.00032	0.02525	0.00047	0.00059	0.00029	0.86876	0.00809	0.02382	0.01033	0.02613	0.01527	0.01087	0.00012	0.00014	4.1e-05	0.00019	0.00881	6.7e-05	0.00016
7	0.00025	0.00974	0.85730	0.00034	0.02564	0.00719	0.02602	0.00038	0.00780	0.01851	0.03024	0.00029	0.00762	0.00012	0.00012	3.8e-05	0.00807	9.7e-05	5.7e-05	0.00017
8	0.00020	0.00403	0.01178	0.02917	0.05393	0.00966	0.02270	0.00462	0.00900	0.03091	0.06724	0.21064	0.08743	0.09213	0.17124	0.15425	0.01697	0.01343	0.01056	0.00011
9	0.00560	0.00018	0.00022	0.00020	0.00025	0.00876	0.00499	0.06879	0.17291	0.23159	0.13424	0.22937	0.05728	0.00877	0.00666	4.2e-05	0.00726	0.02012	0.04264	0.00015
10	0.00031	0.00030	0.00057	0.01258	0.00631	0.01403	0.65452	0.03404	0.00634	0.10580	0.00737	0.02340	0.00022	0.00618	0.00550	4.3e-05	0.11589	0.00638	7.4e-05	0.00016
11	0.11754	0.02006	0.09127	0.10044	0.12497	0.01249	0.07005	0.12294	0.01833	0.25094	0.02030	0.01147	0.00887	0.00014	0.00012	3.8e-05	0.01275	0.00553	0.00424	0.00753
12	0.01189	0.06408	0.05743	0.23253	0.11554	0.08798	0.09688	0.03463	0.03404	0.01071	0.01845	0.06992	0.01256	0.00857	0.01085	4.2e-05	0.09916	0.02820	0.00638	0.00015
13	0.32301	0.02991	0.00799	0.05664	0.08723	0.04588	0.03399	0.05728	0.00717	0.02906	0.00441	0.05958	0.00552	0.08645	0.06667	0.01568	0.05967	0.01278	0.00407	0.00700
14	0.07420	0.05628	0.03807	0.07959	0.15808	0.04979	0.02867	0.03531	0.00985	0.03596	0.00979	0.25112	0.03154	0.01935	0.00721	0.00707	0.02409	0.05391	0.01716	0.01296

[dist]
# distance from previous block
# <min> <max>
12	32

[block]
# block no. 8 follows, 2880 sequences, length 7
# corresponding to MSA columns:
# 1035-1041
name=unknown_I
#
# <colnr> <probs for GDERKNQSTAVLIFYWHMCP>
#	G	D	E	R	K	N	Q	S	T	A	V	L	I	F	Y	W	H	M	C	P
0	0.00977	0.01071	0.02503	0.18796	0.33943	0.00911	0.14448	0.02256	0.01083	0.01407	0.01150	0.01900	0.01087	0.00907	0.00013	3.7e-05	0.00882	0.03278	6.7e-05	0.13377
1	0.01992	0.00817	0.18500	0.10832	0.04711	0.01562	0.05247	0.06013	0.20500	0.01478	0.07273	0.06338	0.05305	0.01581	0.00893	0.00921	0.02628	0.02375	0.01019	0.00016
2	0.00018	0.00012	0.00015	0.00014	0.00015	0.00013	9e-05	0.00018	0.00018	0.00024	0.00039	0.00076	0.02634	0.80433	0.08218	0.02393	0.02986	0.03048	7.3e-05	7.9e-05
3	0.00026	0.03527	0.13379	0.03527	0.05827	0.01012	0.02298	0.03356	0.30139	0.01479	0.07140	0.02307	0.05770	0.03842	0.02228	0.04063	0.07012	0.01264	0.01789	0.00015
4	0.00026	0.00016	0.01331	0.00018	0.00023	0.00015	0.00014	0.04475	0.03454	0.19811	0.42193	0.01393	0.13009	0.01508	0.03705	4.6e-05	8.7e-05	0.07056	0.01927	0.00014
5	0.01788	0.02213	0.32098	0.07046	0.02288	0.02653	0.10655	0.11231	0.05037	0.10418	0.04071	0.01086	0.01267	0.00916	0.00967	0.00871	0.02899	0.01184	0.01295	0.00017
6	0.00022	0.00014	0.00017	0.00016	0.00019	0.00013	0.00012	0.02063	0.02117	0.10788	0.58085	0.07009	0.03509	0.00023	0.00013	3.7e-05	6.5e-05	0.00020	0.16239	0.00013

[dist]
# distance from previous block
# <min> <max>
10	55

[block]
# block no. 9 follows, 2880 sequences, length 21
# corresponding to MSA columns:
# 1107-1123,1125-1128
name=unknown_J
#
# <colnr> <probs for GDERKNQSTAVLIFYWHMCP>
#	G	D	E	R	K	N	Q	S	T	A	V	L	I	F	Y	W	H	M	C	P
0	0.83746	0.01139	0.01336	0.00018	0.01162	0.00819	0.00014	0.00748	0.00713	0.09012	0.00020	0.00023	0.00015	0.01183	8.7e-05	3.8e-05	9.8e-05	7.3e-05	8.1e-05	0.00014
1	0.08654	0.00877	0.00786	0.19822	0.15437	0.04857	0.00678	0.16822	0.09600	0.05597	0.01363	0.00854	0.00288	0.01013	0.01876	0.00304	0.05018	0.00318	0.01756	0.04079
2	0.01015	0.00034	0.00035	0.01207	0.00986	0.06940	0.00022	0.75285	0.13275	0.01032	0.00031	0.00031	0.00022	0.00014	0.00012	3.6e-05	0.00013	0.00011	0.00012	0.00020
3	0.00028	0.00026	0.00044	0.20060	0.71951	0.00027	0.00034	0.00035	0.00972	0.00037	0.01068	0.01294	0.02172	0.00012	0.00012	3.7e-05	0.00871	0.00696	0.00639	0.00017
4	0.00028	0.00027	0.00045	0.30769	0.63096	0.00028	0.03694	0.01042	0.01087	0.00037	0.00023	0.00031	0.00018	0.00011	0.00012	3.7e-05	0.00015	0.00011	5.9e-05	0.00017
5	0.01636	0.02943	0.27420	0.04228	0.15173	0.02441	0.03889	0.04946	0.02421	0.14923	0.02759	0.05807	0.03928	0.01774	0.01477	4.2e-05	0.01919	0.01867	0.00428	0.00017
6	0.02939	0.00021	0.00028	0.00021	0.00031	0.00019	0.00018	0.04151	0.00035	0.90773	0.00047	0.00041	0.01788	0.00015	0.00012	3.7e-05	0.00010	0.00012	0.00014	0.00020
7	0.00025	0.00059	0.88691	0.00620	0.00778	0.00611	0.04722	0.02330	0.00580	0.00865	0.00022	0.00026	0.00016	0.00012	0.00012	3.8e-05	0.00596	9.3e-05	5.4e-05	0.00018
8	0.00367	0.00031	0.01088	0.02253	0.05325	0.00553	0.79011	0.01733	0.01419	0.00651	0.00434	0.01877	0.01965	0.00426	0.00014	4.1e-05	0.00806	0.02023	6.6e-05	0.00016
9	0.00894	0.03682	0.09354	0.03472	0.11504	0.06715	0.10055	0.03826	0.01146	0.28873	0.03811	0.07109	0.02204	0.00508	0.00471	4e-05	0.02595	0.03296	0.00465	0.00017
10	0.00739	0.00020	0.00027	0.00021	0.00030	0.00018	0.00017	0.01722	0.00824	0.88783	0.01516	0.01212	0.00031	0.00015	0.00012	3.7e-05	0.00010	0.00012	0.02262	0.02723
11	0.00053	0.00020	0.00028	0.00021	0.00030	0.00018	0.00018	0.01666	0.00034	0.95202	0.00048	0.02741	0.00031	0.00016	0.00012	3.8e-05	0.00010	0.00013	0.00015	0.00020
12	0.00948	0.00480	0.17679	0.15589	0.25223	0.00627	0.08210	0.04371	0.03922	0.11753	0.00294	0.02568	0.00590	0.00571	0.03676	0.00337	0.01719	0.00902	0.00523	0.00017
13	0.00462	0.07012	0.10098	0.04386	0.11060	0.07712	0.11753	0.03099	0.04395	0.18505	0.03965	0.07918	0.03438	0.00674	0.00712	4e-05	0.01165	0.03149	0.00478	0.00016
14	0.01927	0.00018	0.00025	0.02721	0.00029	0.00017	0.00017	0.00830	0.01791	0.65199	0.02670	0.08298	0.05244	0.01522	0.00694	0.00405	0.0001	0.07509	0.01058	0.00017
15	0.00016	0.00011	0.00015	0.00016	0.00018	0.00011	0.00011	0.00500	0.00023	0.00588	0.03269	0.64663	0.08243	0.04310	0.07616	0.06259	0.00466	0.02464	0.01490	9.7e-05
16	0.02181	0.07619	0.23177	0.06193	0.17989	0.03969	0.06991	0.04137	0.02261	0.07412	0.02478	0.04172	0.04904	0.01789	0.01213	4.1e-05	0.01547	0.01073	0.00510	0.00380
17	0.02016	0.01090	0.05140	0.16188	0.23010	0.02360	0.08996	0.03568	0.04095	0.12597	0.03935	0.06902	0.03131	0.01126	0.00955	0.00977	0.01459	0.01755	0.00385	0.00315
18	0.01003	0.00405	0.06991	0.00656	0.01007	0.00365	0.00527	0.00334	0.00364	0.01039	0.05960	0.55102	0.12507	0.03013	0.00884	0.03335	0.01135	0.04667	0.00278	0.00428
19	0.17284	0.07209	0.14994	0.07177	0.12691	0.04565	0.05349	0.05829	0.06415	0.03798	0.02196	0.03145	0.01166	0.00484	0.00602	3.8e-05	0.01761	0.01487	0.03052	0.00793
20	0.05714	0.05424	0.10290	0.04191	0.12277	0.06043	0.05548	0.06226	0.01950	0.11222	0.08350	0.03485	0.06762	0.01422	0.01588	0.00801	0.03124	0.00641	0.02943	0.02000

[dist]
# distance from previous block
# <min> <max>
0	253

# created by:
# /home/cegg/simao/soft/augustus-3.2.1/scripts/msa2prfl.pl ./align_prep/POG091H00R1.fa
