[name]
unknown

[dist]
# distance from previous block
# <min> <max>
0	42

[block]
# block no. 0 follows, 2228 sequences, length 20
# corresponding to MSA columns:
# 258-271,283-285,287,289,290
name=unknown_A
#
# <colnr> <probs for GDERKNQSTAVLIFYWHMCP>
#	G	D	E	R	K	N	Q	S	T	A	V	L	I	F	Y	W	H	M	C	P
0	0.05120	0.15379	0.12695	0.02324	0.06497	0.11806	0.03386	0.06947	0.05749	0.06181	0.00933	0.01141	0.00748	0.00019	0.00362	4.6e-05	0.00962	0.08926	0.00010	0.10812
1	0.03444	0.02638	0.03287	0.01134	0.05680	0.15338	0.04419	0.28300	0.03403	0.02076	0.00602	0.00757	0.01208	0.12687	0.04555	6.7e-05	0.02628	0.00015	0.00011	0.07811
2	0.02832	0.01141	0.01378	0.06840	0.03772	0.02413	0.11050	0.09612	0.01870	0.12395	0.04551	0.04873	0.11489	0.05044	0.07002	7e-05	0.06345	0.02642	0.00012	0.04731
3	0.00031	0.00030	0.00048	0.83071	0.10424	0.01790	0.00043	0.01771	0.00919	0.00042	0.00028	0.00041	0.00022	0.00016	0.00766	5.2e-05	0.00912	0.00014	7.2e-05	0.00018
4	0.01332	0.00772	0.00038	0.01683	0.04064	0.04903	0.08234	0.06792	0.13161	0.23804	0.11152	0.08195	0.06921	0.00497	0.00623	5.2e-05	0.00728	0.03476	0.00014	0.03604
5	0.06944	0.07045	0.13754	0.14429	0.05781	0.04311	0.12485	0.03481	0.05396	0.06897	0.00769	0.14650	0.00638	0.01549	0.00327	5.3e-05	0.01042	0.00469	0.00010	0.00020
6	0.01303	0.00030	0.00050	0.77381	0.17182	0.00035	0.01568	0.01117	0.00032	0.00043	0.00029	0.00042	0.00022	0.00016	0.00016	5.1e-05	0.00020	0.01084	7.3e-05	0.00019
7	0.00022	0.00017	0.00022	0.02548	0.03539	0.00016	0.00017	0.00028	0.00711	0.01536	0.45065	0.20842	0.19778	0.00592	0.00919	5.6e-05	0.00899	0.03412	0.00015	0.00015
8	0.24061	0.00540	0.11621	0.00793	0.00544	0.09704	0.03006	0.10316	0.01331	0.37290	0.00625	0.00040	0.00028	0.00017	0.00014	4.7e-05	0.00016	0.00013	0.00013	0.00023
9	0.03064	0.13594	0.36862	0.01103	0.08481	0.01065	0.13521	0.08517	0.02072	0.07093	0.01216	0.00040	0.00520	0.00016	0.00015	4.7e-05	0.00879	0.01906	9.1e-05	0.00022
10	0.00033	0.02214	0.27156	0.14891	0.01634	0.01128	0.27859	0.02432	0.01533	0.02619	0.00922	0.13315	0.00460	0.02234	0.00382	5.5e-05	0.00406	0.00749	9e-05	0.00020
11	0.00020	0.00016	0.00018	0.00019	0.00023	0.00014	0.00014	0.00025	0.00036	0.00895	0.19180	0.10861	0.54978	0.02078	0.00020	5.7e-05	8.8e-05	0.11759	0.00015	0.00014
12	0.00765	0.00034	0.00653	0.23314	0.26081	0.00673	0.29007	0.04240	0.00522	0.02085	0.01678	0.04417	0.00798	0.00018	0.00018	5.1e-05	0.02782	0.02501	0.00389	0.00021
13	0.00034	0.00625	0.08047	0.35521	0.20835	0.01541	0.11199	0.01417	0.05526	0.02372	0.03677	0.01310	0.00548	0.00018	0.00401	5.2e-05	0.06879	0.00015	8.6e-05	0.00020
14	0.00550	0.03152	0.50299	0.00353	0.01248	0.01340	0.01178	0.00757	0.04336	0.08966	0.08951	0.05345	0.10677	0.01218	0.00017	5.1e-05	0.00428	0.00488	0.00671	0.00021
15	0.00021	0.00015	0.00019	0.00020	0.00023	0.00014	0.00014	0.00026	0.01695	0.01074	0.29710	0.35356	0.30420	0.00040	0.00019	5.5e-05	8.3e-05	0.01492	0.00015	0.00014
16	0.07472	0.01140	0.00039	0.00031	0.00042	0.05243	0.00522	0.34095	0.05823	0.40158	0.01082	0.00049	0.00035	0.00019	0.00015	4.8e-05	0.00015	0.03182	0.00541	0.00491
17	0.00862	0.15393	0.21257	0.03882	0.03254	0.05569	0.10096	0.12959	0.06208	0.03493	0.03181	0.05196	0.02676	0.00453	0.00632	0.00629	0.00995	0.02895	0.00010	0.00360
18	0.00848	0.00019	0.00022	0.00670	0.01325	0.01355	0.00521	0.01993	0.03176	0.09029	0.09019	0.21350	0.40549	0.01529	0.00572	5.8e-05	0.00010	0.07976	0.00015	0.00015
19	0.00020	0.00015	0.00018	0.00019	0.00022	0.00013	0.00014	0.00023	0.00033	0.01016	0.06570	0.48155	0.39137	0.01344	0.00020	5.9e-05	8.8e-05	0.03538	0.00015	0.00013

[dist]
# distance from previous block
# <min> <max>
10	16

[block]
# block no. 1 follows, 2228 sequences, length 22
# corresponding to MSA columns:
# 344-349,352-367
name=unknown_B
#
# <colnr> <probs for GDERKNQSTAVLIFYWHMCP>
#	G	D	E	R	K	N	Q	S	T	A	V	L	I	F	Y	W	H	M	C	P
0	0.00026	0.00018	0.00022	0.00021	0.00026	0.00017	0.00016	0.01656	0.08130	0.04044	0.53209	0.08618	0.17235	0.00540	0.00018	5e-05	8.6e-05	0.00511	0.01524	0.04355
1	0.00861	0.00916	0.00038	0.00032	0.00041	0.02391	0.00025	0.25582	0.62521	0.00694	0.04189	0.01147	0.00970	0.00021	0.00016	5e-05	0.00014	0.00017	0.00497	0.00024
2	0.00020	0.00016	0.00018	0.00018	0.00022	0.00014	0.00013	0.00026	0.00039	0.00052	0.49234	0.05313	0.42715	0.02407	0.00020	5.4e-05	7.8e-05	0.00031	0.00016	0.00014
3	0.03516	0.00035	0.00037	0.00032	0.00929	0.04994	0.00810	0.19874	0.53880	0.01101	0.06577	0.00758	0.01598	0.00022	0.00017	5.1e-05	0.02692	0.01965	0.00015	0.01143
4	0.14472	0.28116	0.19496	0.08270	0.05730	0.01221	0.01064	0.05041	0.00651	0.11033	0.00030	0.00594	0.00023	0.00017	0.00439	0.02062	0.01699	0.00011	9.1e-05	0.00021
5	0.00025	0.00017	0.00022	0.00020	0.00025	0.00016	0.00015	0.00967	0.03111	0.05640	0.82195	0.00111	0.05831	0.00031	0.00018	4.9e-05	7.9e-05	0.00027	0.01901	0.00016
6	0.00393	0.13866	0.33462	0.21067	0.11082	0.02252	0.05361	0.02872	0.02547	0.01426	0.02512	0.00480	0.00646	0.00016	0.00626	4.8e-05	0.00558	0.00013	0.00795	0.00021
7	0.00023	0.00016	0.00021	0.00021	0.00025	0.00016	0.00016	0.00560	0.02216	0.01726	0.52705	0.17832	0.05753	0.01430	0.00019	5.5e-05	9e-05	0.13338	0.03700	0.00567
8	0.00467	0.00037	0.00040	0.00033	0.00043	0.00767	0.00571	0.47176	0.38726	0.07208	0.01396	0.01631	0.00452	0.00020	0.00016	4.9e-05	0.00015	0.00431	0.00412	0.00552
9	0.20929	0.04300	0.01902	0.17076	0.08377	0.12518	0.00414	0.03523	0.01156	0.04988	0.01361	0.00394	0.00024	0.00015	0.00014	4.2e-05	0.01417	0.00011	9.3e-05	0.21569
10	0.01949	0.95198	0.01235	0.00027	0.00040	0.01264	0.00027	0.00047	0.00032	0.00037	0.00022	0.00025	0.00020	0.00013	0.00010	3.4e-05	0.00017	8.4e-05	6.7e-05	0.00020
11	0.03073	0.00016	0.00020	0.00339	0.00875	0.00653	0.00520	0.00934	0.00574	0.00917	0.01489	0.79326	0.00592	0.01891	0.02661	6.9e-05	0.00358	0.05727	0.00014	0.00013
12	0.06389	0.00858	0.00769	0.18033	0.16853	0.00460	0.14248	0.21209	0.00724	0.10972	0.01763	0.00044	0.01994	0.00017	0.00017	5e-05	0.04690	0.00464	0.00470	0.00022
13	0.00030	0.05760	0.05541	0.00399	0.00328	0.03567	0.05484	0.03299	0.03299	0.01120	0.04449	0.04776	0.08757	0.03138	0.26353	0.01106	0.20150	0.01009	0.01418	0.00017
14	0.01718	0.00025	0.00034	0.00026	0.00037	0.00022	0.00022	0.00812	0.01174	0.83924	0.02714	0.02000	0.00042	0.00020	0.00015	4.8e-05	0.00013	0.00016	0.07356	0.00025
15	0.00038	0.05204	0.01621	0.07421	0.51669	0.00780	0.00474	0.01089	0.27551	0.00441	0.00552	0.00045	0.01116	0.00018	0.01445	5.1e-05	0.00483	0.00015	0.00010	0.00023
16	0.00025	0.00016	0.00020	0.00019	0.00024	0.00015	0.00014	0.00031	0.00041	0.07745	0.60681	0.04620	0.22659	0.00033	0.00018	5e-05	8e-05	0.00028	0.03982	0.00015
17	0.00426	0.00017	0.00023	0.00364	0.00425	0.00488	0.00016	0.00678	0.01264	0.00408	0.00045	0.01286	0.00658	0.39006	0.51502	0.01003	0.01894	0.00477	9e-05	0.00012
18	0.00022	0.00016	0.00021	0.00020	0.00024	0.00016	0.00015	0.00028	0.00551	0.00764	0.46557	0.03084	0.15780	0.08869	0.18726	0.02423	0.00015	0.03043	0.00014	0.00014
19	0.02854	0.01168	0.01163	0.01035	0.01317	0.01273	0.00361	0.39354	0.41920	0.02390	0.01361	0.02748	0.00819	0.00021	0.00016	5e-05	0.00015	0.01648	0.00510	0.00024
20	0.00309	0.00366	0.00025	0.00412	0.00305	0.00441	0.01219	0.08297	0.03817	0.03535	0.31758	0.08870	0.15792	0.10740	0.00716	6.1e-05	0.01164	0.00583	0.02626	0.09020
21	0.00500	0.00019	0.01129	0.01611	0.00029	0.00798	0.00019	0.01958	0.01888	0.00391	0.01590	0.47990	0.02791	0.10392	0.09875	9.3e-05	0.01588	0.16426	0.00013	0.00984

[dist]
# distance from previous block
# <min> <max>
2	24

[block]
# block no. 2 follows, 2228 sequences, length 8
# corresponding to MSA columns:
# 472-475,480-483
name=unknown_C
#
# <colnr> <probs for GDERKNQSTAVLIFYWHMCP>
#	G	D	E	R	K	N	Q	S	T	A	V	L	I	F	Y	W	H	M	C	P
0	0.02691	0.03311	0.05854	0.13140	0.12368	0.03744	0.05725	0.02978	0.03100	0.06385	0.11772	0.03518	0.10171	0.01054	0.02141	0.00659	0.04492	0.02004	0.00743	0.04152
1	0.02280	0.06397	0.18266	0.04859	0.23746	0.04174	0.07779	0.04289	0.04386	0.15819	0.01179	0.01080	0.01128	0.01104	0.00016	4.9e-05	0.00944	0.01254	0.00010	0.01285
2	0.03751	0.12845	0.17649	0.05268	0.10117	0.06895	0.09116	0.06277	0.02500	0.12942	0.02162	0.03568	0.01402	0.00019	0.01448	5e-05	0.00729	0.00975	0.00843	0.01489
3	0.08501	0.01398	0.02348	0.00888	0.02429	0.02430	0.01429	0.06964	0.22072	0.22094	0.13901	0.02358	0.05925	0.01317	0.01134	5.3e-05	0.00902	0.01069	0.02815	0.00021
4	0.01132	0.00829	0.03359	0.03448	0.01181	0.01884	0.06272	0.01079	0.03457	0.11820	0.08871	0.29019	0.15032	0.03546	0.00021	0.00918	0.01022	0.07079	0.00014	0.00016
5	0.01604	0.07415	0.15662	0.05327	0.20192	0.02483	0.09432	0.02963	0.04018	0.17219	0.03854	0.04319	0.01944	0.00772	0.00864	5.1e-05	0.01073	0.00821	0.00011	0.00022
6	0.26960	0.02617	0.02390	0.02212	0.01561	0.00962	0.01123	0.01746	0.01483	0.34232	0.06898	0.06761	0.07154	0.00769	0.00016	0.00861	0.01446	0.00775	0.00014	0.00020
7	0.00021	0.00016	0.00019	0.00022	0.00024	0.02867	0.00015	0.00024	0.00031	0.01850	0.02299	0.83170	0.02810	0.03014	0.01606	6.7e-05	0.00010	0.02168	0.00014	0.00013

[dist]
# distance from previous block
# <min> <max>
1	2

[block]
# block no. 3 follows, 2228 sequences, length 14
# corresponding to MSA columns:
# 487-490,501-507,509,510,517
name=unknown_D
#
# <colnr> <probs for GDERKNQSTAVLIFYWHMCP>
#	G	D	E	R	K	N	Q	S	T	A	V	L	I	F	Y	W	H	M	C	P
0	0.01055	0.03483	0.09919	0.15004	0.24024	0.05732	0.03941	0.20491	0.03096	0.05089	0.00520	0.01826	0.00456	0.00017	0.00485	4.9e-05	0.02677	0.00014	0.00946	0.01218
1	0.00666	0.00032	0.00037	0.00839	0.00659	0.09758	0.01015	0.06060	0.00481	0.59035	0.01674	0.05968	0.00732	0.00532	0.00633	0.00540	0.08881	0.00675	0.01759	0.00023
2	0.01850	0.00036	0.04878	0.04793	0.27099	0.01080	0.01388	0.15101	0.10233	0.28738	0.00828	0.01150	0.00773	0.00018	0.00016	4.8e-05	0.00865	0.00541	0.00583	0.00024
3	0.66932	0.00586	0.00029	0.03340	0.05066	0.02951	0.00660	0.04027	0.00567	0.02324	0.02104	0.00485	0.00023	0.00865	0.01755	0.00668	0.01614	0.00010	0.00533	0.05460
4	0.00026	0.00511	0.07147	0.03414	0.01069	0.00021	0.04446	0.00852	0.02019	0.01614	0.05996	0.03799	0.01389	0.44914	0.16500	0.00466	0.02920	0.02283	9.9e-05	0.00605
5	0.00020	0.00015	0.00018	0.00019	0.00022	0.00013	0.00013	0.00024	0.00033	0.01436	0.06889	0.39695	0.45177	0.03619	0.00021	6e-05	8.8e-05	0.02943	0.00014	0.00013
6	0.00031	0.00029	0.00050	0.80025	0.05134	0.00035	0.07484	0.02053	0.00032	0.00042	0.00029	0.00043	0.00022	0.02303	0.01391	5.7e-05	0.01252	0.00014	7.3e-05	0.00018
7	0.10901	0.00034	0.00042	0.15255	0.09397	0.02164	0.01588	0.28444	0.10601	0.02426	0.00532	0.00884	0.00907	0.01449	0.00846	0.00721	0.07909	0.05865	0.00012	0.00021
8	0.00985	0.00973	0.29172	0.07547	0.06088	0.00672	0.10350	0.01675	0.01472	0.03771	0.02343	0.18068	0.05991	0.01135	0.03092	6e-05	0.02289	0.03485	0.00867	0.00019
9	0.00021	0.00015	0.00019	0.00021	0.00023	0.00014	0.00015	0.00964	0.00963	0.01993	0.25928	0.50607	0.16551	0.01020	0.00020	5.8e-05	8.7e-05	0.01783	0.00015	0.00014
10	0.53489	0.00031	0.00030	0.01385	0.02550	0.01621	0.00021	0.09990	0.01002	0.25333	0.01797	0.00724	0.00952	0.00017	0.00012	4.8e-05	0.00013	0.00012	0.00995	0.00020
11	0.02548	0.02670	0.01961	0.19427	0.40193	0.01186	0.09832	0.04397	0.00981	0.05598	0.01391	0.00717	0.00026	0.00016	0.00600	4.9e-05	0.05020	0.00014	8.8e-05	0.03409
12	0.05896	0.01088	0.04001	0.33515	0.07936	0.04145	0.09856	0.09199	0.05613	0.10355	0.01874	0.00771	0.01405	0.00531	0.00814	5.2e-05	0.02061	0.00482	0.00010	0.00441
13	0.01033	0.00018	0.00969	0.00023	0.00026	0.00912	0.00017	0.00827	0.04749	0.03112	0.08010	0.40179	0.21345	0.00041	0.00019	6e-05	0.00010	0.18674	0.00015	0.00014

[dist]
# distance from previous block
# <min> <max>
1	3

[block]
# block no. 4 follows, 2228 sequences, length 32
# corresponding to MSA columns:
# 522-524,529-531,535-560
name=unknown_E
#
# <colnr> <probs for GDERKNQSTAVLIFYWHMCP>
#	G	D	E	R	K	N	Q	S	T	A	V	L	I	F	Y	W	H	M	C	P
0	0.00023	0.00016	0.00021	0.00332	0.00026	0.00016	0.00017	0.00685	0.05593	0.02622	0.11684	0.52331	0.11800	0.00482	0.00020	0.01012	0.00411	0.12881	0.00015	0.00014
1	0.00030	0.00029	0.00048	0.73788	0.15384	0.00034	0.00042	0.00040	0.00031	0.00041	0.00029	0.00043	0.00023	0.01536	0.05125	6.3e-05	0.03733	0.00014	7.1e-05	0.00018
2	0.00030	0.00026	0.00289	0.06852	0.11910	0.04043	0.02382	0.03127	0.06098	0.01535	0.05733	0.07999	0.11191	0.12423	0.16516	9.8e-05	0.08625	0.00802	0.00393	0.00017
3	0.00035	0.00026	0.00029	0.00027	0.00034	0.01660	0.00021	0.02414	0.44556	0.07836	0.23002	0.01278	0.08852	0.01211	0.00018	5.4e-05	0.00011	0.07813	0.01152	0.00020
4	0.00033	0.00028	0.00032	0.00023	0.00037	0.00021	0.00018	0.00953	0.00033	0.01873	0.00029	0.00033	0.00023	0.00012	0.00012	2.4e-05	0.00012	9.4e-05	0.01021	0.95796
5	0.00036	0.09634	0.47436	0.03997	0.07450	0.01915	0.07228	0.03600	0.12523	0.01322	0.00715	0.00321	0.01366	0.00016	0.00015	4.8e-05	0.01707	0.00272	8.7e-05	0.00433
6	0.00019	0.00014	0.00018	0.00020	0.00022	0.00013	0.00014	0.00023	0.00032	0.00042	0.08418	0.68268	0.17411	0.03961	0.00022	6.3e-05	9e-05	0.00963	0.00014	0.00710
7	0.00259	0.00375	0.05120	0.25659	0.06311	0.01368	0.03801	0.07219	0.19981	0.02810	0.05552	0.02542	0.07825	0.01026	0.00447	5.4e-05	0.08018	0.01401	0.00261	0.00020
8	0.00022	0.00015	0.00017	0.00017	0.00017	0.00015	9.7e-05	0.00023	0.00023	0.00031	0.00051	0.01557	0.01885	0.94628	0.01617	0.00015	0.00015	0.00023	9.6e-05	9.6e-05
9	0.00029	0.00399	0.12850	0.07886	0.08390	0.00576	0.03034	0.01474	0.02634	0.03142	0.21233	0.05487	0.12180	0.04765	0.03327	0.00237	0.11343	0.00357	0.00638	0.00017
10	0.00225	0.01571	0.05795	0.05187	0.03493	0.01058	0.01512	0.00964	0.00410	0.06237	0.02640	0.21315	0.05687	0.07288	0.25805	0.01640	0.03981	0.01265	0.00011	0.03916
11	0.00041	0.99464	0.00081	0.00027	0.00040	0.00061	0.00027	0.00046	0.00032	0.00037	0.00022	0.00025	0.00020	0.00013	0.0001	3.3e-05	0.00017	8.3e-05	6.6e-05	0.00020
12	0.01778	0.09745	0.23993	0.04762	0.06782	0.11492	0.07381	0.04982	0.15146	0.06940	0.00833	0.00596	0.00348	0.00485	0.00489	4.9e-05	0.01934	0.00502	0.00201	0.01607
13	0.03030	0.00036	0.00039	0.02043	0.00043	0.01533	0.00577	0.58818	0.13268	0.01489	0.09924	0.04947	0.02473	0.00022	0.00287	5e-05	0.00622	0.00806	0.00015	0.00023
14	0.00691	0.00020	0.01206	0.00408	0.00027	0.01956	0.01522	0.02297	0.02008	0.00825	0.10093	0.21979	0.24409	0.14148	0.02398	6.9e-05	0.00012	0.01920	0.00013	0.14060
15	0.03444	0.25601	0.30074	0.02160	0.04522	0.01304	0.04837	0.02926	0.02057	0.07867	0.08700	0.00900	0.03915	0.00311	0.00014	4.6e-05	0.00250	0.01083	9.6e-05	0.00021
16	0.00590	0.02955	0.19288	0.15513	0.07844	0.07943	0.04004	0.03323	0.05272	0.03178	0.00597	0.00432	0.00908	0.00041	0.24031	9.8e-05	0.03722	0.00320	8.7e-05	0.00019
17	0.57589	0.02042	0.00406	0.00295	0.00034	0.00441	0.00259	0.08331	0.01819	0.17613	0.02697	0.01266	0.00538	0.01876	0.02182	5.5e-05	0.00013	0.02562	0.00012	0.00019
18	0.01016	0.10613	0.02488	0.06663	0.03208	0.12764	0.03528	0.08108	0.02685	0.11775	0.05427	0.04467	0.04927	0.03300	0.00469	0.00833	0.04189	0.13188	0.00012	0.00341
19	0.00035	0.02928	0.10309	0.30472	0.18598	0.03393	0.02317	0.03184	0.02307	0.02942	0.00384	0.01438	0.00025	0.00268	0.04551	6.1e-05	0.16387	0.00429	8.1e-05	0.00020
20	0.00022	0.00017	0.00020	0.00021	0.00026	0.00016	0.00017	0.00029	0.04969	0.00576	0.09893	0.10755	0.45075	0.00739	0.00020	5.9e-05	0.00010	0.27761	0.00015	0.00014
21	0.01255	0.24512	0.20836	0.04322	0.00049	0.05816	0.01357	0.21460	0.02493	0.02813	0.02327	0.07360	0.01364	0.02026	0.00557	4.9e-05	0.00355	0.01060	0.00010	0.00021
22	0.03414	0.11352	0.16264	0.13622	0.11393	0.12314	0.06595	0.07243	0.04305	0.09409	0.00313	0.00252	0.00238	0.00017	0.00412	4.8e-05	0.02352	0.00226	0.00253	0.00021
23	0.00022	0.00763	0.00485	0.00369	0.04412	0.00015	0.00017	0.00025	0.00031	0.02727	0.01940	0.73340	0.09239	0.01100	0.00020	6.2e-05	9.9e-05	0.05451	0.00014	0.00014
24	0.00020	0.00015	0.00018	0.00020	0.00022	0.00013	0.00014	0.00023	0.00033	0.00642	0.10579	0.53064	0.29212	0.04239	0.00022	0.00798	8.9e-05	0.01232	0.00014	0.00013
25	0.00828	0.15086	0.08761	0.15842	0.04193	0.12006	0.03729	0.09660	0.06201	0.14059	0.01040	0.00895	0.00745	0.00018	0.00338	4.7e-05	0.04792	0.00309	0.00681	0.00813
26	0.02281	0.12869	0.22280	0.11366	0.11398	0.08243	0.12221	0.09844	0.00967	0.04166	0.00848	0.01610	0.00657	0.00016	0.00015	4.7e-05	0.00848	0.00337	8.9e-05	0.00021
27	0.00392	0.02703	0.01568	0.00024	0.00409	0.00743	0.00019	0.01785	0.02716	0.26606	0.16467	0.24502	0.12525	0.00303	0.00017	5e-05	0.00011	0.00985	0.00015	0.08205
28	0.00917	0.04274	0.09241	0.17258	0.13682	0.09354	0.01853	0.04883	0.04023	0.05652	0.13641	0.01661	0.04494	0.00310	0.00018	4.9e-05	0.06274	0.01120	0.00011	0.01328
29	0.02326	0.03784	0.09020	0.07587	0.20397	0.04380	0.06369	0.03421	0.03009	0.14568	0.12251	0.01194	0.03913	0.00533	0.00819	5e-05	0.02738	0.00017	0.00011	0.03660
30	0.03166	0.10779	0.17573	0.13444	0.12661	0.05342	0.07536	0.06844	0.03853	0.10373	0.00986	0.00895	0.00870	0.00438	0.00016	4.8e-05	0.02424	0.00561	9.7e-05	0.02224
31	0.03352	0.41076	0.09789	0.16635	0.05449	0.04468	0.02867	0.02644	0.02928	0.02104	0.00706	0.03160	0.01364	0.00319	0.00216	4.4e-05	0.00869	0.01107	8.2e-05	0.00936

[dist]
# distance from previous block
# <min> <max>
0	212

# created by:
# /home/cegg/simao/soft/augustus-3.2.1/scripts/msa2prfl.pl ./align_prep/POG091H02C4.fa
