[name]
unknown

[dist]
# distance from previous block
# <min> <max>
0	287

[block]
# block no. 0 follows, 3079 sequences, length 15
# corresponding to MSA columns:
# 397-411
name=unknown_A
#
# <colnr> <probs for GDERKNQSTAVLIFYWHMCP>
#	G	D	E	R	K	N	Q	S	T	A	V	L	I	F	Y	W	H	M	C	P
0	0.06356	0.04654	0.04400	0.01118	0.01294	0.02913	0.02141	0.03660	0.04407	0.08355	0.04941	0.03269	0.02432	0.27260	0.06617	0.00654	0.02741	0.04195	0.00645	0.07948
1	0.06363	0.01394	0.08771	0.11118	0.08722	0.02240	0.04636	0.05946	0.03043	0.03154	0.07240	0.03846	0.01422	0.01401	0.12330	0.00400	0.05356	0.04703	0.00440	0.07476
2	0.00025	0.00025	0.00034	0.00030	0.00030	0.00034	0.00025	0.00027	0.00017	0.00027	0.00015	0.00025	0.00015	0.00020	0.00037	4.9e-05	0.99584	9.9e-05	4.9e-05	0.00012
3	0.00019	0.01236	0.03102	0.04313	0.03958	0.01889	0.05250	0.00659	0.09193	0.01889	0.24597	0.03720	0.31992	0.00720	0.06158	4.6e-05	0.00417	0.00421	0.00452	0.00012
4	0.00030	0.00024	0.00027	0.00020	0.00029	0.00023	0.00016	0.27088	0.17466	0.02810	0.00027	0.00028	0.00021	0.00011	9.8e-05	2.6e-05	9.6e-05	8.8e-05	9e-05	0.52340
5	0.00017	0.00012	0.00015	0.00014	0.00017	0.00011	0.00011	0.00022	0.00032	0.02353	0.91365	0.00084	0.05960	0.00023	0.00013	3.6e-05	5.4e-05	0.00020	0.00012	0.00011
6	0.00015	0.00011	0.00016	0.00900	0.00019	0.00011	0.02907	0.00018	0.00023	0.00927	0.00059	0.72580	0.00918	0.01342	0.00015	4.7e-05	7.7e-05	0.17659	0.02556	9.7e-05
7	0.04050	0.00013	0.00017	0.04297	0.02417	0.00416	0.00458	0.01271	0.01040	0.04202	0.07506	0.63329	0.01467	0.01468	0.01927	0.00530	0.00823	0.00803	0.00775	0.03191
8	0.01838	0.16039	0.15748	0.07389	0.13271	0.12926	0.07902	0.02645	0.03081	0.05421	0.00439	0.00381	0.00453	0.00565	0.00815	0.00413	0.08266	0.00614	0.00352	0.01443
9	0.00704	0.02759	0.71020	0.09585	0.00739	0.01224	0.03476	0.00651	0.00564	0.01925	0.00532	0.00514	0.00016	0.00011	0.00011	3.5e-05	0.00640	8.8e-05	5.3e-05	0.05613
10	0.00028	0.00017	0.00020	0.00018	0.00023	0.00017	0.00014	0.10445	0.17862	0.19054	0.22598	0.02563	0.12838	0.00924	0.00012	3.7e-05	7.8e-05	0.03719	0.09821	0.00014
11	0.00515	0.00732	0.00520	0.01168	0.00018	0.00011	0.00839	0.00020	0.01276	0.01528	0.32531	0.32088	0.22513	0.00919	0.00495	4.1e-05	0.00856	0.02490	0.00816	0.00661
12	0.01722	0.30728	0.29294	0.02437	0.02839	0.05079	0.06611	0.03554	0.02705	0.10472	0.00726	0.00632	0.00463	0.00466	0.00468	3.3e-05	0.01769	8.8e-05	6.5e-05	0.00016
13	0.22448	0.00379	0.01399	0.01131	0.00713	0.04612	0.01921	0.03657	0.00900	0.22122	0.01793	0.15587	0.04617	0.06680	0.04959	0.01355	0.01337	0.03870	0.00506	0.00013
14	0.00015	0.00011	0.00014	0.00016	0.00017	0.00010	0.01114	0.00786	0.00825	0.00636	0.04529	0.75057	0.03100	0.08398	0.00603	0.00765	7.3e-05	0.02317	0.01770	9.3e-05

[dist]
# distance from previous block
# <min> <max>
5	29

[block]
# block no. 1 follows, 3079 sequences, length 16
# corresponding to MSA columns:
# 449-464
name=unknown_B
#
# <colnr> <probs for GDERKNQSTAVLIFYWHMCP>
#	G	D	E	R	K	N	Q	S	T	A	V	L	I	F	Y	W	H	M	C	P
0	0.03613	0.00012	0.00017	0.00017	0.00019	0.00014	0.00013	0.00021	0.00739	0.01186	0.05849	0.07748	0.05010	0.07318	0.58825	0.02682	0.01745	0.02748	0.02416	9.9e-05
1	0.00016	0.00011	0.00014	0.00810	0.00017	0.00011	0.00011	0.00020	0.00028	0.02611	0.56291	0.17283	0.17041	0.01379	0.00767	4e-05	6.1e-05	0.01362	0.02307	0.00010
2	0.00030	0.99611	0.00059	0.00019	0.00029	0.00045	0.00019	0.00034	0.00023	0.00026	0.00016	0.00018	0.00014	9.6e-05	7.2e-05	2.4e-05	0.00012	6e-05	4.8e-05	0.00014
3	0.31972	0.00017	0.00018	0.00015	0.00021	0.00017	0.00012	0.01563	0.00760	0.26694	0.06142	0.02588	0.00716	0.00776	9.6e-05	3.4e-05	7.8e-05	0.01171	0.27484	0.00013
4	0.00029	0.00025	0.00026	0.00023	0.00030	0.02140	0.00018	0.02423	0.95039	0.00047	0.00045	0.00041	0.00034	0.00015	0.00011	3.8e-05	9.2e-05	0.00013	0.00011	0.00018
5	0.01145	0.00012	0.00584	0.00015	0.00017	0.00011	0.01622	0.00019	0.01104	0.03266	0.07576	0.48391	0.01905	0.31352	0.00960	6.5e-05	8.5e-05	0.01341	0.00656	9.2e-05
6	0.99684	0.00022	0.00017	0.00015	0.00022	0.00025	0.00012	0.00033	0.00019	0.00051	0.00016	0.00018	0.00012	0.00010	7e-05	3.5e-05	8.7e-05	6.1e-05	7e-05	0.00012
7	0.38206	0.00458	0.06080	0.15409	0.00784	0.00496	0.00967	0.00494	0.00569	0.15387	0.00461	0.08714	0.00025	0.01129	0.05779	0.00366	0.00446	0.03738	0.00480	0.00013
8	0.76374	0.00021	0.00019	0.00016	0.00023	0.00024	0.00013	0.02675	0.00023	0.18733	0.00022	0.00023	0.00016	0.00011	7.9e-05	3.5e-05	8.9e-05	7.3e-05	0.01966	0.00014
9	0.95186	0.00023	0.00017	0.00015	0.00022	0.02118	0.00013	0.02432	0.00020	0.00051	0.00016	0.00019	0.00012	0.00011	7.1e-05	3.5e-05	9e-05	6.2e-05	7e-05	0.00012
10	0.00023	0.00023	0.00032	0.00028	0.00028	0.00031	0.00023	0.00026	0.00017	0.00027	0.00018	0.02124	0.00018	0.00028	0.12185	6.5e-05	0.85334	0.00011	5.2e-05	0.00012
11	0.00865	0.00027	0.00030	0.00024	0.00032	0.00029	0.00019	0.58424	0.16887	0.19630	0.00035	0.01301	0.00996	0.00838	0.00012	3.6e-05	0.00011	0.00011	0.00807	0.00018
12	0.02265	0.00632	0.19061	0.25822	0.09713	0.00637	0.02771	0.07930	0.01201	0.08175	0.02095	0.08334	0.01449	0.02385	0.02437	0.00354	0.02522	0.01453	0.00749	0.00014
13	0.09534	0.00441	0.18760	0.07197	0.02099	0.00874	0.01805	0.01731	0.01796	0.30521	0.00678	0.12481	0.00029	0.00747	0.07900	4.9e-05	0.01944	0.01014	0.00429	0.00015
14	0.00015	0.00011	0.00013	0.00014	0.00016	0.00010	0.00010	0.00880	0.01384	0.01347	0.06481	0.27173	0.43881	0.10907	0.00731	5e-05	7.1e-05	0.07094	0.00010	9.6e-05
15	0.00817	0.00011	0.00014	0.00016	0.00018	0.00010	0.00011	0.01507	0.00614	0.06911	0.02666	0.82003	0.01393	0.00611	0.00972	4.6e-05	7.1e-05	0.01012	0.01391	0.00010

[dist]
# distance from previous block
# <min> <max>
4	12

[block]
# block no. 2 follows, 3079 sequences, length 14
# corresponding to MSA columns:
# 489-502
name=unknown_C
#
# <colnr> <probs for GDERKNQSTAVLIFYWHMCP>
#	G	D	E	R	K	N	Q	S	T	A	V	L	I	F	Y	W	H	M	C	P
0	0.00024	0.00942	0.05404	0.33694	0.14671	0.01937	0.03263	0.03061	0.10620	0.00670	0.01118	0.04762	0.01691	0.01506	0.01254	0.00450	0.12886	0.00806	0.01227	0.00014
1	0.00016	0.00011	0.00014	0.00015	0.00017	0.00010	0.00011	0.01011	0.00025	0.01751	0.27022	0.58028	0.05135	0.01382	0.02472	4.6e-05	0.00734	0.01515	0.00818	9.9e-05
2	0.00016	0.02405	0.00016	0.00015	0.00018	0.00555	0.00676	0.00519	0.02671	0.00718	0.07535	0.15267	0.41107	0.04500	0.17515	0.01716	0.03097	0.00803	0.00840	0.00010
3	0.41509	0.00020	0.00021	0.00917	0.00025	0.00021	0.00014	0.08545	0.00028	0.37076	0.03491	0.03448	0.01032	0.00014	9.6e-05	3.5e-05	9.1e-05	0.00010	0.03793	0.00015
4	0.00785	0.00012	0.00014	0.00014	0.00016	0.00970	9.5e-05	0.02380	0.02173	0.00710	0.06222	0.24039	0.27998	0.30265	0.00027	6.1e-05	8e-05	0.01994	0.02349	9.2e-05
5	0.00030	0.95028	0.04639	0.00020	0.00030	0.00044	0.00020	0.00034	0.00023	0.00027	0.00016	0.00018	0.00014	9.7e-05	7.4e-05	2.5e-05	0.00012	6.1e-05	4.8e-05	0.00015
6	0.00024	0.00023	0.00550	0.38983	0.10158	0.00024	0.29949	0.00525	0.00870	0.02685	0.08157	0.02007	0.02169	0.00013	0.00012	0.00526	0.00508	0.01526	0.00789	0.00504
7	0.00031	0.96031	0.00058	0.00020	0.00029	0.03623	0.00019	0.00034	0.00023	0.00027	0.00016	0.00018	0.00014	9.7e-05	7.3e-05	2.4e-05	0.00012	6.1e-05	4.9e-05	0.00014
8	0.00864	0.05037	0.11011	0.01466	0.05341	0.00561	0.05398	0.04934	0.03485	0.06551	0.01221	0.04427	0.01956	0.00498	0.00688	0.00440	0.00443	0.00808	7.4e-05	0.44864
9	0.01595	0.15022	0.11325	0.01609	0.03291	0.05839	0.10091	0.05932	0.09448	0.13606	0.04102	0.03145	0.05931	0.02576	0.01892	0.00681	0.02141	0.01355	0.00403	0.00015
10	0.00850	0.00021	0.05300	0.00020	0.00029	0.00913	0.00017	0.02964	0.01386	0.75125	0.04150	0.00046	0.05175	0.00016	0.00012	3.6e-05	9.8e-05	0.03933	0.00013	0.00018
11	0.00017	0.00014	0.02446	0.01490	0.01396	0.00013	0.04768	0.03437	0.00654	0.01416	0.08996	0.29941	0.38526	0.01919	0.00813	0.00460	0.01253	0.01557	0.00873	0.00011
12	0.01392	0.06231	0.19001	0.05413	0.08279	0.03507	0.07271	0.06741	0.03410	0.30150	0.01943	0.00778	0.01415	0.00423	0.00448	0.00389	0.00698	0.00487	0.00475	0.01551
13	0.01361	0.00993	0.05759	0.15507	0.06752	0.11753	0.01047	0.02281	0.03702	0.14905	0.05900	0.06533	0.07422	0.04920	0.02822	0.00423	0.05280	0.02084	0.00542	0.00014

[dist]
# distance from previous block
# <min> <max>
8	84

[block]
# block no. 3 follows, 3079 sequences, length 6
# corresponding to MSA columns:
# 616-621
name=unknown_D
#
# <colnr> <probs for GDERKNQSTAVLIFYWHMCP>
#	G	D	E	R	K	N	Q	S	T	A	V	L	I	F	Y	W	H	M	C	P
0	0.02356	0.00014	0.02356	0.04113	0.00021	0.00013	0.01198	0.01506	0.02237	0.02177	0.06279	0.24959	0.21380	0.18744	0.05237	0.01285	9.5e-05	0.02147	0.01111	0.02860
1	0.01118	0.00941	0.02602	0.06120	0.03175	0.03540	0.02607	0.01686	0.01149	0.01896	0.35564	0.04780	0.16922	0.08259	0.02919	0.00974	0.03483	0.01177	0.01078	0.00011
2	0.01626	0.01205	0.02809	0.05690	0.08118	0.09795	0.11670	0.03820	0.00906	0.03262	0.00023	0.03682	0.01502	0.02117	0.01022	0.00927	0.34720	0.00889	0.00930	0.05288
3	0.23892	0.07796	0.04465	0.04967	0.02339	0.03618	0.02626	0.12937	0.10255	0.13829	0.01372	0.01732	0.01457	0.00967	0.00011	3.5e-05	0.01375	0.02003	0.02401	0.01956
4	0.03861	0.03978	0.03497	0.12359	0.02953	0.27655	0.01180	0.10730	0.03205	0.02287	0.05757	0.00033	0.00969	0.04398	0.03075	0.02651	0.01229	9.9e-05	0.03973	0.06199
5	0.02362	0.03076	0.00018	0.00015	0.00017	0.01366	0.03649	0.02738	0.00019	0.01384	0.00035	0.01727	0.01366	0.69285	0.08947	0.0001	0.01312	0.01357	0.01308	8.6e-05

[dist]
# distance from previous block
# <min> <max>
9	61

[block]
# block no. 4 follows, 3079 sequences, length 15
# corresponding to MSA columns:
# 689-703
name=unknown_E
#
# <colnr> <probs for GDERKNQSTAVLIFYWHMCP>
#	G	D	E	R	K	N	Q	S	T	A	V	L	I	F	Y	W	H	M	C	P
0	0.00737	0.64008	0.00718	0.03991	0.02924	0.07877	0.03739	0.06909	0.02282	0.02063	0.01343	0.00512	0.00018	0.00011	9.3e-05	2.8e-05	0.02250	0.00585	5.9e-05	0.00015
1	0.76109	0.00021	0.00018	0.01238	0.00023	0.00023	0.00013	0.01976	0.00822	0.08317	0.01049	0.02341	0.02376	0.03485	0.00010	0.00636	0.00607	8.3e-05	0.00917	0.00013
2	0.01014	0.00012	0.00014	0.00013	0.00017	0.00011	9.9e-05	0.00020	0.00718	0.05907	0.26245	0.06016	0.52068	0.04979	0.00728	4.2e-05	6.4e-05	0.01464	0.00744	0.00010
3	0.00725	0.00011	0.00014	0.00016	0.00017	0.00010	0.00011	0.00018	0.01359	0.01587	0.13054	0.70542	0.04552	0.01368	0.01945	4.7e-05	7e-05	0.03152	0.01598	9.7e-05
4	0.01798	0.00012	0.00015	0.00015	0.00018	0.00012	0.00011	0.00023	0.00022	0.13047	0.03879	0.32160	0.05545	0.27523	0.07231	7.1e-05	0.00010	0.07220	0.01442	0.00010
5	0.00030	0.99611	0.00059	0.00019	0.00029	0.00045	0.00019	0.00034	0.00023	0.00026	0.00016	0.00018	0.00014	9.6e-05	7.2e-05	2.4e-05	0.00012	6e-05	4.8e-05	0.00014
6	0.00015	0.00011	0.00014	0.00015	0.00017	0.00010	0.00010	0.02826	0.00023	0.01455	0.02096	0.76689	0.10011	0.06730	0.00017	4.9e-05	6.9e-05	0.00029	0.00010	9.5e-05
7	0.99684	0.00022	0.00017	0.00015	0.00022	0.00025	0.00012	0.00033	0.00019	0.00051	0.00016	0.00018	0.00012	0.00010	7e-05	3.5e-05	8.7e-05	6.1e-05	7e-05	0.00012
8	0.00016	0.00012	0.00015	0.00014	0.00017	0.00011	0.00011	0.00021	0.01260	0.00041	0.70836	0.03317	0.13835	0.02577	0.02040	0.02819	6.4e-05	0.02379	0.00011	0.00763
9	0.00043	0.00030	0.00033	0.00025	0.00034	0.00033	0.00021	0.90936	0.00051	0.05621	0.00028	0.00028	0.00020	0.00014	0.00011	3.4e-05	0.00012	0.00010	0.03028	0.00019
10	0.00580	0.00029	0.01821	0.00025	0.00032	0.01381	0.00020	0.76404	0.03593	0.01193	0.01483	0.05651	0.00874	0.01215	0.00958	3.8e-05	0.00615	0.04093	0.00011	0.00018
11	0.00707	0.00851	0.00022	0.00478	0.00657	0.03300	0.00015	0.04077	0.02224	0.00867	0.00674	0.09337	0.00479	0.13937	0.06999	0.00415	0.09412	0.17409	0.00426	0.27715
12	0.00026	0.00029	0.01592	0.00044	0.00053	0.00029	0.80460	0.00034	0.00025	0.00035	0.00023	0.01400	0.00018	0.00012	0.00017	4e-05	0.14808	0.01371	5.7e-05	0.00015
13	0.00014	0.00011	0.00013	0.00015	0.00016	0.0001	0.00010	0.00017	0.00022	0.00029	0.04577	0.56274	0.15271	0.13029	0.06513	6.1e-05	8.6e-05	0.04146	9.8e-05	9.1e-05
14	0.00481	0.69746	0.06789	0.00808	0.04674	0.01224	0.00680	0.02487	0.05884	0.01419	0.00963	0.01190	0.00625	0.02397	9.6e-05	2.9e-05	0.00012	0.00586	5.8e-05	0.00015

[dist]
# distance from previous block
# <min> <max>
1	2

[block]
# block no. 5 follows, 3079 sequences, length 7
# corresponding to MSA columns:
# 712-718
name=unknown_F
#
# <colnr> <probs for GDERKNQSTAVLIFYWHMCP>
#	G	D	E	R	K	N	Q	S	T	A	V	L	I	F	Y	W	H	M	C	P
0	0.03629	0.08353	0.39034	0.01244	0.07505	0.08699	0.01925	0.10533	0.01353	0.06431	0.00929	0.02750	0.03303	0.00873	0.00011	3.5e-05	0.00901	0.00869	0.00826	0.00830
1	0.00022	0.00020	0.00033	0.82116	0.07508	0.00024	0.00030	0.02980	0.00024	0.00031	0.00025	0.03288	0.03828	0.00013	0.00011	3.7e-05	0.00014	0.00011	5.6e-05	0.00013
2	0.99684	0.00022	0.00017	0.00015	0.00022	0.00025	0.00012	0.00033	0.00019	0.00051	0.00016	0.00018	0.00012	0.00010	7e-05	3.5e-05	8.7e-05	6.1e-05	7e-05	0.00012
3	0.00016	0.00011	0.00013	0.00013	0.00014	0.00011	8.1e-05	0.00017	0.00018	0.00023	0.00040	0.09720	0.00046	0.82210	0.00050	9.9e-05	0.00010	0.07755	7.4e-05	7.3e-05
4	0.02567	0.00031	0.00032	0.02415	0.00035	0.03733	0.00021	0.79699	0.04341	0.06969	0.00028	0.00028	0.00020	0.00013	0.00011	3.4e-05	0.00012	0.00010	0.00011	0.00019
5	0.00017	0.00012	0.00015	0.00015	0.00016	0.00013	9.9e-05	0.00019	0.03391	0.00024	0.00036	0.02468	0.02633	0.60090	0.28372	0.00012	0.02827	0.00015	6.9e-05	8.4e-05
6	0.01583	0.03543	0.02495	0.24793	0.05689	0.02621	0.11832	0.09484	0.01070	0.03615	0.00878	0.09612	0.01423	0.00018	0.00903	0.00873	0.07135	0.12414	7.5e-05	0.00013

[dist]
# distance from previous block
# <min> <max>
3	5

[block]
# block no. 6 follows, 3079 sequences, length 6
# corresponding to MSA columns:
# 727-732
name=unknown_G
#
# <colnr> <probs for GDERKNQSTAVLIFYWHMCP>
#	G	D	E	R	K	N	Q	S	T	A	V	L	I	F	Y	W	H	M	C	P
0	0.00015	0.00010	0.00014	0.00016	0.00017	9.7e-05	0.00011	0.00017	0.00022	0.02415	0.02492	0.83834	0.02461	0.03797	0.00016	4.7e-05	6.9e-05	0.02415	0.00010	0.02417
1	0.03086	0.74843	0.00050	0.00020	0.00029	0.10641	0.00019	0.00035	0.03074	0.03079	0.00020	0.05022	0.00018	0.00011	8.1e-05	2.7e-05	0.00012	7.8e-05	5.8e-05	0.00014
2	0.04175	0.00013	0.00018	0.00020	0.00023	0.00013	0.00017	0.00023	0.00026	0.00035	0.04207	0.06180	0.00065	0.00030	0.00015	5e-05	9.9e-05	0.85105	0.00010	0.00010
3	0.00024	0.00022	0.00034	0.70852	0.04224	0.00026	0.03784	0.04956	0.15897	0.00034	0.00025	0.00032	0.00018	0.00012	0.00011	3.7e-05	0.00014	0.00011	6.4e-05	0.00014
4	0.00017	0.00012	0.00017	0.00019	0.00021	0.00012	0.00016	0.00022	0.00025	0.00032	0.00061	0.15247	0.04244	0.04269	0.00017	5.3e-05	9.6e-05	0.75932	0.00010	0.0001
5	0.10031	0.38779	0.01935	0.01440	0.02615	0.16231	0.01407	0.18334	0.02189	0.01749	0.00020	0.00022	0.00016	0.00011	0.00010	3e-05	0.03776	7.7e-05	0.01408	0.00015

[dist]
# distance from previous block
# <min> <max>
6	12

[block]
# block no. 7 follows, 3079 sequences, length 21
# corresponding to MSA columns:
# 751-771
name=unknown_H
#
# <colnr> <probs for GDERKNQSTAVLIFYWHMCP>
#	G	D	E	R	K	N	Q	S	T	A	V	L	I	F	Y	W	H	M	C	P
0	0.00591	0.35387	0.30635	0.00935	0.04608	0.00891	0.08730	0.01078	0.03633	0.02762	0.00649	0.01027	0.01584	0.02957	0.01756	3.7e-05	0.02114	0.00639	5.8e-05	0.00015
1	0.00017	0.00012	0.00016	0.06787	0.00705	0.00011	0.00012	0.00019	0.00024	0.01101	0.30698	0.15548	0.17166	0.06332	0.00591	0.20314	7.8e-05	0.00622	9.3e-05	9.1e-05
2	0.00015	0.00011	0.00014	0.00015	0.00017	0.00010	0.00010	0.00019	0.00870	0.00036	0.43484	0.40294	0.13404	0.00029	0.00014	4e-05	5.9e-05	0.00868	0.00872	9.9e-05
3	0.00524	0.01350	0.02036	0.03269	0.03776	0.64067	0.02859	0.00850	0.00554	0.14027	0.00645	0.01864	0.00344	0.00412	0.00011	3.2e-05	0.00679	0.02368	0.00350	0.00014
4	0.03247	0.05146	0.15663	0.09351	0.04730	0.08227	0.05594	0.08702	0.28298	0.02039	0.00921	0.00914	0.00476	0.01421	0.01133	3.8e-05	0.03341	0.00326	0.00451	0.00016
5	0.00686	0.00348	0.01970	0.00606	0.00022	0.00014	0.00014	0.01832	0.01273	0.23197	0.04716	0.15681	0.06332	0.00995	0.32966	0.06836	0.00330	0.01731	0.00439	0.00012
6	0.02488	0.17587	0.11104	0.02575	0.04452	0.03519	0.00505	0.36352	0.07224	0.02373	0.00024	0.00469	0.00019	0.00012	0.00010	3.1e-05	0.00431	9e-05	0.01066	0.09780
7	0.00356	0.01288	0.41083	0.04437	0.08117	0.00022	0.06472	0.00790	0.01137	0.05367	0.08928	0.03309	0.03212	0.03169	0.06795	0.00269	0.02177	0.00615	0.00393	0.02065
8	0.06570	0.12337	0.34396	0.03392	0.07690	0.02792	0.05784	0.03439	0.02448	0.10908	0.02885	0.00700	0.00839	0.00852	0.00583	0.00267	0.02883	0.00433	6.8e-05	0.00795
9	0.00890	0.26698	0.37699	0.05066	0.04252	0.01001	0.07532	0.01166	0.02090	0.06593	0.00899	0.02775	0.00342	0.00012	0.00300	3.4e-05	0.01536	0.00773	6e-05	0.00368
10	0.00014	0.00010	0.00013	0.00015	0.00016	9.4e-05	0.00010	0.00016	0.00023	0.00029	0.01028	0.73044	0.20962	0.01597	0.00015	4.5e-05	6.5e-05	0.03168	0.00010	9.2e-05
11	0.01409	0.00295	0.09658	0.04064	0.03745	0.00580	0.01255	0.03951	0.08661	0.40956	0.11017	0.01034	0.05361	0.01622	0.01969	0.00329	0.02025	0.01106	0.00947	0.00016
12	0.06763	0.15466	0.07509	0.29646	0.11087	0.08097	0.05294	0.01535	0.01050	0.00985	0.00020	0.00377	0.00317	0.01208	0.00954	0.05918	0.03378	0.00378	5.6e-05	0.00014
13	0.00015	0.00012	0.00013	0.00014	0.00017	0.00010	0.00010	0.00019	0.01181	0.01447	0.28823	0.09655	0.50129	0.00027	0.00014	0.00646	6.1e-05	0.07177	0.00773	0.00010
14	0.00015	0.00011	0.00012	0.00013	0.00015	9.9e-05	8.7e-05	0.00016	0.00021	0.00027	0.01422	0.33307	0.28886	0.34861	0.00029	6.6e-05	7.9e-05	0.01313	9.2e-05	8.5e-05
15	0.02983	0.00568	0.00769	0.21152	0.18193	0.01018	0.01034	0.06187	0.00988	0.02839	0.01072	0.01574	0.03347	0.12323	0.18051	0.05251	0.01547	0.00759	0.00333	0.00012
16	0.00567	0.14420	0.20148	0.09304	0.08799	0.07201	0.05956	0.01723	0.09733	0.01483	0.06056	0.05783	0.02472	0.02276	0.00887	3.8e-05	0.02115	0.01051	7e-05	0.00014
17	0.00537	0.00542	0.00019	0.00018	0.00021	0.08663	0.00014	0.02383	0.00020	0.01391	0.00031	0.06281	0.00031	0.11233	0.67168	0.01063	0.00554	0.00013	6.6e-05	0.00010
18	0.84515	0.00022	0.00018	0.00016	0.00023	0.00025	0.00013	0.06380	0.00022	0.05474	0.00019	0.00021	0.00014	0.00011	7.5e-05	3.4e-05	8.9e-05	6.8e-05	0.03389	0.00013
19	0.02456	0.14577	0.76551	0.00031	0.02406	0.01728	0.01161	0.00036	0.00024	0.00905	0.00020	0.00023	0.00014	0.00011	0.00010	3.4e-05	0.00016	8e-05	4.9e-05	0.00016
20	0.00022	0.05745	0.76365	0.00028	0.00042	0.00024	0.00035	0.00033	0.00024	0.00035	0.02746	0.04446	0.05164	0.00639	0.00011	3.6e-05	0.00015	0.01677	0.00565	0.02381

[dist]
# distance from previous block
# <min> <max>
2	4

[block]
# block no. 8 follows, 3079 sequences, length 9
# corresponding to MSA columns:
# 779-787
name=unknown_I
#
# <colnr> <probs for GDERKNQSTAVLIFYWHMCP>
#	G	D	E	R	K	N	Q	S	T	A	V	L	I	F	Y	W	H	M	C	P
0	0.03401	0.00022	0.00027	0.00021	0.00029	0.00953	0.00017	0.25962	0.01588	0.54406	0.00962	0.00035	0.00025	0.00975	0.02169	0.02864	0.01045	0.00011	0.01548	0.03941
1	0.07391	0.01831	0.03303	0.27186	0.29829	0.01337	0.01059	0.06882	0.01139	0.03735	0.01274	0.01006	0.00797	0.04471	0.01616	0.01580	0.01328	0.00698	0.00713	0.02824
2	0.00761	0.00025	0.04938	0.40585	0.18716	0.02584	0.13170	0.02880	0.01750	0.04122	0.00958	0.01478	0.01503	0.00613	0.00739	0.00667	0.01301	0.00635	0.00609	0.01966
3	0.00015	0.00012	0.00013	0.00013	0.00016	0.00010	9.6e-05	0.00019	0.01447	0.03129	0.09029	0.07662	0.71517	0.01270	0.01415	0.01298	6.5e-05	0.03099	0.00011	9.9e-05
4	0.02265	0.00019	0.00025	0.00020	0.00028	0.00017	0.00016	0.04505	0.02561	0.83229	0.07156	0.00041	0.00033	0.00015	0.00011	3.5e-05	9.4e-05	0.00012	0.00013	0.00018
5	0.01484	0.02768	0.06076	0.33436	0.21230	0.05610	0.03335	0.08575	0.01222	0.05644	0.02299	0.00689	0.00020	0.00013	0.00973	0.00687	0.04581	0.00666	6.6e-05	0.00684
6	0.02221	0.00742	0.06902	0.03781	0.10203	0.03783	0.01225	0.01472	0.03929	0.43914	0.03315	0.01963	0.03286	0.06821	0.00648	0.00625	0.01893	0.01566	0.01696	0.00016
7	0.00015	0.00012	0.00013	0.00013	0.00016	0.00010	9.4e-05	0.00018	0.01887	0.02011	0.11835	0.06202	0.75777	0.00028	0.00013	3.8e-05	5.9e-05	0.02111	0.00011	0.0001
8	0.00772	0.01264	0.08965	0.00760	0.02476	0.00014	0.00647	0.00722	0.02246	0.05836	0.54092	0.05818	0.08949	0.00944	0.01024	0.00657	0.00659	0.01361	0.02780	0.00012

[dist]
# distance from previous block
# <min> <max>
8	18

[block]
# block no. 9 follows, 3079 sequences, length 10
# corresponding to MSA columns:
# 817-824,857,858
name=unknown_J
#
# <colnr> <probs for GDERKNQSTAVLIFYWHMCP>
#	G	D	E	R	K	N	Q	S	T	A	V	L	I	F	Y	W	H	M	C	P
0	0.01451	0.27405	0.33605	0.04543	0.03048	0.01361	0.18431	0.01357	0.00838	0.02894	0.01211	0.00026	0.00769	0.00011	0.00011	3.3e-05	0.01438	0.00690	5.6e-05	0.00903
1	0.00015	0.00010	0.00013	0.00016	0.00017	9.7e-05	0.00010	0.00017	0.01457	0.01490	0.01842	0.85293	0.01541	0.06752	0.00017	5e-05	6.9e-05	0.01467	0.00010	9.3e-05
2	0.00035	0.00648	0.01717	0.02574	0.11319	0.01226	0.02668	0.05765	0.01717	0.43625	0.17764	0.04819	0.02323	0.00017	0.01380	3.8e-05	0.00719	0.00963	0.00699	0.00016
3	0.02933	0.14804	0.41194	0.01649	0.06205	0.06400	0.06367	0.03981	0.01501	0.09589	0.00773	0.00702	0.00018	0.00012	0.00668	3.5e-05	0.01880	0.00660	0.00643	0.00016
4	0.00874	0.00013	0.00901	0.00937	0.00019	0.00012	0.00761	0.00908	0.01764	0.11487	0.20774	0.23972	0.30607	0.02825	0.00014	4.1e-05	6.9e-05	0.01281	0.02085	0.00753
5	0.00015	0.00012	0.00013	0.00013	0.00016	0.00010	9.9e-05	0.00020	0.02633	0.01870	0.26996	0.15320	0.48171	0.02083	0.00014	4e-05	6e-05	0.01369	0.01413	0.00010
6	0.03800	0.02282	0.18131	0.13045	0.21784	0.00994	0.02625	0.06891	0.01810	0.13391	0.00671	0.01948	0.01418	0.03258	0.03681	0.00762	0.01106	0.01025	0.01365	0.00015
7	0.04043	0.05750	0.07894	0.14160	0.12424	0.02910	0.05904	0.10309	0.02666	0.10616	0.02579	0.02553	0.00830	0.00546	0.00617	3.5e-05	0.04667	0.00618	0.00595	0.10315
8	0.02621	0.00713	0.00962	0.00979	0.02079	0.02962	0.00015	0.04641	0.03766	0.38129	0.13392	0.11232	0.02419	0.08147	0.01333	4.4e-05	0.01541	0.01386	0.03664	0.00014
9	0.00676	0.00016	0.00924	0.00759	0.03958	0.02804	0.00013	0.04366	0.06297	0.05876	0.22100	0.14106	0.21197	0.09073	0.02854	4.8e-05	0.01685	0.01781	0.01500	0.00012

[dist]
# distance from previous block
# <min> <max>
6	31

[block]
# block no. 10 follows, 3079 sequences, length 23
# corresponding to MSA columns:
# 904-926
name=unknown_K
#
# <colnr> <probs for GDERKNQSTAVLIFYWHMCP>
#	G	D	E	R	K	N	Q	S	T	A	V	L	I	F	Y	W	H	M	C	P
0	0.00573	0.00018	0.00400	0.00299	0.00027	0.00415	0.00301	0.02680	0.00031	0.75022	0.00325	0.09506	0.00489	0.01650	0.00541	0.00431	0.00317	0.02223	0.04452	0.00300
1	0.00031	0.00024	0.00034	0.03885	0.30907	0.00026	0.03607	0.01778	0.45368	0.12479	0.00675	0.00037	0.00522	0.00013	0.00011	3.6e-05	0.00011	0.00562	9.5e-05	0.00018
2	0.00023	0.00022	0.00037	0.67404	0.12483	0.00523	0.10411	0.00030	0.00609	0.01238	0.00023	0.04615	0.00019	0.00012	0.00012	3.7e-05	0.01135	0.00011	0.00844	0.00546
3	0.00026	0.00020	0.00022	0.00019	0.00025	0.00021	0.00015	0.13882	0.38652	0.04967	0.20010	0.04489	0.13149	0.00550	0.00727	3.8e-05	8.3e-05	0.00722	0.01822	0.00871
4	0.00016	0.00011	0.00013	0.00013	0.00013	0.00011	7.1e-05	0.00017	0.00016	0.00022	0.00035	0.00072	0.00040	0.95266	0.04395	0.00011	0.00012	0.00016	6.8e-05	7e-05
5	0.00026	0.00030	0.00064	0.00046	0.00057	0.00028	0.95668	0.00035	0.00026	0.00036	0.00024	0.02267	0.00019	0.00010	0.00013	3.8e-05	0.00019	0.01605	5.9e-05	0.00015
6	0.05282	0.00020	0.00026	0.00020	0.00028	0.00017	0.00016	0.01534	0.01149	0.91720	0.00043	0.00037	0.00027	0.00014	0.00011	3.5e-05	9.6e-05	0.00011	0.00014	0.00019
7	0.00014	0.00011	0.00013	0.00014	0.00016	9.4e-05	9.7e-05	0.00016	0.00024	0.00030	0.05189	0.50973	0.40481	0.02017	0.00015	4.3e-05	6.3e-05	0.01138	0.00010	9.3e-05
8	0.00021	0.00020	0.00034	0.99577	0.00078	0.00025	0.00031	0.00029	0.00023	0.00029	0.00020	0.00030	0.00015	0.00011	0.00011	3.8e-05	0.00015	0.00010	5e-05	0.00013
9	0.00014	0.00012	0.00012	0.00012	0.00016	9.8e-05	9.1e-05	0.00017	0.00904	0.00031	0.03825	0.01527	0.89800	0.00028	0.00013	3.9e-05	5.9e-05	0.03740	0.00011	9.6e-05
10	0.00029	0.03558	0.37848	0.00552	0.00589	0.00323	0.00525	0.00320	0.00024	0.25316	0.01047	0.00622	0.00344	0.07386	0.11466	0.02378	0.07230	0.00011	0.00417	0.00015
11	0.00016	0.00012	0.00015	0.00014	0.00017	0.00011	0.00010	0.00021	0.01289	0.00042	0.78774	0.03707	0.15058	0.00024	0.00013	3.6e-05	5.5e-05	0.00021	0.00939	0.00010
12	0.00042	0.00054	0.00032	0.00029	0.00035	0.99559	0.00022	0.00045	0.00032	0.00028	0.00017	0.00020	0.00015	0.00012	0.00010	2.9e-05	0.00020	7.3e-05	5.8e-05	0.00013
13	0.07368	0.26840	0.04676	0.12483	0.06138	0.10865	0.11724	0.10237	0.00935	0.03486	0.00020	0.00024	0.00016	0.00011	0.00375	3.3e-05	0.04408	8.7e-05	0.00366	0.00015
14	0.00023	0.00058	0.99546	0.00032	0.00049	0.00026	0.00042	0.00036	0.00024	0.00036	0.00020	0.00024	0.00014	0.00011	0.00011	3.6e-05	0.00017	8.3e-05	4.8e-05	0.00017
15	0.00737	0.01243	0.00014	0.00016	0.00017	0.00010	0.00011	0.00017	0.00784	0.00602	0.00697	0.77031	0.04756	0.05932	0.01729	5.1e-05	7.5e-05	0.06372	0.00010	9.3e-05
16	0.21438	0.18407	0.33381	0.01223	0.02448	0.04426	0.01671	0.04483	0.01821	0.05482	0.00994	0.01591	0.00745	0.00303	0.00310	3.4e-05	0.00471	0.00258	0.00255	0.00289
17	0.00894	0.07126	0.25809	0.01571	0.00378	0.01153	0.05108	0.07599	0.00722	0.21962	0.19069	0.00387	0.04771	0.00310	0.00012	3.5e-05	0.02408	0.00420	0.00282	0.00015
18	0.00015	0.00011	0.00865	0.00015	0.00017	9.8e-05	0.00011	0.00018	0.00519	0.03199	0.04542	0.71425	0.14571	0.03585	0.00507	0.00636	6.8e-05	0.00029	0.00010	9.6e-05
19	0.00672	0.09517	0.38083	0.08792	0.15343	0.01673	0.05479	0.03274	0.01937	0.05540	0.01027	0.00396	0.00695	0.00968	0.02524	0.00334	0.01499	0.01076	0.00258	0.00912
20	0.01213	0.07904	0.23902	0.12983	0.09318	0.04327	0.09016	0.04226	0.06247	0.09666	0.03577	0.02192	0.01609	0.00514	0.00845	3.7e-05	0.01366	0.00422	0.00326	0.00343
21	0.14353	0.00018	0.00021	0.00018	0.00023	0.00018	0.00014	0.12117	0.02837	0.29154	0.06332	0.06969	0.00764	0.16762	0.01187	0.00400	0.00410	0.07765	0.00824	0.00014
22	0.00014	0.00010	0.00013	0.00015	0.00016	9.5e-05	0.00010	0.00017	0.00760	0.00030	0.03411	0.79176	0.11739	0.01517	0.00015	4.6e-05	6.6e-05	0.03216	0.00010	9.3e-05

[dist]
# distance from previous block
# <min> <max>
9	14

[block]
# block no. 11 follows, 3079 sequences, length 24
# corresponding to MSA columns:
# 948-970,975
name=unknown_L
#
# <colnr> <probs for GDERKNQSTAVLIFYWHMCP>
#	G	D	E	R	K	N	Q	S	T	A	V	L	I	F	Y	W	H	M	C	P
0	0.00021	0.00020	0.00304	0.78472	0.03992	0.00023	0.01087	0.00944	0.00804	0.00904	0.05111	0.00934	0.04425	0.00297	0.00391	0.00720	0.00700	0.00463	0.00374	0.00013
1	0.00987	0.00011	0.00014	0.00015	0.00017	0.00915	0.00010	0.00018	0.00468	0.03044	0.09692	0.53121	0.23920	0.04180	0.00016	4.5e-05	6.8e-05	0.03001	0.00550	9.7e-05
2	0.02523	0.00384	0.00022	0.00018	0.00024	0.00376	0.01019	0.19053	0.00957	0.31186	0.27613	0.04233	0.03654	0.00018	0.00012	3.5e-05	8.4e-05	0.00385	0.08494	0.00015
3	0.00017	0.00012	0.00015	0.00014	0.00017	0.00011	0.00010	0.00022	0.00972	0.03697	0.69131	0.01973	0.17464	0.03955	0.00920	4e-05	6.1e-05	0.00963	0.00788	0.00011
4	0.00014	0.00012	0.01879	0.00013	0.00017	0.00010	0.00011	0.00018	0.00955	0.00033	0.12525	0.05660	0.69010	0.00028	0.00014	3.9e-05	6.4e-05	0.09769	0.00011	9.9e-05
5	0.00036	0.00027	0.00030	0.00024	0.00032	0.00031	0.00019	0.54948	0.36740	0.03378	0.02707	0.00035	0.00028	0.00014	0.00011	3.5e-05	0.00011	0.00011	0.01896	0.00018
6	0.00016	0.00011	0.00014	0.00014	0.00014	0.00012	8.4e-05	0.00017	0.00017	0.00023	0.00034	0.00067	0.00038	0.77541	0.22116	0.00013	0.00015	0.00015	6.6e-05	7.5e-05
7	0.00025	0.00025	0.00037	0.00031	0.00033	0.01359	0.12347	0.00028	0.00019	0.00029	0.00017	0.00026	0.00016	0.00018	0.00032	4.7e-05	0.81748	0.00010	0.04182	0.00013
8	0.01215	0.00031	0.00033	0.00026	0.00035	0.00034	0.00021	0.96092	0.00052	0.01234	0.00027	0.00027	0.00019	0.00013	0.00011	3.4e-05	0.00012	0.00010	0.00011	0.01091
9	0.03706	0.00399	0.00014	0.00427	0.00601	0.00347	0.00011	0.01651	0.00364	0.00373	0.01892	0.87313	0.01494	0.00033	0.00014	4.5e-05	0.00919	0.00417	0.00010	9.7e-05
10	0.00023	0.02660	0.96946	0.00032	0.00048	0.00027	0.00041	0.00036	0.00024	0.00035	0.00020	0.00024	0.00014	0.00011	0.00011	3.5e-05	0.00017	8.3e-05	4.8e-05	0.00017
11	0.00030	0.92332	0.04397	0.00020	0.00030	0.01926	0.00020	0.01088	0.00023	0.00027	0.00016	0.00018	0.00014	9.8e-05	7.5e-05	2.5e-05	0.00012	6.2e-05	4.9e-05	0.00015
12	0.00963	0.00021	0.00566	0.80731	0.10504	0.00025	0.00463	0.00909	0.00966	0.03478	0.00826	0.00031	0.00017	0.00011	0.00011	3.7e-05	0.00014	0.00442	5.6e-05	0.00013
13	0.00015	0.00012	0.00575	0.02034	0.00692	0.00011	0.00409	0.00359	0.01197	0.00749	0.02992	0.25128	0.51599	0.00028	0.00013	4e-05	6.9e-05	0.08071	0.00567	0.05536
14	0.00017	0.00012	0.00015	0.00014	0.00017	0.00011	0.00011	0.00023	0.03974	0.01614	0.83114	0.00845	0.05677	0.00023	0.00013	3.5e-05	5.6e-05	0.00020	0.04579	0.00011
15	0.00028	0.00027	0.00045	0.03512	0.96093	0.00027	0.00034	0.00034	0.00026	0.00037	0.00021	0.00028	0.00018	0.00010	0.00011	3.4e-05	0.00013	0.00010	5.6e-05	0.00018
16	0.00483	0.03070	0.03977	0.22880	0.09386	0.20274	0.16507	0.02284	0.04117	0.01472	0.01111	0.01526	0.00289	0.00348	0.01230	0.05246	0.05489	0.00290	6.1e-05	0.00014
17	0.00543	0.00383	0.03566	0.01046	0.03279	0.00288	0.01206	0.02537	0.06090	0.13243	0.03950	0.05405	0.06996	0.38641	0.05022	0.00602	0.00922	0.05596	0.00673	0.00011
18	0.00636	0.00011	0.00013	0.00014	0.00015	0.00490	9.3e-05	0.00018	0.00020	0.00026	0.01643	0.13180	0.16420	0.52087	0.02713	8.2e-05	9.8e-05	0.12056	0.00622	8.2e-05
19	0.01127	0.00316	0.01116	0.28997	0.29427	0.04671	0.09619	0.02810	0.02783	0.11082	0.01307	0.01230	0.00387	0.02687	0.00613	3.9e-05	0.01492	0.00311	6.9e-05	0.00015
20	0.01739	0.13138	0.23272	0.05881	0.15865	0.04362	0.05457	0.06110	0.04204	0.10160	0.00605	0.01876	0.00305	0.00761	0.01086	0.00230	0.02300	0.01091	0.00251	0.01310
21	0.10705	0.00913	0.03029	0.12522	0.03320	0.04266	0.03766	0.01155	0.00293	0.11854	0.01481	0.17385	0.00899	0.01879	0.10100	0.03193	0.08775	0.03305	0.00830	0.00332
22	0.03523	0.00581	0.09444	0.01003	0.04339	0.04658	0.02154	0.28370	0.11049	0.21935	0.04110	0.02728	0.01024	0.00478	0.00946	3.7e-05	0.00424	0.00632	0.02319	0.00279
23	0.11287	0.03021	0.05610	0.08746	0.18441	0.04013	0.04666	0.05062	0.13066	0.06729	0.04048	0.01915	0.01653	0.03833	0.01212	0.00465	0.04252	0.00348	0.00811	0.00822

[dist]
# distance from previous block
# <min> <max>
8	48

[block]
# block no. 12 follows, 3079 sequences, length 24
# corresponding to MSA columns:
# 1048-1071
name=unknown_M
#
# <colnr> <probs for GDERKNQSTAVLIFYWHMCP>
#	G	D	E	R	K	N	Q	S	T	A	V	L	I	F	Y	W	H	M	C	P
0	0.01638	0.00650	0.03929	0.17646	0.13377	0.00397	0.02532	0.02849	0.10632	0.04083	0.11343	0.15616	0.03677	0.02074	0.01136	0.00504	0.00623	0.05573	0.01083	0.00639
1	0.00735	0.00020	0.00892	0.00018	0.00028	0.00016	0.00015	0.01045	0.00693	0.32793	0.00861	0.00029	0.00021	0.00010	9.4e-05	2.3e-05	8.8e-05	8.4e-05	9.2e-05	0.62788
2	0.10375	0.09873	0.00988	0.01105	0.01531	0.02278	0.00902	0.50742	0.18053	0.01119	0.00519	0.00359	0.00471	0.00013	0.00011	3.4e-05	0.00419	9.9e-05	0.00400	0.00830
3	0.00941	0.17196	0.31772	0.01445	0.10015	0.01786	0.04284	0.03576	0.01865	0.14076	0.01219	0.01703	0.00803	0.00326	0.01817	3.5e-05	0.00386	0.00648	0.00313	0.05825
4	0.01770	0.08688	0.36614	0.02324	0.04643	0.01542	0.08119	0.05453	0.04290	0.17742	0.01751	0.01860	0.01930	0.00326	0.01450	3.7e-05	0.00834	0.00353	0.00290	0.00016
5	0.00023	0.02483	0.94222	0.00032	0.00048	0.00027	0.01850	0.00036	0.00024	0.01125	0.00020	0.00024	0.00014	0.00011	0.00011	3.5e-05	0.00016	8.4e-05	4.9e-05	0.00017
6	0.00017	0.00013	0.01088	0.02199	0.01083	0.00437	0.02261	0.00888	0.05395	0.01532	0.20552	0.26032	0.30812	0.00026	0.00013	3.9e-05	7e-05	0.02723	0.04906	0.00011
7	0.01942	0.06133	0.27100	0.09275	0.12740	0.03513	0.03906	0.05312	0.02404	0.21438	0.00956	0.01049	0.01047	0.00725	0.00676	3.6e-05	0.00852	0.00655	0.00258	0.00016
8	0.01672	0.05701	0.22211	0.13584	0.05457	0.06904	0.04655	0.03444	0.03942	0.13854	0.04258	0.03462	0.03094	0.00892	0.00803	3.8e-05	0.03384	0.01969	0.00697	0.00015
9	0.00042	0.00054	0.00032	0.00029	0.00035	0.99559	0.00022	0.00045	0.00032	0.00028	0.00017	0.00020	0.00015	0.00012	0.00010	2.9e-05	0.00020	7.3e-05	5.8e-05	0.00013
10	0.01278	0.00025	0.00026	0.05622	0.03295	0.11784	0.00360	0.06663	0.01581	0.02268	0.02225	0.00802	0.01373	0.00418	0.00646	2.6e-05	0.03123	0.00301	7.1e-05	0.58199
11	0.00022	0.00020	0.00033	0.91904	0.00902	0.00025	0.00030	0.00933	0.00023	0.02283	0.00021	0.00533	0.00016	0.00012	0.00505	3.8e-05	0.00504	0.00802	5.4e-05	0.01423
12	0.00046	0.00025	0.00029	0.00022	0.00031	0.00025	0.00019	0.43673	0.01680	0.52306	0.00881	0.00034	0.00025	0.00014	0.00011	3.4e-05	0.00011	0.00011	0.01135	0.00019
13	0.00963	0.00021	0.00656	0.72891	0.03861	0.00025	0.01012	0.01158	0.00739	0.09699	0.00426	0.00031	0.00532	0.00012	0.00013	3.8e-05	0.07926	0.00010	6.1e-05	0.00013
14	0.00041	0.00030	0.00033	0.00025	0.00034	0.00033	0.00021	0.90877	0.00050	0.01419	0.00027	0.00027	0.00019	0.00013	0.00011	3.3e-05	0.00012	9.9e-05	0.01260	0.06053
15	0.00937	0.00020	0.00026	0.00020	0.00028	0.00018	0.00017	0.10318	0.03064	0.76463	0.08931	0.00041	0.00034	0.00015	0.00011	3.5e-05	9.5e-05	0.00012	0.00013	0.00018
16	0.00420	0.00022	0.00035	0.18296	0.53611	0.00023	0.00319	0.00367	0.01626	0.00036	0.13364	0.02486	0.03960	0.01656	0.00787	0.01576	0.00732	0.00355	0.00315	0.00015
17	0.00014	0.00010	0.00014	0.00016	0.00017	9.8e-05	0.00011	0.00017	0.00644	0.00030	0.03406	0.80622	0.01600	0.01057	0.00015	4.6e-05	7e-05	0.11826	0.00670	9.4e-05
18	0.00021	0.00020	0.00034	0.94796	0.02328	0.00025	0.00031	0.00029	0.00022	0.00029	0.00020	0.00031	0.00015	0.01118	0.00012	0.01427	0.00015	0.00010	5e-05	0.00012
19	0.03921	0.00014	0.00017	0.00292	0.00324	0.00289	0.00012	0.01314	0.00687	0.22110	0.38195	0.01519	0.20320	0.02234	0.00659	0.04191	0.00333	0.00429	0.03127	0.00012
20	0.05515	0.00016	0.00021	0.00017	0.00023	0.00015	0.00014	0.00402	0.00393	0.56888	0.05959	0.07796	0.12767	0.07002	0.00462	0.00598	8.7e-05	0.00588	0.01499	0.00015
21	0.00023	0.00332	0.59807	0.05805	0.04195	0.00279	0.08219	0.01253	0.02084	0.01422	0.06604	0.01643	0.04797	0.00288	0.00312	0.00775	0.00260	0.00799	0.00314	0.00790
22	0.00373	0.00023	0.00038	0.44867	0.45409	0.00337	0.00031	0.00577	0.00024	0.01125	0.00563	0.01185	0.01895	0.01960	0.00327	3.7e-05	0.00014	0.00375	0.00510	0.00365
23	0.01099	0.00425	0.00511	0.03790	0.07366	0.03268	0.02098	0.03885	0.13998	0.04274	0.11398	0.23195	0.22016	0.00265	0.00433	3.9e-05	8.7e-05	0.00829	0.00821	0.00314

[dist]
# distance from previous block
# <min> <max>
0	62

# created by:
# /home/cegg/simao/soft/augustus-3.2.1/scripts/msa2prfl.pl ./align_prep/POG091H02LX.fa
