[name]
unknown

[dist]
# distance from previous block
# <min> <max>
0	294

[block]
# block no. 0 follows, 2790 sequences, length 39
# corresponding to MSA columns:
# 422-424,426,430-437,439-450,478,483-492,495-498
name=unknown_A
#
# <colnr> <probs for GDERKNQSTAVLIFYWHMCP>
#	G	D	E	R	K	N	Q	S	T	A	V	L	I	F	Y	W	H	M	C	P
0	0.00021	0.00372	0.01044	0.00220	0.01826	0.00231	0.01586	0.00531	0.00226	0.01099	0.02875	0.04508	0.01172	0.00723	0.00390	5.6e-05	0.00313	0.82302	0.00011	0.00546
1	0.00034	0.01413	0.00790	0.12142	0.52795	0.25570	0.01174	0.01241	0.01942	0.00372	0.00619	0.00030	0.00585	0.00012	0.00012	3.6e-05	0.01230	0.00010	6.4e-05	0.00017
2	0.00017	0.00013	0.00015	0.00015	0.00018	0.00011	0.00011	0.00022	0.00644	0.01773	0.47866	0.09142	0.39330	0.00430	0.00015	4.1e-05	6.3e-05	0.00025	0.00632	0.00011
3	0.00376	0.00011	0.00015	0.00017	0.00018	0.00010	0.00012	0.00018	0.00024	0.01597	0.00928	0.91863	0.00875	0.00385	0.00016	5e-05	7.4e-05	0.02830	0.00979	0.00010
4	0.00016	0.00012	0.00015	0.00015	0.00018	0.00011	0.00011	0.00021	0.00032	0.00043	0.57517	0.14438	0.26964	0.00029	0.00015	4.2e-05	6.2e-05	0.00807	0.00013	0.00011
5	0.00017	0.00013	0.00015	0.00015	0.00018	0.00011	0.00011	0.00021	0.00030	0.03516	0.27482	0.19047	0.48777	0.00477	0.00015	4.3e-05	6.5e-05	0.00502	0.00012	0.00011
6	0.99651	0.00024	0.00018	0.00016	0.00024	0.00028	0.00013	0.00036	0.00021	0.00056	0.00017	0.00020	0.00013	0.00012	7.7e-05	3.8e-05	9.6e-05	6.7e-05	7.7e-05	0.00013
7	0.10884	0.00276	0.01036	0.02260	0.01046	0.10724	0.01073	0.65354	0.01122	0.04418	0.00028	0.00029	0.00020	0.00014	0.00012	3.7e-05	0.00698	0.00291	0.00011	0.00700
8	0.98351	0.00024	0.00018	0.01316	0.00025	0.00028	0.00014	0.00036	0.00021	0.00055	0.00017	0.00020	0.00013	0.00012	7.7e-05	3.8e-05	9.7e-05	6.8e-05	7.7e-05	0.00013
9	0.83874	0.00024	0.00020	0.00017	0.00025	0.00027	0.00014	0.00942	0.00024	0.14905	0.00022	0.00024	0.00016	0.00012	8.4e-05	3.8e-05	9.8e-05	7.6e-05	8.9e-05	0.00015
10	0.03508	0.00022	0.00037	0.96053	0.00083	0.00028	0.00034	0.00032	0.00025	0.00033	0.00022	0.00033	0.00016	0.00012	0.00012	4.1e-05	0.00016	0.00011	5.6e-05	0.00014
11	0.00026	0.00063	0.96021	0.00035	0.00053	0.00028	0.00045	0.00040	0.00027	0.03518	0.00023	0.00027	0.00016	0.00012	0.00012	3.9e-05	0.00018	9.3e-05	5.6e-05	0.00018
12	0.00027	0.00027	0.00037	0.00032	0.00033	0.01619	0.03503	0.02722	0.00021	0.00031	0.00019	0.00030	0.00018	0.02823	0.05065	6.2e-05	0.83476	0.00011	0.00486	0.00014
13	0.00053	0.00022	0.00029	0.00022	0.00032	0.00020	0.00018	0.05189	0.03917	0.88023	0.01283	0.00043	0.00466	0.00016	0.00013	3.9e-05	0.00011	0.00421	0.00399	0.00021
14	0.00015	0.00012	0.00014	0.00016	0.00018	0.00010	0.00011	0.00018	0.00025	0.00033	0.02323	0.60261	0.30840	0.02755	0.00017	5e-05	7.2e-05	0.03597	0.00011	0.00010
15	0.04618	0.00019	0.00025	0.00020	0.00028	0.00017	0.00016	0.01639	0.01090	0.67435	0.09855	0.06721	0.02266	0.00439	0.00307	4e-05	9.6e-05	0.00015	0.05457	0.00018
16	0.00174	0.01563	0.00340	0.07094	0.08857	0.00572	0.01159	0.00976	0.02026	0.01514	0.00759	0.09517	0.00613	0.02824	0.05082	0.52799	0.03315	0.00641	0.00165	9.5e-05
17	0.03454	0.00028	0.00043	0.02298	0.59048	0.01172	0.01636	0.05593	0.02049	0.20099	0.00336	0.00273	0.00023	0.00014	0.01041	4e-05	0.02190	0.00011	0.00670	0.00019
18	0.00300	0.00012	0.00015	0.00017	0.00019	0.00011	0.00012	0.00366	0.00502	0.06584	0.05573	0.61580	0.18211	0.03401	0.00017	4.9e-05	7.4e-05	0.01530	0.01827	0.00011
19	0.00371	0.00281	0.00508	0.06852	0.09793	0.02749	0.02719	0.15494	0.00828	0.36618	0.01182	0.18467	0.00714	0.00274	0.00456	4.2e-05	0.01334	0.01126	0.00212	0.00018
20	0.00483	0.00801	0.09325	0.10927	0.17691	0.04543	0.40898	0.01284	0.00852	0.06530	0.00223	0.01975	0.00940	0.00013	0.00014	4e-05	0.03267	0.00013	0.00202	0.00017
21	0.01591	0.18751	0.02823	0.00027	0.00037	0.06921	0.00023	0.65236	0.00514	0.01555	0.01034	0.00028	0.00021	0.00519	0.00243	3.6e-05	0.00300	0.00010	0.00344	0.00019
22	0.00840	0.05315	0.08088	0.01718	0.06581	0.03616	0.01522	0.07321	0.01812	0.03146	0.00681	0.02492	0.00363	0.00012	0.00011	2.7e-05	0.01133	9.4e-05	0.00592	0.54746
23	0.03001	0.03855	0.04078	0.14511	0.19987	0.03959	0.09441	0.07036	0.04280	0.05084	0.01072	0.17439	0.00789	0.00259	0.00353	0.00175	0.02634	0.00740	8.3e-05	0.01299
24	0.00416	0.00555	0.00640	0.00476	0.00234	0.02523	0.00575	0.01018	0.04525	0.04775	0.62207	0.08232	0.05767	0.00276	0.00174	4e-05	7.3e-05	0.00442	0.06821	0.00332
25	0.03737	0.15769	0.23950	0.01341	0.07516	0.03974	0.05499	0.12958	0.14822	0.03231	0.00314	0.01582	0.00268	0.00844	0.00012	3.8e-05	0.01510	0.00011	0.00442	0.02215
26	0.01922	0.02816	0.17880	0.07810	0.31111	0.02874	0.10933	0.02399	0.08110	0.05871	0.02691	0.00537	0.01825	0.00229	0.00457	0.00196	0.01641	0.00432	0.00249	0.00018
27	0.00016	0.00012	0.00439	0.00016	0.00018	0.00011	0.00011	0.00021	0.00395	0.00386	0.43950	0.32356	0.18987	0.02262	0.00016	4.5e-05	6.6e-05	0.00569	0.00512	0.00011
28	0.00409	0.00260	0.00020	0.00404	0.01963	0.00016	0.00014	0.00345	0.01534	0.01282	0.02299	0.02168	0.04196	0.31175	0.41684	0.03625	0.07903	0.00370	0.00323	0.00010
29	0.00278	0.00014	0.00017	0.00016	0.00020	0.00013	0.00012	0.02620	0.00579	0.16139	0.38081	0.04240	0.09128	0.05319	0.00016	0.00339	7.3e-05	0.00333	0.22814	0.00013
30	0.00256	0.00020	0.00027	0.00021	0.00029	0.00018	0.00310	0.00812	0.03110	0.78003	0.01912	0.01718	0.07173	0.02991	0.02125	0.00324	0.00011	0.00548	0.00574	0.00019
31	0.00857	0.00022	0.00346	0.00530	0.00836	0.00312	0.00237	0.00398	0.00468	0.00285	0.01858	0.00399	0.00021	9.8e-05	9.4e-05	2e-05	9.3e-05	0.00225	7.5e-05	0.93168
32	0.95212	0.00024	0.00020	0.00598	0.00709	0.00028	0.01848	0.00539	0.00851	0.00055	0.00018	0.00021	0.00014	0.00012	7.9e-05	3.9e-05	9.9e-05	7e-05	7.7e-05	0.00014
33	0.00618	0.00057	0.00035	0.01034	0.00039	0.93593	0.00024	0.02559	0.00036	0.01867	0.00020	0.00023	0.00016	0.00013	0.00011	3.2e-05	0.00022	8.2e-05	6.7e-05	0.00015
34	0.21526	0.05648	0.03248	0.00021	0.00321	0.00022	0.00358	0.01063	0.00310	0.42357	0.02772	0.00034	0.00400	0.00013	0.00011	3.4e-05	0.00293	0.00010	0.00011	0.21580
35	0.82348	0.00024	0.01855	0.00018	0.00026	0.00495	0.00015	0.00040	0.00023	0.13498	0.00022	0.00024	0.00016	0.00013	0.00931	4e-05	0.00010	7.6e-05	0.00618	0.00015
36	0.00025	0.00021	0.01858	0.00022	0.00027	0.00944	0.00018	0.01386	0.45728	0.01095	0.00846	0.00528	0.19217	0.03228	0.00016	4.8e-05	0.00274	0.24301	0.00446	0.00015
37	0.05275	0.01827	0.09221	0.01844	0.03710	0.01025	0.02150	0.09635	0.05821	0.47644	0.01842	0.02307	0.00626	0.00569	0.00013	0.01011	0.00800	0.01030	0.00238	0.03411
38	0.03785	0.07600	0.10856	0.06306	0.08365	0.06079	0.10001	0.05947	0.07481	0.10967	0.01654	0.11876	0.02018	0.00311	0.00651	0.00177	0.01092	0.01600	0.01561	0.01674

[dist]
# distance from previous block
# <min> <max>
7	31

[block]
# block no. 1 follows, 2790 sequences, length 10
# corresponding to MSA columns:
# 550-559
name=unknown_B
#
# <colnr> <probs for GDERKNQSTAVLIFYWHMCP>
#	G	D	E	R	K	N	Q	S	T	A	V	L	I	F	Y	W	H	M	C	P
0	0.04017	0.56695	0.06719	0.00816	0.01751	0.12448	0.02523	0.06575	0.01568	0.03113	0.00838	0.00025	0.00746	0.00012	0.0001	3.1e-05	0.01385	8.2e-05	6.6e-05	0.00739
1	0.05387	0.00642	0.01186	0.00565	0.05544	0.02993	0.01661	0.01936	0.03627	0.02583	0.06917	0.05475	0.15443	0.19513	0.01206	0.00692	0.13467	0.00912	0.00575	0.09676
2	0.02506	0.20512	0.22631	0.02524	0.03394	0.04045	0.05596	0.06052	0.02232	0.15981	0.01417	0.01073	0.01072	0.00014	0.00734	3.6e-05	0.01096	0.00656	0.00831	0.07630
3	0.13561	0.05461	0.14557	0.03172	0.06692	0.01594	0.03111	0.04606	0.01464	0.35240	0.02895	0.01583	0.02368	0.00639	0.00012	3.9e-05	0.01489	0.00608	0.00010	0.00936
4	0.00017	0.00012	0.00016	0.00017	0.00019	0.00011	0.01145	0.00020	0.00027	0.01188	0.23204	0.47309	0.16317	0.03186	0.02820	0.01091	8e-05	0.02556	0.01026	0.00011
5	0.02134	0.00018	0.01180	0.02626	0.06613	0.00016	0.02655	0.01692	0.03439	0.17543	0.24203	0.13144	0.19029	0.01623	0.00880	4.4e-05	0.00682	0.00664	0.00942	0.00915
6	0.02962	0.15437	0.13390	0.05339	0.07288	0.06281	0.09197	0.08175	0.03052	0.23286	0.00752	0.01389	0.00677	0.00014	0.00672	3.8e-05	0.01378	0.00678	9e-05	0.00018
7	0.00019	0.00014	0.01272	0.00017	0.01720	0.00013	0.00683	0.00867	0.01067	0.02386	0.02718	0.12977	0.03421	0.63134	0.03958	0.03414	0.00722	0.00781	0.00806	9.2e-05
8	0.01159	0.00018	0.00024	0.00020	0.00027	0.00017	0.00016	0.01992	0.01310	0.60289	0.12329	0.05550	0.03671	0.00019	0.00013	3.8e-05	9.1e-05	0.01275	0.12243	0.00018
9	0.00922	0.02035	0.05843	0.15052	0.29953	0.00898	0.14986	0.01660	0.03381	0.03456	0.03600	0.10737	0.03042	0.00577	0.01028	0.00580	0.00735	0.00779	0.00720	0.00016

[dist]
# distance from previous block
# <min> <max>
2	6

[block]
# block no. 2 follows, 2790 sequences, length 22
# corresponding to MSA columns:
# 568-580,583-591
name=unknown_C
#
# <colnr> <probs for GDERKNQSTAVLIFYWHMCP>
#	G	D	E	R	K	N	Q	S	T	A	V	L	I	F	Y	W	H	M	C	P
0	0.00019	0.00401	0.00016	0.00015	0.00019	0.00012	0.00011	0.00497	0.00682	0.06695	0.25155	0.00574	0.55471	0.04434	0.01703	4.6e-05	7.4e-05	0.00686	0.01195	0.02403
1	0.07699	0.59964	0.07189	0.00519	0.00677	0.03436	0.01159	0.03151	0.02651	0.10429	0.00428	0.00505	0.00534	0.00012	0.00403	0.00310	0.00901	8.3e-05	7.1e-05	0.00017
2	0.00017	0.00011	0.00015	0.00017	0.00018	0.00011	0.00011	0.00018	0.00612	0.00030	0.00749	0.61414	0.01071	0.17105	0.02455	0.09773	9.3e-05	0.06643	0.00010	9.4e-05
3	0.00025	0.00019	0.00021	0.00020	0.00025	0.00020	0.00015	0.01719	0.37717	0.04811	0.44915	0.02942	0.05177	0.00022	0.00014	4e-05	7.8e-05	0.00019	0.02494	0.00015
4	0.00017	0.00013	0.00015	0.00015	0.00018	0.00011	0.00011	0.00021	0.00031	0.00926	0.53003	0.05400	0.27549	0.11290	0.00020	0.00719	6.9e-05	0.00912	0.00012	0.00011
5	0.00018	0.00013	0.00016	0.00015	0.00019	0.00012	0.00011	0.00717	0.00885	0.01774	0.66867	0.00096	0.26541	0.00026	0.00014	3.9e-05	6.2e-05	0.00023	0.01269	0.01673
6	0.91519	0.00024	0.00019	0.00017	0.00025	0.00028	0.00014	0.01608	0.03176	0.03451	0.00020	0.00022	0.00015	0.00012	8.1e-05	3.9e-05	9.7e-05	7.2e-05	8.2e-05	0.00014
7	0.00788	0.00023	0.00027	0.00020	0.00030	0.00765	0.01856	0.04113	0.00027	0.00810	0.00024	0.00029	0.00020	0.00010	9.7e-05	2.1e-05	9.8e-05	0.02483	7.7e-05	0.88945
8	0.00026	0.13210	0.84021	0.00033	0.00050	0.00032	0.00042	0.00040	0.02367	0.00038	0.00022	0.00026	0.00016	0.00012	0.00011	3.8e-05	0.00017	9e-05	5.4e-05	0.00018
9	0.01424	0.25208	0.06424	0.00353	0.00778	0.01948	0.05777	0.04273	0.02905	0.30509	0.10950	0.04075	0.03375	0.00322	0.00530	3.8e-05	0.00338	0.00781	0.00010	0.00017
10	0.00028	0.00022	0.00026	0.00019	0.00029	0.00018	0.00015	0.03271	0.02928	0.05853	0.00735	0.01373	0.00023	0.01805	0.03394	0.00408	0.00420	0.00779	0.00498	0.78358
11	0.00015	0.00011	0.00014	0.00017	0.00018	0.00010	0.00011	0.00017	0.00024	0.00032	0.01785	0.96078	0.01843	0.00039	0.00016	5e-05	7.2e-05	0.00035	0.00012	0.00010
12	0.00368	0.01994	0.01083	0.00018	0.00024	0.00384	0.00554	0.04231	0.02984	0.23890	0.48129	0.02673	0.05098	0.00464	0.00566	4e-05	8.2e-05	0.02178	0.05334	0.00015
13	0.04689	0.10275	0.11962	0.01557	0.06092	0.07976	0.03458	0.01259	0.00501	0.32976	0.00913	0.12542	0.02743	0.00018	0.00957	4e-05	0.00469	0.01582	0.00010	0.00017
14	0.97362	0.00025	0.02304	0.00017	0.00025	0.00028	0.00014	0.00037	0.00021	0.00055	0.00017	0.00020	0.00013	0.00012	7.8e-05	3.8e-05	9.8e-05	6.8e-05	7.6e-05	0.00014
15	0.00017	0.00013	0.00015	0.00015	0.00018	0.00011	0.00011	0.00549	0.00542	0.01895	0.25550	0.23401	0.42022	0.01692	0.00016	4.5e-05	6.8e-05	0.03141	0.01071	0.00011
16	0.02839	0.00018	0.00415	0.01476	0.01330	0.00017	0.00486	0.04796	0.04109	0.27763	0.50243	0.00067	0.00813	0.00548	0.03318	4.5e-05	0.00977	0.00017	0.00384	0.00377
17	0.01288	0.89572	0.02290	0.00022	0.00033	0.06562	0.00022	0.00038	0.00026	0.00030	0.00018	0.00020	0.00016	0.00011	8.3e-05	2.7e-05	0.00014	6.8e-05	5.4e-05	0.00016
18	0.00702	0.09785	0.05303	0.06640	0.05864	0.00637	0.02194	0.02072	0.01340	0.30614	0.03406	0.05754	0.04881	0.04827	0.08967	0.02746	0.02675	0.00369	0.00700	0.00525
19	0.00552	0.00012	0.00015	0.00015	0.00016	0.00012	9.7e-05	0.00020	0.00545	0.02300	0.03365	0.33949	0.00540	0.53444	0.00041	0.00472	9.9e-05	0.02391	0.02284	9.1e-05
20	0.00621	0.01075	0.16535	0.28841	0.11063	0.05830	0.10729	0.02065	0.03330	0.08255	0.00960	0.02243	0.00632	0.00014	0.00294	0.00931	0.05091	0.01181	0.00292	0.00016
21	0.01281	0.04527	0.20300	0.02487	0.10041	0.04059	0.06979	0.09429	0.01474	0.32168	0.00841	0.02890	0.00360	0.00015	0.00315	3.9e-05	0.00556	0.01952	0.0001	0.00315

[dist]
# distance from previous block
# <min> <max>
1	6

[block]
# block no. 3 follows, 2790 sequences, length 39
# corresponding to MSA columns:
# 599-631,633-635,644-646
name=unknown_D
#
# <colnr> <probs for GDERKNQSTAVLIFYWHMCP>
#	G	D	E	R	K	N	Q	S	T	A	V	L	I	F	Y	W	H	M	C	P
0	0.72156	0.04801	0.02462	0.00762	0.02049	0.09501	0.00650	0.01049	0.00258	0.00703	0.00018	0.00022	0.00015	0.00012	0.00262	3.8e-05	0.05038	7.4e-05	0.00218	0.00014
1	0.00016	0.00012	0.00015	0.00434	0.00677	0.00011	0.00588	0.00019	0.00386	0.00348	0.06124	0.44068	0.41413	0.04188	0.00797	5e-05	7.4e-05	0.00869	0.00011	0.00010
2	0.00942	0.02470	0.00857	0.11789	0.29183	0.00893	0.01484	0.02268	0.02265	0.14420	0.01656	0.04213	0.00466	0.00405	0.00368	3.5e-05	0.00213	0.01565	0.00926	0.23617
3	0.00022	0.00014	0.00016	0.00015	0.00019	0.00013	0.00012	0.00624	0.04747	0.09135	0.37596	0.00903	0.31668	0.00268	0.00308	4e-05	0.00436	0.00302	0.13883	0.00013
4	0.00018	0.00012	0.00014	0.00014	0.00014	0.00012	8.2e-05	0.00019	0.00020	0.00630	0.04171	0.01509	0.08412	0.80631	0.01447	0.02615	0.00011	0.00426	8.2e-05	8.1e-05
5	0.97784	0.00024	0.00018	0.00016	0.00024	0.00028	0.00014	0.00037	0.00021	0.01920	0.00018	0.00021	0.00014	0.00012	7.8e-05	3.8e-05	9.6e-05	6.8e-05	7.8e-05	0.00014
6	0.00616	0.00022	0.00026	0.00018	0.00029	0.00017	0.00015	0.00426	0.00362	0.01055	0.01143	0.00027	0.00020	9.6e-05	9.4e-05	1.9e-05	0.00417	7.7e-05	0.00658	0.95122
7	0.06236	0.06938	0.00444	0.04343	0.03933	0.10049	0.01295	0.34937	0.25907	0.00739	0.02072	0.00418	0.00422	0.00015	0.00168	3.8e-05	0.01001	0.00214	0.00646	0.00218
8	0.02114	0.00028	0.02939	0.11409	0.39311	0.00027	0.16722	0.02746	0.00784	0.21960	0.00030	0.00720	0.00022	0.00319	0.00013	3.9e-05	0.00303	0.00271	8.4e-05	0.00269
9	0.05006	0.06773	0.13728	0.05263	0.08885	0.04302	0.04420	0.02612	0.01770	0.34928	0.00625	0.02848	0.00892	0.01781	0.04873	0.00294	0.00520	0.00453	9.8e-05	0.00018
10	0.17689	0.00472	0.00027	0.00021	0.00030	0.00020	0.00017	0.02175	0.00033	0.74006	0.00433	0.00548	0.00028	0.00015	0.00011	3.8e-05	0.00010	0.00011	0.03484	0.00965
11	0.00849	0.00022	0.00029	0.00022	0.00032	0.00019	0.00018	0.04152	0.00828	0.93817	0.00048	0.00042	0.00030	0.00015	0.00012	3.8e-05	0.00011	0.00012	0.00015	0.00021
12	0.00240	0.00360	0.08035	0.18840	0.05946	0.00767	0.46469	0.00342	0.01504	0.01621	0.02099	0.05084	0.03476	0.00255	0.00014	4.2e-05	0.00468	0.04289	0.00172	0.00016
13	0.00015	0.00011	0.00014	0.00016	0.00018	0.00010	0.00011	0.00018	0.00025	0.00032	0.02778	0.73056	0.20874	0.02091	0.00017	5e-05	7.1e-05	0.00980	0.00012	0.00010
14	0.00025	0.00064	0.99499	0.00035	0.00054	0.00029	0.00046	0.00039	0.00026	0.00039	0.00022	0.00026	0.00016	0.00012	0.00012	3.9e-05	0.00018	9.2e-05	5.2e-05	0.00018
15	0.68890	0.00025	0.00962	0.00019	0.00379	0.00982	0.00016	0.11755	0.02731	0.09283	0.00344	0.00025	0.00018	0.00415	0.00287	0.03411	0.00010	8.3e-05	0.00422	0.00015
16	0.00047	0.00785	0.00700	0.00029	0.00039	0.00038	0.00024	0.97277	0.00058	0.00834	0.00030	0.00030	0.00021	0.00015	0.00012	3.7e-05	0.00014	0.00011	0.00012	0.00021
17	0.00031	0.00030	0.00050	0.00076	0.99486	0.00030	0.00038	0.00038	0.00028	0.00041	0.00023	0.00031	0.00020	0.00011	0.00012	3.7e-05	0.00015	0.00011	6.1e-05	0.00020
18	0.07094	0.14582	0.05436	0.00458	0.00418	0.01563	0.01585	0.16633	0.01951	0.38897	0.05591	0.01716	0.02531	0.00204	0.00405	0.00346	0.00547	0.00012	0.00012	0.00018
19	0.00018	0.00361	0.00015	0.00933	0.00015	0.00013	8.8e-05	0.00019	0.00018	0.00025	0.00593	0.00813	0.00043	0.82268	0.08158	0.05869	0.00484	0.00331	7.4e-05	7.9e-05
20	0.00493	0.00023	0.00029	0.00023	0.00032	0.00023	0.00019	0.10824	0.22356	0.60082	0.00048	0.00046	0.00033	0.00016	0.00013	4e-05	0.00011	0.04531	0.01373	0.00020
21	0.00030	0.00504	0.00049	0.01618	0.94159	0.00742	0.00037	0.00038	0.00028	0.00040	0.00024	0.02032	0.00021	0.00012	0.00012	3.7e-05	0.00015	0.00609	6.3e-05	0.00019
22	0.02018	0.31876	0.24846	0.02600	0.05674	0.05757	0.08054	0.04599	0.01200	0.09399	0.00196	0.00230	0.00661	0.00013	0.00301	3.6e-05	0.01689	0.00573	0.00293	0.00017
23	0.00017	0.00012	0.00014	0.00378	0.00016	0.00012	9.9e-05	0.00019	0.00461	0.00343	0.12804	0.25795	0.12056	0.45485	0.00037	8e-05	0.00498	0.02014	9.9e-05	9.3e-05
24	0.00020	0.00014	0.00018	0.00020	0.00023	0.00013	0.00017	0.00025	0.00674	0.01648	0.00807	0.18096	0.00068	0.00470	0.00354	5.3e-05	0.00010	0.66066	0.11638	0.00011
25	0.00376	0.05622	0.08083	0.06452	0.16070	0.03742	0.09800	0.02980	0.04367	0.24269	0.06329	0.02820	0.01875	0.00630	0.00999	0.00164	0.01856	0.03383	0.00166	0.00017
26	0.00580	0.03470	0.09552	0.34554	0.30499	0.00679	0.02109	0.01424	0.01083	0.14272	0.00298	0.00269	0.00231	0.00013	0.00012	3.9e-05	0.00340	0.00385	0.00210	0.00017
27	0.00196	0.00022	0.00203	0.00212	0.00195	0.03933	0.00679	0.00789	0.00630	0.27373	0.00514	0.00441	0.00181	0.02051	0.30620	0.00614	0.29430	0.00233	0.01669	0.00015
28	0.40817	0.07539	0.01776	0.02392	0.04346	0.25970	0.05450	0.02123	0.00280	0.03501	0.00020	0.00024	0.00016	0.00230	0.00202	0.00196	0.04652	8.4e-05	0.00442	0.00015
29	0.00017	0.00013	0.00014	0.00014	0.00018	0.00011	0.00010	0.00021	0.00030	0.02311	0.30469	0.01672	0.64358	0.00029	0.00015	4.1e-05	6.3e-05	0.00964	0.00012	0.00011
30	0.00027	0.00023	0.00027	0.02679	0.04236	0.00390	0.00016	0.01035	0.00277	0.02052	0.00281	0.00459	0.00613	9.9e-05	9.7e-05	2.1e-05	0.00261	8.1e-05	7.5e-05	0.87587
31	0.01044	0.00027	0.00028	0.00025	0.00032	0.00031	0.00551	0.02144	0.92687	0.00525	0.00050	0.00046	0.00627	0.00017	0.00013	4.2e-05	0.00817	0.00014	0.01298	0.00019
32	0.05428	0.00022	0.00028	0.00022	0.00031	0.00019	0.00018	0.01568	0.00599	0.89420	0.00046	0.00040	0.00029	0.00015	0.00012	3.8e-05	0.00011	0.00012	0.00015	0.02662
33	0.04553	0.06657	0.09739	0.17100	0.12848	0.01532	0.03016	0.03587	0.02352	0.27466	0.00886	0.00381	0.00596	0.02076	0.00958	0.00494	0.03364	0.00555	0.00163	0.01677
34	0.02010	0.00017	0.00022	0.00020	0.00024	0.00019	0.00016	0.10877	0.00464	0.07235	0.00034	0.00049	0.00031	0.11814	0.61061	0.02190	0.02797	0.00013	0.00987	0.00320
35	0.10931	0.02862	0.20983	0.09603	0.11322	0.00281	0.14819	0.00950	0.00491	0.15173	0.01801	0.02491	0.01700	0.01006	0.01535	0.01376	0.01862	0.00537	0.00261	0.00017
36	0.00621	0.00348	0.05040	0.09316	0.02635	0.07923	0.02059	0.10006	0.26335	0.05512	0.19520	0.01861	0.04624	0.00208	0.00505	4.1e-05	0.02077	0.00282	0.01107	0.00016
37	0.00412	0.00013	0.00015	0.00015	0.00016	0.00013	9.1e-05	0.01567	0.02438	0.01943	0.06584	0.00865	0.02305	0.72769	0.02465	0.00010	0.00984	0.00018	0.07550	9.1e-05
38	0.01300	0.16588	0.06111	0.04170	0.02410	0.03928	0.02522	0.11749	0.42915	0.02823	0.00897	0.00696	0.00911	0.00380	0.00819	4e-05	0.00858	0.00516	0.00165	0.00240

[dist]
# distance from previous block
# <min> <max>
3	9

[block]
# block no. 4 follows, 2790 sequences, length 6
# corresponding to MSA columns:
# 661,664-667,669
name=unknown_E
#
# <colnr> <probs for GDERKNQSTAVLIFYWHMCP>
#	G	D	E	R	K	N	Q	S	T	A	V	L	I	F	Y	W	H	M	C	P
0	0.01379	0.09159	0.26234	0.02323	0.07077	0.03232	0.08359	0.08323	0.02779	0.13103	0.02091	0.02934	0.01155	0.00014	0.00013	3.7e-05	0.01993	0.02453	8.3e-05	0.07367
1	0.07509	0.00020	0.00025	0.01821	0.00029	0.00019	0.00017	0.03858	0.01772	0.62500	0.07053	0.06838	0.04303	0.00019	0.01692	4.2e-05	0.00010	0.00015	0.02477	0.00018
2	0.01358	0.08091	0.06263	0.04574	0.16473	0.01160	0.02483	0.02091	0.01832	0.08780	0.03667	0.18286	0.10107	0.01949	0.02646	0.01517	0.04581	0.02424	0.01704	0.00015
3	0.01597	0.10131	0.08525	0.02892	0.11155	0.05012	0.03388	0.05212	0.03193	0.39650	0.01558	0.01470	0.01240	0.00015	0.00013	0.00987	0.01928	0.00012	0.01014	0.01011
4	0.01970	0.01241	0.01211	0.01082	0.01027	0.01014	0.00016	0.01107	0.01043	0.23169	0.01120	0.01369	0.01163	0.16001	0.41479	0.01055	0.03000	0.00946	0.00975	0.00013
5	0.00019	0.00013	0.00016	0.00017	0.00019	0.00012	0.00012	0.01986	0.02120	0.05496	0.21451	0.42303	0.20124	0.02468	0.00016	4.7e-05	7.3e-05	0.01917	0.01988	0.00012

[dist]
# distance from previous block
# <min> <max>
1	74

[block]
# block no. 5 follows, 2790 sequences, length 11
# corresponding to MSA columns:
# 750-760
name=unknown_F
#
# <colnr> <probs for GDERKNQSTAVLIFYWHMCP>
#	G	D	E	R	K	N	Q	S	T	A	V	L	I	F	Y	W	H	M	C	P
0	0.04573	0.00019	0.00985	0.03650	0.00582	0.00524	0.00764	0.00824	0.01760	0.34082	0.04755	0.08884	0.01214	0.08085	0.10400	0.00677	0.00680	0.02845	0.00517	0.14181
1	0.00747	0.00023	0.00027	0.02667	0.01791	0.01760	0.00908	0.01065	0.02114	0.03487	0.00025	0.00029	0.00902	0.00748	0.00010	2.3e-05	0.00888	0.00794	7.8e-05	0.82004
2	0.00018	0.00014	0.00017	0.00697	0.00020	0.01005	0.01351	0.00022	0.01278	0.02214	0.18429	0.08330	0.37167	0.02645	0.14294	0.07466	0.01253	0.00714	0.02348	0.00719
3	0.00019	0.00013	0.00017	0.00016	0.00019	0.00012	0.00012	0.00025	0.00035	0.03444	0.92953	0.00092	0.03247	0.00025	0.00015	3.9e-05	6e-05	0.00022	0.00014	0.00012
4	0.00016	0.00012	0.00015	0.00015	0.00018	0.00011	0.00011	0.00021	0.00031	0.00042	0.50827	0.11546	0.34934	0.00029	0.00015	4.2e-05	6.3e-05	0.02422	0.00013	0.00011
5	0.00031	0.00030	0.00050	0.00076	0.99486	0.00030	0.00038	0.00038	0.00028	0.00041	0.00023	0.00031	0.00020	0.00011	0.00012	3.7e-05	0.00015	0.00011	6.1e-05	0.00020
6	0.00048	0.14866	0.03499	0.01015	0.01742	0.00762	0.00686	0.01034	0.00813	0.69948	0.01580	0.00743	0.00029	0.00725	0.00951	3.9e-05	0.01511	0.00012	0.00013	0.00020
7	0.01557	0.88127	0.01622	0.00022	0.00033	0.02783	0.00022	0.04112	0.01569	0.00032	0.00018	0.00021	0.00016	0.00011	8.4e-05	2.8e-05	0.00014	7e-05	5.8e-05	0.00016
8	0.89334	0.00025	0.00020	0.02556	0.01174	0.01791	0.00015	0.01196	0.00022	0.01320	0.00018	0.00021	0.00014	0.00012	8.5e-05	3.8e-05	0.01297	7.1e-05	0.01152	0.00014
9	0.00017	0.00012	0.00015	0.00018	0.00019	0.01529	0.00012	0.00019	0.00024	0.01552	0.00067	0.89571	0.01982	0.00037	0.00016	4.9e-05	7.6e-05	0.01927	0.00011	0.03160
10	0.00051	0.00021	0.01301	0.00022	0.01008	0.00018	0.01061	0.00996	0.00868	0.84820	0.02446	0.00045	0.00033	0.01276	0.00866	4.1e-05	0.00011	0.00865	0.04267	0.00020

[dist]
# distance from previous block
# <min> <max>
0	1

[block]
# block no. 6 follows, 2790 sequences, length 10
# corresponding to MSA columns:
# 762-765,769-774
name=unknown_G
#
# <colnr> <probs for GDERKNQSTAVLIFYWHMCP>
#	G	D	E	R	K	N	Q	S	T	A	V	L	I	F	Y	W	H	M	C	P
0	0.08723	0.00022	0.00030	0.00024	0.01175	0.00020	0.06529	0.04191	0.01195	0.67354	0.01177	0.07699	0.00033	0.01753	0.00013	4.1e-05	0.00011	0.00014	0.00013	0.00019
1	0.99651	0.00024	0.00018	0.00016	0.00024	0.00028	0.00013	0.00036	0.00021	0.00056	0.00017	0.00020	0.00013	0.00012	7.7e-05	3.8e-05	9.6e-05	6.7e-05	7.7e-05	0.00013
2	0.00031	0.00029	0.00049	0.00074	0.94427	0.00030	0.00037	0.00040	0.05087	0.00041	0.00025	0.00032	0.00021	0.00011	0.00012	3.7e-05	0.00015	0.00011	6.5e-05	0.00020
3	0.99651	0.00024	0.00018	0.00016	0.00024	0.00028	0.00013	0.00036	0.00021	0.00056	0.00017	0.00020	0.00013	0.00012	7.7e-05	3.8e-05	9.6e-05	6.7e-05	7.7e-05	0.00013
4	0.00020	0.00014	0.00018	0.00016	0.00020	0.00013	0.00013	0.02592	0.02983	0.03765	0.90253	0.00088	0.00109	0.00024	0.00014	3.9e-05	6.4e-05	0.00022	0.00014	0.00013
5	0.00019	0.00015	0.00878	0.01040	0.02047	0.00014	0.00848	0.00026	0.09742	0.01565	0.30727	0.13607	0.29040	0.07172	0.01380	0.00854	8.1e-05	0.00992	0.00012	0.00012
6	0.01452	0.00014	0.01535	0.00015	0.00019	0.00012	0.00011	0.00022	0.00032	0.00042	0.53071	0.02582	0.38136	0.01462	0.00015	4.2e-05	6.5e-05	0.01545	0.00012	0.00011
7	0.00042	0.00020	0.01254	0.00020	0.00027	0.00018	0.00016	0.03562	0.07447	0.55617	0.03722	0.04506	0.03786	0.00017	0.00012	3.7e-05	9.3e-05	0.00014	0.17794	0.02112
8	0.01003	0.06094	0.12798	0.02219	0.05435	0.08808	0.09593	0.07465	0.04704	0.05413	0.00647	0.02129	0.01012	0.02103	0.02881	4.7e-05	0.03571	0.17997	8.5e-05	0.06113
9	0.00746	0.23387	0.04917	0.00858	0.00759	0.10504	0.00781	0.07480	0.46111	0.00761	0.00036	0.00719	0.00720	0.00015	0.00012	3.7e-05	0.00761	0.00691	0.00721	0.00018

[dist]
# distance from previous block
# <min> <max>
0	2

[block]
# block no. 7 follows, 2790 sequences, length 10
# corresponding to MSA columns:
# 778-787
name=unknown_H
#
# <colnr> <probs for GDERKNQSTAVLIFYWHMCP>
#	G	D	E	R	K	N	Q	S	T	A	V	L	I	F	Y	W	H	M	C	P
0	0.00858	0.01753	0.08342	0.15387	0.08328	0.01252	0.02970	0.02157	0.00951	0.01514	0.08564	0.27019	0.05795	0.02406	0.02339	0.01099	0.03857	0.03851	0.00670	0.00889
1	0.02556	0.16868	0.37561	0.01152	0.04909	0.01630	0.07580	0.03380	0.03296	0.11524	0.02358	0.00782	0.00968	0.00674	0.00013	0.00799	0.01160	0.01137	7.5e-05	0.01646
2	0.01008	0.06387	0.57857	0.00937	0.02008	0.00659	0.08543	0.01470	0.04350	0.06797	0.03209	0.00879	0.00906	0.00014	0.00013	3.9e-05	0.01594	0.02691	0.00657	0.00018
3	0.02143	0.00021	0.00028	0.00022	0.00031	0.00019	0.00018	0.01795	0.01565	0.87515	0.01804	0.01813	0.01761	0.00016	0.00012	3.9e-05	0.00010	0.00013	0.01391	0.00020
4	0.01150	0.01381	0.18378	0.11358	0.12646	0.01471	0.05191	0.00760	0.02112	0.01741	0.05586	0.15603	0.08776	0.03946	0.01470	4.8e-05	0.05006	0.02748	0.00659	0.00015
5	0.01206	0.12844	0.19840	0.06168	0.07146	0.04117	0.07486	0.06933	0.03301	0.22365	0.01484	0.01953	0.00981	0.00685	0.00013	3.8e-05	0.01213	0.01609	8.9e-05	0.00645
6	0.03895	0.00801	0.08455	0.00751	0.00033	0.00023	0.00773	0.01714	0.05622	0.55608	0.02578	0.00042	0.02456	0.02355	0.01742	4.5e-05	0.11772	0.00013	0.01346	0.00018
7	0.01645	0.00015	0.00017	0.00017	0.00021	0.01067	0.00013	0.00028	0.02672	0.15970	0.22336	0.27782	0.21849	0.01373	0.00985	4.5e-05	7.8e-05	0.00989	0.03195	0.00013
8	0.01074	0.19507	0.14830	0.13206	0.16198	0.04256	0.03065	0.03266	0.02901	0.07719	0.01030	0.02949	0.01239	0.00568	0.00573	3.9e-05	0.05733	0.00689	0.00580	0.00613
9	0.03115	0.26153	0.22471	0.02533	0.03077	0.02161	0.04329	0.07037	0.02615	0.12123	0.01357	0.03964	0.01185	0.00995	0.00601	0.00868	0.01387	0.04007	8.1e-05	0.00017

[dist]
# distance from previous block
# <min> <max>
2	21

[block]
# block no. 8 follows, 2790 sequences, length 20
# corresponding to MSA columns:
# 851-853,859-874,876
name=unknown_I
#
# <colnr> <probs for GDERKNQSTAVLIFYWHMCP>
#	G	D	E	R	K	N	Q	S	T	A	V	L	I	F	Y	W	H	M	C	P
0	0.00425	0.00030	0.12639	0.32988	0.15944	0.00606	0.06110	0.03904	0.10774	0.01624	0.02733	0.01796	0.01504	0.00772	0.00013	4e-05	0.01020	0.00523	0.00906	0.05686
1	0.00017	0.00013	0.00016	0.00016	0.00018	0.00012	0.00012	0.00023	0.00033	0.01051	0.71322	0.07680	0.15112	0.01014	0.00015	4.2e-05	6.3e-05	0.02855	0.00770	0.00011
2	0.00017	0.00012	0.00016	0.00016	0.00019	0.00012	0.00012	0.00023	0.00033	0.00047	0.82341	0.11687	0.04391	0.00027	0.00015	4.1e-05	6.1e-05	0.01297	0.00013	0.00011
3	0.00016	0.00012	0.00014	0.00014	0.00018	0.00011	0.00010	0.00020	0.00029	0.00887	0.25865	0.12856	0.56490	0.02781	0.00016	4.5e-05	6.5e-05	0.00927	0.00012	0.00011
4	0.00026	0.00063	0.96766	0.00035	0.00053	0.00029	0.00045	0.02771	0.00027	0.00040	0.00022	0.00026	0.00016	0.00012	0.00012	3.9e-05	0.00018	9.2e-05	5.4e-05	0.00018
5	0.00028	0.08596	0.75633	0.00034	0.00794	0.01006	0.03925	0.05831	0.01420	0.02006	0.00023	0.00027	0.00017	0.00012	0.00012	3.8e-05	0.00600	9.4e-05	6e-05	0.00018
6	0.00690	0.00013	0.00016	0.00935	0.01892	0.00014	0.00401	0.00021	0.00680	0.00733	0.00453	0.00737	0.00042	0.66329	0.12927	0.00379	0.01082	0.04550	0.08098	9.1e-05
7	0.00016	0.00011	0.00015	0.00018	0.00019	0.00011	0.00013	0.00019	0.00025	0.00033	0.01545	0.79506	0.03973	0.01064	0.00016	5.2e-05	7.8e-05	0.13682	0.00012	0.00010
8	0.00565	0.22964	0.26052	0.01215	0.02555	0.00952	0.06839	0.07750	0.12531	0.04489	0.05740	0.00904	0.02123	0.01490	0.01213	4e-05	0.00847	0.00350	8.1e-05	0.01411
9	0.99651	0.00024	0.00018	0.00016	0.00024	0.00028	0.00013	0.00036	0.00021	0.00056	0.00017	0.00020	0.00013	0.00012	7.7e-05	3.8e-05	9.6e-05	6.7e-05	7.7e-05	0.00013
10	0.00026	0.03442	0.45845	0.05446	0.01752	0.00950	0.07621	0.00423	0.00806	0.03066	0.02036	0.00472	0.05768	0.03556	0.01636	4.1e-05	0.00015	0.00641	6.8e-05	0.16486
11	0.00025	0.00063	0.96888	0.00035	0.00053	0.00028	0.00045	0.00039	0.00026	0.00039	0.00025	0.00029	0.02627	0.00012	0.00012	3.9e-05	0.00018	9.6e-05	5.4e-05	0.00018
12	0.03030	0.00016	0.00020	0.00018	0.00022	0.00015	0.00013	0.00526	0.00979	0.31170	0.20224	0.07428	0.08374	0.11624	0.06505	6e-05	0.00010	0.02418	0.07589	0.00014
13	0.02043	0.00034	0.00036	0.00028	0.00038	0.00038	0.00023	0.92288	0.05223	0.00076	0.00031	0.00030	0.00022	0.00015	0.00012	3.8e-05	0.00013	0.00011	0.00012	0.00021
14	0.00018	0.00012	0.00016	0.00016	0.00018	0.00012	0.00563	0.00021	0.00026	0.03962	0.21614	0.33130	0.08011	0.23881	0.03198	0.00534	9.2e-05	0.03421	0.01526	0.00010
15	0.00017	0.00013	0.00015	0.00016	0.00017	0.00013	0.00011	0.00020	0.01807	0.00030	0.00063	0.29093	0.14616	0.41304	0.00036	7.9e-05	0.02919	0.09984	9.7e-05	9.5e-05
16	0.01097	0.00019	0.00023	0.00019	0.00026	0.00018	0.00015	0.08680	0.03919	0.41675	0.24782	0.01813	0.03722	0.00700	0.00609	3.9e-05	9e-05	0.00482	0.12372	0.00017
17	0.00019	0.00012	0.00016	0.00016	0.00018	0.00012	0.00012	0.00021	0.00025	0.04609	0.11094	0.32454	0.11353	0.27567	0.01057	6.9e-05	9.2e-05	0.11678	0.00011	0.00010
18	0.00024	0.00017	0.00020	0.00018	0.00023	0.00018	0.00014	0.04811	0.26837	0.01625	0.36962	0.02206	0.04705	0.01298	0.00536	4e-05	7.7e-05	0.00961	0.19898	0.00014
19	0.03221	0.73621	0.00598	0.01269	0.01291	0.10054	0.01390	0.04178	0.00464	0.01156	0.00422	0.00022	0.00017	0.00012	0.00470	3e-05	0.01319	7.5e-05	0.00470	0.00016

[dist]
# distance from previous block
# <min> <max>
1	10

[block]
# block no. 9 follows, 2790 sequences, length 6
# corresponding to MSA columns:
# 887-889,891-893
name=unknown_J
#
# <colnr> <probs for GDERKNQSTAVLIFYWHMCP>
#	G	D	E	R	K	N	Q	S	T	A	V	L	I	F	Y	W	H	M	C	P
0	0.04870	0.12338	0.22106	0.03916	0.20481	0.04117	0.02948	0.05031	0.10032	0.01723	0.02376	0.01588	0.02003	0.01083	0.00975	4e-05	0.02513	0.00942	7.5e-05	0.00948
1	0.01243	0.07633	0.03804	0.04689	0.05923	0.21099	0.03483	0.06666	0.23170	0.03024	0.01906	0.02220	0.01696	0.00989	0.01486	4.2e-05	0.08623	0.01283	0.01043	0.00016
2	0.01312	0.00015	0.00019	0.01543	0.00022	0.00014	0.00013	0.01414	0.01566	0.13938	0.27738	0.01592	0.18342	0.10202	0.16584	0.01345	0.00012	0.01270	0.01716	0.01343
3	0.00021	0.00953	0.01325	0.10245	0.09931	0.01033	0.01640	0.01035	0.01723	0.02162	0.16742	0.26496	0.07661	0.02741	0.09102	0.02375	0.01569	0.02060	0.01174	0.00013
4	0.01348	0.00020	0.00023	0.00019	0.00026	0.01218	0.01270	0.03356	0.03183	0.05629	0.04782	0.08315	0.10886	0.02545	0.04060	3.9e-05	0.00010	0.01440	0.02602	0.49264
5	0.00019	0.00013	0.00016	0.00018	0.00020	0.00012	0.00014	0.00022	0.00026	0.02736	0.02847	0.39671	0.04700	0.13336	0.00022	6e-05	9.2e-05	0.33340	0.03162	0.00011

[dist]
# distance from previous block
# <min> <max>
0	1

[block]
# block no. 10 follows, 2790 sequences, length 28
# corresponding to MSA columns:
# 895,897-912,916-923,926-928
name=unknown_K
#
# <colnr> <probs for GDERKNQSTAVLIFYWHMCP>
#	G	D	E	R	K	N	Q	S	T	A	V	L	I	F	Y	W	H	M	C	P
0	0.07607	0.00300	0.04426	0.00300	0.00297	0.00019	0.03153	0.02525	0.05864	0.25328	0.07226	0.11955	0.05472	0.00018	0.00246	3.6e-05	0.00236	0.00839	0.01487	0.22699
1	0.01043	0.00026	0.03464	0.00023	0.00032	0.00336	0.00019	0.23556	0.26243	0.09495	0.04631	0.01527	0.07241	0.00452	0.00254	0.00295	0.00281	0.01307	0.00669	0.19106
2	0.01574	0.00025	0.00030	0.00024	0.00033	0.00024	0.00019	0.28463	0.02352	0.62715	0.01937	0.00500	0.00941	0.00016	0.00012	3.8e-05	0.00011	0.00012	0.01286	0.00021
3	0.00029	0.00031	0.00065	0.05411	0.16039	0.00030	0.72136	0.00538	0.00029	0.01190	0.00026	0.00035	0.00020	0.00011	0.00015	4.1e-05	0.01626	0.01739	0.01008	0.00017
4	0.00033	0.97594	0.02040	0.00022	0.00032	0.00049	0.00022	0.00037	0.00025	0.00029	0.00017	0.00020	0.00016	0.00011	8e-05	2.7e-05	0.00013	6.7e-05	5.3e-05	0.00016
5	0.00025	0.00024	0.00033	0.00029	0.00029	0.00032	0.00024	0.00028	0.00019	0.00029	0.00021	0.00035	0.00021	0.07667	0.17546	8.5e-05	0.74400	0.00012	5.8e-05	0.00013
6	0.00031	0.00030	0.00050	0.00076	0.99486	0.00030	0.00038	0.00038	0.00028	0.00041	0.00023	0.00031	0.00020	0.00011	0.00012	3.7e-05	0.00015	0.00011	6.1e-05	0.00020
7	0.00027	0.00023	0.00039	0.74065	0.06748	0.00027	0.06066	0.00035	0.01830	0.07134	0.00025	0.00034	0.00018	0.00012	0.00013	4e-05	0.00476	0.00011	0.00973	0.02439
8	0.00028	0.00641	0.00020	0.03465	0.00025	0.00014	0.00663	0.00468	0.00456	0.28835	0.24115	0.11904	0.29265	0.00025	0.00014	4.1e-05	8.1e-05	0.00022	0.00013	0.00014
9	0.36997	0.02997	0.00772	0.00596	0.02654	0.01084	0.01505	0.01044	0.00022	0.00386	0.00032	0.11552	0.00032	0.23511	0.14453	0.00362	0.01200	0.00380	0.00408	0.00012
10	0.00371	0.65195	0.25368	0.00373	0.00383	0.05450	0.00378	0.00694	0.00866	0.00408	0.00406	0.00022	0.00017	0.00011	9.3e-05	3.1e-05	0.00015	7.6e-05	5.5e-05	0.00017
11	0.70800	0.02742	0.01556	0.00850	0.03603	0.11001	0.00853	0.00878	0.00024	0.01955	0.00019	0.00497	0.00015	0.01242	0.00332	4e-05	0.03599	7.8e-05	7.5e-05	0.00014
12	0.03070	0.85514	0.05444	0.00022	0.00033	0.04669	0.00022	0.00038	0.00026	0.01043	0.00018	0.00021	0.00016	0.00011	8.4e-05	2.8e-05	0.00014	6.9e-05	5.5e-05	0.00016
13	0.00397	0.00254	0.13866	0.04675	0.23165	0.00773	0.12750	0.02065	0.32115	0.03120	0.01194	0.01895	0.01394	0.00334	0.00311	4.1e-05	0.00655	0.00716	0.00299	0.00018
14	0.99651	0.00024	0.00018	0.00016	0.00024	0.00028	0.00013	0.00036	0.00021	0.00056	0.00017	0.00020	0.00013	0.00012	7.7e-05	3.8e-05	9.6e-05	6.7e-05	7.7e-05	0.00013
15	0.00407	0.00455	0.01107	0.00020	0.01807	0.00622	0.00358	0.00369	0.00026	0.01944	0.01131	0.19036	0.00032	0.00015	0.00011	2.6e-05	9.2e-05	0.00013	8.3e-05	0.72628
16	0.00046	0.00058	0.00035	0.00032	0.00038	0.97274	0.00024	0.00049	0.00035	0.00031	0.00020	0.00025	0.00017	0.00013	0.00011	3.3e-05	0.00022	0.02245	6.5e-05	0.00014
17	0.00031	0.00027	0.00028	0.00025	0.00032	0.00031	0.00020	0.00066	0.99464	0.00052	0.00051	0.00046	0.00038	0.00017	0.00013	4.2e-05	9.8e-05	0.00014	0.00013	0.00020
18	0.99651	0.00024	0.00018	0.00016	0.00024	0.00028	0.00013	0.00036	0.00021	0.00056	0.00017	0.00020	0.00013	0.00012	7.7e-05	3.8e-05	9.6e-05	6.7e-05	7.7e-05	0.00013
19	0.99651	0.00024	0.00018	0.00016	0.00024	0.00028	0.00013	0.00036	0.00021	0.00056	0.00017	0.00020	0.00013	0.00012	7.7e-05	3.8e-05	9.6e-05	6.7e-05	7.7e-05	0.00013
20	0.00020	0.00014	0.00020	0.00023	0.00026	0.00014	0.00020	0.00026	0.00029	0.00037	0.02027	0.00139	0.00072	0.00034	0.00017	5.7e-05	0.00011	0.97442	0.00011	0.00011
21	0.99651	0.00024	0.00018	0.00016	0.00024	0.00028	0.00013	0.00036	0.00021	0.00056	0.00017	0.00020	0.00013	0.00012	7.7e-05	3.8e-05	9.6e-05	6.7e-05	7.7e-05	0.00013
22	0.00049	0.00023	0.00028	0.00022	0.00031	0.01416	0.00018	0.09441	0.08254	0.71013	0.06802	0.00045	0.00036	0.00016	0.00013	3.8e-05	0.00011	0.00013	0.02745	0.00020
23	0.00018	0.00013	0.00019	0.00019	0.00021	0.00015	0.00014	0.00022	0.00022	0.00031	0.09979	0.01252	0.08327	0.06430	0.71499	0.00016	0.00840	0.00732	0.00722	0.00011
24	0.00046	0.00029	0.00033	0.00026	0.00035	0.00031	0.00021	0.61219	0.07048	0.22904	0.01408	0.00037	0.00027	0.02174	0.00013	3.9e-05	0.00012	0.00012	0.04902	0.00020
25	0.00026	0.00023	0.00026	0.00019	0.01189	0.01273	0.00015	0.00782	0.01472	0.00041	0.00023	0.00026	0.00019	9.4e-05	9.3e-05	1.9e-05	9.5e-05	7.5e-05	7.4e-05	0.95020
26	0.00036	0.00946	0.00025	0.00021	0.00028	0.09976	0.00017	0.08158	0.02551	0.33651	0.24342	0.11882	0.00055	0.00022	0.02074	4.2e-05	0.00998	0.00017	0.00461	0.04736
27	0.00848	0.01562	0.00655	0.00690	0.01606	0.02133	0.00287	0.02832	0.01111	0.00953	0.00952	0.01747	0.00275	0.00790	0.00264	2.3e-05	0.00375	0.00314	7.7e-05	0.82596

[dist]
# distance from previous block
# <min> <max>
6	14

[block]
# block no. 11 follows, 2790 sequences, length 15
# corresponding to MSA columns:
# 945-952,957-963
name=unknown_L
#
# <colnr> <probs for GDERKNQSTAVLIFYWHMCP>
#	G	D	E	R	K	N	Q	S	T	A	V	L	I	F	Y	W	H	M	C	P
0	0.00398	0.03266	0.16508	0.23836	0.14824	0.00657	0.06403	0.01446	0.07010	0.11110	0.01399	0.01689	0.01966	0.05061	0.01003	0.01161	0.01307	0.00508	0.00430	0.00016
1	0.00590	0.00614	0.02590	0.01138	0.00025	0.00016	0.02216	0.01099	0.08534	0.21233	0.27641	0.02051	0.18212	0.03754	0.00509	4.4e-05	8.8e-05	0.04399	0.05353	0.00014
2	0.00435	0.01609	0.08632	0.02497	0.06243	0.03508	0.04943	0.01194	0.02032	0.02725	0.13302	0.07571	0.10922	0.00568	0.01437	0.00510	0.00517	0.29869	0.01473	0.00013
3	0.00654	0.16732	0.27880	0.12411	0.12666	0.03602	0.05082	0.02215	0.05222	0.05101	0.03071	0.00520	0.00480	0.00013	0.00012	3.7e-05	0.01560	0.00011	0.02747	0.00017
4	0.00919	0.07196	0.28423	0.14050	0.07579	0.03952	0.08613	0.01794	0.12981	0.02771	0.00681	0.04575	0.00788	0.00017	0.02592	4.4e-05	0.01929	0.01110	7.4e-05	0.00017
5	0.00017	0.00013	0.00015	0.00014	0.00018	0.00012	0.00011	0.02104	0.01142	0.01631	0.30382	0.01932	0.58929	0.00901	0.00015	4.2e-05	6.6e-05	0.01687	0.01156	0.00011
6	0.00019	0.00015	0.03275	0.00017	0.00020	0.00013	0.00013	0.00023	0.00028	0.05472	0.22068	0.20053	0.27878	0.05415	0.04023	5.5e-05	0.00749	0.09616	0.01285	0.00012
7	0.01204	0.05246	0.19111	0.12680	0.15802	0.02974	0.16189	0.01570	0.01809	0.03052	0.02405	0.04902	0.02455	0.00441	0.03483	0.02971	0.01838	0.01430	0.00421	0.00016
8	0.00027	0.00869	0.01741	0.04445	0.05592	0.00608	0.00860	0.00848	0.01221	0.04342	0.00717	0.01707	0.00021	0.00011	0.0001	2.3e-05	0.00010	8.7e-05	7.7e-05	0.76951
9	0.00029	0.00021	0.00024	0.00022	0.00028	0.00023	0.00017	0.01398	0.52893	0.10926	0.15248	0.02370	0.07553	0.00836	0.01081	4.5e-05	9.4e-05	0.06580	0.00918	0.00017
10	0.00024	0.00015	0.00833	0.00017	0.00021	0.00013	0.00013	0.00028	0.01232	0.17289	0.32897	0.23050	0.15614	0.03537	0.00017	4.6e-05	0.01458	0.03913	0.00013	0.00013
11	0.01404	0.15181	0.12123	0.13205	0.18186	0.04903	0.05232	0.02135	0.01914	0.18122	0.01413	0.01406	0.01682	0.00014	0.00801	3.9e-05	0.01754	0.00495	8.1e-05	0.00017
12	0.40047	0.00834	0.13644	0.00694	0.00520	0.00550	0.05355	0.01058	0.04440	0.25825	0.02035	0.01452	0.00917	0.00014	0.00450	4e-05	0.01675	0.00010	0.00456	0.00017
13	0.00019	0.00013	0.00018	0.00766	0.00023	0.00013	0.00016	0.00024	0.02362	0.01748	0.01217	0.31840	0.04135	0.05042	0.00019	5.6e-05	9.7e-05	0.51027	0.01692	0.00011
14	0.00481	0.00983	0.03586	0.14865	0.15201	0.04739	0.07223	0.01250	0.00716	0.30044	0.08705	0.01942	0.06432	0.00577	0.00554	4.1e-05	0.01173	0.01036	0.00471	0.00017

[dist]
# distance from previous block
# <min> <max>
0	2

[block]
# block no. 12 follows, 2790 sequences, length 17
# corresponding to MSA columns:
# 966,968-979,990-993
name=unknown_M
#
# <colnr> <probs for GDERKNQSTAVLIFYWHMCP>
#	G	D	E	R	K	N	Q	S	T	A	V	L	I	F	Y	W	H	M	C	P
0	0.00514	0.03273	0.14101	0.10646	0.17654	0.03962	0.05340	0.07982	0.01424	0.30536	0.00439	0.00776	0.00547	0.00014	0.00012	3.8e-05	0.00488	0.00503	0.00429	0.01355
1	0.02066	0.11329	0.52185	0.18223	0.02163	0.00876	0.01800	0.01934	0.00684	0.01239	0.00775	0.01170	0.00904	0.02079	0.00013	0.00383	0.00016	0.02138	6.1e-05	0.00017
2	0.77963	0.03019	0.02138	0.01063	0.02234	0.06907	0.01172	0.00820	0.00811	0.00987	0.00433	0.00023	0.00657	0.00012	8.7e-05	3.8e-05	0.00707	7.5e-05	0.00426	0.00606
3	0.00026	0.00022	0.01164	0.14097	0.00618	0.08058	0.00811	0.04349	0.12378	0.04791	0.01537	0.04172	0.25246	0.01315	0.05477	5.1e-05	0.04786	0.03954	0.07179	0.00014
4	0.01165	0.15916	0.04793	0.02285	0.00914	0.01806	0.01499	0.04753	0.04886	0.04732	0.04262	0.01128	0.02023	0.00395	0.00675	3e-05	0.04816	0.00368	0.00433	0.43148
5	0.00018	0.00013	0.00017	0.00017	0.00019	0.00014	0.00012	0.01206	0.00020	0.00028	0.00037	0.01253	0.00038	0.42042	0.53988	0.00016	0.00023	0.01221	7.2e-05	9.7e-05
6	0.00030	0.00026	0.01059	0.18156	0.18102	0.00970	0.05074	0.13920	0.20621	0.02095	0.03379	0.02107	0.02532	0.03373	0.00391	4.3e-05	0.02054	0.00509	0.05580	0.00017
7	0.96696	0.00024	0.00019	0.00017	0.00024	0.00028	0.00014	0.02986	0.00022	0.00056	0.00018	0.00020	0.00014	0.00012	7.8e-05	3.8e-05	9.7e-05	6.9e-05	7.8e-05	0.00014
