[name]
unknown

[dist]
# distance from previous block
# <min> <max>
0	439

[block]
# block no. 0 follows, 3124 sequences, length 22
# corresponding to MSA columns:
# 634-638,642-644,647-660
name=unknown_A
#
# <colnr> <probs for GDERKNQSTAVLIFYWHMCP>
#	G	D	E	R	K	N	Q	S	T	A	V	L	I	F	Y	W	H	M	C	P
0	0.00015	0.00011	0.00014	0.00015	0.00017	0.00010	0.00010	0.00018	0.01931	0.00760	0.22346	0.55680	0.12329	0.03006	0.01666	4.5e-05	6.7e-05	0.00606	0.00011	0.01546
1	0.06083	0.05279	0.00439	0.33518	0.01055	0.14686	0.00954	0.11654	0.21006	0.00544	0.01560	0.00671	0.00670	0.00320	0.00011	3.5e-05	0.00379	0.00010	0.00730	0.00427
2	0.00765	0.01989	0.30984	0.03777	0.12051	0.02361	0.01788	0.05001	0.02965	0.14153	0.05089	0.10705	0.04025	0.00336	0.00012	3.6e-05	0.00290	0.01758	8e-05	0.01938
3	0.02244	0.08945	0.18524	0.01577	0.09412	0.03449	0.03189	0.21109	0.07716	0.18489	0.01214	0.00644	0.00727	0.00013	0.00011	3.4e-05	0.01120	0.00321	0.00926	0.00367
4	0.00315	0.27510	0.01777	0.00626	0.01112	0.12904	0.07841	0.01832	0.00888	0.02770	0.00646	0.11146	0.00328	0.01958	0.04989	0.00314	0.20324	0.00802	0.01020	0.00898
5	0.00318	0.01442	0.04347	0.00310	0.00368	0.01081	0.00699	0.00795	0.01754	0.11219	0.34479	0.09565	0.31571	0.00366	0.00013	3.7e-05	7e-05	0.00708	0.00359	0.00593
6	0.77665	0.08694	0.03944	0.00388	0.00957	0.04177	0.00722	0.00947	0.00440	0.00588	0.00017	0.00466	0.00013	0.00011	7.6e-05	3.3e-05	0.00559	0.00385	6.6e-05	0.00013
7	0.00569	0.01005	0.15552	0.02743	0.20452	0.01708	0.40590	0.07348	0.04519	0.02395	0.00024	0.00509	0.00580	0.00011	0.00314	0.00536	0.00506	0.00308	0.00316	0.00016
8	0.00835	0.03314	0.25549	0.02374	0.10537	0.02475	0.07701	0.04508	0.31382	0.00870	0.03619	0.00493	0.02236	0.00827	0.00320	3.6e-05	0.00733	0.00511	7.8e-05	0.01702
9	0.00017	0.00012	0.00016	0.00015	0.00018	0.00011	0.00540	0.00022	0.01467	0.04107	0.76305	0.02504	0.10389	0.00024	0.00535	3.7e-05	0.00674	0.03318	0.00012	0.00011
10	0.00479	0.00343	0.02081	0.12519	0.06379	0.00982	0.02032	0.02830	0.44110	0.00795	0.15349	0.01462	0.04213	0.01515	0.00360	3.8e-05	0.00410	0.00364	0.03759	0.00015
11	0.00016	0.00011	0.00014	0.00015	0.00017	9.7e-05	0.00011	0.00018	0.00683	0.04419	0.15731	0.72659	0.04768	0.00726	0.00014	4.3e-05	6.4e-05	0.00858	0.00011	9.7e-05
12	0.00954	0.00351	0.00553	0.00327	0.09080	0.05335	0.01780	0.16036	0.05484	0.15383	0.01980	0.00983	0.00688	0.01995	0.04970	4.3e-05	0.00569	0.13723	0.19790	0.00014
13	0.99688	0.00021	0.00016	0.00015	0.00021	0.00025	0.00012	0.00033	0.00019	0.00050	0.00015	0.00018	0.00012	0.00010	6.9e-05	3.4e-05	8.6e-05	6e-05	6.9e-05	0.00012
14	0.00020	0.00010	0.00015	0.00015	0.00015	0.00010	9.8e-05	0.01673	0.00015	0.00020	0.00020	0.00034	0.00020	0.01843	0.00043	0.96209	9.7e-05	9.8e-05	5e-05	5.1e-05
15	0.00018	0.00012	0.00015	0.00014	0.00017	0.00011	0.00011	0.02077	0.01535	0.04359	0.78841	0.02646	0.06236	0.00022	0.00013	3.5e-05	5.7e-05	0.00707	0.03445	0.00011
16	0.02097	0.11087	0.01914	0.01714	0.00898	0.11772	0.25588	0.02710	0.00408	0.11907	0.00023	0.00712	0.00522	0.03144	0.01011	0.00948	0.23230	0.00295	6.6e-05	0.00014
17	0.00466	0.00540	0.00035	0.53943	0.22625	0.06606	0.00029	0.03217	0.05466	0.00752	0.01611	0.00030	0.00019	0.00950	0.01555	3.8e-05	0.01659	0.00010	0.00470	0.00014
18	0.00527	0.00338	0.00627	0.51186	0.08248	0.04661	0.00691	0.02196	0.00675	0.02502	0.09278	0.00324	0.08093	0.02489	0.04916	0.00724	0.00460	0.00297	0.01521	0.00249
19	0.00021	0.00020	0.00033	0.97177	0.00075	0.00025	0.00031	0.00028	0.00022	0.00028	0.00020	0.00029	0.00015	0.00011	0.00012	3.7e-05	0.02421	9.9e-05	4.9e-05	0.00012
20	0.00414	0.76966	0.00492	0.00668	0.01922	0.15075	0.00501	0.00735	0.00399	0.00027	0.00666	0.00648	0.00015	0.00010	8.1e-05	2.5e-05	0.00902	6.6e-05	5.1e-05	0.00536
21	0.00021	0.00020	0.00029	0.00028	0.08362	0.00024	0.03949	0.00024	0.00020	0.00028	0.00906	0.30300	0.00035	0.02479	0.00027	4.7e-05	0.52343	0.01383	6.8e-05	0.00012

[dist]
# distance from previous block
# <min> <max>
2	3

[block]
# block no. 1 follows, 3124 sequences, length 18
# corresponding to MSA columns:
# 665,667-678,680-684
name=unknown_B
#
# <colnr> <probs for GDERKNQSTAVLIFYWHMCP>
#	G	D	E	R	K	N	Q	S	T	A	V	L	I	F	Y	W	H	M	C	P
0	0.00462	0.00011	0.00015	0.00456	0.00451	0.00010	0.00894	0.00465	0.00473	0.00675	0.42625	0.38667	0.09893	0.02433	0.00014	4.1e-05	6.3e-05	0.01932	0.00504	9.9e-05
1	0.00018	0.00401	0.00542	0.00782	0.02763	0.00466	0.00609	0.03428	0.01764	0.06708	0.12263	0.11566	0.55038	0.00902	0.00897	3.9e-05	0.00529	0.00528	0.00780	0.00011
2	0.00016	0.00011	0.00012	0.00012	0.00012	0.00011	6.7e-05	0.00016	0.00016	0.00022	0.00035	0.00073	0.00040	0.99610	0.00056	0.00011	0.00011	0.00016	6.7e-05	6.7e-05
3	0.00962	0.00011	0.00013	0.00013	0.00016	0.00010	9.4e-05	0.00018	0.01130	0.01339	0.15332	0.14853	0.62562	0.00789	0.00013	3.9e-05	5.9e-05	0.01695	0.01215	9.7e-05
4	0.00029	0.85336	0.04563	0.00561	0.00030	0.01486	0.01562	0.00762	0.00744	0.00027	0.00603	0.01461	0.01374	0.00011	8e-05	2.6e-05	0.00679	0.00742	5.1e-05	0.00014
5	0.00014	0.00010	0.00013	0.00015	0.00017	9.4e-05	0.00011	0.00016	0.00022	0.00030	0.05393	0.79146	0.05916	0.01254	0.00015	4.5e-05	6.7e-05	0.08087	0.00010	9.2e-05
6	0.00021	0.00020	0.00033	0.93945	0.01338	0.00024	0.00030	0.01224	0.00022	0.00029	0.00020	0.00030	0.00015	0.00012	0.01128	0.02066	0.00015	9.9e-05	5e-05	0.00012
7	0.00029	0.96778	0.02895	0.00019	0.00029	0.00043	0.00020	0.00033	0.00023	0.00026	0.00016	0.00018	0.00014	9.5e-05	7.2e-05	2.4e-05	0.00012	6e-05	4.7e-05	0.00014
8	0.00431	0.00021	0.00504	0.62869	0.05264	0.01601	0.00412	0.01791	0.01080	0.06920	0.00413	0.00033	0.01495	0.00587	0.01020	0.00358	0.12362	0.02449	0.00375	0.00013
9	0.00914	0.05504	0.25971	0.00613	0.00796	0.00571	0.00524	0.24907	0.15774	0.01447	0.00028	0.00032	0.00022	0.01295	0.19862	0.00419	0.00776	0.00522	7.8e-05	0.00016
10	0.94408	0.01152	0.01784	0.00015	0.00022	0.00025	0.00013	0.01189	0.00020	0.01271	0.00016	0.00018	0.00012	0.00010	7e-05	3.4e-05	8.8e-05	6.2e-05	6.9e-05	0.00012
11	0.00016	0.00013	0.00732	0.01844	0.03918	0.00400	0.01022	0.00873	0.01590	0.00491	0.14816	0.26137	0.42479	0.01420	0.01335	4.2e-05	0.00489	0.02400	0.00010	0.00010
12	0.00022	0.00016	0.00019	0.00017	0.00021	0.00016	0.00013	0.01839	0.26803	0.07999	0.42558	0.07545	0.04148	0.01020	0.00013	3.8e-05	7.1e-05	0.05457	0.02471	0.00013
13	0.00026	0.00030	0.00065	0.00047	0.00058	0.00028	0.99500	0.00036	0.00026	0.00036	0.00022	0.00030	0.00017	9.4e-05	0.00013	3.7e-05	0.00019	0.00013	5.6e-05	0.00015
14	0.00016	0.00011	0.00014	0.00014	0.00016	0.00010	0.00010	0.00020	0.01188	0.01245	0.53969	0.15640	0.21726	0.01592	0.00014	3.8e-05	5.7e-05	0.00725	0.03771	0.00010
15	0.00017	0.00013	0.00527	0.00015	0.00593	0.00537	0.00536	0.00729	0.03188	0.00985	0.79022	0.02121	0.03878	0.05322	0.00421	4e-05	6.2e-05	0.01115	0.00960	0.00011
16	0.00019	0.00012	0.00014	0.00013	0.00015	0.00011	9.1e-05	0.02247	0.01018	0.05565	0.20394	0.02906	0.13945	0.43358	0.01058	6.8e-05	8.4e-05	0.00937	0.08454	9.4e-05
17	0.03850	0.44813	0.08538	0.12980	0.00769	0.15343	0.00853	0.05856	0.00906	0.00599	0.00018	0.00414	0.00015	0.00012	0.01363	3.1e-05	0.01603	7.5e-05	0.00533	0.01522

[dist]
# distance from previous block
# <min> <max>
3	18

[block]
# block no. 2 follows, 3124 sequences, length 16
# corresponding to MSA columns:
# 718-733
name=unknown_C
#
# <colnr> <probs for GDERKNQSTAVLIFYWHMCP>
#	G	D	E	R	K	N	Q	S	T	A	V	L	I	F	Y	W	H	M	C	P
0	0.08679	0.06328	0.08632	0.07667	0.18341	0.03226	0.05581	0.13297	0.12963	0.05492	0.00851	0.00891	0.01218	0.00361	0.00371	3.5e-05	0.03892	0.00391	0.00736	0.01081
1	0.00016	0.00011	0.00014	0.00015	0.00017	0.00010	0.00565	0.00657	0.00870	0.03298	0.29096	0.46936	0.12766	0.00926	0.00551	0.00552	6.4e-05	0.01379	0.01772	0.00542
2	0.04039	0.00021	0.00033	0.75610	0.07043	0.01909	0.00822	0.03458	0.02062	0.00652	0.01156	0.00030	0.00017	0.00011	0.00011	3.6e-05	0.01712	9.8e-05	0.00632	0.00768
3	0.04006	0.01645	0.00607	0.02878	0.09267	0.25699	0.01753	0.33744	0.01092	0.07444	0.01041	0.02773	0.00497	0.00415	0.01711	3.5e-05	0.00569	0.00477	0.00608	0.03771
4	0.00023	0.01654	0.94484	0.00032	0.00048	0.01591	0.01948	0.00035	0.00024	0.00035	0.00020	0.00023	0.00014	0.00011	0.00011	3.5e-05	0.00016	8.2e-05	4.7e-05	0.00016
5	0.00021	0.04212	0.01093	0.00018	0.00020	0.00626	0.01181	0.11230	0.03936	0.00820	0.00030	0.00048	0.00029	0.27332	0.38085	0.08516	0.00583	0.00767	0.01444	0.00010
6	0.00018	0.00012	0.00014	0.00013	0.00016	0.00011	0.00010	0.00789	0.01842	0.01667	0.66779	0.00875	0.01917	0.00020	0.00012	3.3e-05	5.5e-05	0.00728	0.23982	0.01286
7	0.00015	0.00011	0.00013	0.00013	0.00016	9.7e-05	9.7e-05	0.00018	0.00026	0.02134	0.23961	0.28524	0.43007	0.01082	0.00014	4e-05	5.9e-05	0.01116	0.00011	9.7e-05
8	0.01805	0.00919	0.12882	0.12820	0.14131	0.00452	0.12773	0.09204	0.06069	0.16484	0.03107	0.02432	0.02418	0.00368	0.00367	3.6e-05	0.00871	0.01215	0.01664	0.00016
9	0.00018	0.00012	0.00015	0.00014	0.00017	0.00011	0.00010	0.00022	0.00890	0.07574	0.54511	0.05623	0.28282	0.01077	0.00013	3.7e-05	5.9e-05	0.01062	0.00829	0.00011
10	0.00669	0.09303	0.16715	0.06482	0.16646	0.00846	0.05055	0.04963	0.27076	0.01038	0.05047	0.00448	0.01086	0.00395	0.00399	3.6e-05	0.03028	0.00423	0.00361	0.00016
11	0.95452	0.00021	0.00016	0.00015	0.00021	0.00024	0.00012	0.00033	0.00019	0.02144	0.00016	0.00019	0.00013	0.00010	7e-05	3.4e-05	8.5e-05	6.2e-05	0.02146	0.00012
12	0.00447	0.01097	0.11623	0.07920	0.22911	0.00877	0.03083	0.01428	0.21210	0.01141	0.11399	0.05727	0.08193	0.00437	0.00012	3.6e-05	0.00613	0.00825	0.00510	0.00544
13	0.00016	0.00012	0.00015	0.00014	0.00017	0.00011	0.00011	0.00021	0.00751	0.01587	0.84042	0.03075	0.06382	0.01269	0.01235	3.8e-05	5.8e-05	0.00811	0.00012	0.00711
14	0.00464	0.00804	0.07854	0.40895	0.06415	0.01644	0.05014	0.03294	0.02790	0.05047	0.15687	0.01546	0.04492	0.00550	0.00430	3.7e-05	0.00615	0.00999	0.01443	0.00013
15	0.00831	0.01129	0.11916	0.08747	0.13524	0.01960	0.03485	0.04330	0.02340	0.27392	0.03534	0.09629	0.00930	0.00363	0.00915	3.7e-05	0.02280	0.01171	0.00410	0.05109

[dist]
# distance from previous block
# <min> <max>
10	17

[block]
# block no. 3 follows, 3124 sequences, length 16
# corresponding to MSA columns:
# 758-772,777
name=unknown_D
#
# <colnr> <probs for GDERKNQSTAVLIFYWHMCP>
#	G	D	E	R	K	N	Q	S	T	A	V	L	I	F	Y	W	H	M	C	P
0	0.95400	0.02107	0.00017	0.00015	0.00022	0.00025	0.00012	0.00033	0.00019	0.02248	0.00016	0.00018	0.00012	0.00010	7e-05	3.4e-05	8.7e-05	6.1e-05	7e-05	0.00012
1	0.00972	0.11655	0.41328	0.02849	0.12556	0.01846	0.06751	0.01724	0.03653	0.08625	0.00394	0.00534	0.00450	0.00582	0.00951	3.6e-05	0.02313	0.02429	0.00368	0.00016
2	0.00014	0.00011	0.00013	0.00013	0.00016	0.0001	9.4e-05	0.00018	0.00027	0.00034	0.34248	0.02697	0.54659	0.02551	0.03419	0.01143	6.6e-05	0.01091	0.00011	9.6e-05
3	0.00023	0.03398	0.96214	0.00031	0.00047	0.00026	0.00040	0.00035	0.00023	0.00035	0.00020	0.00023	0.00014	0.00011	0.00010	3.5e-05	0.00016	8.1e-05	4.7e-05	0.00016
4	0.00015	0.00011	0.00014	0.00014	0.00016	0.00010	0.00010	0.00019	0.00029	0.00039	0.62440	0.14365	0.20484	0.00026	0.00013	3.7e-05	5.6e-05	0.02464	0.00012	0.00010
5	0.02043	0.02049	0.06873	0.06271	0.05276	0.02899	0.05640	0.00747	0.00800	0.02447	0.15340	0.19650	0.08335	0.07666	0.07341	0.00408	0.02687	0.03129	0.00386	0.00011
6	0.07480	0.00963	0.01578	0.00017	0.00023	0.00015	0.00014	0.00910	0.00916	0.49602	0.22723	0.03233	0.06691	0.00017	0.00011	3.4e-05	8e-05	0.00014	0.04656	0.01126
7	0.01112	0.09167	0.13493	0.05476	0.11905	0.04895	0.04297	0.15442	0.16214	0.03160	0.01153	0.02289	0.00921	0.00385	0.02090	3.8e-05	0.04513	0.00677	0.02793	0.00016
8	0.03190	0.12275	0.37625	0.04827	0.06780	0.03541	0.03706	0.12500	0.04452	0.06288	0.00705	0.00484	0.00018	0.00012	0.00613	3.5e-05	0.02010	0.00523	0.00432	0.00016
9	0.00016	0.00011	0.00013	0.00014	0.00016	0.00010	0.00010	0.00738	0.00638	0.02833	0.17633	0.40196	0.27348	0.04580	0.00797	0.01285	6.6e-05	0.02542	0.01302	9.7e-05
10	0.00493	0.02646	0.37216	0.06775	0.10023	0.03853	0.02989	0.03102	0.16051	0.00969	0.05805	0.01728	0.04243	0.00399	0.01107	0.00754	0.00594	0.00659	0.00580	0.00015
11	0.00015	0.00012	0.00013	0.00013	0.00016	0.00010	9.8e-05	0.00019	0.00936	0.00036	0.42163	0.06444	0.46197	0.00824	0.00014	3.8e-05	0.00851	0.01579	0.00011	0.00834
12	0.00015	0.00676	0.06530	0.00999	0.00020	0.00712	0.02446	0.00018	0.00022	0.00029	0.01026	0.73491	0.07362	0.03386	0.01800	4.8e-05	0.00795	0.00649	9.5e-05	9.7e-05
13	0.07164	0.01726	0.00031	0.01584	0.00034	0.53410	0.00020	0.28287	0.01540	0.06070	0.00022	0.00023	0.00017	0.00012	0.00010	3.1e-05	0.00016	8.2e-05	7.9e-05	0.00015
14	0.01699	0.01395	0.16985	0.07659	0.13909	0.02517	0.04330	0.05305	0.12021	0.18712	0.03506	0.01118	0.01114	0.00988	0.00442	3.6e-05	0.01970	0.00479	0.00457	0.05389
15	0.00043	0.00023	0.00028	0.00021	0.00030	0.00884	0.00018	0.40358	0.00901	0.47137	0.04995	0.00873	0.01121	0.00014	0.00011	3.4e-05	0.00010	0.00011	0.02756	0.00760

[dist]
# distance from previous block
# <min> <max>
11	25

[block]
# block no. 4 follows, 3124 sequences, length 16
# corresponding to MSA columns:
# 819-834
name=unknown_E
#
# <colnr> <probs for GDERKNQSTAVLIFYWHMCP>
#	G	D	E	R	K	N	Q	S	T	A	V	L	I	F	Y	W	H	M	C	P
0	0.12797	0.12294	0.01061	0.03339	0.03133	0.13424	0.00752	0.37744	0.03141	0.03739	0.00023	0.00867	0.00018	0.00012	0.00479	3.2e-05	0.00615	8.7e-05	8.3e-05	0.06541
1	0.00023	0.09437	0.86308	0.00030	0.00045	0.00027	0.00038	0.00035	0.00023	0.01296	0.00020	0.01280	0.00015	0.00012	0.01362	3.6e-05	0.00016	8.4e-05	4.9e-05	0.00016
2	0.00529	0.23168	0.40549	0.00027	0.01230	0.14465	0.01068	0.01452	0.10528	0.02444	0.00469	0.01541	0.00741	0.00012	0.00010	3.2e-05	0.00439	0.00731	6.1e-05	0.00588
3	0.00019	0.00015	0.00019	0.01590	0.01021	0.01007	0.02342	0.00879	0.19229	0.03784	0.18016	0.31781	0.13410	0.00025	0.00013	4e-05	0.01001	0.05822	0.00011	0.00012
4	0.00701	0.00020	0.00033	0.89031	0.04871	0.00025	0.00671	0.00724	0.00023	0.00664	0.00020	0.00030	0.00015	0.00012	0.00659	3.7e-05	0.00675	9.9e-05	0.01155	0.00658
5	0.00014	0.00010	0.00014	0.00016	0.00017	9.6e-05	0.01246	0.00016	0.00022	0.00029	0.01109	0.87005	0.00071	0.01858	0.01235	4.8e-05	7.2e-05	0.07298	0.00010	9.2e-05
6	0.00027	0.00026	0.03139	0.14753	0.60872	0.00026	0.03087	0.00755	0.11682	0.02400	0.00571	0.00741	0.00020	0.00592	0.00012	3.5e-05	0.00711	0.00559	6.4e-05	0.00016
7	0.00019	0.00016	0.00021	0.00985	0.00022	0.05946	0.00016	0.01053	0.00019	0.00026	0.00027	0.00040	0.00025	0.01732	0.76120	0.01718	0.12188	0.00011	5.8e-05	0.00010
8	0.00021	0.00019	0.00033	0.96458	0.00074	0.00024	0.00030	0.00028	0.00022	0.00029	0.00020	0.00030	0.00015	0.00011	0.00011	3.7e-05	0.00014	9.9e-05	0.03133	0.00012
9	0.00017	0.00012	0.00017	0.00017	0.00019	0.00013	0.00013	0.00925	0.00914	0.00776	0.12152	0.00053	0.00817	0.14195	0.68337	0.00014	0.00754	0.00938	7e-05	9.8e-05
10	0.00014	9.9e-05	0.00013	0.00015	0.00016	9.2e-05	0.00010	0.00016	0.00022	0.00029	0.02076	0.84860	0.09329	0.01294	0.00015	4.5e-05	6.5e-05	0.02243	0.00010	9.1e-05
11	0.00029	0.91219	0.03382	0.00020	0.00029	0.01104	0.00020	0.01128	0.01245	0.00027	0.00016	0.00019	0.00015	0.00011	0.01697	2.7e-05	0.00012	6.2e-05	4.9e-05	0.00014
12	0.00014	9.9e-05	0.00013	0.00015	0.00016	9.2e-05	0.00010	0.00016	0.00022	0.00029	0.01334	0.88361	0.05158	0.01888	0.00015	4.6e-05	6.6e-05	0.03060	0.00010	9e-05
13	0.00021	0.00020	0.00033	0.99583	0.00076	0.00025	0.00031	0.00028	0.00022	0.00028	0.00020	0.00030	0.00015	0.00011	0.00011	3.7e-05	0.00015	9.9e-05	4.9e-05	0.00012
14	0.00886	0.01093	0.00034	0.81449	0.06324	0.02888	0.00030	0.03161	0.01309	0.01918	0.00021	0.00029	0.00016	0.00011	0.00011	3.6e-05	0.00014	9.8e-05	0.00780	0.00013
15	0.01765	0.04684	0.12989	0.01221	0.03627	0.01868	0.02669	0.06029	0.01937	0.02864	0.00829	0.01707	0.00436	0.00579	9.7e-05	2.5e-05	0.00902	8.2e-05	6.8e-05	0.55867

[dist]
# distance from previous block
# <min> <max>
3	6

[block]
# block no. 5 follows, 3124 sequences, length 17
# corresponding to MSA columns:
# 842-858
name=unknown_F
#
# <colnr> <probs for GDERKNQSTAVLIFYWHMCP>
#	G	D	E	R	K	N	Q	S	T	A	V	L	I	F	Y	W	H	M	C	P
0	0.01140	0.08110	0.14060	0.20650	0.18092	0.11196	0.12014	0.01804	0.00774	0.05739	0.00021	0.00489	0.00017	0.00012	0.01087	3.6e-05	0.04760	9.6e-05	5.9e-05	0.00015
1	0.01149	0.00441	0.00029	0.11920	0.05771	0.49109	0.00374	0.01762	0.04558	0.08514	0.02254	0.00433	0.07069	0.00519	0.00515	3.4e-05	0.01701	0.02937	0.00413	0.00528
2	0.00014	0.00011	0.00014	0.00015	0.00017	0.00010	0.02069	0.00017	0.00022	0.00029	0.01259	0.50837	0.26699	0.10901	0.00019	5e-05	7.2e-05	0.08037	9.8e-05	9.1e-05
3	0.00769	0.00426	0.00715	0.24665	0.22508	0.00019	0.03042	0.00416	0.01842	0.01450	0.07306	0.04550	0.11762	0.01015	0.00978	0.00503	0.00569	0.17445	7.7e-05	0.00013
4	0.00018	0.00412	0.00018	0.01920	0.05679	0.00407	0.00770	0.00680	0.11679	0.01101	0.03082	0.50333	0.05789	0.06501	0.00423	4.7e-05	0.00414	0.09696	0.01064	0.00011
5	0.00021	0.00020	0.00034	0.96413	0.03245	0.00025	0.00031	0.00029	0.00022	0.00029	0.00020	0.00030	0.00015	0.00011	0.00011	3.7e-05	0.00015	9.9e-05	4.9e-05	0.00012
6	0.01843	0.00466	0.00030	0.00656	0.00030	0.04255	0.00477	0.36282	0.05351	0.13082	0.00509	0.00520	0.02228	0.00998	0.05964	4.7e-05	0.26845	0.00433	9e-05	0.00016
7	0.00840	0.05373	0.07719	0.17483	0.40440	0.02344	0.14477	0.00873	0.01199	0.05083	0.00412	0.01187	0.00468	0.00011	0.00554	3.5e-05	0.00985	0.00526	6e-05	0.00016
8	0.00019	0.00013	0.00016	0.00015	0.00018	0.00012	0.00011	0.00790	0.05040	0.10389	0.46911	0.05652	0.25264	0.02592	0.00014	3.9e-05	6.4e-05	0.03211	0.00012	0.00011
9	0.00637	0.00020	0.00022	0.00020	0.00769	0.05519	0.00605	0.06668	0.27818	0.14758	0.10290	0.02106	0.17998	0.00021	0.02251	4e-05	9.4e-05	0.09218	0.01254	0.00014
10	0.01102	0.02207	0.00375	0.10877	0.17312	0.03444	0.12829	0.15064	0.04880	0.09699	0.00411	0.03775	0.03359	0.03435	0.00771	0.00510	0.03911	0.06015	8.1e-05	0.00015
11	0.00992	0.01183	0.05148	0.00485	0.00548	0.00747	0.01018	0.16862	0.05696	0.34950	0.06168	0.08334	0.07037	0.06185	0.01472	0.00390	0.01592	0.00423	0.00755	0.00015
12	0.00022	0.00014	0.00017	0.00016	0.00020	0.00013	0.00012	0.00999	0.10282	0.14135	0.21938	0.08877	0.26102	0.03268	0.00014	4.1e-05	7.2e-05	0.11863	0.02385	0.00012
13	0.00021	0.00020	0.00631	0.89014	0.00071	0.00911	0.00030	0.00633	0.01166	0.00029	0.00021	0.00031	0.00639	0.00012	0.00619	0.00789	0.04385	0.00961	5.1e-05	0.00012
14	0.01632	0.12735	0.08356	0.27046	0.07270	0.16723	0.08214	0.04580	0.01813	0.03120	0.00463	0.00404	0.00410	0.00012	0.00012	3.4e-05	0.06243	0.00403	0.00548	0.00014
15	0.00639	0.00014	0.01117	0.08193	0.02492	0.00015	0.00717	0.02046	0.02485	0.04225	0.05734	0.01582	0.00503	0.35474	0.30468	0.00521	0.03234	0.00014	0.00516	0.00010
16	0.00015	0.00011	0.00014	0.00016	0.00018	0.00010	0.00012	0.00018	0.00022	0.00029	0.00057	0.59986	0.00066	0.09502	0.01765	5.5e-05	8.3e-05	0.27201	0.01235	9.2e-05

[dist]
# distance from previous block
# <min> <max>
2	3

[block]
# block no. 6 follows, 3124 sequences, length 28
# corresponding to MSA columns:
# 862-874,876-890
name=unknown_G
#
# <colnr> <probs for GDERKNQSTAVLIFYWHMCP>
#	G	D	E	R	K	N	Q	S	T	A	V	L	I	F	Y	W	H	M	C	P
0	0.00985	0.01747	0.14629	0.07254	0.06347	0.21107	0.11772	0.01134	0.00377	0.03984	0.01153	0.09314	0.01332	0.00505	0.00319	3.8e-05	0.13304	0.04327	0.00395	0.00014
1	0.69937	0.11829	0.05430	0.01168	0.01246	0.05178	0.00725	0.00688	0.00340	0.01609	0.00017	0.00380	0.00013	0.00011	7.8e-05	3.3e-05	0.00807	0.00320	0.00278	0.00013
2	0.00016	0.00011	0.00012	0.00012	0.00012	0.00011	6.9e-05	0.00016	0.00016	0.00022	0.00035	0.00072	0.00040	0.97413	0.02253	0.00011	0.00011	0.00016	6.7e-05	6.8e-05
3	0.00266	0.00015	0.00547	0.01671	0.00371	0.04420	0.00952	0.00519	0.09663	0.00717	0.11810	0.36073	0.22046	0.02530	0.03325	0.00585	0.00340	0.03287	0.00851	0.00011
4	0.00025	0.31287	0.63865	0.00028	0.00042	0.01339	0.01718	0.00662	0.00023	0.00032	0.00019	0.00022	0.00014	0.00011	0.00867	3.3e-05	0.00015	7.6e-05	4.8e-05	0.00016
5	0.00015	0.00011	0.00013	0.00013	0.00016	0.00010	9.6e-05	0.00018	0.00521	0.00034	0.33411	0.04162	0.45923	0.08212	0.04328	4.9e-05	7.1e-05	0.02776	0.00506	9.6e-05
6	0.00024	0.01800	0.78882	0.00032	0.00047	0.00534	0.09595	0.02490	0.02303	0.02287	0.00677	0.00026	0.00016	0.00011	0.00011	3.5e-05	0.00410	0.00409	5.4e-05	0.00438
7	0.00028	0.00024	0.00025	0.00023	0.00029	0.00028	0.00018	0.00059	0.99521	0.00046	0.00045	0.00041	0.00034	0.00015	0.00011	3.8e-05	8.8e-05	0.00013	0.00011	0.00018
8	0.00023	0.00020	0.00023	0.00016	0.00026	0.00015	0.00013	0.00028	0.00023	0.00036	0.00020	0.00023	0.00016	8.2e-05	8.2e-05	1.6e-05	8.2e-05	6.6e-05	6.6e-05	0.99678
9	0.00017	0.01303	0.00474	0.00015	0.00019	0.00690	0.00012	0.00479	0.12882	0.01071	0.09132	0.03566	0.38408	0.10434	0.06336	5.5e-05	9.1e-05	0.14837	0.00300	0.00011
10	0.00014	9.9e-05	0.00013	0.00015	0.00016	9.3e-05	0.00011	0.00016	0.00021	0.00028	0.00062	0.87266	0.03107	0.03611	0.00016	4.7e-05	6.8e-05	0.05753	0.00010	9e-05
11	0.08437	0.00023	0.00023	0.00021	0.00027	0.02579	0.00388	0.04831	0.65390	0.03966	0.02476	0.00360	0.05984	0.02050	0.00300	3.9e-05	9e-05	0.01216	0.01902	0.00016
12	0.00489	0.00024	0.00038	0.20897	0.55021	0.00864	0.00357	0.01884	0.00464	0.16557	0.00592	0.00560	0.00020	0.00011	0.00011	3.4e-05	0.00285	0.00627	0.00336	0.00959
13	0.00040	0.00028	0.00031	0.00411	0.00433	0.00402	0.00530	0.73907	0.04255	0.11618	0.00030	0.00029	0.00591	0.00016	0.03630	3.8e-05	0.00012	0.00010	0.00011	0.04010
14	0.00031	0.00025	0.00027	0.00023	0.00030	0.00029	0.00018	0.19885	0.79690	0.00051	0.00041	0.00038	0.00031	0.00015	0.00011	3.7e-05	9.5e-05	0.00012	0.00011	0.00018
15	0.00023	0.00020	0.00023	0.00016	0.00026	0.00015	0.00013	0.00028	0.00023	0.00036	0.00020	0.01831	0.00017	8.7e-05	8.3e-05	1.7e-05	8.2e-05	7e-05	6.6e-05	0.97868
16	0.03906	0.00056	0.95674	0.00031	0.00047	0.00026	0.00040	0.00035	0.00023	0.00036	0.00020	0.00023	0.00014	0.00011	0.00010	3.5e-05	0.00016	8.1e-05	4.8e-05	0.00016
17	0.99688	0.00021	0.00016	0.00015	0.00021	0.00025	0.00012	0.00033	0.00019	0.00050	0.00015	0.00018	0.00012	0.00010	6.9e-05	3.4e-05	8.6e-05	6e-05	6.9e-05	0.00012
18	0.00050	0.00019	0.00026	0.00020	0.00028	0.00016	0.00016	0.00054	0.00032	0.99548	0.00044	0.00038	0.00027	0.00014	0.00011	3.4e-05	9.4e-05	0.00011	0.00014	0.00019
19	0.00021	0.00020	0.00033	0.99583	0.00076	0.00025	0.00031	0.00028	0.00022	0.00028	0.00020	0.00030	0.00015	0.00011	0.00011	3.7e-05	0.00015	9.9e-05	4.9e-05	0.00012
20	0.00030	0.91827	0.03299	0.00020	0.00029	0.03661	0.00020	0.00034	0.00023	0.00026	0.00016	0.00018	0.00014	9.7e-05	7.6e-05	2.5e-05	0.00938	6.1e-05	4.8e-05	0.00014
21	0.00016	0.00011	0.00015	0.00015	0.00016	0.00012	0.00011	0.00018	0.00017	0.00024	0.00032	0.00057	0.00034	0.45725	0.53933	0.00015	0.00021	0.00014	6.3e-05	8.4e-05
22	0.00014	9.9e-05	0.00013	0.00015	0.00016	9.2e-05	0.00010	0.00016	0.00022	0.00030	0.08022	0.85369	0.05388	0.00033	0.00014	4.4e-05	6.3e-05	0.00989	0.00010	9.2e-05
23	0.00016	0.00011	0.00015	0.00014	0.00017	0.00010	0.00010	0.00021	0.00031	0.00044	0.95283	0.02161	0.02280	0.00023	0.00013	3.5e-05	5.3e-05	0.00020	0.00012	0.00010
24	0.00024	0.00020	0.00023	0.00016	0.00026	0.00015	0.00013	0.00028	0.00023	0.01908	0.00020	0.00023	0.00017	8.3e-05	8.3e-05	1.7e-05	8.2e-05	6.7e-05	6.7e-05	0.97804
25	0.00042	0.00029	0.00032	0.00025	0.00033	0.00685	0.00020	0.84183	0.00984	0.10326	0.01647	0.00029	0.00021	0.00014	0.01229	3.5e-05	0.00012	0.00010	0.00655	0.00019
26	0.00021	0.00020	0.00033	0.99583	0.00076	0.00025	0.00031	0.00028	0.00022	0.00028	0.00020	0.00030	0.00015	0.00011	0.00011	3.7e-05	0.00015	9.9e-05	4.9e-05	0.00012
27	0.00303	0.00013	0.00017	0.01173	0.01671	0.01581	0.01701	0.00358	0.06055	0.00414	0.41337	0.29279	0.12560	0.00026	0.00013	3.9e-05	0.00739	0.02048	0.00011	0.00698

[dist]
# distance from previous block
# <min> <max>
0	2

[block]
# block no. 7 follows, 3124 sequences, length 41
# corresponding to MSA columns:
# 894-934
name=unknown_H
#
# <colnr> <probs for GDERKNQSTAVLIFYWHMCP>
#	G	D	E	R	K	N	Q	S	T	A	V	L	I	F	Y	W	H	M	C	P
0	0.93786	0.00022	0.00433	0.00391	0.00397	0.02378	0.00761	0.00476	0.00281	0.00319	0.00016	0.00018	0.00012	0.00010	7.3e-05	3.4e-05	0.00663	6.2e-05	6.8e-05	0.00012
1	0.00208	0.01166	0.14750	0.02642	0.29825	0.03602	0.10228	0.20863	0.04217	0.00816	0.00024	0.01302	0.00019	0.00013	0.00271	3.6e-05	0.07815	0.01532	0.00688	0.00016
2	0.00444	0.00011	0.00012	0.00012	0.00012	0.00011	7.1e-05	0.00016	0.00016	0.00022	0.00356	0.00437	0.00039	0.88256	0.00412	0.09140	0.00011	0.00345	0.00434	6.6e-05
3	0.00016	0.00012	0.00017	0.00017	0.00018	0.00013	0.00013	0.00019	0.00018	0.00025	0.00031	0.00049	0.00030	0.17793	0.80964	0.00913	0.00026	0.00013	6.1e-05	9.3e-05
4	0.01910	0.00019	0.00026	0.00020	0.00028	0.00017	0.00016	0.00849	0.00032	0.96252	0.00686	0.00038	0.00028	0.00014	0.00011	3.4e-05	9.4e-05	0.00011	0.00014	0.00019
5	0.00014	9.7e-05	0.00013	0.00016	0.00016	9.1e-05	0.00010	0.00016	0.00021	0.00028	0.00061	0.98272	0.00073	0.00035	0.00014	4.5e-05	6.5e-05	0.01362	0.00010	9e-05
6	0.00024	0.00020	0.00023	0.00017	0.00026	0.00015	0.00013	0.01131	0.00024	0.03640	0.00021	0.00024	0.00017	8.5e-05	8.4e-05	1.7e-05	8.3e-05	6.8e-05	6.9e-05	0.94965
7	0.00026	0.00031	0.02939	0.00046	0.00058	0.00028	0.96628	0.00036	0.00026	0.00036	0.00022	0.00030	0.00017	9.4e-05	0.00013	3.7e-05	0.00019	0.00013	5.6e-05	0.00015
8	0.00043	0.00029	0.00032	0.00025	0.00033	0.00032	0.00020	0.84277	0.00049	0.15302	0.00029	0.00028	0.00020	0.00013	0.00011	3.3e-05	0.00012	0.00010	0.00012	0.00019
9	0.00023	0.00020	0.00023	0.00016	0.00026	0.00015	0.00013	0.00028	0.00023	0.00036	0.00020	0.00023	0.00016	8.2e-05	8.2e-05	1.6e-05	8.2e-05	6.6e-05	6.6e-05	0.99678
10	0.00026	0.00030	0.00065	0.00047	0.00058	0.00028	0.99500	0.00036	0.00026	0.00036	0.00022	0.00030	0.00017	9.4e-05	0.00013	3.7e-05	0.00019	0.00013	5.6e-05	0.00015
11	0.00016	0.00014	0.00022	0.00020	0.00024	0.00013	0.17449	0.00020	0.00755	0.00030	0.00863	0.62251	0.16343	0.00029	0.00014	4.2e-05	8.5e-05	0.02105	9.5e-05	0.00010
12	0.00016	0.00011	0.00013	0.00014	0.00014	0.00012	8.5e-05	0.00018	0.02546	0.00023	0.00037	0.06272	0.00041	0.74679	0.14473	0.00011	0.00013	0.01784	7e-05	7.7e-05
13	0.00027	0.00026	0.00045	0.00068	0.99541	0.00026	0.00034	0.00034	0.00025	0.00036	0.00021	0.00027	0.00018	9.9e-05	0.00011	3.3e-05	0.00013	9.9e-05	5.5e-05	0.00018
14	0.00026	0.00030	0.01382	0.00047	0.00058	0.00028	0.98184	0.00036	0.00026	0.00036	0.00022	0.00030	0.00017	9.4e-05	0.00013	3.7e-05	0.00019	0.00013	5.6e-05	0.00015
15	0.00014	0.00010	0.00013	0.00015	0.00016	9.3e-05	0.00010	0.00016	0.00516	0.00029	0.00546	0.83564	0.10422	0.00564	0.00014	4.5e-05	6.5e-05	0.04210	0.00010	9.1e-05
16	0.00014	9.9e-05	0.00013	0.00015	0.00016	9.4e-05	0.00010	0.00016	0.00543	0.00987	0.00355	0.89868	0.02054	0.02155	0.01667	4.8e-05	6.9e-05	0.00704	0.01540	9.2e-05
17	0.00018	0.00013	0.00019	0.00021	0.00024	0.00013	0.01797	0.00023	0.00026	0.00033	0.00059	0.00123	0.00971	0.00030	0.00015	5.1e-05	0.00010	0.96780	0.00010	0.00010
18	0.03713	0.00588	0.00016	0.00015	0.00018	0.02981	0.00012	0.00296	0.00972	0.02525	0.60485	0.01075	0.11507	0.00023	0.00232	3.7e-05	6.6e-05	0.10785	0.04737	0.00011
19	0.16367	0.00025	0.00027	0.00021	0.00030	0.00025	0.00018	0.42719	0.00038	0.40570	0.00032	0.00030	0.00021	0.00013	0.00010	3.4e-05	0.00010	9.8e-05	0.00011	0.00018
20	0.96554	0.00022	0.00017	0.00015	0.00022	0.01643	0.00012	0.00920	0.00019	0.00050	0.00016	0.00018	0.00012	0.00010	7e-05	3.4e-05	8.8e-05	6.1e-05	0.00633	0.00012
21	0.00016	0.00011	0.00014	0.00014	0.00015	0.00011	9.7e-05	0.00378	0.00711	0.00445	0.06188	0.09221	0.07044	0.52870	0.06262	8.6e-05	0.00011	0.15238	0.01523	8.3e-05
22	0.00028	0.73811	0.23931	0.00022	0.00033	0.00039	0.00024	0.00538	0.00023	0.00029	0.00017	0.00020	0.00015	9.9e-05	8e-05	2.7e-05	0.00013	0.00755	4.8e-05	0.00677
23	0.00022	0.00021	0.00035	0.80133	0.18246	0.00025	0.00031	0.00029	0.00023	0.00030	0.00020	0.00029	0.00015	0.00011	0.00011	3.6e-05	0.00659	9.9e-05	0.00632	0.00013
24	0.00016	0.00012	0.00018	0.00018	0.00020	0.00014	0.00014	0.00020	0.00018	0.00026	0.00030	0.00044	0.00028	0.00083	0.99566	0.00018	0.00030	0.00012	5.9e-05	9.9e-05
25	0.00016	0.00011	0.00015	0.00015	0.00016	0.00012	0.00011	0.00018	0.00017	0.00024	0.01113	0.00485	0.01312	0.43080	0.53067	0.00014	0.00021	0.00735	6.5e-05	8.5e-05
26	0.00026	0.00030	0.00065	0.00047	0.00058	0.00028	0.99500	0.00036	0.00026	0.00036	0.00022	0.00030	0.00017	9.4e-05	0.00013	3.7e-05	0.00019	0.00013	5.6e-05	0.00015
27	0.00013	0.00011	0.00012	0.00012	0.00015	9.5e-05	8.7e-05	0.00016	0.00025	0.00031	0.07045	0.05720	0.84946	0.01173	0.00014	3.9e-05	5.7e-05	0.00919	0.00010	9.4e-05
28	0.00038	0.00017	0.00022	0.00018	0.00025	0.00015	0.00015	0.00045	0.07136	0.62872	0.28981	0.00051	0.00050	0.00016	0.00012	3.5e-05	8.1e-05	0.00014	0.00644	0.00016
29	0.00024	0.00022	0.00036	0.46698	0.35411	0.00024	0.00452	0.00031	0.00815	0.00033	0.00020	0.00028	0.00016	0.00010	0.00011	3.3e-05	0.01127	9.4e-05	5.4e-05	0.15226
30	0.00021	0.00010	0.00011	0.00011	0.00013	0.00010	7.9e-05	0.00026	0.00023	0.01523	0.00901	0.00042	0.00029	0.00013	7.9e-05	2.6e-05	5.2e-05	0.00010	0.97322	0.00010
31	0.00016	0.00011	0.00013	0.00013	0.00013	0.00011	7.6e-05	0.00017	0.00016	0.00022	0.00035	0.01471	0.00040	0.86480	0.11134	0.00011	0.00013	0.00663	6.7e-05	7.1e-05
32	0.00021	0.00020	0.00033	0.99583	0.00076	0.00025	0.00031	0.00028	0.00022	0.00028	0.00020	0.00030	0.00015	0.00011	0.00011	3.7e-05	0.00015	9.9e-05	4.9e-05	0.00012
33	0.00030	0.99617	0.00058	0.00019	0.00028	0.00044	0.00019	0.00033	0.00023	0.00026	0.00015	0.00018	0.00014	9.5e-05	7.1e-05	2.4e-05	0.00012	5.9e-05	4.7e-05	0.00014
34	0.00022	0.00057	0.99552	0.00032	0.00048	0.00026	0.00041	0.00035	0.00023	0.00035	0.00020	0.00023	0.00014	0.00011	0.00011	3.5e-05	0.00016	8.2e-05	4.7e-05	0.00016
35	0.00030	0.96533	0.00057	0.00019	0.00029	0.00903	0.00019	0.00034	0.00023	0.02248	0.00016	0.00018	0.00015	9.6e-05	7.2e-05	2.4e-05	0.00012	6.1e-05	5e-05	0.00014
36	0.00425	0.00012	0.00015	0.00016	0.00018	0.00249	0.00538	0.02559	0.00294	0.07263	0.00054	0.73862	0.00062	0.08570	0.00259	4.8e-05	7.5e-05	0.00319	0.00010	0.05465
37	0.00021	0.00020	0.00033	0.99583	0.00076	0.00025	0.00031	0.00028	0.00022	0.00028	0.00020	0.00030	0.00015	0.00011	0.00011	3.7e-05	0.00015	9.9e-05	4.9e-05	0.00012
38	0.11213	0.00019	0.00025	0.00552	0.00248	0.00416	0.00448	0.01694	0.00589	0.80651	0.01036	0.01828	0.00452	0.00014	0.00011	3.4e-05	9.4e-05	0.00011	0.00013	0.00768
39	0.00030	0.94074	0.00057	0.00020	0.00029	0.04756	0.00846	0.00034	0.00023	0.00026	0.00016	0.00018	0.00014	9.6e-05	7.3e-05	2.4e-05	0.00012	6.1e-05	4.8e-05	0.00014
40	0.00021	0.00020	0.00033	0.99583	0.00076	0.00025	0.00031	0.00028	0.00022	0.00028	0.00020	0.00030	0.00015	0.00011	0.00011	3.7e-05	0.00015	9.9e-05	4.9e-05	0.00012

[dist]
# distance from previous block
# <min> <max>
2	3

[block]
# block no. 8 follows, 3124 sequences, length 28
# corresponding to MSA columns:
# 938-952,954-958,960-967
name=unknown_I
#
# <colnr> <probs for GDERKNQSTAVLIFYWHMCP>
#	G	D	E	R	K	N	Q	S	T	A	V	L	I	F	Y	W	H	M	C	P
0	0.00023	0.04473	0.95139	0.00031	0.00047	0.00027	0.00040	0.00035	0.00023	0.00035	0.00020	0.00023	0.00014	0.00010	0.00010	3.5e-05	0.00016	8.1e-05	4.7e-05	0.00016
1	0.00016	0.00011	0.00013	0.00012	0.00012	0.00011	7.1e-05	0.00016	0.00016	0.00022	0.00035	0.00072	0.00040	0.97548	0.00056	0.00011	0.02072	0.00016	6.7e-05	6.8e-05
2	0.00026	0.00022	0.00024	0.00022	0.00028	0.00549	0.00017	0.01386	0.81171	0.01206	0.00627	0.00042	0.00033	0.00025	0.13801	5.7e-05	0.00012	0.00977	0.00011	0.00016
3	0.00026	0.00030	0.00065	0.00047	0.00058	0.00028	0.99500	0.00036	0.00026	0.00036	0.00022	0.00030	0.00017	9.4e-05	0.00013	3.7e-05	0.00019	0.00013	5.6e-05	0.00015
4	0.00015	0.00012	0.00014	0.00015	0.00017	0.00010	0.00010	0.00018	0.00026	0.00834	0.16959	0.40136	0.40134	0.00031	0.00014	4.3e-05	6.5e-05	0.01724	0.00011	0.00010
5	0.00031	0.99600	0.00059	0.00020	0.00030	0.00045	0.00020	0.00034	0.00023	0.00027	0.00017	0.00020	0.00015	0.00010	7.7e-05	2.6e-05	0.00012	6.4e-05	5.2e-05	0.00015
6	0.00017	0.00013	0.00385	0.00016	0.00018	0.00011	0.00012	0.00021	0.00665	0.01694	0.15713	0.17143	0.35332	0.03447	0.00384	4.6e-05	7.5e-05	0.21068	0.04038	0.00011
7	0.00024	0.00058	0.99536	0.00033	0.00049	0.00027	0.00042	0.00036	0.00024	0.00036	0.00021	0.00025	0.00015	0.00011	0.00011	3.8e-05	0.00017	8.6e-05	5.1e-05	0.00017
8	0.00023	0.00017	0.00021	0.00021	0.00025	0.00018	0.00444	0.00452	0.26813	0.04799	0.00862	0.05575	0.00528	0.02899	0.00016	5e-05	0.00010	0.57448	0.00011	0.00013
9	0.01082	0.00031	0.00033	0.00026	0.00035	0.00034	0.00021	0.89922	0.02311	0.06343	0.00029	0.00029	0.00021	0.00014	0.00012	3.6e-05	0.00012	0.00011	0.00012	0.00019
10	0.00017	0.00012	0.00013	0.00013	0.00013	0.00012	7.5e-05	0.00017	0.00017	0.00023	0.00036	0.00074	0.00041	0.96984	0.02666	0.00011	0.00012	0.00016	7.1e-05	7.5e-05
11	0.00752	0.00014	0.00564	0.00017	0.00270	0.00354	0.00316	0.00893	0.01396	0.07168	0.45352	0.18567	0.04935	0.00433	0.00014	4.2e-05	7.3e-05	0.15240	0.03359	0.00347
12	0.01983	0.28170	0.13992	0.01234	0.00758	0.07340	0.01545	0.15358	0.27405	0.00433	0.00399	0.00029	0.00022	0.00013	0.00011	3.4e-05	0.00488	0.00278	8.2e-05	0.00532
13	0.01559	0.02617	0.26753	0.02551	0.02037	0.00025	0.37417	0.01709	0.01539	0.10117	0.05549	0.01083	0.00812	0.00348	0.00012	3.8e-05	0.00295	0.02204	7.4e-05	0.03362
14	0.00793	0.27530	0.45641	0.01227	0.02989	0.04190	0.07581	0.01699	0.00661	0.02483	0.00723	0.00363	0.00291	0.00294	0.00384	3.2e-05	0.00537	8.3e-05	5.4e-05	0.02596
15	0.01484	0.57442	0.26498	0.00339	0.00624	0.00421	0.08063	0.00432	0.00876	0.00930	0.00307	0.00269	0.00322	0.00620	0.00435	3e-05	0.00275	0.00394	0.00250	0.00015
16	0.00015	0.00011	0.00013	0.00013	0.00016	0.0001	9.6e-05	0.00019	0.00028	0.00037	0.50399	0.06285	0.40406	0.01777	0.00014	3.8e-05	5.6e-05	0.00918	0.00011	9.9e-05
17	0.00018	0.00015	0.00356	0.12251	0.01012	0.00015	0.09326	0.00022	0.01096	0.00030	0.00327	0.17322	0.13735	0.15772	0.01286	0.01916	0.00356	0.24754	0.00381	0.00010
18	0.06952	0.20667	0.15553	0.02724	0.02732	0.06547	0.04619	0.08625	0.06384	0.19536	0.00618	0.01075	0.00251	0.00222	0.00010	3.2e-05	0.00510	0.00258	0.00431	0.02284
19	0.00261	0.00014	0.02874	0.00017	0.00785	0.00238	0.00297	0.00382	0.09075	0.04155	0.17237	0.29286	0.17239	0.01566	0.01965	0.00509	0.00296	0.12513	0.00258	0.01033
20	0.03774	0.00019	0.00331	0.00019	0.00023	0.09935	0.00533	0.01057	0.15838	0.10100	0.12740	0.03379	0.15982	0.03992	0.00014	4.2e-05	9.4e-05	0.21645	0.00592	0.00012
21	0.00663	0.00942	0.90515	0.00031	0.00047	0.01445	0.02398	0.01669	0.00610	0.00982	0.00020	0.00024	0.00014	0.00011	0.00011	3.5e-05	0.00584	8.4e-05	5e-05	0.00016
22	0.24301	0.09314	0.15872	0.10316	0.09784	0.03438	0.04309	0.02914	0.01831	0.05413	0.00458	0.00422	0.00340	0.00011	9.6e-05	3.2e-05	0.00666	0.00280	0.00232	0.10087
23	0.00016	0.00011	0.00015	0.00017	0.00019	0.00011	0.00013	0.00615	0.00789	0.00967	0.16357	0.38345	0.05042	0.02353	0.01638	0.01474	8e-05	0.32289	0.00010	9.8e-05
24	0.00016	0.00012	0.00014	0.00015	0.00018	0.00011	0.00011	0.00020	0.02664	0.02613	0.15662	0.23336	0.33445	0.02863	0.01011	0.00935	7.2e-05	0.17327	0.00011	0.0001
25	0.01359	0.00759	0.02275	0.20030	0.18916	0.00460	0.07744	0.04421	0.07932	0.20784	0.06760	0.01599	0.00718	0.00311	0.01272	0.00205	0.02735	0.00213	0.01491	0.00015
26	0.10976	0.04978	0.14717	0.07019	0.14504	0.03988	0.04456	0.04378	0.05146	0.13076	0.00978	0.00712	0.00326	0.01542	0.03188	4.1e-05	0.09377	0.00347	0.00273	0.00015
27	0.00016	0.00012	0.00014	0.00015	0.00017	0.00011	0.00011	0.00021	0.02966	0.03795	0.34186	0.29519	0.22298	0.00488	0.00014	4e-05	6.2e-05	0.05424	0.01174	0.00010

[dist]
# distance from previous block
# <min> <max>
11	31

[block]
# block no. 9 follows, 3124 sequences, length 23
# corresponding to MSA columns:
# 1009-1031
name=unknown_J
#
# <colnr> <probs for GDERKNQSTAVLIFYWHMCP>
#	G	D	E	R	K	N	Q	S	T	A	V	L	I	F	Y	W	H	M	C	P
0	0.00016	0.00011	0.00012	0.00013	0.00013	0.00011	7.6e-05	0.00016	0.00018	0.00023	0.00982	0.08722	0.09069	0.74251	0.01430	0.03768	0.00010	0.01043	7.4e-05	0.00579
1	0.00456	0.01935	0.04414	0.05534	0.04604	0.00604	0.07332	0.00628	0.02810	0.01003	0.01066	0.01724	0.00768	0.00010	9.4e-05	2.3e-05	0.00348	0.01118	6.7e-05	0.65628
2	0.00021	0.00020	0.00657	0.69170	0.01616	0.00339	0.03557	0.00526	0.03745	0.00379	0.09497	0.00538	0.03456	0.00014	0.00391	3.8e-05	0.04548	0.00652	0.00857	0.00012
3	0.00016	0.00012	0.00015	0.00017	0.00020	0.00011	0.00014	0.00020	0.00653	0.00032	0.00907	0.17010	0.26176	0.01197	0.00916	4.8e-05	8.5e-05	0.52951	0.00010	9.8e-05
4	0.00503	0.03212	0.01226	0.00736	0.02745	0.00978	0.00964	0.16311	0.46441	0.06241	0.00316	0.00479	0.00026	0.00013	0.00011	3.2e-05	0.00323	0.00402	0.00415	0.18653
5	0.00017	0.00012	0.00017	0.00017	0.00018	0.00013	0.00012	0.00018	0.00017	0.00024	0.00028	0.01010	0.00028	0.13288	0.64332	0.18574	0.02549	0.00012	5.9e-05	8.6e-05
6	0.00512	0.14651	0.06505	0.08881	0.11091	0.02794	0.11322	0.06083	0.02671	0.27796	0.00393	0.01132	0.00395	0.00572	0.00855	0.00822	0.03165	0.00336	8.2e-05	0.00016
7	0.00311	0.24583	0.63759	0.00522	0.00493	0.00539	0.02923	0.00323	0.01614	0.00808	0.01101	0.00351	0.00747	0.00011	0.00806	3.4e-05	0.00772	0.00311	5.1e-05	0.00016
8	0.00760	0.00020	0.00026	0.00020	0.00028	0.00018	0.00016	0.08387	0.00695	0.85816	0.02075	0.00038	0.00696	0.00014	0.00011	3.4e-05	9.5e-05	0.00011	0.01338	0.00018
9	0.00018	0.00371	0.01306	0.00409	0.00670	0.00013	0.00398	0.00024	0.01195	0.02169	0.01161	0.02432	0.06505	0.00509	0.00015	0.00362	9.9e-05	0.82413	0.00010	0.00011
10	0.01237	0.18253	0.19912	0.18990	0.01991	0.11975	0.01211	0.03273	0.01086	0.08616	0.00419	0.08523	0.00316	0.01799	0.00729	3.6e-05	0.01351	0.00294	6.6e-05	0.00014
11	0.00023	0.03658	0.02656	0.47921	0.21276	0.03483	0.01996	0.01529	0.02844	0.00314	0.00941	0.04481	0.00587	0.01272	0.01979	0.02901	0.00683	0.00701	0.00740	0.00013
12	0.00016	0.00012	0.00016	0.00016	0.00018	0.00013	0.00012	0.00019	0.01518	0.00025	0.00031	0.00051	0.00031	0.26840	0.71311	0.00016	0.00024	0.00013	6.2e-05	9.2e-05
13	0.95464	0.00022	0.00017	0.00015	0.00022	0.00025	0.00012	0.01591	0.00020	0.02710	0.00016	0.00019	0.00013	0.00010	7e-05	3.4e-05	8.7e-05	6.2e-05	7.1e-05	0.00012
14	0.00038	0.00029	0.00030	0.00024	0.00032	0.02985	0.00020	0.72641	0.13052	0.00062	0.02908	0.02128	0.01040	0.00015	0.00012	3.4e-05	0.02732	0.00011	0.02222	0.00018
15	0.00029	0.97314	0.02360	0.00019	0.00029	0.00043	0.00019	0.00033	0.00023	0.00026	0.00016	0.00018	0.00014	9.5e-05	7.2e-05	2.4e-05	0.00012	6e-05	4.7e-05	0.00014
16	0.00028	0.00026	0.00043	0.07306	0.85447	0.00943	0.01032	0.00587	0.00025	0.03284	0.00022	0.00028	0.00018	0.00010	0.00011	3.3e-05	0.00571	9.9e-05	0.00589	0.00017
17	0.00023	0.00020	0.00023	0.00016	0.00026	0.00015	0.00013	0.00028	0.00023	0.00036	0.00020	0.00023	0.00016	8.2e-05	8.2e-05	1.6e-05	8.2e-05	6.6e-05	6.6e-05	0.99678
18	0.00029	0.95200	0.04472	0.00020	0.00029	0.00043	0.00020	0.00033	0.00023	0.00027	0.00016	0.00018	0.00014	9.5e-05	7.3e-05	2.4e-05	0.00012	6e-05	4.7e-05	0.00014
19	0.00017	0.00013	0.00016	0.01987	0.00020	0.00680	0.00012	0.00025	0.17503	0.00592	0.05631	0.60756	0.07383	0.00029	0.00013	4.3e-05	7.2e-05	0.05290	0.00010	0.00011
20	0.02928	0.00020	0.00033	0.96679	0.00075	0.00025	0.00030	0.00028	0.00022	0.00029	0.00020	0.00029	0.00015	0.00011	0.00011	3.7e-05	0.00015	9.8e-05	5e-05	0.00012
21	0.00021	0.00019	0.00017	0.00016	0.00018	0.19276	0.00011	0.00023	0.00566	0.02075	0.06780	0.00711	0.10848	0.52059	0.06990	8.2e-05	0.00013	0.00533	7.4e-05	9e-05
22	0.38027	0.12063	0.07839	0.00536	0.04517	0.02660	0.01478	0.01741	0.01015	0.02210	0.00019	0.00463	0.00015	0.0001	8.2e-05	2.8e-05	0.00010	7e-05	0.00388	0.26989

[dist]
# distance from previous block
# <min> <max>
66	162

[block]
# block no. 10 follows, 3124 sequences, length 6
# corresponding to MSA columns:
# 1280,1323-1326,1331
name=unknown_K
#
# <colnr> <probs for GDERKNQSTAVLIFYWHMCP>
#	G	D	E	R	K	N	Q	S	T	A	V	L	I	F	Y	W	H	M	C	P
0	0.00016	0.02446	0.03206	0.00015	0.00018	0.00011	0.00011	0.00019	0.00024	0.03272	0.04427	0.40922	0.36031	0.03227	0.00015	4.3e-05	7e-05	0.06309	0.00010	9.9e-05
1	0.01801	0.01103	0.01228	0.09995	0.07260	0.01589	0.01800	0.02672	0.06208	0.09376	0.08536	0.22263	0.15169	0.03359	0.01117	4.2e-05	0.00909	0.03590	0.01101	0.00922
2	0.01690	0.07273	0.25854	0.04104	0.12766	0.03255	0.06439	0.05724	0.05271	0.17772	0.01512	0.03808	0.01152	0.01058	0.00012	3.5e-05	0.01167	0.01116	7.7e-05	0.00016
