[name]
unknown

[dist]
# distance from previous block
# <min> <max>
0	203

[block]
# block no. 0 follows, 2954 sequences, length 38
# corresponding to MSA columns:
# 413-437,440,448-459
name=unknown_A
#
# <colnr> <probs for GDERKNQSTAVLIFYWHMCP>
#	G	D	E	R	K	N	Q	S	T	A	V	L	I	F	Y	W	H	M	C	P
0	0.00494	0.00016	0.00363	0.01212	0.06522	0.00822	0.00205	0.00601	0.04572	0.03237	0.00817	0.07709	0.04085	0.00718	0.01331	5.1e-05	0.00198	0.65696	0.00713	0.00684
1	0.00874	0.00418	0.00486	0.41888	0.09243	0.38267	0.00631	0.00353	0.00028	0.00829	0.00721	0.00385	0.01322	0.00193	0.01569	3.8e-05	0.02288	9.7e-05	5.9e-05	0.00487
2	0.00015	0.00011	0.00013	0.00014	0.00017	0.00010	0.00010	0.00018	0.00507	0.00756	0.09975	0.43167	0.40333	0.01682	0.00346	0.00545	6.6e-05	0.02044	0.00520	9.9e-05
3	0.00558	0.00012	0.00014	0.00014	0.00017	0.00010	0.00010	0.00019	0.00028	0.00983	0.28960	0.14014	0.53014	0.00697	0.00366	4.1e-05	6.2e-05	0.01252	0.00011	0.00010
4	0.00015	0.00011	0.00013	0.00015	0.00016	0.00010	0.00010	0.00017	0.00023	0.00030	0.01063	0.60221	0.20924	0.13630	0.00021	5.5e-05	7.4e-05	0.03948	0.00010	9.3e-05
5	0.00016	0.00011	0.00015	0.00017	0.00018	0.00011	0.00012	0.00019	0.00460	0.00438	0.04060	0.59152	0.03555	0.13668	0.00021	5.7e-05	8.1e-05	0.18065	0.00440	9.6e-05
6	0.99671	0.00023	0.00017	0.00015	0.00023	0.00026	0.00013	0.00034	0.00020	0.00053	0.00016	0.00019	0.00013	0.00011	7.3e-05	3.6e-05	9.1e-05	6.4e-05	7.3e-05	0.00013
7	0.02401	0.00020	0.00024	0.00850	0.01214	0.00016	0.00015	0.00447	0.00027	0.29395	0.00348	0.10799	0.00028	0.00014	0.00336	2.8e-05	9.1e-05	0.00011	9.6e-05	0.54035
8	0.00025	0.00021	0.00027	0.00019	0.00030	0.00016	0.04947	0.00031	0.00025	0.02141	0.00022	0.00025	0.00018	8.9e-05	9e-05	1.9e-05	9.3e-05	7.4e-05	7.1e-05	0.92611
9	0.96443	0.00023	0.00018	0.00016	0.00023	0.01020	0.00013	0.00579	0.00020	0.01003	0.00017	0.00020	0.00013	0.00011	7.4e-05	3.6e-05	9.2e-05	6.5e-05	0.00744	0.00013
10	0.00995	0.00022	0.00028	0.00021	0.00030	0.00020	0.00018	0.15515	0.00665	0.76172	0.05217	0.00040	0.00032	0.00015	0.00012	3.6e-05	0.00010	0.00012	0.01153	0.00019
11	0.99671	0.00023	0.00017	0.00015	0.00023	0.00026	0.00013	0.00034	0.00020	0.00053	0.00016	0.00019	0.00013	0.00011	7.3e-05	3.6e-05	9.1e-05	6.4e-05	7.3e-05	0.00013
12	0.00029	0.00028	0.00048	0.00072	0.99515	0.00028	0.00036	0.00036	0.00027	0.00038	0.00022	0.00029	0.00019	0.00010	0.00012	3.5e-05	0.00014	0.00010	5.8e-05	0.00019
13	0.97828	0.01864	0.00018	0.00016	0.00023	0.00027	0.00013	0.00034	0.00020	0.00052	0.00016	0.00019	0.00013	0.00011	7.3e-05	3.6e-05	9.1e-05	6.4e-05	7.2e-05	0.00013
14	0.00029	0.00025	0.00027	0.00024	0.00031	0.00029	0.00019	0.01687	0.97868	0.00049	0.00047	0.00044	0.00036	0.00016	0.00012	4e-05	9.3e-05	0.00013	0.00012	0.00019
15	0.00027	0.00030	0.00065	0.00047	0.00058	0.00363	0.91210	0.00037	0.00027	0.00945	0.00416	0.02499	0.00563	0.00585	0.01176	4.2e-05	0.00617	0.01309	6.3e-05	0.00015
16	0.08471	0.00022	0.00027	0.00021	0.00030	0.00020	0.00017	0.12254	0.00035	0.77670	0.00041	0.00037	0.00027	0.00014	0.00011	3.6e-05	0.00010	0.00011	0.01258	0.00019
17	0.01817	0.04570	0.19117	0.03140	0.19905	0.02531	0.14535	0.05092	0.03507	0.19376	0.03971	0.00417	0.00278	0.00521	0.00012	3.7e-05	0.00762	0.00198	8.2e-05	0.00238
18	0.01454	0.00567	0.03939	0.27220	0.16180	0.01779	0.02530	0.01225	0.01004	0.00987	0.03220	0.12091	0.05157	0.15136	0.01759	0.00171	0.01609	0.03685	7.3e-05	0.00279
19	0.00015	0.00011	0.00013	0.00014	0.00017	9.9e-05	0.00010	0.00017	0.00025	0.00723	0.04550	0.44899	0.46088	0.00767	0.00015	4.4e-05	6.5e-05	0.02794	0.00011	9.9e-05
20	0.02046	0.00021	0.03507	0.00541	0.05731	0.00251	0.01546	0.15496	0.07266	0.18429	0.23712	0.00948	0.08348	0.00541	0.00485	3.9e-05	9.6e-05	0.06012	0.05091	0.00015
21	0.02842	0.10378	0.42097	0.02993	0.15550	0.02947	0.06583	0.02644	0.01746	0.09140	0.00494	0.00377	0.00256	0.00012	0.00011	3.5e-05	0.00642	0.00391	6.6e-05	0.00887
22	0.00455	0.04680	0.12965	0.12573	0.35571	0.01719	0.04013	0.04021	0.03331	0.07075	0.00540	0.02415	0.01434	0.00547	0.00916	0.00228	0.06575	0.00747	0.00178	0.00016
23	0.00319	0.00014	0.01149	0.03922	0.00748	0.00263	0.00228	0.00384	0.01712	0.00375	0.00040	0.22719	0.00649	0.22426	0.39127	0.00568	0.03615	0.00886	0.00847	0.00010
24	0.44084	0.03920	0.01592	0.02403	0.06022	0.15989	0.04794	0.08570	0.00630	0.02107	0.00850	0.00024	0.00239	0.00012	0.00011	3.5e-05	0.05663	8.2e-05	0.00201	0.02877
25	0.00336	0.00012	0.00013	0.00014	0.00017	0.00302	0.00010	0.00019	0.00705	0.00974	0.11959	0.19026	0.58993	0.02579	0.00413	0.00434	6.6e-05	0.04167	0.00011	0.00010
26	0.01280	0.00711	0.02110	0.01300	0.02457	0.02387	0.00421	0.00702	0.02643	0.07635	0.09567	0.00903	0.01974	0.00294	0.00552	2.5e-05	9.4e-05	0.00319	0.00166	0.64566
27	0.00028	0.00293	0.00274	0.00295	0.01971	0.00031	0.28504	0.01323	0.00990	0.07069	0.02457	0.00031	0.00020	0.00018	0.01425	0.01471	0.52741	0.00012	0.00228	0.00819
28	0.00014	0.00012	0.00012	0.00013	0.00016	0.0001	9.4e-05	0.00017	0.00027	0.00032	0.05659	0.13370	0.79536	0.00030	0.00014	4.1e-05	6.1e-05	0.01196	0.00011	9.9e-05
29	0.00045	0.00032	0.00035	0.00027	0.00036	0.00035	0.00022	0.92732	0.00054	0.05792	0.01056	0.00029	0.00021	0.00014	0.00012	3.5e-05	0.00013	0.00011	0.00012	0.00020
30	0.00030	0.00025	0.00027	0.00024	0.00031	0.00029	0.00019	0.03197	0.94598	0.00598	0.00047	0.00044	0.00035	0.00016	0.00012	4e-05	9.4e-05	0.00623	0.00012	0.00620
31	0.99671	0.00023	0.00017	0.00015	0.00023	0.00026	0.00013	0.00034	0.00020	0.00053	0.00016	0.00019	0.00013	0.00011	7.3e-05	3.6e-05	9.1e-05	6.4e-05	7.3e-05	0.00013
32	0.00469	0.87088	0.05875	0.00835	0.00032	0.02850	0.00858	0.00423	0.00364	0.01092	0.00017	0.00020	0.00015	0.00010	8e-05	2.6e-05	0.00013	6.6e-05	5.2e-05	0.00015
33	0.00017	0.00012	0.00016	0.00017	0.00020	0.00012	0.00014	0.00021	0.00482	0.01004	0.05599	0.18377	0.31772	0.00032	0.00015	4.7e-05	8.2e-05	0.42556	0.00011	0.00010
34	0.00016	0.00011	0.00013	0.00014	0.00015	0.00010	9e-05	0.00017	0.00020	0.00027	0.02311	0.46327	0.02932	0.48182	0.00037	7.9e-05	9e-05	0.00025	9.1e-05	8.4e-05
35	0.00022	0.01473	0.00035	0.97053	0.00079	0.00026	0.00032	0.00030	0.00023	0.00030	0.00021	0.01085	0.00016	0.00012	0.00012	3.9e-05	0.00016	0.00011	5.3e-05	0.00013
36	0.00932	0.03209	0.11743	0.02551	0.10168	0.01724	0.03153	0.06707	0.01851	0.49269	0.00485	0.01112	0.00755	0.00944	0.03793	4.3e-05	0.00989	0.00580	0.00011	0.00018
37	0.00044	0.00034	0.11829	0.00026	0.00034	0.23632	0.02252	0.01468	0.00809	0.51661	0.00994	0.00877	0.00543	0.00014	0.00013	3.6e-05	0.05411	0.00327	0.00011	0.00017

[dist]
# distance from previous block
# <min> <max>
6	8

[block]
# block no. 1 follows, 2954 sequences, length 7
# corresponding to MSA columns:
# 493,497-502
name=unknown_B
#
# <colnr> <probs for GDERKNQSTAVLIFYWHMCP>
#	G	D	E	R	K	N	Q	S	T	A	V	L	I	F	Y	W	H	M	C	P
0	0.00016	0.00011	0.00015	0.00016	0.00018	0.00011	0.00011	0.00019	0.01979	0.01758	0.03815	0.64352	0.08673	0.07724	0.02237	0.01594	8.1e-05	0.07723	0.00011	9.8e-05
1	0.85547	0.02996	0.00021	0.00019	0.04277	0.00027	0.00014	0.03538	0.00022	0.03427	0.00018	0.00021	0.00014	0.00011	7.8e-05	3.6e-05	9.6e-05	6.9e-05	7.5e-05	0.00014
2	0.00824	0.00929	0.01075	0.08924	0.26381	0.05694	0.10884	0.00974	0.01133	0.00982	0.09567	0.17349	0.06899	0.00940	0.00014	0.00801	0.01688	0.04041	0.00886	0.00014
3	0.00027	0.00033	0.22348	0.06166	0.25483	0.01258	0.18831	0.02612	0.03482	0.04227	0.02077	0.05928	0.04971	0.00014	0.00013	3.8e-05	0.01122	0.01381	7.1e-05	0.00016
4	0.00038	0.00017	0.00022	0.00018	0.00025	0.00015	0.00015	0.00042	0.00031	0.60414	0.14781	0.05527	0.12166	0.02409	0.00014	4e-05	8.6e-05	0.02381	0.02057	0.00016
5	0.03219	0.01275	0.04449	0.04706	0.63465	0.01013	0.06506	0.01278	0.01028	0.04228	0.00026	0.01133	0.00982	0.00015	0.04267	4.2e-05	0.00015	0.01401	0.00975	0.00017
6	0.04312	0.04940	0.14823	0.02343	0.15839	0.05669	0.03042	0.20205	0.02384	0.16552	0.01629	0.00999	0.00897	0.00828	0.02031	3.9e-05	0.00818	0.00810	8.8e-05	0.01867

[dist]
# distance from previous block
# <min> <max>
0	1

[block]
# block no. 2 follows, 2954 sequences, length 22
# corresponding to MSA columns:
# 504,506-516,519-528
name=unknown_C
#
# <colnr> <probs for GDERKNQSTAVLIFYWHMCP>
#	G	D	E	R	K	N	Q	S	T	A	V	L	I	F	Y	W	H	M	C	P
0	0.00017	0.00457	0.00017	0.00017	0.00427	0.00013	0.00012	0.00434	0.00023	0.01020	0.13194	0.06933	0.17248	0.11584	0.46499	0.00012	0.01137	0.00472	0.00475	0.00010
1	0.00018	0.00014	0.00017	0.00018	0.00022	0.00917	0.00015	0.00852	0.02955	0.00553	0.03752	0.06905	0.27594	0.00031	0.00631	4.9e-05	9.2e-05	0.55672	0.00011	0.00011
2	0.00442	0.68114	0.12386	0.00531	0.02562	0.03328	0.01704	0.03432	0.00684	0.05378	0.00516	0.00023	0.00377	0.00011	8.8e-05	2.8e-05	0.00013	7.5e-05	5.9e-05	0.00474
3	0.00828	0.00823	0.04987	0.13730	0.18083	0.06117	0.08045	0.09410	0.01551	0.32926	0.00760	0.00611	0.00023	0.01273	0.00013	3.7e-05	0.00444	0.00346	9.4e-05	0.00017
4	0.97364	0.00023	0.00017	0.00016	0.00023	0.00026	0.00013	0.00035	0.00020	0.02356	0.00017	0.00020	0.00013	0.00011	7.4e-05	3.6e-05	9.1e-05	6.5e-05	7.4e-05	0.00013
5	0.10941	0.10337	0.24641	0.01307	0.11943	0.08331	0.17868	0.00937	0.00955	0.04731	0.00379	0.03552	0.00402	0.00445	0.00012	3.7e-05	0.02534	0.00660	6.5e-05	0.00016
6	0.00015	0.00011	0.00014	0.00016	0.00017	0.01167	0.00011	0.00017	0.00022	0.00030	0.00062	0.91623	0.00074	0.03442	0.03413	5.5e-05	8e-05	0.00032	0.00011	9.5e-05
7	0.00017	0.00012	0.00016	0.00015	0.00018	0.00011	0.00011	0.00022	0.00032	0.01667	0.88048	0.02150	0.06829	0.00025	0.00014	3.7e-05	5.7e-05	0.01081	0.00013	0.00011
8	0.01306	0.00955	0.00027	0.00817	0.00030	0.00624	0.00804	0.16531	0.04425	0.00528	0.00023	0.00026	0.00019	0.00010	9.4e-05	2.2e-05	9.7e-05	7.9e-05	0.00488	0.73358
9	0.00032	0.92780	0.00059	0.00020	0.00030	0.00935	0.00020	0.01749	0.01537	0.01169	0.00018	0.00020	0.00016	0.00010	7.8e-05	2.6e-05	0.00012	6.6e-05	0.00753	0.00822
10	0.00718	0.22307	0.49288	0.00439	0.00506	0.02447	0.04489	0.11761	0.01032	0.03472	0.00645	0.00025	0.00017	0.00396	0.00490	3.5e-05	0.00514	8.8e-05	6.4e-05	0.01434
11	0.00015	0.00012	0.00014	0.00015	0.00017	0.00011	0.00011	0.00019	0.01479	0.00633	0.30402	0.34410	0.29081	0.02034	0.01135	4.5e-05	6.6e-05	0.00680	0.00011	0.00010
12	0.00022	0.00017	0.00020	0.00018	0.00023	0.00018	0.00014	0.00038	0.40318	0.00824	0.26922	0.02200	0.21409	0.00023	0.00013	4e-05	7.6e-05	0.08083	0.00012	0.00014
13	0.00459	0.01128	0.00560	0.00415	0.00022	0.19818	0.00435	0.01237	0.02005	0.02498	0.12262	0.06402	0.49473	0.00024	0.00013	0.00374	9.5e-05	0.00963	0.01892	0.00011
14	0.30033	0.20872	0.07549	0.05904	0.04181	0.05450	0.04597	0.04069	0.00513	0.15052	0.00372	0.00026	0.00353	0.00012	9.6e-05	3.4e-05	0.00418	8.5e-05	7.6e-05	0.00571
15	0.00016	0.00012	0.00015	0.00017	0.00019	0.00011	0.00013	0.00020	0.00025	0.00834	0.02052	0.34466	0.28635	0.01527	0.00016	4.8e-05	7.9e-05	0.31090	0.01210	0.00010
16	0.00017	0.00012	0.00015	0.00015	0.00018	0.00011	0.00011	0.00021	0.00030	0.03750	0.56858	0.17438	0.18102	0.01117	0.00014	4e-05	6.2e-05	0.01871	0.00679	0.00011
17	0.02306	0.01932	0.12550	0.14071	0.29818	0.01189	0.03007	0.04720	0.02071	0.16896	0.02624	0.03324	0.02171	0.00946	0.00013	0.00695	0.00531	0.00614	0.00508	0.00017
18	0.02181	0.30328	0.39819	0.00537	0.03326	0.04388	0.02533	0.05675	0.00960	0.06171	0.00659	0.00363	0.00017	0.00012	0.00011	3.3e-05	0.02081	8.6e-05	6.3e-05	0.00921
19	0.00415	0.00334	0.06539	0.72323	0.02748	0.01164	0.00569	0.01217	0.01466	0.02937	0.04556	0.00930	0.00022	0.00317	0.02463	4.3e-05	0.01441	0.00011	0.00532	0.00014
20	0.00015	0.00011	0.00014	0.00015	0.00017	0.00010	0.00011	0.00018	0.00859	0.00032	0.11226	0.52479	0.27521	0.02777	0.02548	5e-05	7.3e-05	0.02414	0.00011	9.9e-05
21	0.04335	0.13572	0.10661	0.02085	0.08285	0.04044	0.06440	0.15127	0.04669	0.23844	0.01045	0.01791	0.00494	0.00013	0.00012	3.5e-05	0.01751	0.00545	0.00313	0.00971

[dist]
# distance from previous block
# <min> <max>
1	14

[block]
# block no. 3 follows, 2954 sequences, length 21
# corresponding to MSA columns:
# 585-605
name=unknown_D
#
# <colnr> <probs for GDERKNQSTAVLIFYWHMCP>
#	G	D	E	R	K	N	Q	S	T	A	V	L	I	F	Y	W	H	M	C	P
0	0.04770	0.07089	0.03469	0.04651	0.24532	0.34605	0.02662	0.03492	0.03957	0.04507	0.02041	0.00333	0.00386	0.00281	0.00410	3.4e-05	0.01091	0.00307	0.00298	0.01116
1	0.94069	0.00887	0.00018	0.00762	0.00608	0.00675	0.00013	0.00762	0.00657	0.00052	0.00017	0.00020	0.00734	0.00011	7.7e-05	3.6e-05	0.00675	6.6e-05	7.3e-05	0.00013
2	0.00019	0.00012	0.00015	0.00014	0.00015	0.00596	9.1e-05	0.00020	0.00020	0.05258	0.06347	0.00558	0.02356	0.64722	0.10346	0.06519	0.00013	0.00546	0.02605	8.5e-05
3	0.00015	0.00011	0.00013	0.00015	0.00017	0.00010	0.00010	0.00017	0.00025	0.00032	0.05859	0.43512	0.43763	0.01391	0.00015	4.5e-05	6.6e-05	0.05263	0.00011	9.8e-05
4	0.00015	0.00011	0.00013	0.00016	0.00016	0.0001	0.00010	0.00017	0.00021	0.00028	0.00059	0.75329	0.01305	0.21510	0.00025	6.2e-05	7.8e-05	0.01582	0.00010	9e-05
5	0.00031	0.96300	0.01744	0.00020	0.00031	0.01656	0.00021	0.00035	0.00024	0.00028	0.00016	0.00019	0.00015	0.00010	7.6e-05	2.5e-05	0.00013	6.3e-05	5e-05	0.00015
6	0.99671	0.00023	0.00017	0.00015	0.00023	0.00026	0.00013	0.00034	0.00020	0.00053	0.00016	0.00019	0.00013	0.00011	7.3e-05	3.6e-05	9.1e-05	6.4e-05	7.3e-05	0.00013
7	0.00017	0.00012	0.00014	0.00014	0.00015	0.00012	9e-05	0.00018	0.00018	0.00025	0.04418	0.00072	0.00043	0.73408	0.20613	0.00013	0.00015	0.01249	7.2e-05	8e-05
8	0.00024	0.00021	0.00024	0.00017	0.00028	0.00016	0.00014	0.00029	0.00025	0.00038	0.02474	0.00026	0.00020	9.1e-05	8.8e-05	1.8e-05	8.6e-05	7.3e-05	7.1e-05	0.97202
9	0.00022	0.00021	0.00035	0.99559	0.00081	0.00026	0.00033	0.00030	0.00023	0.00030	0.00021	0.00031	0.00016	0.00012	0.00012	3.9e-05	0.00016	0.00010	5.2e-05	0.00013
10	0.00032	0.00031	0.00028	0.00026	0.01352	0.17150	0.00020	0.04172	0.76948	0.00046	0.00042	0.00039	0.00031	0.00015	0.00012	3.8e-05	0.00012	0.00012	0.00011	0.00018
11	0.00635	0.00788	0.01816	0.00537	0.00529	0.00389	0.01735	0.00552	0.09357	0.04112	0.24902	0.15058	0.35207	0.00417	0.00323	4.1e-05	7.4e-05	0.02795	0.00298	0.00538
12	0.02997	0.04667	0.10111	0.01498	0.01643	0.03503	0.02115	0.04810	0.02868	0.29032	0.05220	0.00503	0.00710	0.01517	0.00690	3.4e-05	0.01716	0.00766	0.00290	0.25341
13	0.00028	0.00032	0.00069	0.00049	0.00061	0.00030	0.99472	0.00038	0.00028	0.00038	0.00024	0.00032	0.00018	9.9e-05	0.00014	4e-05	0.00020	0.00014	5.9e-05	0.00016
14	0.02266	0.00020	0.00026	0.00020	0.00029	0.00017	0.00017	0.00777	0.00962	0.88487	0.05800	0.00043	0.00725	0.00015	0.00012	3.7e-05	9.7e-05	0.00737	0.00014	0.00019
15	0.01004	0.18777	0.45479	0.01437	0.06918	0.01777	0.04934	0.01800	0.01031	0.05275	0.02854	0.00690	0.00492	0.00329	0.02044	0.00282	0.04283	0.00296	0.00281	0.00016
16	0.03785	0.01617	0.05193	0.00394	0.00636	0.00385	0.00639	0.03595	0.00990	0.67411	0.02424	0.01227	0.00912	0.05554	0.01365	0.01537	0.01526	0.00396	0.00397	0.00018
17	0.00015	0.00011	0.00014	0.00017	0.00018	0.00010	0.00012	0.00018	0.01118	0.00031	0.01392	0.85164	0.01479	0.02499	0.00016	4.9e-05	7.2e-05	0.08154	0.00011	9.7e-05
18	0.02401	0.45160	0.15261	0.02782	0.14737	0.05752	0.01866	0.02045	0.02288	0.02860	0.01705	0.00667	0.00626	0.00425	0.00010	3.2e-05	0.00997	8.6e-05	0.00392	0.00016
19	0.04461	0.10667	0.27563	0.05368	0.13455	0.03866	0.05536	0.04283	0.03868	0.13408	0.02018	0.01323	0.01505	0.00851	0.00585	3.7e-05	0.00620	0.00313	0.00290	0.00017
20	0.02327	0.00430	0.02961	0.00019	0.00833	0.01420	0.00741	0.01001	0.02546	0.18380	0.01439	0.14616	0.18849	0.06245	0.03732	0.00325	0.01051	0.23061	0.00011	0.00013

[dist]
# distance from previous block
# <min> <max>
1	16

[block]
# block no. 4 follows, 2954 sequences, length 23
# corresponding to MSA columns:
# 634,635,637,638,640-645,647-659
name=unknown_E
#
# <colnr> <probs for GDERKNQSTAVLIFYWHMCP>
#	G	D	E	R	K	N	Q	S	T	A	V	L	I	F	Y	W	H	M	C	P
0	0.04550	0.05452	0.09976	0.05363	0.25833	0.04739	0.05949	0.10487	0.05189	0.06505	0.01778	0.01032	0.00421	0.00949	0.00881	3.6e-05	0.01099	0.00320	0.00646	0.08827
1	0.00368	0.00449	0.00015	0.00907	0.00428	0.00011	0.00348	0.01457	0.00328	0.00388	0.12341	0.43224	0.33366	0.00883	0.01615	4.6e-05	0.00963	0.01171	0.00800	0.00935
2	0.01134	0.67160	0.04584	0.00023	0.01470	0.03955	0.00920	0.05606	0.05930	0.02672	0.02530	0.01119	0.00021	0.00358	9.4e-05	2.9e-05	0.01018	0.00898	6.5e-05	0.00582
3	0.09315	0.00527	0.00026	0.03078	0.06640	0.01808	0.01004	0.01445	0.02061	0.30067	0.07986	0.03485	0.02044	0.03287	0.13248	0.00857	0.10074	0.00560	0.02473	0.00015
4	0.00022	0.00014	0.00018	0.00016	0.00020	0.00013	0.00012	0.00688	0.02670	0.12713	0.72455	0.02533	0.02517	0.00023	0.00014	3.8e-05	6.6e-05	0.05131	0.01119	0.00012
5	0.00015	0.00012	0.00013	0.00014	0.00017	0.00010	0.00010	0.00018	0.00027	0.00585	0.19274	0.30032	0.46011	0.01339	0.00618	4.3e-05	6.4e-05	0.00706	0.00011	0.01276
6	0.00868	0.05982	0.32277	0.00925	0.01467	0.25241	0.02214	0.06667	0.00563	0.06834	0.00526	0.06734	0.00377	0.01822	0.03883	0.00729	0.01957	0.00316	0.00602	0.00015
7	0.00015	0.00011	0.00013	0.00014	0.00016	0.00010	9.9e-05	0.00017	0.00024	0.00030	0.04014	0.41813	0.35932	0.14280	0.01151	5.6e-05	7.5e-05	0.02617	0.00010	9.4e-05
8	0.00438	0.26931	0.24215	0.05329	0.07426	0.04677	0.06397	0.03100	0.03185	0.05304	0.05895	0.00354	0.02089	0.00821	0.00545	3.6e-05	0.02350	0.00496	0.00430	0.00016
9	0.00020	0.00013	0.00017	0.00015	0.00019	0.00012	0.00012	0.00659	0.00676	0.08775	0.83696	0.01195	0.04129	0.00023	0.00014	3.7e-05	6.1e-05	0.00691	0.00013	0.00012
10	0.01325	0.32005	0.05866	0.00814	0.00930	0.05164	0.00937	0.06524	0.00663	0.05705	0.00411	0.00024	0.00018	0.00010	9.2e-05	2.5e-05	0.00352	7.6e-05	0.00336	0.38898
11	0.00408	0.40860	0.22891	0.04430	0.04303	0.02324	0.03021	0.02198	0.02431	0.01682	0.00715	0.00666	0.00512	0.03145	0.01483	3.6e-05	0.01519	0.00364	5.9e-05	0.07038
12	0.02653	0.26232	0.44774	0.00778	0.03972	0.03208	0.01442	0.07176	0.02652	0.05710	0.00439	0.00025	0.00017	0.00011	0.00010	3.3e-05	0.00015	8.6e-05	6.4e-05	0.00866
13	0.00535	0.03176	0.26708	0.00550	0.03889	0.02465	0.01405	0.03691	0.04095	0.09974	0.23520	0.08250	0.08088	0.01040	0.00416	3.9e-05	0.00313	0.00612	0.01004	0.00266
14	0.00015	0.00011	0.00014	0.00015	0.00017	0.00010	0.00011	0.00733	0.00868	0.00680	0.10474	0.54268	0.30913	0.00033	0.00014	4.4e-05	6.6e-05	0.01892	0.00011	0.00010
15	0.00017	0.00013	0.01125	0.00988	0.02092	0.00012	0.00579	0.00490	0.01725	0.01148	0.44578	0.15204	0.22962	0.00732	0.00014	4.1e-05	6.9e-05	0.07859	0.00440	0.00011
16	0.03517	0.09275	0.36130	0.06472	0.16816	0.03425	0.06817	0.03059	0.02871	0.07894	0.00978	0.00483	0.00296	0.00287	0.00011	3.6e-05	0.00498	0.00276	6.6e-05	0.00885
17	0.00022	0.00021	0.00035	0.99559	0.00081	0.00026	0.00033	0.00030	0.00023	0.00030	0.00021	0.00031	0.00016	0.00012	0.00012	3.9e-05	0.00016	0.00010	5.2e-05	0.00013
18	0.00596	0.00012	0.00015	0.00017	0.00019	0.00435	0.00012	0.00744	0.00681	0.03146	0.03415	0.44493	0.24111	0.00498	0.00015	4.6e-05	7.7e-05	0.21144	0.00624	0.00010
19	0.01768	0.00390	0.04970	0.00988	0.02970	0.00775	0.00488	0.25282	0.21034	0.09821	0.06570	0.18934	0.03688	0.00020	0.00013	3.9e-05	0.00010	0.01255	0.01003	0.00016
20	0.60966	0.00723	0.04582	0.01188	0.09992	0.03685	0.01868	0.03188	0.01060	0.06544	0.00778	0.03270	0.01023	0.00013	0.00299	3.7e-05	0.00483	8.9e-05	0.00312	0.00014
21	0.00022	0.00021	0.00035	0.99559	0.00081	0.00026	0.00033	0.00030	0.00023	0.00030	0.00021	0.00031	0.00016	0.00012	0.00012	3.9e-05	0.00016	0.00010	5.2e-05	0.00013
22	0.19671	0.00020	0.00388	0.43487	0.01145	0.00023	0.01588	0.02002	0.00382	0.11375	0.03303	0.02067	0.03331	0.05396	0.03196	0.01400	0.00013	0.00901	0.00299	0.00013

[dist]
# distance from previous block
# <min> <max>
6	41

[block]
# block no. 5 follows, 2954 sequences, length 23
# corresponding to MSA columns:
# 726-743,745,748-751
name=unknown_F
#
# <colnr> <probs for GDERKNQSTAVLIFYWHMCP>
#	G	D	E	R	K	N	Q	S	T	A	V	L	I	F	Y	W	H	M	C	P
0	0.00642	0.12625	0.68064	0.00320	0.02228	0.00451	0.00988	0.02521	0.01143	0.06753	0.01074	0.00027	0.00496	0.00012	0.00410	3.6e-05	0.00401	0.00339	6.1e-05	0.01497
1	0.01023	0.00022	0.00481	0.00024	0.05568	0.00547	0.00696	0.05348	0.50014	0.08730	0.22520	0.00907	0.03591	0.00018	0.00012	3.8e-05	9e-05	0.00015	0.00012	0.00460
2	0.00536	0.00012	0.00014	0.00014	0.00017	0.00011	0.00010	0.00020	0.00029	0.00960	0.45404	0.06395	0.38674	0.05062	0.00584	4.4e-05	6.4e-05	0.01646	0.00591	0.00010
3	0.01678	0.00886	0.03947	0.40185	0.24684	0.00773	0.04192	0.03686	0.02481	0.08122	0.01273	0.04538	0.01603	0.00013	0.00012	3.8e-05	0.01128	0.00473	0.00306	0.00015
4	0.00786	0.03395	0.06072	0.09516	0.29991	0.21531	0.02359	0.01808	0.08029	0.03368	0.02370	0.00454	0.00900	0.00013	0.00530	3.7e-05	0.08841	0.00010	6.8e-05	0.00016
5	0.00022	0.00021	0.00035	0.99559	0.00081	0.00026	0.00033	0.00030	0.00023	0.00030	0.00021	0.00031	0.00016	0.00012	0.00012	3.9e-05	0.00016	0.00010	5.2e-05	0.00013
6	0.00015	0.00011	0.00015	0.00017	0.00018	0.00010	0.01634	0.00017	0.00023	0.00031	0.01146	0.76249	0.09732	0.02557	0.01725	5.1e-05	7.7e-05	0.06767	0.00011	9.7e-05
7	0.03305	0.18821	0.21048	0.04217	0.11082	0.03084	0.09139	0.06372	0.02135	0.09507	0.05355	0.00585	0.01043	0.00308	0.00281	0.00287	0.00666	0.02501	0.00247	0.00016
8	0.00440	0.00425	0.18810	0.00522	0.01063	0.00791	0.00506	0.02021	0.04109	0.04792	0.55607	0.03949	0.06877	0.00021	0.00013	3.8e-05	8.7e-05	0.00018	0.00011	0.00013
9	0.00021	0.00018	0.00021	0.00021	0.00023	0.12787	0.01135	0.00025	0.00021	0.00708	0.00030	0.00043	0.00028	0.02879	0.80550	0.00771	0.00891	0.00012	6.3e-05	0.00011
10	0.00741	0.01792	0.08058	0.13183	0.06607	0.08648	0.01684	0.01359	0.01352	0.05219	0.02838	0.02095	0.07187	0.01732	0.07687	0.00294	0.26224	0.03278	7e-05	0.00014
11	0.01488	0.08923	0.22239	0.05262	0.20593	0.06243	0.07462	0.07077	0.05559	0.13556	0.00390	0.00434	0.00020	0.00012	0.00011	3.5e-05	0.00365	0.00010	0.00336	0.00017
12	0.00028	0.01755	0.19980	0.00868	0.15186	0.01785	0.45022	0.03979	0.01382	0.01439	0.01019	0.02421	0.00540	0.00337	0.00013	3.9e-05	0.00964	0.03257	6.5e-05	0.00016
13	0.02573	0.00026	0.00404	0.00024	0.00421	0.03441	0.00520	0.03367	0.83433	0.01090	0.00558	0.00043	0.01385	0.00016	0.00012	3.9e-05	0.01619	0.01034	0.00011	0.00018
14	0.00299	0.01586	0.18165	0.03338	0.11079	0.00644	0.06624	0.08161	0.02305	0.36033	0.01886	0.03590	0.03058	0.00603	0.00771	3.9e-05	0.00383	0.01154	0.00299	0.00018
15	0.01718	0.00473	0.01049	0.00018	0.00619	0.00017	0.01403	0.00957	0.00724	0.01627	0.02368	0.01565	0.01447	0.00010	9.5e-05	2.1e-05	0.00981	8.3e-05	7.3e-05	0.84995
16	0.00015	0.00011	0.00014	0.00016	0.00017	9.8e-05	0.00011	0.00017	0.00024	0.00032	0.12127	0.71604	0.13958	0.00034	0.00015	4.5e-05	6.6e-05	0.02064	0.00011	9.8e-05
17	0.00020	0.00015	0.00660	0.01136	0.04422	0.00013	0.00565	0.05312	0.00725	0.06599	0.22334	0.22830	0.33831	0.00617	0.00014	4.1e-05	7.4e-05	0.00873	0.00011	0.00012
18	0.11184	0.36886	0.16617	0.01149	0.02654	0.04176	0.04234	0.03777	0.02599	0.07709	0.00643	0.00776	0.00018	0.00343	9.9e-05	3.2e-05	0.01130	8.4e-05	0.00324	0.05759
19	0.00330	0.00014	0.00505	0.00562	0.00346	0.00016	0.01102	0.00602	0.00522	0.01182	0.01682	0.01186	0.01860	0.22331	0.56756	0.02020	0.06831	0.02137	6.9e-05	0.00010
20	0.00017	0.00013	0.00019	0.00019	0.00021	0.00015	0.00015	0.00021	0.00019	0.01650	0.00032	0.00047	0.00030	0.02242	0.95763	0.00018	0.00031	0.00013	6.4e-05	0.00011
21	0.05102	0.03223	0.13199	0.14493	0.14190	0.02466	0.13096	0.10594	0.03031	0.09657	0.00904	0.00617	0.01521	0.00829	0.02413	0.00355	0.02753	0.01110	0.00430	0.00016
22	0.05918	0.11123	0.16329	0.02382	0.19718	0.07755	0.08174	0.08472	0.01953	0.13800	0.00445	0.00348	0.00020	0.00012	0.00340	3.5e-05	0.01501	0.00410	0.00792	0.00504

[dist]
# distance from previous block
# <min> <max>
2	16

[block]
# block no. 6 follows, 2954 sequences, length 6
# corresponding to MSA columns:
# 771-773,779,781,783
name=unknown_G
#
# <colnr> <probs for GDERKNQSTAVLIFYWHMCP>
#	G	D	E	R	K	N	Q	S	T	A	V	L	I	F	Y	W	H	M	C	P
0	0.01074	0.01813	0.02284	0.10539	0.14185	0.02910	0.03934	0.05641	0.03589	0.09740	0.12455	0.03507	0.05133	0.03207	0.03706	4.7e-05	0.13856	0.01215	0.01192	0.00014
1	0.01600	0.06043	0.08067	0.08191	0.17093	0.05337	0.02027	0.09432	0.14352	0.05726	0.06059	0.00969	0.01680	0.00888	0.00906	0.00856	0.06110	0.00927	0.00946	0.02792
2	0.00017	0.00012	0.00014	0.00014	0.00017	0.00011	0.00010	0.00022	0.02110	0.03942	0.34705	0.06002	0.42696	0.06052	0.00017	4.4e-05	6.5e-05	0.02230	0.02107	0.00011
3	0.00032	0.41051	0.08509	0.01150	0.05518	0.15955	0.03094	0.03898	0.01255	0.02660	0.02503	0.01115	0.01641	0.00013	0.01886	3.3e-05	0.01397	8.8e-05	0.01085	0.07228
4	0.75624	0.02494	0.00020	0.00017	0.00024	0.02567	0.00014	0.02852	0.00023	0.10480	0.00021	0.00024	0.00016	0.03178	0.00011	0.02599	9.8e-05	7.5e-05	8e-05	0.00013
5	0.01137	0.04717	0.05961	0.01537	0.04244	0.08640	0.08369	0.02783	0.16021	0.02724	0.11881	0.12291	0.04846	0.01100	0.00979	4.2e-05	0.00960	0.08999	0.02794	0.00014

[dist]
# distance from previous block
# <min> <max>
0	2

[block]
# block no. 7 follows, 2954 sequences, length 15
# corresponding to MSA columns:
# 786,789,790,792-803
name=unknown_H
#
# <colnr> <probs for GDERKNQSTAVLIFYWHMCP>
#	G	D	E	R	K	N	Q	S	T	A	V	L	I	F	Y	W	H	M	C	P
0	0.34422	0.01049	0.02115	0.10444	0.08875	0.01085	0.20203	0.01602	0.00575	0.07158	0.00817	0.03566	0.01813	0.00437	0.00011	3.8e-05	0.00528	0.01722	0.00867	0.02707
1	0.04983	0.18875	0.12448	0.00772	0.03695	0.02239	0.02362	0.21917	0.09189	0.09155	0.00613	0.00857	0.00021	0.00012	0.00011	3.2e-05	0.00904	9.5e-05	8.5e-05	0.11925
2	0.00917	0.00014	0.00503	0.01039	0.02506	0.00013	0.00835	0.02217	0.00771	0.01488	0.30308	0.07592	0.37599	0.00575	0.00014	3.9e-05	0.01386	0.06301	0.00011	0.05907
3	0.02300	0.33235	0.32706	0.00801	0.02414	0.05628	0.01590	0.06541	0.03486	0.08069	0.00515	0.00570	0.00018	0.00648	0.00010	3.3e-05	0.00564	8.7e-05	6.7e-05	0.00885
4	0.02954	0.17486	0.39505	0.01082	0.07317	0.01922	0.06646	0.02678	0.03014	0.08605	0.04233	0.01288	0.00584	0.00534	0.00486	3.6e-05	0.01042	0.00598	6.9e-05	0.00016
5	0.00016	0.00012	0.00015	0.00014	0.00018	0.00011	0.00011	0.00022	0.03167	0.00042	0.65170	0.02718	0.26186	0.00026	0.00014	3.8e-05	5.9e-05	0.01405	0.01132	0.00011
6	0.00559	0.00022	0.01321	0.06630	0.02778	0.03129	0.02662	0.13141	0.22681	0.03163	0.01799	0.05713	0.01596	0.24750	0.04998	0.00995	0.01960	0.01053	0.01034	0.00014
7	0.03532	0.05316	0.14025	0.08063	0.10478	0.04686	0.08205	0.05921	0.02512	0.31149	0.01483	0.01481	0.00756	0.00013	0.00012	3.6e-05	0.01116	0.00011	0.00649	0.00588
8	0.00892	0.21522	0.19970	0.17519	0.05035	0.04757	0.05290	0.04129	0.02185	0.11137	0.01323	0.02117	0.01257	0.00488	0.00011	3.5e-05	0.00858	0.01058	0.00434	0.00016
9	0.00017	0.00012	0.00014	0.00014	0.00018	0.00011	0.00010	0.00021	0.02596	0.05791	0.15868	0.18269	0.52761	0.02419	0.00015	4.2e-05	6.5e-05	0.01284	0.00856	0.00011
10	0.01723	0.04337	0.14203	0.02903	0.12086	0.01485	0.04248	0.04868	0.02058	0.07341	0.08633	0.13789	0.04352	0.08414	0.00659	0.00743	0.00735	0.03963	0.03445	0.00014
11	0.03178	0.06029	0.16976	0.04938	0.21651	0.05386	0.05942	0.07132	0.04385	0.16956	0.02624	0.00657	0.00773	0.00013	0.00012	0.00707	0.01210	0.00501	0.00452	0.00479
12	0.01181	0.00018	0.02138	0.02516	0.03434	0.00423	0.02606	0.03099	0.01765	0.29788	0.15255	0.09292	0.24285	0.01502	0.00570	4.1e-05	0.00774	0.00676	0.00659	0.00014
13	0.00834	0.00011	0.00014	0.00016	0.00870	0.00011	0.00011	0.00018	0.00697	0.00782	0.07661	0.69232	0.12829	0.03614	0.00016	4.8e-05	0.00626	0.01978	0.00765	9.9e-05
14	0.28784	0.14713	0.12570	0.03108	0.09176	0.02665	0.03018	0.07063	0.02943	0.07562	0.01222	0.01687	0.01227	0.00750	0.00465	3.6e-05	0.00728	0.00490	0.00373	0.01453

[dist]
# distance from previous block
# <min> <max>
0	210

# created by:
# /home/cegg/simao/soft/augustus-3.2.1/scripts/msa2prfl.pl ./align_prep/POG091H01SU.fa
