[name]
unknown

[dist]
# distance from previous block
# <min> <max>
0	156

[block]
# block no. 0 follows, 3512 sequences, length 21
# corresponding to MSA columns:
# 180-184,188-202,204
name=unknown_A
#
# <colnr> <probs for GDERKNQSTAVLIFYWHMCP>
#	G	D	E	R	K	N	Q	S	T	A	V	L	I	F	Y	W	H	M	C	P
0	0.04136	0.04700	0.08619	0.01321	0.11183	0.04434	0.12597	0.08003	0.05102	0.07269	0.04125	0.03298	0.02879	0.02630	0.00537	0.00312	0.00570	0.16657	7.3e-05	0.01620
1	0.10205	0.03228	0.12435	0.04379	0.06439	0.09544	0.04347	0.05008	0.12168	0.12219	0.13398	0.00952	0.01754	0.00338	0.00497	0.00287	0.00485	0.00460	7.6e-05	0.01850
2	0.00487	0.01396	0.10238	0.09295	0.05821	0.02100	0.25632	0.02715	0.06021	0.01911	0.07550	0.02972	0.02949	0.02542	0.06500	0.01967	0.00285	0.01221	0.00274	0.08125
3	0.03448	0.00410	0.00442	0.00017	0.02265	0.08517	0.00670	0.04947	0.05629	0.07277	0.07069	0.01562	0.19407	0.07391	0.28941	0.00290	0.00674	0.00285	0.00326	0.00436
4	0.00382	0.00888	0.00308	0.09983	0.01359	0.07478	0.08255	0.02126	0.00791	0.04355	0.01290	0.02169	0.04775	0.02147	0.42143	0.04692	0.04589	0.01184	0.00300	0.00789
5	0.49335	0.00019	0.00019	0.00017	0.02311	0.00020	0.00994	0.04596	0.09440	0.30218	0.00803	0.00025	0.00018	0.01512	0.00630	3.3e-05	8.3e-05	7.9e-05	8.5e-05	0.00013
6	0.00021	0.00017	0.00019	0.00018	0.00495	0.00019	0.00013	0.01042	0.63309	0.01175	0.15532	0.05046	0.06448	0.01668	0.01951	3.7e-05	7.4e-05	0.00465	0.02737	0.00013
7	0.93083	0.00020	0.00016	0.00014	0.00020	0.00023	0.00011	0.06658	0.00019	0.00046	0.00014	0.00017	0.00011	9.3e-05	6.4e-05	3.1e-05	7.9e-05	5.6e-05	6.4e-05	0.00011
8	0.00020	0.00019	0.00031	0.81331	0.16127	0.00022	0.00028	0.02255	0.00021	0.00027	0.00018	0.00026	0.00014	9.7e-05	9.9e-05	3.2e-05	0.00013	8.8e-05	4.6e-05	0.00012
9	0.00019	0.00018	0.00030	0.99629	0.00068	0.00022	0.00027	0.00025	0.00020	0.00025	0.00018	0.00026	0.00013	9.9e-05	9.9e-05	3.3e-05	0.00013	8.8e-05	4.4e-05	0.00011
10	0.00024	0.00023	0.00040	0.00061	0.99591	0.00023	0.00030	0.00030	0.00022	0.00032	0.00019	0.00024	0.00016	8.8e-05	9.8e-05	2.9e-05	0.00012	8.8e-05	4.9e-05	0.00016
11	0.00433	0.05258	0.11803	0.03808	0.09080	0.09852	0.01965	0.22217	0.30852	0.01970	0.00389	0.00027	0.00020	0.00011	9.8e-05	3.1e-05	0.01104	0.00367	0.00815	0.00015
12	0.00041	0.00021	0.00026	0.00020	0.00027	0.00022	0.00016	0.44821	0.00036	0.52090	0.00032	0.00029	0.00021	0.00012	9.8e-05	3e-05	9.4e-05	9.4e-05	0.02738	0.00017
13	0.00017	0.00013	0.00016	0.06648	0.00567	0.01287	0.00012	0.03437	0.09577	0.03943	0.55299	0.00067	0.18489	0.00019	0.00011	3.2e-05	6.2e-05	0.00016	0.00562	0.00010
14	0.00040	0.00016	0.00022	0.00017	0.00024	0.00014	0.00014	0.01895	0.01030	0.83795	0.11861	0.00038	0.00033	0.00013	0.00010	3.1e-05	8e-05	0.00011	0.01141	0.00016
15	0.00021	0.00020	0.00030	0.79766	0.06785	0.06655	0.01504	0.01410	0.01534	0.00566	0.00018	0.00561	0.00014	0.00010	0.0001	3.2e-05	0.00542	8.8e-05	0.00529	0.00012
16	0.00015	0.00011	0.00014	0.00013	0.00015	9.8e-05	9.6e-05	0.00020	0.02740	0.03672	0.81766	0.01904	0.07987	0.00020	0.00012	3.2e-05	5e-05	0.00828	0.00946	9.7e-05
17	0.00017	0.00014	0.01001	0.32605	0.03314	0.00373	0.00369	0.00403	0.01435	0.00024	0.02652	0.00043	0.07410	0.19949	0.13273	0.15796	0.00923	0.00387	5.5e-05	8.7e-05
18	0.00013	9.4e-05	0.00012	0.00013	0.00015	8.7e-05	9.4e-05	0.00016	0.00846	0.01299	0.10512	0.62747	0.17976	0.00028	0.00012	3.8e-05	5.8e-05	0.06455	9.4e-05	8.5e-05
19	0.00392	0.00018	0.00399	0.10552	0.24332	0.00460	0.01072	0.07457	0.17668	0.02051	0.22329	0.02915	0.03317	0.01121	0.03584	0.00401	0.00294	0.01248	0.00378	0.00013
20	0.00352	0.00808	0.08205	0.01783	0.05563	0.01412	0.02153	0.05955	0.01577	0.08010	0.02004	0.01958	0.01245	9.5e-05	8.6e-05	2.2e-05	0.00813	7.8e-05	6.6e-05	0.58127

[dist]
# distance from previous block
# <min> <max>
21	42

[block]
# block no. 1 follows, 3512 sequences, length 11
# corresponding to MSA columns:
# 266-276
name=unknown_B
#
# <colnr> <probs for GDERKNQSTAVLIFYWHMCP>
#	G	D	E	R	K	N	Q	S	T	A	V	L	I	F	Y	W	H	M	C	P
0	0.00614	0.00577	0.01752	0.29131	0.07469	0.00019	0.24279	0.01388	0.01188	0.04278	0.05265	0.06718	0.10692	0.01013	0.00942	3.5e-05	0.00897	0.00968	0.02795	0.00012
1	0.01184	0.01266	0.05509	0.05988	0.06716	0.03549	0.12984	0.02272	0.01848	0.03679	0.06053	0.11456	0.03709	0.01731	0.06708	4.5e-05	0.00793	0.22380	7.3e-05	0.02162
2	0.00762	0.07415	0.06994	0.02506	0.07228	0.01782	0.02878	0.03407	0.03738	0.06643	0.21513	0.05855	0.22024	0.00737	0.00635	3.3e-05	0.02554	0.03306	8.3e-05	0.00011
3	0.00019	0.00012	0.00014	0.00013	0.00017	0.00011	0.00010	0.01654	0.01672	0.17593	0.38299	0.11093	0.22983	0.02000	0.00012	3.4e-05	5.9e-05	0.02262	0.02317	0.00010
4	0.00572	0.00602	0.03960	0.18317	0.19957	0.12922	0.04083	0.01281	0.04375	0.02112	0.02310	0.16073	0.02481	0.01935	0.02318	3.7e-05	0.00733	0.05015	0.00939	0.00012
5	0.01600	0.01997	0.07053	0.04168	0.04665	0.01754	0.55214	0.06201	0.01835	0.08999	0.00023	0.01831	0.00017	0.00719	0.01756	0.00612	0.00761	0.00774	6.1e-05	0.00014
6	0.01813	0.00018	0.00021	0.00015	0.00024	0.00014	0.00012	0.03082	0.01821	0.04680	0.01543	0.00022	0.00017	8e-05	7.6e-05	1.7e-05	7.5e-05	6.4e-05	6.4e-05	0.86882
7	0.00013	9.5e-05	0.00012	0.00013	0.00014	9.1e-05	0.01209	0.00015	0.01381	0.01239	0.01328	0.59880	0.04017	0.27959	0.01042	5.6e-05	7.2e-05	0.01830	8.3e-05	7.8e-05
8	0.04393	0.02756	0.23595	0.03550	0.07079	0.05255	0.04584	0.05197	0.07187	0.06748	0.17200	0.04437	0.02936	0.01345	0.00011	3.2e-05	0.01281	0.02422	7.3e-05	0.00013
9	0.00019	0.00912	0.03187	0.00641	0.01974	0.00631	0.00654	0.00798	0.10569	0.10768	0.22410	0.33265	0.09140	0.00965	0.01232	3.7e-05	0.00636	0.01115	0.01072	0.00011
10	0.00023	0.00017	0.00019	0.00017	0.00022	0.00018	0.00013	0.03051	0.49586	0.11760	0.10380	0.19135	0.02250	0.00018	0.01116	3.5e-05	7.4e-05	0.01336	0.01214	0.00013

[dist]
# distance from previous block
# <min> <max>
1	4

[block]
# block no. 2 follows, 3512 sequences, length 35
# corresponding to MSA columns:
# 281-302,305-317
name=unknown_C
#
# <colnr> <probs for GDERKNQSTAVLIFYWHMCP>
#	G	D	E	R	K	N	Q	S	T	A	V	L	I	F	Y	W	H	M	C	P
0	0.00921	0.01191	0.00641	0.11162	0.05976	0.06289	0.08420	0.02050	0.23701	0.03287	0.07268	0.15956	0.01090	0.00420	0.01138	3.6e-05	0.02602	0.07630	0.00241	0.00012
1	0.02396	0.05934	0.21175	0.01806	0.04112	0.02790	0.04051	0.05070	0.10097	0.08596	0.13187	0.14705	0.02148	0.00756	0.00975	3.4e-05	0.00188	0.01223	7.7e-05	0.00780
2	0.34562	0.16899	0.17374	0.00311	0.03962	0.10076	0.05305	0.03908	0.05879	0.01295	0.00338	0.00020	0.00014	9.6e-05	7.9e-05	2.9e-05	0.00011	6.8e-05	5.7e-05	0.00013
3	0.00627	0.02789	0.05282	0.07069	0.32603	0.06260	0.17003	0.14643	0.03740	0.04061	0.02223	0.00765	0.00356	0.00319	0.00010	3.1e-05	0.00790	0.00604	0.00840	0.00014
4	0.00014	0.00010	0.00013	0.00013	0.00014	0.00011	9.2e-05	0.00016	0.00016	0.00023	0.06968	0.04811	0.01598	0.43553	0.39403	0.00374	0.00935	0.01712	0.00498	7.6e-05
5	0.01554	0.88751	0.01377	0.00017	0.00026	0.05023	0.00017	0.01324	0.00462	0.00581	0.00015	0.00789	0.00013	8.8e-05	6.6e-05	2.2e-05	0.00011	5.6e-05	4.5e-05	0.00013
6	0.00014	0.00010	0.00012	0.00012	0.00014	9e-05	8.8e-05	0.00017	0.00693	0.01750	0.45389	0.12122	0.36644	0.01032	0.00012	3.4e-05	5.1e-05	0.01840	0.00403	8.9e-05
7	0.00018	0.00552	0.00735	0.03824	0.19128	0.05642	0.01369	0.01356	0.03566	0.01052	0.09107	0.14296	0.13830	0.05958	0.14498	0.00994	0.01792	0.02091	0.00181	0.00011
8	0.00464	0.00012	0.00015	0.00013	0.00017	0.00011	0.00010	0.00433	0.00534	0.28545	0.40291	0.03435	0.20474	0.00019	0.00011	3.1e-05	5.9e-05	0.00016	0.05678	0.00011
9	0.00028	0.00320	0.00026	0.09652	0.07880	0.37527	0.00765	0.01545	0.29120	0.00342	0.03728	0.02506	0.02578	0.01268	0.01202	3.2e-05	0.01138	0.00352	7e-05	0.00013
10	0.00016	0.00011	0.00014	0.00013	0.00016	0.00010	9.8e-05	0.00021	0.04130	0.05546	0.75287	0.07873	0.04570	0.00020	0.00011	3.2e-05	5.2e-05	0.00418	0.00566	0.01457
11	0.00843	0.04044	0.04684	0.08368	0.18036	0.10110	0.02400	0.09125	0.05430	0.07419	0.04414	0.03236	0.02710	0.04024	0.03313	3.8e-05	0.08934	0.00763	0.02132	0.00013
12	0.98251	0.00019	0.00015	0.00013	0.00019	0.00022	0.00011	0.01498	0.00017	0.00045	0.00014	0.00016	0.00011	9.2e-05	6.2e-05	3.1e-05	7.7e-05	5.4e-05	6.2e-05	0.00011
13	0.96235	0.00019	0.00015	0.00013	0.00020	0.00022	0.00011	0.03511	0.00018	0.00045	0.00014	0.00016	0.00011	9.3e-05	6.2e-05	3.1e-05	7.8e-05	5.5e-05	6.2e-05	0.00011
14	0.99723	0.00019	0.00015	0.00013	0.00019	0.00022	0.00011	0.00029	0.00017	0.00044	0.00014	0.00016	0.00011	9.2e-05	6.1e-05	3.1e-05	7.6e-05	5.3e-05	6.1e-05	0.00011
15	0.00707	0.01909	0.04210	0.00180	0.02980	0.02441	0.00225	0.01814	0.04849	0.00798	0.10220	0.20131	0.21722	0.08720	0.10171	5.1e-05	0.00453	0.01682	0.00169	0.06613
16	0.01616	0.00259	0.00715	0.00268	0.01664	0.02201	0.01021	0.50511	0.33310	0.03823	0.00515	0.00030	0.01512	0.00562	0.00010	3.1e-05	0.00513	0.00597	0.00310	0.00559
17	0.86131	0.00019	0.00016	0.00014	0.00020	0.00022	0.00011	0.03418	0.00019	0.10232	0.00017	0.00018	0.00012	9.6e-05	6.6e-05	3.1e-05	7.8e-05	5.9e-05	6.9e-05	0.00012
18	0.00023	0.00027	0.00058	0.01490	0.00052	0.00025	0.98108	0.00032	0.00023	0.00032	0.00020	0.00027	0.00015	8.3e-05	0.00012	3.3e-05	0.00017	0.00012	5e-05	0.00013
19	0.00041	0.00017	0.00023	0.00018	0.01231	0.00016	0.00015	0.07845	0.01555	0.82208	0.05807	0.00036	0.00688	0.00013	0.00437	3.1e-05	8.5e-05	0.00010	0.00012	0.00016
20	0.67804	0.08454	0.14864	0.00017	0.02109	0.00321	0.02740	0.00613	0.00018	0.00532	0.00378	0.00019	0.01537	9.6e-05	0.00259	3e-05	0.00298	6.2e-05	5.7e-05	0.00012
21	0.00044	0.00017	0.00023	0.00018	0.00025	0.00015	0.00015	0.02366	0.00029	0.97280	0.00039	0.00033	0.00024	0.00012	9.9e-05	3.1e-05	8.5e-05	9.9e-05	0.00012	0.00017
22	0.00014	0.00010	0.00012	0.00012	0.00015	9.2e-05	8.8e-05	0.00359	0.02646	0.02474	0.23076	0.19306	0.47935	0.00692	0.00012	3.5e-05	5.4e-05	0.02062	0.01340	8.9e-05
23	0.00020	0.00018	0.00030	0.78641	0.09100	0.00021	0.01011	0.01043	0.02173	0.01751	0.01378	0.01957	0.00525	0.00011	0.00010	3.3e-05	0.00012	0.01684	0.00599	0.00012
24	0.00018	0.00016	0.00023	0.00021	0.00022	0.00021	0.01766	0.00423	0.00017	0.00025	0.00555	0.35258	0.00792	0.00367	0.01778	4.4e-05	0.55958	0.02920	6.3e-05	9.8e-05
25	0.80709	0.00019	0.00016	0.00014	0.00020	0.00021	0.00011	0.00032	0.00019	0.18061	0.00018	0.00019	0.00013	9.7e-05	6.8e-05	3e-05	7.8e-05	6.2e-05	0.00981	0.00012
26	0.00012	9.9e-05	0.00011	0.00011	0.00014	8.5e-05	8.1e-05	0.00015	0.00023	0.01319	0.11462	0.11842	0.74410	0.00025	0.00012	3.4e-05	5.1e-05	0.00791	9.4e-05	8.5e-05
27	0.00616	0.00021	0.00025	0.00019	0.00027	0.00021	0.00016	0.28651	0.15576	0.53844	0.00573	0.00031	0.00023	0.00012	9.9e-05	3.1e-05	9e-05	9.8e-05	0.00011	0.00501
28	0.00020	0.00869	0.00032	0.81371	0.15473	0.00022	0.01203	0.00026	0.00020	0.00026	0.00018	0.00026	0.00014	9.7e-05	0.00010	3.2e-05	0.00831	8.8e-05	4.5e-05	0.00012
29	0.00512	0.00017	0.00023	0.00017	0.00025	0.00015	0.00014	0.01101	0.00470	0.94716	0.01903	0.00035	0.00551	0.00012	9.9e-05	3.1e-05	8.3e-05	0.00010	0.00541	0.00017
30	0.00012	8.7e-05	0.00012	0.00014	0.00014	8.1e-05	9.2e-05	0.00014	0.00019	0.00025	0.00911	0.93426	0.03622	0.00031	0.00013	4e-05	5.8e-05	0.01833	9.2e-05	8.1e-05
31	0.00019	0.01739	0.01199	0.00221	0.01095	0.08331	0.01995	0.01242	0.07798	0.03741	0.15176	0.23276	0.11938	0.00535	0.00206	3.4e-05	7.5e-05	0.09040	0.12427	0.00010
32	0.00906	0.07102	0.31371	0.03680	0.12987	0.02356	0.11575	0.02724	0.02681	0.10431	0.02918	0.04347	0.00868	0.00273	0.03550	3.6e-05	0.01615	0.00316	0.00283	0.00014
33	0.00545	0.00183	0.01761	0.00610	0.00440	0.00904	0.00638	0.03403	0.00823	0.13161	0.13191	0.08683	0.09242	0.08469	0.31002	7.8e-05	0.02432	0.04306	0.00190	0.00010
34	0.00708	0.55398	0.08387	0.00602	0.01797	0.17714	0.01424	0.06472	0.01040	0.02259	0.00336	0.00020	0.00457	0.00629	0.02285	2.8e-05	0.00237	0.00213	5.1e-05	0.00013

[dist]
# distance from previous block
# <min> <max>
1	40

[block]
# block no. 3 follows, 3512 sequences, length 6
# corresponding to MSA columns:
# 373-378
name=unknown_D
#
# <colnr> <probs for GDERKNQSTAVLIFYWHMCP>
#	G	D	E	R	K	N	Q	S	T	A	V	L	I	F	Y	W	H	M	C	P
0	0.00018	0.03753	0.01364	0.01076	0.01081	0.11850	0.00012	0.01652	0.01137	0.02159	0.01852	0.42954	0.01326	0.16842	0.08550	0.01096	0.01500	0.01761	7.5e-05	9e-05
1	0.00020	0.00019	0.01730	0.63352	0.19064	0.00022	0.02188	0.00026	0.01698	0.00027	0.01889	0.01750	0.00017	0.01767	0.01758	3.6e-05	0.04643	9.5e-05	4.8e-05	0.00012
2	0.08177	0.04026	0.01402	0.01347	0.05056	0.01231	0.03247	0.11446	0.07700	0.12799	0.01864	0.03396	0.01079	0.01017	0.00939	2.8e-05	0.02119	0.01272	7.5e-05	0.31873
3	0.01235	0.03966	0.07666	0.01077	0.03515	0.02505	0.02815	0.12243	0.08348	0.25514	0.11127	0.02203	0.07365	0.00014	0.00010	3e-05	0.01129	0.01349	8.9e-05	0.07907
4	0.00012	8.9e-05	0.00012	0.00014	0.00014	8.3e-05	9.3e-05	0.00014	0.00019	0.00026	0.04348	0.83249	0.03478	0.04049	0.00014	4.2e-05	6e-05	0.04697	9.1e-05	8.1e-05
5	0.00023	0.00021	0.00034	0.33718	0.52816	0.00023	0.00028	0.04561	0.00023	0.03055	0.00020	0.02818	0.00016	0.00010	0.00011	3.1e-05	0.02791	9.4e-05	5.3e-05	0.00014

[dist]
# distance from previous block
# <min> <max>
0	4

[block]
# block no. 4 follows, 3512 sequences, length 31
# corresponding to MSA columns:
# 383-408,415-419
name=unknown_E
#
# <colnr> <probs for GDERKNQSTAVLIFYWHMCP>
#	G	D	E	R	K	N	Q	S	T	A	V	L	I	F	Y	W	H	M	C	P
0	0.00324	0.02133	0.11479	0.07777	0.38385	0.01126	0.04300	0.10429	0.03232	0.11060	0.01131	0.00311	0.00790	0.00010	9.7e-05	2.9e-05	0.00348	0.00221	6.5e-05	0.06926
1	0.04885	0.00430	0.09737	0.00684	0.04394	0.02463	0.01494	0.02767	0.00246	0.61493	0.02613	0.01096	0.00024	0.00289	0.04138	3.6e-05	0.02726	0.00231	0.00271	0.00015
2	0.87016	0.02038	0.00519	0.00540	0.04933	0.01258	0.00012	0.00934	0.00018	0.01490	0.00015	0.00017	0.00011	9.3e-05	6.7e-05	3e-05	0.00820	5.7e-05	0.00343	0.00011
3	0.00014	9.6e-05	0.00012	0.00013	0.00013	9.6e-05	8.2e-05	0.00015	0.00017	0.00022	0.00527	0.33454	0.00468	0.51043	0.08260	7.9e-05	0.01365	0.04309	0.00426	7.1e-05
4	0.00013	9.4e-05	0.00012	0.00014	0.00015	0.00599	9.6e-05	0.00015	0.01174	0.00028	0.14492	0.76379	0.02095	0.00029	0.00012	3.9e-05	5.8e-05	0.05076	9.4e-05	8.4e-05
5	0.00025	0.00021	0.00023	0.00971	0.02887	0.00024	0.00016	0.03146	0.90893	0.00845	0.00039	0.00036	0.00513	0.00013	0.00010	3.3e-05	8.1e-05	0.00011	0.00498	0.00016
6	0.00019	0.00018	0.00030	0.92842	0.00066	0.00022	0.04089	0.00025	0.00020	0.00026	0.02739	0.00028	0.00015	0.00010	0.0001	3.3e-05	0.00013	9.1e-05	4.6e-05	0.00011
7	0.00027	0.94347	0.00050	0.00017	0.00026	0.05349	0.00017	0.00030	0.00020	0.00023	0.00014	0.00016	0.00013	8.5e-05	6.5e-05	2.1e-05	0.00011	5.3e-05	4.3e-05	0.00013
8	0.00341	0.02402	0.00026	0.02681	0.00848	0.00330	0.00016	0.33050	0.00915	0.31606	0.00027	0.00026	0.00019	0.00011	9.2e-05	2.6e-05	0.00495	0.00337	9.2e-05	0.26851
9	0.00019	0.00018	0.00030	0.94880	0.03440	0.00022	0.00027	0.00025	0.00020	0.00026	0.00018	0.00026	0.00013	9.9e-05	9.8e-05	3.3e-05	0.00013	8.8e-05	0.01380	0.00011
10	0.00418	0.00020	0.15297	0.01168	0.06606	0.00015	0.03757	0.03000	0.01445	0.11299	0.20185	0.01511	0.04040	0.00020	0.02674	3.9e-05	0.00240	0.27478	0.00812	0.00012
11	0.00018	0.00016	0.00024	0.00505	0.40227	0.00015	0.00018	0.00024	0.01776	0.00036	0.54694	0.00053	0.01422	0.00015	0.00011	3e-05	0.00492	0.00014	8.3e-05	0.00627
12	0.00020	0.00051	0.99602	0.00028	0.00043	0.00023	0.00036	0.00031	0.00021	0.00031	0.00018	0.00021	0.00013	9.4e-05	9.4e-05	3.1e-05	0.00015	7.3e-05	4.2e-05	0.00015
13	0.00019	0.00018	0.00029	0.97219	0.00067	0.00022	0.00027	0.01324	0.00020	0.00026	0.00018	0.00026	0.00013	9.9e-05	9.8e-05	3.3e-05	0.00013	8.8e-05	0.01116	0.00011
14	0.00024	0.00023	0.00039	0.04213	0.92548	0.00023	0.01187	0.00030	0.00022	0.00032	0.00019	0.00572	0.00016	9.5e-05	0.00592	3e-05	0.00012	0.00614	4.9e-05	0.00015
15	0.00025	0.00025	0.00039	0.00057	0.90558	0.07775	0.00029	0.00031	0.00023	0.00032	0.00019	0.00025	0.00016	9.1e-05	9.8e-05	2.9e-05	0.00012	0.01291	5e-05	0.00015
16	0.00018	0.00013	0.00017	0.00015	0.00019	0.00013	0.00012	0.00620	0.07769	0.05691	0.12871	0.01133	0.05342	0.05561	0.44772	9e-05	0.00016	0.00505	0.00477	0.15130
17	0.96753	0.00020	0.00015	0.00013	0.00019	0.01639	0.00011	0.00029	0.00017	0.01394	0.00014	0.00016	0.00011	9.2e-05	6.2e-05	3e-05	7.8e-05	5.4e-05	6.2e-05	0.00011
18	0.00017	0.00016	0.00027	0.08024	0.20283	0.00016	0.15916	0.00021	0.00020	0.00028	0.00037	0.50356	0.00041	0.01548	0.00528	3.8e-05	0.02658	0.00442	7.1e-05	0.00011
19	0.00022	0.00020	0.00032	0.34502	0.36860	0.00466	0.00352	0.00554	0.00021	0.04887	0.00396	0.00030	0.00017	0.00013	0.02694	3.6e-05	0.09878	0.04514	5.3e-05	0.04732
20	0.21807	0.00022	0.00033	0.02298	0.68437	0.00023	0.00025	0.02227	0.00022	0.04989	0.00019	0.00023	0.00015	9.1e-05	9e-05	3e-05	0.00011	8.1e-05	5.6e-05	0.00015
21	0.00042	0.00018	0.00026	0.00020	0.00027	0.00016	0.07763	0.03045	0.00028	0.88849	0.00037	0.00033	0.00023	0.00012	0.00010	3.1e-05	9.1e-05	0.00010	0.00012	0.00017
22	0.00019	0.00020	0.07781	0.90333	0.00066	0.00022	0.01571	0.00026	0.00020	0.00026	0.00018	0.00026	0.00013	9.8e-05	9.9e-05	3.3e-05	0.00013	8.7e-05	4.4e-05	0.00011
23	0.00566	0.00022	0.07784	0.41072	0.36486	0.00022	0.01570	0.00499	0.00022	0.11832	0.00021	0.00026	0.00015	9.7e-05	9.8e-05	3.1e-05	0.00012	8.8e-05	5.5e-05	0.00014
24	0.01682	0.01168	0.00028	0.20253	0.11939	0.00369	0.00374	0.20641	0.00029	0.41184	0.00028	0.01453	0.00020	0.00011	0.00010	3.1e-05	0.00774	9.5e-05	8.9e-05	0.00015
25	0.00303	0.00248	0.00408	0.04054	0.04515	0.00016	0.00423	0.07867	0.02547	0.00442	0.00615	0.00034	0.00021	0.22373	0.08043	5e-05	0.08026	9.1e-05	0.00676	0.39375
26	0.00024	0.00028	0.00054	0.04549	0.00051	0.07777	0.86424	0.00032	0.00901	0.00031	0.00020	0.00026	0.00015	8.6e-05	0.00011	3.3e-05	0.00017	0.00011	5e-05	0.00013
27	0.00016	0.00011	0.00013	0.00013	0.00014	0.00012	8.2e-05	0.07763	0.00017	0.00023	0.00029	0.00055	0.00031	0.68890	0.17296	0.05770	0.00013	0.00013	6.1e-05	7.2e-05
28	0.00035	0.00027	0.00031	0.01182	0.00032	0.00029	0.07766	0.80490	0.08057	0.00763	0.01472	0.00026	0.00019	0.00012	0.00010	3e-05	0.00011	9.4e-05	9.5e-05	0.00016
29	0.00024	0.00023	0.00040	0.00061	0.99591	0.00023	0.00030	0.00030	0.00022	0.00032	0.00019	0.00024	0.00016	8.8e-05	9.8e-05	2.9e-05	0.00012	8.8e-05	4.9e-05	0.00016
30	0.00019	0.07774	0.00031	0.91875	0.00065	0.00023	0.00027	0.00026	0.00020	0.00025	0.00017	0.00026	0.00013	9.8e-05	9.6e-05	3.2e-05	0.00013	8.5e-05	4.4e-05	0.00011

[dist]
# distance from previous block
# <min> <max>
0	27

# created by:
# /home/cegg/simao/soft/augustus-3.2.1/scripts/msa2prfl.pl ./align_prep/POG091H02AY.fa
