[name]
unknown

[dist]
# distance from previous block
# <min> <max>
0	79

[block]
# block no. 0 follows, 2945 sequences, length 21
# corresponding to MSA columns:
# 88-108
name=unknown_A
#
# <colnr> <probs for GDERKNQSTAVLIFYWHMCP>
#	G	D	E	R	K	N	Q	S	T	A	V	L	I	F	Y	W	H	M	C	P
0	0.00782	0.01149	0.00359	0.03924	0.32337	0.11929	0.05936	0.03014	0.01598	0.02067	0.00449	0.01102	0.00493	0.00019	0.00430	4.2e-05	0.01685	0.32320	8e-05	0.00397
1	0.00017	0.00011	0.00013	0.00013	0.00013	0.00011	7.4e-05	0.00017	0.00017	0.00023	0.00038	0.03189	0.00043	0.94035	0.01290	0.01218	0.00011	0.00017	7.2e-05	7.2e-05
2	0.00017	0.00013	0.00016	0.01236	0.00974	0.00012	0.00702	0.00681	0.01598	0.03307	0.44793	0.13360	0.30798	0.01053	0.01384	4.2e-05	6.8e-05	0.00023	0.00012	0.00011
3	0.00031	0.97202	0.02451	0.00020	0.00031	0.00046	0.00021	0.00035	0.00024	0.00028	0.00016	0.00019	0.00015	0.00010	7.6e-05	2.5e-05	0.00013	6.4e-05	5e-05	0.00015
4	0.00025	0.00037	0.34023	0.08176	0.03686	0.00731	0.19311	0.06225	0.06370	0.00393	0.02989	0.03119	0.01950	0.00385	0.10565	5.5e-05	0.01327	0.00332	0.00334	0.00016
5	0.00770	0.00017	0.00022	0.00018	0.00025	0.00015	0.00015	0.01139	0.03110	0.53774	0.32252	0.02817	0.03154	0.00019	0.00013	3.7e-05	8.3e-05	0.00689	0.02123	0.00016
6	0.00027	0.02055	0.11407	0.09084	0.43905	0.02284	0.02231	0.03767	0.07773	0.01686	0.04938	0.02008	0.04052	0.01128	0.00723	0.00360	0.01064	0.00315	0.00277	0.00916
7	0.00015	0.00013	0.00013	0.00013	0.00662	0.01442	9.8e-05	0.00019	0.00648	0.00034	0.14119	0.03774	0.75799	0.02454	0.00015	4.1e-05	6.4e-05	0.00938	0.00011	0.00010
8	0.00846	0.02603	0.15076	0.05774	0.05552	0.01677	0.02963	0.06535	0.08037	0.00441	0.01565	0.04398	0.04604	0.08698	0.23176	0.00728	0.04889	0.00419	0.02005	0.00014
9	0.00547	0.00012	0.00015	0.00015	0.00018	0.00011	0.00011	0.01126	0.00725	0.02745	0.65609	0.06054	0.16446	0.00582	0.00014	3.8e-05	6e-05	0.00547	0.05503	0.00011
10	0.00028	0.00992	0.08903	0.18702	0.33959	0.00025	0.05833	0.04373	0.03221	0.06876	0.04133	0.00535	0.05682	0.02925	0.01241	4.1e-05	0.01721	0.00442	0.00390	0.00016
11	0.12431	0.00025	0.00029	0.00022	0.00031	0.00025	0.00018	0.31907	0.00039	0.55296	0.00037	0.00034	0.00024	0.00014	0.00011	3.6e-05	0.00011	0.00011	0.00013	0.00019
12	0.99670	0.00023	0.00017	0.00015	0.00023	0.00026	0.00013	0.00035	0.00020	0.00053	0.00016	0.00019	0.00013	0.00011	7.3e-05	3.6e-05	9.1e-05	6.4e-05	7.3e-05	0.00013
13	0.01408	0.35824	0.00445	0.04679	0.27837	0.16074	0.00438	0.02542	0.00847	0.03764	0.00020	0.00025	0.00017	0.00012	0.00416	0.00632	0.04611	8.5e-05	0.00384	0.00016
14	0.99670	0.00023	0.00017	0.00015	0.00023	0.00026	0.00013	0.00035	0.00020	0.00053	0.00016	0.00019	0.00013	0.00011	7.3e-05	3.6e-05	9.1e-05	6.4e-05	7.3e-05	0.00013
15	0.99670	0.00023	0.00017	0.00015	0.00023	0.00026	0.00013	0.00035	0.00020	0.00053	0.00016	0.00019	0.00013	0.00011	7.3e-05	3.6e-05	9.1e-05	6.4e-05	7.3e-05	0.00013
16	0.01669	0.25464	0.00465	0.05974	0.02614	0.38481	0.01268	0.03259	0.00432	0.11449	0.00022	0.00024	0.00017	0.00012	0.00011	3.1e-05	0.03041	8.2e-05	0.00524	0.05261
17	0.99670	0.00023	0.00017	0.00015	0.00023	0.00026	0.00013	0.00035	0.00020	0.00053	0.00016	0.00019	0.00013	0.00011	7.3e-05	3.6e-05	9.1e-05	6.4e-05	7.3e-05	0.00013
18	0.01288	0.00018	0.00021	0.00407	0.01697	0.00018	0.00470	0.17886	0.00877	0.14629	0.08352	0.01529	0.08795	0.00424	0.00013	3.8e-05	0.02853	0.14557	0.26148	0.00014
19	0.00023	0.00015	0.00018	0.00512	0.00520	0.00405	0.00013	0.02892	0.04150	0.12348	0.58670	0.02805	0.09761	0.00447	0.00014	3.9e-05	7.1e-05	0.06021	0.00930	0.00445
20	0.02353	0.00028	0.00033	0.00026	0.00034	0.00710	0.00021	0.56857	0.02273	0.23406	0.00031	0.00031	0.00022	0.00016	0.00737	3.9e-05	0.12760	0.00011	0.00629	0.00019

[dist]
# distance from previous block
# <min> <max>
0	2

[block]
# block no. 1 follows, 2945 sequences, length 37
# corresponding to MSA columns:
# 111-116,119,122-151
name=unknown_B
#
# <colnr> <probs for GDERKNQSTAVLIFYWHMCP>
#	G	D	E	R	K	N	Q	S	T	A	V	L	I	F	Y	W	H	M	C	P
0	0.00017	0.00011	0.00013	0.00014	0.00014	0.00011	8.1e-05	0.00017	0.00018	0.00024	0.00513	0.07073	0.00045	0.81298	0.03045	0.05512	0.00012	0.02340	7.4e-05	7.4e-05
1	0.00022	0.00021	0.00034	0.81235	0.00310	0.00318	0.01252	0.00361	0.00023	0.00030	0.00023	0.03316	0.00267	0.00441	0.00605	0.01349	0.07531	0.01891	0.00959	0.00013
2	0.00023	0.00022	0.00036	0.87496	0.04476	0.00027	0.00635	0.00031	0.00980	0.00031	0.00021	0.00031	0.00016	0.00012	0.00013	4e-05	0.06117	0.00010	5.3e-05	0.00013
3	0.01124	0.03418	0.86836	0.01255	0.00049	0.00027	0.00338	0.00038	0.01906	0.02296	0.01851	0.00433	0.00018	0.00012	0.00011	3.7e-05	0.00017	0.00348	5.5e-05	0.00017
4	0.00597	0.00027	0.00045	0.02639	0.86195	0.00027	0.00034	0.00532	0.00425	0.03958	0.00358	0.03278	0.01201	0.00012	0.00012	3.6e-05	0.00013	0.00271	6.5e-05	0.00366
5	0.00018	0.00013	0.00018	0.01190	0.00310	0.00769	0.00013	0.00021	0.00019	0.00325	0.00033	0.01086	0.00034	0.33313	0.57061	0.00015	0.04372	0.00301	0.00513	0.00577
6	0.00018	0.00016	0.02101	0.02323	0.01479	0.03374	0.02102	0.00024	0.03542	0.00295	0.54093	0.04140	0.24413	0.00025	0.00358	3.9e-05	7.4e-05	0.01232	0.00441	0.00012
7	0.00027	0.01639	0.12741	0.00253	0.00031	0.00537	0.00520	0.02035	0.01521	0.06736	0.01090	0.00324	0.02278	0.00011	0.00294	2.4e-05	0.01108	0.00432	7.5e-05	0.68413
8	0.00029	0.02766	0.03237	0.07630	0.31702	0.14235	0.01994	0.00464	0.00471	0.07466	0.00029	0.04128	0.00027	0.16924	0.02510	0.00715	0.02288	0.03062	0.00309	0.00014
9	0.97786	0.00023	0.00017	0.00016	0.00023	0.00026	0.00013	0.00035	0.00020	0.01934	0.00017	0.00020	0.00013	0.00011	7.4e-05	3.6e-05	9.1e-05	6.5e-05	7.4e-05	0.00013
10	0.95263	0.00023	0.00018	0.01114	0.00638	0.00026	0.00013	0.00035	0.00020	0.01274	0.00017	0.00020	0.00013	0.00011	7.4e-05	3.6e-05	9.2e-05	6.5e-05	7.3e-05	0.01481
11	0.00025	0.00021	0.00025	0.00018	0.00028	0.00016	0.00014	0.00769	0.00709	0.01504	0.00022	0.00025	0.00018	8.9e-05	8.8e-05	1.8e-05	8.8e-05	7.1e-05	7.2e-05	0.96765
12	0.00335	0.61848	0.01515	0.00022	0.00030	0.08661	0.00020	0.06458	0.00028	0.12979	0.00022	0.00025	0.00018	0.00731	0.03442	0.02974	0.00381	7.9e-05	0.00490	0.00015
13	0.99670	0.00023	0.00017	0.00015	0.00023	0.00026	0.00013	0.00035	0.00020	0.00053	0.00016	0.00019	0.00013	0.00011	7.3e-05	3.6e-05	9.1e-05	6.4e-05	7.3e-05	0.00013
14	0.98307	0.00023	0.00017	0.00016	0.00023	0.00026	0.00013	0.00035	0.00020	0.01414	0.00017	0.00019	0.00013	0.00011	7.3e-05	3.6e-05	9.1e-05	6.4e-05	7.4e-05	0.00013
15	0.00033	0.81668	0.00057	0.00336	0.00369	0.14556	0.00021	0.00452	0.00402	0.00372	0.00017	0.00020	0.00015	0.00011	8.4e-05	2.6e-05	0.01142	6.6e-05	0.00498	0.00015
16	0.99670	0.00023	0.00017	0.00015	0.00023	0.00026	0.00013	0.00035	0.00020	0.00053	0.00016	0.00019	0.00013	0.00011	7.3e-05	3.6e-05	9.1e-05	6.4e-05	7.3e-05	0.00013
17	0.98300	0.00023	0.00017	0.00016	0.00023	0.00026	0.00013	0.00035	0.00020	0.01421	0.00017	0.00019	0.00013	0.00011	7.3e-05	3.6e-05	9.1e-05	6.4e-05	7.4e-05	0.00013
18	0.00579	0.19382	0.00482	0.38161	0.20175	0.09301	0.00662	0.00885	0.00784	0.00937	0.01811	0.00204	0.00942	0.00300	0.00012	0.00205	0.03643	0.00839	0.00376	0.00319
19	0.99670	0.00023	0.00017	0.00015	0.00023	0.00026	0.00013	0.00035	0.00020	0.00053	0.00016	0.00019	0.00013	0.00011	7.3e-05	3.6e-05	9.1e-05	6.4e-05	7.3e-05	0.00013
20	0.94141	0.00023	0.00018	0.00016	0.00023	0.00026	0.00013	0.01105	0.00021	0.04504	0.00018	0.00020	0.00014	0.00011	7.5e-05	3.6e-05	9.2e-05	6.7e-05	7.7e-05	0.00013
21	0.00353	0.37166	0.00252	0.00229	0.00283	0.14706	0.00022	0.33531	0.00480	0.00366	0.00021	0.00024	0.00017	0.00233	0.00569	3.4e-05	0.11184	8.5e-05	0.00247	0.00306
22	0.00016	0.00012	0.00015	0.00014	0.00017	0.00011	0.00010	0.00021	0.00031	0.00042	0.68868	0.02058	0.28790	0.00026	0.00014	3.8e-05	5.7e-05	0.00023	0.00012	0.00011
23	0.00016	0.00327	0.00015	0.00357	0.00017	0.00225	0.00011	0.00019	0.00490	0.00263	0.15135	0.01900	0.45584	0.04428	0.19588	0.10592	0.00314	0.00424	0.00284	9.7e-05
24	0.00018	0.00012	0.00014	0.00015	0.00017	0.00011	0.00010	0.00020	0.00023	0.06044	0.06352	0.40255	0.11962	0.30705	0.00028	6.6e-05	8.4e-05	0.04049	0.00440	9.6e-05
25	0.00206	0.00029	0.23951	0.19104	0.11609	0.00222	0.08620	0.00030	0.00637	0.00617	0.21250	0.05180	0.05668	0.00328	0.00328	3.9e-05	0.00194	0.01009	0.01000	0.00014
26	0.17152	0.00019	0.00022	0.00018	0.00025	0.00018	0.00015	0.03107	0.02033	0.47463	0.24651	0.00388	0.00978	0.00016	0.00011	3.6e-05	8.6e-05	0.00013	0.02530	0.01527
27	0.00459	0.52881	0.04846	0.00978	0.01699	0.16247	0.00336	0.04276	0.02664	0.02163	0.10256	0.00270	0.01205	0.00013	0.00240	3e-05	0.00013	0.00206	0.01231	0.00015
28	0.02037	0.07376	0.32577	0.08710	0.05809	0.06203	0.02325	0.09806	0.05247	0.03688	0.01365	0.02585	0.00716	0.00014	0.00794	3.7e-05	0.04966	0.00010	7e-05	0.05764
29	0.29745	0.03831	0.00782	0.03476	0.00762	0.41988	0.06033	0.07799	0.00563	0.01228	0.00019	0.00023	0.00015	0.00012	0.00011	3.4e-05	0.03680	8.1e-05	6.9e-05	0.00014
30	0.00017	0.00014	0.02015	0.00980	0.02538	0.00013	0.00649	0.00941	0.06173	0.00337	0.08814	0.56957	0.07229	0.01399	0.05147	0.00190	0.00899	0.05483	0.00194	0.00011
31	0.00720	0.04307	0.01251	0.16148	0.01214	0.37485	0.04978	0.05477	0.02541	0.01519	0.00570	0.01381	0.00019	0.00020	0.03907	0.12072	0.04911	0.00692	0.00775	0.00013
32	0.00031	0.01289	0.00028	0.00024	0.00031	0.02519	0.00019	0.10070	0.85137	0.00646	0.00045	0.00041	0.00033	0.00016	0.00012	3.9e-05	0.00010	0.00013	0.00012	0.00019
33	0.00014	0.00010	0.00014	0.00016	0.00017	9.7e-05	0.00011	0.00017	0.00022	0.00030	0.00064	0.95446	0.00077	0.02803	0.00016	5e-05	7e-05	0.01401	0.00011	9.5e-05
34	0.00570	0.02903	0.04744	0.00326	0.00023	0.00394	0.01746	0.04008	0.01522	0.07980	0.12691	0.23737	0.21565	0.01047	0.02621	4.7e-05	0.00502	0.13594	0.00011	0.00012
35	0.00334	0.61189	0.02642	0.01412	0.02631	0.05270	0.00498	0.04759	0.00455	0.02802	0.00020	0.00376	0.00784	0.00884	0.00206	0.00704	0.13503	0.00188	5.9e-05	0.01338
36	0.00017	0.00012	0.00015	0.00016	0.00016	0.00012	0.00371	0.00018	0.00019	0.00026	0.00951	0.18928	0.00489	0.48357	0.29236	0.00012	0.00404	0.00762	0.00330	8.7e-05

[dist]
# distance from previous block
# <min> <max>
0	1

[block]
# block no. 2 follows, 2945 sequences, length 39
# corresponding to MSA columns:
# 154-160,167-176,179-196,199-202
name=unknown_C
#
# <colnr> <probs for GDERKNQSTAVLIFYWHMCP>
#	G	D	E	R	K	N	Q	S	T	A	V	L	I	F	Y	W	H	M	C	P
0	0.05238	0.00411	0.00428	0.00889	0.00863	0.03810	0.00594	0.02016	0.00450	0.00029	0.00367	0.01810	0.00832	0.21192	0.55094	0.00253	0.04751	0.00354	0.00188	0.00432
1	0.02249	0.02492	0.07377	0.09130	0.18441	0.08880	0.22220	0.03141	0.11282	0.04952	0.02257	0.00778	0.01514	0.00013	0.00512	3.8e-05	0.04157	0.00576	7.4e-05	0.00016
2	0.00291	0.00265	0.00041	0.51650	0.23404	0.00708	0.11322	0.01451	0.00917	0.00493	0.00381	0.00032	0.00509	0.00012	0.00388	3.9e-05	0.04166	0.00558	5.8e-05	0.03401
3	0.00026	0.00197	0.02358	0.07589	0.21003	0.02330	0.01679	0.04327	0.01582	0.00874	0.02294	0.03794	0.04784	0.05172	0.00954	4.8e-05	0.39755	0.00966	0.00298	0.00014
4	0.00018	0.00014	0.00018	0.00609	0.00279	0.00015	0.01215	0.00020	0.00020	0.00758	0.04120	0.07190	0.07778	0.46502	0.18723	0.01113	0.10909	0.00684	7.6e-05	9.2e-05
5	0.00027	0.02066	0.05491	0.18179	0.40716	0.01036	0.02641	0.03118	0.02230	0.04564	0.03677	0.02102	0.04871	0.04262	0.01309	4.2e-05	0.00919	0.01748	0.00663	0.00377
6	0.03323	0.00020	0.00027	0.00021	0.00030	0.00018	0.00017	0.01027	0.00033	0.94614	0.00715	0.00040	0.00029	0.00015	0.00012	3.6e-05	0.0001	0.00012	0.00014	0.00020
7	0.07262	0.06612	0.35143	0.03649	0.16778	0.01923	0.13511	0.02988	0.02496	0.01647	0.00590	0.00797	0.00475	0.00333	0.00012	3.6e-05	0.01089	0.00753	6.2e-05	0.03929
8	0.00615	0.13923	0.00478	0.28315	0.03843	0.28645	0.00390	0.05840	0.02457	0.03150	0.00483	0.00027	0.00663	0.00013	0.00195	3.5e-05	0.06986	9.2e-05	0.00331	0.03633
9	0.98011	0.00023	0.00017	0.00016	0.00023	0.00026	0.00013	0.00035	0.00020	0.01709	0.00017	0.00019	0.00013	0.00011	7.4e-05	3.6e-05	9.1e-05	6.5e-05	7.4e-05	0.00013
10	0.12202	0.01653	0.37894	0.04247	0.08853	0.00869	0.15369	0.01282	0.02287	0.04421	0.03938	0.00668	0.01273	0.01794	0.00852	4e-05	0.01095	0.00994	0.00289	0.00016
11	0.03782	0.04039	0.01289	0.04278	0.08262	0.38099	0.01713	0.04541	0.00198	0.02827	0.00272	0.00025	0.00017	0.00181	0.00609	3.5e-05	0.16188	0.00214	0.00460	0.13003
12	0.99670	0.00023	0.00017	0.00015	0.00023	0.00026	0.00013	0.00035	0.00020	0.00053	0.00016	0.00019	0.00013	0.00011	7.3e-05	3.6e-05	9.1e-05	6.4e-05	7.3e-05	0.00013
13	0.21292	0.01426	0.05945	0.12677	0.06612	0.00692	0.10849	0.07859	0.00474	0.05370	0.01027	0.01617	0.00030	0.00270	0.00013	4.1e-05	0.01645	0.22175	8.2e-05	0.00014
14	0.45024	0.00617	0.00316	0.02230	0.06782	0.03738	0.00018	0.20547	0.07723	0.02767	0.00284	0.00220	0.02123	0.00013	0.00310	3.5e-05	0.00434	8.9e-05	8.6e-05	0.06835
15	0.03472	0.02558	0.00348	0.20311	0.29817	0.08610	0.02907	0.19329	0.01118	0.08605	0.00249	0.01224	0.00020	0.00470	0.00235	0.00447	0.00014	0.00011	0.00239	0.00017
16	0.08060	0.16813	0.00777	0.11048	0.10367	0.36869	0.07600	0.02245	0.00856	0.00639	0.00228	0.03104	0.00018	0.00012	0.00011	3.3e-05	0.00534	0.00293	0.00507	0.00015
17	0.00024	0.00018	0.00028	0.18007	0.10909	0.00019	0.08893	0.06332	0.00027	0.01094	0.00037	0.01698	0.00033	0.00356	0.00012	3.8e-05	0.00011	0.20655	0.31827	0.00013
18	0.00029	0.00543	0.00029	0.01118	0.01620	0.03690	0.00476	0.11225	0.31969	0.04630	0.00274	0.00039	0.00557	0.05582	0.12962	6.5e-05	0.24770	0.00200	0.00265	0.00015
19	0.99670	0.00023	0.00017	0.00015	0.00023	0.00026	0.00013	0.00035	0.00020	0.00053	0.00016	0.00019	0.00013	0.00011	7.3e-05	3.6e-05	9.1e-05	6.4e-05	7.3e-05	0.00013
20	0.00744	0.00024	0.00545	0.23154	0.39822	0.00283	0.00781	0.01720	0.01291	0.27536	0.00518	0.00243	0.00224	0.00178	0.00377	3.7e-05	0.01831	0.00011	0.00207	0.00507
21	0.16967	0.16013	0.00518	0.08657	0.15317	0.16691	0.01059	0.11937	0.01068	0.08685	0.00023	0.00027	0.00339	0.00350	0.00510	0.00184	0.00512	0.00329	0.00797	0.00016
22	0.73392	0.00022	0.00020	0.00747	0.00025	0.00025	0.00014	0.03406	0.00024	0.22194	0.00024	0.00024	0.00017	0.00012	8.5e-05	3.6e-05	9.5e-05	7.8e-05	9e-05	0.00015
23	0.00944	0.14998	0.38019	0.01453	0.19955	0.01822	0.04033	0.04000	0.00952	0.07610	0.01091	0.00241	0.00233	0.00286	0.00011	3.4e-05	0.00477	0.00252	6.5e-05	0.03614
24	0.00262	0.83343	0.01205	0.00257	0.00421	0.04135	0.00294	0.03522	0.00810	0.00984	0.00018	0.00020	0.00016	0.00011	8.8e-05	2.7e-05	0.02524	6.8e-05	5.5e-05	0.02154
25	0.00018	0.00232	0.01059	0.03676	0.06408	0.00694	0.00909	0.00457	0.05926	0.01193	0.13504	0.42862	0.17243	0.00264	0.00014	0.00333	8e-05	0.03309	0.01880	0.00011
26	0.00018	0.00447	0.03966	0.01421	0.01017	0.00249	0.00014	0.00378	0.11984	0.00263	0.30607	0.02271	0.30309	0.03674	0.12286	0.00271	0.00463	0.00341	0.00011	0.00012
27	0.00482	0.00012	0.00496	0.00014	0.00017	0.00010	0.00010	0.00018	0.00026	0.00034	0.18046	0.39695	0.39680	0.00031	0.00014	4.3e-05	6.4e-05	0.01381	0.00011	0.00010
28	0.00384	0.06037	0.11427	0.16863	0.37698	0.01348	0.01835	0.01921	0.01106	0.02293	0.02851	0.01114	0.02296	0.03670	0.01028	4e-05	0.01558	0.00734	0.00255	0.05578
29	0.00017	0.00012	0.00016	0.00015	0.00018	0.00011	0.00011	0.00022	0.00032	0.00485	0.88315	0.03319	0.02525	0.00572	0.00014	3.9e-05	5.9e-05	0.04582	0.00013	0.00011
30	0.00024	0.00021	0.00024	0.00017	0.00028	0.00016	0.00014	0.00030	0.00024	0.00038	0.00021	0.00024	0.00017	8.7e-05	8.7e-05	1.7e-05	8.7e-05	7e-05	7e-05	0.99658
31	0.00318	0.00017	0.04197	0.00910	0.00293	0.00014	0.04628	0.00026	0.00566	0.02397	0.38018	0.12485	0.06229	0.00213	0.00281	3.5e-05	7.9e-05	0.01556	0.08891	0.18950
32	0.97716	0.00023	0.00018	0.00016	0.00023	0.01978	0.00013	0.00035	0.00020	0.00052	0.00016	0.00019	0.00013	0.00011	7.3e-05	3.6e-05	9.3e-05	6.4e-05	7.3e-05	0.00013
33	0.00029	0.00025	0.00026	0.00024	0.00030	0.00029	0.00018	0.00870	0.96550	0.00049	0.00900	0.00670	0.00037	0.00016	0.00012	4e-05	9.3e-05	0.00013	0.00668	0.00018
34	0.00022	0.00020	0.04148	0.09187	0.01085	0.00019	0.13550	0.01785	0.15915	0.02033	0.25072	0.10107	0.13985	0.00021	0.00013	4e-05	0.00010	0.02407	0.00604	0.00013
35	0.00019	0.00013	0.00015	0.00014	0.00018	0.00011	0.00011	0.00023	0.00031	0.09066	0.50642	0.03344	0.35147	0.00697	0.00014	3.9e-05	6.2e-05	0.00022	0.00892	0.00011
36	0.00021	0.00018	0.00261	0.17712	0.16635	0.00307	0.00363	0.02274	0.05463	0.00599	0.06091	0.05032	0.12028	0.11292	0.18955	0.00695	0.00625	0.01442	0.00176	0.00013
37	0.00207	0.69739	0.08533	0.01322	0.01074	0.09686	0.00358	0.01715	0.01122	0.01857	0.01891	0.00294	0.00217	0.00339	0.00208	2.9e-05	0.01062	7.5e-05	0.00188	0.00175
38	0.01787	0.06700	0.18364	0.01266	0.02188	0.03035	0.03995	0.03714	0.04809	0.30067	0.06581	0.06866	0.02373	0.01993	0.02040	0.00188	0.01149	0.02248	0.00289	0.00349

[dist]
# distance from previous block
# <min> <max>
1	148

[block]
# block no. 3 follows, 2945 sequences, length 9
# corresponding to MSA columns:
# 354,359,361-367
name=unknown_D
#
# <colnr> <probs for GDERKNQSTAVLIFYWHMCP>
#	G	D	E	R	K	N	Q	S	T	A	V	L	I	F	Y	W	H	M	C	P
0	0.01226	0.03458	0.47248	0.02114	0.15603	0.01121	0.03436	0.01340	0.11542	0.03354	0.00852	0.01516	0.01491	0.00890	0.01061	3.9e-05	0.01247	0.00713	0.01163	0.00620
1	0.00980	0.00014	0.00760	0.00703	0.01612	0.00651	0.01958	0.00810	0.03684	0.01136	0.25982	0.26649	0.21579	0.04006	0.03863	5e-05	0.00870	0.02891	0.00693	0.01155
2	0.00016	0.00012	0.01047	0.01341	0.00902	0.00011	0.00012	0.00019	0.00908	0.00923	0.07719	0.39273	0.37493	0.01245	0.01022	0.01886	7.3e-05	0.05099	0.01055	0.00010
3	0.22637	0.00019	0.00758	0.01358	0.01955	0.00019	0.00941	0.00839	0.02468	0.29560	0.04977	0.04687	0.01294	0.07009	0.04766	4.9e-05	0.03508	0.00798	0.12390	0.00014
4	0.00030	0.79236	0.16683	0.03745	0.00036	0.00043	0.00025	0.00035	0.00024	0.00029	0.00017	0.00020	0.00015	0.00010	8.3e-05	2.8e-05	0.00014	6.8e-05	5e-05	0.00015
5	0.00015	0.00011	0.00014	0.00016	0.00017	0.00010	0.00011	0.00018	0.00024	0.00032	0.08909	0.58224	0.11389	0.07674	0.00018	5.1e-05	7.4e-05	0.11589	0.02004	9.7e-05
6	0.01028	0.02894	0.00821	0.01191	0.08043	0.02502	0.01271	0.08317	0.35901	0.03948	0.15333	0.05611	0.06356	0.00019	0.00675	3.9e-05	0.01632	0.01742	0.02698	0.00016
7	0.03651	0.03051	0.34092	0.06639	0.14602	0.04538	0.05671	0.03405	0.04772	0.04428	0.03151	0.00897	0.01154	0.01254	0.02145	4.2e-05	0.05214	0.00648	0.00668	0.00016
8	0.00940	0.21465	0.10080	0.00822	0.02803	0.05330	0.01345	0.02091	0.01170	0.04681	0.03942	0.04896	0.01355	0.01463	0.00681	3.7e-05	0.22936	0.00011	0.00800	0.13188

[dist]
# distance from previous block
# <min> <max>
1	4

[block]
# block no. 4 follows, 2945 sequences, length 90
# corresponding to MSA columns:
# 372-393,402-414,430-484
name=unknown_E
#
# <colnr> <probs for GDERKNQSTAVLIFYWHMCP>
#	G	D	E	R	K	N	Q	S	T	A	V	L	I	F	Y	W	H	M	C	P
0	0.00026	0.00670	0.19091	0.32133	0.15079	0.00388	0.05173	0.04424	0.13154	0.00217	0.01979	0.01190	0.01506	0.00143	0.00401	0.00121	0.00190	0.01074	0.00120	0.02922
1	0.00102	0.00015	0.02838	0.00867	0.01884	0.00126	0.02181	0.00165	0.00329	0.08103	0.26297	0.21144	0.08179	0.15135	0.08840	0.00522	0.00422	0.01601	0.01242	0.00011
2	0.00017	0.00014	0.00846	0.03279	0.02580	0.00013	0.00928	0.00328	0.03866	0.00340	0.35418	0.25904	0.15247	0.00125	0.00014	4.1e-05	0.00149	0.06540	0.04263	0.00124
3	0.00018	0.00012	0.00015	0.00015	0.00018	0.00011	0.00436	0.00022	0.00029	0.05906	0.44617	0.20627	0.23170	0.04172	0.00261	0.00204	6.6e-05	0.00312	0.00138	0.00011
4	0.00610	0.00018	0.00023	0.00019	0.00026	0.00016	0.00128	0.00574	0.00912	0.69186	0.03419	0.15885	0.01301	0.00165	0.00012	3.8e-05	9e-05	0.00878	0.06373	0.00443
5	0.00199	0.00149	0.03637	0.18250	0.48703	0.01392	0.12278	0.02058	0.01237	0.04590	0.00210	0.00415	0.00494	0.00545	0.00187	3.8e-05	0.04117	0.00082	0.00103	0.01351
6	0.98217	0.00023	0.00017	0.00016	0.00023	0.00026	0.00013	0.00375	0.00020	0.00871	0.00017	0.00019	0.00013	0.00011	7.3e-05	3.6e-05	9.1e-05	6.4e-05	0.00300	0.00013
7	0.99670	0.00023	0.00017	0.00015	0.00023	0.00026	0.00013	0.00035	0.00020	0.00053	0.00016	0.00019	0.00013	0.00011	7.3e-05	3.6e-05	9.1e-05	6.4e-05	7.3e-05	0.00013
8	0.00808	0.05516	0.01287	0.39593	0.23593	0.07287	0.01292	0.01246	0.00268	0.01270	0.00261	0.02074	0.00902	0.04435	0.01191	0.05978	0.01386	0.01257	0.00232	0.00123
9	0.86232	0.00023	0.00020	0.01279	0.00355	0.00028	0.00015	0.00034	0.00020	0.00050	0.00016	0.00020	0.00013	0.00012	0.00011	3.8e-05	0.11842	6.9e-05	7e-05	0.00013
10	0.98947	0.00023	0.00017	0.00016	0.00023	0.00026	0.00013	0.00035	0.00020	0.00774	0.00017	0.00019	0.00013	0.00011	7.3e-05	3.6e-05	9.1e-05	6.4e-05	7.3e-05	0.00013
11	0.00020	0.00017	0.00027	0.31146	0.16986	0.00244	0.01036	0.00136	0.00023	0.00333	0.00151	0.34364	0.01066	0.06761	0.00597	0.04384	0.01785	0.00902	7.6e-05	0.00012
12	0.99670	0.00023	0.00017	0.00015	0.00023	0.00026	0.00013	0.00035	0.00020	0.00053	0.00016	0.00019	0.00013	0.00011	7.3e-05	3.6e-05	9.1e-05	6.4e-05	7.3e-05	0.00013
13	0.00044	0.00056	0.00033	0.00030	0.00036	0.99539	0.00023	0.00047	0.00033	0.00029	0.00018	0.00021	0.00015	0.00012	0.00011	3e-05	0.00021	7.6e-05	6.1e-05	0.00014
14	0.00031	0.01169	0.01018	0.02058	0.03709	0.01537	0.04866	0.05168	0.20792	0.23903	0.05736	0.07471	0.09561	0.02154	0.00545	0.04119	0.00181	0.03922	0.01025	0.01038
15	0.00026	0.00024	0.00171	0.29337	0.05342	0.02502	0.01436	0.02512	0.00511	0.02452	0.00595	0.00032	0.00019	0.03888	0.01917	0.00136	0.47208	0.00422	0.01456	0.00013
16	0.00017	0.00011	0.00013	0.00013	0.00013	0.00012	7.7e-05	0.00017	0.00017	0.00023	0.00037	0.01330	0.00042	0.91441	0.06537	0.00012	0.00013	0.00428	7.1e-05	7.4e-05
17	0.02266	0.00024	0.00037	0.03781	0.53225	0.00023	0.00289	0.00839	0.02217	0.27815	0.03820	0.04522	0.00028	0.00014	0.00012	3.6e-05	0.00124	0.00425	0.00516	0.00018
18	0.00583	0.00031	0.00032	0.00185	0.00203	0.05224	0.00021	0.53795	0.39125	0.00219	0.00035	0.00034	0.00026	0.00015	0.00012	3.7e-05	0.00415	0.00011	0.00011	0.00019
19	0.00368	0.00030	0.00032	0.00485	0.00034	0.04825	0.00020	0.59342	0.00340	0.15102	0.00029	0.00029	0.00181	0.00646	0.00012	3.3e-05	0.00616	0.00010	0.00011	0.17885
20	0.00027	0.00023	0.00132	0.10567	0.07079	0.01749	0.01671	0.02555	0.50882	0.03543	0.15108	0.00630	0.04597	0.00343	0.00219	0.00098	0.00444	0.00151	0.00168	0.00016
21	0.00038	0.00219	0.00196	0.13147	0.03338	0.72172	0.01065	0.00042	0.00503	0.00030	0.00243	0.02602	0.00019	0.00246	0.00237	3.4e-05	0.02527	0.03354	6.3e-05	0.00014
22	0.00372	0.00026	0.00047	0.41282	0.05430	0.00027	0.36619	0.00986	0.04503	0.00036	0.00023	0.00031	0.00158	0.00011	0.00012	3.7e-05	0.00016	0.00012	0.00178	0.10228
23	0.00812	0.00482	0.00145	0.01219	0.00356	0.00020	0.01507	0.04779	0.11831	0.73797	0.03443	0.00042	0.01206	0.00015	0.00012	3.7e-05	0.00127	0.00012	0.00171	0.00019
24	0.00024	0.00021	0.00024	0.00017	0.00028	0.00016	0.00014	0.00030	0.00024	0.00038	0.00785	0.00025	0.00018	8.8e-05	8.8e-05	1.8e-05	8.7e-05	7.1e-05	7e-05	0.98893
25	0.00127	0.04570	0.13693	0.54431	0.06723	0.03376	0.01559	0.02015	0.09193	0.01608	0.00024	0.00170	0.00259	0.00359	0.00709	3.9e-05	0.00843	0.00317	6.2e-05	0.00015
26	0.00021	0.00019	0.01612	0.05947	0.09925	0.00352	0.17192	0.00395	0.00357	0.00318	0.00936	0.03412	0.14196	0.22377	0.17729	0.00618	0.03737	0.00756	0.00089	0.00012
27	0.00178	0.00022	0.00028	0.02344	0.07891	0.00577	0.00327	0.10919	0.04326	0.58020	0.00170	0.00040	0.00137	0.05781	0.00772	0.00451	0.02410	0.00012	0.05577	0.00018
28	0.00848	0.01265	0.35096	0.00192	0.02965	0.06562	0.20790	0.01696	0.25173	0.00040	0.00339	0.03645	0.00304	0.00013	0.00196	3.9e-05	0.00685	0.00163	7.4e-05	0.00017
29	0.00251	0.03097	0.04109	0.01498	0.12238	0.17046	0.00652	0.04961	0.01749	0.03173	0.00457	0.07050	0.00339	0.00604	0.00694	3.1e-05	0.01530	0.03277	7.5e-05	0.37265
30	0.98143	0.00023	0.00017	0.00016	0.00023	0.00026	0.00013	0.00035	0.00020	0.01180	0.00017	0.00019	0.00013	0.00011	7.3e-05	3.6e-05	9.1e-05	6.4e-05	7.4e-05	0.00410
31	0.02372	0.02750	0.34123	0.01751	0.07791	0.00370	0.07138	0.02632	0.13589	0.01481	0.01016	0.11498	0.03094	0.01157	0.01179	0.03206	0.00737	0.04091	7.7e-05	0.00015
32	0.00173	0.03766	0.16159	0.00610	0.08453	0.00679	0.01227	0.02370	0.00271	0.04127	0.00899	0.04189	0.01566	0.00358	0.00010	2.7e-05	0.00119	0.00457	7.2e-05	0.54555
33	0.90252	0.00023	0.00392	0.00145	0.00023	0.00124	0.00104	0.00970	0.00021	0.04535	0.00115	0.00243	0.00015	0.00130	0.00399	3.7e-05	0.00176	0.01498	0.00259	0.00570
34	0.00574	0.04236	0.61587	0.01420	0.02821	0.00114	0.18111	0.00573	0.01676	0.01150	0.03827	0.00924	0.01857	0.00097	0.00167	3.8e-05	0.00016	0.00822	6e-05	0.00017
35	0.00782	0.01842	0.50048	0.03672	0.08705	0.00954	0.05687	0.05867	0.04013	0.03165	0.02628	0.01083	0.04713	0.01562	0.02436	4.2e-05	0.01834	0.00631	0.00357	0.00016
36	0.04058	0.00114	0.00889	0.52177	0.11115	0.00178	0.00302	0.00499	0.00124	0.00687	0.01050	0.10348	0.02958	0.05687	0.01776	0.01006	0.01016	0.05517	0.00487	0.00013
37	0.00096	0.10051	0.19595	0.05136	0.05261	0.07933	0.05892	0.03320	0.09065	0.00953	0.01990	0.01976	0.01233	0.01981	0.02556	0.16605	0.01863	0.02201	0.01491	0.00801
38	0.00016	0.00012	0.00014	0.00015	0.00629	0.00168	0.00011	0.00019	0.00026	0.02227	0.24326	0.45088	0.23893	0.01704	0.00653	4.5e-05	6.7e-05	0.00931	0.00247	0.00010
39	0.00673	0.00639	0.07839	0.28461	0.11799	0.02283	0.07454	0.01783	0.04166	0.00634	0.04847	0.05376	0.09576	0.00756	0.00896	0.08854	0.02549	0.01309	0.00093	0.00013
40	0.00015	0.00011	0.00014	0.00016	0.00017	9.9e-05	0.00011	0.00017	0.00630	0.00810	0.02096	0.88399	0.02272	0.02489	0.00016	4.9e-05	7e-05	0.02843	0.00312	9.7e-05
41	0.00024	0.00352	0.80230	0.08268	0.00390	0.00389	0.02284	0.01783	0.00488	0.00038	0.03655	0.00029	0.00883	0.00012	0.00012	3.8e-05	0.01128	9.6e-05	5.5e-05	0.00017
42	0.00014	0.00010	0.00014	0.00016	0.00017	9.7e-05	0.00011	0.00017	0.00023	0.00030	0.00388	0.96372	0.00577	0.00037	0.00015	4.8e-05	6.9e-05	0.02417	0.00011	9.6e-05
43	0.00028	0.00026	0.00044	0.06358	0.78766	0.00845	0.00922	0.01496	0.00216	0.00038	0.00168	0.03590	0.00837	0.00163	0.00013	3.7e-05	0.02243	0.04219	6.3e-05	0.00017
44	0.00016	0.00012	0.00015	0.00254	0.00194	0.00011	0.00011	0.01176	0.01743	0.00036	0.28642	0.57828	0.06136	0.00032	0.00539	4.5e-05	6.8e-05	0.03139	0.00193	0.00010
45	0.00015	0.00011	0.00013	0.00015	0.00017	9.9e-05	0.00011	0.00017	0.00024	0.00031	0.01534	0.62458	0.29509	0.00777	0.00015	4.6e-05	6.8e-05	0.05510	0.00011	9.7e-05
46	0.00447	0.00020	0.00027	0.00021	0.00030	0.00018	0.00017	0.02664	0.00034	0.96520	0.00046	0.00040	0.00029	0.00015	0.00012	3.6e-05	0.00010	0.00012	0.00014	0.00020
47	0.00031	0.93564	0.04224	0.00215	0.00031	0.00506	0.00218	0.00035	0.00024	0.00208	0.00017	0.00019	0.00015	0.00010	8e-05	2.6e-05	0.00845	6.5e-05	5.1e-05	0.00015
48	0.00526	0.00013	0.00016	0.00015	0.00018	0.00012	0.00011	0.00215	0.00183	0.07713	0.80177	0.00894	0.09642	0.00326	0.00014	3.8e-05	6e-05	0.00189	0.00013	0.00012
49	0.97112	0.00023	0.00018	0.00016	0.00023	0.00026	0.00013	0.00035	0.00020	0.02606	0.00017	0.00020	0.00013	0.00011	7.4e-05	3.6e-05	9.1e-05	6.5e-05	7.5e-05	0.00013
50	0.00015	0.00011	0.00014	0.00016	0.00017	0.00010	0.00011	0.00018	0.00975	0.00246	0.00989	0.77420	0.09399	0.03619	0.00017	5e-05	7.2e-05	0.07190	0.00011	9.7e-05
51	0.00016	0.00012	0.00015	0.00015	0.00017	0.00011	0.00011	0.00020	0.00029	0.00473	0.56614	0.26752	0.15455	0.00258	0.00014	4.1e-05	6e-05	0.00256	0.00012	0.00011
52	0.99072	0.00023	0.00017	0.00016	0.00023	0.00026	0.00013	0.00035	0.00020	0.00649	0.00017	0.00019	0.00013	0.00011	7.3e-05	3.6e-05	9.1e-05	6.4e-05	7.3e-05	0.00013
53	0.00018	0.00013	0.00016	0.00233	0.03856	0.00013	0.00258	0.02247	0.00022	0.00454	0.00325	0.33198	0.00458	0.39060	0.07778	0.00132	0.00011	0.11587	0.00312	9.5e-05
54	0.00024	0.00021	0.00024	0.00017	0.00028	0.00016	0.00014	0.00030	0.00601	0.00038	0.00021	0.00025	0.00018	8.8e-05	8.7e-05	1.8e-05	8.7e-05	7e-05	7e-05	0.99081
55	0.00044	0.00051	0.00034	0.00030	0.00036	0.79289	0.00023	0.20282	0.00038	0.00038	0.00020	0.00023	0.00016	0.00013	0.00011	3.1e-05	0.00020	8.2e-05	7.2e-05	0.00015
56	0.00042	0.00018	0.00024	0.00019	0.00026	0.00016	0.00016	0.01362	0.00398	0.68893	0.28711	0.00054	0.00053	0.00017	0.00012	3.7e-05	8.8e-05	0.00015	0.00295	0.00017
57	0.99670	0.00023	0.00017	0.00015	0.00023	0.00026	0.00013	0.00035	0.00020	0.00053	0.00016	0.00019	0.00013	0.00011	7.3e-05	3.6e-05	9.1e-05	6.4e-05	7.3e-05	0.00013
58	0.00029	0.00028	0.00048	0.00072	0.98833	0.00709	0.00036	0.00036	0.00027	0.00038	0.00022	0.00029	0.00019	0.00010	0.00012	3.5e-05	0.00014	0.00010	5.8e-05	0.00019
59	0.00044	0.00033	0.00035	0.00027	0.00036	0.00036	0.00022	0.97247	0.02283	0.00074	0.00029	0.00029	0.00020	0.00014	0.00012	3.5e-05	0.00013	0.00011	0.00012	0.00020
60	0.00031	0.00026	0.00028	0.00024	0.00031	0.00030	0.00019	0.13682	0.85458	0.00053	0.00045	0.00042	0.00034	0.00016	0.00012	3.9e-05	9.8e-05	0.00424	0.00012	0.00019
61	0.00015	0.00011	0.00013	0.00015	0.00016	0.00010	9.8e-05	0.00017	0.00021	0.00028	0.00575	0.65357	0.04441	0.29072	0.00028	6.7e-05	8.1e-05	0.00338	9.8e-05	8.9e-05
62	0.00014	0.00011	0.00013	0.00015	0.00017	0.0001	0.00010	0.00017	0.00859	0.00031	0.03431	0.53752	0.39737	0.01723	0.00015	4.5e-05	6.5e-05	0.00312	0.00011	9.8e-05
63	0.01653	0.01003	0.00485	0.17535	0.01217	0.05442	0.00406	0.53476	0.02872	0.15119	0.00029	0.00187	0.00021	0.00014	0.00012	3.6e-05	0.00130	0.00011	0.00366	0.00018
64	0.00201	0.00260	0.00709	0.11215	0.06982	0.00656	0.02676	0.13315	0.08398	0.24542	0.24296	0.00522	0.03072	0.00246	0.00258	3.8e-05	0.00433	0.02065	0.00137	0.00016
65	0.00017	0.00012	0.00015	0.00015	0.00018	0.00011	0.00011	0.00740	0.02709	0.01182	0.50109	0.17036	0.24285	0.01324	0.00015	4.1e-05	6.2e-05	0.01450	0.01033	0.00011
66	0.00041	0.00031	0.00033	0.00026	0.00035	0.00034	0.00021	0.69862	0.27156	0.02296	0.00034	0.00033	0.00025	0.00305	0.00012	3.7e-05	0.00012	0.00011	0.00012	0.00020
67	0.01797	0.01725	0.01934	0.05555	0.07660	0.23810	0.00684	0.13623	0.00210	0.41819	0.00032	0.00031	0.00022	0.00014	0.00383	3.5e-05	0.00660	0.00010	0.00010	0.00018
68	0.00051	0.00021	0.00027	0.00021	0.00030	0.00238	0.00017	0.04776	0.02385	0.90947	0.00046	0.00564	0.00590	0.00015	0.00012	3.6e-05	0.00010	0.00012	0.00213	0.00020
69	0.00283	0.00264	0.02565	0.32195	0.50872	0.03401	0.03404	0.00236	0.02703	0.00164	0.00022	0.00030	0.00018	0.00012	0.00013	3.7e-05	0.03569	0.00224	5.8e-05	0.00016
70	0.00026	0.00021	0.00024	0.00018	0.00028	0.00016	0.00014	0.01313	0.00861	0.05230	0.02735	0.00345	0.00266	9.7e-05	9.1e-05	2e-05	8.7e-05	7.8e-05	7.7e-05	0.89057
71	0.00028	0.00169	0.08742	0.04497	0.83151	0.00173	0.01536	0.00036	0.00180	0.00816	0.00411	0.00167	0.00019	0.00011	0.00012	3.5e-05	0.00014	0.00010	5.8e-05	0.00018
72	0.02247	0.00013	0.00013	0.00013	0.00017	0.00011	9.9e-05	0.00020	0.02327	0.00037	0.27679	0.00103	0.67081	0.00027	0.00014	3.9e-05	6e-05	0.00356	0.00011	0.00011
73	0.11194	0.00610	0.00319	0.00021	0.00029	0.00019	0.00017	0.02933	0.00033	0.84635	0.00042	0.00037	0.00027	0.00014	0.00011	3.6e-05	0.00010	0.00011	0.00014	0.00019
74	0.01823	0.47134	0.04277	0.00023	0.00033	0.21244	0.00021	0.06008	0.00029	0.14526	0.00022	0.00024	0.00018	0.00011	9.3e-05	2.9e-05	0.00169	7.8e-05	7.2e-05	0.04612
75	0.00017	0.00013	0.00019	0.00019	0.00021	0.00015	0.00015	0.00021	0.00019	0.00027	0.00031	0.00046	0.00029	0.00087	0.97311	0.00019	0.02261	0.00013	6.3e-05	0.00011
76	0.00026	0.01637	0.07157	0.00324	0.00374	0.00022	0.00826	0.00429	0.00024	0.03736	0.00021	0.00026	0.00018	0.00012	0.00016	2.8e-05	0.22503	0.00652	6.7e-05	0.62188
77	0.00017	0.00011	0.00013	0.00013	0.00013	0.00011	7.1e-05	0.00017	0.00017	0.00023	0.00037	0.00077	0.00043	0.99586	0.00060	0.00011	0.00011	0.00017	7.1e-05	7.1e-05
78	0.00030	0.00025	0.00027	0.00024	0.00031	0.00029	0.00019	0.02289	0.97265	0.00050	0.00047	0.00044	0.00036	0.00016	0.00012	4e-05	9.4e-05	0.00013	0.00012	0.00019
79	0.00029	0.00025	0.00027	0.00024	0.00031	0.00029	0.00019	0.00063	0.99492	0.00049	0.00048	0.00044	0.00036	0.00016	0.00012	4e-05	9.3e-05	0.00013	0.00012	0.00019
80	0.00015	0.00011	0.00015	0.00683	0.02628	0.00010	0.00012	0.00018	0.00767	0.00031	0.00304	0.82215	0.10596	0.00035	0.00015	4.7e-05	7.1e-05	0.02613	0.00011	0.0001
81	0.00025	0.00622	0.06548	0.01536	0.05832	0.04743	0.02959	0.06386	0.14253	0.03309	0.29041	0.00054	0.06358	0.00876	0.04125	0.00099	0.13069	0.00141	9.7e-05	0.00014
82	0.00024	0.00021	0.00024	0.00017	0.00028	0.00016	0.00014	0.00030	0.00024	0.00038	0.00597	0.00025	0.00018	8.8e-05	8.7e-05	1.8e-05	8.7e-05	7.1e-05	7e-05	0.99082
83	0.01323	0.00045	0.00419	0.00031	0.02819	0.64083	0.08687	0.08364	0.00605	0.00310	0.06130	0.00029	0.01454	0.00014	0.00385	3.4e-05	0.04989	0.00165	0.00127	0.00014
84	0.00014	0.00010	0.00014	0.00016	0.00017	9.6e-05	0.00011	0.00017	0.00023	0.00030	0.00905	0.94493	0.03448	0.00369	0.00015	4.8e-05	6.8e-05	0.00318	0.00011	0.00268
85	0.98704	0.00023	0.00017	0.00016	0.00023	0.00026	0.00013	0.00999	0.00020	0.00053	0.00017	0.00019	0.00013	0.00011	7.3e-05	3.6e-05	9.1e-05	6.4e-05	7.3e-05	0.00013
86	0.00017	0.00013	0.00016	0.00016	0.00019	0.00012	0.00315	0.00617	0.01750	0.00043	0.70610	0.05568	0.09014	0.00740	0.00456	0.00213	6.5e-05	0.10379	0.00012	0.00184
87	0.00018	0.00012	0.00016	0.00015	0.00018	0.00011	0.00011	0.00379	0.00503	0.04144	0.82280	0.04079	0.06939	0.00165	0.00014	3.8e-05	5.9e-05	0.00970	0.00403	0.00011
88	0.01906	0.08477	0.09733	0.27072	0.11017	0.04047	0.08648	0.12357	0.02602	0.03579	0.00946	0.01185	0.01086	0.00539	0.02252	0.00134	0.02300	0.00538	0.00164	0.01421
89	0.00717	0.02231	0.00281	0.04025	0.03738	0.00934	0.00774	0.02132	0.10483	0.03880	0.21941	0.13650	0.09711	0.03044	0.11789	0.00223	0.03783	0.04900	0.00953	0.00811

[dist]
# distance from previous block
# <min> <max>
2	10

[block]
# block no. 5 follows, 2945 sequences, length 25
# corresponding to MSA columns:
# 498-516,518-523
name=unknown_F
#
# <colnr> <probs for GDERKNQSTAVLIFYWHMCP>
#	G	D	E	R	K	N	Q	S	T	A	V	L	I	F	Y	W	H	M	C	P
0	0.00912	0.10055	0.07849	0.27784	0.16621	0.06009	0.09719	0.04803	0.02956	0.02269	0.01116	0.01536	0.00553	0.02129	0.01155	4e-05	0.02817	0.00260	0.01119	0.00336
1	0.08690	0.05255	0.12091	0.09263	0.03097	0.03089	0.01577	0.48327	0.02526	0.01084	0.00025	0.00027	0.00018	0.00387	0.00331	3.6e-05	0.00852	9.7e-05	8.9e-05	0.03338
2	0.00017	0.00012	0.00014	0.00014	0.00014	0.00429	8.3e-05	0.00019	0.02969	0.00025	0.01981	0.05714	0.04285	0.77498	0.02213	0.01917	0.00011	0.01185	0.01667	8e-05
3	0.00020	0.00014	0.00017	0.00410	0.00020	0.00013	0.00401	0.01152	0.07584	0.05409	0.71523	0.02835	0.08383	0.00522	0.00884	3.9e-05	6.6e-05	0.00406	0.00383	0.00012
4	0.00017	0.00012	0.00015	0.00016	0.00019	0.00011	0.00013	0.00021	0.00511	0.01399	0.21440	0.15786	0.24271	0.05269	0.00017	0.00499	7.9e-05	0.30047	0.00617	0.00010
5	0.00052	0.00020	0.00027	0.00021	0.00030	0.00017	0.00017	0.01049	0.00885	0.95565	0.00884	0.00040	0.00030	0.00015	0.00012	3.6e-05	9.9e-05	0.00012	0.01291	0.00020
6	0.00031	0.99594	0.00062	0.00020	0.00030	0.00047	0.00020	0.00035	0.00024	0.00028	0.00016	0.00019	0.00015	0.00010	7.6e-05	2.5e-05	0.00013	6.3e-05	5e-05	0.00015
7	0.00014	0.00012	0.00013	0.00013	0.00017	0.00010	9.8e-05	0.00018	0.00853	0.00033	0.06400	0.16252	0.72774	0.00031	0.00014	4.1e-05	6.3e-05	0.03506	0.00011	0.00010
8	0.00025	0.00021	0.00024	0.00018	0.00028	0.00016	0.00014	0.00030	0.00025	0.02427	0.00022	0.00025	0.00018	8.9e-05	8.8e-05	1.8e-05	8.7e-05	7.1e-05	7.2e-05	0.97266
9	0.99670	0.00023	0.00017	0.00015	0.00023	0.00026	0.00013	0.00035	0.00020	0.00053	0.00016	0.00019	0.00013	0.00011	7.3e-05	3.6e-05	9.1e-05	6.4e-05	7.3e-05	0.00013
10	0.00014	0.00011	0.00013	0.00015	0.00017	9.7e-05	0.00010	0.00017	0.00024	0.00031	0.01894	0.73229	0.24602	0.00035	0.00015	4.6e-05	6.6e-05	0.00031	0.00011	9.7e-05
11	0.00014	0.00012	0.00012	0.00012	0.00016	0.00010	9.2e-05	0.00017	0.00027	0.00032	0.03077	0.00113	0.94563	0.00030	0.00014	4e-05	6e-05	0.02010	0.00011	0.0001
12	0.00589	0.00989	0.81577	0.00528	0.04338	0.01137	0.02737	0.01262	0.01481	0.03927	0.00023	0.00026	0.00016	0.00011	0.00011	3.7e-05	0.00017	9.1e-05	5.6e-05	0.01313
13	0.89158	0.03128	0.00020	0.00582	0.00598	0.04061	0.00563	0.00035	0.00021	0.00050	0.00017	0.00020	0.00013	0.00549	8.2e-05	3.6e-05	0.01147	6.6e-05	7.1e-05	0.00013
14	0.00052	0.00020	0.00027	0.00021	0.00030	0.00018	0.00017	0.01503	0.01381	0.96728	0.00046	0.00040	0.00029	0.00015	0.00012	3.6e-05	0.00010	0.00012	0.00014	0.00020
15	0.00636	0.00028	0.00034	0.00027	0.00033	0.01018	0.00022	0.46048	0.00039	0.19694	0.00028	0.00030	0.00020	0.00016	0.00020	0.00588	0.31076	0.00011	0.00615	0.00018
16	0.01597	0.08736	0.47211	0.01173	0.05678	0.01864	0.16088	0.01795	0.01229	0.02674	0.00351	0.06852	0.00418	0.00275	0.01030	3.9e-05	0.00975	0.01775	0.00258	0.00016
17	0.92112	0.02015	0.00019	0.00016	0.00024	0.05587	0.00013	0.00035	0.00021	0.00051	0.00016	0.00019	0.00013	0.00011	7.5e-05	3.6e-05	9.8e-05	6.4e-05	7.2e-05	0.00013
18	0.00030	0.00019	0.00476	0.09496	0.16720	0.00289	0.02960	0.00891	0.01130	0.27161	0.26151	0.02472	0.06621	0.02006	0.00399	4e-05	0.01854	0.00772	0.00534	0.00015
19	0.99670	0.00023	0.00017	0.00015	0.00023	0.00026	0.00013	0.00035	0.00020	0.00053	0.00016	0.00019	0.00013	0.00011	7.3e-05	3.6e-05	9.1e-05	6.4e-05	7.3e-05	0.00013
20	0.00015	0.00011	0.00014	0.00017	0.00018	9.9e-05	0.00895	0.00017	0.00023	0.00030	0.00928	0.90657	0.04915	0.00036	0.00015	4.7e-05	7e-05	0.02368	0.00011	9.7e-05
21	0.99670	0.00023	0.00017	0.00015	0.00023	0.00026	0.00013	0.00035	0.00020	0.00053	0.00016	0.00019	0.00013	0.00011	7.3e-05	3.6e-05	9.1e-05	6.4e-05	7.3e-05	0.00013
22	0.00022	0.11642	0.00027	0.00021	0.00024	0.01121	0.00398	0.01146	0.05482	0.00501	0.02350	0.17752	0.22325	0.05057	0.01660	4.9e-05	0.29679	0.00769	8.3e-05	0.00012
23	0.00027	0.10316	0.10734	0.31454	0.04331	0.00572	0.23746	0.04954	0.01647	0.03585	0.00879	0.03278	0.00439	0.00325	0.01471	4e-05	0.01856	0.00360	6.5e-05	0.00015
24	0.00017	0.00011	0.00013	0.00013	0.00013	0.00011	7.1e-05	0.00017	0.00017	0.00023	0.00037	0.00077	0.00043	0.99586	0.00060	0.00011	0.00011	0.00017	7.1e-05	7.1e-05

[dist]
# distance from previous block
# <min> <max>
0	1

[block]
# block no. 6 follows, 2945 sequences, length 17
# corresponding to MSA columns:
# 525-527,529-542
name=unknown_G
#
# <colnr> <probs for GDERKNQSTAVLIFYWHMCP>
#	G	D	E	R	K	N	Q	S	T	A	V	L	I	F	Y	W	H	M	C	P
0	0.00014	0.00010	0.00014	0.00016	0.00017	9.6e-05	0.00011	0.00016	0.00023	0.00030	0.00065	0.99579	0.00078	0.00037	0.00015	4.8e-05	6.8e-05	0.00033	0.00011	9.6e-05
1	0.07969	0.00024	0.00039	0.48205	0.39160	0.00027	0.00032	0.01319	0.00965	0.01270	0.00022	0.00030	0.00017	0.00011	0.00012	3.7e-05	0.00865	0.00010	5.9e-05	0.00015
2	0.00026	0.00026	0.00036	0.00031	0.00031	0.00036	0.00026	0.00028	0.00018	0.00028	0.00015	0.00026	0.00015	0.00021	0.00039	5.1e-05	0.99565	0.00010	5.1e-05	0.00013
3	0.00015	0.00012	0.00014	0.00014	0.00017	0.00011	0.00010	0.00019	0.02046	0.00035	0.23300	0.25176	0.48042	0.00030	0.00014	4.1e-05	6.2e-05	0.01213	0.00011	0.00010
4	0.00577	0.00863	0.73667	0.00032	0.00601	0.00027	0.04691	0.05597	0.02677	0.06208	0.00850	0.00499	0.00611	0.02484	0.00013	3.9e-05	0.00565	9.9e-05	6.4e-05	0.00017
5	0.00022	0.00021	0.00036	0.94363	0.02803	0.00026	0.00033	0.00030	0.00023	0.00030	0.00021	0.00031	0.00016	0.00012	0.00012	3.9e-05	0.02487	0.00010	5.2e-05	0.00013
6	0.00029	0.00024	0.00023	0.00021	0.00027	0.07138	0.00016	0.03902	0.57036	0.02483	0.03381	0.00044	0.00035	0.00015	0.00011	3.6e-05	9.3e-05	0.00873	0.24912	0.00016
7	0.04524	0.00577	0.01454	0.50271	0.23301	0.01237	0.02073	0.07329	0.00717	0.03924	0.00408	0.00810	0.00018	0.00471	0.00502	3.9e-05	0.01415	0.00011	0.00554	0.00401
8	0.03818	0.00013	0.00016	0.00845	0.00019	0.00466	0.00475	0.00692	0.02513	0.05375	0.41093	0.22736	0.11928	0.03228	0.01543	4.5e-05	0.00517	0.02694	0.02012	0.00011
9	0.00015	0.00011	0.00014	0.00016	0.00017	0.01074	0.00011	0.00017	0.00024	0.00031	0.03179	0.75393	0.16922	0.01459	0.00015	4.7e-05	6.9e-05	0.01769	0.00011	9.7e-05
10	0.00017	0.00011	0.00015	0.00016	0.00018	0.00010	0.00011	0.00020	0.00025	0.05375	0.14247	0.61676	0.13232	0.01410	0.00015	0.00791	6.8e-05	0.01769	0.01324	0.00010
11	0.00024	0.00022	0.00031	0.00027	0.00027	0.00738	0.01121	0.00026	0.00019	0.00028	0.00948	0.02263	0.01406	0.16438	0.04515	6.7e-05	0.71668	0.00677	5.9e-05	0.00012
12	0.00016	0.00012	0.00772	0.00016	0.00018	0.00011	0.00012	0.00020	0.00917	0.01156	0.31211	0.41260	0.12791	0.00913	0.00015	4.4e-05	6.9e-05	0.10826	0.00012	0.00010
