[name]
unknown

[dist]
# distance from previous block
# <min> <max>
0	99

[block]
# block no. 0 follows, 2585 sequences, length 19
# corresponding to MSA columns:
# 325-343
name=unknown_A
#
# <colnr> <probs for GDERKNQSTAVLIFYWHMCP>
#	G	D	E	R	K	N	Q	S	T	A	V	L	I	F	Y	W	H	M	C	P
0	0.00023	0.00015	0.00019	0.00019	0.00022	0.00015	0.00014	0.00752	0.00650	0.10263	0.08170	0.19543	0.34303	0.00969	0.12856	0.00741	0.03353	0.07590	0.00671	0.00013
1	0.01250	0.06622	0.20073	0.06094	0.09722	0.05081	0.06426	0.02671	0.04311	0.17372	0.01327	0.11364	0.02464	0.00460	0.00962	4.5e-05	0.01382	0.01694	0.00300	0.00421
2	0.00448	0.03234	0.35707	0.10391	0.07384	0.03100	0.10738	0.04044	0.03026	0.10305	0.00526	0.01929	0.00653	0.01077	0.00830	0.03755	0.01211	0.00593	0.00291	0.00758
3	0.00018	0.00013	0.00018	0.02426	0.02551	0.01101	0.00572	0.00021	0.00026	0.01297	0.00552	0.87570	0.00989	0.00587	0.00828	0.00444	0.00510	0.00453	0.00012	0.00011
4	0.00529	0.00378	0.01082	0.40851	0.06141	0.01072	0.04149	0.03125	0.04560	0.12532	0.11198	0.00712	0.08515	0.00018	0.00459	4.4e-05	0.01593	0.00015	0.03050	0.00016
5	0.00677	0.11436	0.19820	0.06091	0.16231	0.03425	0.09213	0.02747	0.06613	0.16043	0.00597	0.03172	0.01044	0.00015	0.00470	0.00314	0.01095	0.00013	0.00410	0.00575
6	0.00355	0.03012	0.28904	0.02745	0.06933	0.00685	0.14031	0.01458	0.09740	0.02849	0.02116	0.17911	0.03776	0.00524	0.03444	5.1e-05	0.00333	0.00838	0.00324	0.00017
7	0.00017	0.00013	0.00015	0.00017	0.00019	0.00011	0.00012	0.00020	0.00028	0.02154	0.02927	0.61633	0.31855	0.00038	0.00017	5.1e-05	7.5e-05	0.01186	0.00013	0.00011
8	0.01238	0.06079	0.15477	0.11243	0.04091	0.28541	0.04612	0.01617	0.02864	0.14001	0.00947	0.01406	0.02058	0.00015	0.00014	0.00603	0.04422	0.00360	8.4e-05	0.00402
9	0.01329	0.02538	0.12131	0.18194	0.12297	0.02115	0.15941	0.02181	0.04349	0.04168	0.00887	0.02730	0.00406	0.00843	0.08397	6e-05	0.10434	0.00449	0.00590	0.00017
10	0.00030	0.01085	0.00475	0.00028	0.00030	0.02243	0.00893	0.00492	0.00486	0.11788	0.00030	0.03728	0.00028	0.01419	0.21820	0.12198	0.41614	0.01112	0.00490	0.00014
11	0.05847	0.16899	0.06636	0.03017	0.00634	0.33159	0.00600	0.14394	0.00536	0.14740	0.00029	0.00427	0.00417	0.00015	0.00012	3.7e-05	0.00017	0.02199	0.00401	0.00018
12	0.00513	0.04178	0.03568	0.10314	0.05357	0.02043	0.02440	0.00490	0.01949	0.02674	0.04406	0.01980	0.02318	0.00864	0.41145	0.00719	0.14557	0.00462	7.7e-05	0.00014
13	0.00035	0.02085	0.14691	0.15502	0.02229	0.03771	0.08564	0.02603	0.00031	0.22618	0.00040	0.17270	0.00035	0.00395	0.01052	0.00385	0.07233	0.00533	0.00910	0.00017
14	0.00019	0.00014	0.00022	0.00022	0.00024	0.00017	0.00017	0.00024	0.00022	0.00031	0.00036	0.00053	0.00033	0.00100	0.99476	0.00022	0.00036	0.00014	7.2e-05	0.00012
15	0.00022	0.00018	0.00025	0.00024	0.00026	0.02168	0.00019	0.00026	0.00022	0.00031	0.00032	0.00049	0.00031	0.02369	0.77277	0.00018	0.17810	0.00014	7e-05	0.00012
16	0.03196	0.02012	0.07384	0.02242	0.00438	0.07005	0.06318	0.01554	0.12475	0.03827	0.48943	0.01068	0.02428	0.00022	0.00014	4.2e-05	0.00011	0.00397	0.00647	0.00016
17	0.00026	0.06356	0.11337	0.00625	0.11009	0.05178	0.08724	0.01526	0.00524	0.01719	0.00439	0.43511	0.01415	0.00833	0.01343	5e-05	0.01419	0.03986	9.7e-05	0.00015
18	0.01008	0.84132	0.01058	0.00024	0.00035	0.05160	0.00560	0.01419	0.00028	0.03270	0.00021	0.00024	0.00575	0.00013	0.00591	3.2e-05	0.02047	7.8e-05	6.3e-05	0.00017

[dist]
# distance from previous block
# <min> <max>
1	4

[block]
# block no. 1 follows, 2585 sequences, length 26
# corresponding to MSA columns:
# 351-374,382,383
name=unknown_B
#
# <colnr> <probs for GDERKNQSTAVLIFYWHMCP>
#	G	D	E	R	K	N	Q	S	T	A	V	L	I	F	Y	W	H	M	C	P
0	0.00538	0.00025	0.00029	0.00811	0.00033	0.00670	0.00017	0.04498	0.00619	0.01564	0.00025	0.00029	0.00522	0.00011	0.00010	2.2e-05	0.00505	8.4e-05	8.3e-05	0.90076
1	0.00030	0.02627	0.24974	0.00916	0.02567	0.00425	0.03148	0.16807	0.16361	0.01443	0.06415	0.10112	0.12023	0.00607	0.00014	4.4e-05	0.00013	0.01107	0.00388	0.00018
2	0.00019	0.00014	0.00017	0.00017	0.00480	0.00013	0.00012	0.00515	0.00837	0.04216	0.33370	0.07920	0.46857	0.00603	0.00016	4.6e-05	7.3e-05	0.05056	0.00013	0.00012
3	0.00762	0.03135	0.10258	0.00029	0.00040	0.00995	0.00444	0.48270	0.13059	0.01995	0.00033	0.01653	0.00025	0.00015	0.00013	3.7e-05	0.00805	0.00012	0.00011	0.18442
4	0.00036	0.99537	0.00070	0.00023	0.00034	0.00053	0.00023	0.00040	0.00027	0.00032	0.00019	0.00021	0.00017	0.00011	8.6e-05	2.9e-05	0.00014	7.2e-05	5.7e-05	0.00017
5	0.03665	0.02762	0.06308	0.01062	0.05165	0.01984	0.03275	0.11512	0.00969	0.41961	0.01632	0.01204	0.00730	0.04178	0.11188	0.00301	0.01198	0.00373	0.00012	0.00522
6	0.00401	0.11685	0.62972	0.00353	0.00743	0.00332	0.03041	0.00583	0.01665	0.04025	0.11325	0.00520	0.01689	0.00015	0.00304	4.1e-05	0.00305	0.00012	7.5e-05	0.00019
7	0.00019	0.00014	0.00021	0.00021	0.00023	0.00016	0.00016	0.00023	0.00021	0.00030	0.00036	0.00057	0.00035	0.12590	0.85459	0.01552	0.00033	0.00015	7.3e-05	0.00011
8	0.00036	0.97513	0.00070	0.00023	0.00035	0.02076	0.00023	0.00040	0.00027	0.00032	0.00019	0.00022	0.00017	0.00012	8.7e-05	2.9e-05	0.00015	7.2e-05	5.8e-05	0.00017
9	0.01016	0.01416	0.06673	0.26060	0.13871	0.00845	0.12456	0.01817	0.01366	0.20018	0.03043	0.03423	0.01928	0.00472	0.00015	0.00285	0.01272	0.03719	0.00287	0.00018
10	0.00021	0.00785	0.00630	0.00584	0.08407	0.00756	0.00575	0.00580	0.00907	0.03631	0.01524	0.72860	0.01564	0.00552	0.01146	5.4e-05	0.00630	0.04431	0.00398	0.00013
11	0.00021	0.00017	0.01555	0.06389	0.05254	0.00382	0.00666	0.00600	0.00458	0.00857	0.01866	0.12432	0.02651	0.14885	0.30626	0.00011	0.00020	0.21288	9.4e-05	0.00012
12	0.00495	0.05661	0.02631	0.39670	0.11458	0.05775	0.14816	0.00612	0.00390	0.05039	0.00655	0.01947	0.00340	0.00285	0.01183	0.00225	0.07919	0.00594	0.00287	0.00017
13	0.00273	0.01876	0.58014	0.18160	0.03594	0.00569	0.09109	0.00765	0.01326	0.01614	0.00027	0.02808	0.00290	0.00321	0.00320	0.00274	0.00299	0.00012	0.00331	0.00018
14	0.00020	0.00016	0.00018	0.00020	0.00022	0.08534	0.00014	0.00505	0.00027	0.00629	0.02926	0.82076	0.00912	0.00682	0.02107	5.6e-05	9.8e-05	0.00469	0.00996	0.00011
15	0.00315	0.02632	0.10218	0.07613	0.14080	0.01459	0.17540	0.01064	0.01977	0.03840	0.12461	0.13243	0.11267	0.00021	0.00267	4.5e-05	0.00438	0.01241	0.00306	0.00016
16	0.02339	0.09691	0.21582	0.04143	0.08518	0.03531	0.07311	0.04932	0.02434	0.29894	0.01422	0.01399	0.00441	0.00425	0.00323	0.00247	0.00641	0.00697	0.00010	0.00020
17	0.00017	0.00013	0.00438	0.00379	0.00020	0.00012	0.00013	0.00020	0.01521	0.00481	0.00789	0.67167	0.19762	0.03082	0.05059	0.00397	9.3e-05	0.00800	0.00012	0.00011
18	0.00027	0.00067	0.94152	0.00038	0.00057	0.00698	0.01203	0.00042	0.00028	0.01061	0.01277	0.00030	0.00019	0.00013	0.00013	0.01220	0.00020	0.00010	5.9e-05	0.00020
19	0.01508	0.03745	0.17096	0.04664	0.15265	0.02460	0.09679	0.04988	0.07880	0.26623	0.00998	0.01549	0.01056	0.00363	0.00335	0.00404	0.00873	0.00483	0.00010	0.00020
20	0.00358	0.02756	0.25796	0.11390	0.11922	0.02406	0.18408	0.02227	0.03379	0.15858	0.00451	0.02344	0.00296	0.00413	0.00014	4.3e-05	0.01166	0.00784	8.5e-05	0.00019
21	0.00028	0.00922	0.00706	0.00913	0.00029	0.13073	0.01233	0.01124	0.04482	0.00424	0.00031	0.01321	0.00403	0.22206	0.22669	0.00965	0.28885	0.00014	0.00262	0.00308
22	0.05568	0.00025	0.00549	0.00425	0.02909	0.00941	0.00471	0.01339	0.00536	0.01123	0.00024	0.00028	0.00020	0.00010	0.00010	2.3e-05	0.00010	8.2e-05	8.1e-05	0.85993
23	0.01605	0.16038	0.46410	0.02018	0.01282	0.03687	0.08540	0.02946	0.02541	0.03083	0.01061	0.01482	0.01773	0.00634	0.02824	4.6e-05	0.03545	0.00257	0.00252	0.00018
24	0.00387	0.00979	0.02368	0.00942	0.00773	0.00485	0.01007	0.01075	0.00601	0.01226	0.04647	0.55074	0.04277	0.09796	0.06648	0.07163	0.00680	0.00873	0.00691	0.00306
25	0.00024	0.01444	0.00837	0.05115	0.11784	0.01280	0.02548	0.01384	0.00802	0.07002	0.20711	0.11628	0.27990	0.02392	0.01291	4.8e-05	0.00482	0.01737	0.00723	0.00821

[dist]
# distance from previous block
# <min> <max>
0	20

[block]
# block no. 2 follows, 2585 sequences, length 10
# corresponding to MSA columns:
# 404,405,407-409,414,415,417-419
name=unknown_C
#
# <colnr> <probs for GDERKNQSTAVLIFYWHMCP>
#	G	D	E	R	K	N	Q	S	T	A	V	L	I	F	Y	W	H	M	C	P
0	0.01247	0.03009	0.12537	0.00767	0.08038	0.01013	0.01139	0.05833	0.04838	0.20158	0.00978	0.02420	0.02574	0.00587	0.02025	3.9e-05	0.00574	0.00688	0.00010	0.31560
1	0.04079	0.53692	0.03338	0.00025	0.00034	0.08591	0.01002	0.07298	0.03953	0.05636	0.00896	0.00756	0.00781	0.03355	0.01671	0.03607	0.01253	9.8e-05	7.7e-05	0.00017
2	0.02194	0.02166	0.02402	0.00030	0.00040	0.00039	0.00025	0.78406	0.08863	0.01860	0.00033	0.00033	0.00024	0.00016	0.00013	4e-05	0.00014	0.00012	0.00013	0.03813
3	0.00029	0.00023	0.01095	0.03000	0.00033	0.00019	0.01287	0.00948	0.00029	0.06346	0.02172	0.03316	0.03698	0.00014	0.01352	2.8e-05	0.01096	0.00011	8.9e-05	0.75520
4	0.00036	0.00029	0.00032	0.01897	0.01952	0.01519	0.00022	0.23245	0.57576	0.02377	0.02275	0.05369	0.03572	0.00019	0.00014	4.4e-05	0.00012	0.00016	0.00013	0.00020
5	0.01607	0.09886	0.05825	0.06635	0.06070	0.04015	0.40714	0.00773	0.01644	0.05862	0.03394	0.02498	0.01174	0.00593	0.00682	4.5e-05	0.03591	0.03855	0.01161	0.00017
6	0.02231	0.00027	0.00939	0.51326	0.15824	0.00998	0.06847	0.04281	0.05356	0.04013	0.02101	0.00810	0.01137	0.00016	0.01544	4.6e-05	0.01818	0.00703	7.7e-05	0.00017
7	0.00020	0.00014	0.00018	0.00017	0.00020	0.00013	0.00013	0.00026	0.01779	0.01808	0.82869	0.03831	0.07802	0.00028	0.00016	4.3e-05	6.7e-05	0.01688	0.00014	0.00013
8	0.87634	0.00026	0.00021	0.00019	0.00027	0.01243	0.01726	0.01666	0.00024	0.02849	0.00022	0.01143	0.01284	0.00013	8.9e-05	4.1e-05	0.00011	8.4e-05	0.01127	0.01142
9	0.33552	0.08011	0.04806	0.00645	0.00650	0.00946	0.00603	0.05110	0.01105	0.35831	0.00624	0.00795	0.00612	0.02338	0.00698	4.4e-05	0.01082	0.00629	0.00011	0.01948

[dist]
# distance from previous block
# <min> <max>
3	9

[block]
# block no. 3 follows, 2585 sequences, length 17
# corresponding to MSA columns:
# 473-489
name=unknown_D
#
# <colnr> <probs for GDERKNQSTAVLIFYWHMCP>
#	G	D	E	R	K	N	Q	S	T	A	V	L	I	F	Y	W	H	M	C	P
0	0.08279	0.18535	0.19965	0.01306	0.09873	0.04340	0.01476	0.16308	0.05258	0.07329	0.00738	0.00652	0.00409	0.00014	0.00012	3.8e-05	0.00472	0.00460	8.8e-05	0.04561
1	0.28262	0.05544	0.11527	0.01797	0.12590	0.04118	0.06727	0.07446	0.03069	0.11941	0.01845	0.00420	0.01052	0.00587	0.00458	4.2e-05	0.01005	0.00477	9.1e-05	0.01122
2	0.01995	0.00013	0.00015	0.00016	0.00016	0.00014	9.2e-05	0.01521	0.00021	0.00029	0.01078	0.12596	0.00053	0.81452	0.01108	0.00012	0.00012	0.00021	8.8e-05	8.9e-05
3	0.04776	0.04138	0.22306	0.03706	0.07759	0.06416	0.03330	0.05870	0.10314	0.14564	0.04664	0.01391	0.00872	0.00404	0.00013	4e-05	0.00727	0.00764	9.7e-05	0.07970
4	0.00033	0.00032	0.03286	0.01451	0.48208	0.00630	0.11458	0.07594	0.09383	0.02353	0.01653	0.02074	0.01092	0.00015	0.00975	4.2e-05	0.01072	0.00013	8.4e-05	0.08666
5	0.00022	0.00017	0.00433	0.01312	0.02888	0.02329	0.01307	0.01303	0.00725	0.02537	0.64444	0.01107	0.08343	0.02097	0.05589	5.5e-05	0.05044	0.00022	0.00462	0.00013
6	0.00031	0.00559	0.08601	0.21377	0.05665	0.01980	0.05930	0.04774	0.17029	0.07945	0.09195	0.00756	0.02978	0.01454	0.00868	4.5e-05	0.03621	0.00399	9.8e-05	0.06823
7	0.00029	0.00029	0.00040	0.01550	0.00035	0.00040	0.00029	0.00032	0.00021	0.00032	0.00019	0.00031	0.00018	0.01615	0.02565	6.4e-05	0.93877	0.00012	5.9e-05	0.00014
8	0.01138	0.06564	0.16109	0.11087	0.08677	0.03292	0.04695	0.06889	0.05257	0.12766	0.02988	0.10123	0.02509	0.00018	0.00376	4.2e-05	0.00673	0.00697	9.6e-05	0.06128
9	0.00893	0.00413	0.02940	0.06648	0.05412	0.00960	0.04134	0.05325	0.09723	0.05032	0.26201	0.04258	0.12130	0.02190	0.07933	0.00471	0.02371	0.02612	0.00011	0.00343
10	0.00682	0.00025	0.00666	0.15396	0.05807	0.00766	0.02659	0.00880	0.00790	0.02389	0.00703	0.00521	0.00021	0.00011	0.00011	2.7e-05	0.00012	0.00495	7.9e-05	0.68155
11	0.00021	0.00015	0.00022	0.00025	0.02035	0.00015	0.01020	0.00027	0.01060	0.00039	0.00071	0.17117	0.01069	0.00037	0.00018	5.9e-05	0.00012	0.77366	0.00012	0.00012
12	0.00590	0.00014	0.01320	0.00624	0.00022	0.00013	0.01095	0.00022	0.01316	0.00704	0.00569	0.62675	0.00666	0.01328	0.17437	0.08267	0.00014	0.03301	0.00011	0.00011
13	0.03243	0.00037	0.00040	0.00030	0.00041	0.00041	0.00025	0.96215	0.00062	0.00084	0.00032	0.00032	0.00023	0.00016	0.00013	4e-05	0.00015	0.00012	0.00013	0.00023
14	0.00017	0.00013	0.00017	0.00019	0.00021	0.00012	0.02210	0.00020	0.00026	0.00035	0.00078	0.84582	0.08378	0.00040	0.00017	5.4e-05	8.2e-05	0.04479	0.00012	0.00011
15	0.17072	0.36896	0.07885	0.02727	0.01548	0.03932	0.06813	0.09669	0.00947	0.10375	0.00540	0.00586	0.00020	0.00013	0.00011	3.7e-05	0.00924	9.7e-05	8.3e-05	0.00018
16	0.00045	0.20471	0.00045	0.00035	0.06202	0.66285	0.00026	0.00908	0.03990	0.00984	0.00022	0.00026	0.00019	0.00014	0.00012	3.4e-05	0.00881	8.9e-05	7.1e-05	0.00017

[dist]
# distance from previous block
# <min> <max>
2	20

[block]
# block no. 4 follows, 2585 sequences, length 9
# corresponding to MSA columns:
# 528,529,531-537
name=unknown_E
#
# <colnr> <probs for GDERKNQSTAVLIFYWHMCP>
#	G	D	E	R	K	N	Q	S	T	A	V	L	I	F	Y	W	H	M	C	P
0	0.00019	0.00013	0.00017	0.00018	0.00020	0.00012	0.00013	0.00023	0.01404	0.03134	0.20423	0.48197	0.09639	0.09312	0.02418	0.02425	8.9e-05	0.02882	0.00012	0.00011
1	0.01683	0.08186	0.09634	0.14755	0.06128	0.04102	0.07645	0.02331	0.06445	0.10459	0.03192	0.11360	0.03850	0.02769	0.02079	0.00707	0.01666	0.01760	0.00644	0.00605
2	0.03269	0.23034	0.18264	0.01760	0.05769	0.02954	0.01815	0.03324	0.02000	0.32386	0.01033	0.01158	0.00756	0.00015	0.00742	4e-05	0.00921	0.00766	0.00010	0.00020
3	0.00021	0.00013	0.00016	0.02417	0.00018	0.00013	0.00010	0.00020	0.00020	0.01783	0.00039	0.00075	0.01781	0.65499	0.01775	0.24715	0.00013	0.01754	7.8e-05	8.2e-05
4	0.01744	0.25342	0.05422	0.00748	0.00671	0.07499	0.01804	0.01079	0.01136	0.04914	0.16704	0.08506	0.05686	0.01944	0.04572	0.00679	0.05569	0.03069	0.02895	0.00015
5	0.01992	0.07036	0.16406	0.14139	0.15256	0.06340	0.10735	0.05592	0.02359	0.11239	0.01907	0.01924	0.00882	0.00674	0.00639	4.3e-05	0.01488	0.00641	0.00729	0.00018
6	0.02468	0.01266	0.02718	0.77340	0.05034	0.01798	0.02274	0.02550	0.01277	0.01002	0.01130	0.00036	0.00020	0.00014	0.00014	4.4e-05	0.01021	0.00012	6.6e-05	0.00016
7	0.01270	0.00019	0.02421	0.00019	0.00024	0.03528	0.01184	0.00924	0.07415	0.04629	0.35040	0.07607	0.22949	0.00900	0.00017	0.04303	9e-05	0.06077	0.01650	0.00013
8	0.01770	0.03333	0.09821	0.24011	0.09815	0.01579	0.15198	0.02732	0.04632	0.04004	0.02529	0.06978	0.02389	0.01974	0.02900	0.00691	0.02346	0.00741	0.01908	0.00648

[dist]
# distance from previous block
# <min> <max>
3	99

[block]
# block no. 5 follows, 2585 sequences, length 18
# corresponding to MSA columns:
# 655-660,663-674
name=unknown_F
#
# <colnr> <probs for GDERKNQSTAVLIFYWHMCP>
#	G	D	E	R	K	N	Q	S	T	A	V	L	I	F	Y	W	H	M	C	P
0	0.01925	0.05825	0.28961	0.05931	0.04093	0.02180	0.03864	0.10137	0.10322	0.15108	0.02790	0.01391	0.01606	0.00335	0.00454	4.2e-05	0.00687	0.00349	0.00667	0.03372
1	0.00020	0.00014	0.00019	0.00019	0.00021	0.00015	0.00014	0.00600	0.00022	0.00625	0.01673	0.03221	0.05278	0.25301	0.56812	0.03382	0.00025	0.02211	0.00715	0.00011
2	0.00028	0.02612	0.01878	0.00020	0.00025	0.03427	0.00016	0.05212	0.14123	0.07368	0.31198	0.02255	0.07923	0.04022	0.01230	0.02607	0.00447	0.02525	0.13068	0.00015
3	0.01824	0.00015	0.00018	0.00017	0.00021	0.00015	0.00013	0.01017	0.01815	0.17114	0.23169	0.05523	0.03934	0.00633	0.00013	3.9e-05	7.6e-05	0.01933	0.42900	0.00014
4	0.00028	0.03174	0.87126	0.00037	0.00056	0.00032	0.01136	0.03279	0.03692	0.00044	0.01262	0.00030	0.00019	0.00013	0.00013	4.2e-05	0.00019	0.00010	6.3e-05	0.00020
5	0.00023	0.00777	0.00686	0.00421	0.03283	0.00418	0.01514	0.00027	0.00477	0.00475	0.00816	0.43822	0.00786	0.02610	0.02740	4.7e-05	0.02114	0.01708	0.00609	0.36690
6	0.00033	0.00032	0.00054	0.00082	0.99446	0.00032	0.00041	0.00041	0.00030	0.00044	0.00025	0.00033	0.00021	0.00012	0.00013	4e-05	0.00016	0.00012	6.6e-05	0.00021
7	0.00017	0.00013	0.00015	0.00016	0.00018	0.00012	0.00011	0.00020	0.00027	0.00034	0.02025	0.22101	0.43817	0.21215	0.06269	7.7e-05	0.00010	0.04349	0.00011	0.00011
8	0.00036	0.99537	0.00070	0.00023	0.00034	0.00053	0.00023	0.00040	0.00027	0.00032	0.00019	0.00021	0.00017	0.00011	8.6e-05	2.9e-05	0.00014	7.2e-05	5.7e-05	0.00017
9	0.99624	0.00026	0.00020	0.00018	0.00026	0.00030	0.00015	0.00039	0.00023	0.00060	0.00019	0.00022	0.00015	0.00012	8.3e-05	4.1e-05	0.00010	7.3e-05	8.3e-05	0.00015
10	0.00842	0.00015	0.00018	0.00020	0.00022	0.02361	0.00014	0.03184	0.02397	0.06647	0.08529	0.70550	0.05277	0.00036	0.00016	5.1e-05	8.5e-05	0.00032	0.00013	0.00013
11	0.02059	0.00029	0.00034	0.00027	0.00037	0.00030	0.00022	0.39930	0.08761	0.48861	0.00044	0.00040	0.00029	0.00016	0.00013	4.1e-05	0.00013	0.00013	0.00015	0.00022
12	0.00869	0.00014	0.00016	0.00017	0.00020	0.00012	0.00012	0.00023	0.00710	0.02307	0.33459	0.20987	0.32342	0.01757	0.00017	4.8e-05	7.3e-05	0.04156	0.03257	0.00012
13	0.01639	0.00985	0.04261	0.00030	0.00040	0.17673	0.00025	0.56367	0.01144	0.13518	0.02507	0.00607	0.00589	0.00016	0.00013	4e-05	0.00016	0.00012	0.00535	0.00021
14	0.00018	0.00012	0.00016	0.00018	0.00020	0.00011	0.00012	0.00021	0.00027	0.03210	0.02763	0.77426	0.13340	0.00039	0.00017	5.2e-05	7.8e-05	0.01356	0.01668	0.00011
15	0.00026	0.00501	0.02947	0.21841	0.03821	0.00735	0.01524	0.03194	0.25097	0.00475	0.07530	0.15983	0.08969	0.00764	0.01252	0.01855	0.02209	0.00834	0.00427	0.00016
16	0.00019	0.00014	0.00021	0.00021	0.00024	0.00017	0.00016	0.00024	0.00021	0.00031	0.00036	0.00053	0.00034	0.02335	0.95365	0.01901	0.00035	0.00014	7.2e-05	0.00012
17	0.00029	0.04189	0.62321	0.06537	0.04416	0.03220	0.08994	0.00532	0.01246	0.01051	0.04530	0.00782	0.00756	0.00014	0.00014	4.2e-05	0.01330	0.00012	6.6e-05	0.00019

[dist]
# distance from previous block
# <min> <max>
2	17

[block]
# block no. 6 follows, 2585 sequences, length 13
# corresponding to MSA columns:
# 699-708,710,711,718
name=unknown_G
#
# <colnr> <probs for GDERKNQSTAVLIFYWHMCP>
#	G	D	E	R	K	N	Q	S	T	A	V	L	I	F	Y	W	H	M	C	P
0	0.00509	0.00675	0.07847	0.14376	0.14427	0.01464	0.05486	0.01353	0.01449	0.01686	0.19893	0.06984	0.13958	0.01249	0.03402	5.1e-05	0.01060	0.03704	0.00458	0.00015
1	0.00017	0.00012	0.00016	0.00018	0.00019	0.00012	0.00012	0.00019	0.00025	0.00033	0.00067	0.72766	0.01716	0.18536	0.04490	7.6e-05	0.00010	0.02203	0.00011	0.00010
2	0.00024	0.01053	0.05108	0.01079	0.05919	0.00599	0.02743	0.01244	0.08038	0.04699	0.54855	0.02176	0.07936	0.01122	0.00510	4.5e-05	0.00628	0.02234	0.00013	0.00015
3	0.00879	0.00028	0.01009	0.30494	0.04498	0.00919	0.29427	0.06411	0.04213	0.02523	0.05708	0.03739	0.01694	0.00515	0.01388	0.00738	0.01463	0.00994	0.03342	0.00017
4	0.33816	0.00024	0.00027	0.00022	0.00031	0.00024	0.00018	0.02094	0.00034	0.61784	0.01973	0.00038	0.00028	0.00015	0.00012	4.1e-05	0.00011	0.00012	0.00014	0.00020
5	0.01163	0.00022	0.00925	0.00023	0.00031	0.00020	0.00018	0.07812	0.04787	0.56339	0.14834	0.09164	0.02880	0.00021	0.00014	4.3e-05	0.00010	0.01046	0.00866	0.00019
6	0.00034	0.00029	0.00031	0.00027	0.00035	0.00034	0.00021	0.06238	0.93253	0.00058	0.00053	0.00049	0.00040	0.00018	0.00014	4.5e-05	0.00011	0.00015	0.00014	0.00021
7	0.00025	0.00024	0.00040	0.99497	0.00092	0.00030	0.00037	0.00034	0.00027	0.00034	0.00024	0.00036	0.00018	0.00013	0.00013	4.5e-05	0.00018	0.00012	6e-05	0.00015
8	0.99624	0.00026	0.00020	0.00018	0.00026	0.00030	0.00015	0.00039	0.00023	0.00060	0.00019	0.00022	0.00015	0.00012	8.3e-05	4.1e-05	0.00010	7.3e-05	8.3e-05	0.00015
9	0.00039	0.75270	0.00062	0.00025	0.00036	0.19529	0.00024	0.02019	0.02829	0.00034	0.00020	0.00023	0.00018	0.00012	9.5e-05	3e-05	0.00016	7.8e-05	6.3e-05	0.00017
10	0.94358	0.00026	0.00021	0.00018	0.00027	0.00030	0.00015	0.02700	0.00024	0.02657	0.00020	0.00023	0.00015	0.00013	8.6e-05	4.1e-05	0.00011	7.5e-05	8.6e-05	0.00015
11	0.00515	0.00570	0.14201	0.04327	0.02540	0.02210	0.04039	0.07021	0.21189	0.06068	0.12766	0.05150	0.06359	0.07511	0.03842	5.7e-05	0.00724	0.00933	0.00011	0.00017
12	0.00026	0.00467	0.05808	0.02441	0.06384	0.01698	0.06513	0.01192	0.25840	0.00969	0.25560	0.00825	0.18342	0.00548	0.00714	0.00566	0.00541	0.01098	0.00453	0.00016

[dist]
# distance from previous block
# <min> <max>
0	1

[block]
# block no. 7 follows, 2585 sequences, length 12
# corresponding to MSA columns:
# 720-728,733-735
name=unknown_H
#
# <colnr> <probs for GDERKNQSTAVLIFYWHMCP>
#	G	D	E	R	K	N	Q	S	T	A	V	L	I	F	Y	W	H	M	C	P
0	0.99624	0.00026	0.00020	0.00018	0.00026	0.00030	0.00015	0.00039	0.00023	0.00060	0.00019	0.00022	0.00015	0.00012	8.3e-05	4.1e-05	0.00010	7.3e-05	8.3e-05	0.00015
1	0.00028	0.12635	0.86904	0.00036	0.00055	0.00034	0.00046	0.00042	0.00028	0.00041	0.00023	0.00027	0.00017	0.00013	0.00012	4.1e-05	0.00019	9.6e-05	5.7e-05	0.00019
2	0.01975	0.57811	0.06169	0.00680	0.00894	0.17913	0.01837	0.01861	0.00030	0.00950	0.02318	0.05668	0.01106	0.00015	0.00011	3.4e-05	0.00016	0.00719	7e-05	0.00017
3	0.00018	0.00014	0.00016	0.00016	0.00019	0.00012	0.00012	0.00023	0.00034	0.00046	0.56464	0.00111	0.38921	0.00031	0.00017	0.02096	6.7e-05	0.02118	0.00014	0.00012
4	0.00034	0.00029	0.00031	0.01096	0.01402	0.01096	0.00021	0.06846	0.83062	0.00056	0.00054	0.03757	0.01324	0.01114	0.00014	4.6e-05	0.00011	0.00016	0.00013	0.00021
5	0.00902	0.04245	0.17967	0.04733	0.01644	0.03544	0.08127	0.05805	0.03281	0.28702	0.03057	0.02617	0.00665	0.01062	0.00016	4.3e-05	0.07328	0.00754	0.00010	0.05535
6	0.00048	0.00058	0.00042	0.00036	0.00044	0.80893	0.10338	0.01674	0.01727	0.02405	0.00023	0.00027	0.00018	0.00014	0.00013	3.7e-05	0.02602	9.7e-05	7.3e-05	0.00016
7	0.00026	0.00016	0.00020	0.00019	0.00023	0.00014	0.00014	0.01235	0.01244	0.18307	0.43221	0.15894	0.15774	0.00029	0.00016	4.5e-05	8e-05	0.04107	0.00014	0.00014
8	0.01032	0.00028	0.03333	0.40524	0.38962	0.00866	0.01236	0.00685	0.00029	0.02918	0.00029	0.04678	0.00654	0.00929	0.00015	0.00575	0.01477	0.01425	0.00588	0.00017
9	0.00818	0.00030	0.02819	0.02545	0.00987	0.00850	0.03058	0.00808	0.75617	0.01211	0.01631	0.00049	0.00671	0.00668	0.01695	4.9e-05	0.05157	0.00782	0.00012	0.00586
10	0.00017	0.00014	0.00015	0.00015	0.00019	0.00012	0.00011	0.00021	0.01100	0.01107	0.14142	0.02735	0.76424	0.01311	0.00016	4.6e-05	7e-05	0.01139	0.01879	0.00012
11	0.02090	0.01795	0.02471	0.33512	0.21670	0.01407	0.03384	0.05148	0.00968	0.11147	0.00789	0.02503	0.00493	0.00605	0.01399	4.5e-05	0.03448	0.01094	0.00505	0.05569

[dist]
# distance from previous block
# <min> <max>
1	7

[block]
# block no. 8 follows, 2585 sequences, length 6
# corresponding to MSA columns:
# 745-750
name=unknown_I
#
# <colnr> <probs for GDERKNQSTAVLIFYWHMCP>
#	G	D	E	R	K	N	Q	S	T	A	V	L	I	F	Y	W	H	M	C	P
0	0.00017	0.00013	0.00015	0.00016	0.00019	0.00012	0.00011	0.00021	0.00031	0.00040	0.23323	0.15001	0.53724	0.04172	0.00018	5e-05	7.3e-05	0.03530	0.00013	0.00011
1	0.04272	0.00024	0.00029	0.01978	0.02186	0.00020	0.01875	0.02414	0.00029	0.02391	0.02607	0.00032	0.01904	0.00011	0.00011	2.4e-05	0.00010	9.3e-05	8.5e-05	0.80186
2	0.01889	0.01265	0.04182	0.01723	0.11990	0.01820	0.04436	0.01073	0.01351	0.05457	0.01058	0.47216	0.01740	0.00965	0.01205	0.00948	0.08451	0.03207	0.00010	0.00014
3	0.01241	0.01202	0.03634	0.21698	0.20444	0.08016	0.07633	0.04355	0.12418	0.01914	0.03579	0.01916	0.02099	0.01552	0.01382	0.02645	0.02143	0.00905	0.01207	0.00017
4	0.00018	0.00013	0.00017	0.04257	0.00023	0.00013	0.00014	0.00022	0.02250	0.02343	0.02849	0.66729	0.16674	0.02216	0.00018	5.3e-05	8.4e-05	0.02507	0.00012	0.00012
5	0.05436	0.06394	0.06610	0.08014	0.17295	0.06228	0.03444	0.09411	0.03195	0.07700	0.01114	0.02335	0.02236	0.01187	0.01291	4.3e-05	0.05408	0.00981	0.01050	0.10665

[dist]
# distance from previous block
# <min> <max>
4	46

[block]
# block no. 9 follows, 2585 sequences, length 19
# corresponding to MSA columns:
# 804-822
name=unknown_J
#
# <colnr> <probs for GDERKNQSTAVLIFYWHMCP>
#	G	D	E	R	K	N	Q	S	T	A	V	L	I	F	Y	W	H	M	C	P
0	0.00027	0.03805	0.82461	0.00036	0.00053	0.00676	0.00569	0.00582	0.04547	0.00042	0.01658	0.00033	0.01473	0.00921	0.01341	4.5e-05	0.01734	0.00011	6.4e-05	0.00019
1	0.00019	0.00014	0.00017	0.00016	0.00020	0.00013	0.00012	0.00025	0.00036	0.02041	0.68507	0.02132	0.23159	0.01038	0.00016	4.4e-05	6.8e-05	0.02103	0.00014	0.00807
2	0.00026	0.00025	0.00042	0.90179	0.00089	0.01166	0.05081	0.00035	0.00027	0.01156	0.00024	0.00036	0.00018	0.00014	0.00014	4.5e-05	0.02029	0.00012	6.1e-05	0.00015
3	0.96063	0.00026	0.00020	0.00018	0.00026	0.00030	0.00015	0.00040	0.00023	0.01829	0.00020	0.00023	0.00015	0.00013	8.4e-05	4.1e-05	0.00010	7.5e-05	0.01797	0.00015
4	0.00027	0.00069	0.99460	0.00038	0.00058	0.00031	0.00049	0.00042	0.00028	0.00042	0.00024	0.00028	0.00017	0.00013	0.00013	4.2e-05	0.00020	9.9e-05	5.7e-05	0.00020
5	0.06444	0.00016	0.00019	0.00017	0.00022	0.00015	0.00013	0.00723	0.00811	0.16063	0.52630	0.00954	0.15640	0.00025	0.00014	4.2e-05	7.6e-05	0.00021	0.06545	0.00014
6	0.00019	0.00014	0.00018	0.00019	0.00020	0.00015	0.00013	0.00022	0.00735	0.00033	0.06931	0.12558	0.09578	0.24040	0.43540	0.00014	0.00744	0.00991	0.00687	0.00011
7	0.00020	0.00015	0.00019	0.00022	0.00025	0.00014	0.00018	0.01030	0.00030	0.00736	0.00824	0.20240	0.13979	0.01876	0.00692	6e-05	0.00011	0.60420	0.00012	0.00012
8	0.02334	0.02030	0.01283	0.03651	0.02313	0.04522	0.00366	0.12524	0.08042	0.06215	0.00364	0.03363	0.00026	0.01690	0.03028	0.00307	0.00661	0.00349	9.5e-05	0.46923
9	0.00490	0.01214	0.01101	0.15566	0.40739	0.04290	0.03992	0.00828	0.01174	0.01045	0.01372	0.13265	0.03414	0.01626	0.02168	0.02301	0.05070	0.00016	7.8e-05	0.00321
10	0.02642	0.09223	0.16298	0.05339	0.12880	0.01860	0.04658	0.13935	0.01960	0.27005	0.00816	0.00404	0.00529	0.00015	0.00359	4.1e-05	0.01170	0.00357	0.00010	0.00536
11	0.15322	0.25675	0.08974	0.00790	0.00700	0.04584	0.00441	0.16259	0.03941	0.12206	0.07777	0.00370	0.00985	0.00016	0.00440	3.9e-05	0.00618	0.00340	9.9e-05	0.00549
12	0.00019	0.00013	0.00015	0.00015	0.00015	0.00013	8.5e-05	0.00019	0.00020	0.00027	0.00045	0.09311	0.00052	0.90301	0.00063	0.00012	0.00013	0.00021	8.5e-05	8.4e-05
13	0.00378	0.11834	0.35226	0.02521	0.06861	0.02565	0.05264	0.00907	0.01436	0.15341	0.03712	0.06909	0.03027	0.00860	0.01162	4.4e-05	0.00787	0.00843	0.00344	0.00018
14	0.00584	0.02270	0.07722	0.17619	0.30482	0.02187	0.07587	0.02065	0.01283	0.22746	0.01088	0.01054	0.00780	0.00318	0.00407	4.3e-05	0.00908	0.00555	0.00322	0.00019
15	0.00017	0.00013	0.00016	0.00018	0.00020	0.00012	0.00013	0.00020	0.00027	0.00035	0.04831	0.57824	0.16701	0.03770	0.09809	0.00851	0.00011	0.05989	0.00012	0.00011
16	0.00049	0.00062	0.00038	0.00702	0.00933	0.94096	0.00623	0.00053	0.00649	0.00033	0.00752	0.00626	0.00630	0.00014	0.00012	3.5e-05	0.00023	9.2e-05	0.00677	0.00016
17	0.00664	0.02523	0.29341	0.06411	0.16718	0.01747	0.13474	0.01465	0.01577	0.19016	0.01768	0.01499	0.01189	0.00389	0.00359	4.3e-05	0.00879	0.00605	0.00351	0.00019
18	0.00633	0.03116	0.31903	0.16594	0.07625	0.01128	0.11677	0.02558	0.05532	0.08694	0.00976	0.02309	0.01677	0.00017	0.03074	4.8e-05	0.01178	0.00763	0.00522	0.00018

[dist]
# distance from previous block
# <min> <max>
1	20

[block]
# block no. 10 follows, 2585 sequences, length 35
# corresponding to MSA columns:
# 898-911,913,917-923,950,953-964
name=unknown_K
#
# <colnr> <probs for GDERKNQSTAVLIFYWHMCP>
#	G	D	E	R	K	N	Q	S	T	A	V	L	I	F	Y	W	H	M	C	P
0	0.07273	0.04865	0.46846	0.01594	0.08831	0.00876	0.07827	0.01463	0.00747	0.04260	0.01053	0.11922	0.00555	0.00296	0.00185	4.4e-05	0.00778	0.00408	0.00199	0.00018
1	0.00034	0.05976	0.09064	0.04049	0.28998	0.00591	0.06014	0.04571	0.06907	0.08930	0.02038	0.02103	0.01087	0.00258	0.00013	3.8e-05	0.00207	0.00708	8.8e-05	0.18440
2	0.00433	0.00469	0.06769	0.01741	0.02796	0.00019	0.02079	0.00661	0.14596	0.01874	0.12682	0.27860	0.04536	0.00240	0.00014	4.1e-05	0.00010	0.00314	0.00011	0.22889
3	0.00020	0.00013	0.00016	0.00016	0.00448	0.00013	9.7e-05	0.00020	0.00021	0.00978	0.00384	0.11598	0.00052	0.75947	0.07862	0.01326	0.00014	0.00644	8.6e-05	0.00610
4	0.00052	0.00023	0.00461	0.00724	0.08725	0.00021	0.00408	0.01401	0.01531	0.74384	0.08058	0.00473	0.01801	0.00018	0.00014	4.2e-05	0.00011	0.01854	0.00015	0.00021
5	0.00050	0.00064	0.00038	0.00035	0.00041	0.99476	0.00026	0.00053	0.00038	0.00033	0.00021	0.00024	0.00017	0.00014	0.00012	3.5e-05	0.00024	8.6e-05	6.9e-05	0.00016
6	0.00029	0.00024	0.00028	0.00020	0.00032	0.00018	0.00016	0.01581	0.01801	0.02886	0.00508	0.02042	0.00023	0.00011	0.00010	2.2e-05	0.0001	9e-05	0.00924	0.90027
7	0.00025	0.00024	0.00040	0.99497	0.00092	0.00030	0.00037	0.00034	0.00027	0.00034	0.00024	0.00036	0.00018	0.00013	0.00013	4.5e-05	0.00018	0.00012	6e-05	0.00015
8	0.00050	0.00064	0.00038	0.00035	0.00041	0.99476	0.00026	0.00053	0.00038	0.00033	0.00021	0.00024	0.00017	0.00014	0.00012	3.5e-05	0.00024	8.6e-05	6.9e-05	0.00016
9	0.03309	0.00023	0.00030	0.00023	0.00033	0.00021	0.00019	0.02172	0.07947	0.78742	0.01864	0.02208	0.00954	0.01014	0.00014	4.3e-05	0.00011	0.00417	0.01175	0.00022
10	0.00563	0.00023	0.00031	0.00024	0.00034	0.00021	0.00020	0.00672	0.06875	0.89702	0.00871	0.00046	0.00034	0.00017	0.00013	4.2e-05	0.00011	0.00014	0.01003	0.00022
11	0.02400	0.00025	0.00032	0.00025	0.00035	0.00023	0.00020	0.13484	0.01404	0.81320	0.01060	0.00044	0.00032	0.00017	0.00013	4.1e-05	0.00012	0.00013	0.00016	0.00022
12	0.99624	0.00026	0.00020	0.00018	0.00026	0.00030	0.00015	0.00039	0.00023	0.00060	0.00019	0.00022	0.00015	0.00012	8.3e-05	4.1e-05	0.00010	7.3e-05	8.3e-05	0.00015
13	0.01636	0.00033	0.00036	0.00028	0.00038	0.00036	0.00023	0.58010	0.26482	0.11109	0.00042	0.00040	0.01432	0.00017	0.00013	4.2e-05	0.00013	0.00013	0.00974	0.00022
14	0.00017	0.00012	0.00016	0.00018	0.00019	0.00011	0.00012	0.00019	0.00027	0.00035	0.05693	0.84279	0.07900	0.00828	0.00017	5.4e-05	7.7e-05	0.01060	0.00013	0.00011
15	0.00027	0.00025	0.00043	0.81087	0.17432	0.00030	0.00038	0.00035	0.00027	0.00036	0.00024	0.00035	0.00018	0.00013	0.00014	4.4e-05	0.01076	0.00012	6.1e-05	0.00016
16	0.00031	0.00034	0.00064	0.00048	0.00059	0.05965	0.72567	0.02281	0.01429	0.00960	0.00467	0.13557	0.00371	0.00017	0.00016	4.6e-05	0.00020	0.02085	8.1e-05	0.00017
17	0.00019	0.00016	0.00025	0.00028	0.08430	0.00015	0.09414	0.00023	0.00027	0.00036	0.00853	0.78441	0.01077	0.00495	0.00017	5.2e-05	0.01021	0.00033	0.00011	0.00012
18	0.00038	0.83841	0.01622	0.00025	0.00870	0.10398	0.00024	0.02442	0.00029	0.00582	0.00019	0.00022	0.00017	0.00012	9.2e-05	3e-05	0.00015	7.6e-05	6.1e-05	0.00017
19	0.00038	0.00028	0.00032	0.00024	0.00393	0.00394	0.00020	0.32274	0.06562	0.08519	0.04253	0.00519	0.00549	0.00321	0.00288	0.00364	0.00012	0.00244	0.00011	0.45156
20	0.02965	0.00237	0.03909	0.20431	0.34168	0.04547	0.03559	0.11362	0.03488	0.13728	0.00371	0.00284	0.00023	0.00014	0.00013	0.00234	0.00393	0.00012	0.00242	0.00020
21	0.00939	0.00348	0.11789	0.00020	0.00840	0.01312	0.02291	0.01440	0.00530	0.00888	0.23630	0.06229	0.48119	0.00291	0.00015	4.5e-05	9.3e-05	0.01280	0.00012	0.00013
22	0.00033	0.00024	0.00027	0.00024	0.00030	0.01169	0.00018	0.01530	0.51875	0.12994	0.27862	0.01238	0.00673	0.00021	0.00014	4.4e-05	9.6e-05	0.00454	0.01682	0.00320
23	0.00681	0.00710	0.00851	0.04326	0.10288	0.00256	0.01633	0.02920	0.00339	0.76811	0.00403	0.00043	0.00031	0.00016	0.00358	4.2e-05	0.00279	0.00013	0.00015	0.00022
24	0.01774	0.02227	0.09494	0.07392	0.31759	0.02909	0.14995	0.18629	0.02316	0.06322	0.00442	0.00304	0.00248	0.00014	0.00014	4.1e-05	0.00770	0.00359	8.7e-05	0.00020
25	0.00025	0.00024	0.00040	0.96086	0.02407	0.00030	0.00037	0.00034	0.00027	0.00035	0.00024	0.00037	0.00019	0.00014	0.00013	4.5e-05	0.00018	0.01104	6e-05	0.00015
26	0.05503	0.02578	0.00890	0.11451	0.18944	0.15314	0.05250	0.02735	0.00504	0.00713	0.00025	0.00387	0.01164	0.00012	0.00012	3.4e-05	0.01741	0.00010	7.4e-05	0.32754
27	0.00016	0.00012	0.00016	0.00019	0.00019	0.00011	0.00012	0.00019	0.00026	0.00034	0.00944	0.96098	0.01640	0.00042	0.00017	5.4e-05	7.8e-05	0.01037	0.00012	0.00011
28	0.01600	0.26030	0.07495	0.11662	0.05902	0.03428	0.04059	0.18311	0.04873	0.09053	0.01232	0.00698	0.00615	0.00256	0.00612	0.00302	0.02145	0.01455	0.00251	0.00019
29	0.00644	0.00016	0.00019	0.00018	0.00021	0.00016	0.00012	0.02221	0.07774	0.14106	0.03061	0.05221	0.09319	0.45757	0.01422	0.00268	0.00011	0.02878	0.07204	0.00013
30	0.00021	0.00015	0.00018	0.00243	0.00240	0.01973	0.00710	0.02398	0.01386	0.00277	0.02833	0.06265	0.03500	0.56361	0.19077	0.01166	0.00304	0.00589	0.02615	0.00010
31	0.02236	0.00018	0.00022	0.00020	0.00025	0.00016	0.00015	0.01886	0.01156	0.34807	0.09752	0.18279	0.08353	0.07752	0.00019	0.00669	9.6e-05	0.03071	0.07179	0.04715
32	0.00020	0.00015	0.00022	0.00022	0.00024	0.00018	0.00017	0.00024	0.00021	0.00031	0.00035	0.00053	0.00033	0.05361	0.84369	0.03901	0.06002	0.00014	7.1e-05	0.00012
33	0.32184	0.02856	0.00938	0.00027	0.00287	0.09142	0.09150	0.12238	0.06217	0.12110	0.00031	0.00326	0.00024	0.03514	0.09949	6.2e-05	0.00740	0.00236	9.8e-05	0.00017
34	0.00611	0.00016	0.03148	0.00018	0.00022	0.00419	0.00371	0.01624	0.01694	0.02077	0.25043	0.28731	0.18516	0.03550	0.01209	0.08516	9e-05	0.03211	0.00851	0.00365

[dist]
# distance from previous block
# <min> <max>
5	52

[block]
# block no. 11 follows, 2585 sequences, length 18
# corresponding to MSA columns:
# 1022-1024,1027-1030,1039-1048,1050
name=unknown_L
#
# <colnr> <probs for GDERKNQSTAVLIFYWHMCP>
#	G	D	E	R	K	N	Q	S	T	A	V	L	I	F	Y	W	H	M	C	P
0	0.02868	0.16335	0.14014	0.04491	0.12275	0.05078	0.03747	0.07671	0.11575	0.07149	0.01900	0.04349	0.00832	0.00403	0.00340	4.1e-05	0.02672	0.00504	8.9e-05	0.03784
1	0.02265	0.02808	0.01927	0.01721	0.03898	0.02921	0.00775	0.34134	0.43617	0.01202	0.00381	0.00971	0.00031	0.00896	0.00840	4.5e-05	0.00684	0.00013	0.00417	0.00493
2	0.00029	0.01405	0.01211	0.00042	0.00048	0.00035	0.39443	0.00036	0.00025	0.00037	0.00025	0.02032	0.00023	0.03951	0.03463	6.1e-05	0.45698	0.02470	6.6e-05	0.00016
3	0.01415	0.03317	0.08337	0.01046	0.04940	0.01701	0.02590	0.20989	0.05005	0.04672	0.01739	0.04456	0.04264	0.08325	0.10774	0.07181	0.05208	0.03517	0.00507	0.00016
4	0.10779	0.12565	0.45628	0.00791	0.02285	0.01331	0.10914	0.02139	0.00781	0.09637	0.00515	0.00575	0.00020	0.00013	0.00013	4.1e-05	0.01440	0.00543	7.5e-05	0.00019
5	0.03237	0.00442	0.01443	0.08517	0.02664	0.04369	0.01794	0.09885	0.02496	0.16438	0.11258	0.09324	0.06701	0.02248	0.00730	0.00438	0.00327	0.13296	0.04376	0.00016
6	0.00431	0.00013	0.00018	0.00453	0.01395	0.00013	0.00940	0.00021	0.00419	0.00558	0.03184	0.68362	0.06594	0.02373	0.01694	0.00412	0.00595	0.12086	0.00012	0.00427
7	0.01385	0.17505	0.22196	0.02355	0.08535	0.07330	0.14380	0.03080	0.03146	0.08386	0.01003	0.03279	0.00960	0.00922	0.00466	4.2e-05	0.02608	0.01772	0.00671	0.00018
8	0.01326	0.00476	0.05280	0.07548	0.07446	0.00573	0.11944	0.01011	0.04654	0.05702	0.01001	0.07465	0.00959	0.18306	0.10921	0.11888	0.01341	0.01271	0.00874	0.00014
9	0.00020	0.00013	0.00017	0.00018	0.00020	0.00012	0.00013	0.00579	0.00562	0.04937	0.04553	0.58999	0.10858	0.10054	0.01438	0.00530	9e-05	0.05120	0.02236	0.00012
10	0.03110	0.03445	0.10119	0.16278	0.28788	0.01427	0.06634	0.04985	0.03246	0.10122	0.03442	0.00412	0.00720	0.00591	0.02960	0.00348	0.01977	0.00013	0.00727	0.00658
11	0.03927	0.09981	0.22246	0.04963	0.09607	0.03773	0.07715	0.17148	0.04496	0.11291	0.00607	0.00547	0.00374	0.00333	0.00521	4.2e-05	0.01526	0.00375	0.00547	0.00020
12	0.00356	0.00017	0.00575	0.00818	0.01575	0.04246	0.05165	0.00484	0.00353	0.02009	0.01770	0.35002	0.03337	0.05388	0.04374	0.29359	0.00608	0.03324	0.01228	0.00011
13	0.87439	0.00512	0.00513	0.02241	0.02538	0.01030	0.00662	0.00551	0.00447	0.00506	0.00020	0.00581	0.00016	0.00014	0.00862	4.3e-05	0.01624	8e-05	0.00418	0.00015
14	0.00708	0.00013	0.00015	0.00016	0.00017	0.00013	0.00639	0.00020	0.00022	0.00030	0.01979	0.21384	0.06615	0.65624	0.00676	0.00010	0.00011	0.01451	0.00746	9.2e-05
15	0.00414	0.00445	0.01927	0.08215	0.20443	0.03197	0.02872	0.08675	0.01998	0.02952	0.02664	0.04691	0.00832	0.01089	0.00421	3.6e-05	0.02659	0.00690	0.00443	0.35370
16	0.00023	0.00018	0.00576	0.00763	0.01715	0.00546	0.00753	0.01149	0.15475	0.03258	0.50650	0.03690	0.16213	0.00026	0.00015	4.4e-05	0.00637	0.02598	0.00592	0.01300
17	0.02253	0.03448	0.00985	0.00028	0.00036	0.38988	0.01356	0.17995	0.01936	0.04961	0.01906	0.02178	0.05661	0.00636	0.01230	3.9e-05	0.01123	0.00410	0.05418	0.09447

[dist]
# distance from previous block
# <min> <max>
6	13

[block]
# block no. 12 follows, 2585 sequences, length 12
# corresponding to MSA columns:
# 1103,1107,1108,1110,1111,1116-1122
name=unknown_M
#
# <colnr> <probs for GDERKNQSTAVLIFYWHMCP>
#	G	D	E	R	K	N	Q	S	T	A	V	L	I	F	Y	W	H	M	C	P
0	0.01014	0.00528	0.01731	0.01332	0.01381	0.00017	0.00949	0.03523	0.03238	0.11647	0.09810	0.15642	0.25846	0.05893	0.00640	0.00742	0.02392	0.06899	0.00854	0.05920
1	0.01441	0.24910	0.29384	0.03047	0.03938	0.02654	0.11494	0.03593	0.02968	0.11941	0.00916	0.00748	0.00691	0.00014	0.00012	3.9e-05	0.00974	0.00011	7.9e-05	0.01251
2	0.11162	0.12712	0.50012	0.00623	0.01945	0.01209	0.04460	0.01733	0.01902	0.10906	0.00605	0.00642	0.00618	0.00014	0.00012	4.1e-05	0.00585	0.00010	0.00829	0.00019
3	0.00022	0.00014	0.00018	0.00017	0.00021	0.00013	0.00013	0.01108	0.01315	0.07510	0.45343	0.16090	0.19195	0.00030	0.00015	4.5e-05	7.4e-05	0.03389	0.05860	0.00013
4	0.00768	0.01851	0.11734	0.02570	0.04466	0.01565	0.06268	0.00983	0.00947	0.03674	0.05029	0.22003	0.15123	0.04823	0.02254	0.08576	0.02428	0.03865	0.00479	0.00594
5	0.02561	0.18154	0.17048	0.02944	0.06828	0.04426	0.06647	0.03646	0.02560	0.30375	0.01094	0.00626	0.00673	0.00019	0.00016	5.2e-05	0.00865	0.00753	0.00012	0.00748
6	0.00550	0.00531	0.04092	0.03171	0.01432	0.02257	0.01725	0.01379	0.00709	0.06646	0.02213	0.01840	0.01090	0.30768	0.33987	0.00613	0.05415	0.00816	0.00753	0.00013
7	0.00020	0.00015	0.00019	0.00667	0.00022	0.00016	0.00759	0.01213	0.01006	0.01323	0.05707	0.04728	0.30507	0.05829	0.35987	0.01472	0.04380	0.00784	0.05534	0.00012
8	0.01085	0.12733	0.21799	0.11613	0.06132	0.06960	0.12300	0.01645	0.02232	0.08695	0.00865	0.00851	0.00758	0.00473	0.00529	4.3e-05	0.09336	0.00589	0.00707	0.00694
9	0.01920	0.09566	0.20751	0.08065	0.12973	0.02473	0.06853	0.04704	0.06727	0.07361	0.01184	0.01306	0.00823	0.01055	0.08716	0.00815	0.04029	0.00653	8.1e-05	0.00018
10	0.00562	0.00014	0.00018	0.00018	0.00805	0.00594	0.00774	0.00730	0.00985	0.02128	0.10577	0.13335	0.33052	0.02627	0.04775	0.20096	0.00943	0.07269	0.00685	0.00011
11	0.14980	0.07531	0.19367	0.03115	0.03575	0.02365	0.07718	0.02735	0.08586	0.08054	0.01873	0.08178	0.04173	0.00850	0.00544	4.5e-05	0.02790	0.03032	9.2e-05	0.00519

[dist]
# distance from previous block
# <min> <max>
1	2

[block]
# block no. 13 follows, 2585 sequences, length 28
# corresponding to MSA columns:
# 1125,1141-1143,1147-1159,1161-1171
name=unknown_N
#
# <colnr> <probs for GDERKNQSTAVLIFYWHMCP>
#	G	D	E	R	K	N	Q	S	T	A	V	L	I	F	Y	W	H	M	C	P
0	0.02552	0.05083	0.16441	0.13786	0.19882	0.04106	0.09442	0.01336	0.01611	0.05193	0.01535	0.07505	0.03943	0.00245	0.00375	0.00295	0.03036	0.02303	0.01314	0.00017
1	0.00025	0.00024	0.00040	0.92583	0.03355	0.00030	0.00781	0.00034	0.00027	0.00035	0.00543	0.00718	0.00491	0.00014	0.00014	4.5e-05	0.00529	0.00731	6.1e-05	0.00015
2	0.03090	0.17308	0.12550	0.01943	0.06112	0.06658	0.03161	0.07787	0.01055	0.13426	0.00758	0.02722	0.00298	0.03422	0.00601	0.00402	0.08326	0.00803	0.00213	0.09365
3	0.05896	0.18513	0.10520	0.01238	0.06611	0.11371	0.06899	0.17560	0.09561	0.05821	0.00558	0.01424	0.00293	0.00318	0.00261	4e-05	0.02883	0.00011	0.00236	0.00019
4	0.00018	0.00013	0.00017	0.00021	0.03186	0.00012	0.00013	0.00544	0.00026	0.00456	0.00757	0.82376	0.01167	0.06318	0.03485	6.4e-05	0.00545	0.01017	0.00012	0.00011
5	0.09796	0.15511	0.03160	0.00426	0.01396	0.02800	0.00504	0.06390	0.02025	0.08555	0.00027	0.00587	0.00022	0.02963	0.00012	3.2e-05	0.00012	9.3e-05	8.7e-05	0.45792
6	0.00021	0.00014	0.00020	0.00020	0.00022	0.00016	0.00015	0.00025	0.00024	0.03426	0.06636	0.01105	0.04259	0.18711	0.59716	0.00016	0.00439	0.05076	0.00429	0.00012
7	0.05714	0.32779	0.29647	0.00270	0.00039	0.01094	0.01525	0.00334	0.00450	0.06800	0.00680	0.09638	0.00334	0.00018	0.00012	0.00704	0.00015	0.07924	0.00260	0.01761
8	0.00021	0.00017	0.00018	0.00017	0.00022	0.00016	0.00013	0.00031	0.19239	0.02622	0.03507	0.05918	0.64992	0.00031	0.00016	4.6e-05	7.9e-05	0.03482	0.00013	0.00014
