[name]
unknown

[dist]
# distance from previous block
# <min> <max>
0	63

[block]
# block no. 0 follows, 2734 sequences, length 22
# corresponding to MSA columns:
# 100-121
name=unknown_A
#
# <colnr> <probs for GDERKNQSTAVLIFYWHMCP>
#	G	D	E	R	K	N	Q	S	T	A	V	L	I	F	Y	W	H	M	C	P
0	0.01435	0.03930	0.02553	0.06051	0.24121	0.06009	0.04941	0.03706	0.04632	0.06975	0.02280	0.08798	0.01578	0.01131	0.00395	0.01917	0.01150	0.11791	0.00547	0.06060
1	0.01271	0.03508	0.05366	0.12503	0.12632	0.06557	0.03552	0.02529	0.05742	0.02781	0.01420	0.06806	0.04352	0.00628	0.00824	0.00249	0.01414	0.00427	0.00280	0.27159
2	0.02179	0.02638	0.01773	0.11299	0.20652	0.03129	0.02027	0.03577	0.05987	0.04269	0.02246	0.05539	0.07100	0.01752	0.01326	0.00366	0.00660	0.00363	0.00437	0.22682
3	0.00496	0.00313	0.00019	0.01192	0.00023	0.00294	0.00013	0.00931	0.00586	0.17816	0.29069	0.22124	0.18929	0.00346	0.00511	0.00287	0.00332	0.00464	0.01545	0.04709
4	0.00018	0.00014	0.00016	0.00931	0.00019	0.00012	0.00011	0.00022	0.02385	0.02751	0.18476	0.14154	0.43847	0.08782	0.01018	0.01411	0.00462	0.00598	0.00726	0.04344
5	0.00818	0.00016	0.00018	0.00017	0.00021	0.01584	0.00374	0.02649	0.02003	0.15112	0.23418	0.11699	0.11016	0.21164	0.00624	5.9e-05	9.1e-05	0.00963	0.08064	0.00425
6	0.00016	0.00012	0.00014	0.00015	0.00018	0.00011	0.00011	0.00019	0.00859	0.00035	0.12904	0.33566	0.44124	0.07538	0.00019	5.1e-05	7.2e-05	0.00805	0.00012	0.00011
7	0.01465	0.00020	0.00320	0.00021	0.00026	0.05889	0.00340	0.01380	0.10107	0.19430	0.23848	0.08391	0.05589	0.02421	0.00411	4.6e-05	0.00326	0.15744	0.03953	0.00317
8	0.96676	0.00024	0.00019	0.00017	0.00025	0.00028	0.00014	0.00038	0.00022	0.03020	0.00019	0.00021	0.00014	0.00012	8e-05	3.9e-05	9.8e-05	7e-05	8.1e-05	0.00014
9	0.00028	0.00023	0.00027	0.00020	0.00030	0.00577	0.00546	0.00608	0.06933	0.04543	0.00863	0.00581	0.01017	0.00011	0.0001	2.2e-05	9.6e-05	8.8e-05	0.00925	0.83238
10	0.00033	0.00029	0.00029	0.00026	0.00033	0.05903	0.00020	0.01828	0.91822	0.00052	0.00049	0.00046	0.00037	0.00017	0.00013	4.2e-05	0.00011	0.00014	0.00013	0.00020
11	0.15969	0.00022	0.00688	0.00022	0.00031	0.00020	0.00018	0.00911	0.00708	0.78867	0.00755	0.00040	0.00029	0.00015	0.00012	3.9e-05	0.00011	0.00012	0.01848	0.00020
12	0.01074	0.00026	0.00029	0.00024	0.00031	0.00028	0.00019	0.46822	0.09606	0.07366	0.21441	0.00053	0.04576	0.00023	0.05886	4.9e-05	0.00012	0.00549	0.02413	0.00018
13	0.90929	0.00025	0.01649	0.05890	0.00029	0.01231	0.00016	0.00037	0.00022	0.00055	0.00018	0.00021	0.00014	0.00012	8.2e-05	3.9e-05	0.00011	7.2e-05	7.7e-05	0.00014
14	0.00031	0.00030	0.00051	0.00078	0.99476	0.00030	0.00039	0.00039	0.00029	0.00041	0.00024	0.00031	0.00020	0.00011	0.00013	3.8e-05	0.00015	0.00011	6.3e-05	0.00020
15	0.00038	0.00031	0.00033	0.00030	0.05905	0.01336	0.00023	0.34920	0.57420	0.00061	0.00042	0.00040	0.00031	0.00016	0.00013	4.1e-05	0.00012	0.00013	0.00012	0.00021
16	0.05097	0.15303	0.08018	0.02611	0.05790	0.02247	0.01722	0.08389	0.00594	0.39355	0.00435	0.01725	0.00027	0.06563	0.00891	4.4e-05	0.00511	0.00305	0.00395	0.00018
17	0.00438	0.00013	0.00016	0.00471	0.00304	0.00295	0.00461	0.01172	0.01300	0.04552	0.03718	0.70289	0.10242	0.02245	0.00358	0.01625	0.00366	0.00956	0.01170	0.00011
18	0.09209	0.00024	0.00028	0.00023	0.00031	0.00023	0.00018	0.21634	0.01779	0.55202	0.01303	0.01866	0.00868	0.05891	0.00015	4.4e-05	0.00011	0.00013	0.02036	0.00019
19	0.00550	0.01352	0.00784	0.00018	0.00642	0.06107	0.00601	0.00617	0.00500	0.01038	0.09550	0.34824	0.32826	0.01796	0.01749	4.9e-05	0.01317	0.03820	0.01571	0.00334
20	0.07154	0.08526	0.23640	0.08099	0.09329	0.02520	0.04548	0.02760	0.02216	0.19520	0.00480	0.02043	0.00995	0.01899	0.00804	0.01771	0.02587	0.00532	0.00285	0.00292
21	0.00018	0.00013	0.00017	0.00441	0.00020	0.00013	0.00484	0.06087	0.00439	0.01100	0.05978	0.67574	0.10804	0.02102	0.00017	0.01691	8e-05	0.02618	0.00566	0.00011

[dist]
# distance from previous block
# <min> <max>
5	17

[block]
# block no. 1 follows, 2734 sequences, length 22
# corresponding to MSA columns:
# 156-177
name=unknown_B
#
# <colnr> <probs for GDERKNQSTAVLIFYWHMCP>
#	G	D	E	R	K	N	Q	S	T	A	V	L	I	F	Y	W	H	M	C	P
0	0.01154	0.02294	0.61153	0.01039	0.00358	0.02630	0.01296	0.02907	0.02667	0.03919	0.13470	0.00795	0.01763	0.00812	0.00013	0.00294	0.01058	0.00340	0.00379	0.01658
1	0.00016	0.00013	0.00014	0.00014	0.00018	0.00011	0.00010	0.00020	0.00030	0.00039	0.26531	0.05922	0.65769	0.00031	0.00015	4.2e-05	6.3e-05	0.00026	0.01501	0.00011
2	0.00016	0.00013	0.00014	0.00014	0.00018	0.00011	0.00011	0.00020	0.00031	0.00039	0.31506	0.09116	0.57867	0.01248	0.00016	4.4e-05	6.4e-05	0.00026	0.00012	0.00011
3	0.01218	0.00045	0.00036	0.00030	0.00039	0.40453	0.00024	0.54996	0.00049	0.01104	0.00914	0.00028	0.00020	0.00014	0.00012	3.6e-05	0.00017	0.00010	0.00968	0.00018
4	0.11283	0.00019	0.00023	0.00020	0.00026	0.00410	0.00376	0.01911	0.05935	0.41984	0.19961	0.01190	0.03918	0.01684	0.00530	4.2e-05	9.4e-05	0.02991	0.07707	0.00017
5	0.00034	0.99562	0.00066	0.00022	0.00033	0.00050	0.00022	0.00038	0.00026	0.00030	0.00018	0.00020	0.00016	0.00011	8.1e-05	2.7e-05	0.00014	6.8e-05	5.4e-05	0.00016
6	0.00050	0.00032	0.00036	0.00028	0.00038	0.00035	0.00023	0.75642	0.02435	0.21499	0.00035	0.00034	0.00024	0.00015	0.00013	3.8e-05	0.00013	0.00012	0.00013	0.00022
7	0.02890	0.00019	0.00027	0.18832	0.02428	0.00020	0.03037	0.03515	0.00791	0.13986	0.02710	0.06641	0.02737	0.03220	0.02068	5.4e-05	0.00013	0.37036	0.00011	0.00014
8	0.00029	0.00030	0.00061	0.00045	0.00549	0.00474	0.72934	0.03085	0.02330	0.02782	0.00800	0.14219	0.00031	0.00016	0.00462	4.4e-05	0.00018	0.01327	0.00789	0.00016
9	0.01060	0.00013	0.00016	0.00016	0.00019	0.00012	0.01658	0.00022	0.00031	0.00579	0.50188	0.08889	0.21958	0.12156	0.00501	5.3e-05	7.5e-05	0.01471	0.01387	0.00011
10	0.00018	0.00014	0.00020	0.00020	0.00022	0.00016	0.00015	0.00023	0.00984	0.00029	0.00034	0.00052	0.00032	0.07124	0.89384	0.01107	0.01073	0.00014	6.9e-05	0.00011
11	0.01672	0.05923	0.01629	0.44786	0.26203	0.00708	0.05177	0.05111	0.00837	0.04287	0.00337	0.00318	0.00469	0.00013	0.00013	0.00322	0.01267	0.00011	0.00451	0.00466
12	0.37780	0.10174	0.20106	0.00645	0.01854	0.01667	0.01613	0.00867	0.01996	0.04573	0.03527	0.00762	0.00505	0.00471	0.03618	0.00274	0.05767	9.7e-05	0.03493	0.00296
13	0.00019	0.00013	0.00018	0.00020	0.00022	0.00013	0.00016	0.00023	0.00932	0.02416	0.02576	0.32761	0.03555	0.06668	0.00022	0.05885	9.9e-05	0.45010	0.00011	0.00011
14	0.00519	0.49354	0.04740	0.10661	0.02803	0.09426	0.01106	0.02475	0.04603	0.01500	0.00329	0.00027	0.01189	0.00012	0.00501	3.2e-05	0.00906	8.7e-05	0.00580	0.09257
15	0.00016	0.00013	0.00014	0.00854	0.00018	0.00011	0.00010	0.00020	0.01103	0.00694	0.12310	0.04170	0.79432	0.00031	0.00015	4.3e-05	0.00614	0.00026	0.00631	0.00011
16	0.70705	0.00021	0.00018	0.00017	0.00023	0.00024	0.00013	0.00033	0.01348	0.02239	0.01930	0.16449	0.07102	0.00018	0.00010	4.2e-05	9.1e-05	0.00014	9.1e-05	0.00013
17	0.00035	0.00028	0.00030	0.00026	0.00034	0.00032	0.00020	0.13649	0.80252	0.04350	0.01371	0.00045	0.00037	0.00017	0.00013	4.2e-05	0.00011	0.00014	0.00013	0.00020
18	0.01693	0.02838	0.00492	0.00022	0.00032	0.00560	0.00019	0.01719	0.00757	0.89047	0.00047	0.00042	0.00030	0.00016	0.00504	0.01331	0.00011	0.00012	0.00805	0.00021
19	0.00530	0.00028	0.00047	0.18334	0.61940	0.00029	0.06715	0.01524	0.01912	0.03503	0.03504	0.00036	0.00024	0.00013	0.00013	3.9e-05	0.00015	0.00765	0.00555	0.00511
20	0.00026	0.00021	0.00614	0.00019	0.00028	0.00016	0.00015	0.00032	0.01348	0.06186	0.05810	0.04698	0.07601	0.00014	0.00011	2.5e-05	9e-05	0.00656	9e-05	0.72884
21	0.04214	0.07288	0.01644	0.01229	0.01705	0.02350	0.00769	0.31957	0.33213	0.02205	0.00642	0.01144	0.00528	0.00290	0.00012	3.8e-05	0.00409	0.00522	0.00400	0.09478

[dist]
# distance from previous block
# <min> <max>
0	15

[block]
# block no. 2 follows, 2734 sequences, length 10
# corresponding to MSA columns:
# 205-214
name=unknown_C
#
# <colnr> <probs for GDERKNQSTAVLIFYWHMCP>
#	G	D	E	R	K	N	Q	S	T	A	V	L	I	F	Y	W	H	M	C	P
0	0.00610	0.00922	0.01458	0.00018	0.00682	0.00593	0.00625	0.00032	0.01722	0.19156	0.37577	0.01167	0.24050	0.01286	0.02611	0.00676	0.01030	0.00621	0.03109	0.02057
1	0.00027	0.01159	0.03828	0.04843	0.10150	0.00755	0.03290	0.01324	0.02591	0.01686	0.02583	0.01919	0.01770	0.01758	0.00649	3e-05	0.01512	0.00602	0.00567	0.58983
2	0.00027	0.00027	0.00037	0.00032	0.00033	0.01721	0.01973	0.00030	0.00020	0.00031	0.00020	0.02937	0.00020	0.02629	0.05079	6.4e-05	0.85347	0.00012	5.9e-05	0.00014
3	0.01588	0.00847	0.01708	0.12252	0.03268	0.00030	0.01054	0.00679	0.00022	0.02217	0.00775	0.03165	0.00024	0.04107	0.15379	0.00720	0.50627	0.00652	0.00872	0.00014
4	0.01451	0.00013	0.00017	0.01021	0.00021	0.00012	0.02608	0.00020	0.00025	0.01094	0.01688	0.72442	0.01205	0.09007	0.00020	5.7e-05	8.6e-05	0.07545	0.01786	0.00011
5	0.00017	0.00013	0.00016	0.00016	0.00019	0.00012	0.00012	0.00021	0.01461	0.00035	0.13273	0.14320	0.42545	0.04709	0.21823	8.3e-05	0.00013	0.01666	0.00011	0.00011
6	0.23674	0.60121	0.01332	0.00023	0.00032	0.06321	0.02792	0.02378	0.00026	0.01839	0.00019	0.00022	0.00016	0.00012	9.1e-05	3.2e-05	0.01351	7.4e-05	6.4e-05	0.00016
7	0.00021	0.01015	0.05096	0.00726	0.00645	0.02548	0.00953	0.02167	0.02900	0.01684	0.17806	0.05695	0.30661	0.06635	0.06464	0.00576	0.11568	0.00748	0.02079	0.00012
8	0.00023	0.00017	0.00023	0.10526	0.08176	0.00727	0.01240	0.00938	0.01241	0.06624	0.24507	0.25268	0.08120	0.00942	0.01128	0.03427	0.02124	0.01138	0.03796	0.00013
9	0.01269	0.38856	0.15397	0.00782	0.01407	0.04435	0.01086	0.15617	0.02125	0.02118	0.00591	0.00861	0.00020	0.01203	0.00784	0.01118	0.03539	0.00647	0.00620	0.07524

[dist]
# distance from previous block
# <min> <max>
2	40

[block]
# block no. 3 follows, 2734 sequences, length 15
# corresponding to MSA columns:
# 257-271
name=unknown_D
#
# <colnr> <probs for GDERKNQSTAVLIFYWHMCP>
#	G	D	E	R	K	N	Q	S	T	A	V	L	I	F	Y	W	H	M	C	P
0	0.00928	0.07596	0.11595	0.03910	0.02734	0.06746	0.01135	0.14675	0.12640	0.11831	0.03849	0.00994	0.01606	0.00828	0.01741	0.00380	0.01102	0.00425	0.00446	0.14837
1	0.01075	0.00015	0.00019	0.00019	0.00021	0.00517	0.00014	0.02817	0.00532	0.09489	0.03021	0.02390	0.02087	0.25557	0.43421	0.02195	0.00519	0.02881	0.03400	0.00012
2	0.00045	0.03219	0.00785	0.00907	0.00038	0.08922	0.00024	0.69208	0.12496	0.01590	0.00032	0.00032	0.00023	0.00015	0.00013	3.8e-05	0.01744	0.00011	0.00873	0.00020
3	0.00033	0.00017	0.00022	0.00019	0.00025	0.00016	0.00015	0.00962	0.06581	0.34969	0.46699	0.06040	0.02694	0.00022	0.00014	4e-05	8.1e-05	0.00019	0.00963	0.00878
4	0.24556	0.00517	0.00577	0.00601	0.02329	0.00617	0.01596	0.04837	0.01161	0.46497	0.07181	0.00043	0.00734	0.02520	0.02507	4.6e-05	0.00903	0.01917	0.00401	0.00501
5	0.01112	0.24976	0.14564	0.12955	0.05206	0.03370	0.09370	0.01496	0.01137	0.07033	0.01448	0.07117	0.02106	0.00421	0.00489	0.02117	0.03404	0.01104	0.00560	0.00016
6	0.00996	0.00013	0.00016	0.00016	0.00017	0.00013	0.01049	0.00020	0.00019	0.00026	0.01045	0.00069	0.00040	0.58358	0.20091	0.16463	0.00016	0.01717	7.3e-05	8.3e-05
7	0.00724	0.00027	0.06780	0.10455	0.06082	0.00462	0.32575	0.01360	0.00956	0.07668	0.12580	0.12736	0.02180	0.00713	0.01796	4.6e-05	0.00680	0.00482	0.01721	0.00016
8	0.02872	0.06303	0.15553	0.18097	0.12740	0.03184	0.08045	0.05982	0.07572	0.09624	0.01809	0.01134	0.01267	0.00626	0.00666	0.00352	0.02165	0.00713	0.00857	0.00440
9	0.00557	0.31070	0.13371	0.07612	0.02215	0.01228	0.06346	0.02187	0.00466	0.06752	0.00686	0.13693	0.00793	0.00456	0.01365	0.00498	0.01454	0.08688	0.00547	0.00016
10	0.02633	0.00020	0.00026	0.00021	0.00029	0.00018	0.00017	0.03610	0.02728	0.67775	0.15030	0.01717	0.01905	0.00798	0.00013	4e-05	9.9e-05	0.00707	0.02918	0.00019
11	0.01975	0.01940	0.07114	0.22492	0.10056	0.03918	0.04927	0.04319	0.05764	0.04856	0.04146	0.15508	0.03725	0.00409	0.02056	0.00658	0.00898	0.03392	0.01832	0.00015
12	0.01438	0.05800	0.13307	0.12063	0.13789	0.03487	0.08472	0.03410	0.02351	0.22137	0.02347	0.02159	0.00639	0.00472	0.00627	4e-05	0.02064	0.00803	0.00783	0.03846
13	0.00030	0.03607	0.10042	0.02762	0.06086	0.00447	0.02738	0.01288	0.04984	0.21856	0.04505	0.25982	0.06026	0.00956	0.02284	0.00775	0.01399	0.00571	0.03647	0.00016
14	0.00018	0.00014	0.00725	0.00648	0.00879	0.00012	0.00012	0.00681	0.01144	0.02968	0.10501	0.16139	0.53209	0.01742	0.00016	4.6e-05	7.6e-05	0.09856	0.01411	0.00011

[dist]
# distance from previous block
# <min> <max>
3	48

[block]
# block no. 4 follows, 2734 sequences, length 16
# corresponding to MSA columns:
# 326-341
name=unknown_E
#
# <colnr> <probs for GDERKNQSTAVLIFYWHMCP>
#	G	D	E	R	K	N	Q	S	T	A	V	L	I	F	Y	W	H	M	C	P
0	0.00027	0.00021	0.00026	0.00019	0.00029	0.00017	0.01175	0.00878	0.00584	0.07132	0.07717	0.03230	0.01901	0.00807	0.00542	2.6e-05	9.4e-05	0.00631	0.00641	0.74610
1	0.00016	0.00012	0.00014	0.00015	0.00018	0.00011	0.00011	0.00019	0.00029	0.00037	0.18254	0.24571	0.48962	0.04214	0.00017	4.8e-05	6.9e-05	0.02521	0.01256	0.00011
2	0.00017	0.00013	0.00016	0.00017	0.00019	0.00012	0.01674	0.00020	0.00027	0.00883	0.17603	0.45502	0.20992	0.06227	0.00727	0.00736	7.9e-05	0.05486	0.00012	0.00011
3	0.00023	0.00824	0.00019	0.00017	0.00021	0.00014	0.00013	0.02086	0.04943	0.09834	0.72383	0.02748	0.02777	0.00024	0.00014	4e-05	6.9e-05	0.00021	0.04212	0.00013
4	0.96304	0.00024	0.00019	0.00017	0.00025	0.00028	0.00014	0.00038	0.00022	0.03392	0.00019	0.00021	0.00014	0.00012	8e-05	3.9e-05	9.8e-05	7.1e-05	8.1e-05	0.00014
5	0.99644	0.00025	0.00019	0.00017	0.00025	0.00028	0.00014	0.00037	0.00022	0.00057	0.00018	0.00021	0.00014	0.00012	7.8e-05	3.9e-05	9.8e-05	6.9e-05	7.8e-05	0.00014
6	0.00036	0.00029	0.00031	0.00026	0.00034	0.00033	0.00021	0.24013	0.72568	0.02992	0.00046	0.00043	0.00034	0.00017	0.00013	4.2e-05	0.00011	0.00014	0.00013	0.00020
7	0.62904	0.00022	0.00020	0.00019	0.00025	0.00513	0.00016	0.00891	0.01803	0.03802	0.00603	0.03917	0.00526	0.00985	0.00527	0.00462	0.00500	0.21118	9.2e-05	0.01339
8	0.00017	0.00012	0.00016	0.00018	0.00020	0.00012	0.01808	0.00019	0.00024	0.00032	0.00063	0.69145	0.00075	0.15391	0.01887	6.6e-05	9.4e-05	0.11424	0.00011	0.00010
9	0.00019	0.00014	0.00020	0.00020	0.00022	0.01736	0.00016	0.00023	0.00020	0.00029	0.00034	0.00050	0.00032	0.03819	0.91972	0.02110	0.00032	0.00014	6.8e-05	0.00011
10	0.00019	0.00014	0.01565	0.00017	0.00019	0.00790	0.00764	0.00653	0.00947	0.03589	0.13316	0.17517	0.25535	0.22440	0.10820	0.00998	0.00012	0.00962	0.00011	0.00011
11	0.00031	0.06909	0.02003	0.21496	0.28069	0.10739	0.16068	0.02536	0.01027	0.01835	0.00025	0.00878	0.00020	0.00016	0.03853	4.6e-05	0.03385	0.01083	6.6e-05	0.00017
12	0.03870	0.00025	0.00030	0.00829	0.00033	0.01774	0.00482	0.19661	0.03315	0.61586	0.03572	0.00841	0.01093	0.00511	0.00013	4e-05	0.01356	0.00492	0.00493	0.00020
13	0.00615	0.00012	0.00016	0.00017	0.00019	0.00012	0.00012	0.00022	0.02133	0.04277	0.16829	0.62867	0.07763	0.02254	0.00606	0.01162	7.6e-05	0.00769	0.00595	0.00011
14	0.00022	0.00428	0.01288	0.02040	0.01623	0.00415	0.02518	0.01644	0.14716	0.03449	0.15594	0.34672	0.11980	0.01783	0.00431	0.00625	0.00372	0.01877	0.04510	0.00013
15	0.05635	0.19662	0.23375	0.03645	0.05674	0.05414	0.06540	0.01232	0.00922	0.01040	0.00568	0.01385	0.00525	0.04103	0.13348	0.00369	0.04347	0.00866	0.01335	0.00016

[dist]
# distance from previous block
# <min> <max>
7	17

[block]
# block no. 5 follows, 2734 sequences, length 6
# corresponding to MSA columns:
# 369,387-391
name=unknown_F
#
# <colnr> <probs for GDERKNQSTAVLIFYWHMCP>
#	G	D	E	R	K	N	Q	S	T	A	V	L	I	F	Y	W	H	M	C	P
0	0.01021	0.01026	0.01035	0.02810	0.01273	0.01637	0.02516	0.01283	0.04279	0.02228	0.29569	0.10676	0.21844	0.07379	0.07972	0.01247	0.00011	0.01205	0.00978	0.00012
1	0.01084	0.01868	0.01501	0.75841	0.03406	0.01081	0.02811	0.01708	0.01779	0.01189	0.01496	0.01195	0.01553	0.01074	0.00014	4.3e-05	0.01322	0.01053	6.4e-05	0.00015
2	0.01150	0.05365	0.21310	0.05449	0.07823	0.03844	0.10961	0.04320	0.03033	0.21155	0.01787	0.02420	0.01614	0.00903	0.01473	0.01453	0.01589	0.01159	0.00970	0.02223
3	0.01635	0.02085	0.15555	0.15231	0.17113	0.02477	0.12409	0.02236	0.02427	0.10290	0.01550	0.03811	0.02172	0.01043	0.04115	0.01001	0.02860	0.01063	7.9e-05	0.00919
4	0.01261	0.00015	0.01712	0.01000	0.01232	0.00014	0.01588	0.02376	0.01899	0.07504	0.05764	0.39755	0.09377	0.02746	0.04481	0.10722	0.01040	0.06480	0.01021	0.00012
5	0.01932	0.06203	0.34417	0.10416	0.04943	0.06186	0.06444	0.02830	0.04874	0.07123	0.01401	0.02800	0.01900	0.01418	0.02149	0.01305	0.01204	0.02431	7.6e-05	0.00017

[dist]
# distance from previous block
# <min> <max>
18	35

[block]
# block no. 6 follows, 2734 sequences, length 13
# corresponding to MSA columns:
# 483-491,502-505
name=unknown_G
#
# <colnr> <probs for GDERKNQSTAVLIFYWHMCP>
#	G	D	E	R	K	N	Q	S	T	A	V	L	I	F	Y	W	H	M	C	P
0	0.01274	0.44717	0.00976	0.00029	0.01761	0.45802	0.01784	0.01253	0.01104	0.00032	0.00019	0.00022	0.00017	0.00012	0.00010	3.1e-05	0.01154	7.8e-05	6.2e-05	0.00016
1	0.03454	0.00493	0.00919	0.20864	0.06499	0.00444	0.03140	0.11103	0.11140	0.04323	0.07523	0.03948	0.04929	0.01466	0.01346	0.00421	0.02964	0.00529	9.3e-05	0.14483
2	0.00667	0.00027	0.00048	0.30090	0.10530	0.01751	0.32439	0.00685	0.02222	0.01610	0.05138	0.00902	0.00650	0.00714	0.04547	5e-05	0.05745	0.01274	7e-05	0.00949
3	0.00024	0.00023	0.00040	0.91792	0.04236	0.00028	0.03613	0.00033	0.00026	0.00033	0.00023	0.00034	0.00017	0.00013	0.00013	4.2e-05	0.00017	0.00011	5.7e-05	0.00014
4	0.00021	0.00015	0.00018	0.00939	0.00021	0.01592	0.00013	0.01626	0.05189	0.05899	0.28283	0.27721	0.24704	0.00030	0.00015	4.5e-05	7.7e-05	0.03877	0.00013	0.00012
5	0.00638	0.00019	0.03418	0.00987	0.02070	0.01065	0.06236	0.05020	0.03589	0.03511	0.14493	0.12402	0.38642	0.00765	0.00668	4.5e-05	0.00480	0.05411	0.00570	0.00013
6	0.00025	0.00024	0.00038	0.93386	0.00084	0.02912	0.00035	0.00033	0.00025	0.00032	0.00022	0.00033	0.00017	0.00013	0.00014	4.2e-05	0.03272	0.00011	5.7e-05	0.00014
7	0.02542	0.00022	0.00029	0.03216	0.00613	0.00655	0.00575	0.03114	0.00940	0.80654	0.01114	0.01791	0.00638	0.02652	0.00698	4.3e-05	0.00011	0.00698	0.00014	0.00020
8	0.00017	0.00012	0.00015	0.00017	0.00019	0.00011	0.00012	0.00020	0.00809	0.01241	0.06477	0.66413	0.11899	0.02530	0.04235	0.03247	0.00911	0.01295	0.00810	0.00011
9	0.00935	0.01136	0.82921	0.00034	0.00719	0.00029	0.01051	0.01870	0.01358	0.06213	0.00945	0.01289	0.00019	0.00013	0.00702	4.1e-05	0.00018	0.00010	0.00715	0.00019
10	0.00019	0.00014	0.00017	0.00737	0.00020	0.00013	0.00013	0.01438	0.02530	0.02462	0.55916	0.07564	0.17813	0.04336	0.04711	5.3e-05	0.01006	0.01360	0.00013	0.00012
11	0.01096	0.01377	0.00893	0.00540	0.02006	0.00843	0.01179	0.02912	0.00877	0.06603	0.04505	0.09071	0.12485	0.16467	0.21235	0.01909	0.03672	0.01194	0.11122	0.00012
12	0.00653	0.03794	0.19463	0.14603	0.06907	0.00700	0.04369	0.02107	0.03064	0.02204	0.00901	0.15055	0.02841	0.03905	0.07677	0.01237	0.06795	0.03270	0.00441	0.00015

[dist]
# distance from previous block
# <min> <max>
24	65

[block]
# block no. 7 follows, 2734 sequences, length 13
# corresponding to MSA columns:
# 631-643
name=unknown_H
#
# <colnr> <probs for GDERKNQSTAVLIFYWHMCP>
#	G	D	E	R	K	N	Q	S	T	A	V	L	I	F	Y	W	H	M	C	P
0	0.00781	0.00013	0.01030	0.00707	0.00020	0.00012	0.00841	0.00707	0.00025	0.01329	0.01575	0.83011	0.04482	0.00038	0.00927	0.00672	0.01887	0.01920	0.00011	0.00011
1	0.00871	0.10892	0.02949	0.08079	0.03596	0.03103	0.00594	0.00950	0.02334	0.01768	0.01992	0.00534	0.00870	0.01480	0.34486	0.01909	0.22190	0.00441	0.00458	0.00503
2	0.01251	0.10477	0.21745	0.08938	0.07848	0.02968	0.15027	0.04768	0.02456	0.11067	0.01379	0.01190	0.00473	0.00678	0.00517	3.9e-05	0.01731	0.00427	0.01023	0.06034
3	0.01372	0.00024	0.00812	0.74774	0.05905	0.02381	0.01066	0.00837	0.02309	0.04404	0.00028	0.01969	0.02456	0.00014	0.00013	4.2e-05	0.00942	0.00668	6.7e-05	0.00015
4	0.00016	0.00013	0.00014	0.00014	0.00018	0.00011	0.00010	0.00020	0.00993	0.01171	0.05024	0.07979	0.76519	0.01041	0.00015	4.4e-05	6.7e-05	0.01561	0.05558	0.00011
5	0.02103	0.15363	0.21286	0.04003	0.01957	0.23001	0.01844	0.01926	0.01120	0.16638	0.00795	0.01387	0.01782	0.00015	0.00790	0.00944	0.03920	0.00562	0.00547	0.00017
6	0.01591	0.04033	0.11604	0.14879	0.08558	0.02166	0.19633	0.03176	0.02739	0.10692	0.01519	0.11220	0.02603	0.00460	0.00555	4.3e-05	0.02702	0.01360	0.00488	0.00016
7	0.00024	0.00023	0.00038	0.99524	0.00087	0.00028	0.00035	0.00032	0.00025	0.00032	0.00023	0.00034	0.00017	0.00013	0.00013	4.2e-05	0.00017	0.00011	5.6e-05	0.00014
8	0.00676	0.00016	0.00019	0.00018	0.00021	0.00016	0.00013	0.02160	0.16322	0.04561	0.34626	0.05985	0.04460	0.26957	0.01503	0.00697	9.4e-05	0.01005	0.00925	0.00013
9	0.01561	0.32973	0.17401	0.07670	0.05299	0.02781	0.06801	0.02885	0.01413	0.04866	0.02232	0.03524	0.01844	0.00568	0.01211	4e-05	0.05698	0.00770	0.00482	0.00016
10	0.03133	0.01372	0.07050	0.06730	0.13301	0.03329	0.19058	0.02558	0.04235	0.14026	0.02347	0.10303	0.05426	0.00720	0.00826	0.00944	0.01422	0.02599	0.00602	0.00016
11	0.00020	0.00015	0.00022	0.00024	0.00027	0.00015	0.04043	0.00026	0.00029	0.00037	0.00067	0.02881	0.03401	0.01330	0.00018	0.01346	0.00012	0.86664	0.00011	0.00012
12	0.00018	0.00585	0.00630	0.01259	0.00635	0.00013	0.00013	0.00553	0.00625	0.01592	0.09088	0.32972	0.15652	0.17876	0.02449	0.06315	0.00581	0.09124	0.00011	0.00010

[dist]
# distance from previous block
# <min> <max>
4	9

[block]
# block no. 8 follows, 2734 sequences, length 6
# corresponding to MSA columns:
# 657-662
name=unknown_I
#
# <colnr> <probs for GDERKNQSTAVLIFYWHMCP>
#	G	D	E	R	K	N	Q	S	T	A	V	L	I	F	Y	W	H	M	C	P
0	0.01859	0.24350	0.29066	0.01561	0.04624	0.03987	0.04400	0.03489	0.01879	0.09788	0.08180	0.01065	0.01339	0.00015	0.01028	3.8e-05	0.01179	0.00011	0.00995	0.01182
1	0.00028	0.07192	0.86793	0.00034	0.00052	0.00030	0.00043	0.00041	0.00027	0.05611	0.00024	0.00027	0.00017	0.00012	0.00012	3.9e-05	0.00018	9.4e-05	5.9e-05	0.00019
2	0.01469	0.00021	0.07148	0.00020	0.00026	0.01429	0.00017	0.01466	0.02913	0.28424	0.45883	0.01718	0.03451	0.01455	0.00015	4.1e-05	9e-05	0.02174	0.02342	0.00015
3	0.01041	0.01054	0.12867	0.26943	0.15381	0.01118	0.07406	0.02132	0.07192	0.11754	0.01833	0.01741	0.02395	0.01037	0.01017	0.00886	0.01450	0.01268	0.01469	0.00017
4	0.04396	0.03967	0.02947	0.09853	0.06795	0.04055	0.04110	0.05242	0.03362	0.21046	0.08558	0.08675	0.01199	0.02248	0.02557	0.06046	0.02329	0.01590	0.01008	0.00016
5	0.00021	0.00015	0.01704	0.01685	0.00022	0.02001	0.00014	0.00024	0.00026	0.09604	0.05310	0.64695	0.04738	0.03476	0.02207	5.5e-05	9.2e-05	0.04419	0.00012	0.00012

[dist]
# distance from previous block
# <min> <max>
6	17

[block]
# block no. 9 follows, 2734 sequences, length 13
# corresponding to MSA columns:
# 701-713
name=unknown_J
#
# <colnr> <probs for GDERKNQSTAVLIFYWHMCP>
#	G	D	E	R	K	N	Q	S	T	A	V	L	I	F	Y	W	H	M	C	P
0	0.03497	0.00018	0.00452	0.02595	0.01479	0.01683	0.01934	0.06696	0.01507	0.04128	0.04495	0.21688	0.07612	0.04744	0.00674	0.03022	0.00585	0.29965	0.01378	0.01848
1	0.00836	0.00924	0.01316	0.33202	0.26556	0.06012	0.18601	0.04069	0.02429	0.00968	0.00026	0.01524	0.00521	0.00818	0.00014	4.1e-05	0.01031	0.00585	0.00546	0.00017
2	0.16923	0.00023	0.00026	0.00021	0.00030	0.00022	0.00825	0.06337	0.11281	0.50960	0.01356	0.00866	0.02721	0.00016	0.00012	3.9e-05	0.00010	0.00012	0.07606	0.00949
3	0.00017	0.00014	0.00016	0.00016	0.00019	0.00013	0.00012	0.00021	0.01080	0.00037	0.21189	0.16415	0.51988	0.01494	0.00885	4.6e-05	0.04919	0.00026	0.00929	0.00908
4	0.94336	0.00025	0.00019	0.00017	0.00025	0.00028	0.00014	0.02599	0.00023	0.02795	0.00019	0.00021	0.00014	0.00012	8.1e-05	3.9e-05	9.9e-05	7.1e-05	8.2e-05	0.00014
5	0.00838	0.00014	0.00020	0.00723	0.00023	0.00016	0.00015	0.00803	0.00801	0.01873	0.10952	0.02480	0.02577	0.00974	0.73549	0.00016	0.00027	0.02278	0.02010	0.00012
6	0.01477	0.00517	0.00841	0.31779	0.24909	0.02894	0.04089	0.02796	0.01259	0.12621	0.00835	0.00605	0.00704	0.00013	0.00013	0.00529	0.02266	0.00480	7.8e-05	0.11366
7	0.01147	0.02066	0.54431	0.00040	0.00055	0.00030	0.31766	0.00864	0.00028	0.02832	0.00025	0.00754	0.00018	0.00013	0.00727	0.00838	0.02434	0.00011	6.2e-05	0.01916
8	0.00809	0.00014	0.00018	0.00017	0.00021	0.00013	0.00013	0.00659	0.01607	0.14892	0.12937	0.26241	0.17894	0.13856	0.00827	0.01461	8.9e-05	0.07306	0.00756	0.00649
9	0.01612	0.00016	0.00523	0.03819	0.02113	0.01051	0.00807	0.01221	0.02168	0.08920	0.04536	0.20925	0.15444	0.15127	0.02233	0.13003	0.00699	0.03411	0.01816	0.00557
10	0.03592	0.12970	0.11954	0.05150	0.02196	0.01124	0.09593	0.05338	0.00954	0.27642	0.00034	0.03407	0.01127	0.00662	0.00861	0.00639	0.00626	0.00852	0.00501	0.10778
11	0.00599	0.01120	0.01694	0.00022	0.00024	0.00019	0.01138	0.00593	0.01029	0.04785	0.05908	0.04206	0.01074	0.07590	0.46110	0.04104	0.13074	0.04524	0.02374	0.00012
12	0.00485	0.00541	0.01352	0.00639	0.00970	0.00809	0.00629	0.00582	0.00025	0.02336	0.03951	0.57564	0.06933	0.15745	0.00501	0.01149	0.01660	0.03455	0.00664	0.00011

[dist]
# distance from previous block
# <min> <max>
4	60

[block]
# block no. 10 follows, 2734 sequences, length 19
# corresponding to MSA columns:
# 807,817-834
name=unknown_K
#
# <colnr> <probs for GDERKNQSTAVLIFYWHMCP>
#	G	D	E	R	K	N	Q	S	T	A	V	L	I	F	Y	W	H	M	C	P
0	0.01814	0.21635	0.33595	0.02081	0.02553	0.04539	0.03505	0.03337	0.01612	0.17303	0.00827	0.00699	0.00417	0.00431	0.00691	3.8e-05	0.00622	0.00493	8e-05	0.03837
1	0.01683	0.16689	0.48640	0.01447	0.00918	0.00827	0.06728	0.01636	0.05588	0.05133	0.00527	0.00869	0.00740	0.05363	0.00387	0.00686	0.00917	0.00534	0.00294	0.00393
2	0.00612	0.00020	0.00026	0.00844	0.00030	0.00019	0.00018	0.06328	0.02848	0.58355	0.01889	0.05579	0.02618	0.02147	0.00542	0.00406	0.00011	0.13311	0.03985	0.00414
3	0.00699	0.00450	0.03446	0.11097	0.04264	0.00394	0.02679	0.02541	0.02515	0.04588	0.25336	0.07838	0.27694	0.01869	0.00555	0.00303	0.00768	0.01603	0.00813	0.00549
4	0.00760	0.09937	0.35416	0.05817	0.01329	0.03416	0.03747	0.07995	0.04021	0.16031	0.00535	0.00911	0.00323	0.01648	0.05198	4.9e-05	0.00961	0.00876	0.00537	0.00536
5	0.01248	0.05084	0.09359	0.19359	0.13340	0.02257	0.09421	0.02700	0.01757	0.07334	0.01334	0.18185	0.03358	0.00322	0.01317	0.00319	0.01159	0.01185	0.00390	0.00571
6	0.12708	0.02496	0.00021	0.00018	0.00023	0.00019	0.00014	0.03640	0.11970	0.12366	0.04604	0.12415	0.32953	0.00557	0.01318	0.02053	9e-05	0.02216	0.00588	0.00014
7	0.00375	0.00023	0.00611	0.01749	0.36262	0.01465	0.07240	0.01695	0.02938	0.07669	0.10933	0.04408	0.20005	0.02085	0.01052	0.00467	0.00360	0.00017	0.00630	0.00016
8	0.00503	0.00497	0.00040	0.14649	0.14308	0.00461	0.21882	0.02819	0.05753	0.07712	0.03763	0.05760	0.08687	0.04676	0.02828	5e-05	0.00613	0.01830	0.03197	0.00016
9	0.05975	0.06422	0.02461	0.05779	0.02712	0.18491	0.01614	0.02856	0.03937	0.35379	0.00377	0.01412	0.00348	0.00443	0.00398	4.1e-05	0.10990	0.00375	0.00010	0.00018
10	0.00033	0.00028	0.00031	0.00026	0.00034	0.00755	0.03588	0.15293	0.69992	0.00054	0.01424	0.00047	0.01023	0.05388	0.00016	4.6e-05	0.01550	0.00014	0.00681	0.00019
11	0.01475	0.03596	0.00039	0.68544	0.09144	0.00857	0.01042	0.00346	0.00026	0.00485	0.00471	0.00756	0.00381	0.01276	0.00372	0.01092	0.03731	0.00479	0.00500	0.05390
12	0.00032	0.00417	0.00873	0.30926	0.03716	0.03975	0.31628	0.00952	0.00766	0.14016	0.00668	0.02518	0.00735	0.00014	0.00016	0.00525	0.07504	0.00356	0.00347	0.00016
13	0.00017	0.00013	0.00017	0.00018	0.00019	0.00013	0.00013	0.00020	0.00022	0.00030	0.00890	0.28923	0.05417	0.21062	0.41595	0.00013	0.00839	0.01060	8.8e-05	0.00010
14	0.01189	0.00021	0.00028	0.00023	0.00031	0.00019	0.03896	0.02027	0.02038	0.70611	0.08360	0.05419	0.02268	0.00478	0.01317	4.3e-05	0.00011	0.00747	0.01495	0.00019
15	0.00029	0.00028	0.00046	0.20777	0.71637	0.00029	0.00036	0.01816	0.00028	0.00040	0.00026	0.05402	0.00023	0.00013	0.00013	3.9e-05	0.00015	0.00013	6.5e-05	0.00018
16	0.00027	0.03599	0.00041	0.76551	0.06842	0.05905	0.02216	0.01367	0.00027	0.00818	0.00023	0.00032	0.00017	0.00013	0.00013	4.1e-05	0.02474	0.00011	5.9e-05	0.00015
17	0.05406	0.00035	0.00070	0.00051	0.00063	0.03602	0.90497	0.00041	0.00030	0.00041	0.00025	0.00033	0.00019	0.00011	0.00014	4.2e-05	0.00021	0.00014	6.5e-05	0.00017
18	0.00774	0.01733	0.01904	0.12696	0.01406	0.01089	0.00382	0.06416	0.01160	0.02143	0.02053	0.33538	0.08172	0.04382	0.05812	0.00381	0.00352	0.14507	0.00628	0.00473

[dist]
# distance from previous block
# <min> <max>
0	782

# created by:
# /home/cegg/simao/soft/augustus-3.2.1/scripts/msa2prfl.pl ./align_prep/POG091H00NK.fa
