[name]
unknown

[dist]
# distance from previous block
# <min> <max>
0	298

[block]
# block no. 0 follows, 3315 sequences, length 18
# corresponding to MSA columns:
# 581-598
name=unknown_A
#
# <colnr> <probs for GDERKNQSTAVLIFYWHMCP>
#	G	D	E	R	K	N	Q	S	T	A	V	L	I	F	Y	W	H	M	C	P
0	0.04572	0.00954	0.02624	0.00516	0.03563	0.26634	0.02288	0.19504	0.05502	0.14947	0.06492	0.00999	0.03112	0.00615	0.00752	3.3e-05	0.01116	0.05252	8.6e-05	0.00546
1	0.00325	0.01179	0.05993	0.03437	0.17510	0.03294	0.04435	0.07890	0.15226	0.02625	0.15472	0.02339	0.16246	0.01173	0.01154	3.6e-05	0.00331	0.00413	0.00634	0.00320
2	0.99706	0.00020	0.00015	0.00014	0.00020	0.00023	0.00011	0.00031	0.00018	0.00047	0.00015	0.00017	0.00011	9.7e-05	6.5e-05	3.2e-05	8.1e-05	5.7e-05	6.5e-05	0.00011
3	0.00023	0.00022	0.02849	0.24726	0.42321	0.00941	0.01471	0.01524	0.05045	0.00525	0.04382	0.01306	0.04922	0.00946	0.04530	4e-05	0.03694	0.00394	0.00363	0.00014
4	0.00014	0.00011	0.00012	0.00012	0.00015	9.6e-05	8.9e-05	0.00018	0.01658	0.01479	0.36024	0.01859	0.58794	0.00024	0.00012	3.5e-05	5.3e-05	0.00021	0.00010	9.5e-05
5	0.00022	0.00017	0.00797	0.01910	0.03085	0.00440	0.02471	0.08799	0.20120	0.08038	0.38295	0.01406	0.12135	0.01046	0.00663	3.5e-05	0.00713	0.00016	0.00010	0.00013
6	0.00612	0.02049	0.04683	0.11406	0.04406	0.00557	0.69629	0.03002	0.00680	0.01880	0.00980	0.00028	0.00017	9.4e-05	0.00012	3.4e-05	0.00016	0.00011	5.6e-05	0.00014
7	0.00014	0.00011	0.00013	0.00012	0.00015	9.5e-05	9.1e-05	0.00018	0.00027	0.01480	0.52417	0.01203	0.40842	0.00023	0.00012	3.4e-05	5.2e-05	0.00020	0.03856	9.5e-05
8	0.00017	0.00013	0.00016	0.00781	0.01372	0.00574	0.02225	0.05934	0.05888	0.01219	0.05161	0.05052	0.59118	0.01496	0.00013	3.8e-05	7e-05	0.11089	9.7e-05	0.00010
9	0.92094	0.00021	0.00017	0.00015	0.00022	0.00024	0.03082	0.01997	0.01389	0.00047	0.00015	0.00018	0.00012	9.8e-05	6.8e-05	3.2e-05	8.5e-05	6e-05	6.6e-05	0.01206
10	0.00031	0.00019	0.00023	0.00017	0.00025	0.00828	0.00014	0.07605	0.01190	0.31915	0.05597	0.00030	0.00024	0.00011	9.1e-05	2.3e-05	8.3e-05	8.6e-05	0.00811	0.51832
11	0.00016	0.00011	0.00014	0.00013	0.00016	0.00010	0.00010	0.00021	0.03184	0.02580	0.89976	0.00077	0.03988	0.00021	0.00012	3.3e-05	5.2e-05	0.00019	0.00011	0.00010
12	0.00014	0.00011	0.00013	0.00013	0.00015	9.6e-05	9.5e-05	0.00018	0.00028	0.00038	0.70813	0.06391	0.19173	0.02182	0.00013	3.6e-05	5.2e-05	0.01230	0.00011	9.5e-05
13	0.00028	0.94030	0.01945	0.01713	0.00028	0.02060	0.00019	0.00031	0.00021	0.00025	0.00015	0.00017	0.00013	9e-05	6.9e-05	2.3e-05	0.00011	5.7e-05	4.5e-05	0.00013
14	0.00017	0.00011	0.00014	0.00013	0.00016	0.00010	0.0001	0.00022	0.00028	0.08469	0.66721	0.02267	0.17703	0.01151	0.00013	3.4e-05	5.5e-05	0.01382	0.02133	0.00010
15	0.00340	0.02069	0.45298	0.05087	0.19019	0.00370	0.09206	0.03922	0.00854	0.03529	0.03546	0.00757	0.00900	0.01276	0.01776	3.6e-05	0.00988	0.00667	0.00377	0.00015
16	0.00015	0.00010	0.00012	0.00012	0.00012	0.00010	6.5e-05	0.00015	0.00015	0.00021	0.00034	0.00069	0.02037	0.95408	0.02276	0.00010	0.00010	0.00015	6.4e-05	6.5e-05
17	0.01664	0.10097	0.22616	0.00745	0.02124	0.03081	0.01366	0.05095	0.02074	0.06928	0.02426	0.00380	0.00422	0.00366	9e-05	2.5e-05	0.00011	0.00491	6.5e-05	0.40095

[dist]
# distance from previous block
# <min> <max>
2	10

[block]
# block no. 1 follows, 3315 sequences, length 10
# corresponding to MSA columns:
# 609-618
name=unknown_B
#
# <colnr> <probs for GDERKNQSTAVLIFYWHMCP>
#	G	D	E	R	K	N	Q	S	T	A	V	L	I	F	Y	W	H	M	C	P
0	0.01245	0.00011	0.00015	0.00016	0.00017	0.00010	0.02246	0.01160	0.01381	0.01153	0.17391	0.53851	0.08227	0.00028	0.00013	4e-05	6.7e-05	0.13206	9.9e-05	9.4e-05
1	0.00022	0.00019	0.00022	0.00015	0.00025	0.00014	0.00012	0.00026	0.00022	0.00034	0.00019	0.00022	0.00015	7.7e-05	7.7e-05	1.5e-05	7.7e-05	6.2e-05	6.2e-05	0.99696
2	0.01355	0.08937	0.20172	0.07316	0.18949	0.07623	0.02920	0.05534	0.02300	0.13040	0.00600	0.00834	0.00573	0.00878	0.01763	3.4e-05	0.01327	0.00675	0.00619	0.04581
3	0.00013	0.00011	0.00013	0.00013	0.00016	9.5e-05	0.02710	0.00017	0.00024	0.00031	0.18840	0.14373	0.61409	0.00026	0.00013	3.6e-05	5.8e-05	0.02454	9.9e-05	9.1e-05
4	0.00827	0.00839	0.00859	0.02946	0.03667	0.12188	0.01084	0.00022	0.00907	0.00025	0.00030	0.14300	0.00031	0.12194	0.45019	0.00010	0.03724	0.01310	6.3e-05	9.8e-05
5	0.00896	0.29542	0.09657	0.00751	0.00031	0.44446	0.00963	0.02794	0.03997	0.00890	0.00743	0.00021	0.00015	0.00753	0.00809	0.00821	0.02844	7.1e-05	5.5e-05	0.00013
6	0.01757	0.00018	0.01264	0.00019	0.02019	0.00016	0.00016	0.02796	0.01188	0.86450	0.00041	0.01849	0.01183	0.00013	0.00010	3.2e-05	9e-05	0.00011	0.01321	0.00017
7	0.00013	9.4e-05	0.00012	0.00014	0.00015	8.7e-05	9.6e-05	0.00015	0.00021	0.00028	0.03024	0.78976	0.11417	0.01704	0.00014	4.2e-05	6.1e-05	0.02990	0.01711	8.6e-05
8	0.00023	0.02536	0.25538	0.04885	0.22685	0.03158	0.02407	0.01721	0.13930	0.00745	0.06073	0.02027	0.03962	0.00918	0.01103	3.6e-05	0.07584	0.00681	6.5e-05	0.00014
9	0.00017	0.00012	0.00015	0.00014	0.00017	0.00012	0.00011	0.01927	0.09469	0.05278	0.46047	0.08438	0.22785	0.01206	0.00013	3.5e-05	5.9e-05	0.02069	0.02650	0.00011

[dist]
# distance from previous block
# <min> <max>
3	24

[block]
# block no. 2 follows, 3315 sequences, length 21
# corresponding to MSA columns:
# 643-663
name=unknown_C
#
# <colnr> <probs for GDERKNQSTAVLIFYWHMCP>
#	G	D	E	R	K	N	Q	S	T	A	V	L	I	F	Y	W	H	M	C	P
0	0.01312	0.00011	0.00421	0.02531	0.00652	0.00011	0.00357	0.00898	0.04031	0.01043	0.13821	0.49617	0.18598	0.00027	0.00592	3.9e-05	6.5e-05	0.02580	0.03049	0.00439
1	0.00019	0.00015	0.00017	0.00016	0.00020	0.00983	0.00012	0.00573	0.32483	0.02234	0.46536	0.00600	0.12320	0.00570	0.01819	3.7e-05	0.00437	0.00864	0.00011	0.00466
2	0.00698	0.00011	0.00014	0.00015	0.00017	0.0001	0.00011	0.00592	0.01067	0.07123	0.07163	0.61324	0.03529	0.03809	0.00014	4.3e-05	6.7e-05	0.10086	0.04499	9.5e-05
3	0.00021	0.00054	0.99578	0.00030	0.00045	0.00024	0.00039	0.00033	0.00022	0.00033	0.00019	0.00022	0.00013	9.9e-05	9.9e-05	3.3e-05	0.00015	7.7e-05	4.4e-05	0.00015
4	0.00017	0.00011	0.00015	0.00014	0.00016	0.00011	0.00010	0.00022	0.03826	0.04124	0.87548	0.00075	0.02425	0.00021	0.00012	3.3e-05	5.2e-05	0.00018	0.01817	0.00010
5	0.00033	0.00024	0.07388	0.00987	0.00475	0.00021	0.30980	0.05230	0.03317	0.40463	0.01381	0.01138	0.00620	0.00013	0.00012	3.5e-05	0.01422	0.06467	9.2e-05	0.00015
6	0.00361	0.00611	0.00709	0.00622	0.00791	0.00681	0.65878	0.06246	0.02164	0.03531	0.00785	0.12972	0.01596	0.00013	0.00013	3.6e-05	0.02464	0.00538	6.7e-05	0.00014
7	0.00556	0.01266	0.07975	0.00029	0.00033	0.00444	0.20106	0.00404	0.00019	0.00579	0.00420	0.08633	0.00020	0.00640	0.00894	4.3e-05	0.57341	0.00619	5.3e-05	0.00012
8	0.00014	0.00011	0.00478	0.00014	0.00467	0.00735	0.01143	0.00016	0.00901	0.00506	0.06200	0.65066	0.22112	0.00741	0.00013	4e-05	6.2e-05	0.01553	9.7e-05	8.9e-05
9	0.93908	0.00827	0.00016	0.00014	0.00021	0.01120	0.00012	0.00767	0.00018	0.00756	0.00015	0.00017	0.00012	9.8e-05	6.8e-05	3.2e-05	0.00701	5.8e-05	6.5e-05	0.01763
10	0.13411	0.52224	0.17726	0.00647	0.00031	0.11318	0.01163	0.00871	0.00565	0.00911	0.00016	0.00019	0.00013	9.6e-05	8e-05	2.7e-05	0.01039	6.4e-05	5e-05	0.00013
11	0.30136	0.18342	0.01038	0.01854	0.02770	0.32342	0.00424	0.07339	0.01606	0.00422	0.00017	0.00020	0.00014	0.00011	0.00778	3e-05	0.02053	0.00353	0.00466	0.00013
12	0.00020	0.00017	0.02108	0.13873	0.01161	0.00409	0.03914	0.01799	0.21067	0.02657	0.28416	0.07305	0.11962	0.00019	0.00012	0.01128	0.00446	0.03128	0.00547	0.00012
13	0.00016	0.00011	0.00014	0.00013	0.00016	0.00010	0.00010	0.00021	0.00999	0.02570	0.88065	0.02072	0.04247	0.00022	0.00012	3.3e-05	5.2e-05	0.01102	0.00782	0.00010
14	0.00020	0.00019	0.00032	0.94783	0.03112	0.00023	0.00029	0.01807	0.00022	0.00028	0.00019	0.00028	0.00014	0.00010	0.00010	3.5e-05	0.00014	9.3e-05	4.8e-05	0.00012
15	0.02024	0.00017	0.00018	0.00016	0.00021	0.00018	0.00013	0.02819	0.35686	0.19824	0.00038	0.00038	0.00028	0.00013	9.2e-05	3e-05	7.1e-05	0.00011	0.39384	0.00014
16	0.00013	0.00011	0.00012	0.00011	0.00015	9.3e-05	8.6e-05	0.00017	0.01226	0.00032	0.23635	0.03803	0.71121	0.00025	0.00012	3.5e-05	5.3e-05	0.00021	0.00010	9.2e-05
17	0.00842	0.00019	0.00024	0.00019	0.00027	0.00018	0.00016	0.16898	0.00697	0.69288	0.01114	0.01488	0.00029	0.00015	0.00011	3.4e-05	9.2e-05	0.07916	0.01550	0.00017
18	0.00016	0.00011	0.00015	0.00018	0.00020	0.00011	0.00015	0.00020	0.00023	0.00030	0.00881	0.26427	0.01190	0.02541	0.00976	4.9e-05	8.8e-05	0.67776	9.5e-05	9.2e-05
19	0.20508	0.20775	0.10973	0.00680	0.04691	0.01194	0.06082	0.21175	0.04564	0.07046	0.00613	0.00402	0.00017	0.00011	9.1e-05	3.1e-05	0.00667	0.00568	7.2e-05	0.00015
20	0.04469	0.00523	0.00652	0.00559	0.00418	0.01452	0.02675	0.48103	0.05374	0.11136	0.01928	0.00549	0.00845	0.00012	0.00317	3e-05	0.00010	0.01982	9.4e-05	0.18984

[dist]
# distance from previous block
# <min> <max>
0	2

[block]
# block no. 3 follows, 3315 sequences, length 40
# corresponding to MSA columns:
# 666-670,672-681,687-711
name=unknown_D
#
# <colnr> <probs for GDERKNQSTAVLIFYWHMCP>
#	G	D	E	R	K	N	Q	S	T	A	V	L	I	F	Y	W	H	M	C	P
0	0.00460	0.00024	0.00025	0.00022	0.00028	0.00027	0.01204	0.17107	0.78904	0.01088	0.00040	0.00037	0.00569	0.00014	0.00011	3.5e-05	8.9e-05	0.00401	0.00011	0.00017
1	0.00348	0.70184	0.25522	0.00021	0.00031	0.00616	0.00023	0.00032	0.00397	0.00027	0.00017	0.00020	0.00869	0.00744	0.01110	2.8e-05	0.00012	6.4e-05	4.6e-05	0.00014
2	0.96552	0.00021	0.00016	0.00014	0.00021	0.01126	0.00865	0.00706	0.00018	0.00047	0.00015	0.00017	0.00011	9.8e-05	6.7e-05	3.2e-05	0.00528	5.8e-05	6.5e-05	0.00011
3	0.00013	9.3e-05	0.00012	0.00014	0.00015	8.7e-05	9.8e-05	0.00015	0.00021	0.00397	0.04061	0.87411	0.04505	0.00565	0.00013	4.2e-05	6.1e-05	0.02531	0.00379	8.6e-05
4	0.01216	0.00019	0.00790	0.11581	0.10893	0.00500	0.11264	0.10174	0.06280	0.02392	0.36633	0.00358	0.01758	0.00461	0.00533	3.4e-05	0.01254	0.01720	0.01661	0.00509
5	0.00020	0.00019	0.00032	0.95434	0.04244	0.00023	0.00029	0.00027	0.00021	0.00027	0.00019	0.00028	0.00014	0.00010	0.00010	3.5e-05	0.00014	9.3e-05	4.7e-05	0.00012
6	0.87161	0.03940	0.00995	0.00016	0.00022	0.03539	0.02833	0.00588	0.00019	0.00045	0.00015	0.00018	0.00012	0.0001	0.00356	3.2e-05	0.00405	6e-05	6.3e-05	0.00012
7	0.00584	0.02819	0.00450	0.00240	0.00240	0.00377	0.13791	0.00826	0.05203	0.13149	0.05417	0.22281	0.01936	0.00170	0.00478	4.1e-05	0.00256	0.31590	0.00177	0.00012
8	0.00448	0.08661	0.44562	0.02052	0.12769	0.01652	0.02143	0.03477	0.04328	0.06559	0.03060	0.01396	0.02116	0.00011	0.0001	3.1e-05	0.00169	0.00696	0.00188	0.05698
9	0.00768	0.00012	0.00016	0.00014	0.00018	0.00011	0.00011	0.00025	0.00508	0.17300	0.76488	0.00070	0.01970	0.01511	0.00013	3.4e-05	5.7e-05	0.00017	0.01228	0.00011
10	0.00244	0.01115	0.08674	0.06478	0.09934	0.01190	0.02207	0.04326	0.18126	0.02438	0.19323	0.05269	0.13454	0.01860	0.02811	0.00220	0.01403	0.00906	8.6e-05	0.00013
11	0.01519	0.56838	0.00043	0.03133	0.00180	0.17300	0.00238	0.04453	0.00510	0.09657	0.00190	0.00220	0.00309	0.00864	0.00391	2.6e-05	0.00210	0.00180	0.00171	0.03591
12	0.00025	0.00470	0.00416	0.02369	0.00375	0.00365	0.00767	0.03326	0.78882	0.00362	0.00222	0.09157	0.00604	0.00234	0.00663	3.7e-05	0.00315	0.00955	0.00200	0.00288
13	0.86204	0.00986	0.03833	0.00321	0.01062	0.02666	0.00798	0.00321	0.00307	0.00729	0.00016	0.00362	0.00012	0.01785	0.00247	3.4e-05	0.00323	6.2e-05	6.4e-05	0.00012
14	0.09206	0.02812	0.05068	0.06313	0.14295	0.05718	0.01995	0.11794	0.02407	0.29998	0.00219	0.00361	0.00209	0.00324	0.00485	3.4e-05	0.07935	0.00836	8.3e-05	0.00015
15	0.07675	0.00420	0.00560	0.00018	0.00206	0.00368	0.04973	0.04919	0.01478	0.09404	0.00286	0.00223	0.00018	9.7e-05	0.00485	2.2e-05	0.00673	0.01771	0.00529	0.65981
16	0.00012	0.00011	0.00011	0.00011	0.00014	8.9e-05	8.2e-05	0.00015	0.00024	0.00028	0.01517	0.03090	0.93457	0.00027	0.00012	3.6e-05	5.4e-05	0.01726	9.7e-05	8.9e-05
17	0.00031	0.00455	0.06934	0.03887	0.08359	0.00518	0.07869	0.40864	0.19325	0.02643	0.01387	0.00860	0.00024	0.00013	0.00011	3.4e-05	0.00258	0.05859	0.00682	0.00016
18	0.00016	0.00011	0.00015	0.00014	0.00017	0.00010	0.00011	0.00021	0.01019	0.02360	0.80506	0.00082	0.03299	0.00022	0.00013	3.5e-05	5.6e-05	0.11953	0.00613	0.00010
19	0.00022	0.00019	0.00022	0.00016	0.00025	0.00014	0.00012	0.01364	0.00022	0.00035	0.00019	0.00022	0.00016	7.8e-05	7.8e-05	1.6e-05	7.8e-05	6.2e-05	6.3e-05	0.98356
20	0.00016	0.00011	0.00014	0.00013	0.00016	0.00010	0.00010	0.00721	0.01768	0.01918	0.89662	0.00077	0.05201	0.00021	0.00012	3.3e-05	5.1e-05	0.00019	0.00492	0.00010
21	0.98230	0.00020	0.00016	0.00014	0.00020	0.00024	0.00011	0.01505	0.00018	0.00047	0.00015	0.00017	0.00011	9.8e-05	6.5e-05	3.2e-05	8.1e-05	5.7e-05	6.5e-05	0.00011
22	0.00243	0.21620	0.23357	0.06141	0.19607	0.03037	0.02999	0.01914	0.07910	0.01578	0.01164	0.00467	0.00741	0.00011	0.00250	3e-05	0.01263	0.00524	5.7e-05	0.07168
23	0.10984	0.04006	0.19355	0.00026	0.09058	0.01954	0.09754	0.03908	0.00445	0.23031	0.09566	0.00033	0.01416	0.01780	0.00302	3.3e-05	0.00201	0.00190	0.00451	0.03536
24	0.00318	0.00018	0.00020	0.00018	0.00023	0.00565	0.00014	0.01119	0.61222	0.01871	0.23267	0.00054	0.09734	0.00017	0.00011	3.5e-05	7.3e-05	0.00539	0.01163	0.00014
25	0.00016	0.00013	0.00019	0.01274	0.18387	0.02026	0.00306	0.00019	0.00444	0.00028	0.00402	0.73908	0.00644	0.00616	0.01843	4.3e-05	8.1e-05	0.00025	8.6e-05	0.00010
26	0.97516	0.00020	0.00016	0.00014	0.00021	0.00024	0.00012	0.02217	0.00018	0.00047	0.00015	0.00017	0.00011	9.8e-05	6.6e-05	3.2e-05	8.2e-05	5.7e-05	6.6e-05	0.00011
27	0.00020	0.00019	0.00032	0.85205	0.03687	0.00799	0.00028	0.00027	0.00572	0.00027	0.00018	0.00027	0.00014	0.00011	0.00013	3.6e-05	0.09471	9.3e-05	4.7e-05	0.00012
28	0.00014	0.00011	0.00013	0.00013	0.00016	9.6e-05	0.0001	0.00017	0.00025	0.00033	0.33333	0.13407	0.40039	0.00026	0.00013	3.7e-05	5.8e-05	0.12992	0.00010	9.2e-05
29	0.00016	0.00011	0.00013	0.00014	0.00015	0.00011	9.8e-05	0.00017	0.00019	0.00025	0.03736	0.07545	0.01953	0.54649	0.00968	0.03304	9.5e-05	0.27672	7.7e-05	7.6e-05
30	0.00677	0.15247	0.00033	0.00025	0.00031	0.82737	0.00020	0.01062	0.00028	0.00026	0.00016	0.00019	0.00013	0.00011	9e-05	2.6e-05	0.00018	6.6e-05	5.3e-05	0.00012
31	0.00017	0.00012	0.00015	0.00014	0.00017	0.00011	0.00010	0.00023	0.03491	0.05446	0.87304	0.01798	0.00534	0.00021	0.00012	3.3e-05	5.3e-05	0.00484	0.00011	0.00771
32	0.00014	0.00011	0.00013	0.00014	0.00016	0.00010	0.00348	0.00953	0.06434	0.00374	0.15399	0.59846	0.12548	0.01716	0.00014	0.00779	6.2e-05	0.01484	0.0001	9.4e-05
33	0.99706	0.00020	0.00015	0.00014	0.00020	0.00023	0.00011	0.00031	0.00018	0.00047	0.00015	0.00017	0.00011	9.7e-05	6.5e-05	3.2e-05	8.1e-05	5.7e-05	6.5e-05	0.00011
34	0.00453	0.19172	0.43154	0.09056	0.05084	0.06479	0.10738	0.01142	0.01670	0.00911	0.00264	0.00023	0.00015	0.00010	0.00220	3.1e-05	0.01381	0.00206	4.9e-05	0.00014
35	0.00743	0.00019	0.00752	0.00017	0.00486	0.00615	0.00296	0.03277	0.11719	0.10383	0.05263	0.00994	0.03280	0.00011	9e-05	2.3e-05	0.00228	9.1e-05	0.05708	0.56189
36	0.00013	0.00011	0.00012	0.00012	0.00015	9.2e-05	0.00691	0.00016	0.00024	0.00531	0.20249	0.15780	0.61813	0.00026	0.00013	3.6e-05	5.5e-05	0.00757	0.00010	9.1e-05
37	0.00029	0.90813	0.00053	0.00019	0.00027	0.08864	0.00018	0.00032	0.00022	0.00025	0.00015	0.00017	0.00013	9.1e-05	7e-05	2.3e-05	0.00012	5.7e-05	4.6e-05	0.00013
38	0.28072	0.03766	0.31396	0.00322	0.04387	0.10797	0.00760	0.00979	0.01437	0.02540	0.02279	0.07464	0.00405	0.00205	0.00503	3.4e-05	0.01664	0.03002	6.3e-05	0.00013
39	0.12372	0.05064	0.03982	0.05309	0.17950	0.01928	0.04371	0.00931	0.00339	0.13952	0.01437	0.15464	0.01124	0.00168	0.00182	3.4e-05	0.00164	0.06947	0.01785	0.06528

[dist]
# distance from previous block
# <min> <max>
7	15

[block]
# block no. 4 follows, 3315 sequences, length 89
# corresponding to MSA columns:
# 734-796,806-831
name=unknown_E
#
# <colnr> <probs for GDERKNQSTAVLIFYWHMCP>
#	G	D	E	R	K	N	Q	S	T	A	V	L	I	F	Y	W	H	M	C	P
0	0.00021	0.04014	0.02027	0.13084	0.02505	0.01291	0.01492	0.06411	0.01486	0.03474	0.00194	0.06973	0.00178	0.01639	0.10563	0.35961	0.00770	0.07901	6.3e-05	9.4e-05
1	0.07228	0.00455	0.03453	0.00159	0.00204	0.00142	0.00794	0.20336	0.01182	0.08808	0.01453	0.00024	0.00018	9.7e-05	8.7e-05	2.3e-05	9e-05	7.6e-05	0.00181	0.55526
2	0.00012	0.00011	0.00011	0.00011	0.00014	8.9e-05	8e-05	0.00015	0.00024	0.00028	0.00105	0.00536	0.98291	0.00027	0.00012	3.5e-05	5.3e-05	0.00858	9.7e-05	8.8e-05
3	0.00022	0.00022	0.00031	0.00027	0.00027	0.00031	0.00276	0.00025	0.00016	0.00025	0.00016	0.00025	0.01248	0.02112	0.01926	4.9e-05	0.94141	9.5e-05	4.7e-05	0.00011
4	0.00242	0.00020	0.00034	0.73984	0.10177	0.01040	0.07009	0.00596	0.00022	0.05159	0.00020	0.00214	0.00266	0.00011	0.00011	3.4e-05	0.01043	9.6e-05	0.00127	0.00013
5	0.00327	0.10692	0.16430	0.00387	0.18516	0.04087	0.05984	0.06697	0.01280	0.11352	0.00250	0.02719	0.00159	0.00158	0.00105	2.9e-05	0.01186	0.00133	6.6e-05	0.19527
6	0.00041	0.00018	0.00024	0.00190	0.00026	0.00015	0.00223	0.02357	0.00340	0.72800	0.00381	0.00033	0.00377	0.00012	9.9e-05	2.8e-05	8.7e-05	9.6e-05	0.00011	0.23121
7	0.00022	0.00019	0.00022	0.00016	0.00025	0.00014	0.00012	0.00323	0.00022	0.00652	0.00634	0.00022	0.00016	7.9e-05	7.8e-05	1.6e-05	7.7e-05	6.3e-05	6.3e-05	0.98165
8	0.01948	0.02888	0.06581	0.01931	0.18008	0.02819	0.00395	0.25712	0.08346	0.22729	0.00297	0.01634	0.00021	0.00012	0.00010	3.1e-05	0.00158	0.00127	8.9e-05	0.06371
9	0.00015	0.00010	0.00013	0.00013	0.00014	0.00011	8.3e-05	0.00016	0.00016	0.00022	0.01574	0.10360	0.00807	0.64381	0.22011	0.00011	0.00014	0.00691	6.7e-05	7.3e-05
10	0.00128	0.28283	0.33413	0.01931	0.02615	0.01266	0.00328	0.02894	0.10724	0.08034	0.06310	0.00223	0.03168	0.00012	9.5e-05	3e-05	0.00484	0.00154	6.6e-05	0.00015
11	0.00024	0.28291	0.51691	0.01261	0.00441	0.03593	0.11797	0.00677	0.00581	0.00722	0.00197	0.00149	0.00014	9.7e-05	9.4e-05	3e-05	0.00366	0.00154	4.7e-05	0.00015
12	0.00018	0.00018	0.00036	0.00507	0.00034	0.00017	0.46954	0.00024	0.00022	0.00030	0.01575	0.49314	0.01149	0.00021	0.00013	3.9e-05	0.00012	0.00233	7.6e-05	0.00011
13	0.00688	0.03919	0.20504	0.00940	0.03341	0.03430	0.02074	0.47348	0.06010	0.09752	0.01144	0.00398	0.00155	0.00012	0.00010	3.2e-05	0.00012	0.00105	8.7e-05	0.00144
14	0.05938	0.00288	0.00667	0.00020	0.00027	0.05792	0.00016	0.12176	0.49070	0.04180	0.02457	0.00605	0.02607	0.00013	0.0001	3.1e-05	0.00151	0.00112	9.4e-05	0.15859
15	0.02896	0.02095	0.14395	0.04146	0.21708	0.03087	0.03817	0.28381	0.08548	0.04836	0.04079	0.00229	0.00126	0.00012	0.00011	3.2e-05	0.01461	9.7e-05	0.00146	0.00016
16	0.00442	0.00548	0.02631	0.02872	0.02102	0.04004	0.06527	0.06717	0.37060	0.10195	0.14805	0.00686	0.04076	0.00351	0.01570	3.5e-05	9.7e-05	0.00349	0.00134	0.04919
17	0.00224	0.05223	0.71966	0.01713	0.02722	0.01309	0.07845	0.04485	0.01645	0.01512	0.00573	0.00120	0.00324	0.00010	0.00010	3.3e-05	0.00287	8.4e-05	5.1e-05	0.00015
18	0.00014	0.00011	0.00014	0.00014	0.00017	0.00010	0.02420	0.00018	0.00825	0.00720	0.16327	0.19458	0.41587	0.00262	0.00013	3.9e-05	6.5e-05	0.17733	9.9e-05	0.00536
19	0.00014	9.7e-05	0.00013	0.00014	0.00015	9.2e-05	0.01183	0.00015	0.00019	0.00025	0.00336	0.70586	0.00060	0.24924	0.00658	5.8e-05	7.4e-05	0.02089	8.8e-05	8.1e-05
20	0.00020	0.00046	0.79641	0.00027	0.00040	0.00022	0.00564	0.00221	0.01032	0.01219	0.09530	0.00235	0.01281	0.02703	0.02344	3.8e-05	0.00014	0.00233	5.5e-05	0.00821
21	0.00026	0.00022	0.00024	0.00021	0.00027	0.00026	0.00017	0.00795	0.98355	0.00044	0.00496	0.00039	0.00032	0.00014	0.00011	3.5e-05	8.3e-05	0.00012	0.00011	0.00017
22	0.99706	0.00020	0.00015	0.00014	0.00020	0.00023	0.00011	0.00031	0.00018	0.00047	0.00015	0.00017	0.00011	9.7e-05	6.5e-05	3.2e-05	8.1e-05	5.7e-05	6.5e-05	0.00011
23	0.00012	0.00011	0.00011	0.00011	0.00014	8.9e-05	8.1e-05	0.00015	0.00024	0.00029	0.03302	0.05263	0.90897	0.00027	0.00012	3.6e-05	5.3e-05	0.00328	9.8e-05	8.9e-05
24	0.00026	0.00025	0.00042	0.00064	0.99567	0.00025	0.00032	0.00032	0.00024	0.00034	0.00020	0.00026	0.00017	9.3e-05	0.00010	3.1e-05	0.00012	9.3e-05	5.2e-05	0.00017
25	0.00016	0.00011	0.00014	0.00013	0.00016	0.00010	0.00010	0.00878	0.00030	0.02443	0.93569	0.00077	0.02441	0.00021	0.00012	3.3e-05	5.1e-05	0.00019	0.00401	0.00010
26	0.00013	0.00011	0.00011	0.00011	0.00015	9.1e-05	8.5e-05	0.00016	0.00025	0.00269	0.21264	0.02085	0.74118	0.00913	0.00013	3.6e-05	5.3e-05	0.01192	0.00010	9.1e-05
27	0.00028	0.99639	0.00055	0.00018	0.00027	0.00041	0.00018	0.00031	0.00021	0.00025	0.00015	0.00017	0.00013	9e-05	6.7e-05	2.2e-05	0.00011	5.6e-05	4.5e-05	0.00013
28	0.00013	9.1e-05	0.00012	0.00015	0.00015	8.5e-05	9.7e-05	0.00015	0.00020	0.00027	0.00058	0.99625	0.00069	0.00033	0.00013	4.2e-05	6.1e-05	0.00030	9.7e-05	8.5e-05
29	0.00013	9.6e-05	0.00012	0.00014	0.00015	8.8e-05	9.8e-05	0.00015	0.00022	0.00028	0.07035	0.71035	0.16895	0.00031	0.00013	4.1e-05	6e-05	0.04815	9.8e-05	8.7e-05
30	0.00221	0.00020	0.11419	0.00018	0.00025	0.00017	0.00772	0.00383	0.16963	0.38471	0.04101	0.00166	0.03372	0.00014	9.9e-05	3.2e-05	8.4e-05	0.01401	0.22601	0.00015
31	0.00022	0.00019	0.00022	0.00015	0.00025	0.00014	0.00012	0.00026	0.00022	0.00034	0.00019	0.00022	0.00015	7.7e-05	7.7e-05	1.5e-05	7.7e-05	6.2e-05	6.2e-05	0.99696
32	0.00015	0.00011	0.00015	0.00015	0.00016	0.00012	0.00011	0.00018	0.00016	0.00023	0.01090	0.00431	0.00775	0.32751	0.64738	0.00014	0.00022	0.00013	6e-05	8.4e-05
33	0.00125	0.00016	0.00021	0.04022	0.00219	0.00172	0.01729	0.07637	0.05445	0.31938	0.18390	0.09441	0.09389	0.00017	0.00011	3.3e-05	8e-05	0.02661	0.00308	0.08447
34	0.00025	0.00024	0.00206	0.18283	0.72200	0.00166	0.07152	0.00701	0.00231	0.00191	0.00020	0.00505	0.00016	9.7e-05	0.00011	3.2e-05	0.00013	0.00223	5.2e-05	0.00015
35	0.99706	0.00020	0.00015	0.00014	0.00020	0.00023	0.00011	0.00031	0.00018	0.00047	0.00015	0.00017	0.00011	9.7e-05	6.5e-05	3.2e-05	8.1e-05	5.7e-05	6.5e-05	0.00011
36	0.97988	0.00020	0.00016	0.00014	0.00020	0.00024	0.00011	0.01746	0.00018	0.00047	0.00015	0.00017	0.00011	9.8e-05	6.5e-05	3.2e-05	8.2e-05	5.7e-05	6.5e-05	0.00011
37	0.00026	0.00025	0.00042	0.00064	0.99567	0.00025	0.00032	0.00032	0.00024	0.00034	0.00020	0.00026	0.00017	9.3e-05	0.00010	3.1e-05	0.00012	9.3e-05	5.2e-05	0.00017
38	0.00014	0.00011	0.00013	0.00012	0.00016	0.00010	9.4e-05	0.00019	0.05389	0.01183	0.30947	0.00311	0.58577	0.00024	0.00012	3.5e-05	5.5e-05	0.03422	0.00010	9.7e-05
39	0.97667	0.00020	0.00016	0.00014	0.00020	0.00023	0.00011	0.00031	0.00018	0.02084	0.00015	0.00017	0.00012	9.8e-05	6.6e-05	3.2e-05	8.1e-05	5.8e-05	6.6e-05	0.00011
40	0.00013	9.4e-05	0.00012	0.00015	0.00015	8.8e-05	9.8e-05	0.00015	0.00834	0.00991	0.00486	0.92758	0.01069	0.02249	0.00014	4.4e-05	6.2e-05	0.01470	9.7e-05	8.6e-05
41	0.00015	0.00010	0.00012	0.00012	0.00012	0.00010	6.5e-05	0.00549	0.00015	0.00021	0.00033	0.00624	0.00038	0.97838	0.00274	0.00010	0.00010	0.00256	0.00248	6.4e-05
42	0.99706	0.00020	0.00015	0.00014	0.00020	0.00023	0.00011	0.00031	0.00018	0.00047	0.00015	0.00017	0.00011	9.7e-05	6.5e-05	3.2e-05	8.1e-05	5.7e-05	6.5e-05	0.00011
43	0.99706	0.00020	0.00015	0.00014	0.00020	0.00023	0.00011	0.00031	0.00018	0.00047	0.00015	0.00017	0.00011	9.7e-05	6.5e-05	3.2e-05	8.1e-05	5.7e-05	6.5e-05	0.00011
44	0.00047	0.00018	0.00024	0.00019	0.00027	0.00015	0.00015	0.00051	0.00030	0.99574	0.00041	0.00036	0.00026	0.00013	0.00011	3.2e-05	8.9e-05	0.00011	0.00013	0.00018
45	0.99706	0.00020	0.00015	0.00014	0.00020	0.00023	0.00011	0.00031	0.00018	0.00047	0.00015	0.00017	0.00011	9.7e-05	6.5e-05	3.2e-05	8.1e-05	5.7e-05	6.5e-05	0.00011
46	0.00015	0.00011	0.00014	0.00013	0.00016	0.0001	9.9e-05	0.00020	0.00597	0.00042	0.96899	0.01234	0.00097	0.00021	0.00012	3.3e-05	5e-05	0.00266	0.00705	9.9e-05
47	0.99706	0.00020	0.00015	0.00014	0.00020	0.00023	0.00011	0.00031	0.00018	0.00047	0.00015	0.00017	0.00011	9.7e-05	6.5e-05	3.2e-05	8.1e-05	5.7e-05	6.5e-05	0.00011
48	0.00026	0.00025	0.00042	0.00064	0.99567	0.00025	0.00032	0.00032	0.00024	0.00034	0.00020	0.00026	0.00017	9.3e-05	0.00010	3.1e-05	0.00012	9.3e-05	5.2e-05	0.00017
49	0.00026	0.00023	0.00024	0.00021	0.00027	0.00026	0.00017	0.00979	0.98625	0.00044	0.00042	0.00039	0.00032	0.00014	0.00011	3.5e-05	8.3e-05	0.00012	0.00011	0.00017
50	0.00015	0.00011	0.00014	0.00013	0.00016	0.00010	9.9e-05	0.00020	0.01089	0.00042	0.97734	0.00078	0.00866	0.00021	0.00012	3.3e-05	5e-05	0.00019	0.00011	9.9e-05
51	0.00018	0.00017	0.00015	0.00016	0.00018	0.16814	0.00011	0.00020	0.02222	0.00220	0.03194	0.61485	0.15049	0.00349	0.00013	3.8e-05	8.2e-05	0.00257	0.00261	9.4e-05
52	0.00014	0.00011	0.00012	0.00013	0.00016	9.6e-05	0.00010	0.00017	0.00024	0.00030	0.06616	0.04288	0.65704	0.00027	0.00013	3.8e-05	6.3e-05	0.23167	9.8e-05	9.1e-05
53	0.00021	0.00020	0.00313	0.00031	0.00736	0.00019	0.46310	0.00028	0.03350	0.00033	0.00039	0.00766	0.00038	0.00019	0.00013	4.2e-05	0.00013	0.48225	7.6e-05	0.00012
54	0.00021	0.00054	0.99578	0.00030	0.00045	0.00024	0.00039	0.00033	0.00022	0.00033	0.00019	0.00022	0.00013	9.9e-05	9.9e-05	3.3e-05	0.00015	7.7e-05	4.4e-05	0.00015
55	0.00013	9.6e-05	0.00013	0.00015	0.00016	9.1e-05	0.00011	0.00016	0.00021	0.00027	0.00058	0.82047	0.00908	0.00480	0.00014	4.4e-05	6.7e-05	0.16313	9.7e-05	8.7e-05
56	0.00012	0.00011	0.00011	0.00011	0.00014	8.9e-05	8e-05	0.00015	0.00024	0.00029	0.01930	0.00100	0.97315	0.00026	0.00012	3.5e-05	5.3e-05	0.00446	9.7e-05	8.9e-05
57	0.00030	0.00356	0.00031	0.18906	0.00039	0.46672	0.03038	0.00687	0.03840	0.01905	0.00166	0.00024	0.00261	0.00185	0.02171	3.6e-05	0.21013	0.00654	5.5e-05	0.00012
58	0.00036	0.00045	0.00030	0.13810	0.00038	0.84684	0.00021	0.01164	0.00029	0.00026	0.00017	0.00020	0.00014	0.00011	9.6e-05	2.8e-05	0.00018	7.1e-05	5.3e-05	0.00012
59	0.00013	0.00011	0.00011	0.00011	0.00014	9.1e-05	8.4e-05	0.00016	0.00025	0.00031	0.22432	0.01678	0.74169	0.00560	0.00013	3.5e-05	5.3e-05	0.00021	0.00959	9.1e-05
60	0.00413	0.00018	0.00024	0.00019	0.00027	0.00015	0.00015	0.00051	0.00509	0.98350	0.00420	0.00036	0.00026	0.00013	0.00011	3.2e-05	8.9e-05	0.00011	0.00013	0.00018
61	0.00023	0.00022	0.00753	0.06508	0.37947	0.01462	0.14792	0.01835	0.09803	0.01736	0.02180	0.03905	0.11350	0.00940	0.02253	3.8e-05	0.00918	0.03548	6.9e-05	0.00014
62	0.08957	0.01865	0.40571	0.00319	0.07057	0.08026	0.10823	0.00694	0.00519	0.15041	0.02080	0.00908	0.00198	0.01524	0.00011	3.4e-05	0.01375	9.1e-05	6.4e-05	0.00015
63	0.00022	0.00022	0.00030	0.00966	0.00027	0.00358	0.01663	0.00189	0.00016	0.00025	0.00016	0.00340	0.00016	0.07811	0.03626	5.4e-05	0.84842	9.8e-05	4.8e-05	0.00011
64	0.54680	0.03193	0.02465	0.00609	0.04777	0.06752	0.00267	0.24541	0.00370	0.01579	0.00018	0.00020	0.00014	0.00011	8.2e-05	3.2e-05	0.00665	7e-05	7.3e-05	0.00014
65	0.99054	0.00020	0.00015	0.00014	0.00020	0.00024	0.00011	0.00681	0.00018	0.00047	0.00015	0.00017	0.00011	9.7e-05	6.5e-05	3.2e-05	8.1e-05	5.7e-05	6.5e-05	0.00011
66	0.00016	0.00012	0.00015	0.00311	0.01273	0.00580	0.00011	0.00344	0.09164	0.00029	0.11926	0.17006	0.16280	0.09790	0.32400	8.6e-05	0.00161	0.00287	0.00195	0.00189
67	0.00040	0.00029	0.00031	0.00024	0.00032	0.00032	0.00020	0.97854	0.01727	0.00066	0.00025	0.00025	0.00018	0.00013	0.00010	3.1e-05	0.00011	9.5e-05	0.00010	0.00018
68	0.00015	0.00011	0.00014	0.00013	0.00016	9.9e-05	9.8e-05	0.00020	0.00029	0.00554	0.92984	0.00302	0.05009	0.00022	0.00012	3.3e-05	5e-05	0.00672	0.00290	9.9e-05
69	0.00015	0.00010	0.00011	0.00011	0.00012	0.00010	6.4e-05	0.00015	0.00016	0.00021	0.02107	0.00639	0.00039	0.96985	0.00052	0.0001	0.00010	0.00015	6.5e-05	6.4e-05
70	0.02886	0.00018	0.00023	0.00019	0.00026	0.00172	0.00015	0.01904	0.16852	0.70661	0.03279	0.00037	0.00787	0.00013	0.00010	3.3e-05	8.6e-05	0.00011	0.03256	0.00017
71	0.99706	0.00020	0.00015	0.00014	0.00020	0.00023	0.00011	0.00031	0.00018	0.00047	0.00015	0.00017	0.00011	9.7e-05	6.5e-05	3.2e-05	8.1e-05	5.7e-05	6.5e-05	0.00011
72	0.00015	0.00011	0.00014	0.00013	0.00016	9.9e-05	9.9e-05	0.00020	0.00029	0.00678	0.96436	0.00078	0.02588	0.00021	0.00012	3.3e-05	5e-05	0.00019	0.00011	9.9e-05
73	0.99706	0.00020	0.00015	0.00014	0.00020	0.00023	0.00011	0.00031	0.00018	0.00047	0.00015	0.00017	0.00011	9.7e-05	6.5e-05	3.2e-05	8.1e-05	5.7e-05	6.5e-05	0.00011
74	0.00021	0.00054	0.99578	0.00030	0.00045	0.00024	0.00039	0.00033	0.00022	0.00033	0.00019	0.00022	0.00013	9.9e-05	9.9e-05	3.3e-05	0.00015	7.7e-05	4.4e-05	0.00015
75	0.00020	0.00019	0.00031	0.99607	0.00072	0.00023	0.00029	0.00027	0.00021	0.00027	0.00019	0.00028	0.00014	0.00010	0.00010	3.5e-05	0.00014	9.3e-05	4.6e-05	0.00012
76	0.00027	0.00023	0.00024	0.00021	0.00028	0.00026	0.00017	0.08911	0.89860	0.00046	0.00544	0.00038	0.00359	0.00014	0.00011	3.5e-05	8.5e-05	0.00012	0.00011	0.00017
77	0.00020	0.00019	0.00031	0.99607	0.00072	0.00023	0.00029	0.00027	0.00021	0.00027	0.00019	0.00028	0.00014	0.00010	0.00010	3.5e-05	0.00014	9.3e-05	4.6e-05	0.00012
78	0.00021	0.00054	0.99578	0.00030	0.00045	0.00024	0.00039	0.00033	0.00022	0.00033	0.00019	0.00022	0.00013	9.9e-05	9.9e-05	3.3e-05	0.00015	7.7e-05	4.4e-05	0.00015
79	0.99706	0.00020	0.00015	0.00014	0.00020	0.00023	0.00011	0.00031	0.00018	0.00047	0.00015	0.00017	0.00011	9.7e-05	6.5e-05	3.2e-05	8.1e-05	5.7e-05	6.5e-05	0.00011
80	0.00558	0.00047	0.00029	0.00817	0.00177	0.90818	0.00020	0.00042	0.06419	0.00212	0.00018	0.00020	0.00015	0.00011	9.6e-05	0.00204	0.00345	7.1e-05	0.00218	0.00012
81	0.00028	0.93661	0.04376	0.00019	0.00028	0.00040	0.00931	0.00032	0.00021	0.00765	0.00015	0.00017	0.00014	9e-05	6.9e-05	2.3e-05	0.00011	5.8e-05	4.5e-05	0.00014
82	0.00013	9.3e-05	0.00012	0.00014	0.00015	8.9e-05	9.2e-05	0.00015	0.00019	0.00026	0.00053	0.79977	0.00063	0.17970	0.00021	5.3e-05	6.9e-05	0.01745	9.1e-05	8.1e-05
83	0.00015	0.00011	0.00015	0.00285	0.00183	0.00012	0.00012	0.00017	0.00017	0.00024	0.00657	0.05798	0.08330	0.02839	0.60921	0.19148	0.00914	0.00788	6.1e-05	8.3e-05
84	0.03355	0.01039	0.02381	0.10322	0.00977	0.06635	0.00455	0.01527	0.01245	0.00614	0.03527	0.14430	0.00164	0.06803	0.08011	0.02521	0.34435	0.01542	6.2e-05	0.00011
85	0.00482	0.04040	0.95135	0.00029	0.00044	0.00025	0.00038	0.00033	0.00022	0.00033	0.00019	0.00022	0.00013	9.9e-05	9.8e-05	3.3e-05	0.00015	7.6e-05	4.4e-05	0.00015
86	0.00017	0.00012	0.00017	0.00019	0.00021	0.00012	0.00016	0.00021	0.00024	0.00031	0.00055	0.02258	0.00059	0.04166	0.00016	5e-05	9.6e-05	0.93224	9.5e-05	9.5e-05
87	0.01141	0.01553	0.07839	0.01652	0.36681	0.01866	0.08078	0.05448	0.08862	0.03255	0.01260	0.05758	0.15198	0.00014	0.00011	3.3e-05	0.00291	0.01068	7.2e-05	0.00014
88	0.01423	0.26519	0.61653	0.01432	0.00298	0.01381	0.00655	0.00331	0.00417	0.03829	0.00151	0.00021	0.00014	0.00010	0.00121	3.1e-05	0.01715	7.3e-05	4.9e-05	0.00015

[dist]
# distance from previous block
# <min> <max>
7	35

[block]
# block no. 5 follows, 3315 sequences, length 30
# corresponding to MSA columns:
# 868-897
name=unknown_F
#
# <colnr> <probs for GDERKNQSTAVLIFYWHMCP>
#	G	D	E	R	K	N	Q	S	T	A	V	L	I	F	Y	W	H	M	C	P
0	0.00659	0.00018	0.00023	0.00019	0.00026	0.00017	0.00015	0.10773	0.09679	0.63085	0.10734	0.00041	0.01187	0.00014	0.00011	3.3e-05	8.5e-05	0.00877	0.02794	0.00016
1	0.00014	9.9e-05	0.00013	0.00016	0.00017	9.5e-05	0.00011	0.00016	0.00021	0.00028	0.00056	0.69749	0.00066	0.04502	0.00015	4.7e-05	7.2e-05	0.25427	9.5e-05	8.7e-05
2	0.00015	0.00011	0.00014	0.00013	0.00015	9.9e-05	9.7e-05	0.00020	0.00694	0.00041	0.86252	0.01422	0.03903	0.00021	0.00742	3.4e-05	5.2e-05	0.00018	0.06780	9.8e-05
3	0.00015	0.00011	0.00014	0.00014	0.00015	0.00012	9.8e-05	0.00017	0.00016	0.00022	0.00030	0.00054	0.00032	0.48540	0.51137	0.00014	0.00019	0.00013	6e-05	7.9e-05
4	0.99706	0.00020	0.00015	0.00014	0.00020	0.00023	0.00011	0.00031	0.00018	0.00047	0.00015	0.00017	0.00011	9.7e-05	6.5e-05	3.2e-05	8.1e-05	5.7e-05	6.5e-05	0.00011
5	0.00025	0.00028	0.00062	0.00044	0.00055	0.00026	0.99529	0.00034	0.00025	0.00034	0.00021	0.00028	0.00016	8.8e-05	0.00012	3.5e-05	0.00018	0.00012	5.3e-05	0.00014
6	0.00017	0.00012	0.00017	0.00019	0.00022	0.00012	0.00017	0.00022	0.00024	0.00031	0.00055	0.00118	0.00060	0.00029	0.00014	4.8e-05	9.6e-05	0.99497	9.6e-05	9.6e-05
7	0.01135	0.10439	0.00032	0.00026	0.00032	0.85056	0.00020	0.00988	0.02131	0.00027	0.00017	0.00019	0.00014	0.00011	9.2e-05	2.7e-05	0.00018	6.7e-05	5.5e-05	0.00012
8	0.00021	0.00054	0.97903	0.00030	0.00045	0.00024	0.00038	0.00033	0.00022	0.01708	0.00019	0.00022	0.00013	0.0001	9.9e-05	3.3e-05	0.00015	7.8e-05	4.6e-05	0.00016
9	0.00022	0.00019	0.00022	0.00016	0.00025	0.00015	0.01209	0.02746	0.01420	0.00471	0.00845	0.02262	0.00018	8.9e-05	8.2e-05	1.8e-05	7.9e-05	0.01103	6.6e-05	0.89775
10	0.00022	0.00019	0.00022	0.00016	0.00025	0.00014	0.00013	0.01717	0.00022	0.01246	0.00019	0.00022	0.00016	7.9e-05	7.8e-05	1.6e-05	7.8e-05	6.3e-05	6.4e-05	0.96790
11	0.97544	0.00020	0.00016	0.00014	0.00020	0.00023	0.00011	0.00031	0.00018	0.02206	0.00015	0.00017	0.00012	9.8e-05	6.6e-05	3.2e-05	8.1e-05	5.8e-05	6.6e-05	0.00011
12	0.00041	0.00024	0.00025	0.00020	0.00027	0.19175	0.00016	0.01715	0.09043	0.61987	0.05574	0.00035	0.00028	0.00013	0.00011	3.2e-05	0.00801	0.00010	0.01436	0.00016
13	0.00020	0.00019	0.00031	0.99607	0.00072	0.00023	0.00029	0.00027	0.00021	0.00027	0.00019	0.00028	0.00014	0.00010	0.00010	3.5e-05	0.00014	9.3e-05	4.6e-05	0.00012
14	0.00023	0.00015	0.00018	0.00018	0.00021	0.04656	0.01574	0.03138	0.00024	0.19921	0.00049	0.38896	0.00051	0.04264	0.00015	0.00825	8.7e-05	0.26462	9.9e-05	0.00011
15	0.00021	0.00606	0.00031	0.93930	0.00881	0.00024	0.00029	0.03116	0.00022	0.00611	0.00019	0.00631	0.00014	0.00011	0.00010	3.5e-05	0.00014	9.4e-05	4.9e-05	0.00012
16	0.00015	0.00011	0.00014	0.00013	0.00016	0.00010	9.9e-05	0.00020	0.01636	0.00985	0.87606	0.00079	0.09502	0.00022	0.00012	3.3e-05	5.1e-05	0.00019	0.00011	0.0001
17	0.11968	0.00018	0.00023	0.00018	0.00026	0.00016	0.00015	0.00778	0.00028	0.82911	0.01291	0.00033	0.00025	0.00013	0.0001	3.2e-05	8.7e-05	9.9e-05	0.00012	0.02793
18	0.00013	0.00011	0.02626	0.00016	0.00017	9.6e-05	0.01630	0.00016	0.00020	0.00027	0.00055	0.88224	0.00635	0.03859	0.00015	4.4e-05	0.01181	0.01623	9.3e-05	8.7e-05
19	0.00768	0.00024	0.00026	0.00022	0.00029	0.00028	0.00018	0.31933	0.63161	0.03136	0.00718	0.00035	0.00028	0.00014	0.00011	3.4e-05	9.3e-05	0.00011	0.00011	0.00017
20	0.77436	0.00020	0.00017	0.00015	0.00022	0.00022	0.00012	0.00035	0.00021	0.22288	0.00021	0.00021	0.00015	0.00010	7.4e-05	3.2e-05	8.3e-05	6.8e-05	7.9e-05	0.00013
21	0.00013	9.2e-05	0.00012	0.00015	0.00015	8.6e-05	9.8e-05	0.00015	0.00020	0.00027	0.02335	0.95212	0.01312	0.00032	0.00013	4.2e-05	6.1e-05	0.00922	9.8e-05	8.5e-05
22	0.00027	0.00022	0.00024	0.00021	0.00027	0.00026	0.00016	0.02308	0.92094	0.03296	0.00720	0.00039	0.00032	0.00014	0.00011	3.5e-05	8.3e-05	0.00012	0.01284	0.00016
23	0.00017	0.00012	0.00711	0.00017	0.00020	0.00012	0.01596	0.00948	0.01294	0.00995	0.09333	0.05305	0.16436	0.00347	0.00014	4.3e-05	8.4e-05	0.61771	0.01149	9.8e-05
24	0.00047	0.00018	0.00024	0.00019	0.00027	0.00016	0.00015	0.01359	0.01230	0.97066	0.00041	0.00036	0.00026	0.00013	0.00011	3.2e-05	8.9e-05	0.00011	0.00013	0.00018
25	0.00021	0.00054	0.99578	0.00030	0.00045	0.00024	0.00039	0.00033	0.00022	0.00033	0.00019	0.00022	0.00013	9.9e-05	9.9e-05	3.3e-05	0.00015	7.7e-05	4.4e-05	0.00015
26	0.00734	0.00852	0.01755	0.02106	0.08946	0.01486	0.01433	0.05522	0.00257	0.01669	0.00025	0.00036	0.00023	0.01748	0.63793	0.02177	0.07134	0.00011	0.00280	0.00011
27	0.00015	0.00010	0.00012	0.00012	0.00012	0.00010	6.6e-05	0.00015	0.00015	0.00020	0.00033	0.01242	0.00038	0.95797	0.02714	0.00010	0.00011	0.00015	6.4e-05	6.4e-05
28	0.00020	0.00019	0.00031	0.99607	0.00072	0.00023	0.00029	0.00027	0.00021	0.00027	0.00019	0.00028	0.00014	0.00010	0.00010	3.5e-05	0.00014	9.3e-05	4.6e-05	0.00012
29	0.00028	0.96237	0.01676	0.00018	0.00027	0.00945	0.00018	0.00032	0.00021	0.00898	0.00015	0.00017	0.00014	9e-05	6.8e-05	2.3e-05	0.00011	5.7e-05	4.6e-05	0.00013

[dist]
# distance from previous block
# <min> <max>
1	9

[block]
# block no. 6 follows, 3315 sequences, length 200
# corresponding to MSA columns:
# 907-954,957-1022,1027-1076,1078-1112,1116
name=unknown_G
#
# <colnr> <probs for GDERKNQSTAVLIFYWHMCP>
#	G	D	E	R	K	N	Q	S	T	A	V	L	I	F	Y	W	H	M	C	P
0	0.67876	0.00188	0.00401	0.00807	0.10546	0.08408	0.00857	0.01169	0.00137	0.00906	0.00016	0.00019	0.00013	0.00137	9.4e-05	3.3e-05	0.07301	6.6e-05	0.00448	0.00751
1	0.00317	0.00025	0.00321	0.20286	0.10999	0.01641	0.53674	0.01048	0.02160	0.03110	0.00204	0.04815	0.00019	0.00011	0.00239	3.5e-05	0.00633	0.00477	5.8e-05	0.00014
2	0.00028	0.95017	0.01518	0.00018	0.00027	0.03196	0.00018	0.00032	0.00022	0.00025	0.00015	0.00017	0.00013	9e-05	6.8e-05	2.3e-05	0.00011	5.7e-05	4.5e-05	0.00013
3	0.00015	0.00011	0.00014	0.00013	0.00016	0.00010	9.8e-05	0.00020	0.01367	0.00041	0.90491	0.00260	0.07116	0.00022	0.00012	3.3e-05	5e-05	0.00372	0.00192	9.9e-05
4	0.00013	9.2e-05	0.00012	0.00015	0.00015	8.6e-05	9.8e-05	0.00015	0.00020	0.00027	0.00058	0.97761	0.00069	0.00033	0.00013	4.3e-05	6.1e-05	0.01893	9.7e-05	8.5e-05
5	0.00014	9.6e-05	0.00012	0.00014	0.00014	9.2e-05	9.1e-05	0.00015	0.00288	0.00025	0.00814	0.65960	0.01280	0.27022	0.00024	5.9e-05	7.3e-05	0.04461	8.8e-05	8e-05
6	0.00015	0.00010	0.00011	0.00011	0.00011	0.00010	6.4e-05	0.00015	0.00015	0.00020	0.00033	0.01588	0.00039	0.98112	0.00053	0.00010	0.00010	0.00015	6.4e-05	6.4e-05
7	0.00013	0.00011	0.00012	0.00012	0.00015	9.2e-05	8.7e-05	0.00017	0.00026	0.00033	0.33583	0.01402	0.63551	0.00025	0.00012	3.5e-05	5.2e-05	0.01242	0.00010	9.2e-05
8	0.00028	0.99052	0.00055	0.00018	0.00027	0.00041	0.00018	0.00031	0.00021	0.00025	0.00015	0.00017	0.00599	9.1e-05	6.7e-05	2.2e-05	0.00011	5.7e-05	4.5e-05	0.00013
9	0.00039	0.00050	0.00030	0.00027	0.00032	0.99590	0.00020	0.00042	0.00030	0.00026	0.00016	0.00019	0.00013	0.00011	9.4e-05	2.7e-05	0.00019	6.7e-05	5.4e-05	0.00012
10	0.00012	0.00011	0.00011	0.00011	0.00014	8.9e-05	8e-05	0.00015	0.00024	0.00028	0.00739	0.00101	0.98137	0.00026	0.00012	3.5e-05	5.3e-05	0.00814	9.7e-05	8.8e-05
11	0.00015	0.00010	0.00012	0.00012	0.00013	0.00011	7.6e-05	0.00016	0.00016	0.00021	0.00032	0.00063	0.00036	0.80285	0.19397	0.00011	0.00014	0.00014	6.2e-05	6.9e-05
12	0.00020	0.00019	0.00031	0.99607	0.00072	0.00023	0.00029	0.00027	0.00021	0.00027	0.00019	0.00028	0.00014	0.00010	0.00010	3.5e-05	0.00014	9.3e-05	4.6e-05	0.00012
13	0.00015	0.00010	0.00013	0.00013	0.00013	0.00011	7.9e-05	0.00016	0.00016	0.00021	0.00618	0.00062	0.00036	0.76046	0.23050	0.00012	0.00014	0.00014	6.2e-05	7.1e-05
14	0.00026	0.00021	0.00023	0.00020	0.00026	0.00023	0.00016	0.06296	0.74105	0.03257	0.13172	0.00045	0.02895	0.00015	0.00011	3.5e-05	8e-05	0.00013	0.00011	0.00016
15	0.00022	0.00024	0.00052	0.00038	0.00047	0.00023	0.79744	0.00030	0.00024	0.00032	0.00028	0.19477	0.00026	0.00014	0.00013	3.7e-05	0.00015	0.00368	6.2e-05	0.00013
16	0.00352	0.00018	0.00025	0.00019	0.00027	0.00016	0.00016	0.04251	0.00031	0.95069	0.00041	0.00035	0.00026	0.00013	0.00011	3.2e-05	9e-05	0.00010	0.00013	0.00018
17	0.98506	0.00021	0.00016	0.00014	0.00020	0.01017	0.00011	0.00031	0.00018	0.00252	0.00015	0.00017	0.00011	9.7e-05	6.5e-05	3.2e-05	8.2e-05	5.7e-05	6.5e-05	0.00011
18	0.00271	0.00027	0.00029	0.00023	0.00031	0.00383	0.00757	0.69186	0.18468	0.08131	0.00485	0.00335	0.00022	0.00013	0.00011	3.3e-05	0.00011	0.01785	0.00011	0.00017
19	0.00021	0.00054	0.99578	0.00030	0.00045	0.00024	0.00039	0.00033	0.00022	0.00033	0.00019	0.00022	0.00013	9.9e-05	9.9e-05	3.3e-05	0.00015	7.7e-05	4.4e-05	0.00015
20	0.00131	0.00011	0.00014	0.00013	0.00016	9.9e-05	0.00010	0.00020	0.00029	0.00041	0.91799	0.01203	0.02675	0.00022	0.00012	3.4e-05	5.1e-05	0.03964	0.00011	9.8e-05
21	0.00040	0.00029	0.00031	0.00024	0.00032	0.00032	0.00020	0.99532	0.00049	0.00066	0.00025	0.00025	0.00018	0.00013	0.00010	3.1e-05	0.00012	9.4e-05	0.00010	0.00018
22	0.00043	0.00019	0.00024	0.00019	0.00027	0.00018	0.00016	0.02981	0.15954	0.80382	0.00378	0.00036	0.00027	0.00013	0.00011	3.3e-05	8.9e-05	0.00011	0.00013	0.00018
23	0.00013	9.2e-05	0.00012	0.00015	0.00015	8.6e-05	9.8e-05	0.00015	0.00428	0.00027	0.00058	0.98284	0.00069	0.00033	0.00013	4.3e-05	6.1e-05	0.00962	9.7e-05	8.5e-05
24	0.00013	9.2e-05	0.00012	0.00015	0.00015	8.6e-05	9.8e-05	0.00015	0.00020	0.00027	0.00058	0.97908	0.00069	0.00033	0.00013	4.3e-05	6.1e-05	0.01747	9.7e-05	8.5e-05
25	0.99706	0.00020	0.00015	0.00014	0.00020	0.00023	0.00011	0.00031	0.00018	0.00047	0.00015	0.00017	0.00011	9.7e-05	6.5e-05	3.2e-05	8.1e-05	5.7e-05	6.5e-05	0.00011
