[name]
unknown

[dist]
# distance from previous block
# <min> <max>
0	80

[block]
# block no. 0 follows, 2886 sequences, length 20
# corresponding to MSA columns:
# 104,106,107,114-127,131,132,135
name=unknown_A
#
# <colnr> <probs for GDERKNQSTAVLIFYWHMCP>
#	G	D	E	R	K	N	Q	S	T	A	V	L	I	F	Y	W	H	M	C	P
0	0.01047	0.06639	0.02603	0.01514	0.06658	0.16521	0.02850	0.07854	0.08736	0.19612	0.04615	0.03131	0.07395	0.01856	0.00546	3.8e-05	0.00383	0.02485	9.8e-05	0.05539
1	0.00024	0.00786	0.00030	0.31247	0.15343	0.06358	0.01156	0.01682	0.03218	0.01461	0.01021	0.17113	0.16049	0.01256	0.00385	4.2e-05	0.01440	0.00976	8.1e-05	0.00442
2	0.00035	0.02629	0.21841	0.00762	0.04969	0.03613	0.13039	0.09899	0.03100	0.22583	0.01520	0.01239	0.00921	0.00475	0.02020	3.9e-05	0.01052	0.00435	8.9e-05	0.09857
3	0.01422	0.16845	0.22076	0.02040	0.13799	0.05210	0.09818	0.03817	0.02320	0.08916	0.06142	0.01323	0.02335	0.00014	0.00710	3.7e-05	0.02574	0.00611	7.5e-05	0.00017
4	0.00030	0.00030	0.00048	0.01750	0.93377	0.04478	0.00036	0.00037	0.00028	0.00039	0.00022	0.00029	0.00019	0.00011	0.00012	3.6e-05	0.00015	0.00011	5.9e-05	0.00019
5	0.01182	0.01459	0.16628	0.03601	0.21152	0.01376	0.13944	0.03311	0.05952	0.14876	0.09116	0.00656	0.03377	0.00537	0.00989	4e-05	0.00586	0.00013	8.6e-05	0.01234
6	0.00617	0.03819	0.29269	0.01252	0.05109	0.01395	0.12820	0.02176	0.03456	0.27379	0.04369	0.05425	0.01531	0.00015	0.00363	3.9e-05	0.00420	0.00554	9.2e-05	0.00017
7	0.00327	0.01022	0.02447	0.00721	0.02759	0.00478	0.04029	0.02281	0.01602	0.15538	0.17344	0.15495	0.23781	0.04862	0.01136	0.00487	0.01290	0.04099	0.00288	0.00013
8	0.00017	0.00013	0.00016	0.00016	0.00841	0.00012	0.00011	0.00844	0.01603	0.00886	0.70885	0.07941	0.15439	0.00026	0.00014	3.9e-05	6.1e-05	0.00716	0.00699	0.00011
9	0.01716	0.11284	0.17263	0.01500	0.05382	0.02424	0.05004	0.07511	0.04783	0.39732	0.01107	0.00517	0.00489	0.00014	0.00413	3.7e-05	0.00013	0.00370	0.00456	0.00018
10	0.01124	0.08124	0.52038	0.01081	0.07725	0.04453	0.05274	0.04836	0.01876	0.05382	0.02558	0.01996	0.00595	0.00502	0.00538	0.00979	0.00392	0.00505	6.7e-05	0.00017
11	0.00016	0.00012	0.00015	0.00015	0.00018	0.00630	0.00011	0.00020	0.01261	0.01316	0.20393	0.41882	0.28179	0.02409	0.01822	4.8e-05	7.3e-05	0.01969	0.00011	0.00010
12	0.01522	0.00575	0.04231	0.04185	0.22873	0.10643	0.02560	0.11842	0.09507	0.19830	0.04636	0.00516	0.01418	0.00371	0.00455	3.8e-05	0.03837	0.00594	0.00382	0.00018
13	0.07835	0.11757	0.39305	0.01830	0.03386	0.06149	0.06286	0.07111	0.03878	0.09598	0.00998	0.00640	0.00364	0.00013	0.00418	3.7e-05	0.00394	9.7e-05	7.3e-05	0.00017
14	0.00545	0.03247	0.06816	0.05990	0.30301	0.01427	0.09920	0.03329	0.03182	0.06391	0.11985	0.06665	0.06397	0.00434	0.00751	4e-05	0.00985	0.01269	0.00348	0.00016
15	0.00022	0.00013	0.00016	0.00016	0.00019	0.00012	0.00011	0.01255	0.00600	0.13575	0.04084	0.32873	0.08540	0.31502	0.01411	0.00563	9.4e-05	0.05457	0.00010	0.00011
16	0.04441	0.04324	0.11317	0.08232	0.28951	0.05325	0.06257	0.12435	0.03497	0.11465	0.02072	0.00690	0.00478	0.00013	0.00012	3.7e-05	0.00014	0.00447	8.1e-05	0.00018
17	0.09816	0.09380	0.17349	0.04045	0.10517	0.12151	0.01934	0.13215	0.04748	0.13258	0.01391	0.00436	0.00598	0.00013	0.00355	3.6e-05	0.00014	0.00394	8.3e-05	0.00373
18	0.00934	0.00025	0.00029	0.00978	0.01014	0.01711	0.00019	0.31063	0.05867	0.46811	0.03453	0.00800	0.00745	0.01289	0.02306	4.2e-05	0.00981	0.00899	0.01053	0.00019
19	0.10731	0.05487	0.04644	0.01407	0.12478	0.05793	0.14179	0.10475	0.05725	0.07353	0.03615	0.08353	0.00529	0.01387	0.00830	3.9e-05	0.01645	0.00442	0.00315	0.04608

[dist]
# distance from previous block
# <min> <max>
0	1

[block]
# block no. 1 follows, 2886 sequences, length 22
# corresponding to MSA columns:
# 137,156-161,166-180
name=unknown_B
#
# <colnr> <probs for GDERKNQSTAVLIFYWHMCP>
#	G	D	E	R	K	N	Q	S	T	A	V	L	I	F	Y	W	H	M	C	P
0	0.01871	0.00015	0.00019	0.00017	0.00022	0.00430	0.00013	0.00929	0.05306	0.26780	0.25141	0.12124	0.13057	0.10785	0.00494	4.9e-05	8.4e-05	0.02283	0.00687	0.00014
1	0.00576	0.00013	0.00016	0.00015	0.00018	0.00012	0.00011	0.00461	0.00924	0.03866	0.53362	0.09911	0.20302	0.04852	0.03114	0.00719	7.3e-05	0.01117	0.00693	0.00011
2	0.00572	0.00555	0.00016	0.00016	0.00018	0.00012	0.00011	0.00815	0.01736	0.03589	0.46757	0.24855	0.14736	0.05095	0.00017	4.5e-05	6.8e-05	0.01166	0.00012	0.00011
3	0.00822	0.00018	0.00022	0.00019	0.00025	0.00018	0.00015	0.01165	0.23795	0.34259	0.18041	0.06794	0.05822	0.01368	0.00013	4e-05	8.5e-05	0.01594	0.06179	0.00016
4	0.02159	0.38501	0.25518	0.04598	0.02132	0.11101	0.01901	0.03150	0.01711	0.01268	0.00020	0.00024	0.00016	0.00012	0.00012	3.3e-05	0.06835	8.3e-05	0.01015	0.00016
5	0.00021	0.00015	0.00020	0.00019	0.00022	0.02550	0.00605	0.04336	0.00780	0.03925	0.01514	0.02250	0.00850	0.10015	0.71289	0.00016	0.00476	0.00014	0.00522	0.00761
6	0.01206	0.01990	0.01322	0.37570	0.16490	0.01427	0.08855	0.09319	0.03646	0.04370	0.01161	0.05675	0.01050	0.00354	0.00013	4e-05	0.03626	0.00668	0.01239	0.00015
7	0.88176	0.00024	0.00490	0.01043	0.02949	0.01081	0.00015	0.02970	0.01013	0.00891	0.00018	0.00021	0.00014	0.00012	0.00505	3.8e-05	0.00745	7e-05	7.6e-05	0.00014
8	0.00016	0.00012	0.00015	0.00017	0.00019	0.00011	0.00532	0.00640	0.01171	0.00824	0.07901	0.63209	0.10768	0.03071	0.00017	4.9e-05	7.5e-05	0.11266	0.00491	0.00010
9	0.02428	0.06876	0.01727	0.00703	0.03392	0.08273	0.00824	0.15456	0.55908	0.01358	0.00941	0.00037	0.00370	0.00015	0.00012	3.7e-05	0.00012	0.00012	0.00646	0.01007
10	0.00022	0.00411	0.00018	0.00016	0.00020	0.00013	0.00013	0.02095	0.01301	0.11844	0.78626	0.00081	0.01360	0.00746	0.01132	4e-05	0.00450	0.00558	0.00623	0.00667
11	0.08019	0.04287	0.16448	0.00962	0.09239	0.07391	0.01253	0.10909	0.00869	0.32641	0.02341	0.01206	0.01190	0.00014	0.00012	3.6e-05	0.00570	0.00297	0.00635	0.01715
12	0.00378	0.10542	0.30156	0.00412	0.10133	0.02919	0.27177	0.05346	0.02197	0.03089	0.00543	0.00829	0.00643	0.00013	0.00888	3.9e-05	0.03972	0.00386	6.5e-05	0.00366
13	0.00568	0.06906	0.01425	0.00019	0.00024	0.00017	0.00733	0.07162	0.04317	0.05068	0.13193	0.21294	0.10688	0.02771	0.00015	4.6e-05	9.3e-05	0.25762	0.00011	0.00013
14	0.00574	0.01420	0.07714	0.03793	0.03347	0.08298	0.03710	0.08161	0.53688	0.03291	0.01401	0.00873	0.00446	0.00995	0.00940	4.1e-05	0.00989	0.00328	0.00010	0.00018
15	0.02716	0.16710	0.27634	0.01464	0.08838	0.04331	0.09797	0.05515	0.04207	0.10449	0.03098	0.00728	0.01117	0.00013	0.00366	0.01186	0.00764	0.00430	0.00258	0.00378
16	0.00015	0.00011	0.00014	0.00017	0.00017	0.00010	0.00011	0.00017	0.00023	0.00031	0.02006	0.84612	0.02012	0.06882	0.00704	0.00777	7.6e-05	0.02814	0.00011	9.6e-05
17	0.00023	0.00021	0.00036	0.96423	0.00081	0.00027	0.00033	0.00031	0.00024	0.00031	0.00022	0.00032	0.00016	0.00012	0.00012	4e-05	0.01625	0.00011	0.01524	0.00013
18	0.02007	0.01287	0.02017	0.20800	0.29105	0.11585	0.02336	0.07437	0.02658	0.11260	0.04132	0.02227	0.00832	0.00014	0.00332	3.8e-05	0.00962	0.00502	0.00487	0.00016
19	0.00548	0.02272	0.18272	0.09166	0.23574	0.03461	0.13520	0.10627	0.02461	0.10546	0.00674	0.02694	0.00847	0.00013	0.00012	3.8e-05	0.00342	0.00622	7.7e-05	0.00336
20	0.02973	0.00014	0.00018	0.00018	0.00022	0.00013	0.00013	0.02029	0.00478	0.23870	0.04299	0.43717	0.05922	0.04335	0.00913	4.9e-05	8.6e-05	0.09243	0.02096	0.00013
21	0.08778	0.00494	0.00402	0.64930	0.09464	0.00855	0.02020	0.03716	0.00813	0.02100	0.00024	0.01837	0.01078	0.01816	0.00940	4.2e-05	0.00697	0.00011	6.3e-05	0.00014

[dist]
# distance from previous block
# <min> <max>
1	5

[block]
# block no. 2 follows, 2886 sequences, length 18
# corresponding to MSA columns:
# 187-192,197-208
name=unknown_C
#
# <colnr> <probs for GDERKNQSTAVLIFYWHMCP>
#	G	D	E	R	K	N	Q	S	T	A	V	L	I	F	Y	W	H	M	C	P
0	0.56559	0.11072	0.05078	0.00429	0.02707	0.14109	0.01308	0.04105	0.00685	0.00974	0.00019	0.00023	0.00395	0.00012	8.9e-05	3.5e-05	0.00529	0.00659	0.00511	0.00815
1	0.11190	0.00580	0.00020	0.00017	0.00022	0.00625	0.00013	0.03659	0.05505	0.19141	0.43764	0.01015	0.11685	0.00021	0.00013	3.8e-05	7.6e-05	0.00017	0.02687	0.00014
2	0.02357	0.05408	0.26629	0.02302	0.13174	0.03273	0.03357	0.05707	0.09567	0.01481	0.06788	0.01292	0.02133	0.02035	0.10767	5.6e-05	0.02615	0.00320	0.00416	0.00375
3	0.00018	0.00013	0.00017	0.00017	0.00019	0.00013	0.00013	0.00635	0.02816	0.00559	0.12343	0.15307	0.05814	0.17220	0.23624	9.2e-05	0.00563	0.15162	0.05826	0.00010
4	0.00579	0.00027	0.04696	0.19189	0.41515	0.00598	0.08027	0.06440	0.04204	0.04059	0.01398	0.04289	0.00870	0.00754	0.00441	4e-05	0.01581	0.00888	0.00424	0.00017
5	0.01094	0.00013	0.00016	0.00653	0.00019	0.00012	0.00677	0.00023	0.00809	0.00046	0.85642	0.00722	0.06961	0.00933	0.00015	3.9e-05	6.1e-05	0.02332	0.00013	0.00011
6	0.00408	0.00015	0.00650	0.00466	0.00422	0.00014	0.00014	0.01931	0.06232	0.12201	0.38833	0.09158	0.13003	0.01167	0.13809	6.2e-05	0.00835	0.00426	0.00398	0.00013
7	0.00029	0.00027	0.00046	0.18226	0.76210	0.00028	0.01226	0.02407	0.00027	0.00039	0.00023	0.00030	0.00018	0.00011	0.00012	3.6e-05	0.00015	0.00011	6e-05	0.01605
8	0.00044	0.01459	0.00035	0.00032	0.04373	0.90780	0.00024	0.01190	0.01899	0.00031	0.00019	0.00022	0.00016	0.00012	0.00011	3.1e-05	0.00021	8e-05	6.3e-05	0.00014
9	0.00855	0.00029	0.00031	0.11250	0.04003	0.09112	0.00022	0.14740	0.58126	0.00942	0.00039	0.00038	0.00029	0.00015	0.00012	3.9e-05	0.00012	0.00012	0.00011	0.00719
10	0.00015	0.00011	0.00014	0.00016	0.00018	0.00010	0.00011	0.00018	0.00866	0.00032	0.05969	0.70141	0.12161	0.03662	0.01840	5.2e-05	7.6e-05	0.05181	0.00011	0.0001
11	0.00029	0.00016	0.00020	0.00019	0.00023	0.00015	0.00014	0.01255	0.07679	0.30452	0.11039	0.28612	0.03438	0.06615	0.00017	4.8e-05	8.8e-05	0.10718	0.00012	0.00014
12	0.02329	0.00799	0.02683	0.41168	0.26235	0.02797	0.00935	0.04634	0.03340	0.01715	0.01705	0.03566	0.00572	0.02550	0.01015	0.00346	0.02133	0.00377	0.01088	0.00015
13	0.00021	0.00019	0.00531	0.48190	0.06613	0.00021	0.01616	0.00440	0.01890	0.01107	0.01165	0.09921	0.23185	0.02992	0.01234	4.5e-05	0.00482	0.00548	7.8e-05	0.00013
14	0.01214	0.00020	0.00027	0.00021	0.00030	0.00018	0.00017	0.02157	0.00034	0.89763	0.03951	0.00044	0.01644	0.00987	0.00013	3.8e-05	0.00010	0.00013	0.00015	0.00020
15	0.00028	0.00015	0.00019	0.00018	0.00022	0.00014	0.00013	0.01591	0.03748	0.29816	0.18926	0.24630	0.09830	0.06443	0.01094	0.00531	8.5e-05	0.02487	0.00752	0.00014
16	0.00748	0.07832	0.31001	0.03975	0.22474	0.04197	0.08129	0.03821	0.02963	0.09844	0.02285	0.00031	0.00441	0.00380	0.00012	3.7e-05	0.00544	0.00396	7.1e-05	0.00915
17	0.27044	0.09022	0.24391	0.01629	0.09104	0.09819	0.04385	0.03802	0.01976	0.04149	0.00506	0.01893	0.00444	0.00012	0.00010	3.6e-05	0.00428	0.00513	0.00855	0.00016

[dist]
# distance from previous block
# <min> <max>
5	13

[block]
# block no. 3 follows, 2886 sequences, length 8
# corresponding to MSA columns:
# 235-242
name=unknown_D
#
# <colnr> <probs for GDERKNQSTAVLIFYWHMCP>
#	G	D	E	R	K	N	Q	S	T	A	V	L	I	F	Y	W	H	M	C	P
0	0.05302	0.09661	0.06060	0.02058	0.06913	0.03163	0.05143	0.03181	0.02773	0.04463	0.10555	0.12590	0.02000	0.08981	0.08618	0.00730	0.04830	0.01718	0.01247	0.00013
1	0.02679	0.00015	0.03270	0.00018	0.00020	0.02844	0.00013	0.01759	0.02489	0.01190	0.00054	0.48864	0.03669	0.22236	0.03084	0.00953	0.00912	0.04945	0.00975	0.00010
2	0.00911	0.02743	0.09800	0.01626	0.24791	0.02565	0.04419	0.06522	0.14966	0.04306	0.13570	0.02211	0.03225	0.00941	0.00771	3.9e-05	0.01484	0.00013	8.9e-05	0.05122
3	0.73122	0.04429	0.06481	0.00022	0.06021	0.02398	0.02963	0.00035	0.00022	0.00049	0.00018	0.00022	0.00015	0.01407	0.01459	4e-05	0.01504	7.5e-05	7e-05	0.00014
4	0.00030	0.03547	0.00032	0.00024	0.01321	0.06214	0.06931	0.06109	0.10223	0.06683	0.01152	0.00999	0.00023	0.00012	0.00012	2.9e-05	0.05806	0.02070	0.01074	0.47734
5	0.00028	0.00025	0.00025	0.01017	0.01105	0.13799	0.01040	0.08299	0.34961	0.01079	0.05180	0.20736	0.04848	0.00021	0.00013	4e-05	0.01593	0.01026	0.05185	0.00015
6	0.08381	0.00019	0.00022	0.00019	0.00025	0.02792	0.00015	0.04440	0.01893	0.41800	0.11692	0.10753	0.09654	0.06891	0.00016	4.4e-05	9.4e-05	0.01546	0.00012	0.00015
7	0.00018	0.00012	0.00015	0.00015	0.00018	0.00011	0.00011	0.00021	0.00026	0.04009	0.23528	0.19389	0.26657	0.11457	0.08125	0.02841	9.3e-05	0.02223	0.01605	0.00010

[dist]
# distance from previous block
# <min> <max>
22	34

[block]
# block no. 4 follows, 2886 sequences, length 6
# corresponding to MSA columns:
# 298-303
name=unknown_E
#
# <colnr> <probs for GDERKNQSTAVLIFYWHMCP>
#	G	D	E	R	K	N	Q	S	T	A	V	L	I	F	Y	W	H	M	C	P
0	0.00019	0.00014	0.00016	0.00015	0.00019	0.01541	0.00011	0.01584	0.03213	0.04881	0.28165	0.12757	0.37290	0.04621	0.00016	4.4e-05	7.2e-05	0.02256	0.01610	0.01960
1	0.02542	0.00025	0.01296	0.13234	0.57140	0.01268	0.01243	0.01274	0.03264	0.01462	0.03878	0.06984	0.03795	0.00015	0.00013	3.8e-05	0.01246	0.01295	7.2e-05	0.00017
2	0.35341	0.00021	0.00022	0.01082	0.01078	0.01465	0.01059	0.03292	0.04564	0.25960	0.05674	0.04385	0.02527	0.03128	0.01540	4.3e-05	0.01160	0.03114	0.04568	0.00015
3	0.58451	0.00020	0.00019	0.00017	0.00023	0.00022	0.00013	0.00037	0.00025	0.19746	0.12078	0.05636	0.03839	0.00016	9.9e-05	3.8e-05	8.8e-05	0.00012	0.0001	0.00014
4	0.01267	0.00020	0.01017	0.02346	0.00027	0.01444	0.01003	0.16231	0.01893	0.23017	0.14287	0.03871	0.08742	0.06241	0.10830	0.01018	0.01666	0.03364	0.01701	0.00015
5	0.00019	0.02043	0.00017	0.00017	0.00019	0.01327	0.00013	0.01313	0.01306	0.03392	0.14740	0.18294	0.16027	0.16960	0.04831	6.3e-05	0.02248	0.13968	0.03449	0.00011

[dist]
# distance from previous block
# <min> <max>
4	8

[block]
# block no. 5 follows, 2886 sequences, length 7
# corresponding to MSA columns:
# 315,319,321-325
name=unknown_F
#
# <colnr> <probs for GDERKNQSTAVLIFYWHMCP>
#	G	D	E	R	K	N	Q	S	T	A	V	L	I	F	Y	W	H	M	C	P
0	0.00021	0.00014	0.00019	0.00019	0.01257	0.00014	0.01552	0.03244	0.01719	0.10400	0.10913	0.36172	0.12020	0.03794	0.09603	6.1e-05	0.01215	0.06594	0.01412	0.00012
1	0.06382	0.27355	0.03573	0.00026	0.03633	0.05849	0.02849	0.25983	0.12808	0.02984	0.01258	0.01408	0.00022	0.00013	0.00010	3.3e-05	0.00013	9.8e-05	8.7e-05	0.05812
2	0.10156	0.01252	0.09863	0.01190	0.08202	0.00890	0.01726	0.02051	0.03185	0.29679	0.10680	0.08417	0.01995	0.01046	0.01021	4e-05	0.00813	0.00868	0.00010	0.06952
3	0.01746	0.19241	0.26125	0.01228	0.05819	0.05396	0.02642	0.07872	0.01841	0.21356	0.01177	0.01082	0.00021	0.00014	0.01113	3.7e-05	0.01276	9.9e-05	8.3e-05	0.02032
4	0.11588	0.10472	0.30688	0.03093	0.05220	0.01598	0.16664	0.03606	0.02882	0.05768	0.01194	0.01010	0.01073	0.00013	0.00012	3.8e-05	0.03829	0.01264	6.9e-05	0.00016
5	0.00018	0.00013	0.00016	0.01329	0.01339	0.01401	0.00012	0.00022	0.01400	0.02353	0.37315	0.08470	0.39822	0.01381	0.00015	4.1e-05	6.9e-05	0.03722	0.01350	0.00011
6	0.01244	0.14598	0.16567	0.01610	0.25516	0.11071	0.04406	0.05563	0.03677	0.03638	0.02972	0.01889	0.02300	0.00014	0.00012	3.6e-05	0.00993	0.02982	7.2e-05	0.00938

[dist]
# distance from previous block
# <min> <max>
0	1

[block]
# block no. 6 follows, 2886 sequences, length 6
# corresponding to MSA columns:
# 327,328,331-334
name=unknown_G
#
# <colnr> <probs for GDERKNQSTAVLIFYWHMCP>
#	G	D	E	R	K	N	Q	S	T	A	V	L	I	F	Y	W	H	M	C	P
0	0.02504	0.01908	0.13394	0.07584	0.11573	0.01396	0.03656	0.02489	0.03546	0.34097	0.03432	0.01780	0.01208	0.01352	0.08649	5.2e-05	0.00014	0.01386	9.8e-05	0.00017
1	0.00015	0.00011	0.00014	0.00016	0.00018	0.00010	0.00011	0.00018	0.00025	0.00033	0.10230	0.57359	0.19191	0.04716	0.04336	5.6e-05	8.1e-05	0.03963	0.00011	0.0001
2	0.05627	0.00023	0.00029	0.00023	0.02113	0.00022	0.00019	0.16831	0.02357	0.62615	0.02401	0.00037	0.00028	0.00015	0.00013	3.7e-05	0.03077	0.00012	0.00013	0.04742
3	0.01665	0.12459	0.08739	0.01524	0.25091	0.07273	0.01293	0.16108	0.11573	0.07686	0.01219	0.02734	0.01272	0.00014	0.00011	3.6e-05	0.00013	0.01297	8.6e-05	0.00018
4	0.00017	0.00012	0.00015	0.00017	0.00019	0.00011	0.00012	0.02106	0.02820	0.00033	0.04384	0.58019	0.12431	0.02127	0.00019	0.08947	7.8e-05	0.08983	0.00011	0.00010
5	0.03493	0.02150	0.05474	0.01786	0.04089	0.00019	0.00018	0.02244	0.01413	0.03851	0.00025	0.03298	0.00021	0.00011	0.00010	2.5e-05	0.02106	0.01423	7.5e-05	0.68559

[dist]
# distance from previous block
# <min> <max>
1	3

[block]
# block no. 7 follows, 2886 sequences, length 6
# corresponding to MSA columns:
# 339-344
name=unknown_H
#
# <colnr> <probs for GDERKNQSTAVLIFYWHMCP>
#	G	D	E	R	K	N	Q	S	T	A	V	L	I	F	Y	W	H	M	C	P
0	0.00022	0.00020	0.00033	0.36594	0.17335	0.00023	0.03713	0.00029	0.02225	0.00033	0.01569	0.14664	0.01455	0.02206	0.08157	5.5e-05	0.06213	0.03078	7e-05	0.02617
1	0.01340	0.16338	0.48545	0.04365	0.10040	0.05059	0.02202	0.01225	0.02649	0.01401	0.00024	0.01179	0.01130	0.00012	0.00011	3.6e-05	0.01473	0.01119	5.9e-05	0.01879
2	0.08632	0.02881	0.52775	0.00031	0.04069	0.00026	0.07507	0.02538	0.03679	0.02842	0.08588	0.02125	0.01445	0.01518	0.00012	3.9e-05	0.00015	0.01290	7.1e-05	0.00016
3	0.01792	0.00015	0.00021	0.00020	0.00023	0.00014	0.04759	0.03058	0.03928	0.19369	0.01880	0.55598	0.04297	0.02327	0.00015	4.6e-05	8.7e-05	0.02845	0.00012	0.00013
4	0.00018	0.00015	0.00022	0.17529	0.03525	0.00016	0.03011	0.00022	0.00024	0.00032	0.04337	0.40078	0.17997	0.01780	0.03693	5.1e-05	0.04392	0.03484	9.4e-05	0.00011
5	0.09807	0.00023	0.00029	0.02019	0.00033	0.00023	0.04944	0.19028	0.06941	0.47327	0.02159	0.02240	0.02193	0.01620	0.00013	3.9e-05	0.00011	0.01554	0.00012	0.00018

[dist]
# distance from previous block
# <min> <max>
3	173

# created by:
# /home/cegg/simao/soft/augustus-3.2.1/scripts/msa2prfl.pl ./align_prep/POG091H02JR.fa
