[name]
unknown

[dist]
# distance from previous block
# <min> <max>
0	411

[block]
# block no. 0 follows, 2466 sequences, length 22
# corresponding to MSA columns:
# 452-459,472-485
name=unknown_A
#
# <colnr> <probs for GDERKNQSTAVLIFYWHMCP>
#	G	D	E	R	K	N	Q	S	T	A	V	L	I	F	Y	W	H	M	C	P
0	0.00565	0.00015	0.00018	0.00019	0.00022	0.00013	0.00014	0.00027	0.00033	0.07323	0.26232	0.25413	0.25137	0.01116	0.00577	5.3e-05	8.6e-05	0.12759	0.00691	0.00013
1	0.00019	0.00014	0.00017	0.00017	0.00020	0.00013	0.00012	0.00022	0.00030	0.00039	0.21111	0.23917	0.24857	0.22297	0.01447	7.2e-05	9.5e-05	0.06128	0.00012	0.00011
2	0.01530	0.00026	0.00030	0.00027	0.00035	0.00028	0.00022	0.14987	0.34336	0.20389	0.02884	0.00906	0.01003	0.00023	0.00015	5e-05	0.00012	0.23002	0.00720	0.00020
3	0.65918	0.00026	0.00024	0.00021	0.00030	0.00028	0.00017	0.01442	0.02879	0.27891	0.00031	0.00031	0.00022	0.00015	0.00010	4.3e-05	0.00011	9.8e-05	0.01570	0.00018
4	0.94041	0.00027	0.00021	0.00019	0.00028	0.00031	0.00016	0.00043	0.00025	0.05618	0.00022	0.00024	0.00016	0.00013	9e-05	4.3e-05	0.00011	8e-05	9.2e-05	0.00016
5	0.95807	0.00027	0.00021	0.00019	0.01190	0.00031	0.00016	0.00041	0.00024	0.00062	0.00021	0.00024	0.01163	0.00013	9.4e-05	4.4e-05	0.01493	8e-05	8.7e-05	0.00015
6	0.00036	0.00031	0.00033	0.00029	0.00037	0.00036	0.00023	0.08410	0.91056	0.00061	0.00055	0.00051	0.00041	0.00019	0.00014	4.7e-05	0.00011	0.00016	0.00014	0.00022
7	0.57652	0.00025	0.00024	0.00020	0.00029	0.00027	0.00017	0.02240	0.01044	0.27597	0.09153	0.00039	0.00831	0.00016	0.00011	4.3e-05	0.00011	0.00011	0.01231	0.00018
8	0.99606	0.00027	0.00021	0.00018	0.00027	0.00031	0.00015	0.00041	0.00024	0.00063	0.00020	0.00023	0.00015	0.00013	8.7e-05	4.3e-05	0.00011	7.6e-05	8.7e-05	0.00015
9	0.00031	0.00031	0.00043	0.00037	0.00037	0.00043	0.00031	0.00034	0.00021	0.00034	0.00018	0.00031	0.00018	0.00025	0.00046	6.1e-05	0.99481	0.00012	6.1e-05	0.00015
10	0.00019	0.00015	0.00017	0.00017	0.00020	0.00013	0.00012	0.00024	0.02032	0.00048	0.50811	0.04460	0.41330	0.01099	0.00017	4.7e-05	7.1e-05	0.00028	0.00014	0.00013
11	0.00028	0.00026	0.06519	0.00024	0.00029	0.05040	0.00019	0.09142	0.15047	0.01563	0.00597	0.00483	0.02696	0.31647	0.23938	0.00012	0.00792	0.02373	9.8e-05	0.00015
12	0.00028	0.00023	0.00028	0.00021	0.00031	0.00018	0.00016	0.00034	0.00030	0.01446	0.07781	0.06515	0.00034	0.00014	0.00011	2.5e-05	0.0001	0.00012	9.3e-05	0.83936
13	0.18635	0.00034	0.00031	0.00026	0.00035	0.23417	0.00021	0.00721	0.00036	0.47783	0.00044	0.06104	0.01476	0.00018	0.00013	4.3e-05	0.00015	0.01556	0.00013	0.00019
14	0.00018	0.00014	0.00532	0.00020	0.00494	0.00012	0.00890	0.00022	0.00528	0.00591	0.05111	0.68197	0.17563	0.00583	0.00018	5.5e-05	8.4e-05	0.05369	0.00013	0.00012
15	0.00058	0.00027	0.00878	0.00026	0.00036	0.02743	0.00021	0.10563	0.02141	0.76105	0.00790	0.03084	0.02675	0.00019	0.00014	4.4e-05	0.00012	0.00015	0.00016	0.00773
16	0.00019	0.00014	0.00017	0.00018	0.00021	0.00013	0.00013	0.00534	0.03958	0.00718	0.31685	0.30497	0.24524	0.03894	0.00492	5.4e-05	8e-05	0.01640	0.01915	0.00013
17	0.03130	0.00021	0.00027	0.00408	0.00031	0.00018	0.00018	0.00585	0.00412	0.61368	0.04056	0.02956	0.21554	0.00436	0.00700	0.00914	0.00011	0.02842	0.00494	0.00020
18	0.02173	0.16748	0.12698	0.09835	0.10457	0.06631	0.07679	0.01199	0.01772	0.01181	0.01112	0.01072	0.00023	0.00014	0.00014	3.8e-05	0.05852	0.00885	7.4e-05	0.20643
19	0.01744	0.01811	0.19165	0.06275	0.09868	0.00484	0.06033	0.03358	0.05550	0.23525	0.02696	0.01965	0.01044	0.00476	0.07250	0.00399	0.05812	0.01204	0.01321	0.00020
20	0.00020	0.00014	0.00017	0.00019	0.00021	0.00013	0.00013	0.01552	0.00029	0.03668	0.05846	0.58651	0.10316	0.12055	0.00568	0.00846	9.3e-05	0.05510	0.00820	0.00012
21	0.00433	0.00409	0.05859	0.20731	0.23870	0.00603	0.17849	0.01487	0.02627	0.02815	0.01339	0.07274	0.09131	0.00019	0.00015	4.7e-05	0.00623	0.04179	0.00713	0.00018

[dist]
# distance from previous block
# <min> <max>
1	10

[block]
# block no. 1 follows, 2466 sequences, length 8
# corresponding to MSA columns:
# 519,520,522-524,526-528
name=unknown_B
#
# <colnr> <probs for GDERKNQSTAVLIFYWHMCP>
#	G	D	E	R	K	N	Q	S	T	A	V	L	I	F	Y	W	H	M	C	P
0	0.01608	0.01391	0.00869	0.00022	0.00027	0.01814	0.00017	0.04725	0.04043	0.21101	0.11825	0.07362	0.05513	0.02655	0.05545	0.20534	0.04707	0.00900	0.04577	0.00764
1	0.02510	0.09479	0.34504	0.12636	0.04855	0.06485	0.10841	0.03901	0.03813	0.01657	0.01198	0.01356	0.00788	0.00016	0.00979	4.5e-05	0.03045	0.00804	7.5e-05	0.01122
2	0.00020	0.00015	0.00017	0.00017	0.00021	0.00013	0.00012	0.00025	0.01693	0.02367	0.39879	0.06131	0.39091	0.04917	0.01318	5.3e-05	8e-05	0.01348	0.01759	0.01342
3	0.00729	0.01964	0.02772	0.04205	0.01419	0.00982	0.02150	0.10395	0.10952	0.03573	0.10965	0.26676	0.05249	0.02766	0.01393	5.5e-05	0.09051	0.03255	0.01483	0.00016
4	0.00024	0.00014	0.00020	0.00019	0.00021	0.00015	0.00013	0.00025	0.01370	0.06175	0.02630	0.01569	0.01415	0.25942	0.25916	0.30634	0.00019	0.01710	0.02457	0.00010
5	0.01703	0.00014	0.00017	0.00018	0.00021	0.00013	0.00013	0.00024	0.00032	0.03965	0.24642	0.37435	0.25556	0.01927	0.00018	5.2e-05	7.9e-05	0.02963	0.01614	0.00013
6	0.89002	0.00027	0.00022	0.00019	0.00028	0.00031	0.00016	0.03243	0.00026	0.04301	0.00022	0.00025	0.00017	0.00013	9.1e-05	4.3e-05	0.00011	8.2e-05	0.03160	0.00016
7	0.02595	0.02361	0.00035	0.03292	0.01142	0.04874	0.00024	0.17889	0.54196	0.08791	0.01197	0.01157	0.01256	0.00018	0.00014	4.5e-05	0.01105	0.00015	0.00013	0.00021

[dist]
# distance from previous block
# <min> <max>
1	7

[block]
# block no. 2 follows, 2466 sequences, length 8
# corresponding to MSA columns:
# 536-538,542-544,546,547
name=unknown_C
#
# <colnr> <probs for GDERKNQSTAVLIFYWHMCP>
#	G	D	E	R	K	N	Q	S	T	A	V	L	I	F	Y	W	H	M	C	P
0	0.63785	0.01205	0.01850	0.13313	0.04988	0.01183	0.00021	0.04694	0.00028	0.01221	0.00024	0.02439	0.00019	0.00014	0.00011	4.3e-05	0.01184	9.8e-05	0.01056	0.02952
1	0.00022	0.00016	0.00021	0.01320	0.00026	0.00015	0.01532	0.01606	0.00031	0.02367	0.01862	0.18946	0.28230	0.03099	0.00019	5.6e-05	0.00010	0.34299	0.00013	0.06559
2	0.00029	0.11246	0.88269	0.00038	0.00058	0.00035	0.00049	0.00044	0.00030	0.00043	0.00025	0.00029	0.00018	0.00013	0.00013	4.3e-05	0.00020	0.00010	5.9e-05	0.00020
3	0.07640	0.00031	0.03190	0.11355	0.12565	0.05750	0.04695	0.06779	0.07435	0.17695	0.02147	0.01106	0.00783	0.00750	0.02251	0.00893	0.06814	0.07373	0.00731	0.00019
4	0.02963	0.09007	0.16187	0.23370	0.10680	0.01979	0.12716	0.05177	0.07639	0.03896	0.00905	0.00822	0.00852	0.00016	0.00815	4.6e-05	0.02129	0.00815	8.1e-05	0.00019
5	0.01613	0.00021	0.07314	0.02400	0.03475	0.00017	0.03633	0.00029	0.02715	0.06264	0.03873	0.39626	0.19877	0.00035	0.02871	0.01146	0.00011	0.04097	0.00968	0.00014
6	0.00022	0.00015	0.00018	0.00018	0.00022	0.00013	0.00013	0.00027	0.00036	0.06887	0.51089	0.12689	0.24536	0.00032	0.00016	4.7e-05	7.4e-05	0.02381	0.02162	0.00013
7	0.02029	0.02035	0.15101	0.03141	0.04959	0.02441	0.05286	0.03150	0.03973	0.05616	0.01999	0.02065	0.00026	0.00014	0.00013	3.4e-05	0.00970	0.00884	8.9e-05	0.46286

[dist]
# distance from previous block
# <min> <max>
3	10

[block]
# block no. 3 follows, 2466 sequences, length 10
# corresponding to MSA columns:
# 576,620-628
name=unknown_D
#
# <colnr> <probs for GDERKNQSTAVLIFYWHMCP>
#	G	D	E	R	K	N	Q	S	T	A	V	L	I	F	Y	W	H	M	C	P
0	0.00616	0.14367	0.19008	0.08039	0.07335	0.02114	0.02407	0.02830	0.06233	0.04945	0.00988	0.00757	0.01761	0.00015	0.00583	3.8e-05	0.01402	0.00606	0.00638	0.25353
1	0.00848	0.00015	0.00018	0.00019	0.00887	0.00015	0.00888	0.00024	0.02784	0.00844	0.01069	0.30535	0.20622	0.26494	0.07559	0.01013	0.01394	0.04949	0.00011	0.00011
2	0.00717	0.06803	0.23757	0.07093	0.10172	0.00945	0.03039	0.01906	0.02521	0.06820	0.03802	0.01779	0.06959	0.02302	0.06884	6.1e-05	0.12927	0.00679	0.00869	0.00018
3	0.17599	0.00976	0.01639	0.01907	0.01021	0.00661	0.02564	0.08115	0.17359	0.06765	0.02059	0.10896	0.00853	0.09098	0.03661	0.03320	0.02194	0.02642	0.01060	0.05612
4	0.00018	0.00014	0.00016	0.00017	0.00020	0.00013	0.00012	0.01482	0.01526	0.00041	0.13659	0.19948	0.57689	0.02072	0.00018	5.1e-05	7.8e-05	0.03414	0.00013	0.00012
5	0.00849	0.12102	0.09421	0.09195	0.05712	0.05275	0.02649	0.10374	0.07479	0.07443	0.00816	0.00545	0.00564	0.00807	0.00910	0.01978	0.03616	0.00544	0.02489	0.17234
6	0.02409	0.00021	0.00025	0.01811	0.05569	0.00020	0.00840	0.08933	0.05584	0.09823	0.15793	0.01596	0.28759	0.08722	0.00020	5.3e-05	0.00010	0.03735	0.00882	0.05443
7	0.18154	0.00755	0.01717	0.06580	0.06197	0.01080	0.12013	0.17343	0.05015	0.08532	0.13255	0.01124	0.00712	0.00901	0.03439	5.2e-05	0.00885	0.01378	0.00896	0.00018
8	0.57060	0.00028	0.00029	0.00998	0.12546	0.01085	0.02476	0.01437	0.00028	0.03785	0.01875	0.00029	0.00021	0.00014	0.00972	0.00962	0.00012	9.4e-05	8.8e-05	0.16625
9	0.01570	0.00014	0.00017	0.00019	0.00020	0.00013	0.00013	0.00022	0.00027	0.01170	0.09640	0.48945	0.04932	0.22597	0.01132	0.02512	0.0001	0.04699	0.00012	0.02638

[dist]
# distance from previous block
# <min> <max>
8	18

[block]
# block no. 4 follows, 2466 sequences, length 12
# corresponding to MSA columns:
# 710-720,722
name=unknown_E
#
# <colnr> <probs for GDERKNQSTAVLIFYWHMCP>
#	G	D	E	R	K	N	Q	S	T	A	V	L	I	F	Y	W	H	M	C	P
0	0.00022	0.00015	0.00019	0.00019	0.00022	0.01561	0.00014	0.01474	0.02675	0.03076	0.17441	0.35898	0.13904	0.12272	0.02755	0.03909	0.00010	0.04888	0.00013	0.00012
1	0.05442	0.00448	0.00539	0.06108	0.01985	0.00617	0.00919	0.01666	0.02274	0.10084	0.07136	0.26876	0.10009	0.08280	0.02151	0.03753	0.00563	0.07967	0.00805	0.02378
2	0.06030	0.01532	0.01463	0.21454	0.31733	0.04722	0.03304	0.04990	0.02190	0.04904	0.01823	0.04501	0.01616	0.01463	0.02878	0.02266	0.01201	0.00774	0.00593	0.00563
3	0.23861	0.00031	0.03611	0.00026	0.00037	0.01081	0.01005	0.27481	0.04226	0.36091	0.01120	0.00038	0.00028	0.00016	0.00013	4.3e-05	0.00013	0.00012	0.01285	0.00021
4	0.01498	0.00017	0.00685	0.01469	0.02197	0.00568	0.01752	0.00782	0.08588	0.01299	0.25459	0.18498	0.15346	0.08181	0.03868	0.02630	0.00011	0.03283	0.03287	0.00583
5	0.04962	0.00729	0.00810	0.19221	0.08229	0.01793	0.01546	0.03509	0.01429	0.08412	0.03453	0.14987	0.03907	0.06943	0.01536	0.09276	0.01891	0.04505	0.01141	0.01721
6	0.00598	0.04760	0.11228	0.05382	0.16450	0.01080	0.34141	0.03020	0.02066	0.09795	0.01586	0.03784	0.00636	0.00532	0.00016	4.6e-05	0.01285	0.03059	0.00559	0.00019
7	0.01338	0.00026	0.00032	0.00025	0.00035	0.00025	0.00021	0.19630	0.07766	0.55631	0.07377	0.01509	0.01264	0.00019	0.00014	4.4e-05	0.00012	0.01262	0.03986	0.00022
8	0.03017	0.01282	0.02234	0.31985	0.19946	0.02291	0.01838	0.01515	0.00885	0.02043	0.01824	0.10774	0.04455	0.03478	0.04085	0.02026	0.01514	0.03910	0.00880	0.00016
9	0.04976	0.02280	0.05632	0.18614	0.28079	0.02152	0.06503	0.06471	0.02138	0.12628	0.02150	0.00978	0.00829	0.02596	0.00673	0.00861	0.01128	0.00605	0.00688	0.00019
10	0.00506	0.00950	0.01539	0.01546	0.00516	0.00015	0.00816	0.00583	0.01679	0.03921	0.12567	0.10856	0.53783	0.01248	0.03162	0.01164	0.02093	0.02454	0.00585	0.00013
11	0.00018	0.00014	0.00018	0.01223	0.00023	0.00013	0.01244	0.00022	0.00030	0.00039	0.09579	0.38292	0.31303	0.04514	0.00020	5.7e-05	8.9e-05	0.13609	0.00013	0.00012

[dist]
# distance from previous block
# <min> <max>
0	2

[block]
# block no. 5 follows, 2466 sequences, length 21
# corresponding to MSA columns:
# 726,730-739,741-750
name=unknown_F
#
# <colnr> <probs for GDERKNQSTAVLIFYWHMCP>
#	G	D	E	R	K	N	Q	S	T	A	V	L	I	F	Y	W	H	M	C	P
0	0.01007	0.00021	0.06890	0.04914	0.02609	0.00822	0.01692	0.01112	0.02435	0.01625	0.11840	0.11325	0.05205	0.34506	0.04769	0.03795	0.03829	0.01046	0.00546	0.00013
1	0.02799	0.04354	0.02296	0.22998	0.42322	0.03583	0.12280	0.04067	0.00483	0.01606	0.00027	0.00372	0.00353	0.00014	0.00015	0.00340	0.01712	0.00013	0.00348	0.00019
2	0.00033	0.00024	0.00029	0.00021	0.00033	0.00019	0.00017	0.01018	0.00928	0.11592	0.03456	0.00037	0.02252	0.00837	0.00012	2.6e-05	0.00010	0.00010	9.8e-05	0.79659
3	0.00596	0.65021	0.01656	0.02266	0.00849	0.04435	0.09116	0.02370	0.01445	0.02856	0.01926	0.00633	0.01968	0.00324	0.00012	3.6e-05	0.02454	0.02043	7.3e-05	0.00018
4	0.00450	0.00017	0.00021	0.00020	0.00627	0.00015	0.00468	0.00835	0.00664	0.19780	0.47884	0.09960	0.10682	0.01861	0.00446	4.8e-05	8.5e-05	0.01151	0.05090	0.00015
5	0.00604	0.00015	0.00020	0.00018	0.00023	0.00014	0.00014	0.00030	0.00606	0.10597	0.71013	0.06693	0.08390	0.00029	0.00627	4.6e-05	7.6e-05	0.00672	0.00608	0.00014
6	0.00020	0.00014	0.00017	0.00017	0.00020	0.00013	0.00012	0.00024	0.00031	0.04487	0.25616	0.22273	0.29092	0.15921	0.00026	6.3e-05	8.6e-05	0.01523	0.00867	0.00012
7	0.78504	0.00029	0.00024	0.00021	0.00030	0.00033	0.00017	0.16738	0.00968	0.01492	0.01071	0.00026	0.00019	0.00014	9.8e-05	4.3e-05	0.00012	8.9e-05	0.00963	0.00017
8	0.00026	0.00020	0.00026	0.00030	0.12589	0.00021	0.00020	0.00038	0.22004	0.00548	0.11080	0.03726	0.00634	0.27337	0.00700	7.6e-05	0.00012	0.19944	0.01222	0.00015
9	0.99606	0.00027	0.00021	0.00018	0.00027	0.00031	0.00015	0.00041	0.00024	0.00063	0.00020	0.00023	0.00015	0.00013	8.7e-05	4.3e-05	0.00011	7.6e-05	8.7e-05	0.00015
10	0.93403	0.00029	0.00022	0.00019	0.00028	0.03446	0.00016	0.01387	0.00025	0.01496	0.00020	0.00023	0.00016	0.00013	9e-05	4.3e-05	0.00011	7.8e-05	8.8e-05	0.00015
11	0.00020	0.00015	0.00021	0.00021	0.00023	0.00017	0.00016	0.00024	0.00022	0.00031	0.00039	0.00063	0.00038	0.22686	0.74928	0.00020	0.01978	0.00016	7.7e-05	0.00012
12	0.00793	0.00017	0.00022	0.00019	0.00025	0.00016	0.00015	0.00967	0.01595	0.23899	0.62410	0.00757	0.08179	0.00026	0.00016	4.4e-05	8.2e-05	0.00023	0.00016	0.01192
13	0.04437	0.00033	0.00036	0.00028	0.00038	0.00036	0.00023	0.56090	0.15234	0.15262	0.00041	0.00041	0.00029	0.00017	0.00014	4.3e-05	0.00013	0.00833	0.07767	0.00022
14	0.41027	0.00021	0.00021	0.00019	0.00025	0.00022	0.00014	0.00530	0.02196	0.11203	0.17551	0.05649	0.04667	0.13993	0.00462	0.00412	0.00010	0.00869	0.00488	0.00820
15	0.00031	0.00025	0.00029	0.00021	0.00033	0.00019	0.00017	0.02161	0.00736	0.05294	0.01088	0.00033	0.01719	0.00012	0.00011	2.4e-05	0.00010	9.4e-05	0.01442	0.87307
16	0.21225	0.00021	0.00023	0.00020	0.00027	0.00021	0.00016	0.02539	0.06428	0.16391	0.32829	0.03971	0.04317	0.00470	0.00014	4.4e-05	9.5e-05	0.02846	0.00836	0.07990
17	0.26540	0.00018	0.00020	0.00019	0.00024	0.00019	0.00015	0.01165	0.00481	0.03569	0.24729	0.19369	0.04449	0.00037	0.13077	7e-05	0.00013	0.02350	0.03201	0.00899
18	0.00454	0.00345	0.00544	0.05386	0.03767	0.01837	0.01382	0.00969	0.00543	0.03254	0.07583	0.38663	0.14123	0.05204	0.06891	0.03534	0.00328	0.04881	0.00298	0.00013
19	0.03629	0.00025	0.03478	0.00559	0.01208	0.00654	0.01455	0.00704	0.03100	0.65952	0.06784	0.00366	0.01462	0.00333	0.00510	0.00374	0.00012	0.08615	0.00759	0.00021
20	0.05463	0.00024	0.00031	0.00024	0.00035	0.00022	0.00020	0.02554	0.02311	0.85258	0.01064	0.00047	0.00035	0.00017	0.00014	4.3e-05	0.00012	0.00014	0.03029	0.00023

[dist]
# distance from previous block
# <min> <max>
3	14

[block]
# block no. 6 follows, 2466 sequences, length 23
# corresponding to MSA columns:
# 767,769,776-787,790-798
name=unknown_G
#
# <colnr> <probs for GDERKNQSTAVLIFYWHMCP>
#	G	D	E	R	K	N	Q	S	T	A	V	L	I	F	Y	W	H	M	C	P
0	0.00021	0.00017	0.00022	0.05398	0.08430	0.00016	0.00016	0.00464	0.03368	0.01402	0.24761	0.04098	0.49362	0.00358	0.00602	0.00332	0.00337	0.00449	0.00533	0.00014
1	0.00030	0.00026	0.00032	0.01331	0.09019	0.00021	0.00461	0.00454	0.00522	0.01017	0.00402	0.00415	0.00022	0.00404	0.00556	2.6e-05	0.00579	9.2e-05	8.3e-05	0.84691
2	0.00456	0.00019	0.00022	0.00641	0.00026	0.00020	0.00016	0.04666	0.25336	0.01868	0.22789	0.19252	0.14357	0.03073	0.03433	5.7e-05	0.00010	0.01939	0.02054	0.00016
3	0.00615	0.00015	0.00019	0.00018	0.00022	0.00014	0.00014	0.00027	0.00034	0.07041	0.41540	0.15154	0.19237	0.06155	0.05813	6.4e-05	0.00480	0.03045	0.00741	0.00013
4	0.00020	0.00015	0.00017	0.00017	0.00021	0.00013	0.00013	0.01837	0.01251	0.02430	0.18542	0.25638	0.47107	0.01046	0.00017	5e-05	7.7e-05	0.01050	0.00942	0.00013
5	0.00030	0.00029	0.00044	0.00037	0.00039	0.00463	0.13350	0.00425	0.00025	0.00417	0.04460	0.02980	0.00029	0.01896	0.00553	0.00688	0.69127	0.03449	0.01944	0.00015
6	0.00031	0.00071	0.89726	0.00039	0.00059	0.08008	0.00049	0.00046	0.00031	0.01778	0.00025	0.00030	0.00018	0.00013	0.00013	4.4e-05	0.00021	0.00010	6.2e-05	0.00020
7	0.01289	0.00035	0.00061	0.00045	0.00057	0.00034	0.53906	0.22048	0.01705	0.13280	0.01160	0.00040	0.00026	0.01436	0.00016	4.6e-05	0.00019	0.00015	0.01851	0.02974
8	0.00048	0.26538	0.00049	0.00033	0.00041	0.72994	0.00026	0.00052	0.00037	0.00034	0.00021	0.00025	0.00018	0.00014	0.00012	3.5e-05	0.00023	8.6e-05	6.9e-05	0.00017
9	0.02855	0.01447	0.00347	0.01397	0.00736	0.00026	0.00381	0.24435	0.00623	0.41898	0.06662	0.07350	0.02609	0.01279	0.00677	4.8e-05	0.00642	0.05328	0.00681	0.00620
10	0.00826	0.03873	0.00027	0.06733	0.01745	0.01747	0.00019	0.06507	0.12884	0.04360	0.21616	0.05402	0.13678	0.07129	0.08241	0.00273	0.00750	0.01426	0.00286	0.02478
11	0.00633	0.00023	0.00028	0.00022	0.00032	0.00019	0.00018	0.01450	0.00752	0.32063	0.03088	0.07703	0.04150	0.00572	0.00013	3.6e-05	0.00011	0.04669	0.00012	0.44739
12	0.91617	0.00026	0.00020	0.00019	0.00027	0.00030	0.00015	0.00040	0.00024	0.00061	0.00024	0.08003	0.00021	0.00016	9.4e-05	4.5e-05	0.00011	0.00010	9e-05	0.00015
13	0.00386	0.00015	0.00020	0.02405	0.01546	0.00015	0.00496	0.01530	0.04001	0.00578	0.14602	0.47290	0.08628	0.03480	0.00511	0.00701	9.6e-05	0.13761	0.00013	0.00013
14	0.00049	0.00028	0.00033	0.00027	0.00037	0.00029	0.00022	0.13375	0.40681	0.43737	0.01792	0.00049	0.00038	0.00018	0.00014	4.5e-05	0.00012	0.00015	0.00016	0.00023
15	0.00051	0.00063	0.00039	0.00035	0.00042	0.90778	0.00026	0.01097	0.05326	0.00036	0.00924	0.00029	0.01463	0.00015	0.00013	3.7e-05	0.00024	9.9e-05	7.8e-05	0.00017
16	0.00343	0.00031	0.00546	0.35177	0.53591	0.02171	0.02217	0.00860	0.01274	0.00710	0.00715	0.00540	0.00480	0.00014	0.00560	4.5e-05	0.00396	0.00346	7.1e-05	0.00019
17	0.00523	0.00016	0.00020	0.00419	0.01142	0.00545	0.01980	0.01719	0.04085	0.03437	0.08615	0.32198	0.19872	0.07469	0.01625	0.08743	0.00581	0.06438	0.00558	0.00013
18	0.14148	0.00018	0.00432	0.00020	0.00024	0.00836	0.00015	0.03605	0.01349	0.09629	0.05005	0.59207	0.01110	0.02840	0.00017	5.4e-05	9.4e-05	0.00029	0.01688	0.00014
19	0.06425	0.00322	0.00951	0.00354	0.01228	0.00529	0.01907	0.20125	0.02047	0.37970	0.04625	0.06252	0.04058	0.00742	0.06817	5.9e-05	0.00014	0.05306	0.00303	0.00020
20	0.03695	0.00522	0.00285	0.35201	0.31510	0.01499	0.00992	0.01596	0.00441	0.01503	0.00784	0.00626	0.00454	0.00358	0.00414	4.2e-05	0.02181	0.00337	0.00389	0.17209
21	0.01628	0.00482	0.00594	0.03695	0.09428	0.02252	0.00399	0.02653	0.00956	0.01306	0.08741	0.10635	0.10148	0.27851	0.08713	0.05058	0.01557	0.02807	0.01084	0.00013
22	0.03443	0.01444	0.00030	0.00023	0.00032	0.00021	0.00019	0.03091	0.04391	0.64606	0.17101	0.00058	0.00692	0.00019	0.00014	4.3e-05	0.00011	0.00911	0.04068	0.00021

[dist]
# distance from previous block
# <min> <max>
1	3

[block]
# block no. 7 follows, 2466 sequences, length 9
# corresponding to MSA columns:
# 803-809,811,812
name=unknown_H
#
# <colnr> <probs for GDERKNQSTAVLIFYWHMCP>
#	G	D	E	R	K	N	Q	S	T	A	V	L	I	F	Y	W	H	M	C	P
0	0.02441	0.00028	0.02860	0.22863	0.27199	0.01142	0.03964	0.01019	0.07284	0.07747	0.02867	0.03992	0.03160	0.02821	0.02017	0.00684	0.04373	0.02472	0.01050	0.00018
1	0.04273	0.00017	0.00020	0.01043	0.00886	0.01253	0.00014	0.00875	0.03843	0.03053	0.48197	0.02353	0.26288	0.00946	0.00879	4.9e-05	8.5e-05	0.05102	0.00931	0.00014
2	0.05601	0.00017	0.00020	0.00020	0.00024	0.00017	0.00015	0.01004	0.00990	0.18544	0.01885	0.21547	0.02394	0.15657	0.06710	7.3e-05	0.01424	0.06787	0.17324	0.00014
3	0.01259	0.00024	0.02648	0.00025	0.00032	0.03911	0.08495	0.04202	0.17599	0.05602	0.22210	0.13726	0.08557	0.02240	0.01855	5.2e-05	0.00766	0.01004	0.05823	0.00016
4	0.15217	0.00028	0.00031	0.00025	0.00034	0.04147	0.00020	0.13684	0.14934	0.40923	0.02702	0.00044	0.01226	0.00017	0.00013	4.3e-05	0.01205	0.00013	0.04424	0.01307
5	0.00022	0.01105	0.00947	0.00019	0.00021	0.01135	0.00893	0.01615	0.02333	0.00824	0.05823	0.01812	0.00957	0.62473	0.16108	0.00792	0.01905	0.01196	9.1e-05	0.00011
6	0.01333	0.12294	0.24373	0.01484	0.03397	0.01415	0.03509	0.02839	0.01576	0.07076	0.00842	0.01555	0.00023	0.00013	0.00012	3.4e-05	0.01063	0.00011	0.00760	0.36422
7	0.22578	0.18460	0.21707	0.01562	0.04032	0.06814	0.05805	0.02339	0.01884	0.05039	0.01330	0.01196	0.01489	0.00015	0.00786	4.3e-05	0.02703	0.00687	0.00723	0.00846
8	0.01520	0.01830	0.02231	0.01782	0.00801	0.01121	0.01600	0.17593	0.23766	0.31562	0.04691	0.01705	0.01540	0.00019	0.00014	4.5e-05	0.00013	0.04523	0.02101	0.01583

[dist]
# distance from previous block
# <min> <max>
24	71

[block]
# block no. 8 follows, 2466 sequences, length 22
# corresponding to MSA columns:
# 1046,1049-1069
name=unknown_I
#
# <colnr> <probs for GDERKNQSTAVLIFYWHMCP>
#	G	D	E	R	K	N	Q	S	T	A	V	L	I	F	Y	W	H	M	C	P
0	0.00293	0.00412	0.01682	0.07957	0.19057	0.00379	0.00922	0.00746	0.04099	0.02547	0.02440	0.12765	0.05187	0.04719	0.00597	4.3e-05	0.00387	0.00676	0.00389	0.34741
1	0.00318	0.00024	0.00309	0.15402	0.03108	0.04124	0.00553	0.01028	0.30387	0.01242	0.24287	0.06926	0.05835	0.01755	0.00301	4.9e-05	0.01348	0.02093	0.00937	0.00017
2	0.00018	0.00014	0.00017	0.00018	0.00020	0.00012	0.00013	0.00023	0.00032	0.00825	0.31405	0.40153	0.24198	0.00958	0.00018	5.1e-05	7.5e-05	0.01238	0.01014	0.00012
3	0.00018	0.00013	0.00017	0.00019	0.00021	0.00012	0.00013	0.00022	0.01777	0.00828	0.05945	0.76161	0.02244	0.08712	0.00752	6.4e-05	9e-05	0.03406	0.00013	0.00012
4	0.00024	0.00017	0.00020	0.00018	0.00023	0.00016	0.00014	0.10176	0.01102	0.01862	0.52213	0.01838	0.26054	0.03802	0.00018	4.8e-05	8.1e-05	0.00614	0.02162	0.00014
5	0.00023	0.00017	0.00020	0.00020	0.00023	0.00909	0.00494	0.03312	0.08125	0.01584	0.26892	0.08429	0.09858	0.26665	0.01902	7.6e-05	0.00011	0.11681	0.00012	0.00013
6	0.91615	0.00026	0.00021	0.00019	0.00027	0.00030	0.00015	0.00612	0.00563	0.01917	0.00022	0.00553	0.00018	0.01289	0.00011	0.01516	0.00011	0.01153	0.00567	0.00015
7	0.97296	0.00027	0.00021	0.00019	0.00027	0.00031	0.00015	0.00042	0.00024	0.02369	0.00020	0.00023	0.00016	0.00013	8.8e-05	4.3e-05	0.00011	7.8e-05	8.9e-05	0.00015
8	0.02661	0.00039	0.00042	0.00032	0.00043	0.00043	0.00026	0.96771	0.00065	0.00088	0.00033	0.00033	0.00024	0.00017	0.00014	4.2e-05	0.00015	0.00013	0.00014	0.00024
9	0.05687	0.00024	0.00039	0.14827	0.00460	0.02393	0.23835	0.02298	0.00775	0.03949	0.00051	0.43964	0.00449	0.00027	0.00016	5.1e-05	0.00435	0.00742	0.00010	0.00015
10	0.99606	0.00027	0.00021	0.00018	0.00027	0.00031	0.00015	0.00041	0.00024	0.00063	0.00020	0.00023	0.00015	0.00013	8.7e-05	4.3e-05	0.00011	7.6e-05	8.7e-05	0.00015
11	0.00059	0.00027	0.00036	0.00027	0.00038	0.00026	0.02396	0.19204	0.01047	0.75223	0.00050	0.00045	0.00032	0.00890	0.00015	4.4e-05	0.00825	0.00014	0.00016	0.00024
12	0.02277	0.00745	0.11166	0.27794	0.15215	0.03128	0.10947	0.02610	0.00773	0.07450	0.04462	0.06368	0.01639	0.00387	0.00736	4.7e-05	0.01920	0.00458	8.6e-05	0.01911
13	0.01666	0.00659	0.01882	0.08433	0.11013	0.02158	0.01495	0.18515	0.08940	0.15391	0.12724	0.00715	0.06393	0.01020	0.00771	4.6e-05	0.02335	0.00537	0.00341	0.05007
14	0.00018	0.00014	0.00016	0.00017	0.00020	0.00012	0.00012	0.00022	0.01481	0.01065	0.06646	0.35073	0.45840	0.06504	0.00021	5.7e-05	8.2e-05	0.03200	0.00013	0.00012
15	0.01011	0.01011	0.00040	0.00036	0.00043	0.95256	0.00027	0.00976	0.01410	0.00035	0.00022	0.00026	0.00018	0.00015	0.00013	3.6e-05	0.00025	9.1e-05	7.4e-05	0.00016
16	0.01051	0.16838	0.24721	0.10285	0.06130	0.06443	0.18926	0.02094	0.03603	0.03952	0.00740	0.01666	0.00297	0.00663	0.00552	4.4e-05	0.01144	0.00443	0.00429	0.00019
17	0.01070	0.00024	0.00915	0.03072	0.00577	0.01083	0.02933	0.07161	0.13326	0.40859	0.07634	0.07774	0.05490	0.02822	0.00463	4.9e-05	0.01001	0.02358	0.01411	0.00020
18	0.00747	0.00015	0.00019	0.00019	0.00023	0.00014	0.00015	0.00640	0.01087	0.04253	0.39088	0.11288	0.19288	0.02789	0.00019	0.01390	8.7e-05	0.19272	0.00014	0.00013
19	0.00719	0.00643	0.02578	0.14954	0.04346	0.00269	0.02320	0.04665	0.03936	0.12425	0.08921	0.08178	0.08883	0.02177	0.00286	0.00431	0.00464	0.02002	0.00687	0.21116
20	0.10808	0.11591	0.24105	0.04542	0.10861	0.03719	0.09290	0.05055	0.01198	0.11323	0.01149	0.02553	0.00466	0.00278	0.00583	4.4e-05	0.00414	0.00406	0.00260	0.01394
21	0.02663	0.00587	0.00967	0.00565	0.00700	0.06430	0.01355	0.05602	0.02221	0.32696	0.17206	0.08161	0.07179	0.02243	0.01182	0.00929	0.03596	0.04571	0.01127	0.00018

[dist]
# distance from previous block
# <min> <max>
3	20

[block]
# block no. 9 follows, 2466 sequences, length 8
# corresponding to MSA columns:
# 1117-1124
name=unknown_J
#
# <colnr> <probs for GDERKNQSTAVLIFYWHMCP>
#	G	D	E	R	K	N	Q	S	T	A	V	L	I	F	Y	W	H	M	C	P
0	0.01090	0.00017	0.00020	0.00843	0.00024	0.00807	0.00014	0.00817	0.00968	0.02272	0.19099	0.08107	0.19854	0.09782	0.18504	0.02842	0.00824	0.01369	0.02407	0.10339
1	0.02107	0.01789	0.04503	0.04900	0.02200	0.07727	0.45060	0.04640	0.04177	0.03211	0.03584	0.01235	0.01254	0.03470	0.01631	0.01831	0.04789	0.00732	0.01142	0.00018
2	0.01028	0.00015	0.00018	0.00018	0.00021	0.00015	0.00013	0.01035	0.01543	0.01159	0.43866	0.11098	0.25047	0.06375	0.01150	0.01176	0.02834	0.02511	0.01064	0.00013
3	0.00022	0.00017	0.00897	0.05501	0.00981	0.00017	0.00815	0.01420	0.08609	0.00876	0.12472	0.27496	0.25304	0.03729	0.03138	0.05562	0.00832	0.01451	0.00848	0.00013
4	0.00029	0.00027	0.00038	0.00033	0.00035	0.02889	0.07437	0.00032	0.00024	0.01413	0.01362	0.02104	0.03672	0.06527	0.06430	0.08287	0.57361	0.01164	0.01124	0.00014
5	0.02673	0.00027	0.00049	0.00038	0.01351	0.00025	0.41900	0.02401	0.01313	0.15448	0.18118	0.07084	0.08216	0.00021	0.00016	4.7e-05	0.00015	0.01271	0.00011	0.00018
6	0.00035	0.00025	0.00029	0.01129	0.00839	0.00027	0.00938	0.09853	0.40058	0.08899	0.12441	0.00987	0.01074	0.00946	0.03221	0.00821	0.02235	0.00867	0.14702	0.00874
7	0.93215	0.00028	0.00025	0.00021	0.00030	0.00032	0.06392	0.00041	0.00024	0.00062	0.00020	0.00024	0.00016	0.00013	9.2e-05	4.4e-05	0.00012	8.2e-05	8.6e-05	0.00015

[dist]
# distance from previous block
# <min> <max>
27	58

[block]
# block no. 10 follows, 2466 sequences, length 9
# corresponding to MSA columns:
# 1234-1237,1242-1246
name=unknown_K
#
# <colnr> <probs for GDERKNQSTAVLIFYWHMCP>
#	G	D	E	R	K	N	Q	S	T	A	V	L	I	F	Y	W	H	M	C	P
0	0.01170	0.00025	0.00031	0.00025	0.00034	0.00024	0.00020	0.15952	0.08919	0.53567	0.06111	0.01931	0.02762	0.01336	0.00015	4.5e-05	0.00012	0.03378	0.04663	0.00021
1	0.00038	0.79817	0.02474	0.00027	0.02256	0.01756	0.01956	0.03267	0.03758	0.02866	0.00023	0.00026	0.00020	0.00013	0.00011	3.3e-05	0.01655	8.6e-05	7e-05	0.00019
2	0.00974	0.00015	0.00019	0.00020	0.00889	0.00014	0.00014	0.01267	0.01948	0.05830	0.16861	0.51472	0.08178	0.02394	0.01423	0.00921	9e-05	0.04204	0.03536	0.00013
3	0.01140	0.00015	0.00019	0.00018	0.00022	0.00014	0.00014	0.01076	0.01531	0.05339	0.55709	0.06523	0.19034	0.01925	0.01119	5e-05	8.1e-05	0.05364	0.01109	0.00014
4	0.00019	0.00014	0.00017	0.00017	0.00020	0.00013	0.00012	0.00024	0.00035	0.01651	0.43931	0.11378	0.37576	0.01626	0.00018	4.9e-05	7.3e-05	0.01997	0.01626	0.00013
5	0.16579	0.00026	0.00026	0.00022	0.00030	0.02617	0.00018	0.23361	0.08148	0.13338	0.01410	0.00044	0.00031	0.02886	0.01456	4.5e-05	0.00012	0.00013	0.29961	0.00018
6	0.00030	0.00027	0.00042	0.87124	0.00090	0.00033	0.00037	0.12372	0.00033	0.00042	0.00026	0.00037	0.00019	0.00014	0.00014	4.6e-05	0.00018	0.00012	7.2e-05	0.00017
7	0.06205	0.00029	0.00035	0.00027	0.00037	0.00029	0.00022	0.34045	0.00048	0.56391	0.00045	0.00042	0.00030	0.00017	0.00014	4.3e-05	0.00013	0.00013	0.02932	0.00023
8	0.93298	0.00028	0.00022	0.00019	0.00028	0.00032	0.00016	0.06335	0.00027	0.00065	0.00020	0.00023	0.00016	0.00013	9e-05	4.3e-05	0.00011	7.9e-05	9e-05	0.00016

[dist]
# distance from previous block
# <min> <max>
0	1

[block]
# block no. 11 follows, 2466 sequences, length 19
# corresponding to MSA columns:
# 1248-1254,1266-1274,1280-1282
name=unknown_L
#
# <colnr> <probs for GDERKNQSTAVLIFYWHMCP>
#	G	D	E	R	K	N	Q	S	T	A	V	L	I	F	Y	W	H	M	C	P
0	0.10607	0.00030	0.00027	0.00025	0.00031	0.17925	0.00020	0.11404	0.12767	0.02689	0.01685	0.24826	0.07179	0.00027	0.00015	4.8e-05	0.00013	0.10107	0.00603	0.00016
1	0.02273	0.00031	0.00033	0.00028	0.00037	0.00035	0.00022	0.20026	0.64754	0.08578	0.01385	0.00050	0.00741	0.01010	0.00015	4.7e-05	0.00012	0.00927	0.00014	0.00022
2	0.00019	0.00014	0.00017	0.00017	0.00020	0.00013	0.00012	0.00024	0.00845	0.00921	0.39349	0.22593	0.32131	0.00034	0.00017	4.8e-05	7.3e-05	0.01001	0.02950	0.00013
3	0.00581	0.00027	0.00032	0.00025	0.00034	0.00028	0.00020	0.34606	0.03769	0.35763	0.01395	0.00523	0.00571	0.11500	0.03643	0.01183	0.00014	0.00489	0.05776	0.00020
4	0.00028	0.00073	0.99434	0.00040	0.00061	0.00033	0.00052	0.00044	0.00030	0.00044	0.00025	0.00030	0.00018	0.00013	0.00013	4.4e-05	0.00021	0.00010	5.9e-05	0.00021
5	0.00020	0.00015	0.00018	0.00018	0.00021	0.01082	0.00580	0.00589	0.02824	0.01501	0.14396	0.44479	0.23227	0.09455	0.00022	5.9e-05	8.7e-05	0.00924	0.00802	0.00012
6	0.00749	0.00577	0.01956	0.00446	0.00033	0.00896	0.01659	0.10825	0.21921	0.27007	0.01599	0.15869	0.02950	0.00023	0.00391	4.7e-05	0.00011	0.02528	0.10536	0.00019
7	0.00845	0.00348	0.01625	0.00025	0.00424	0.01601	0.01108	0.02319	0.06665	0.61233	0.08102	0.06396	0.02571	0.01423	0.02271	5e-05	0.00464	0.01621	0.00933	0.00021
8	0.00698	0.00344	0.00360	0.02297	0.00688	0.00464	0.00368	0.01189	0.03558	0.22010	0.18594	0.32807	0.05072	0.01241	0.00366	0.00322	9.8e-05	0.07205	0.02393	0.00015
9	0.72922	0.00512	0.03515	0.04866	0.04358	0.01658	0.02853	0.00743	0.00673	0.04627	0.00686	0.00027	0.00018	0.00014	0.00011	4.4e-05	0.02053	9.1e-05	0.00434	0.00016
10	0.00027	0.00023	0.00035	0.03880	0.37666	0.00479	0.00715	0.01173	0.03788	0.01443	0.13649	0.25081	0.10532	0.00026	0.00016	4.7e-05	0.00012	0.00667	0.00769	0.00017
11	0.03623	0.00024	0.00028	0.00534	0.00033	0.00019	0.00017	0.00722	0.00598	0.15420	0.00731	0.06050	0.00029	0.00015	0.00505	2.9e-05	0.00011	0.00706	0.00879	0.70055
12	0.01759	0.00029	0.00034	0.00028	0.00036	0.04435	0.01011	0.24608	0.04235	0.38946	0.06806	0.00512	0.01933	0.00021	0.00547	4.7e-05	0.06294	0.07707	0.01034	0.00021
13	0.00580	0.00014	0.00016	0.00016	0.00020	0.00013	0.00012	0.00023	0.00574	0.01930	0.19569	0.20802	0.52714	0.01448	0.00575	5.1e-05	7.7e-05	0.01083	0.00585	0.00012
14	0.00019	0.00013	0.00017	0.00018	0.00020	0.00013	0.00012	0.00021	0.00026	0.01061	0.02288	0.51028	0.09717	0.22682	0.10506	9.1e-05	0.00012	0.01734	0.00792	0.00011
15	0.00019	0.00014	0.00017	0.00016	0.00020	0.00013	0.00012	0.00024	0.00036	0.01413	0.55121	0.01810	0.41369	0.00032	0.00017	4.6e-05	6.9e-05	0.00027	0.00014	0.00013
16	0.00029	0.00025	0.00029	0.00021	0.00033	0.00019	0.00017	0.00035	0.00029	0.00046	0.00025	0.00029	0.00021	0.00010	0.00010	2.1e-05	0.00010	8.3e-05	8.3e-05	0.99593
17	0.00027	0.00020	0.00025	0.00026	0.05092	0.00021	0.00018	0.21727	0.00034	0.00982	0.00055	0.41019	0.00856	0.15143	0.14880	9e-05	0.00015	0.00026	0.00011	0.00015
18	0.09023	0.00679	0.00748	0.00606	0.00978	0.00846	0.03947	0.09000	0.01561	0.05275	0.00772	0.00597	0.00670	0.00013	0.00011	2.9e-05	0.00012	0.01560	9.5e-05	0.63690

[dist]
# distance from previous block
# <min> <max>
2	6

[block]
# block no. 12 follows, 2466 sequences, length 11
# corresponding to MSA columns:
# 1335,1336,1338-1346
name=unknown_M
#
# <colnr> <probs for GDERKNQSTAVLIFYWHMCP>
#	G	D	E	R	K	N	Q	S	T	A	V	L	I	F	Y	W	H	M	C	P
0	0.03998	0.14592	0.19330	0.00038	0.00046	0.00042	0.10385	0.00039	0.00026	0.00039	0.00022	0.00031	0.00019	0.00019	0.00030	5.3e-05	0.51301	0.00012	6.6e-05	0.00018
1	0.00033	0.00038	0.00083	0.00059	0.00073	0.00035	0.99368	0.00045	0.00033	0.00045	0.00028	0.00038	0.00021	0.00012	0.00017	4.7e-05	0.00024	0.00017	7.1e-05	0.00019
2	0.02747	0.00701	0.09907	0.10230	0.02945	0.00768	0.00730	0.02550	0.26778	0.07714	0.02004	0.02978	0.11948	0.01985	0.11295	0.01077	0.00743	0.02871	0.00011	0.00018
3	0.01188	0.03959	0.08353	0.08061	0.16067	0.00608	0.01601	0.00831	0.02769	0.07202	0.02698	0.25379	0.01089	0.03500	0.05142	0.06719	0.02606	0.01639	0.00574	0.00016
4	0.00052	0.00067	0.00040	0.00036	0.00043	0.99450	0.00027	0.00056	0.00040	0.00034	0.00022	0.00025	0.00018	0.00014	0.00013	3.6e-05	0.00025	9e-05	7.2e-05	0.00016
5	0.02766	0.00024	0.00032	0.00025	0.00035	0.00021	0.00020	0.01882	0.01606	0.88724	0.01770	0.00049	0.01543	0.00018	0.00014	4.3e-05	0.00012	0.00014	0.01418	0.00023
6	0.00779	0.04731	0.11617	0.23108	0.13325	0.03084	0.11416	0.01783	0.01680	0.06965	0.00868	0.11462	0.00784	0.00561	0.00581	0.00531	0.01664	0.05034	9.1e-05	0.00018
7	0.02211	0.03867	0.03950	0.00656	0.00034	0.01524	0.01802	0.16986	0.03570	0.14027	0.05460	0.01707	0.02575	0.09103	0.10728	0.01940	0.03206	0.00802	0.00542	0.15312
8	0.00020	0.00014	0.00018	0.00649	0.00022	0.00014	0.00774	0.00813	0.00763	0.02112	0.10635	0.54811	0.03907	0.14703	0.02128	0.00630	0.00674	0.05720	0.00842	0.00752
9	0.00878	0.00943	0.23056	0.00817	0.03055	0.00573	0.02191	0.04196	0.02873	0.13161	0.41571	0.01848	0.01902	0.00594	0.01084	4.7e-05	0.00013	0.00616	0.00608	0.00017
10	0.01490	0.17801	0.15142	0.08598	0.20766	0.07303	0.04863	0.04088	0.02628	0.10592	0.00692	0.01093	0.00572	0.00675	0.00775	4.4e-05	0.01554	0.01337	8.4e-05	0.00020

[dist]
# distance from previous block
# <min> <max>
2	4

[block]
# block no. 13 follows, 2466 sequences, length 6
# corresponding to MSA columns:
# 1352-1357
name=unknown_N
#
# <colnr> <probs for GDERKNQSTAVLIFYWHMCP>
#	G	D	E	R	K	N	Q	S	T	A	V	L	I	F	Y	W	H	M	C	P
0	0.10880	0.00021	0.00027	0.01682	0.00031	0.00021	0.00018	0.02012	0.00034	0.52877	0.01691	0.04090	0.01638	0.05940	0.15908	0.01542	0.00016	0.00015	0.01537	0.00019
1	0.12679	0.00025	0.00030	0.00024	0.00033	0.00023	0.00019	0.09271	0.02358	0.62189	0.02816	0.00048	0.02363	0.02140	0.00015	4.5e-05	0.00012	0.00014	0.05917	0.00021
2	0.00027	0.01134	0.08988	0.08170	0.13795	0.01100	0.02297	0.03745	0.01953	0.03186	0.09454	0.11775	0.11558	0.04949	0.02717	0.04658	0.04430	0.04150	0.01001	0.00912
3	0.00022	0.01107	0.01386	0.01023	0.02130	0.00970	0.03388	0.01091	0.01652	0.01546	0.30162	0.20664	0.12417	0.01994	0.02900	0.01866	0.01375	0.12850	0.01445	0.00013
4	0.00020	0.00016	0.01279	0.01269	0.01269	0.00014	0.01424	0.00024	0.01263	0.01308	0.16760	0.25284	0.37115	0.03589	0.02337	0.01139	0.01135	0.02996	0.01745	0.00013
5	0.00975	0.08366	0.16706	0.04000	0.06332	0.01475	0.08643	0.02319	0.05862	0.07356	0.02835	0.11497	0.02012	0.01129	0.02726	4.8e-05	0.02926	0.01246	9.4e-05	0.13581

[dist]
# distance from previous block
# <min> <max>
6	18

[block]
# block no. 14 follows, 2466 sequences, length 6
# corresponding to MSA columns:
# 1396,1397,1412-1415
name=unknown_O
#
# <colnr> <probs for GDERKNQSTAVLIFYWHMCP>
#	G	D	E	R	K	N	Q	S	T	A	V	L	I	F	Y	W	H	M	C	P
0	0.00020	0.00014	0.00018	0.00019	0.00021	0.00013	0.00013	0.01766	0.00029	0.02094	0.11872	0.60896	0.04218	0.09896	0.01581	0.01545	9.3e-05	0.02884	0.01553	0.01538
1	0.02353	0.02129	0.04464	0.06921	0.04758	0.03175	0.03676	0.05785	0.03164	0.19835	0.09226	0.11133	0.06365	0.04736	0.03012	0.01717	0.01351	0.03028	0.01836	0.01333
2	0.03380	0.15688	0.14215	0.04956	0.07630	0.06203	0.09544	0.06682	0.06828	0.10544	0.02020	0.02338	0.01350	0.01010	0.00917	4.4e-05	0.01936	0.01044	0.00924	0.02790
3	0.01157	0.01264	0.11357	0.03340	0.06494	0.04312	0.07081	0.05093	0.10937	0.11516	0.06797	0.11070	0.03665	0.01132	0.02032	0.04604	0.03325	0.02447	0.01518	0.00861
4	0.01911	0.00015	0.00018	0.00018	0.00022	0.00014	0.00013	0.01732	0.01891	0.06084	0.23230	0.33703	0.20518	0.05429	0.00020	0.01583	8.5e-05	0.02166	0.01612	0.00013
5	0.03653	0.07811	0.12814	0.03593	0.06500	0.05200	0.04626	0.04772	0.05951	0.08935	0.03302	0.13211	0.06022	0.02045	0.01097	0.00879	0.01970	0.02406	0.01780	0.03432

[dist]
# distance from previous block
# <min> <max>
17	30

[block]
# block no. 15 follows, 2466 sequences, length 10
# corresponding to MSA columns:
# 1485-1494
name=unknown_P
#
# <colnr> <probs for GDERKNQSTAVLIFYWHMCP>
#	G	D	E	R	K	N	Q	S	T	A	V	L	I	F	Y	W	H	M	C	P
0	0.01350	0.17376	0.26438	0.05674	0.07041	0.05034	0.09356	0.04640	0.03418	0.09009	0.02143	0.00843	0.00622	0.00634	0.00628	0.01147	0.02152	0.00746	0.01145	0.00604
1	0.00602	0.09287	0.09491	0.24528	0.07302	0.03226	0.07189	0.02757	0.07909	0.05480	0.07766	0.03963	0.04305	0.00768	0.00771	4.7e-05	0.02479	0.01506	0.00649	0.00018
2	0.00019	0.00014	0.00017	0.00017	0.00021	0.00013	0.00013	0.00024	0.01503	0.01459	0.27302	0.19975	0.36623	0.06086	0.00020	5.5e-05	8e-05	0.05502	0.01367	0.00012
3	0.01125	0.00020	0.00748	0.00906	0.00029	0.00018	0.00018	0.01387	0.02162	0.41477	0.18340	0.04088	0.10484	0.02937	0.11575	0.00845	0.00803	0.02179	0.00842	0.00018
4	0.03842	0.25519	0.11527	0.06989	0.08786	0.09739	0.08664	0.05531	0.02714	0.09658	0.00881	0.01286	0.00816	0.00016	0.00833	4.2e-05	0.02001	0.01170	8.5e-05	0.00019
5	0.01189	0.00862	0.13784	0.05933	0.03222	0.01364	0.02357	0.01533	0.02331	0.07391	0.12153	0.22744	0.11033	0.03209	0.01985	0.00853	0.02472	0.03991	0.01580	0.00015
6	0.01276	0.00015	0.00017	0.00017	0.00021	0.00014	0.00013	0.01040	0.01440	0.05891	0.21213	0.15184	0.32012	0.01696	0.00017	4.8e-05	8e-05	0.05068	0.15040	0.00013
7	0.00774	0.04951	0.16267	0.04080	0.07605	0.03137	0.05571	0.03677	0.02111	0.03866	0.05822	0.18293	0.10937	0.01078	0.03591	0.02058	0.01824	0.03398	0.00945	0.00016
8	0.01805	0.07789	0.25899	0.05087	0.13170	0.04782	0.08206	0.09149	0.04415	0.10143	0.00752	0.01646	0.02417	0.00855	0.00678	4.5e-05	0.01614	0.00600	9e-05	0.00980
9	0.00760	0.07706	0.02305	0.01246	0.01622	0.01248	0.02851	0.01816	0.02682	0.15118	0.12897	0.25838	0.10853	0.01609	0.03582	0.02486	0.00796	0.02614	0.01437	0.00535

[dist]
# distance from previous block
# <min> <max>
0	144

# created by:
# /home/cegg/simao/soft/augustus-3.2.1/scripts/msa2prfl.pl ./align_prep/POG091H02FX.fa
