[name]
unknown

[dist]
# distance from previous block
# <min> <max>
0	68

[block]
# block no. 0 follows, 2782 sequences, length 11
# corresponding to MSA columns:
# 68-72,81-86
name=unknown_A
#
# <colnr> <probs for GDERKNQSTAVLIFYWHMCP>
#	G	D	E	R	K	N	Q	S	T	A	V	L	I	F	Y	W	H	M	C	P
0	0.01519	0.02437	0.24352	0.09972	0.06167	0.02504	0.01175	0.02175	0.02911	0.04435	0.01469	0.08293	0.04182	0.01620	0.01702	4.8e-05	0.01476	0.21118	8.6e-05	0.02480
1	0.00030	0.15225	0.09972	0.30998	0.05636	0.12958	0.03455	0.01545	0.04500	0.02741	0.00905	0.00616	0.00956	0.01675	0.03262	0.00590	0.02116	0.00641	0.00493	0.01686
2	0.00509	0.00509	0.00735	0.00512	0.01838	0.01185	0.00565	0.02897	0.01514	0.06388	0.04763	0.39330	0.09945	0.00768	0.06632	5.4e-05	0.07991	0.02283	0.00584	0.11047
3	0.00024	0.00707	0.01495	0.10186	0.01355	0.02518	0.01603	0.01599	0.05642	0.06871	0.00041	0.15953	0.02159	0.06881	0.29125	9.5e-05	0.06684	0.04596	8.6e-05	0.02544
4	0.00848	0.49799	0.04099	0.03237	0.16141	0.05071	0.10533	0.04314	0.01281	0.01170	0.00022	0.00941	0.00019	0.00013	0.00934	3.4e-05	0.00738	0.00815	6.3e-05	0.00017
5	0.00018	0.00014	0.00017	0.00017	0.01954	0.00012	0.01062	0.00023	0.02510	0.01768	0.50200	0.09558	0.30107	0.00029	0.01612	4.4e-05	7.1e-05	0.01063	0.00012	0.00012
6	0.00016	0.00012	0.00014	0.00015	0.00018	0.00011	0.00011	0.00019	0.02412	0.00035	0.10918	0.32807	0.53602	0.00033	0.00015	4.5e-05	6.6e-05	0.00029	0.00012	0.00011
7	0.00021	0.00744	0.00026	0.21784	0.12195	0.00019	0.01704	0.01713	0.01071	0.00669	0.10324	0.29456	0.15598	0.00752	0.00680	4.5e-05	0.01858	0.00706	0.00664	0.00013
8	0.08011	0.00574	0.03925	0.20690	0.20319	0.01548	0.00848	0.12435	0.02150	0.24677	0.00572	0.00035	0.00625	0.00582	0.00779	4.1e-05	0.00931	0.00587	0.00692	0.00018
9	0.00963	0.00022	0.00026	0.00019	0.00030	0.00017	0.00963	0.02177	0.01059	0.00956	0.01264	0.00030	0.01256	0.01026	0.00010	2.2e-05	9.4e-05	0.00951	7.8e-05	0.89211
10	0.00020	0.00016	0.00021	0.02963	0.00808	0.00721	0.01802	0.00933	0.00029	0.01233	0.37806	0.10301	0.22633	0.00029	0.03031	0.00832	0.15734	0.01065	0.00011	0.00012

[dist]
# distance from previous block
# <min> <max>
0	1

[block]
# block no. 1 follows, 2782 sequences, length 10
# corresponding to MSA columns:
# 88,89,91-98
name=unknown_B
#
# <colnr> <probs for GDERKNQSTAVLIFYWHMCP>
#	G	D	E	R	K	N	Q	S	T	A	V	L	I	F	Y	W	H	M	C	P
0	0.00018	0.00014	0.00017	0.00016	0.00020	0.00880	0.00922	0.00893	0.05596	0.00963	0.27017	0.06919	0.42973	0.06387	0.05402	5.6e-05	0.00876	0.01059	0.00012	0.00011
1	0.00036	0.00030	0.00031	0.00026	0.00034	0.04911	0.00021	0.31785	0.51449	0.01767	0.00040	0.00039	0.00030	0.00020	0.05397	4.8e-05	0.00013	0.00013	0.00012	0.04343
2	0.04349	0.02186	0.84178	0.00035	0.00052	0.00030	0.05422	0.00039	0.00026	0.00040	0.00022	0.00026	0.00016	0.00012	0.00013	4e-05	0.03519	9.4e-05	5.4e-05	0.00018
3	0.01214	0.01303	0.01362	0.06899	0.78066	0.01719	0.01927	0.01708	0.00838	0.01945	0.00025	0.00839	0.00021	0.00012	0.00013	3.8e-05	0.01292	0.00789	6.5e-05	0.00019
4	0.06819	0.00028	0.00032	0.07843	0.00038	0.01286	0.00021	0.40794	0.15826	0.21819	0.01640	0.01680	0.01045	0.00016	0.00012	3.9e-05	0.00012	0.01053	0.00012	0.00019
5	0.00029	0.02908	0.02410	0.00025	0.00031	0.04557	0.04151	0.07591	0.27522	0.05668	0.02214	0.01459	0.00888	0.05346	0.10905	6.6e-05	0.05658	0.18606	0.00010	0.00016
6	0.14097	0.07570	0.04631	0.07258	0.03866	0.05055	0.01404	0.05637	0.03551	0.14515	0.05164	0.07920	0.04024	0.02064	0.01023	0.00545	0.05811	0.05280	9.5e-05	0.00575
7	0.02988	0.02289	0.02924	0.01071	0.01558	0.06884	0.06161	0.01353	0.04262	0.12808	0.06977	0.34794	0.04005	0.00623	0.06111	5.4e-05	0.00590	0.03853	0.00727	0.00014
8	0.02759	0.00022	0.02744	0.14388	0.08546	0.01402	0.03426	0.07013	0.02521	0.12765	0.00876	0.09050	0.03446	0.01002	0.01461	4.7e-05	0.00013	0.25031	0.00010	0.03519
9	0.03509	0.18606	0.39653	0.01228	0.02085	0.02455	0.02296	0.10832	0.07102	0.08674	0.00842	0.00031	0.00021	0.00762	0.00012	3.7e-05	0.00015	0.01117	7.8e-05	0.00748

[dist]
# distance from previous block
# <min> <max>
1	15

[block]
# block no. 2 follows, 2782 sequences, length 24
# corresponding to MSA columns:
# 155-174,176-179
name=unknown_C
#
# <colnr> <probs for GDERKNQSTAVLIFYWHMCP>
#	G	D	E	R	K	N	Q	S	T	A	V	L	I	F	Y	W	H	M	C	P
0	0.13681	0.00669	0.03146	0.03029	0.14207	0.52979	0.01301	0.04014	0.00751	0.00039	0.03214	0.00496	0.00020	0.00488	0.00362	3.6e-05	0.00618	9.3e-05	7e-05	0.00965
1	0.00482	0.00028	0.00574	0.04679	0.38091	0.00028	0.28038	0.00935	0.14943	0.03125	0.06332	0.00039	0.01274	0.00013	0.00014	0.00558	0.00407	0.00013	0.00407	0.00018
2	0.00018	0.00013	0.00019	0.00018	0.00021	0.00014	0.01460	0.00022	0.00545	0.00561	0.21364	0.04797	0.12856	0.05203	0.51120	0.00013	0.00754	0.00748	0.00442	0.00011
3	0.01102	0.00020	0.00454	0.00021	0.00026	0.00021	0.00414	0.04843	0.38241	0.07378	0.41004	0.00705	0.03648	0.00366	0.00562	4.2e-05	8.5e-05	0.00409	0.00756	0.00016
4	0.00018	0.00012	0.00014	0.00014	0.00014	0.00012	8.2e-05	0.00018	0.00020	0.00027	0.06231	0.08987	0.01653	0.81718	0.00055	0.01152	0.00011	0.00020	8.3e-05	8.1e-05
5	0.00026	0.04421	0.23573	0.07102	0.33400	0.01923	0.01306	0.00342	0.00272	0.01817	0.06550	0.06198	0.04639	0.00937	0.05477	0.00622	0.00640	0.00401	0.00337	0.00016
6	0.00018	0.00013	0.00017	0.00016	0.00019	0.00012	0.00012	0.00024	0.00035	0.02375	0.93788	0.00093	0.03480	0.00025	0.00015	3.9e-05	6e-05	0.00022	0.00014	0.00012
7	0.00294	0.22380	0.00543	0.02576	0.00780	0.04408	0.00443	0.04704	0.03259	0.33429	0.01999	0.06634	0.00707	0.00495	0.00015	3.8e-05	0.11892	0.00842	0.00253	0.04341
8	0.01389	0.00564	0.00285	0.08791	0.18016	0.02170	0.01091	0.03065	0.07442	0.04035	0.08891	0.07750	0.05749	0.00297	0.00398	0.01145	0.00775	0.03366	0.00255	0.24526
9	0.03476	0.41585	0.02999	0.13801	0.11998	0.09883	0.01263	0.02991	0.04064	0.04143	0.00270	0.00298	0.00019	0.00295	0.00668	0.00292	0.01268	0.00269	0.00403	0.00016
10	0.00786	0.00022	0.00029	0.00022	0.00032	0.00020	0.00019	0.08497	0.01149	0.86661	0.01748	0.00042	0.00031	0.00016	0.00012	3.8e-05	0.00011	0.00013	0.00865	0.00021
11	0.00429	0.01940	0.00445	0.02541	0.01155	0.46185	0.00023	0.06623	0.36890	0.01107	0.00032	0.00033	0.00025	0.00015	0.00012	3.7e-05	0.02089	0.00427	9.2e-05	0.00017
12	0.00031	0.00029	0.00050	0.02107	0.95326	0.00029	0.00038	0.01090	0.00029	0.00041	0.00024	0.00031	0.00020	0.00011	0.00012	3.7e-05	0.00015	0.00011	0.01084	0.00020
13	0.00819	0.00628	0.01641	0.01750	0.01857	0.01742	0.03150	0.06313	0.24421	0.09530	0.08158	0.08327	0.10277	0.00816	0.03264	4.4e-05	0.01423	0.00444	0.00243	0.15193
14	0.00392	0.06252	0.51439	0.00540	0.00925	0.02311	0.22663	0.01137	0.02055	0.01216	0.00028	0.07227	0.00024	0.00015	0.00424	0.00398	0.00358	0.02573	6.5e-05	0.00017
15	0.00015	0.00013	0.00014	0.00014	0.00017	0.00011	0.00010	0.00019	0.00030	0.00038	0.24720	0.02865	0.72131	0.00030	0.00015	4.2e-05	6.2e-05	0.00026	0.00012	0.00011
16	0.00467	0.00028	0.00048	0.07685	0.80792	0.00029	0.01817	0.00618	0.00472	0.05869	0.00744	0.00494	0.00416	0.00012	0.00012	3.8e-05	0.00015	0.00453	6.9e-05	0.00019
17	0.00375	0.05924	0.12653	0.04665	0.20521	0.04136	0.13158	0.01594	0.01553	0.23851	0.01057	0.02799	0.04108	0.00402	0.00746	4e-05	0.01481	0.00600	0.00356	0.00018
18	0.00055	0.00023	0.01185	0.00023	0.00032	0.02772	0.00019	0.01672	0.00036	0.93973	0.00048	0.00041	0.00030	0.00015	0.00012	3.8e-05	0.00011	0.00012	0.00015	0.00021
19	0.00017	0.00013	0.00015	0.00015	0.00018	0.00011	0.00011	0.00022	0.00032	0.00044	0.66519	0.02365	0.23438	0.06547	0.00018	4.5e-05	6.4e-05	0.00023	0.00870	0.00011
20	0.00026	0.00057	0.79069	0.01824	0.05842	0.01041	0.05813	0.00953	0.00821	0.01702	0.00356	0.00429	0.00421	0.00012	0.00321	4e-05	0.00524	0.00010	0.00754	0.00018
21	0.00732	0.01508	0.10733	0.01791	0.28206	0.01717	0.09828	0.04816	0.04822	0.14892	0.01237	0.10286	0.00985	0.02154	0.00252	0.00244	0.00500	0.04895	0.00383	0.00017
22	0.00018	0.00013	0.00016	0.00017	0.00412	0.00592	0.00525	0.00514	0.00441	0.04601	0.06910	0.42464	0.33756	0.01627	0.00016	4.8e-05	7.6e-05	0.08043	0.00012	0.00011
23	0.00018	0.00012	0.00014	0.00014	0.00014	0.00012	8.2e-05	0.00019	0.00018	0.00025	0.00039	0.01483	0.00044	0.87823	0.05899	0.01742	0.00013	0.00018	0.02777	7.9e-05

[dist]
# distance from previous block
# <min> <max>
1	6

[block]
# block no. 3 follows, 2782 sequences, length 16
# corresponding to MSA columns:
# 186,190-204
name=unknown_D
#
# <colnr> <probs for GDERKNQSTAVLIFYWHMCP>
#	G	D	E	R	K	N	Q	S	T	A	V	L	I	F	Y	W	H	M	C	P
0	0.00019	0.00015	0.01549	0.00017	0.01019	0.00013	0.00013	0.01985	0.02720	0.01921	0.85574	0.02354	0.02704	0.00025	0.00015	4e-05	6.5e-05	0.00022	0.00013	0.00012
1	0.00575	0.03097	0.11953	0.02197	0.61868	0.02118	0.03666	0.01370	0.07836	0.01955	0.01277	0.00032	0.00022	0.00503	0.00013	3.8e-05	0.01476	0.00011	6.9e-05	0.00019
2	0.00019	0.00014	0.00018	0.00016	0.00020	0.00012	0.00012	0.00025	0.00034	0.01889	0.82646	0.00084	0.02700	0.00023	0.00014	3.7e-05	6.4e-05	0.00021	0.00013	0.12428
3	0.02017	0.07102	0.16959	0.00834	0.13483	0.01832	0.01386	0.06264	0.14482	0.12374	0.08974	0.06196	0.04613	0.01979	0.00411	4.1e-05	0.00517	0.00545	9.8e-05	0.00017
4	0.09381	0.08213	0.00982	0.05320	0.22697	0.10677	0.01826	0.25867	0.01665	0.09165	0.01269	0.00030	0.00021	0.00014	0.00690	3.8e-05	0.01648	0.00010	0.00504	0.00018
5	0.00017	0.00013	0.01450	0.00015	0.00019	0.00012	0.00012	0.00023	0.00034	0.00047	0.81298	0.01443	0.13089	0.00026	0.00015	3.9e-05	6.1e-05	0.00023	0.02442	0.00012
6	0.00041	0.00555	0.00036	0.09056	0.02377	0.60380	0.04899	0.04444	0.05466	0.05100	0.00025	0.00029	0.00019	0.00834	0.00709	0.00512	0.01889	9.7e-05	0.03605	0.00015
7	0.00028	0.00023	0.00025	0.00022	0.00028	0.00025	0.00017	0.03700	0.65992	0.01034	0.13376	0.01823	0.12621	0.00020	0.00013	4.2e-05	9e-05	0.01209	0.00013	0.00017
8	0.00022	0.00016	0.00023	0.00473	0.00839	0.00682	0.07722	0.03089	0.03339	0.05696	0.15950	0.28519	0.14116	0.01601	0.00623	4.8e-05	0.01048	0.15361	0.00863	0.00013
9	0.00035	0.00040	0.00031	0.11045	0.02516	0.53525	0.00714	0.01028	0.02888	0.00738	0.11994	0.02418	0.07900	0.00018	0.01871	0.00528	0.01560	0.00695	0.00442	0.00014
10	0.00748	0.00019	0.00978	0.17068	0.04757	0.00619	0.03880	0.02440	0.04693	0.03178	0.32618	0.06452	0.03160	0.00938	0.08517	5.5e-05	0.00540	0.03468	0.00817	0.05104
11	0.01619	0.03304	0.02765	0.11712	0.47802	0.00820	0.04941	0.01256	0.00769	0.03501	0.00688	0.03625	0.01677	0.00517	0.00352	3.8e-05	0.01687	0.01021	0.00828	0.11113
12	0.67998	0.00024	0.00022	0.05220	0.01435	0.00844	0.00663	0.01804	0.00692	0.04790	0.00021	0.00024	0.00677	0.00012	8.7e-05	3.5e-05	0.00010	7.7e-05	8e-05	0.15735
13	0.00534	0.00844	0.00048	0.03634	0.83752	0.00029	0.02117	0.01780	0.01160	0.01818	0.00986	0.00718	0.00885	0.00012	0.00013	3.8e-05	0.00517	0.00542	6.7e-05	0.00600
14	0.00845	0.01085	0.02071	0.10824	0.12010	0.02237	0.05503	0.04226	0.21512	0.08847	0.09698	0.03651	0.02765	0.02620	0.00519	0.00341	0.00340	0.02533	0.00477	0.07896
15	0.00029	0.00027	0.00045	0.15165	0.71877	0.00028	0.00973	0.00762	0.00979	0.02485	0.01516	0.00036	0.03187	0.00014	0.01951	4.1e-05	0.00884	0.00012	6.7e-05	0.00018

[dist]
# distance from previous block
# <min> <max>
3	27

[block]
# block no. 4 follows, 2782 sequences, length 15
# corresponding to MSA columns:
# 237-239,242-251,253,254
name=unknown_E
#
# <colnr> <probs for GDERKNQSTAVLIFYWHMCP>
#	G	D	E	R	K	N	Q	S	T	A	V	L	I	F	Y	W	H	M	C	P
0	0.00506	0.00023	0.00639	0.24750	0.25192	0.00939	0.03695	0.02207	0.02184	0.01080	0.01184	0.02067	0.00446	0.12026	0.14278	7.3e-05	0.03911	0.01747	0.01056	0.02065
1	0.00028	0.00025	0.01699	0.44770	0.05289	0.00029	0.03650	0.03382	0.35041	0.00795	0.01000	0.01296	0.00928	0.00669	0.00013	4.2e-05	0.00654	0.00013	0.00699	0.00017
2	0.01488	0.02076	0.00573	0.05390	0.24223	0.13135	0.01610	0.26958	0.00899	0.09474	0.01745	0.00032	0.00547	0.00013	0.00012	3.5e-05	0.01585	0.00011	0.00765	0.09459
3	0.05613	0.29961	0.02471	0.05054	0.14143	0.10383	0.04206	0.04575	0.01152	0.12341	0.00026	0.02240	0.00473	0.00576	0.00013	3.6e-05	0.06208	0.00010	7.6e-05	0.00544
4	0.00428	0.00019	0.02088	0.13315	0.06967	0.00915	0.02004	0.01371	0.15572	0.00879	0.17296	0.02670	0.01095	0.02752	0.08802	0.21689	0.00013	0.01091	0.00591	0.00441
5	0.00030	0.00028	0.00048	0.14170	0.82902	0.00030	0.00037	0.00037	0.00028	0.00039	0.00023	0.00031	0.00019	0.00012	0.00013	3.8e-05	0.02513	0.00011	6.1e-05	0.00019
6	0.00029	0.00027	0.00045	0.14946	0.73985	0.00870	0.00035	0.00036	0.00028	0.00039	0.01283	0.01565	0.04952	0.00013	0.00013	3.8e-05	0.01252	0.00855	6.6e-05	0.00018
7	0.00052	0.00020	0.00028	0.00022	0.00030	0.00018	0.00018	0.00056	0.00035	0.89234	0.04619	0.05738	0.00038	0.00017	0.00013	3.9e-05	0.00010	0.00014	0.00015	0.00020
8	0.00018	0.00014	0.00018	0.00800	0.00021	0.00014	0.00013	0.05709	0.01294	0.00036	0.11281	0.02198	0.39399	0.03522	0.33956	9.9e-05	0.00016	0.01657	0.00010	0.00012
9	0.00019	0.00014	0.00017	0.00016	0.00019	0.00013	0.00012	0.05711	0.00035	0.01224	0.73223	0.00091	0.13808	0.04599	0.00017	4.3e-05	6.7e-05	0.00022	0.01136	0.00012
10	0.00449	0.00026	0.00577	0.05757	0.13749	0.00473	0.02322	0.12229	0.45764	0.02172	0.02935	0.04285	0.01684	0.00019	0.01994	0.00467	0.02206	0.00572	0.02300	0.00018
11	0.00016	0.00011	0.00015	0.00017	0.00018	0.00010	0.00012	0.00018	0.00025	0.00033	0.06771	0.84847	0.03259	0.02854	0.00017	5.2e-05	7.3e-05	0.02043	0.00012	0.00010
12	0.00784	0.02615	0.05199	0.04701	0.16936	0.00635	0.08739	0.05866	0.14228	0.26660	0.01696	0.01102	0.00898	0.00015	0.00939	4e-05	0.01203	0.01092	0.00010	0.06677
13	0.01905	0.09946	0.33334	0.01045	0.10297	0.01085	0.02710	0.02102	0.01134	0.13988	0.00031	0.05725	0.02035	0.00786	0.00012	3.6e-05	0.00568	0.00011	7.9e-05	0.13274
14	0.65037	0.19517	0.04309	0.00020	0.01063	0.01565	0.00017	0.00941	0.00024	0.01681	0.00025	0.00028	0.05706	0.00013	8.9e-05	3.8e-05	0.00011	8.4e-05	7.8e-05	0.00015

[dist]
# distance from previous block
# <min> <max>
1	8

[block]
# block no. 5 follows, 2782 sequences, length 6
# corresponding to MSA columns:
# 266,267,270,271,273,274
name=unknown_F
#
# <colnr> <probs for GDERKNQSTAVLIFYWHMCP>
#	G	D	E	R	K	N	Q	S	T	A	V	L	I	F	Y	W	H	M	C	P
0	0.00018	0.03474	0.02335	0.00016	0.00021	0.00014	0.01849	0.02521	0.03055	0.00036	0.05870	0.18400	0.56676	0.02475	0.00016	4.5e-05	7.8e-05	0.03188	0.00011	0.00012
1	0.01334	0.30387	0.21245	0.03083	0.11558	0.08393	0.04044	0.01542	0.02959	0.02338	0.01386	0.02079	0.03917	0.00013	0.00012	3.5e-05	0.02275	0.00010	6.7e-05	0.03415
2	0.02135	0.01374	0.05760	0.00018	0.01151	0.00015	0.01136	0.00023	0.01196	0.01826	0.07103	0.21402	0.18148	0.26310	0.03952	7e-05	0.01402	0.04527	9.7e-05	0.02506
3	0.02398	0.01138	0.03034	0.05843	0.02632	0.02787	0.00016	0.04872	0.06465	0.09370	0.07863	0.03845	0.04616	0.35329	0.04883	7.7e-05	0.00013	0.03811	9.5e-05	0.01067
4	0.19079	0.05863	0.17742	0.01439	0.08081	0.03014	0.06540	0.04190	0.06360	0.10440	0.02321	0.03029	0.01247	0.03164	0.01444	0.00037	0.01105	0.00073	0.00070	0.04762
5	0.29831	0.07600	0.12902	0.00972	0.01834	0.06993	0.03324	0.03284	0.02731	0.09231	0.05601	0.06952	0.03295	0.01012	0.00940	4.1e-05	0.00959	0.01455	8.8e-05	0.01073

[dist]
# distance from previous block
# <min> <max>
0	141

# created by:
# /home/cegg/simao/soft/augustus-3.2.1/scripts/msa2prfl.pl ./align_prep/POG091H00TK.fa
