[name]
unknown

[dist]
# distance from previous block
# <min> <max>
0	104

[block]
# block no. 0 follows, 2668 sequences, length 11
# corresponding to MSA columns:
# 113-119,121-123,127
name=unknown_A
#
# <colnr> <probs for GDERKNQSTAVLIFYWHMCP>
#	G	D	E	R	K	N	Q	S	T	A	V	L	I	F	Y	W	H	M	C	P
0	0.00021	0.00015	0.00021	0.00023	0.00026	0.00015	0.00020	0.00027	0.00030	0.00039	0.03518	0.03226	0.00077	0.00036	0.00018	5.9e-05	0.00012	0.92848	0.00012	0.00012
1	0.00017	0.00013	0.00017	0.00019	0.00020	0.00013	0.00013	0.00019	0.00025	0.00033	0.00070	0.79823	0.07212	0.01848	0.01648	5.6e-05	0.07599	0.01582	0.00011	0.00011
2	0.00035	0.76578	0.02786	0.00025	0.00035	0.03850	0.04264	0.01496	0.05929	0.00923	0.00905	0.01221	0.00020	0.00012	9.8e-05	3.1e-05	0.00926	8.6e-05	6.5e-05	0.00968
3	0.00020	0.00016	0.00020	0.00740	0.00928	0.00629	0.02740	0.03180	0.01557	0.02070	0.09829	0.22331	0.40368	0.00957	0.00628	4.5e-05	0.00678	0.02717	0.00012	0.10576
4	0.00625	0.00849	0.01724	0.12740	0.57645	0.09223	0.04316	0.02966	0.02268	0.02632	0.00657	0.00779	0.00728	0.00013	0.00724	4e-05	0.01149	0.00012	7.1e-05	0.00938
5	0.00658	0.02405	0.00765	0.04456	0.02454	0.01217	0.05503	0.01598	0.02313	0.03068	0.02697	0.30524	0.02020	0.18193	0.07333	0.09463	0.01782	0.02961	0.00577	0.00012
6	0.00016	0.00013	0.00014	0.00015	0.00018	0.00011	0.00011	0.00019	0.00028	0.00036	0.10597	0.30899	0.51044	0.03821	0.00018	5e-05	7.2e-05	0.03404	0.00012	0.00011
7	0.00681	0.00025	0.01600	0.77568	0.03022	0.01296	0.03854	0.01512	0.01595	0.01164	0.01883	0.02270	0.01501	0.00726	0.00627	4.5e-05	0.00637	0.00013	6.6e-05	0.00015
8	0.01260	0.11451	0.35380	0.01389	0.10249	0.12627	0.06899	0.04191	0.06791	0.05297	0.00028	0.00986	0.00689	0.00014	0.00689	4e-05	0.01311	0.00721	7.4e-05	0.00018
9	0.00767	0.13847	0.11940	0.01093	0.03040	0.53626	0.04694	0.01013	0.01499	0.00842	0.00022	0.00027	0.00018	0.00717	0.00707	3.8e-05	0.05447	0.00675	6.6e-05	0.00016
10	0.00599	0.00609	0.01068	0.03804	0.07237	0.00019	0.02476	0.01428	0.08335	0.03204	0.03086	0.16264	0.07423	0.09118	0.01776	4.7e-05	0.00570	0.00708	9.5e-05	0.32264

[dist]
# distance from previous block
# <min> <max>
1	8

[block]
# block no. 1 follows, 2668 sequences, length 6
# corresponding to MSA columns:
# 138-143
name=unknown_B
#
# <colnr> <probs for GDERKNQSTAVLIFYWHMCP>
#	G	D	E	R	K	N	Q	S	T	A	V	L	I	F	Y	W	H	M	C	P
0	0.02419	0.03337	0.17296	0.04166	0.05807	0.02791	0.03698	0.02532	0.04256	0.21644	0.04942	0.10273	0.03267	0.02524	0.02309	0.03339	0.02194	0.01361	0.00949	0.00896
1	0.00021	0.00015	0.00018	0.00017	0.00021	0.00014	0.00013	0.02022	0.05217	0.04827	0.46503	0.08800	0.11553	0.11466	0.03787	0.01523	8.9e-05	0.01972	0.02190	0.00012
2	0.01054	0.15047	0.05401	0.07458	0.20500	0.02244	0.05637	0.01572	0.02266	0.19713	0.05240	0.02129	0.06409	0.00998	0.01106	4.2e-05	0.01086	0.01042	0.01078	0.00018
3	0.01655	0.04895	0.24412	0.08563	0.13281	0.02064	0.09730	0.03332	0.04427	0.17083	0.02348	0.02337	0.01364	0.00016	0.01226	4.3e-05	0.01191	0.01030	0.01022	0.00018
4	0.10703	0.01130	0.01768	0.16134	0.19785	0.05862	0.02521	0.02279	0.01018	0.21191	0.01901	0.04782	0.01476	0.00910	0.01068	0.00899	0.01128	0.03436	0.00969	0.01038
5	0.00018	0.00013	0.00016	0.01594	0.00021	0.00012	0.00013	0.00021	0.01623	0.03056	0.01969	0.70731	0.07274	0.01863	0.01540	0.02961	8.5e-05	0.04584	0.02672	0.00011

[dist]
# distance from previous block
# <min> <max>
9	19

[block]
# block no. 2 follows, 2668 sequences, length 36
# corresponding to MSA columns:
# 180,182,183,185-210,215-219,221,222
name=unknown_C
#
# <colnr> <probs for GDERKNQSTAVLIFYWHMCP>
#	G	D	E	R	K	N	Q	S	T	A	V	L	I	F	Y	W	H	M	C	P
0	0.02616	0.04031	0.27063	0.08862	0.16398	0.02116	0.07274	0.03297	0.05069	0.09252	0.00341	0.01800	0.00023	0.00503	0.00821	4.1e-05	0.01721	0.00319	0.00236	0.08254
1	0.00018	0.00013	0.00015	0.00016	0.00018	0.00012	0.00011	0.00316	0.00028	0.02464	0.19022	0.30707	0.25023	0.18617	0.00681	0.01475	8.4e-05	0.01210	0.00012	0.00333
2	0.00917	0.00690	0.05968	0.04482	0.05439	0.01814	0.04591	0.02530	0.02535	0.04632	0.07490	0.35905	0.17875	0.01086	0.00859	4.8e-05	0.01464	0.00954	0.00321	0.00444
3	0.00646	0.08080	0.28176	0.02738	0.08668	0.01928	0.05676	0.09693	0.03997	0.23120	0.00614	0.01922	0.00363	0.00737	0.00563	4.2e-05	0.00508	0.01749	9.5e-05	0.00808
4	0.00018	0.00561	0.00940	0.01070	0.02183	0.00252	0.02439	0.00197	0.01569	0.01477	0.03078	0.68738	0.07682	0.02702	0.02583	0.00859	0.00817	0.02050	0.00773	0.00012
5	0.01615	0.64559	0.19354	0.00026	0.00452	0.03620	0.00235	0.01154	0.00905	0.03449	0.00313	0.00667	0.00513	0.00980	0.01535	3.6e-05	0.00305	8.5e-05	0.00287	0.00017
6	0.02159	0.07176	0.29806	0.06004	0.11179	0.02884	0.08141	0.05168	0.04075	0.13725	0.02913	0.02568	0.01200	0.00623	0.00716	4.2e-05	0.01444	0.00190	8.5e-05	0.00018
7	0.00399	0.04026	0.25011	0.13585	0.24369	0.01970	0.14584	0.02343	0.02321	0.04839	0.00599	0.02216	0.01784	0.00014	0.00324	4.1e-05	0.00433	0.00445	0.00716	0.00018
8	0.00025	0.00024	0.00676	0.71490	0.05892	0.02382	0.04125	0.00907	0.00422	0.00822	0.02844	0.03653	0.01504	0.00690	0.01954	0.01895	0.00230	0.00260	0.00190	0.00015
9	0.02920	0.00026	0.00041	0.65344	0.25391	0.01528	0.00453	0.00775	0.00564	0.00386	0.01022	0.01449	0.00020	0.00013	0.00013	4.2e-05	0.00016	0.00012	6.3e-05	0.00016
10	0.02088	0.06650	0.23173	0.03596	0.11201	0.05357	0.07645	0.10486	0.05930	0.16518	0.03586	0.00994	0.01498	0.00015	0.00013	4e-05	0.00896	0.00321	9.3e-05	0.00019
11	0.00179	0.00490	0.00404	0.01002	0.02413	0.00700	0.00813	0.01286	0.06650	0.10048	0.05836	0.47434	0.16381	0.00749	0.00927	0.00261	0.02503	0.00753	0.01159	0.00013
12	0.00340	0.00722	0.08020	0.00846	0.07475	0.00685	0.32934	0.00297	0.03717	0.00700	0.03235	0.22144	0.13756	0.00024	0.01272	4.8e-05	0.00015	0.03790	9.2e-05	0.00015
13	0.03404	0.00026	0.01370	0.01487	0.04525	0.02498	0.13690	0.08638	0.21369	0.07827	0.18534	0.04102	0.04790	0.03299	0.00980	4.7e-05	0.01878	0.00922	0.00268	0.00388
14	0.00232	0.03778	0.31860	0.10197	0.21793	0.01846	0.11058	0.03238	0.02307	0.06282	0.01246	0.03013	0.00792	0.00014	0.00447	4.2e-05	0.01037	0.00620	0.00216	0.00018
15	0.01758	0.00020	0.00379	0.07687	0.00928	0.00377	0.00354	0.05789	0.21122	0.11270	0.20933	0.18581	0.07347	0.00604	0.00198	0.00304	0.00269	0.01519	0.00546	0.00016
16	0.00323	0.15913	0.53876	0.00037	0.00052	0.02035	0.18239	0.05846	0.01455	0.00042	0.00341	0.00029	0.00560	0.00013	0.00903	4.1e-05	0.00297	0.00011	6.3e-05	0.00018
17	0.01759	0.06366	0.25529	0.01850	0.05771	0.09691	0.10923	0.11697	0.08826	0.10311	0.01041	0.00733	0.02297	0.00306	0.00785	4.2e-05	0.00842	0.00865	0.00385	0.00019
18	0.00685	0.00672	0.00206	0.00746	0.05044	0.03950	0.01742	0.00599	0.01609	0.07822	0.01380	0.65069	0.02719	0.02162	0.00429	0.00264	0.00589	0.03874	0.00426	0.00013
19	0.00030	0.00030	0.00959	0.15301	0.26891	0.01061	0.43365	0.01851	0.00454	0.01092	0.00030	0.08117	0.00728	0.00014	0.00014	4.3e-05	0.00018	0.00015	7.1e-05	0.00017
20	0.02323	0.00030	0.04060	0.01981	0.04381	0.06492	0.04133	0.13962	0.02260	0.54460	0.00041	0.00039	0.00663	0.00975	0.00970	4.3e-05	0.03180	0.00012	0.00013	0.00020
21	0.00219	0.02922	0.33681	0.21184	0.15527	0.00926	0.11468	0.01462	0.01942	0.03568	0.00472	0.02987	0.00727	0.00863	0.00953	4.4e-05	0.00537	0.00359	0.00181	0.00018
22	0.02587	0.00025	0.00040	0.65928	0.04558	0.00296	0.06488	0.08494	0.00282	0.01912	0.01888	0.04088	0.00357	0.00015	0.00014	4.3e-05	0.02400	0.00600	7.2e-05	0.00015
23	0.00593	0.00057	0.00038	0.01116	0.10032	0.84308	0.00027	0.01858	0.01053	0.00771	0.00021	0.00025	0.00018	0.00013	0.00012	3.4e-05	0.00022	8.9e-05	6.9e-05	0.00016
24	0.00570	0.03352	0.14879	0.04163	0.14766	0.02122	0.06653	0.13593	0.08664	0.19533	0.05210	0.02644	0.01896	0.00016	0.00463	4.1e-05	0.00400	0.00760	0.00010	0.00302
25	0.02006	0.00384	0.01521	0.07997	0.03955	0.02042	0.00525	0.02402	0.02670	0.15209	0.15297	0.24748	0.16669	0.02286	0.00774	4.8e-05	0.00973	0.00510	0.00012	0.00014
26	0.07547	0.00034	0.00036	0.00028	0.00038	0.03100	0.00023	0.73917	0.03415	0.10525	0.00033	0.00033	0.00614	0.00016	0.00577	4e-05	0.00014	0.00012	0.00013	0.00021
27	0.02237	0.02687	0.06558	0.04863	0.65828	0.01479	0.05262	0.01200	0.00808	0.07457	0.00322	0.00271	0.00265	0.00012	0.00013	3.9e-05	0.00315	0.00012	7.3e-05	0.00402
28	0.00459	0.01679	0.33432	0.01404	0.07068	0.01210	0.23997	0.06894	0.02069	0.08164	0.00233	0.08223	0.02815	0.00236	0.01072	4.4e-05	0.00533	0.00482	8.2e-05	0.00018
29	0.00017	0.00014	0.00015	0.00015	0.00648	0.00520	0.00011	0.00021	0.00618	0.00912	0.16727	0.02548	0.71424	0.03303	0.00353	4.7e-05	7.2e-05	0.02820	0.00012	0.00011
30	0.64639	0.00025	0.00843	0.01290	0.03101	0.00755	0.00797	0.03152	0.00473	0.16650	0.00586	0.00384	0.01572	0.00014	0.00462	4e-05	0.01455	9.1e-05	9.5e-05	0.03778
31	0.03466	0.01827	0.08102	0.04797	0.13792	0.04185	0.30080	0.01569	0.01268	0.13422	0.03507	0.03215	0.04332	0.01044	0.00691	4.4e-05	0.00731	0.03217	8.8e-05	0.00740
32	0.00567	0.00019	0.01050	0.01821	0.11336	0.01249	0.00460	0.01302	0.00271	0.27944	0.01556	0.36422	0.03517	0.02663	0.02515	0.00364	0.00297	0.05687	0.00945	0.00015
33	0.00302	0.00787	0.00039	0.00868	0.53833	0.00476	0.00331	0.01416	0.00727	0.03803	0.01364	0.03447	0.08704	0.01943	0.00679	4.7e-05	0.00013	0.20509	8.9e-05	0.00746
34	0.07345	0.01995	0.00408	0.24062	0.29782	0.02705	0.03048	0.05529	0.00372	0.18843	0.01062	0.00387	0.00546	0.00014	0.00849	4.1e-05	0.00015	0.00901	0.00280	0.01852
35	0.01929	0.04154	0.17195	0.07426	0.11818	0.11473	0.13944	0.11243	0.02930	0.12541	0.00411	0.00506	0.02988	0.00014	0.00234	4e-05	0.00322	0.00222	0.00182	0.00463

[dist]
# distance from previous block
# <min> <max>
7	22

[block]
# block no. 3 follows, 2668 sequences, length 15
# corresponding to MSA columns:
# 260-274
name=unknown_D
#
# <colnr> <probs for GDERKNQSTAVLIFYWHMCP>
#	G	D	E	R	K	N	Q	S	T	A	V	L	I	F	Y	W	H	M	C	P
0	0.00681	0.06060	0.46390	0.05822	0.11293	0.00973	0.12919	0.01652	0.01163	0.06977	0.00534	0.03158	0.00962	0.00585	0.00013	4.1e-05	0.00775	0.00012	7.1e-05	0.00018
1	0.05410	0.01021	0.00022	0.00558	0.00025	0.00777	0.00569	0.07076	0.05847	0.03236	0.48435	0.02855	0.03923	0.00026	0.00015	4.5e-05	0.01251	0.18924	0.00013	0.00014
2	0.07110	0.03279	0.07350	0.10026	0.13377	0.11151	0.05789	0.06698	0.06040	0.22528	0.02136	0.00814	0.02645	0.00513	0.00013	4e-05	0.00015	0.00483	9.8e-05	0.00018
3	0.04821	0.09032	0.22495	0.05203	0.08450	0.05985	0.08376	0.05698	0.06527	0.14968	0.01252	0.02267	0.00978	0.00765	0.00014	4.1e-05	0.02277	0.00861	8.8e-05	0.00018
4	0.00783	0.01089	0.00530	0.00020	0.02082	0.01424	0.01297	0.01883	0.00959	0.00998	0.14706	0.40225	0.21264	0.03166	0.01427	0.00469	0.01012	0.06161	0.00496	0.00012
5	0.24492	0.02942	0.00038	0.04409	0.33086	0.06739	0.00587	0.13037	0.02456	0.08926	0.00562	0.00030	0.00021	0.00013	0.00012	3.9e-05	0.00662	0.00010	0.00616	0.01359
6	0.03106	0.21291	0.26848	0.01901	0.04845	0.05161	0.06022	0.05940	0.04425	0.13655	0.02624	0.01293	0.01458	0.00014	0.00012	3.8e-05	0.00886	0.00489	8.4e-05	0.00018
7	0.00933	0.07744	0.29603	0.13408	0.15191	0.03118	0.11175	0.03191	0.03588	0.03035	0.01250	0.01952	0.00711	0.02499	0.00449	4.3e-05	0.01322	0.00402	0.00408	0.00018
8	0.00668	0.01967	0.00654	0.00719	0.00547	0.01495	0.01891	0.04600	0.01684	0.00843	0.06834	0.41064	0.31239	0.00033	0.00016	0.00419	0.00545	0.04143	0.00626	0.00012
9	0.01201	0.06963	0.09832	0.01607	0.38501	0.04066	0.02897	0.08480	0.02874	0.14448	0.01369	0.00983	0.00753	0.00605	0.00013	3.9e-05	0.01066	0.00427	8.7e-05	0.03903
10	0.02742	0.07653	0.23381	0.02513	0.06069	0.03047	0.06877	0.05603	0.07235	0.25405	0.03377	0.01365	0.01643	0.00547	0.00013	4.1e-05	0.01252	0.00407	0.00422	0.00443
11	0.04661	0.00610	0.00406	0.00672	0.03843	0.01251	0.00854	0.04134	0.02052	0.12235	0.01393	0.52252	0.08415	0.01780	0.01050	0.00459	0.00406	0.02732	0.00784	0.00013
12	0.01952	0.22328	0.35681	0.01576	0.14187	0.02896	0.07420	0.04524	0.02462	0.04203	0.00571	0.00518	0.00476	0.00013	0.00012	3.8e-05	0.00629	0.00010	6.9e-05	0.00529
13	0.02295	0.07205	0.21706	0.01366	0.05614	0.03280	0.06754	0.03711	0.05530	0.23507	0.06217	0.02393	0.03813	0.00435	0.00013	4e-05	0.00985	0.00452	0.00401	0.04318
14	0.00706	0.04138	0.35753	0.08985	0.14912	0.02508	0.12133	0.01530	0.02769	0.07982	0.01086	0.02417	0.01987	0.00447	0.00014	0.00472	0.00752	0.00984	0.00406	0.00018

[dist]
# distance from previous block
# <min> <max>
1	3

[block]
# block no. 4 follows, 2668 sequences, length 15
# corresponding to MSA columns:
# 278-292
name=unknown_E
#
# <colnr> <probs for GDERKNQSTAVLIFYWHMCP>
#	G	D	E	R	K	N	Q	S	T	A	V	L	I	F	Y	W	H	M	C	P
0	0.02004	0.07092	0.32073	0.05668	0.07178	0.02589	0.09787	0.02385	0.07710	0.14626	0.02329	0.01250	0.01424	0.00485	0.00542	4.2e-05	0.01518	0.00525	8.5e-05	0.00803
1	0.00022	0.00407	0.01881	0.00653	0.03282	0.01947	0.01180	0.00527	0.05767	0.06856	0.21088	0.32372	0.18515	0.01659	0.01676	0.00442	0.00701	0.00591	0.00421	0.00013
2	0.04810	0.21437	0.24395	0.01255	0.06261	0.03371	0.17302	0.04493	0.03314	0.04019	0.01081	0.04623	0.00922	0.00845	0.00013	4e-05	0.00016	0.01321	0.00500	0.00018
3	0.03008	0.06439	0.25602	0.02233	0.07213	0.06639	0.05156	0.04381	0.05898	0.26203	0.01106	0.01805	0.01676	0.00396	0.00403	4.1e-05	0.00742	0.00622	9.7e-05	0.00462
4	0.00857	0.05258	0.30080	0.09048	0.17866	0.02511	0.13234	0.03870	0.01734	0.08306	0.01736	0.01784	0.00682	0.00380	0.00551	0.00355	0.00583	0.00374	0.00359	0.00432
5	0.00018	0.00014	0.00602	0.01130	0.00022	0.00013	0.03894	0.00622	0.00936	0.00757	0.06741	0.52938	0.18702	0.04335	0.02225	0.00964	0.00491	0.04850	0.00737	0.00011
6	0.00741	0.10770	0.12301	0.13260	0.10537	0.13071	0.08868	0.05510	0.11127	0.02207	0.00971	0.02313	0.00900	0.01065	0.01942	4.4e-05	0.03784	0.00603	7.8e-05	0.00017
7	0.02286	0.25125	0.20538	0.03422	0.06114	0.06725	0.07256	0.02761	0.03519	0.14220	0.00689	0.01185	0.00758	0.00517	0.02993	4.3e-05	0.01390	0.00473	8e-05	0.00018
8	0.00368	0.00504	0.02151	0.03593	0.05822	0.00644	0.02155	0.00601	0.01371	0.06324	0.03485	0.31041	0.26791	0.06714	0.01226	0.02185	0.00818	0.03309	0.00483	0.00414
9	0.00022	0.00015	0.00832	0.00732	0.00024	0.00014	0.01070	0.02200	0.03163	0.07769	0.03077	0.53626	0.04509	0.01011	0.00945	0.00516	0.00498	0.19490	0.00475	0.00013
10	0.00406	0.00836	0.01713	0.00465	0.00471	0.01404	0.02385	0.08601	0.03151	0.13608	0.03618	0.38038	0.02124	0.00979	0.06675	0.00588	0.00937	0.12064	0.01560	0.00375
11	0.07053	0.00800	0.05618	0.13398	0.02332	0.03954	0.04598	0.13003	0.15608	0.12123	0.05670	0.04188	0.01642	0.00547	0.01159	0.02390	0.01885	0.02109	0.01366	0.00557
12	0.00018	0.00014	0.00016	0.00017	0.00020	0.00012	0.01545	0.00640	0.03051	0.02329	0.11605	0.29318	0.46755	0.01487	0.00851	4.9e-05	7.7e-05	0.01664	0.00634	0.00012
13	0.00028	0.01396	0.00028	0.01500	0.02032	0.00018	0.00016	0.00033	0.00027	0.01584	0.00023	0.00027	0.00019	9.8e-05	9.8e-05	2e-05	9.9e-05	7.9e-05	7.7e-05	0.93220
14	0.01332	0.00059	0.00037	0.00033	0.00040	0.91550	0.01999	0.01215	0.01131	0.01230	0.00022	0.00026	0.00018	0.00014	0.00012	3.4e-05	0.00023	0.01234	7e-05	0.00015

[dist]
# distance from previous block
# <min> <max>
0	2

[block]
# block no. 5 follows, 2668 sequences, length 20
# corresponding to MSA columns:
# 295-314
name=unknown_F
#
# <colnr> <probs for GDERKNQSTAVLIFYWHMCP>
#	G	D	E	R	K	N	Q	S	T	A	V	L	I	F	Y	W	H	M	C	P
0	0.00018	0.00014	0.00318	0.01859	0.01666	0.00328	0.00426	0.00415	0.02340	0.00699	0.09478	0.37004	0.31027	0.03736	0.03105	0.00315	9e-05	0.05635	0.00626	0.00982
1	0.00471	0.00022	0.00026	0.00019	0.00029	0.00017	0.00015	0.01053	0.00582	0.03136	0.01239	0.05596	0.04474	0.00014	0.00998	2.6e-05	0.00572	0.00515	0.00807	0.80412
2	0.00341	0.19141	0.02921	0.00615	0.00994	0.06216	0.00967	0.08274	0.00551	0.13398	0.00535	0.05529	0.00026	0.01149	0.03577	0.00652	0.32086	0.01902	0.01108	0.00016
3	0.00801	0.31707	0.31480	0.00031	0.06272	0.00730	0.01069	0.03302	0.01085	0.08097	0.00658	0.00577	0.00476	0.00328	0.00392	3.5e-05	0.00566	0.00357	7.2e-05	0.12061
4	0.03820	0.28355	0.09522	0.00716	0.01070	0.02849	0.00708	0.37308	0.05535	0.02240	0.00548	0.02227	0.02165	0.00366	0.00012	3.7e-05	0.01546	0.00405	0.00587	0.00019
5	0.00021	0.01287	0.00019	0.00017	0.00021	0.00015	0.00013	0.01225	0.07291	0.03131	0.76520	0.00793	0.07657	0.00026	0.00015	4.1e-05	6.9e-05	0.00625	0.01301	0.00013
6	0.00027	0.00023	0.00027	0.00021	0.02457	0.00018	0.00016	0.00776	0.00612	0.00819	0.01185	0.02010	0.02407	0.00012	0.00985	2.4e-05	9.9e-05	9.2e-05	8.1e-05	0.88579
7	0.00310	0.09261	0.14568	0.00604	0.01468	0.01041	0.01624	0.02119	0.01119	0.05576	0.28331	0.07382	0.16054	0.03618	0.02723	4.9e-05	0.00676	0.01540	0.00396	0.01584
8	0.87362	0.00025	0.00020	0.00018	0.00026	0.00029	0.00015	0.06118	0.00025	0.00917	0.00756	0.02409	0.00018	0.00013	9e-05	4e-05	0.00897	8.3e-05	0.01316	0.00014
9	0.00701	0.03966	0.07371	0.05096	0.31742	0.04512	0.02259	0.05764	0.04323	0.10852	0.03467	0.05443	0.01594	0.00501	0.01047	4e-05	0.00584	0.00806	0.00428	0.09541
10	0.03147	0.58336	0.00478	0.01353	0.03488	0.06119	0.00023	0.14745	0.08903	0.00730	0.00509	0.00437	0.00021	0.00013	0.00010	3.3e-05	0.00599	9e-05	0.01060	0.00018
11	0.01118	0.21415	0.54283	0.00033	0.04541	0.00033	0.00932	0.01694	0.00029	0.12349	0.00026	0.00028	0.00019	0.00012	0.00011	3.7e-05	0.00016	9.5e-05	7.1e-05	0.03440
12	0.00607	0.19022	0.16992	0.00676	0.04820	0.11439	0.01242	0.21906	0.09302	0.07349	0.00531	0.00919	0.00612	0.00015	0.00013	3.8e-05	0.03854	0.00335	0.00343	0.00019
13	0.08609	0.51907	0.17583	0.00755	0.00388	0.03705	0.02437	0.02464	0.00400	0.04626	0.00023	0.00028	0.00019	0.00921	0.02521	3.9e-05	0.00825	0.01986	0.00780	0.00017
14	0.00048	0.01913	0.00038	0.00034	0.02424	0.91648	0.00025	0.01816	0.00037	0.01873	0.00021	0.00024	0.00017	0.00013	0.00012	3.4e-05	0.00023	8.6e-05	6.9e-05	0.00015
15	0.00021	0.00391	0.07070	0.03644	0.06376	0.00017	0.06102	0.00371	0.00656	0.00786	0.52032	0.06856	0.10469	0.00387	0.00015	4.2e-05	0.01192	0.00451	0.00012	0.03148
16	0.00025	0.00049	0.60870	0.00031	0.00044	0.03890	0.01982	0.00037	0.01418	0.00455	0.19617	0.02838	0.04324	0.00702	0.00412	4.3e-05	0.00016	0.01471	0.01011	0.00805
17	0.00020	0.00376	0.05377	0.01165	0.00876	0.00682	0.02113	0.00461	0.01255	0.01835	0.41234	0.08396	0.28746	0.03202	0.01200	4.8e-05	0.00939	0.01262	0.00845	0.00013
18	0.01370	0.00026	0.03252	0.43526	0.22040	0.00967	0.01533	0.06158	0.00545	0.01949	0.00604	0.02843	0.00510	0.03342	0.05062	0.00394	0.04885	0.00599	0.00378	0.00016
19	0.00812	0.00782	0.08741	0.36630	0.20094	0.01168	0.04931	0.03514	0.08708	0.01273	0.04532	0.00910	0.01234	0.00407	0.01500	4.5e-05	0.02258	0.01677	0.00809	0.00017

[dist]
# distance from previous block
# <min> <max>
8	24

[block]
# block no. 6 follows, 2668 sequences, length 10
# corresponding to MSA columns:
# 368-376,385
name=unknown_G
#
# <colnr> <probs for GDERKNQSTAVLIFYWHMCP>
#	G	D	E	R	K	N	Q	S	T	A	V	L	I	F	Y	W	H	M	C	P
0	0.00926	0.00645	0.00631	0.00658	0.01368	0.01515	0.01208	0.01381	0.01450	0.12676	0.18286	0.04361	0.16157	0.01021	0.00685	3.6e-05	0.00579	0.00622	0.00593	0.35235
1	0.00028	0.00781	0.01143	0.09465	0.46236	0.00941	0.05661	0.01688	0.01029	0.01000	0.02193	0.17426	0.03806	0.00658	0.00675	4.3e-05	0.00014	0.01133	8.1e-05	0.06111
2	0.00034	0.30276	0.15005	0.00025	0.00036	0.05476	0.02654	0.01673	0.00904	0.10925	0.00027	0.00925	0.00021	0.00840	0.05935	4.3e-05	0.02600	9.6e-05	0.02510	0.20118
3	0.00029	0.00029	0.00042	0.00035	0.00036	0.00039	0.05026	0.00032	0.00020	0.00032	0.00018	0.00029	0.00017	0.00022	0.00041	5.6e-05	0.94516	0.00012	5.7e-05	0.00014
4	0.00742	0.03151	0.00715	0.00018	0.00021	0.00016	0.00817	0.00784	0.05027	0.04896	0.25981	0.01915	0.02699	0.07711	0.07932	0.35002	0.00694	0.01200	9.5e-05	0.00670
5	0.00032	0.41868	0.39659	0.00031	0.01072	0.00898	0.04283	0.01838	0.02933	0.03498	0.01097	0.00028	0.00020	0.00013	0.00857	3.7e-05	0.00995	0.00851	6.5e-05	0.00018
6	0.00016	0.00012	0.00015	0.00016	0.00018	0.00011	0.00011	0.00019	0.00027	0.00035	0.06721	0.47736	0.39562	0.02339	0.00018	0.01718	7.3e-05	0.01696	0.00012	0.00011
7	0.54665	0.01215	0.00917	0.00020	0.00825	0.02576	0.00016	0.01333	0.01136	0.16944	0.02051	0.06470	0.02181	0.00715	0.00011	4.2e-05	0.00011	0.05246	0.01637	0.02027
8	0.03844	0.02482	0.50823	0.01547	0.08719	0.01553	0.04288	0.02574	0.07886	0.04637	0.02476	0.00996	0.00966	0.00578	0.00013	0.01265	0.00579	0.00649	7.5e-05	0.04119
9	0.03818	0.06685	0.05713	0.07873	0.25896	0.05220	0.05323	0.05395	0.01431	0.12552	0.04583	0.01922	0.01885	0.01105	0.00556	0.00903	0.01033	0.03962	8.9e-05	0.04136

[dist]
# distance from previous block
# <min> <max>
2	17

[block]
# block no. 7 follows, 2668 sequences, length 36
# corresponding to MSA columns:
# 420-455
name=unknown_H
#
# <colnr> <probs for GDERKNQSTAVLIFYWHMCP>
#	G	D	E	R	K	N	Q	S	T	A	V	L	I	F	Y	W	H	M	C	P
0	0.00035	0.88360	0.06191	0.00024	0.00035	0.03366	0.00024	0.01217	0.00027	0.00032	0.00019	0.00587	0.00017	0.00011	8.8e-05	2.9e-05	0.00014	7.4e-05	5.7e-05	0.00017
1	0.00622	0.00014	0.00016	0.00016	0.00684	0.00389	9.9e-05	0.01806	0.00920	0.01407	0.01377	0.11589	0.04125	0.69596	0.00052	0.03870	0.00012	0.02465	8.9e-05	0.01022
2	0.00877	0.17274	0.54885	0.01557	0.06516	0.00944	0.01602	0.01660	0.00496	0.08319	0.01064	0.00476	0.00403	0.00013	0.00012	3.8e-05	0.00017	0.0001	6.9e-05	0.03864
3	0.01044	0.00349	0.00287	0.46110	0.04261	0.01262	0.02704	0.07290	0.10900	0.11616	0.00698	0.11105	0.00616	0.00017	0.00014	4.3e-05	0.00275	0.00755	0.00677	0.00016
4	0.32192	0.00023	0.00026	0.00021	0.00030	0.00023	0.00017	0.04096	0.01110	0.55851	0.02073	0.00038	0.01555	0.00015	0.00011	4e-05	0.00011	0.00011	0.00013	0.02878
5	0.08059	0.00022	0.00027	0.05545	0.00033	0.01097	0.00666	0.06129	0.08490	0.40760	0.27100	0.00056	0.00849	0.00019	0.00013	4.1e-05	0.00495	0.00264	0.00014	0.00358
6	0.00031	0.00377	0.00477	0.11406	0.81403	0.01097	0.00782	0.00297	0.00608	0.01215	0.00597	0.00603	0.00022	0.00459	0.00013	4e-05	0.00278	0.00305	6.6e-05	0.00020
7	0.00018	0.00014	0.00372	0.00017	0.00020	0.00013	0.00511	0.00025	0.07245	0.00509	0.29638	0.31414	0.26316	0.00333	0.00016	4.6e-05	7.4e-05	0.03120	0.00013	0.00394
8	0.01868	0.00030	0.00033	0.00027	0.00036	0.00032	0.00022	0.41819	0.27845	0.25930	0.00712	0.00040	0.00030	0.00016	0.00013	4.1e-05	0.00012	0.00013	0.01499	0.00021
9	0.88243	0.00026	0.00881	0.00807	0.01818	0.00029	0.05103	0.00846	0.00023	0.01451	0.00019	0.00023	0.00015	0.00012	8.9e-05	4e-05	0.00660	7.7e-05	8e-05	0.00015
10	0.00431	0.00032	0.01493	0.00304	0.00316	0.05124	0.00419	0.51522	0.04292	0.33813	0.00038	0.00036	0.00026	0.00839	0.00013	4e-05	0.00014	0.00012	0.00013	0.01258
11	0.21233	0.00024	0.00035	0.76054	0.01612	0.00029	0.00031	0.00034	0.00025	0.00039	0.00022	0.00033	0.00017	0.00013	0.00012	4.3e-05	0.00016	0.00747	6.3e-05	0.00014
12	0.02140	0.00015	0.00016	0.00016	0.00016	0.00716	9.5e-05	0.04994	0.00021	0.01040	0.00039	0.00078	0.00044	0.85002	0.00844	0.03687	0.00480	0.00825	8.1e-05	8.9e-05
13	0.00026	0.00019	0.00023	0.00021	0.00026	0.00354	0.00016	0.08267	0.13248	0.06154	0.30348	0.04188	0.03018	0.01008	0.19551	7.3e-05	0.00014	0.00507	0.00353	0.12852
14	0.00022	0.00016	0.00019	0.00018	0.00022	0.01189	0.00014	0.03443	0.04109	0.06241	0.35980	0.09770	0.09644	0.12406	0.14341	7.7e-05	0.00012	0.02401	0.00332	0.00013
15	0.00018	0.00255	0.00018	0.00020	0.00247	0.00276	0.00243	0.01187	0.00025	0.00033	0.00057	0.47387	0.00907	0.03047	0.32484	0.00244	0.00294	0.12899	0.00348	0.00011
16	0.01248	0.00026	0.00040	0.15993	0.48224	0.00684	0.00897	0.03762	0.05793	0.00717	0.03832	0.03321	0.05336	0.01763	0.00369	0.00796	0.00730	0.04996	0.01455	0.00017
17	0.80784	0.00984	0.00539	0.00428	0.02065	0.11559	0.00302	0.01483	0.00317	0.01066	0.00019	0.00022	0.00015	0.00012	8.9e-05	3.9e-05	0.00363	7.5e-05	8e-05	0.00015
18	0.03409	0.15744	0.06458	0.00736	0.09903	0.02900	0.13132	0.01196	0.00549	0.15647	0.00335	0.16566	0.00360	0.00533	0.00614	0.02202	0.00953	0.01838	9.1e-05	0.06915
19	0.49772	0.00019	0.00018	0.00017	0.00023	0.00021	0.00014	0.00031	0.00026	0.04875	0.04863	0.14423	0.17001	0.01059	0.00012	4.5e-05	9.1e-05	0.07195	0.00604	0.00013
20	0.00054	0.00022	0.00029	0.00023	0.00032	0.00019	0.00019	0.03678	0.00038	0.84845	0.07585	0.00861	0.00579	0.00017	0.00013	4e-05	0.00011	0.01411	0.00740	0.00021
21	0.00261	0.00023	0.00352	0.62189	0.12453	0.00026	0.03196	0.00405	0.00604	0.05318	0.00822	0.10454	0.00601	0.00017	0.00337	4.4e-05	0.00982	0.01130	0.00811	0.00015
22	0.00016	0.00012	0.00015	0.00018	0.00019	0.00011	0.00012	0.00019	0.00025	0.00034	0.01355	0.89224	0.01374	0.01321	0.01416	5.6e-05	8.2e-05	0.05093	0.00012	0.00011
23	0.00769	0.00922	0.49664	0.00036	0.00048	0.01021	0.10190	0.00500	0.00238	0.01066	0.03976	0.00843	0.00916	0.00017	0.00858	4.7e-05	0.28098	0.00588	0.00229	0.00017
24	0.00026	0.00024	0.01569	0.82192	0.00080	0.00028	0.02454	0.05752	0.00028	0.00036	0.00025	0.00806	0.00020	0.00583	0.00015	0.03679	0.00017	0.02644	6.4e-05	0.00015
25	0.01725	0.00023	0.00030	0.00023	0.00033	0.00020	0.00019	0.04126	0.00038	0.92383	0.00844	0.00044	0.00032	0.00016	0.00013	4e-05	0.00011	0.00578	0.00016	0.00022
26	0.00016	0.00012	0.00015	0.00017	0.00019	0.00011	0.00012	0.00019	0.00027	0.00036	0.13946	0.71200	0.10995	0.00037	0.00016	5e-05	7.3e-05	0.02632	0.00965	0.00011
27	0.06295	0.00020	0.01969	0.00219	0.00230	0.00680	0.04025	0.03807	0.05194	0.18437	0.03116	0.10627	0.33035	0.01223	0.05129	0.00180	0.02713	0.03074	0.00012	0.00015
28	0.00305	0.02073	0.00050	0.04517	0.00050	0.34058	0.33536	0.11522	0.05135	0.05751	0.00028	0.00033	0.00021	0.00014	0.00343	4e-05	0.00688	0.01315	0.00538	0.00017
29	0.00019	0.00013	0.00016	0.00016	0.00016	0.00013	0.00010	0.00020	0.00020	0.00027	0.00564	0.05301	0.01150	0.69695	0.20905	0.00926	0.00017	0.00817	0.00448	8.9e-05
30	0.00971	0.00016	0.00021	0.00022	0.00026	0.00015	0.00018	0.00032	0.00981	0.17163	0.00061	0.05495	0.00063	0.12514	0.00831	6.5e-05	0.00012	0.61066	0.00674	0.00013
31	0.00017	0.00013	0.00017	0.07275	0.00024	0.00012	0.00014	0.00020	0.00026	0.00576	0.02344	0.74680	0.09143	0.00622	0.00016	5.1e-05	8.4e-05	0.04340	0.00835	0.00011
32	0.00035	0.81749	0.03436	0.00315	0.01682	0.06874	0.00980	0.01213	0.01787	0.00344	0.00020	0.00023	0.00017	0.00012	0.00494	3.1e-05	0.00732	0.00260	5.9e-05	0.00017
33	0.00024	0.00023	0.08281	0.06243	0.09141	0.00469	0.03664	0.00661	0.14299	0.01699	0.06160	0.30455	0.02969	0.08675	0.00790	5.5e-05	0.00857	0.04916	0.00655	0.00014
34	0.00438	0.00027	0.00038	0.00482	0.00036	0.04639	0.08919	0.00380	0.00024	0.04837	0.00029	0.09362	0.00030	0.00024	0.00032	5.3e-05	0.61853	0.08823	7.5e-05	0.00014
35	0.02137	0.00388	0.02026	0.06323	0.00533	0.00685	0.03255	0.03281	0.43616	0.05820	0.10177	0.03489	0.14905	0.00021	0.00014	4.3e-05	0.00706	0.01744	0.00860	0.00017

[dist]
# distance from previous block
# <min> <max>
1	8

[block]
# block no. 8 follows, 2668 sequences, length 31
# corresponding to MSA columns:
# 481-504,507-510,513-515
name=unknown_I
#
# <colnr> <probs for GDERKNQSTAVLIFYWHMCP>
#	G	D	E	R	K	N	Q	S	T	A	V	L	I	F	Y	W	H	M	C	P
0	0.91419	0.03228	0.00671	0.00018	0.00326	0.01348	0.00298	0.00331	0.00321	0.00990	0.00343	0.00022	0.00015	0.00012	8.4e-05	4e-05	0.00326	7.3e-05	0.00300	0.00014
1	0.00019	0.00014	0.00019	0.00703	0.00021	0.00015	0.00014	0.00022	0.00021	0.00029	0.00038	0.03216	0.00038	0.26778	0.67930	0.00018	0.00028	0.01060	7.4e-05	0.00011
2	0.00337	0.01203	0.09078	0.02480	0.05570	0.00844	0.06817	0.02386	0.56513	0.00718	0.02214	0.04968	0.03258	0.01373	0.00506	4.6e-05	0.00584	0.01118	0.00011	0.00019
3	0.00024	0.00053	0.72037	0.00032	0.00047	0.00026	0.00554	0.00037	0.00027	0.00039	0.00716	0.05953	0.00741	0.01345	0.09883	5.9e-05	0.00019	0.02149	6.4e-05	0.06306
4	0.00022	0.00015	0.00018	0.00289	0.00021	0.01087	0.00014	0.00289	0.05883	0.03434	0.34039	0.07309	0.15094	0.01725	0.03428	0.04505	0.02297	0.10370	0.10147	0.00012
5	0.00449	0.01869	0.02450	0.00214	0.00028	0.06409	0.05368	0.13167	0.00350	0.02463	0.04379	0.12466	0.18875	0.04340	0.17686	0.02965	0.00353	0.05865	0.00290	0.00014
6	0.00367	0.00021	0.00025	0.00020	0.00028	0.00019	0.00016	0.01478	0.15192	0.01987	0.26404	0.02221	0.00548	0.00017	0.00012	3.1e-05	0.01309	0.00513	0.00637	0.49182
7	0.00027	0.00023	0.00027	0.00020	0.00031	0.00741	0.00016	0.00034	0.02099	0.00863	0.00024	0.00028	0.00020	0.00010	9.8e-05	2e-05	9.8e-05	0.00701	7.9e-05	0.95306
8	0.00022	0.00016	0.00021	0.00020	0.00022	0.00305	0.01249	0.04464	0.02034	0.05157	0.10377	0.17591	0.03854	0.19090	0.28641	0.01453	0.04049	0.00399	0.01224	0.00012
9	0.00018	0.00013	0.00017	0.00019	0.00021	0.00012	0.00014	0.00022	0.00028	0.01795	0.05865	0.47099	0.15443	0.01708	0.00921	5.5e-05	8.9e-05	0.26967	0.00012	0.00011
10	0.00721	0.00014	0.00018	0.00017	0.00020	0.00013	0.00013	0.00027	0.01635	0.05692	0.76656	0.01232	0.12948	0.00027	0.00015	4.2e-05	6.6e-05	0.00917	0.00014	0.00013
11	0.00316	0.00600	0.00040	0.29175	0.12165	0.46845	0.01918	0.00957	0.01214	0.00362	0.00287	0.01592	0.00309	0.00014	0.00014	3.9e-05	0.04155	0.00011	6.6e-05	0.00016
12	0.03471	0.13461	0.14775	0.12026	0.03097	0.01971	0.03523	0.17771	0.04180	0.10529	0.00331	0.00405	0.00021	0.00015	0.00898	4e-05	0.05658	0.00011	8.7e-05	0.07843
13	0.00663	0.23580	0.30773	0.01871	0.03562	0.09868	0.04932	0.03712	0.02073	0.13968	0.00278	0.00687	0.00395	0.00852	0.00012	3.8e-05	0.00969	0.00340	7.8e-05	0.01451
14	0.00041	0.00026	0.00030	0.00024	0.00032	0.01074	0.00019	0.35360	0.12208	0.24247	0.13011	0.00055	0.05986	0.01459	0.00014	4.2e-05	0.00011	0.02650	0.02194	0.01554
15	0.05404	0.00014	0.00018	0.00020	0.00022	0.00014	0.00015	0.00024	0.00028	0.02830	0.12743	0.38239	0.00621	0.04892	0.00408	5.6e-05	9.4e-05	0.33767	0.00914	0.00012
16	0.00023	0.00599	0.02853	0.05126	0.01280	0.00657	0.05023	0.00551	0.18488	0.00268	0.07377	0.02654	0.03863	0.18207	0.29848	0.01352	0.00238	0.01570	9.1e-05	0.00013
17	0.85568	0.00027	0.00021	0.00019	0.00027	0.05124	0.00015	0.00929	0.00501	0.05636	0.00021	0.00023	0.00505	0.00013	9.1e-05	4e-05	0.01528	7.7e-05	8.5e-05	0.00015
18	0.00033	0.00027	0.00029	0.00025	0.00033	0.00868	0.00020	0.08589	0.72029	0.03813	0.12644	0.00052	0.00048	0.00019	0.00014	4.3e-05	0.01704	0.00015	0.00013	0.00020
19	0.78739	0.01721	0.00021	0.00792	0.00027	0.00775	0.00016	0.01001	0.00636	0.05275	0.00026	0.00036	0.00022	0.00015	9.5e-05	4.2e-05	0.00011	0.10850	8.9e-05	0.00014
20	0.00032	0.00034	0.00065	0.00048	0.01754	0.02130	0.73131	0.10924	0.00033	0.00044	0.00027	0.00037	0.00022	0.03149	0.02492	5e-05	0.04733	0.01312	7.3e-05	0.00017
21	0.00017	0.00012	0.00016	0.00018	0.00018	0.00012	0.01520	0.00019	0.00023	0.00031	0.00063	0.64698	0.03025	0.26538	0.02446	0.00775	9.8e-05	0.00738	0.00011	9.9e-05
22	0.00532	0.01086	0.01105	0.00020	0.00031	0.00018	0.00016	0.00851	0.01670	0.05062	0.00025	0.00028	0.00020	0.00010	9.9e-05	2.1e-05	9.9e-05	8.1e-05	8.2e-05	0.89487
23	0.02741	0.08113	0.10222	0.00830	0.70709	0.00031	0.00037	0.00039	0.00969	0.00831	0.00026	0.03907	0.00022	0.00013	0.00013	0.01446	0.00015	0.00012	6.6e-05	0.00019
24	0.08469	0.00934	0.00019	0.00021	0.07170	0.00016	0.00013	0.00573	0.00022	0.02605	0.00041	0.00540	0.00045	0.68044	0.00050	0.00010	0.00538	0.10873	8.4e-05	0.00010
25	0.08199	0.10208	0.36196	0.07082	0.10016	0.00434	0.00973	0.04276	0.01986	0.17504	0.00593	0.00241	0.00022	0.00224	0.00653	0.00205	0.00566	0.00594	8.3e-05	0.00019
26	0.12286	0.23205	0.46561	0.00030	0.01380	0.03257	0.00999	0.01812	0.00793	0.08202	0.00287	0.00295	0.00290	0.00013	0.00011	3.8e-05	0.00541	9.2e-05	7e-05	0.00018
27	0.00498	0.56164	0.07761	0.00030	0.00041	0.01285	0.18811	0.00955	0.01808	0.00691	0.00375	0.00635	0.00025	0.00014	0.00011	3.6e-05	0.00016	0.10852	6.8e-05	0.00017
28	0.00289	0.00018	0.00023	0.00023	0.01563	0.00018	0.02720	0.09320	0.04281	0.07463	0.11183	0.30726	0.01947	0.00411	0.02215	5.3e-05	0.01451	0.25343	0.00989	0.00014
29	0.00019	0.00013	0.00018	0.00018	0.00019	0.00014	0.00012	0.00022	0.00020	0.01564	0.00038	0.00068	0.00040	0.49735	0.48326	0.00016	0.00023	0.00016	7.5e-05	9.9e-05
30	0.01728	0.00218	0.05647	0.14214	0.34922	0.00956	0.06389	0.02159	0.02050	0.06378	0.00788	0.01256	0.00617	0.01782	0.04123	0.01018	0.14928	0.00012	0.00578	0.00239

[dist]
# distance from previous block
# <min> <max>
3	67

[block]
# block no. 9 follows, 2668 sequences, length 23
# corresponding to MSA columns:
# 599-621
name=unknown_J
#
# <colnr> <probs for GDERKNQSTAVLIFYWHMCP>
#	G	D	E	R	K	N	Q	S	T	A	V	L	I	F	Y	W	H	M	C	P
0	0.00020	0.00015	0.00023	0.09352	0.01157	0.00348	0.05741	0.00406	0.00024	0.00532	0.01086	0.39831	0.00623	0.09104	0.18169	0.04039	0.01567	0.07942	9.4e-05	0.00011
1	0.01626	0.00016	0.00022	0.03502	0.00025	0.00342	0.00016	0.05797	0.05577	0.02924	0.03011	0.01155	0.00763	0.09003	0.44637	0.20033	0.00561	0.00654	0.00322	0.00012
2	0.00017	0.00012	0.00016	0.00018	0.00020	0.00011	0.00012	0.00020	0.02085	0.01016	0.00070	0.91281	0.00683	0.00942	0.01132	5.5e-05	8.1e-05	0.02004	0.00012	0.00635
3	0.00020	0.00507	0.00016	0.00015	0.00020	0.00857	0.00011	0.02971	0.01869	0.05709	0.07500	0.00609	0.79283	0.00030	0.00015	4.3e-05	7.3e-05	0.00025	0.00519	0.00012
4	0.14230	0.00024	0.00027	0.00020	0.00031	0.00021	0.00016	0.07270	0.00029	0.01151	0.00023	0.00027	0.00019	0.00010	9.7e-05	2.4e-05	0.00010	7.9e-05	8.2e-05	0.77064
5	0.00033	0.00028	0.00030	0.00026	0.00034	0.00032	0.00021	0.02380	0.97128	0.00055	0.00052	0.00048	0.00039	0.00018	0.00013	4.4e-05	0.00010	0.00015	0.00013	0.00021
6	0.02562	0.00026	0.00032	0.00025	0.00035	0.00025	0.00020	0.27525	0.00043	0.68362	0.00045	0.01175	0.00030	0.00016	0.00013	4e-05	0.00012	0.00013	0.00015	0.00022
7	0.00026	0.00067	0.99477	0.00037	0.00056	0.00030	0.00048	0.00041	0.00027	0.00041	0.00023	0.00027	0.00016	0.00012	0.00012	4.1e-05	0.00019	9.6e-05	5.5e-05	0.00019
8	0.00020	0.00015	0.00019	0.00018	0.00021	0.00015	0.00014	0.00025	0.00663	0.01507	0.79322	0.00735	0.08256	0.00027	0.00017	4.3e-05	0.07890	0.01407	0.00013	0.00012
9	0.00032	0.00025	0.00030	0.00022	0.00033	0.00023	0.02409	0.16035	0.09235	0.03732	0.03831	0.00725	0.00027	0.00583	0.00435	2.9e-05	0.00011	0.00483	0.00457	0.61871
10	0.00687	0.00013	0.00016	0.00018	0.00020	0.00012	0.00013	0.00022	0.01579	0.01044	0.19698	0.62873	0.03867	0.00602	0.00017	5.1e-05	7.8e-05	0.09483	0.00012	0.00011
11	0.00812	0.00026	0.00027	0.00024	0.00031	0.04269	0.00019	0.00588	0.72648	0.01325	0.07031	0.01673	0.10871	0.00020	0.00014	4.3e-05	0.00010	0.00574	0.00013	0.00018
12	0.12363	0.00054	0.00034	0.00031	0.00038	0.76010	0.00023	0.05911	0.00036	0.02239	0.00021	0.00025	0.00017	0.00015	0.02069	3.9e-05	0.01077	8.6e-05	7.4e-05	0.00015
13	0.00020	0.00016	0.00021	0.01691	0.06328	0.00016	0.00561	0.03981	0.03819	0.01026	0.01663	0.37854	0.13671	0.07465	0.14302	0.00546	0.00013	0.06375	0.00620	0.00012
14	0.00316	0.00328	0.00023	0.00965	0.00024	0.00020	0.00299	0.01463	0.00309	0.03464	0.30935	0.00932	0.01680	0.14716	0.22900	0.00351	0.19538	0.01048	0.00406	0.00281
15	0.01050	0.01162	0.00036	0.57233	0.01057	0.03129	0.00994	0.09910	0.00652	0.13324	0.00374	0.00044	0.07340	0.00494	0.01113	4.4e-05	0.00481	0.01578	8.6e-05	0.00016
16	0.22235	0.46940	0.10453	0.00784	0.01339	0.13583	0.01993	0.01071	0.00027	0.00441	0.00019	0.00023	0.00016	0.00012	0.00424	3.4e-05	0.00604	7.8e-05	6.4e-05	0.00016
17	0.00329	0.04328	0.57848	0.01005	0.02339	0.01133	0.06403	0.06076	0.11217	0.00865	0.05570	0.00754	0.00413	0.00014	0.00013	4.1e-05	0.00017	0.01170	0.00482	0.00019
18	0.00017	0.00015	0.00723	0.00016	0.00020	0.01200	0.01314	0.00023	0.04791	0.00037	0.06697	0.04775	0.77312	0.00032	0.00015	4.4e-05	7.4e-05	0.02978	0.00012	0.00012
19	0.00018	0.00013	0.00017	0.00392	0.00020	0.00960	0.00880	0.00754	0.02100	0.00660	0.12732	0.54224	0.19756	0.04456	0.01010	0.00451	0.00383	0.01150	0.00012	0.00011
20	0.00710	0.36508	0.16653	0.00399	0.02581	0.07059	0.02352	0.07259	0.02352	0.08685	0.00403	0.00697	0.00299	0.00013	0.00011	3.3e-05	0.01158	0.00303	0.00427	0.12126
21	0.07890	0.02107	0.42645	0.01880	0.02163	0.00560	0.02575	0.02837	0.01134	0.19698	0.04164	0.03357	0.01535	0.01027	0.00873	4.3e-05	0.01157	0.00588	9e-05	0.03798
22	0.03198	0.16959	0.24033	0.00890	0.13314	0.03757	0.01944	0.14090	0.04000	0.14596	0.00653	0.00304	0.00022	0.00014	0.00278	3.8e-05	0.00372	0.00378	0.00551	0.00645

[dist]
# distance from previous block
# <min> <max>
1	4

[block]
# block no. 10 follows, 2668 sequences, length 6
# corresponding to MSA columns:
# 626,630-634
name=unknown_K
#
# <colnr> <probs for GDERKNQSTAVLIFYWHMCP>
#	G	D	E	R	K	N	Q	S	T	A	V	L	I	F	Y	W	H	M	C	P
0	0.00028	0.00025	0.00028	0.00021	0.00031	0.03815	0.00016	0.03094	0.02942	0.00043	0.02866	0.00030	0.00023	0.00011	0.00011	2.3e-05	0.02884	8.6e-05	8.1e-05	0.84112
1	0.01022	0.00019	0.03842	0.03528	0.06460	0.00018	0.05256	0.03819	0.01602	0.01378	0.07330	0.21185	0.31915	0.01593	0.01704	0.00989	0.02589	0.04712	0.01026	0.00013
2	0.02061	0.01081	0.00040	0.17633	0.38750	0.03731	0.01469	0.03482	0.06287	0.03391	0.00031	0.04682	0.00027	0.01131	0.09424	0.01084	0.01807	0.01932	0.01942	0.00017
3	0.00021	0.00016	0.00021	0.01822	0.00023	0.03147	0.01232	0.00025	0.01236	0.01878	0.02880	0.15974	0.01669	0.24362	0.26620	0.01313	0.06912	0.08370	0.02466	0.00011
4	0.00032	0.00023	0.00025	0.00022	0.00028	0.01884	0.00017	0.07792	0.44403	0.08506	0.17290	0.01933	0.01922	0.01896	0.00014	4.2e-05	9.5e-05	0.00016	0.14166	0.00017
5	0.13344	0.00024	0.00029	0.00023	0.00032	0.00023	0.00019	0.14686	0.02939	0.62096	0.02892	0.00041	0.00031	0.00016	0.00012	4e-05	0.00011	0.00012	0.03744	0.00020

[dist]
# distance from previous block
# <min> <max>
0	14

[block]
# block no. 11 follows, 2668 sequences, length 38
# corresponding to MSA columns:
# 649-685,687
name=unknown_L
#
# <colnr> <probs for GDERKNQSTAVLIFYWHMCP>
#	G	D	E	R	K	N	Q	S	T	A	V	L	I	F	Y	W	H	M	C	P
0	0.00353	0.00228	0.00025	0.00230	0.00432	0.01021	0.02093	0.00537	0.00023	0.01157	0.01780	0.14071	0.02218	0.09779	0.39064	0.00366	0.21878	0.03569	0.00980	0.00195
1	0.00040	0.00032	0.00034	0.00028	0.00037	0.00036	0.00022	0.44978	0.53081	0.00816	0.00044	0.00041	0.00718	0.00017	0.00013	4.2e-05	0.00012	0.00013	0.00013	0.00021
2	0.01207	0.00658	0.03206	0.00023	0.00503	0.00538	0.05491	0.01971	0.03086	0.12722	0.00210	0.01873	0.00462	0.00013	0.00868	2.9e-05	0.00278	0.01152	9e-05	0.65727
3	0.00028	0.00015	0.00015	0.00014	0.00018	0.01312	0.00011	0.07287	0.00030	0.03447	0.00042	0.00047	0.00032	0.00015	9.5e-05	3.1e-05	7e-05	0.00012	0.87644	0.00013
4	0.00019	0.00013	0.00014	0.00014	0.00014	0.00013	8.1e-05	0.00019	0.00019	0.00025	0.00041	0.00084	0.00047	0.96770	0.01878	0.00975	0.00013	0.00019	7.8e-05	7.9e-05
5	0.00025	0.00023	0.00039	0.99513	0.00089	0.00029	0.00036	0.00033	0.00026	0.00033	0.00023	0.00035	0.00017	0.00013	0.00013	4.3e-05	0.00017	0.00012	5.8e-05	0.00014
6	0.00623	0.00031	0.02430	0.23860	0.11139	0.00423	0.01967	0.47977	0.00044	0.09092	0.00031	0.01913	0.00023	0.00015	0.00370	4.1e-05	0.00015	0.00012	0.00010	0.00020
7	0.00026	0.00067	0.99477	0.00037	0.00056	0.00030	0.00048	0.00041	0.00027	0.00041	0.00023	0.00027	0.00016	0.00012	0.00012	4.1e-05	0.00019	9.6e-05	5.5e-05	0.00019
8	0.00847	0.00023	0.00031	0.00027	0.06491	0.00020	0.00993	0.02216	0.00037	0.82512	0.03862	0.00046	0.01729	0.00016	0.00013	4e-05	0.00011	0.00013	0.00015	0.01093
9	0.93519	0.00025	0.00020	0.00018	0.00453	0.01099	0.00014	0.01134	0.00023	0.00903	0.00473	0.01403	0.00016	0.00013	8.4e-05	4e-05	0.00010	0.00840	8.3e-05	0.00014
10	0.00050	0.00033	0.00037	0.00028	0.00039	0.00036	0.00023	0.77678	0.03126	0.18760	0.00036	0.00034	0.00025	0.00016	0.00013	3.9e-05	0.00014	0.00012	0.00014	0.00022
11	0.04295	0.00020	0.00028	0.00023	0.00029	0.00021	0.00019	0.05162	0.00030	0.45269	0.00039	0.00043	0.00029	0.00045	0.33711	0.02297	0.08897	0.00013	0.00011	0.00017
12	0.97109	0.00025	0.00020	0.00921	0.00026	0.00029	0.00014	0.01657	0.00023	0.00058	0.00018	0.00021	0.00014	0.00012	8.2e-05	4e-05	0.00010	7.1e-05	8.1e-05	0.00014
13	0.00028	0.00024	0.00039	0.57710	0.22911	0.00027	0.00719	0.02550	0.00029	0.06304	0.00033	0.01557	0.06388	0.00016	0.01302	4.4e-05	0.00016	0.00013	0.00314	0.00016
14	0.00372	0.79489	0.07816	0.01314	0.00516	0.02562	0.01005	0.00388	0.00027	0.00032	0.00019	0.00023	0.00657	0.00012	0.00011	3.1e-05	0.05725	7.8e-05	5.7e-05	0.00017
15	0.00029	0.00028	0.09497	0.00025	0.00878	0.00667	0.00021	0.00629	0.61628	0.01799	0.22322	0.00522	0.00466	0.00019	0.00014	4.3e-05	0.00010	0.01411	0.00013	0.00018
16	0.00026	0.00024	0.00041	0.81574	0.09415	0.00029	0.02356	0.01200	0.00027	0.01687	0.00024	0.00035	0.00018	0.00537	0.00014	4.4e-05	0.02955	0.00012	6.1e-05	0.00015
17	0.99636	0.00025	0.00019	0.00017	0.00025	0.00029	0.00014	0.00038	0.00022	0.00058	0.00018	0.00021	0.00014	0.00012	8e-05	4e-05	0.00010	7e-05	8e-05	0.00014
