[name]
unknown

[dist]
# distance from previous block
# <min> <max>
0	521

[block]
# block no. 0 follows, 2676 sequences, length 32
# corresponding to MSA columns:
# 600-629,632,633
name=unknown_A
#
# <colnr> <probs for GDERKNQSTAVLIFYWHMCP>
#	G	D	E	R	K	N	Q	S	T	A	V	L	I	F	Y	W	H	M	C	P
0	0.00022	0.00861	0.01296	0.00768	0.08173	0.00354	0.00482	0.00963	0.05897	0.00944	0.04776	0.04142	0.22268	0.01810	0.00017	5e-05	0.00011	0.41937	0.00011	0.05264
1	0.00239	0.00025	0.00438	0.08416	0.47440	0.00967	0.06363	0.01229	0.00561	0.01251	0.00688	0.08767	0.01097	0.05586	0.11597	0.04398	0.00474	0.00202	0.00245	0.00016
2	0.00502	0.00012	0.00015	0.00018	0.00019	0.00011	0.00012	0.00020	0.00026	0.01227	0.05593	0.70480	0.11147	0.00624	0.01013	0.00762	7.9e-05	0.05995	0.02505	0.00011
3	0.00016	0.00013	0.00014	0.00014	0.00018	0.00011	0.00010	0.00020	0.00029	0.00943	0.09308	0.08072	0.72239	0.04951	0.00019	0.03403	7.1e-05	0.00466	0.00437	0.00011
4	0.00025	0.00015	0.00019	0.00017	0.00022	0.00014	0.00013	0.01624	0.02266	0.14438	0.71373	0.00489	0.06979	0.00898	0.00015	4.2e-05	7.2e-05	0.00418	0.01349	0.00014
5	0.97045	0.00025	0.00019	0.00017	0.00025	0.00029	0.00014	0.00038	0.00022	0.01414	0.00019	0.00022	0.00014	0.00012	8.1e-05	4e-05	0.0001	7.2e-05	0.01242	0.00014
6	0.00016	0.00012	0.00016	0.00018	0.00019	0.00011	0.01242	0.00018	0.00025	0.00033	0.00071	0.97205	0.01185	0.00040	0.00016	5.2e-05	7.7e-05	0.00036	0.00012	0.00011
7	0.89501	0.00025	0.00020	0.01017	0.00026	0.00028	0.00015	0.01329	0.00024	0.07179	0.00021	0.00023	0.00016	0.00012	8.5e-05	4e-05	0.00010	7.6e-05	0.00720	0.00015
8	0.00048	0.00062	0.00037	0.00033	0.00040	0.99493	0.00025	0.00052	0.00037	0.00032	0.00020	0.00023	0.00017	0.00013	0.00012	3.3e-05	0.00023	8.3e-05	6.7e-05	0.00015
9	0.00026	0.00022	0.00026	0.00019	0.00744	0.00017	0.00015	0.00546	0.00524	0.00042	0.00587	0.00038	0.10809	0.00013	0.00524	2.3e-05	9.4e-05	0.00010	8.2e-05	0.86020
10	0.90398	0.00771	0.04631	0.00019	0.00480	0.00029	0.00840	0.00536	0.01696	0.00057	0.00019	0.00022	0.00015	0.00012	8.4e-05	4e-05	0.00011	7.4e-05	0.00430	0.00014
11	0.01222	0.08418	0.05101	0.05180	0.14708	0.01060	0.03020	0.10999	0.04994	0.18812	0.00872	0.02400	0.01377	0.00699	0.00910	3.8e-05	0.00490	0.00428	9.7e-05	0.19296
12	0.01599	0.01807	0.39087	0.04918	0.32849	0.02192	0.11516	0.01101	0.00893	0.01839	0.00026	0.00430	0.00844	0.00012	0.00013	4e-05	0.00286	0.00011	0.00236	0.00337
13	0.00019	0.00014	0.00021	0.00021	0.00023	0.00017	0.00016	0.00023	0.00021	0.00030	0.00035	0.00053	0.00033	0.02218	0.92800	0.00020	0.02760	0.01856	7e-05	0.00012
14	0.00433	0.08875	0.31839	0.03897	0.03110	0.00787	0.03816	0.02538	0.02512	0.30759	0.01959	0.01084	0.00733	0.02946	0.00291	0.00454	0.01877	0.00622	0.01447	0.00019
15	0.11968	0.05920	0.08366	0.10477	0.11315	0.14429	0.11837	0.01018	0.02454	0.07028	0.00255	0.04526	0.00245	0.01867	0.00946	0.00460	0.04295	0.02345	0.00231	0.00016
16	0.00034	0.00972	0.00031	0.00027	0.00035	0.09336	0.00942	0.01310	0.84479	0.00051	0.00048	0.00045	0.00036	0.00017	0.00014	4.3e-05	0.02113	0.00473	0.00012	0.00020
17	0.00025	0.00024	0.00040	0.88796	0.08735	0.00668	0.00036	0.00034	0.00026	0.00034	0.00023	0.00034	0.00018	0.00013	0.00013	0.00790	0.00017	0.00011	5.8e-05	0.00657
18	0.00028	0.00028	0.00040	0.00034	0.00034	0.00040	0.00028	0.00031	0.00020	0.00031	0.00017	0.00028	0.00017	0.00023	0.00042	5.7e-05	0.99521	0.00011	5.7e-05	0.00014
19	0.00048	0.00062	0.00037	0.00033	0.00040	0.99493	0.00025	0.00052	0.00037	0.00032	0.00020	0.00023	0.00017	0.00013	0.00012	3.3e-05	0.00023	8.3e-05	6.7e-05	0.00015
20	0.00031	0.00017	0.00021	0.00018	0.00024	0.00015	0.00014	0.00682	0.04333	0.32804	0.23317	0.02062	0.32193	0.00025	0.00014	4.2e-05	8.3e-05	0.03179	0.01222	0.00015
21	0.97884	0.00025	0.00019	0.00017	0.00025	0.00029	0.00014	0.00038	0.00022	0.01808	0.00019	0.00021	0.00014	0.00012	8.1e-05	4e-05	0.00010	7.1e-05	8.2e-05	0.00014
22	0.00529	0.00015	0.02045	0.00016	0.00018	0.00014	0.00954	0.01038	0.00293	0.10814	0.01702	0.00075	0.00044	0.76581	0.00916	0.03876	0.00549	0.00017	0.00492	0.0001
23	0.00231	0.06652	0.07113	0.03504	0.02472	0.00416	0.01327	0.00468	0.00558	0.01629	0.00597	0.09060	0.03471	0.00754	0.00365	0.22324	0.00504	0.37913	0.00630	0.00012
24	0.00380	0.00016	0.00021	0.00019	0.00023	0.00016	0.00270	0.00673	0.06929	0.23698	0.30753	0.12321	0.03838	0.10694	0.05993	0.01831	0.00010	0.00975	0.01525	0.00014
25	0.00021	0.00014	0.00017	0.00017	0.00020	0.00376	0.00012	0.00359	0.00731	0.08921	0.39439	0.18244	0.26404	0.02025	0.00016	4.6e-05	7.3e-05	0.02684	0.00674	0.00012
26	0.00482	0.73599	0.16119	0.00347	0.00266	0.03021	0.00805	0.01108	0.00716	0.01242	0.00256	0.00369	0.00240	0.00302	0.00228	3.2e-05	0.00669	0.00204	5.9e-05	0.00017
27	0.01521	0.00802	0.14461	0.15187	0.05537	0.03754	0.07661	0.02892	0.02644	0.19328	0.03165	0.09509	0.02159	0.00805	0.04994	0.00249	0.04020	0.00511	0.00784	0.00017
28	0.00342	0.00012	0.00015	0.00017	0.00019	0.00011	0.00012	0.00019	0.00026	0.00634	0.02120	0.62320	0.23780	0.04510	0.02733	0.00360	8.4e-05	0.02428	0.00624	0.00011
29	0.00373	0.00220	0.00319	0.00585	0.00263	0.00298	0.01167	0.07952	0.00341	0.71132	0.04170	0.05637	0.00918	0.00420	0.00639	0.00184	0.03013	0.00368	0.01982	0.00020
30	0.02533	0.11288	0.19185	0.18375	0.19471	0.02885	0.08157	0.03692	0.01394	0.05999	0.00608	0.00442	0.00319	0.02414	0.00883	0.00591	0.01348	0.00011	0.00189	0.00214
31	0.00720	0.05995	0.08507	0.28793	0.18265	0.01751	0.08143	0.03905	0.01737	0.10583	0.01946	0.01684	0.02055	0.01768	0.00367	0.00262	0.01718	0.01138	0.00293	0.00370

[dist]
# distance from previous block
# <min> <max>
7	11

[block]
# block no. 1 follows, 2676 sequences, length 6
# corresponding to MSA columns:
# 671-673,675,679,680
name=unknown_B
#
# <colnr> <probs for GDERKNQSTAVLIFYWHMCP>
#	G	D	E	R	K	N	Q	S	T	A	V	L	I	F	Y	W	H	M	C	P
0	0.11512	0.01269	0.01146	0.05073	0.02576	0.02518	0.01699	0.06984	0.00937	0.01895	0.01137	0.03691	0.01017	0.44095	0.04360	0.01555	0.05004	0.01483	0.02039	0.00012
1	0.03452	0.05395	0.05629	0.04714	0.13773	0.09496	0.11426	0.03214	0.01377	0.02287	0.00872	0.11647	0.01092	0.10405	0.04179	0.00934	0.07242	0.00971	0.00913	0.00982
2	0.42646	0.00025	0.00025	0.00021	0.00029	0.01770	0.00017	0.11329	0.01701	0.29971	0.01721	0.00037	0.03128	0.01963	0.03146	4.7e-05	0.00012	0.00011	0.02427	0.00017
3	0.03947	0.07601	0.13465	0.02633	0.02388	0.02437	0.03530	0.02216	0.01934	0.03850	0.04391	0.24580	0.03136	0.05908	0.04434	0.03074	0.05081	0.04401	0.00979	0.00014
4	0.00964	0.03936	0.01156	0.01059	0.01081	0.00019	0.00948	0.02546	0.12149	0.03716	0.15101	0.12354	0.18099	0.04741	0.13108	0.02575	0.01835	0.02729	0.01871	0.00013
5	0.23117	0.01178	0.01047	0.01075	0.01019	0.01152	0.01844	0.06824	0.07567	0.35177	0.04585	0.02157	0.01858	0.04127	0.02567	0.01626	0.00012	0.00013	0.03038	0.00017

[dist]
# distance from previous block
# <min> <max>
3	15

[block]
# block no. 2 follows, 2676 sequences, length 27
# corresponding to MSA columns:
# 781,784,786-801,803-810,814
name=unknown_C
#
# <colnr> <probs for GDERKNQSTAVLIFYWHMCP>
#	G	D	E	R	K	N	Q	S	T	A	V	L	I	F	Y	W	H	M	C	P
0	0.00823	0.13921	0.06976	0.09219	0.41020	0.01629	0.04295	0.04643	0.04099	0.01003	0.00454	0.04061	0.00286	0.00014	0.00303	0.00655	0.00325	0.00263	0.00221	0.05791
1	0.00781	0.00014	0.00017	0.00523	0.00020	0.00013	0.00012	0.00379	0.03477	0.02467	0.55162	0.13990	0.14724	0.04088	0.01480	4.9e-05	7.5e-05	0.01283	0.01545	0.00012
2	0.01203	0.00017	0.02341	0.12737	0.01115	0.00017	0.00379	0.00660	0.01113	0.02201	0.08520	0.23066	0.17952	0.10421	0.05619	0.05564	0.03979	0.02752	0.00334	0.00012
3	0.00017	0.00012	0.00015	0.00017	0.00019	0.00011	0.00012	0.00401	0.00535	0.00713	0.06883	0.74072	0.04835	0.09476	0.00608	5.9e-05	8.1e-05	0.01692	0.00656	0.00011
4	0.01585	0.00015	0.00383	0.00019	0.00022	0.00013	0.01184	0.00378	0.00450	0.16505	0.14683	0.47555	0.09656	0.01655	0.00016	4.9e-05	8.3e-05	0.04191	0.01662	0.00013
5	0.00030	0.00030	0.05133	0.03004	0.67895	0.00826	0.03720	0.02356	0.00310	0.00409	0.04375	0.03779	0.04666	0.00481	0.00287	0.00294	0.00015	0.01821	0.00551	0.00019
6	0.00028	0.00023	0.00027	0.00020	0.00031	0.00018	0.00016	0.02543	0.02347	0.02325	0.00025	0.00028	0.00020	0.00010	9.8e-05	2.1e-05	9.8e-05	8.1e-05	8.1e-05	0.92501
7	0.00345	0.01414	0.02445	0.08336	0.00952	0.02209	0.24110	0.07480	0.23362	0.02784	0.01187	0.16131	0.00514	0.00282	0.00358	4.6e-05	0.01390	0.06452	0.00227	0.00017
8	0.00807	0.02929	0.00030	0.00026	0.00498	0.00706	0.00420	0.01994	0.88425	0.00727	0.00891	0.00048	0.01246	0.00017	0.00013	4.3e-05	0.00010	0.00014	0.01174	0.00020
9	0.00019	0.00013	0.00018	0.00018	0.00019	0.00014	0.00013	0.00021	0.00020	0.00028	0.00038	0.00920	0.00039	0.41832	0.53075	0.02341	0.00024	0.01530	7.4e-05	9.9e-05
10	0.00021	0.00015	0.00021	0.00024	0.00027	0.00015	0.00021	0.00027	0.00030	0.00039	0.01250	0.00143	0.01028	0.00037	0.02309	6.3e-05	0.00012	0.94954	0.00012	0.00012
11	0.00048	0.00062	0.00037	0.00033	0.00040	0.99493	0.00025	0.00052	0.00037	0.00032	0.00020	0.00023	0.00017	0.00013	0.00012	3.3e-05	0.00023	8.3e-05	6.7e-05	0.00015
12	0.00025	0.05867	0.12314	0.12736	0.02013	0.08132	0.00651	0.00782	0.02097	0.03117	0.02399	0.46498	0.00053	0.00293	0.01223	4.8e-05	0.01350	0.00023	0.00408	0.00014
13	0.00048	0.00036	0.00038	0.00029	0.00039	0.01247	0.00024	0.92944	0.02452	0.00792	0.01052	0.00032	0.00024	0.00016	0.00013	3.9e-05	0.00014	0.00012	0.01161	0.00022
14	0.99637	0.00025	0.00019	0.00017	0.00025	0.00029	0.00014	0.00038	0.00022	0.00058	0.00018	0.00021	0.00014	0.00012	8e-05	4e-05	0.00010	7e-05	8e-05	0.00014
15	0.01609	0.02146	0.17204	0.17088	0.21064	0.05463	0.17255	0.01972	0.02021	0.01341	0.00995	0.04619	0.02279	0.00639	0.00274	4.2e-05	0.00805	0.00357	0.00294	0.02571
16	0.00733	0.00027	0.01087	0.00026	0.00036	0.00355	0.04218	0.29012	0.01482	0.50520	0.00321	0.00469	0.00028	0.01285	0.00014	4e-05	0.01159	0.00338	0.02345	0.06541
17	0.00018	0.00013	0.00017	0.00016	0.00019	0.00012	0.00012	0.00024	0.01478	0.01103	0.69086	0.09104	0.18276	0.00029	0.00015	4.3e-05	6.5e-05	0.00740	0.00014	0.00012
18	0.22035	0.00025	0.00420	0.20638	0.10008	0.02146	0.04891	0.05345	0.01362	0.16979	0.04745	0.02970	0.02551	0.00763	0.01871	0.00473	0.01681	0.00445	0.00635	0.00016
19	0.04136	0.03502	0.15622	0.00516	0.03135	0.01128	0.03333	0.04594	0.00491	0.33125	0.00291	0.01592	0.00444	0.00649	0.09287	5.3e-05	0.00772	0.00012	0.00010	0.17356
20	0.00676	0.00014	0.00019	0.00019	0.00022	0.00013	0.00333	0.00591	0.00926	0.17004	0.07513	0.39805	0.10706	0.04429	0.01382	0.10022	9.2e-05	0.05792	0.00713	0.00012
21	0.00034	0.00018	0.00024	0.00818	0.00775	0.00017	0.01841	0.04036	0.01456	0.33548	0.07532	0.19315	0.04555	0.00905	0.01313	4.9e-05	0.00011	0.20791	0.01918	0.01088
22	0.02105	0.18220	0.04199	0.17841	0.15470	0.14023	0.07742	0.07155	0.05115	0.04372	0.00265	0.00317	0.00312	0.00290	0.00013	3.8e-05	0.02125	0.00408	7.5e-05	0.00017
23	0.01237	0.00849	0.04402	0.00715	0.07366	0.00317	0.01023	0.00352	0.00379	0.00669	0.00280	0.00772	0.00038	0.51682	0.23134	0.05668	0.00413	0.00686	7.4e-05	0.00011
24	0.00019	0.00018	0.06418	0.00021	0.01511	0.00545	0.00524	0.00024	0.00021	0.00030	0.00037	0.05998	0.00535	0.20406	0.60833	0.01890	0.01135	0.00016	7.3e-05	0.00011
25	0.08402	0.04436	0.01031	0.08642	0.49449	0.11754	0.04675	0.08769	0.00032	0.00503	0.00025	0.00031	0.01090	0.00013	0.00013	3.8e-05	0.01096	0.00011	7.1e-05	0.00018
26	0.00508	0.00013	0.00324	0.00523	0.00020	0.00012	0.01082	0.00021	0.00319	0.01333	0.15921	0.22085	0.52842	0.01521	0.00016	0.00569	7.3e-05	0.01621	0.00530	0.00731

[dist]
# distance from previous block
# <min> <max>
4	5

[block]
# block no. 3 follows, 2676 sequences, length 36
# corresponding to MSA columns:
# 832-851,865,866,868-871,874-880,882,883,885
name=unknown_D
#
# <colnr> <probs for GDERKNQSTAVLIFYWHMCP>
#	G	D	E	R	K	N	Q	S	T	A	V	L	I	F	Y	W	H	M	C	P
0	0.00299	0.00013	0.00015	0.00016	0.00019	0.00012	0.00012	0.00462	0.01826	0.00570	0.19590	0.29402	0.40361	0.02431	0.00304	4.9e-05	7.3e-05	0.03995	0.00649	0.00011
1	0.00018	0.00013	0.00016	0.00018	0.00492	0.00013	0.00013	0.00370	0.05988	0.00572	0.12354	0.50056	0.22935	0.01782	0.01171	0.00275	7.9e-05	0.03506	0.00389	0.00012
2	0.00019	0.00013	0.00017	0.00016	0.00019	0.00012	0.00012	0.00024	0.01105	0.01472	0.78102	0.01384	0.17002	0.00027	0.00015	4.1e-05	6.3e-05	0.00024	0.00714	0.00012
3	0.00023	0.00014	0.00017	0.00016	0.00020	0.00013	0.00012	0.00027	0.00031	0.16115	0.23602	0.07265	0.40459	0.09794	0.00020	0.00372	7.9e-05	0.01524	0.00655	0.00013
4	0.00694	0.00022	0.00031	0.00027	0.00029	0.00666	0.03305	0.03262	0.02817	0.00955	0.07572	0.00899	0.00033	0.01470	0.32807	0.00010	0.41938	0.00014	0.03433	0.00014
5	0.00035	0.99553	0.00068	0.00022	0.00033	0.00051	0.00022	0.00039	0.00026	0.00030	0.00018	0.00021	0.00017	0.00011	8.3e-05	2.8e-05	0.00014	6.9e-05	5.5e-05	0.00017
6	0.00031	0.60719	0.38872	0.00028	0.00042	0.00043	0.00032	0.00040	0.00027	0.00035	0.00020	0.00023	0.00017	0.00012	9.9e-05	3.3e-05	0.00016	8e-05	5.5e-05	0.00018
7	0.00018	0.00013	0.00017	0.00386	0.03718	0.00012	0.00014	0.00021	0.00460	0.00824	0.02817	0.58486	0.17465	0.00802	0.00017	5.2e-05	8.4e-05	0.14893	0.00012	0.00011
8	0.00038	0.76441	0.01713	0.00024	0.00034	0.05481	0.00455	0.05230	0.01116	0.08016	0.00022	0.00024	0.00019	0.00012	0.00484	3.1e-05	0.00566	8e-05	0.00297	0.00017
9	0.00017	0.00013	0.00016	0.00363	0.00020	0.00012	0.00658	0.01243	0.02609	0.00035	0.00564	0.70436	0.10808	0.03774	0.00601	5.5e-05	8.4e-05	0.08793	0.00012	0.00011
10	0.01109	0.09952	0.10625	0.00266	0.00909	0.03121	0.00586	0.03286	0.00989	0.13160	0.01926	0.01970	0.00349	0.00012	0.00011	2.8e-05	0.00269	0.00308	8.7e-05	0.51140
11	0.00023	0.00201	0.00647	0.00018	0.00242	0.00196	0.01498	0.00786	0.02340	0.03721	0.15756	0.14937	0.05610	0.17233	0.00738	5.1e-05	0.00228	0.00360	0.01505	0.33956
12	0.91764	0.00292	0.00441	0.00284	0.00026	0.00348	0.00015	0.01333	0.00285	0.02947	0.00020	0.00024	0.00016	0.00869	0.00272	4.1e-05	0.00010	0.00682	0.00352	0.00014
13	0.00255	0.01129	0.00926	0.17246	0.35179	0.01540	0.07800	0.03879	0.13211	0.04581	0.09347	0.00966	0.01904	0.00015	0.00214	4.1e-05	0.01062	0.00372	0.00350	0.00018
14	0.00573	0.00015	0.00018	0.00018	0.00021	0.00379	0.00296	0.00509	0.01202	0.16408	0.16857	0.30138	0.26271	0.03707	0.00017	4.9e-05	8.1e-05	0.02966	0.00578	0.00013
15	0.00027	0.00025	0.00042	0.72232	0.21664	0.00429	0.00813	0.01267	0.00326	0.02005	0.00334	0.00035	0.00412	0.00013	0.00013	0.00312	0.00017	0.00012	6.3e-05	0.00016
16	0.00017	0.00013	0.00015	0.00556	0.00019	0.00012	0.00012	0.00020	0.00414	0.00362	0.10496	0.45149	0.26749	0.09037	0.00538	0.00263	0.00257	0.05675	0.00386	0.00011
17	0.00029	0.00027	0.00046	0.42242	0.54954	0.00030	0.00038	0.00037	0.00028	0.00872	0.01562	0.00034	0.00021	0.00012	0.00013	4e-05	0.00016	0.00012	6.3e-05	0.00018
18	0.03338	0.01003	0.02386	0.07339	0.12988	0.00743	0.13385	0.02512	0.10037	0.10314	0.03327	0.13064	0.04249	0.03886	0.01944	4.8e-05	0.00539	0.02598	9.8e-05	0.06333
19	0.40717	0.03150	0.01026	0.02346	0.30661	0.05024	0.03639	0.08368	0.01077	0.01068	0.00023	0.00028	0.00018	0.00344	0.00011	3.9e-05	0.01540	0.00262	0.00677	0.00017
20	0.97023	0.00731	0.00020	0.01200	0.00026	0.00029	0.00014	0.00759	0.00022	0.00058	0.00018	0.00021	0.00014	0.00012	8.1e-05	4e-05	0.00010	7.1e-05	8e-05	0.00014
21	0.41967	0.00031	0.00030	0.00958	0.01429	0.00543	0.00020	0.52384	0.00727	0.01759	0.00026	0.00027	0.00019	0.00014	0.00011	3.9e-05	0.00012	9.7e-05	0.00011	0.00019
22	0.01323	0.08000	0.02063	0.00027	0.00035	0.06118	0.00023	0.19091	0.01022	0.33704	0.00776	0.01018	0.01347	0.00017	0.00217	4.3e-05	0.23088	0.00211	0.00680	0.01235
23	0.77178	0.00025	0.00022	0.00019	0.00027	0.01706	0.00015	0.01322	0.00026	0.18957	0.00025	0.00026	0.00018	0.00013	9.1e-05	4e-05	0.00010	8.3e-05	0.00575	0.00016
24	0.94464	0.00025	0.00020	0.00018	0.00026	0.00029	0.00014	0.01803	0.03422	0.00058	0.00019	0.00022	0.00015	0.00012	8.3e-05	4e-05	0.00010	7.4e-05	8.3e-05	0.00014
25	0.00029	0.00029	0.00042	0.00035	0.00037	0.01998	0.07187	0.00032	0.00021	0.00032	0.00018	0.00029	0.00017	0.00022	0.00040	5.5e-05	0.90395	0.00012	5.7e-05	0.00014
26	0.00047	0.00059	0.00038	0.03205	0.04766	0.90638	0.00026	0.00050	0.00036	0.00032	0.00020	0.00024	0.00017	0.00013	0.00012	3.4e-05	0.00983	8.6e-05	6.6e-05	0.00015
27	0.99637	0.00025	0.00019	0.00017	0.00025	0.00029	0.00014	0.00038	0.00022	0.00058	0.00018	0.00021	0.00014	0.00012	8e-05	4e-05	0.00010	7e-05	8e-05	0.00014
28	0.00017	0.00012	0.00015	0.00017	0.00019	0.00011	0.00012	0.00020	0.00450	0.00653	0.07421	0.51224	0.28861	0.00642	0.00016	5e-05	7.7e-05	0.10572	0.00012	0.00011
29	0.03092	0.00497	0.03733	0.26797	0.59643	0.00666	0.01031	0.00588	0.00352	0.02013	0.00288	0.00951	0.00267	0.00012	0.00013	4e-05	0.00016	0.00012	6.6e-05	0.00018
30	0.00044	0.25782	0.00046	0.00674	0.00038	0.09040	0.00024	0.59417	0.00048	0.00061	0.00026	0.00028	0.00020	0.00014	0.00013	3.6e-05	0.04681	0.00010	0.00010	0.00020
31	0.00017	0.00014	0.00015	0.00015	0.00019	0.00013	0.00011	0.00532	0.06971	0.00908	0.06726	0.08119	0.73562	0.00032	0.00015	4.4e-05	7.1e-05	0.02249	0.00757	0.00012
32	0.00427	0.06847	0.03853	0.00398	0.00318	0.00704	0.07496	0.05262	0.04469	0.04800	0.04633	0.02687	0.49151	0.00714	0.00016	4.4e-05	0.03795	0.04117	0.00294	0.00014
33	0.01432	0.02081	0.06713	0.06727	0.04371	0.04403	0.14363	0.17235	0.02631	0.31551	0.00373	0.01014	0.00403	0.00360	0.03491	4.6e-05	0.00970	0.00184	0.00011	0.01682
34	0.00372	0.01163	0.03253	0.04378	0.08704	0.02307	0.07450	0.03835	0.01934	0.07910	0.02354	0.09048	0.01398	0.00232	0.00846	5e-05	0.39512	0.02245	0.03038	0.00016
35	0.00286	0.00013	0.00016	0.00017	0.00019	0.00226	0.00452	0.00407	0.02695	0.00579	0.04679	0.64886	0.15866	0.03330	0.00245	5.2e-05	0.00473	0.01608	0.04185	0.00011

[dist]
# distance from previous block
# <min> <max>
4	9

[block]
# block no. 4 follows, 2676 sequences, length 8
# corresponding to MSA columns:
# 897,899-905
name=unknown_E
#
# <colnr> <probs for GDERKNQSTAVLIFYWHMCP>
#	G	D	E	R	K	N	Q	S	T	A	V	L	I	F	Y	W	H	M	C	P
0	0.01289	0.03046	0.00032	0.05940	0.07160	0.11002	0.04087	0.01782	0.01982	0.09529	0.02853	0.08224	0.01922	0.00770	0.05967	0.03428	0.06655	0.01258	0.03216	0.19857
1	0.00025	0.00024	0.00039	0.91051	0.04287	0.00029	0.00036	0.00033	0.00026	0.00033	0.00023	0.00034	0.00017	0.00013	0.00014	4.4e-05	0.04279	0.00011	5.8e-05	0.00015
2	0.01404	0.00013	0.00016	0.00017	0.00019	0.00012	0.00012	0.00022	0.01631	0.01818	0.18675	0.35918	0.28758	0.04424	0.01423	5.3e-05	7.9e-05	0.04466	0.01347	0.00011
3	0.00027	0.00026	0.00043	0.67405	0.32179	0.00029	0.00037	0.00035	0.00027	0.00036	0.00023	0.00034	0.00018	0.00012	0.00013	4.2e-05	0.00017	0.00012	6e-05	0.00016
4	0.00018	0.00013	0.00015	0.00016	0.00019	0.00012	0.00011	0.00022	0.01288	0.01297	0.20538	0.14710	0.35741	0.14396	0.01311	0.01267	8.4e-05	0.06912	0.02394	0.00011
5	0.91012	0.00025	0.00020	0.00018	0.00026	0.00029	0.00015	0.04322	0.00024	0.04384	0.00020	0.00022	0.00015	0.00012	8.4e-05	4e-05	0.00010	7.5e-05	8.6e-05	0.00015
6	0.00017	0.00014	0.00015	0.00014	0.00019	0.00012	0.00011	0.00022	0.03521	0.00039	0.22010	0.03550	0.70650	0.00031	0.00015	4.3e-05	6.6e-05	0.00026	0.00013	0.00012
7	0.77233	0.05688	0.01340	0.01995	0.01607	0.01563	0.01672	0.05883	0.01287	0.01607	0.00020	0.00023	0.00016	0.00012	8.9e-05	3.9e-05	0.00011	7.8e-05	8.2e-05	0.00015

[dist]
# distance from previous block
# <min> <max>
5	19

[block]
# block no. 5 follows, 2676 sequences, length 12
# corresponding to MSA columns:
# 953,955-963,969,970
name=unknown_F
#
# <colnr> <probs for GDERKNQSTAVLIFYWHMCP>
#	G	D	E	R	K	N	Q	S	T	A	V	L	I	F	Y	W	H	M	C	P
0	0.00515	0.00846	0.01459	0.00722	0.01816	0.00597	0.00953	0.06051	0.07956	0.19105	0.30998	0.00886	0.16444	0.00525	0.00532	4.3e-05	0.07246	0.00784	0.00013	0.02548
1	0.17250	0.28820	0.01907	0.01149	0.02060	0.17828	0.04308	0.12856	0.01013	0.04566	0.00654	0.00027	0.00651	0.00014	0.00617	3.7e-05	0.04282	9.2e-05	7.9e-05	0.01977
2	0.00022	0.00017	0.00024	0.00022	0.00023	0.00021	0.00017	0.00023	0.00020	0.00028	0.00030	0.00050	0.00030	0.19481	0.40130	0.15073	0.24959	0.00014	6.6e-05	0.00011
3	0.00019	0.00013	0.00018	0.00017	0.00020	0.00012	0.00012	0.00025	0.00036	0.02836	0.93801	0.02969	0.00119	0.00027	0.00015	4.1e-05	6.3e-05	0.00024	0.00014	0.00012
4	0.00016	0.00012	0.00015	0.00018	0.00019	0.00011	0.00012	0.00019	0.02156	0.00034	0.00072	0.92406	0.02679	0.00040	0.00016	5.2e-05	7.6e-05	0.02437	0.00012	0.00011
5	0.50599	0.01101	0.02669	0.01216	0.04957	0.04138	0.02427	0.20192	0.03599	0.06175	0.00025	0.00028	0.00019	0.00014	0.00011	4e-05	0.01986	0.00815	9.4e-05	0.00017
6	0.05542	0.09062	0.03081	0.13386	0.24662	0.10259	0.02893	0.01596	0.03570	0.02472	0.01395	0.00624	0.00522	0.00013	0.00511	3.7e-05	0.03835	0.00011	0.00982	0.15581
7	0.00792	0.00015	0.00018	0.00016	0.00019	0.00014	0.00011	0.00024	0.00022	0.05658	0.02016	0.01930	0.01107	0.58226	0.06107	0.03146	0.00013	0.03779	0.00935	0.16150
8	0.03286	0.05609	0.02015	0.08300	0.01314	0.06417	0.01885	0.26063	0.09848	0.13324	0.00605	0.01104	0.00509	0.00640	0.01819	4e-05	0.01779	0.00534	0.00010	0.14936
9	0.03341	0.04870	0.05497	0.05786	0.38779	0.01581	0.04119	0.06006	0.03887	0.08535	0.01754	0.01148	0.00909	0.00482	0.00488	3.8e-05	0.00510	0.00747	0.00800	0.10758
10	0.01597	0.15665	0.32301	0.00839	0.02318	0.01696	0.02526	0.13630	0.06575	0.15907	0.01988	0.00628	0.00865	0.00015	0.00524	3.9e-05	0.00707	0.00484	0.00493	0.01237
11	0.00769	0.23810	0.60513	0.00845	0.00741	0.01050	0.05794	0.00976	0.01153	0.01049	0.00698	0.00683	0.00018	0.00013	0.00012	3.8e-05	0.01838	9.7e-05	6e-05	0.00018

[dist]
# distance from previous block
# <min> <max>
0	1

[block]
# block no. 6 follows, 2676 sequences, length 6
# corresponding to MSA columns:
# 972-975,977,979
name=unknown_G
#
# <colnr> <probs for GDERKNQSTAVLIFYWHMCP>
#	G	D	E	R	K	N	Q	S	T	A	V	L	I	F	Y	W	H	M	C	P
0	0.01243	0.01674	0.06083	0.19411	0.08979	0.03548	0.19385	0.02663	0.03131	0.03500	0.02565	0.06521	0.05016	0.01967	0.03864	0.01780	0.01852	0.05880	0.00922	0.00015
1	0.02203	0.07344	0.20255	0.02146	0.12701	0.01941	0.06533	0.03351	0.03780	0.10403	0.02836	0.01732	0.07240	0.00916	0.01099	4e-05	0.00943	0.01380	0.00978	0.12217
2	0.02477	0.06298	0.08994	0.01723	0.07927	0.01751	0.04470	0.02326	0.07039	0.07579	0.05994	0.18505	0.07245	0.02089	0.01072	0.08062	0.01351	0.01695	0.01103	0.02301
3	0.01142	0.00014	0.01173	0.01180	0.01145	0.00013	0.00014	0.01151	0.01559	0.01742	0.10935	0.29949	0.31414	0.02780	0.01532	0.01340	8.7e-05	0.11771	0.01126	0.00012
4	0.02618	0.24754	0.17213	0.02442	0.03248	0.07124	0.05273	0.03949	0.02524	0.05710	0.01350	0.06892	0.01536	0.01283	0.01343	4e-05	0.01608	0.01520	0.00936	0.08673
5	0.01961	0.13566	0.18263	0.05667	0.11193	0.04413	0.06693	0.03024	0.03533	0.10478	0.01499	0.04362	0.01785	0.01292	0.01027	4.1e-05	0.02670	0.01035	8.2e-05	0.07525

[dist]
# distance from previous block
# <min> <max>
3	4

[block]
# block no. 7 follows, 2676 sequences, length 6
# corresponding to MSA columns:
# 986-989,991,992
name=unknown_H
#
# <colnr> <probs for GDERKNQSTAVLIFYWHMCP>
#	G	D	E	R	K	N	Q	S	T	A	V	L	I	F	Y	W	H	M	C	P
0	0.03268	0.04311	0.12537	0.10407	0.14903	0.03583	0.05577	0.02963	0.05496	0.10630	0.02354	0.03901	0.02091	0.02522	0.02427	4.8e-05	0.09527	0.01591	0.00961	0.00945
1	0.04221	0.00022	0.00026	0.00022	0.01800	0.01452	0.00018	0.16543	0.03272	0.37784	0.12720	0.04206	0.08718	0.01961	0.00014	4.2e-05	0.00010	0.01942	0.05245	0.00018
2	0.03115	0.03218	0.03226	0.01669	0.01132	0.01272	0.01271	0.07731	0.03142	0.24210	0.12623	0.19819	0.07028	0.01285	0.01200	0.00845	0.00925	0.01815	0.03283	0.01192
3	0.03874	0.27080	0.14956	0.08846	0.10602	0.04496	0.04274	0.03817	0.01632	0.08836	0.01265	0.01785	0.00978	0.00015	0.01031	3.9e-05	0.01985	0.00961	0.01382	0.02182
4	0.04601	0.01009	0.02215	0.01415	0.01559	0.03597	0.01237	0.03292	0.02910	0.40595	0.08762	0.02844	0.06695	0.04440	0.01086	4.6e-05	0.02685	0.01768	0.08238	0.01047
5	0.00026	0.00016	0.00020	0.00018	0.00023	0.00015	0.00014	0.02329	0.07188	0.16316	0.20314	0.18150	0.20753	0.01983	0.01486	0.02020	0.01405	0.03849	0.04061	0.00014

[dist]
# distance from previous block
# <min> <max>
7	12

[block]
# block no. 8 follows, 2676 sequences, length 9
# corresponding to MSA columns:
# 1017,1019,1020,1023-1028
name=unknown_I
#
# <colnr> <probs for GDERKNQSTAVLIFYWHMCP>
#	G	D	E	R	K	N	Q	S	T	A	V	L	I	F	Y	W	H	M	C	P
0	0.01593	0.10378	0.03788	0.01544	0.01395	0.01020	0.01197	0.02789	0.02206	0.04072	0.08043	0.14669	0.15069	0.15623	0.00988	0.05698	0.00589	0.06573	0.00721	0.02043
1	0.03393	0.16920	0.23999	0.00981	0.02064	0.07536	0.05974	0.07633	0.05309	0.10303	0.03324	0.03300	0.02083	0.00016	0.00697	3.9e-05	0.00723	0.00988	0.01579	0.03175
2	0.02232	0.02839	0.07026	0.14901	0.25504	0.03856	0.08885	0.03605	0.03605	0.09400	0.01201	0.05645	0.01686	0.00917	0.02646	0.00577	0.01643	0.01701	0.00770	0.01361
3	0.01405	0.00020	0.00024	0.00021	0.00027	0.00019	0.00016	0.02758	0.12844	0.44236	0.06583	0.05304	0.02894	0.18955	0.02662	6.2e-05	0.00011	0.01111	0.01088	0.00017
4	0.01306	0.00020	0.00945	0.00887	0.00819	0.02039	0.11654	0.01464	0.06088	0.02107	0.01718	0.03494	0.02093	0.00029	0.00016	5.3e-05	0.00013	0.63648	0.00786	0.00867
5	0.01542	0.01148	0.01858	0.04032	0.02274	0.58047	0.08707	0.06947	0.06217	0.02636	0.00027	0.01527	0.00777	0.00015	0.00013	3.7e-05	0.01136	0.02321	0.00755	0.00016
6	0.00796	0.01935	0.08178	0.21266	0.22731	0.04016	0.10692	0.01304	0.05526	0.05182	0.01035	0.05118	0.01219	0.02537	0.02277	0.01006	0.02890	0.00781	0.01493	0.00017
7	0.00019	0.00014	0.00018	0.00018	0.00020	0.00813	0.00816	0.00961	0.02467	0.01338	0.14878	0.22997	0.11928	0.20409	0.18478	0.00829	0.01036	0.01135	0.01815	0.00011
8	0.00915	0.00045	0.02055	0.01085	0.00037	0.52073	0.00025	0.04283	0.01866	0.08078	0.01061	0.01448	0.00022	0.00916	0.00020	4.2e-05	0.23336	0.01834	0.00879	0.00016

[dist]
# distance from previous block
# <min> <max>
0	529

# created by:
# /home/cegg/simao/soft/augustus-3.2.1/scripts/msa2prfl.pl ./align_prep/POG091H02CU.fa
