[name]
unknown

[dist]
# distance from previous block
# <min> <max>
0	191

[block]
# block no. 0 follows, 2296 sequences, length 7
# corresponding to MSA columns:
# 241,242,244-246,248,249
name=unknown_A
#
# <colnr> <probs for GDERKNQSTAVLIFYWHMCP>
#	G	D	E	R	K	N	Q	S	T	A	V	L	I	F	Y	W	H	M	C	P
0	0.01290	0.02044	0.03180	0.09856	0.10435	0.03059	0.05220	0.05466	0.07614	0.06547	0.02117	0.08693	0.03351	0.01675	0.03732	0.00864	0.01280	0.08381	0.01853	0.13344
1	0.00792	0.00020	0.00783	0.08212	0.01590	0.00792	0.00819	0.03000	0.04864	0.01696	0.13762	0.08038	0.21522	0.09458	0.15989	0.04946	0.00820	0.00985	0.01095	0.00818
2	0.01261	0.00020	0.00026	0.04845	0.00032	0.00018	0.00018	0.00043	0.01146	0.31540	0.36322	0.08536	0.06875	0.01726	0.01591	0.01456	0.01581	0.01126	0.01819	0.00018
3	0.05191	0.13399	0.13915	0.21578	0.07115	0.03408	0.11396	0.05384	0.00985	0.04130	0.00883	0.01091	0.00814	0.00985	0.00865	4.8e-05	0.03053	0.00978	0.01276	0.03549
4	0.00024	0.00017	0.00021	0.00019	0.00024	0.00016	0.00015	0.04285	0.02149	0.02098	0.68710	0.05569	0.14703	0.00031	0.00017	4.8e-05	7.9e-05	0.00027	0.02246	0.00015
5	0.01064	0.00019	0.00025	0.00022	0.00028	0.00018	0.01138	0.01185	0.01059	0.31733	0.07320	0.23066	0.19765	0.05359	0.01284	0.01837	0.01911	0.01388	0.01763	0.00017
6	0.00023	0.00017	0.00021	0.00021	0.00024	0.00016	0.00015	0.00029	0.05173	0.02250	0.37695	0.31647	0.10724	0.03269	0.00021	5.6e-05	0.04271	0.02400	0.00015	0.02362

[dist]
# distance from previous block
# <min> <max>
5	58

[block]
# block no. 1 follows, 2296 sequences, length 6
# corresponding to MSA columns:
# 320-325
name=unknown_B
#
# <colnr> <probs for GDERKNQSTAVLIFYWHMCP>
#	G	D	E	R	K	N	Q	S	T	A	V	L	I	F	Y	W	H	M	C	P
0	0.00022	0.00016	0.00022	0.00020	0.00023	0.00016	0.04058	0.00025	0.00025	0.00034	0.00054	0.07439	0.06764	0.52330	0.21562	0.02117	0.00019	0.00022	0.02534	0.02898
1	0.00037	0.32627	0.02339	0.02232	0.01180	0.00043	0.01666	0.08526	0.25542	0.01316	0.05800	0.01191	0.03325	0.01752	0.01219	4.9e-05	0.09974	0.00015	0.01193	0.00020
2	0.00022	0.00016	0.00023	0.00023	0.00025	0.00018	0.00018	0.00026	0.00024	0.00034	0.00043	0.06780	0.00043	0.07899	0.80751	0.04181	0.00035	0.00018	8.5e-05	0.00013
3	0.03250	0.00928	0.02640	0.15831	0.05849	0.01308	0.05289	0.13638	0.09393	0.15110	0.01928	0.14574	0.02611	0.01018	0.01065	0.00967	0.02400	0.01156	0.01025	0.00020
4	0.07198	0.01076	0.00929	0.00920	0.00027	0.02451	0.00915	0.02065	0.01185	0.05977	0.25847	0.07194	0.23231	0.01054	0.08751	0.02063	0.01925	0.01164	0.02711	0.03315
5	0.08637	0.02942	0.01889	0.06121	0.01617	0.02017	0.01633	0.07577	0.03709	0.06158	0.01188	0.01647	0.01229	0.00015	0.00013	3.5e-05	0.01867	0.01028	0.01026	0.49683

[dist]
# distance from previous block
# <min> <max>
4	35

[block]
# block no. 2 follows, 2296 sequences, length 9
# corresponding to MSA columns:
# 368-375,378
name=unknown_C
#
# <colnr> <probs for GDERKNQSTAVLIFYWHMCP>
#	G	D	E	R	K	N	Q	S	T	A	V	L	I	F	Y	W	H	M	C	P
0	0.00722	0.00640	0.02105	0.02986	0.03861	0.00643	0.01576	0.01649	0.02196	0.09950	0.19297	0.05190	0.16612	0.01432	0.00645	4.4e-05	0.00720	0.01255	0.00638	0.27879
1	0.89705	0.00029	0.00023	0.01675	0.00030	0.01623	0.00017	0.00044	0.00026	0.01733	0.00023	0.00028	0.00018	0.01655	0.01721	5.1e-05	0.00013	8.8e-05	0.01607	0.00016
2	0.03645	0.07740	0.00776	0.04121	0.03268	0.00689	0.05994	0.15550	0.03246	0.10305	0.07417	0.01709	0.01672	0.00978	0.00954	0.01664	0.04851	0.18893	0.06509	0.00019
3	0.00659	0.00025	0.01221	0.61354	0.02591	0.00028	0.01359	0.01151	0.01349	0.02116	0.06149	0.06713	0.05886	0.03285	0.01076	0.00795	0.00882	0.00751	0.01008	0.01603
4	0.01416	0.00016	0.00020	0.00019	0.00023	0.00015	0.00014	0.00029	0.00041	0.03517	0.79290	0.07040	0.04009	0.01419	0.00018	5e-05	7.7e-05	0.01440	0.01646	0.00014
5	0.01775	0.00973	0.08705	0.11385	0.06884	0.00844	0.04107	0.05215	0.03609	0.06066	0.11594	0.16881	0.09435	0.01239	0.01127	0.03965	0.03586	0.01109	0.01483	0.00017
6	0.01642	0.00016	0.00020	0.00019	0.00023	0.00015	0.00014	0.00030	0.00041	0.04340	0.81462	0.02096	0.06728	0.01754	0.00018	4.9e-05	7.6e-05	0.00027	0.01728	0.00015
7	0.00847	0.00869	0.02288	0.01186	0.00976	0.02825	0.02121	0.03531	0.01235	0.00892	0.00739	0.00890	0.00025	0.00687	0.00781	3e-05	0.00852	0.00890	9.2e-05	0.78354
8	0.00021	0.00014	0.00017	0.00018	0.00018	0.00014	0.00011	0.00022	0.00024	0.00032	0.02998	0.19637	0.01944	0.70595	0.00061	0.02584	0.00013	0.01955	0.00010	0.0001

[dist]
# distance from previous block
# <min> <max>
5	8

[block]
# block no. 3 follows, 2296 sequences, length 6
# corresponding to MSA columns:
# 404-409
name=unknown_D
#
# <colnr> <probs for GDERKNQSTAVLIFYWHMCP>
#	G	D	E	R	K	N	Q	S	T	A	V	L	I	F	Y	W	H	M	C	P
0	0.03503	0.01327	0.05776	0.01617	0.01776	0.00977	0.07602	0.04560	0.18365	0.04738	0.11334	0.08090	0.16354	0.01041	0.00915	0.00889	0.05451	0.02012	0.01233	0.02443
1	0.69682	0.00028	0.00026	0.04563	0.00034	0.00031	0.00019	0.03074	0.00031	0.16735	0.00033	0.00034	0.02815	0.00016	0.00011	4.7e-05	0.00012	0.00011	0.02824	0.00018
2	0.04570	0.00016	0.00018	0.00018	0.00022	0.00015	0.00013	0.00026	0.01689	0.01695	0.13520	0.10485	0.34523	0.16804	0.09549	0.02217	0.00013	0.02734	0.02058	0.00013
3	0.00025	0.00016	0.00021	0.00020	0.00024	0.00015	0.00015	0.00032	0.02030	0.07747	0.60167	0.08070	0.10809	0.01936	0.01938	5.4e-05	8.7e-05	0.01879	0.05228	0.00015
4	0.01114	0.01294	0.00962	0.01233	0.02690	0.01164	0.01014	0.01925	0.06302	0.04883	0.25004	0.11368	0.16776	0.02889	0.02402	0.12516	0.01285	0.03321	0.01845	0.00015
5	0.17660	0.14735	0.13478	0.07023	0.04209	0.05144	0.02729	0.08160	0.02560	0.10480	0.01170	0.05651	0.00030	0.00974	0.01005	4.8e-05	0.01412	0.00942	0.00979	0.01654

[dist]
# distance from previous block
# <min> <max>
7	33

[block]
# block no. 4 follows, 2296 sequences, length 6
# corresponding to MSA columns:
# 456-459,461,462
name=unknown_E
#
# <colnr> <probs for GDERKNQSTAVLIFYWHMCP>
#	G	D	E	R	K	N	Q	S	T	A	V	L	I	F	Y	W	H	M	C	P
0	0.00022	0.00017	0.01140	0.01147	0.00026	0.00016	0.01237	0.01149	0.04059	0.03144	0.08005	0.51637	0.16103	0.01603	0.04653	0.01182	0.00011	0.01811	0.01144	0.01894
1	0.00035	0.00033	0.00055	0.21418	0.64230	0.00034	0.02186	0.02155	0.00034	0.02187	0.02124	0.03066	0.00028	0.00016	0.00016	4.7e-05	0.02335	0.00015	8.1e-05	0.00022
2	0.02201	0.08493	0.16725	0.01512	0.02609	0.02122	0.01738	0.10699	0.03354	0.10937	0.01055	0.01197	0.00868	0.01547	0.04973	0.00848	0.01062	0.00980	0.01030	0.26050
3	0.00024	0.00016	0.00019	0.00018	0.00023	0.00015	0.00014	0.00030	0.02029	0.09306	0.21042	0.10154	0.49657	0.01887	0.01879	5.6e-05	9.1e-05	0.01952	0.01906	0.00014
4	0.02998	0.03481	0.14086	0.03382	0.06762	0.01991	0.09486	0.06513	0.03901	0.06499	0.04085	0.17358	0.09812	0.01238	0.02482	0.00933	0.02863	0.01027	0.01084	0.00018
5	0.05158	0.07297	0.23599	0.09621	0.06138	0.01852	0.04563	0.07211	0.04267	0.14446	0.03214	0.01358	0.00924	0.01015	0.01412	5.1e-05	0.04407	0.01103	0.01281	0.01129

[dist]
# distance from previous block
# <min> <max>
11	15

[block]
# block no. 5 follows, 2296 sequences, length 24
# corresponding to MSA columns:
# 485-495,520-522,524-533
name=unknown_F
#
# <colnr> <probs for GDERKNQSTAVLIFYWHMCP>
#	G	D	E	R	K	N	Q	S	T	A	V	L	I	F	Y	W	H	M	C	P
0	0.00765	0.08759	0.14631	0.15092	0.13140	0.02108	0.10916	0.05484	0.05038	0.15850	0.00415	0.02283	0.00377	0.00263	0.00016	0.02433	0.00825	0.00445	0.00247	0.00914
1	0.00021	0.00015	0.00337	0.00021	0.00023	0.00389	0.00014	0.01045	0.03668	0.00872	0.01576	0.66547	0.03750	0.16312	0.00429	0.00664	0.00955	0.02558	0.00791	0.00013
2	0.05745	0.00021	0.00026	0.00023	0.00029	0.00021	0.00018	0.09663	0.02388	0.28293	0.09131	0.22281	0.08505	0.02065	0.01191	0.06280	0.00011	0.00953	0.03336	0.00018
3	0.02672	0.12391	0.15328	0.11669	0.07614	0.04098	0.08764	0.03553	0.03445	0.06122	0.00966	0.08956	0.01803	0.02512	0.02278	0.00825	0.04569	0.00686	0.01412	0.00337
4	0.00027	0.01294	0.03579	0.04457	0.02952	0.00510	0.02861	0.00875	0.00769	0.00995	0.00551	0.00467	0.00314	0.11707	0.03449	0.64449	0.00437	0.00290	7.3e-05	9.8e-05
5	0.01148	0.00019	0.00024	0.00024	0.00029	0.00018	0.00019	0.02879	0.04392	0.19232	0.11900	0.21184	0.11348	0.00511	0.00914	5.8e-05	0.00011	0.24332	0.01994	0.00016
6	0.02346	0.00031	0.00695	0.08676	0.08498	0.00977	0.00430	0.21787	0.03156	0.48673	0.01094	0.00950	0.00816	0.00018	0.00015	0.00359	0.00561	0.00362	0.00531	0.00024
7	0.03334	0.18330	0.17367	0.12802	0.08525	0.06964	0.10214	0.07982	0.01728	0.04780	0.00476	0.00466	0.00523	0.00272	0.00586	0.00412	0.04698	0.00278	0.00244	0.00020
8	0.00027	0.00763	0.04357	0.07181	0.04669	0.03285	0.02565	0.02336	0.07146	0.00365	0.00581	0.00511	0.00792	0.03156	0.55859	0.02190	0.03784	0.00407	8.6e-05	0.00016
9	0.00355	0.00021	0.00027	0.00026	0.00030	0.00696	0.00020	0.01567	0.22611	0.00503	0.04322	0.01376	0.01907	0.01562	0.60782	0.00943	0.01998	0.00017	0.00525	0.00713
10	0.04922	0.00021	0.00304	0.01003	0.00680	0.00370	0.10602	0.00489	0.00030	0.03543	0.06184	0.29449	0.04175	0.11708	0.03847	7.5e-05	0.12393	0.07367	0.02891	0.00015
11	0.03406	0.01561	0.00341	0.03516	0.00035	0.00453	0.00553	0.18205	0.10683	0.12987	0.01522	0.00551	0.01995	0.02719	0.06502	6.1e-05	0.08125	0.00420	0.26150	0.00269
12	0.02695	0.01637	0.00734	0.00569	0.04135	0.03044	0.00459	0.12708	0.12509	0.04983	0.00734	0.00829	0.01135	0.06927	0.09270	6.3e-05	0.00527	0.00640	0.00451	0.36009
13	0.00025	0.00021	0.01599	0.09991	0.09022	0.00020	0.02151	0.00365	0.01562	0.01838	0.02494	0.32946	0.08900	0.03807	0.06619	0.02602	0.00519	0.06448	0.00011	0.09058
14	0.47843	0.01092	0.00454	0.00369	0.00029	0.02562	0.00531	0.03888	0.01218	0.06415	0.02759	0.01678	0.25104	0.01267	0.01168	0.00264	0.00265	0.01105	0.00267	0.01724
15	0.00358	0.16338	0.29461	0.00605	0.02134	0.01335	0.10057	0.14553	0.07831	0.05787	0.00444	0.04164	0.00527	0.00438	0.00346	0.01263	0.00514	0.03813	9.9e-05	0.00021
16	0.00804	0.00020	0.00025	0.00022	0.00028	0.00019	0.00017	0.02474	0.05672	0.24938	0.37590	0.02484	0.08790	0.01034	0.00017	4.9e-05	9.7e-05	0.05472	0.09111	0.01471
17	0.00024	0.00015	0.00020	0.00021	0.00024	0.00014	0.00758	0.00027	0.00697	0.08178	0.05742	0.54462	0.11839	0.05327	0.06363	0.00694	0.00012	0.05755	0.00014	0.00014
18	0.00934	0.00980	0.05049	0.23978	0.17046	0.03595	0.15975	0.04814	0.01584	0.08076	0.00830	0.03912	0.00627	0.06578	0.00645	5.7e-05	0.03560	0.00737	0.00353	0.00720
19	0.02273	0.00294	0.00301	0.00285	0.00035	0.02741	0.02691	0.06319	0.17082	0.19922	0.07644	0.15941	0.01306	0.00567	0.00444	0.01587	0.04616	0.09471	0.02244	0.04239
20	0.01771	0.00021	0.00027	0.00024	0.00031	0.00456	0.00020	0.01674	0.01530	0.38142	0.11841	0.03204	0.06899	0.06047	0.00021	0.00409	0.00012	0.26046	0.01806	0.00018
21	0.00021	0.00015	0.00019	0.00021	0.00023	0.00014	0.00015	0.00989	0.03641	0.01146	0.03757	0.69935	0.09588	0.02587	0.01337	0.00974	9.7e-05	0.05882	0.00014	0.00013
22	0.00857	0.00027	0.00033	0.09132	0.00675	0.00373	0.00482	0.01886	0.00032	0.01828	0.00954	0.00397	0.00828	0.00455	0.00440	2.8e-05	0.00012	0.00010	0.00502	0.81073
23	0.09052	0.00654	0.00841	0.01256	0.04367	0.04804	0.02175	0.17003	0.07071	0.15226	0.13695	0.02302	0.04005	0.00526	0.00476	0.01044	0.00497	0.01308	0.00013	0.13685

[dist]
# distance from previous block
# <min> <max>
21	235

[block]
# block no. 6 follows, 2296 sequences, length 7
# corresponding to MSA columns:
# 1131-1133,1141,1146-1148
name=unknown_G
#
# <colnr> <probs for GDERKNQSTAVLIFYWHMCP>
#	G	D	E	R	K	N	Q	S	T	A	V	L	I	F	Y	W	H	M	C	P
0	0.00022	0.00016	0.00024	0.01350	0.00028	0.00016	0.06518	0.00026	0.00030	0.02079	0.01381	0.74061	0.00085	0.04530	0.01507	6.5e-05	0.01323	0.01482	0.01335	0.04182
1	0.01039	0.01493	0.02844	0.01007	0.01121	0.34665	0.01171	0.14232	0.27714	0.07666	0.01046	0.01252	0.00033	0.01223	0.00016	4.7e-05	0.02004	0.01438	0.00012	0.00021
2	0.04938	0.10491	0.17353	0.02262	0.04394	0.01607	0.05674	0.14947	0.04661	0.07059	0.01453	0.01261	0.01395	0.00809	0.00824	4.4e-05	0.01398	0.00887	0.00855	0.17727
3	0.02402	0.11620	0.38412	0.06159	0.01716	0.01482	0.05910	0.03007	0.01091	0.15968	0.00960	0.01253	0.01065	0.01411	0.01415	0.00765	0.01894	0.00908	9.4e-05	0.02553
4	0.00034	0.00039	0.00081	0.00059	0.00073	0.00036	0.87968	0.00048	0.04887	0.00048	0.00040	0.00048	0.06530	0.00015	0.00018	5.1e-05	0.00024	0.00019	8.4e-05	0.00020
5	0.01572	0.01077	0.07654	0.18205	0.10195	0.01987	0.21599	0.04121	0.04555	0.17276	0.01064	0.03766	0.01441	0.00872	0.01024	5.2e-05	0.01514	0.01176	0.00876	0.00021
6	0.01508	0.04329	0.10876	0.05169	0.10099	0.04045	0.09932	0.02454	0.09737	0.16003	0.04194	0.05205	0.03065	0.01128	0.01246	5.1e-05	0.02992	0.01056	0.06938	0.00020

[dist]
# distance from previous block
# <min> <max>
9	67

[block]
# block no. 7 follows, 2296 sequences, length 24
# corresponding to MSA columns:
# 1340-1346,1350-1360,1367-1370,1373,1374
name=unknown_H
#
# <colnr> <probs for GDERKNQSTAVLIFYWHMCP>
#	G	D	E	R	K	N	Q	S	T	A	V	L	I	F	Y	W	H	M	C	P
0	0.01848	0.00025	0.01450	0.01218	0.01736	0.01689	0.01191	0.02184	0.18643	0.11196	0.28508	0.01084	0.01893	0.02230	0.00017	4.6e-05	0.00373	0.03068	0.04103	0.17538
1	0.00317	0.00293	0.00023	0.00285	0.00344	0.00682	0.00015	0.02504	0.06959	0.05377	0.13210	0.01853	0.02231	0.29943	0.12596	0.06461	0.04062	0.00441	0.12392	0.00014
2	0.00019	0.00013	0.00018	0.00021	0.00022	0.00013	0.00014	0.00022	0.00029	0.00695	0.01616	0.89123	0.00873	0.00716	0.05879	7.2e-05	0.00011	0.00882	0.00014	0.00012
3	0.00019	0.00013	0.00017	0.00020	0.00022	0.00012	0.00014	0.00022	0.00030	0.00040	0.04343	0.82865	0.09858	0.00957	0.00020	6e-05	8.7e-05	0.01003	0.00719	0.00012
4	0.00034	0.12342	0.11144	0.01138	0.04048	0.00763	0.03372	0.00693	0.00028	0.04975	0.00349	0.00393	0.00025	0.02875	0.14127	0.00394	0.42961	0.00315	7.6e-05	0.00018
5	0.92353	0.00030	0.00025	0.00025	0.07239	0.00034	0.00018	0.00044	0.00026	0.00066	0.00022	0.00025	0.00017	0.00014	9.7e-05	4.6e-05	0.00012	8.5e-05	9.2e-05	0.00017
6	0.00025	0.00020	0.00022	0.00021	0.00714	0.07228	0.00015	0.00722	0.01327	0.02327	0.66310	0.02305	0.17416	0.00030	0.00017	4.7e-05	9.1e-05	0.00026	0.00015	0.01443
7	0.00036	0.00031	0.00033	0.00029	0.00038	0.00035	0.00023	0.00075	0.88434	0.01703	0.00068	0.00063	0.07998	0.00022	0.00015	5.1e-05	0.00012	0.00018	0.00015	0.01348
8	0.79778	0.00031	0.00026	0.00023	0.00032	0.00036	0.00019	0.16830	0.00034	0.03040	0.00025	0.00027	0.00019	0.00015	0.00010	4.6e-05	0.00013	9.3e-05	0.00011	0.00018
9	0.00795	0.00039	0.00042	0.00033	0.00044	0.00043	0.00027	0.86494	0.01695	0.01403	0.00040	0.07253	0.00032	0.00020	0.00015	4.6e-05	0.00016	0.00016	0.01964	0.00024
10	0.99577	0.00029	0.00022	0.00020	0.00029	0.00034	0.00016	0.00044	0.00026	0.00068	0.00021	0.00024	0.00016	0.00014	9.3e-05	4.7e-05	0.00012	8.2e-05	9.3e-05	0.00016
11	0.00037	0.00039	0.07270	0.00089	0.92169	0.00036	0.00047	0.00046	0.00034	0.00049	0.00028	0.00037	0.00024	0.00013	0.00015	4.5e-05	0.00018	0.00013	7.4e-05	0.00024
12	0.00036	0.00031	0.00033	0.00030	0.00038	0.00036	0.00023	0.01775	0.90442	0.00062	0.00068	0.00062	0.07254	0.00022	0.00016	5.1e-05	0.00012	0.00018	0.00015	0.00023
13	0.00469	0.00073	0.88531	0.00968	0.00064	0.00035	0.03296	0.00714	0.00503	0.01651	0.00029	0.01903	0.00487	0.00015	0.00015	4.8e-05	0.01202	0.00012	6.9e-05	0.00022
14	0.00497	0.00016	0.00019	0.00018	0.00022	0.00014	0.00014	0.00027	0.00962	0.00583	0.65449	0.03673	0.27086	0.00574	0.00018	4.9e-05	7.5e-05	0.00511	0.00491	0.00014
15	0.00022	0.00016	0.00023	0.00023	0.00026	0.00018	0.00018	0.00026	0.00024	0.00034	0.00041	0.00063	0.00040	0.10975	0.88551	0.00023	0.00038	0.00017	8.2e-05	0.00013
16	0.00020	0.00015	0.00019	0.00558	0.00455	0.00014	0.00445	0.01568	0.00031	0.00760	0.02891	0.54395	0.20742	0.08390	0.00430	6.6e-05	9.8e-05	0.08518	0.00719	0.00013
17	0.00418	0.02204	0.17257	0.13341	0.07676	0.03726	0.25665	0.05423	0.01001	0.01680	0.00028	0.00037	0.00022	0.00017	0.00367	0.00334	0.20455	0.00014	0.00318	0.00020
18	0.00430	0.00020	0.00025	0.00301	0.01067	0.00283	0.00559	0.03659	0.03618	0.27252	0.09320	0.39616	0.05890	0.00633	0.00916	0.00843	0.00011	0.03173	0.01941	0.00444
19	0.00025	0.00017	0.00019	0.00018	0.00024	0.00015	0.00014	0.00566	0.01168	0.11489	0.11394	0.07926	0.60651	0.00648	0.00018	5.2e-05	8.7e-05	0.05051	0.00930	0.00015
20	0.01630	0.05818	0.40619	0.04428	0.04621	0.00573	0.09091	0.02937	0.01668	0.22981	0.00484	0.01932	0.00329	0.00272	0.00599	0.00309	0.01416	0.00014	0.00010	0.00269
21	0.01009	0.04772	0.18973	0.16956	0.12464	0.04691	0.09668	0.02844	0.02280	0.11828	0.00462	0.00794	0.00473	0.00554	0.02100	0.00273	0.05906	0.00249	9e-05	0.03694
22	0.00278	0.00022	0.00347	0.00782	0.01099	0.00410	0.01246	0.00605	0.18252	0.20594	0.32305	0.03819	0.06326	0.01227	0.02755	5.6e-05	0.00567	0.04109	0.04987	0.00264
23	0.00019	0.00014	0.00019	0.01973	0.00024	0.00384	0.00383	0.00410	0.00481	0.00574	0.05146	0.73308	0.14417	0.00909	0.00399	6e-05	9.2e-05	0.01496	0.00014	0.00013

[dist]
# distance from previous block
# <min> <max>
4	23

[block]
# block no. 8 follows, 2296 sequences, length 21
# corresponding to MSA columns:
# 1500,1502,1504-1515,1519,1525-1530
name=unknown_I
#
# <colnr> <probs for GDERKNQSTAVLIFYWHMCP>
#	G	D	E	R	K	N	Q	S	T	A	V	L	I	F	Y	W	H	M	C	P
0	0.03772	0.03203	0.04665	0.00708	0.02726	0.03074	0.62445	0.06476	0.10096	0.00867	0.00034	0.00041	0.00641	0.00014	0.00016	4.9e-05	0.00393	0.00016	0.00375	0.00434
1	0.01141	0.00021	0.00028	0.00023	0.00031	0.00020	0.00018	0.03696	0.03333	0.42861	0.40684	0.00082	0.05976	0.00995	0.00017	4.8e-05	0.00010	0.00021	0.01019	0.00020
2	0.00019	0.00014	0.00017	0.00020	0.00022	0.00013	0.00014	0.00022	0.00031	0.01072	0.02272	0.66436	0.26338	0.00044	0.00019	5.8e-05	8.6e-05	0.02573	0.01049	0.00013
3	0.00022	0.00016	0.00020	0.00020	0.00023	0.00015	0.00015	0.00027	0.00907	0.01506	0.40535	0.10177	0.17256	0.06092	0.12526	8.2e-05	0.00013	0.10197	0.00611	0.00014
4	0.00019	0.00014	0.00890	0.00021	0.00023	0.00013	0.00015	0.00022	0.00915	0.00039	0.00922	0.89536	0.02026	0.00046	0.00019	6.1e-05	9.1e-05	0.05437	0.00014	0.00013
5	0.00021	0.00015	0.00019	0.00019	0.00023	0.00014	0.00014	0.00027	0.00038	0.01678	0.60517	0.25215	0.08804	0.01424	0.00019	5.3e-05	7.9e-05	0.02111	0.00016	0.00014
6	0.00032	0.00027	0.00032	0.00023	0.00036	0.00021	0.00018	0.02451	0.00032	0.00050	0.00027	0.00031	0.00022	0.00011	0.00011	2.3e-05	0.00011	9e-05	9.1e-05	0.97143
7	0.00030	0.00078	0.99392	0.00043	0.00065	0.00035	0.00056	0.00048	0.00032	0.00048	0.00027	0.00032	0.00019	0.00014	0.00014	4.8e-05	0.00022	0.00011	6.4e-05	0.00022
8	0.00018	0.00015	0.00015	0.00016	0.00020	0.00013	0.00012	0.00022	0.00035	0.00041	0.03683	0.02014	0.93969	0.00038	0.00018	5.1e-05	7.6e-05	0.00032	0.00014	0.00013
9	0.21321	0.00033	0.00034	0.00028	0.00038	0.07490	0.00023	0.20983	0.02345	0.42530	0.00887	0.00046	0.01256	0.00018	0.00014	4.7e-05	0.00014	0.02897	0.00015	0.00022
10	0.00018	0.00013	0.00017	0.00021	0.00022	0.00012	0.00014	0.00021	0.00029	0.00039	0.01706	0.95392	0.02546	0.00047	0.00019	6.1e-05	8.7e-05	0.00042	0.00014	0.00012
11	0.02466	0.00032	0.00033	0.00030	0.00038	0.00036	0.00023	0.05431	0.83782	0.02165	0.00848	0.00059	0.04258	0.00021	0.00015	5.1e-05	0.00012	0.00706	0.00015	0.00023
12	0.03944	0.00782	0.02638	0.00750	0.02089	0.01887	0.02675	0.03893	0.08635	0.09902	0.02549	0.00494	0.00344	0.00668	0.03823	0.00392	0.04225	0.00276	0.00011	0.50026
13	0.00559	0.00480	0.01689	0.00058	0.00073	0.00699	0.83613	0.02111	0.01369	0.02506	0.00032	0.00585	0.00024	0.00014	0.00018	5e-05	0.01770	0.00716	8.2e-05	0.03671
14	0.00026	0.00020	0.00023	0.00023	0.00027	0.00527	0.00018	0.00549	0.24968	0.00678	0.04017	0.20545	0.14300	0.12502	0.00026	0.01870	0.00011	0.19353	0.00500	0.00015
15	0.00450	0.00022	0.06068	0.03126	0.00389	0.00019	0.00700	0.00973	0.11115	0.03522	0.34168	0.17962	0.15486	0.00383	0.00018	5.2e-05	0.00331	0.04218	0.00599	0.00446
16	0.04915	0.11011	0.16977	0.08702	0.04213	0.08144	0.13686	0.05605	0.03023	0.14233	0.01121	0.02757	0.00384	0.00350	0.00351	4.8e-05	0.01140	0.03038	0.00325	0.00020
17	0.00030	0.00444	0.00479	0.83240	0.00788	0.01131	0.02168	0.00915	0.01444	0.03225	0.00762	0.01544	0.00547	0.00357	0.01640	5.4e-05	0.00725	0.00532	7.6e-05	0.00017
18	0.00022	0.00015	0.00017	0.00018	0.00019	0.00014	0.00011	0.00023	0.00026	0.01072	0.10571	0.17169	0.04159	0.63771	0.00961	0.00012	0.00013	0.01212	0.00886	0.00011
19	0.00513	0.00382	0.13121	0.20786	0.18978	0.00603	0.13376	0.02293	0.03104	0.09971	0.04172	0.01039	0.03969	0.00406	0.04545	5.8e-05	0.01684	0.00431	0.00602	0.00020
20	0.07914	0.04644	0.09213	0.11227	0.10520	0.02805	0.07391	0.11713	0.01702	0.26107	0.00807	0.01649	0.00426	0.00017	0.00409	4.8e-05	0.01856	0.00574	0.00625	0.00394

[dist]
# distance from previous block
# <min> <max>
5	11

[block]
# block no. 9 follows, 2296 sequences, length 20
# corresponding to MSA columns:
# 1595-1597,1599,1600,1602-1614,1617,1618
name=unknown_J
#
# <colnr> <probs for GDERKNQSTAVLIFYWHMCP>
#	G	D	E	R	K	N	Q	S	T	A	V	L	I	F	Y	W	H	M	C	P
0	0.08998	0.03127	0.03031	0.00585	0.00380	0.00398	0.00537	0.06985	0.02223	0.48742	0.11932	0.02893	0.03815	0.00436	0.01325	5e-05	0.00884	0.02147	0.00957	0.00599
1	0.00385	0.00024	0.10146	0.00409	0.00030	0.00780	0.01835	0.01685	0.04537	0.04516	0.45141	0.09649	0.16458	0.01674	0.00018	5.1e-05	0.00346	0.01313	0.00465	0.00583
2	0.00022	0.00015	0.00021	0.00022	0.00676	0.00015	0.00712	0.00831	0.00027	0.00590	0.01647	0.38953	0.06943	0.04902	0.15697	0.21035	0.01264	0.06605	0.00011	0.00012
3	0.00035	0.00036	0.00046	0.00039	0.00040	0.07038	0.00033	0.01415	0.01405	0.00037	0.00021	0.00033	0.00020	0.00025	0.00046	6.4e-05	0.89688	0.00013	6.9e-05	0.00017
4	0.00936	0.00042	0.00045	0.00035	0.00047	0.01074	0.01195	0.93882	0.00069	0.01438	0.00036	0.00036	0.00026	0.00018	0.00015	4.5e-05	0.01048	0.00014	0.00015	0.00025
5	0.30678	0.05430	0.02993	0.11334	0.16580	0.05393	0.04642	0.05000	0.00835	0.11501	0.00030	0.00405	0.00023	0.00016	0.00701	4.8e-05	0.03991	0.00414	9.6e-05	0.00020
6	0.00020	0.00015	0.00021	0.00490	0.00025	0.00015	0.02904	0.00024	0.00690	0.00891	0.06150	0.66643	0.04693	0.03148	0.06009	7.4e-05	0.00548	0.07677	0.00013	0.00013
7	0.03923	0.00042	0.00041	0.01425	0.01972	0.15091	0.00624	0.46749	0.16059	0.08535	0.00039	0.00995	0.00029	0.00018	0.00015	4.5e-05	0.00017	0.00014	0.00496	0.03912
8	0.02975	0.33831	0.08349	0.01863	0.04403	0.06509	0.05832	0.03607	0.02694	0.07172	0.03234	0.04068	0.00959	0.00305	0.00323	4.2e-05	0.01453	0.02322	9.3e-05	0.10088
9	0.35398	0.00439	0.00428	0.12206	0.05287	0.06586	0.02305	0.12512	0.08233	0.09677	0.00730	0.00573	0.00464	0.01574	0.00015	4.9e-05	0.02450	0.00343	0.00011	0.00764
10	0.00033	0.01766	0.67847	0.04388	0.02647	0.01016	0.07291	0.00855	0.02485	0.03967	0.02216	0.00569	0.00714	0.00972	0.00016	4.9e-05	0.01027	0.01490	7.8e-05	0.00690
11	0.01048	0.00028	0.00047	0.80777	0.12640	0.00034	0.01698	0.00039	0.00030	0.00040	0.00027	0.00788	0.00021	0.00734	0.00016	5.1e-05	0.01988	0.00014	6.9e-05	0.00018
12	0.01404	0.00367	0.06511	0.08955	0.01935	0.02084	0.01564	0.03157	0.02342	0.08783	0.09922	0.21869	0.00605	0.06949	0.17879	0.00389	0.03892	0.01365	0.00011	0.00016
13	0.00427	0.32562	0.15780	0.15937	0.06482	0.03631	0.06337	0.03342	0.01894	0.03773	0.00644	0.02330	0.00392	0.00721	0.00739	0.00374	0.01777	0.01997	0.00842	0.00020
14	0.02719	0.01449	0.14642	0.00433	0.00042	0.04654	0.11710	0.02871	0.09737	0.16628	0.18492	0.02384	0.10383	0.00525	0.00397	5e-05	0.01659	0.00445	0.00806	0.00019
15	0.00026	0.00014	0.00020	0.01210	0.00593	0.00014	0.00014	0.00021	0.00021	0.00028	0.00587	0.02435	0.01168	0.04097	0.05237	0.82209	0.00014	0.01399	0.00886	7.6e-05
16	0.00350	0.01701	0.06240	0.31740	0.04772	0.06003	0.10313	0.01261	0.00655	0.05172	0.02761	0.19027	0.00473	0.01659	0.01651	0.00777	0.03001	0.01817	0.00609	0.00017
17	0.07282	0.03562	0.00856	0.24505	0.16830	0.05606	0.10262	0.03331	0.00581	0.17818	0.00465	0.02229	0.00029	0.00942	0.00410	5e-05	0.01975	0.03282	0.00010	0.00020
18	0.01123	0.00020	0.00026	0.00022	0.00029	0.00018	0.03373	0.00700	0.00861	0.28181	0.23339	0.05177	0.27999	0.00798	0.00017	5.1e-05	0.00010	0.05754	0.02531	0.00017
19	0.01899	0.00420	0.03703	0.22561	0.15261	0.01209	0.05488	0.01559	0.00942	0.15561	0.02608	0.17172	0.01187	0.00755	0.00867	0.02257	0.04060	0.02003	0.00471	0.00019

[dist]
# distance from previous block
# <min> <max>
1	16

[block]
# block no. 10 follows, 2296 sequences, length 33
# corresponding to MSA columns:
# 1639,1640,1642-1657,1663-1666,1668-1673,1688-1692
name=unknown_K
#
# <colnr> <probs for GDERKNQSTAVLIFYWHMCP>
#	G	D	E	R	K	N	Q	S	T	A	V	L	I	F	Y	W	H	M	C	P
0	0.01948	0.00023	0.00239	0.00338	0.00770	0.00725	0.00020	0.04580	0.01385	0.47670	0.18823	0.02324	0.07605	0.00763	0.06002	5.9e-05	0.00344	0.00372	0.01749	0.04313
1	0.04080	0.12130	0.01326	0.21436	0.16242	0.01562	0.17178	0.05563	0.00871	0.09833	0.01505	0.01027	0.00026	0.00016	0.00472	0.00236	0.02263	0.00558	0.00583	0.03092
2	0.00020	0.00015	0.00018	0.00017	0.00021	0.00014	0.00013	0.00025	0.00446	0.00588	0.38615	0.06279	0.49519	0.02348	0.00019	5.3e-05	7.8e-05	0.01374	0.00642	0.00013
3	0.00023	0.00016	0.00020	0.00019	0.00023	0.00015	0.00014	0.01181	0.00659	0.03787	0.55884	0.10002	0.23075	0.00034	0.00018	5e-05	8e-05	0.03622	0.01582	0.00014
4	0.00020	0.00015	0.00018	0.00018	0.00022	0.00013	0.00013	0.00025	0.00036	0.02233	0.28896	0.19786	0.46907	0.00865	0.00018	5.3e-05	7.9e-05	0.00626	0.00464	0.00013
5	0.97570	0.00029	0.00022	0.00020	0.00029	0.00034	0.00016	0.00045	0.00026	0.02070	0.00022	0.00025	0.00017	0.00014	9.4e-05	4.7e-05	0.00012	8.3e-05	9.5e-05	0.00017
6	0.00049	0.00028	0.00033	0.00028	0.00037	0.00028	0.00022	0.01309	0.40361	0.43586	0.08201	0.00057	0.00048	0.00020	0.00015	4.7e-05	0.00012	0.00017	0.00016	0.06128
7	0.00029	0.00027	0.00045	0.97908	0.00103	0.00034	0.00042	0.00038	0.00030	0.00038	0.00027	0.00040	0.00020	0.00015	0.00016	5e-05	0.01547	0.00013	6.7e-05	0.00017
8	0.00054	0.00040	0.00043	0.00034	0.00045	0.02536	0.00027	0.85968	0.00686	0.01547	0.00040	0.06537	0.00032	0.00020	0.00015	4.7e-05	0.00016	0.02315	0.00015	0.00024
9	0.02330	0.00028	0.00036	0.00028	0.00039	0.00026	0.00023	0.13637	0.00668	0.82301	0.00055	0.00049	0.00035	0.00018	0.00015	4.6e-05	0.00013	0.00015	0.00655	0.00025
10	0.00020	0.00015	0.00018	0.00019	0.00022	0.00013	0.00014	0.00503	0.00489	0.01247	0.30588	0.37341	0.28525	0.00039	0.00018	5.4e-05	8.1e-05	0.01088	0.00015	0.00013
11	0.00022	0.00015	0.00017	0.00017	0.00017	0.00015	0.0001	0.00022	0.00490	0.00031	0.00051	0.08579	0.00058	0.86267	0.02368	0.00583	0.00015	0.00733	0.00681	9.6e-05
12	0.00042	0.00023	0.00029	0.00026	0.00033	0.00023	0.00020	0.02610	0.22667	0.35898	0.02179	0.31339	0.00763	0.00029	0.00670	5.4e-05	0.00594	0.01697	0.01335	0.00020
13	0.00652	0.00546	0.00814	0.00024	0.00037	0.00022	0.01372	0.04993	0.00033	0.00861	0.00027	0.00032	0.00023	0.00012	0.00011	2.4e-05	0.00012	9.3e-05	9.3e-05	0.90509
14	0.00022	0.00015	0.00018	0.00019	0.00021	0.00015	0.00013	0.00403	0.00425	0.02562	0.05007	0.27911	0.02185	0.48493	0.03783	0.01047	0.00013	0.07492	0.00545	0.00011
15	0.00735	0.05000	0.07962	0.09360	0.17482	0.04100	0.09756	0.06651	0.03100	0.09750	0.01114	0.01908	0.00501	0.00315	0.00016	4.3e-05	0.03224	0.00013	0.00441	0.18567
16	0.00738	0.14254	0.03036	0.11626	0.06038	0.48380	0.02696	0.04093	0.01062	0.02311	0.00026	0.00242	0.00021	0.00340	0.00574	0.00221	0.03749	0.00275	0.00299	0.00019
17	0.00020	0.00015	0.00019	0.00021	0.00023	0.00013	0.00014	0.00023	0.00482	0.01068	0.02276	0.78410	0.09982	0.00043	0.00018	5.7e-05	8.8e-05	0.00558	0.00014	0.06987
18	0.86420	0.00837	0.00443	0.03108	0.02468	0.00034	0.00797	0.00789	0.00027	0.04932	0.00023	0.00027	0.00018	0.00014	0.00010	4.7e-05	0.00012	8.9e-05	9.6e-05	0.00017
19	0.00429	0.00015	0.00019	0.00314	0.00023	0.00014	0.00015	0.00360	0.00997	0.03765	0.08539	0.67152	0.11038	0.01640	0.00020	6e-05	9.1e-05	0.04700	0.00934	0.00013
20	0.00018	0.00015	0.00016	0.00016	0.00021	0.00013	0.00012	0.00023	0.00469	0.00043	0.11755	0.02205	0.82335	0.01134	0.00418	5.3e-05	7.9e-05	0.01030	0.00451	0.00013
21	0.00019	0.00015	0.00017	0.00017	0.00021	0.00013	0.00012	0.00024	0.00037	0.00047	0.30020	0.02871	0.65959	0.00036	0.00018	5e-05	7.6e-05	0.00833	0.00015	0.00013
22	0.00020	0.00015	0.00018	0.00018	0.00022	0.00014	0.00014	0.00026	0.00567	0.00568	0.45149	0.11916	0.36532	0.00036	0.00018	5.1e-05	7.9e-05	0.05024	0.00015	0.00014
23	0.00040	0.99480	0.00079	0.00026	0.00039	0.00060	0.00026	0.00045	0.00031	0.00035	0.00021	0.00024	0.00019	0.00013	9.7e-05	3.2e-05	0.00016	8.1e-05	6.4e-05	0.00019
24	0.00030	0.00078	0.99392	0.00043	0.00065	0.00035	0.00056	0.00048	0.00032	0.00048	0.00027	0.00032	0.00019	0.00014	0.00014	4.8e-05	0.00022	0.00011	6.4e-05	0.00022
25	0.00031	0.00074	0.92926	0.00042	0.00063	0.00034	0.00053	0.01249	0.00032	0.02713	0.00029	0.00034	0.00020	0.01178	0.00015	4.9e-05	0.00022	0.00011	0.01446	0.00022
26	0.00927	0.00033	0.00048	0.00040	0.00041	0.00045	0.04386	0.00037	0.00024	0.00037	0.00021	0.00034	0.00020	0.00027	0.01351	6.7e-05	0.92887	0.00013	6.7e-05	0.00017
27	0.00036	0.57937	0.39930	0.00033	0.00049	0.00049	0.00038	0.00927	0.00032	0.00041	0.00796	0.00028	0.00020	0.00014	0.00012	3.9e-05	0.00019	9.5e-05	6.6e-05	0.00021
28	0.09849	0.00723	0.02169	0.01320	0.00266	0.03602	0.04769	0.29461	0.13265	0.12125	0.00818	0.05222	0.00821	0.00293	0.00335	0.00377	0.01525	0.01409	0.00246	0.11403
29	0.02277	0.00039	0.00042	0.00033	0.00045	0.01134	0.00938	0.71062	0.12120	0.10780	0.00041	0.00523	0.00030	0.00019	0.00842	4.8e-05	0.00016	0.00014	0.00015	0.00025
30	0.00022	0.00016	0.00022	0.00022	0.00024	0.00018	0.00016	0.00026	0.00024	0.00034	0.00043	0.03039	0.00043	0.22902	0.73654	0.00021	0.00034	0.00018	8.5e-05	0.00012
31	0.00037	0.00035	0.00060	0.02036	0.93109	0.00035	0.01083	0.00506	0.00034	0.00439	0.00466	0.00039	0.00980	0.00014	0.00476	4.6e-05	0.00601	0.00014	7.6e-05	0.00023
32	0.00039	0.00041	0.00992	0.00058	0.00072	0.00707	0.80761	0.12509	0.00951	0.01096	0.00032	0.00040	0.00024	0.00392	0.00562	5.1e-05	0.00024	0.00017	8.8e-05	0.01670

[dist]
# distance from previous block
# <min> <max>
3	9

[block]
# block no. 11 follows, 2296 sequences, length 15
# corresponding to MSA columns:
# 1704,1705,1711-1719,1721,1722,1727,1728
name=unknown_L
#
# <colnr> <probs for GDERKNQSTAVLIFYWHMCP>
#	G	D	E	R	K	N	Q	S	T	A	V	L	I	F	Y	W	H	M	C	P
0	0.00845	0.00023	0.00027	0.00021	0.00031	0.00019	0.00017	0.00623	0.00719	0.01717	0.07923	0.06881	0.02751	0.06075	0.00019	0.04542	0.00011	0.00748	0.00608	0.66400
1	0.01566	0.00028	0.00044	0.58405	0.17687	0.00576	0.00037	0.01579	0.03687	0.00589	0.00574	0.02613	0.01345	0.02982	0.01046	5.4e-05	0.03391	0.00578	0.02058	0.01212
2	0.00021	0.00016	0.00024	0.00024	0.00026	0.00018	0.00018	0.00027	0.00025	0.00035	0.01186	0.01261	0.01340	0.06020	0.88708	0.00023	0.00037	0.01171	8.4e-05	0.00013
3	0.00039	0.03723	0.02666	0.00040	0.00045	0.19250	0.08426	0.05549	0.01547	0.01126	0.01044	0.01367	0.00023	0.00023	0.00895	5.7e-05	0.53498	0.00013	0.00701	0.00018
4	0.02750	0.00026	0.00034	0.00027	0.00038	0.00024	0.00022	0.01681	0.12858	0.77006	0.02487	0.01009	0.01087	0.00020	0.00015	4.7e-05	0.00012	0.00016	0.00861	0.00025
5	0.01100	0.00944	0.00043	0.76892	0.04233	0.00032	0.00814	0.00765	0.00601	0.00858	0.04852	0.00943	0.05041	0.00668	0.00016	5.1e-05	0.01622	0.00015	0.00539	0.00017
6	0.00514	0.58900	0.22655	0.00032	0.01081	0.03001	0.03267	0.02191	0.03473	0.00774	0.00775	0.00734	0.00494	0.00015	0.00685	4e-05	0.00461	0.00448	7.3e-05	0.00487
7	0.00734	0.00017	0.00022	0.00021	0.00025	0.00016	0.00016	0.01540	0.05135	0.06058	0.44911	0.15640	0.11827	0.01125	0.00019	5.4e-05	9.1e-05	0.11482	0.01382	0.00015
8	0.02973	0.00026	0.00034	0.00026	0.00038	0.00023	0.00022	0.03435	0.01289	0.86792	0.01520	0.01382	0.01219	0.00019	0.00015	4.7e-05	0.00013	0.00016	0.01131	0.00025
9	0.01353	0.00434	0.10430	0.08696	0.05393	0.01293	0.06274	0.00451	0.01308	0.02264	0.22821	0.11754	0.20853	0.01832	0.00750	0.00561	0.00834	0.02185	0.00498	0.00016
10	0.00027	0.00021	0.02207	0.03178	0.10997	0.00020	0.02938	0.00032	0.00902	0.04480	0.16809	0.07228	0.04746	0.07648	0.11081	0.11669	0.01107	0.14430	0.00466	0.00015
11	0.00027	0.00024	0.00038	0.66872	0.02451	0.00028	0.00929	0.00035	0.00030	0.00811	0.00043	0.17385	0.02620	0.00025	0.02536	0.00784	0.00018	0.05320	8.7e-05	0.00016
12	0.15417	0.00026	0.00032	0.00026	0.00036	0.00025	0.00956	0.07660	0.01152	0.63273	0.01671	0.00927	0.01195	0.00019	0.00014	4.6e-05	0.00012	0.01176	0.06354	0.00023
13	0.01566	0.02540	0.11872	0.12920	0.19630	0.05702	0.09308	0.07026	0.01802	0.06724	0.01019	0.02122	0.01019	0.01312	0.01393	0.00941	0.10623	0.02092	0.00368	0.00020
14	0.00625	0.01097	0.04702	0.03872	0.04474	0.01368	0.10561	0.02857	0.01026	0.03243	0.00992	0.22558	0.16476	0.04366	0.09638	0.01021	0.02998	0.08098	0.00011	0.00016

[dist]
# distance from previous block
# <min> <max>
2	4

[block]
# block no. 12 follows, 2296 sequences, length 18
# corresponding to MSA columns:
# 1773-1784,1789-1794
name=unknown_M
#
# <colnr> <probs for GDERKNQSTAVLIFYWHMCP>
#	G	D	E	R	K	N	Q	S	T	A	V	L	I	F	Y	W	H	M	C	P
0	0.02011	0.00020	0.00515	0.00020	0.00027	0.00018	0.00016	0.02305	0.00682	0.36307	0.05962	0.01143	0.19679	0.05878	0.00018	5.1e-05	0.00512	0.00488	0.24374	0.00018
1	0.00397	0.00376	0.00036	0.03808	0.10581	0.01644	0.03689	0.04214	0.02771	0.03533	0.08470	0.05105	0.00899	0.01207	0.00015	3.6e-05	0.01045	0.00448	0.00635	0.51123
2	0.00022	0.00016	0.00020	0.00020	0.00023	0.00015	0.00014	0.00618	0.04658	0.01911	0.42766	0.28115	0.18307	0.00739	0.00647	5.4e-05	8.4e-05	0.00793	0.01290	0.00014
3	0.00021	0.00015	0.00019	0.00019	0.00022	0.00014	0.00014	0.00026	0.00849	0.01749	0.48479	0.20651	0.26115	0.00855	0.00019	5.2e-05	7.9e-05	0.01092	0.00015	0.00014
4	0.00020	0.00014	0.00019	0.00022	0.00023	0.00014	0.00729	0.00023	0.00029	0.00680	0.00858	0.80605	0.00772	0.02183	0.02989	6.9e-05	0.00650	0.10336	0.00014	0.00013
5	0.76874	0.00028	0.00024	0.00021	0.00030	0.00031	0.00017	0.01506	0.00993	0.11782	0.05072	0.00035	0.01101	0.00016	0.00011	4.6e-05	0.00011	0.00011	0.02418	0.00017
6	0.00056	0.00041	0.00044	0.00034	0.00046	0.00045	0.00028	0.87727	0.09700	0.02066	0.00039	0.00038	0.00028	0.00018	0.00015	4.6e-05	0.00016	0.00014	0.00015	0.00025
7	0.02927	0.00026	0.00035	0.00027	0.00038	0.00022	0.00022	0.00073	0.00043	0.96533	0.00058	0.00051	0.00037	0.00019	0.00015	4.7e-05	0.00013	0.00015	0.00018	0.00025
8	0.00038	0.00033	0.00034	0.00031	0.00039	0.00038	0.00024	0.02948	0.96480	0.00064	0.00061	0.00056	0.00045	0.00020	0.00015	5.1e-05	0.00012	0.00017	0.00015	0.00024
9	0.00031	0.00027	0.00032	0.00023	0.00036	0.00020	0.01143	0.00038	0.00031	0.01200	0.00028	0.01184	0.00024	0.00012	0.00011	2.4e-05	0.00011	0.01127	9.1e-05	0.95008
10	0.01078	0.01448	0.00549	0.00496	0.00641	0.00423	0.00668	0.76005	0.02973	0.12809	0.00040	0.00609	0.00425	0.00018	0.00015	4.6e-05	0.00016	0.00524	0.00833	0.00427
11	0.00020	0.00015	0.00019	0.00020	0.00023	0.00014	0.00014	0.00589	0.01300	0.01478	0.19769	0.53610	0.17259	0.01046	0.00678	5.8e-05	8.8e-05	0.02681	0.00543	0.00908
12	0.00611	0.06384	0.80096	0.00597	0.00591	0.00828	0.01172	0.01784	0.03533	0.01415	0.00525	0.00392	0.00418	0.00015	0.00370	0.00424	0.00440	0.00012	0.00370	0.00022
13	0.00048	0.01310	0.01312	0.00032	0.00043	0.00843	0.00026	0.49434	0.36950	0.04602	0.00722	0.01725	0.01387	0.00020	0.00016	4.8e-05	0.00952	0.00534	0.00015	0.00024
14	0.00023	0.00018	0.01281	0.07161	0.00861	0.00413	0.03138	0.00495	0.00477	0.00766	0.02269	0.21232	0.04013	0.08840	0.31939	0.12610	0.00763	0.02553	0.01135	0.00013
15	0.00036	0.01062	0.03966	0.02500	0.01342	0.03960	0.04327	0.01992	0.01985	0.18652	0.08249	0.01575	0.00864	0.04505	0.27150	0.01506	0.13457	0.00541	0.02314	0.00017
16	0.00581	0.01010	0.01863	0.24063	0.04516	0.41414	0.05409	0.01826	0.00886	0.06843	0.00033	0.05848	0.00373	0.01010	0.00841	0.00461	0.01914	0.01085	8.8e-05	0.00018
17	0.03666	0.00023	0.00030	0.00496	0.00508	0.00021	0.00580	0.02883	0.02100	0.58370	0.21726	0.00524	0.02416	0.01578	0.00017	4.9e-05	0.00464	0.01537	0.03034	0.00021

[dist]
# distance from previous block
# <min> <max>
4	54

[block]
# block no. 13 follows, 2296 sequences, length 6
# corresponding to MSA columns:
# 1857-1861,1865
name=unknown_N
#
# <colnr> <probs for GDERKNQSTAVLIFYWHMCP>
#	G	D	E	R	K	N	Q	S	T	A	V	L	I	F	Y	W	H	M	C	P
0	0.00022	0.01131	0.01128	0.00022	0.01085	0.00016	0.01527	0.01560	0.01277	0.02535	0.14715	0.44223	0.21768	0.02159	0.01711	0.01200	0.01345	0.01179	0.01383	0.00014
1	0.01166	0.02403	0.16260	0.09402	0.05909	0.11073	0.04726	0.07697	0.16010	0.02180	0.04782	0.03160	0.01462	0.01084	0.01072	5.1e-05	0.06349	0.01141	0.01616	0.02503
2	0.00022	0.00016	0.00020	0.00022	0.00025	0.00015	0.00016	0.06667	0.00033	0.00044	0.03445	0.73242	0.05198	0.00044	0.00019	6e-05	9.7e-05	0.11129	0.00014	0.00013
3	0.01968	0.02305	0.02790	0.02771	0.10774	0.11429	0.01600	0.18911	0.15930	0.02219	0.01301	0.05341	0.00976	0.01003	0.01185	4.7e-05	0.02011	0.01400	0.00942	0.15138
4	0.03525	0.02453	0.21684	0.05288	0.13799	0.08042	0.12422	0.09120	0.03884	0.05045	0.01470	0.01124	0.01227	0.00018	0.01104	5e-05	0.05567	0.03208	0.00995	0.00021
5	0.00030	0.00028	0.00046	0.81389	0.03833	0.00033	0.04353	0.03372	0.00031	0.00041	0.00028	0.00041	0.00022	0.00022	0.06666	6.3e-05	0.00021	0.00014	7.1e-05	0.00017

[dist]
# distance from previous block
# <min> <max>
4	32

[block]
# block no. 14 follows, 2296 sequences, length 11
# corresponding to MSA columns:
# 1911,1917-1921,1931-1935
name=unknown_O
#
# <colnr> <probs for GDERKNQSTAVLIFYWHMCP>
#	G	D	E	R	K	N	Q	S	T	A	V	L	I	F	Y	W	H	M	C	P
0	0.00591	0.01802	0.00633	0.00884	0.02181	0.00934	0.03015	0.01096	0.01396	0.02983	0.02086	0.44700	0.02565	0.01212	0.01105	5.6e-05	0.01405	0.15311	0.00012	0.16085
1	0.00035	0.00028	0.01188	0.00024	0.00036	0.02514	0.00019	0.01351	0.02861	0.10092	0.03431	0.03161	0.00031	0.00014	0.00012	2.9e-05	0.00012	0.00012	0.00011	0.75166
2	0.00928	0.08200	0.15747	0.10906	0.13069	0.02749	0.12475	0.02830	0.10273	0.06296	0.03219	0.01576	0.01576	0.00728	0.00579	4.9e-05	0.03977	0.00940	9.5e-05	0.03916
3	0.00025	0.00021	0.00657	0.00026	0.00609	0.02552	0.11566	0.00756	0.01853	0.00908	0.28641	0.04814	0.28098	0.06361	0.01739	0.00624	0.03691	0.06116	0.00928	0.00015
4	0.03106	0.03230	0.20548	0.09294	0.09195	0.02705	0.09289	0.06436	0.03859	0.01574	0.01556	0.04710	0.04026	0.01989	0.03007	5.8e-05	0.13004	0.01664	0.00784	0.00019
5	0.01970	0.00017	0.00661	0.03634	0.00027	0.00016	0.00669	0.00923	0.02634	0.03603	0.25242	0.28648	0.24988	0.00889	0.00715	5.4e-05	9.4e-05	0.01668	0.01545	0.02136
6	0.00022	0.00017	0.01593	0.00020	0.00024	0.00015	0.00972	0.02369	0.00782	0.02101	0.34004	0.19557	0.34488	0.00863	0.00763	5.4e-05	0.00823	0.00848	0.00720	0.00014
7	0.00042	0.81730	0.01720	0.00028	0.00040	0.06506	0.00027	0.03869	0.00033	0.01424	0.00022	0.00026	0.00020	0.00014	0.00011	3.4e-05	0.02458	8.7e-05	7.1e-05	0.02013
8	0.00024	0.00017	0.00022	0.00023	0.00027	0.00016	0.00856	0.00921	0.04812	0.03231	0.10685	0.31590	0.12508	0.03091	0.00020	6.1e-05	0.00011	0.28067	0.01262	0.02810
9	0.02073	0.00946	0.01895	0.41084	0.32241	0.02272	0.00947	0.02598	0.02680	0.02199	0.00033	0.04533	0.00961	0.01104	0.00805	5e-05	0.00890	0.00015	8.2e-05	0.02711
10	0.16004	0.08287	0.17084	0.12483	0.08442	0.05015	0.04314	0.06880	0.03815	0.02730	0.02788	0.02117	0.02324	0.00548	0.00501	4.9e-05	0.04749	0.00730	0.00588	0.00594

[dist]
# distance from previous block
# <min> <max>
5	62

[block]
# block no. 15 follows, 2296 sequences, length 12
# corresponding to MSA columns:
# 2007,2013-2019,2027-2030
name=unknown_P
#
# <colnr> <probs for GDERKNQSTAVLIFYWHMCP>
#	G	D	E	R	K	N	Q	S	T	A	V	L	I	F	Y	W	H	M	C	P
0	0.01146	0.00039	0.00849	0.00033	0.00045	0.00846	0.00802	0.75530	0.06348	0.10042	0.00041	0.01564	0.00868	0.00019	0.00015	4.6e-05	0.00822	0.00014	0.00944	0.00025
1	0.03362	0.05906	0.07228	0.14174	0.06304	0.01527	0.06395	0.03575	0.02508	0.05255	0.02204	0.03858	0.01442	0.00714	0.00639	4.2e-05	0.03202	0.00649	0.00509	0.30546
2	0.01603	0.03067	0.06329	0.07777	0.05965	0.01363	0.07008	0.08211	0.06555	0.13010	0.04835	0.06781	0.01904	0.00604	0.01246	4.6e-05	0.00829	0.02048	0.00525	0.20334
3	0.00022	0.00015	0.00020	0.00022	0.00024	0.00015	0.00015	0.03093	0.02007	0.04100	0.03147	0.80835	0.01177	0.01124	0.00019	6.1e-05	9.4e-05	0.04320	0.00014	0.00014
4	0.00611	0.00535	0.02582	0.05460	0.03782	0.00549	0.11235	0.01535	0.02061	0.06423	0.07394	0.29169	0.18622	0.02421	0.03045	6.1e-05	0.02295	0.01570	0.00690	0.00016
5	0.02786	0.12337	0.23521	0.04428	0.07382	0.06715	0.11537	0.03883	0.06148	0.13373	0.01367	0.01496	0.00625	0.00578	0.00700	4.8e-05	0.02270	0.00819	9.7e-05	0.00021
