[name]
unknown

[dist]
# distance from previous block
# <min> <max>
0	517

[block]
# block no. 0 follows, 3373 sequences, length 19
# corresponding to MSA columns:
# 625-643
name=unknown_A
#
# <colnr> <probs for GDERKNQSTAVLIFYWHMCP>
#	G	D	E	R	K	N	Q	S	T	A	V	L	I	F	Y	W	H	M	C	P
0	0.08504	0.05228	0.05408	0.00752	0.01117	0.03693	0.09249	0.04409	0.01103	0.06919	0.09670	0.10702	0.14239	0.10079	0.01798	0.01293	0.00776	0.01188	0.00282	0.03592
1	0.00585	0.28979	0.51676	0.06489	0.00353	0.00585	0.02308	0.02060	0.00900	0.00376	0.00646	0.00861	0.02203	0.00433	0.00347	3e-05	0.00395	0.00372	4.9e-05	0.00425
2	0.02606	0.02472	0.08498	0.20389	0.05111	0.06661	0.02671	0.04580	0.03220	0.10279	0.07184	0.13950	0.01302	0.01737	0.04757	0.00343	0.01104	0.01072	0.00281	0.01784
3	0.02670	0.03657	0.04138	0.02706	0.02290	0.02253	0.01644	0.36173	0.08242	0.28461	0.00943	0.02282	0.00482	0.00603	0.00498	0.00285	0.01268	0.00290	0.00379	0.00738
4	0.00013	9.8e-05	0.00012	0.00014	0.00015	0.00678	9.4e-05	0.00811	0.00021	0.00027	0.03051	0.72074	0.18164	0.02626	0.00738	4.3e-05	6.2e-05	0.01707	9.5e-05	8.5e-05
5	0.00019	0.00018	0.00030	0.89460	0.00066	0.02111	0.00027	0.00026	0.00021	0.00026	0.00021	0.06493	0.00017	0.00012	0.00011	3.5e-05	0.01613	0.00010	4.9e-05	0.00011
6	0.00021	0.00018	0.00021	0.00015	0.00024	0.00014	0.00012	0.00026	0.00021	0.00034	0.00018	0.00021	0.00015	7.6e-05	7.6e-05	1.5e-05	7.6e-05	6.1e-05	6.1e-05	0.99701
7	0.01202	0.07244	0.02156	0.11783	0.28819	0.02568	0.21739	0.04037	0.03048	0.02507	0.01425	0.08632	0.00864	0.00012	0.00011	3.3e-05	0.02523	0.00417	0.00386	0.00624
8	0.01483	0.01879	0.00790	0.14996	0.08951	0.03734	0.02009	0.20874	0.18669	0.03095	0.02553	0.09105	0.00638	0.02019	0.03453	0.01446	0.00884	0.02277	0.01131	0.00014
9	0.00013	9.3e-05	0.00012	0.00014	0.00014	8.8e-05	9.1e-05	0.00015	0.00020	0.00026	0.06513	0.69144	0.03878	0.14850	0.00020	0.03074	6.6e-05	0.02357	9e-05	8e-05
10	0.02889	0.23367	0.12542	0.04152	0.06273	0.04294	0.10936	0.10679	0.02231	0.17324	0.01407	0.00481	0.00502	0.00011	0.00402	3e-05	0.01005	0.00655	0.00471	0.00375
11	0.02117	0.46778	0.39631	0.00024	0.00568	0.00926	0.06119	0.01172	0.00771	0.00755	0.00017	0.00020	0.00014	9.7e-05	0.00513	2.8e-05	0.00536	6.9e-05	4.7e-05	0.00014
12	0.00015	0.00013	0.06478	0.00015	0.00017	0.00012	0.00012	0.00018	0.00016	0.00023	0.00995	0.00995	0.00031	0.40929	0.49132	0.00013	0.00019	0.01252	5.9e-05	8.4e-05
13	0.00628	0.00014	0.00494	0.01033	0.00735	0.00808	0.03252	0.02678	0.04987	0.02367	0.22961	0.04869	0.45500	0.00329	0.00433	3.4e-05	0.00676	0.00361	0.00920	0.06952
14	0.90293	0.00022	0.06479	0.01347	0.00022	0.00023	0.00013	0.00031	0.00018	0.01656	0.00015	0.00017	0.00012	9.6e-05	6.7e-05	3.2e-05	8.5e-05	5.8e-05	6.3e-05	0.00012
15	0.00024	0.00027	0.00057	0.00042	0.01858	0.00025	0.91270	0.00032	0.00024	0.00032	0.00021	0.00029	0.00016	0.00013	0.06476	4.3e-05	0.00018	0.00012	5.2e-05	0.00014
16	0.01184	0.13852	0.24953	0.03734	0.10076	0.02333	0.07348	0.04629	0.03847	0.08553	0.02071	0.00413	0.00018	0.00370	0.00361	3e-05	0.03115	0.00355	0.00517	0.12268
17	0.00836	0.06445	0.10790	0.12919	0.29926	0.03269	0.08476	0.03204	0.08760	0.05336	0.02207	0.00883	0.00451	0.00011	0.00011	3.2e-05	0.05259	9.6e-05	6.1e-05	0.01197
18	0.00587	0.00012	0.00014	0.00014	0.00017	0.00011	0.00010	0.01076	0.02711	0.09882	0.42488	0.22249	0.17838	0.00554	0.00013	3.5e-05	0.01001	0.00963	0.00011	0.00545

[dist]
# distance from previous block
# <min> <max>
0	2

[block]
# block no. 1 follows, 3373 sequences, length 12
# corresponding to MSA columns:
# 646-656,664
name=unknown_B
#
# <colnr> <probs for GDERKNQSTAVLIFYWHMCP>
#	G	D	E	R	K	N	Q	S	T	A	V	L	I	F	Y	W	H	M	C	P
0	0.00022	0.00020	0.00688	0.27769	0.44375	0.00658	0.00852	0.00826	0.01720	0.02463	0.05764	0.08920	0.01975	0.00013	0.00011	3.3e-05	0.00632	0.00644	0.02633	0.00013
1	0.04171	0.11928	0.43151	0.01966	0.06520	0.03046	0.05308	0.06416	0.06647	0.07064	0.00022	0.00657	0.00016	0.00011	0.0001	3.1e-05	0.01751	0.00663	0.00635	0.00015
2	0.00619	0.00684	0.03649	0.11867	0.07832	0.29808	0.32751	0.01599	0.02472	0.01617	0.03351	0.01137	0.00773	0.00544	0.00011	3.2e-05	0.00565	0.00699	5.8e-05	0.00013
3	0.00014	9.9e-05	0.00013	0.00015	0.00016	9.2e-05	0.00010	0.00016	0.00020	0.00027	0.01602	0.75130	0.03265	0.01459	0.00013	4.2e-05	6.5e-05	0.12926	9.3e-05	0.05433
4	0.03780	0.13443	0.20578	0.06742	0.15957	0.02688	0.09077	0.13759	0.02520	0.06534	0.00022	0.00917	0.00525	0.00705	0.00698	3.2e-05	0.00889	0.00630	6.3e-05	0.00525
5	0.00014	0.00011	0.00013	0.00013	0.01469	9.5e-05	9.4e-05	0.00017	0.01245	0.01262	0.32655	0.16728	0.45242	0.00025	0.00012	3.5e-05	5.5e-05	0.01247	0.00010	9.3e-05
6	0.00672	0.00012	0.00014	0.00014	0.00015	0.00012	9.3e-05	0.04423	0.01664	0.06128	0.10097	0.03001	0.01253	0.55400	0.12751	0.00658	0.00665	0.02518	0.00685	8.6e-05
7	0.00013	0.00010	0.00012	0.00012	0.00015	9.3e-05	8.8e-05	0.01096	0.01187	0.00029	0.11864	0.18189	0.58979	0.00027	0.00014	0.05429	5.7e-05	0.01860	0.01232	8.7e-05
8	0.04261	0.10838	0.26354	0.05176	0.12674	0.01990	0.19429	0.03294	0.03708	0.04758	0.00021	0.00766	0.00017	0.00542	0.00011	3.2e-05	0.02349	0.01094	0.01515	0.01201
9	0.05341	0.00018	0.00024	0.00018	0.00026	0.00016	0.00015	0.03923	0.00029	0.84999	0.00037	0.00033	0.00024	0.00012	0.0001	3.1e-05	8.7e-05	9.8e-05	0.00012	0.05442
10	0.00043	0.00017	0.00023	0.00018	0.00026	0.00016	0.00015	0.04073	0.02280	0.85323	0.06342	0.00037	0.00030	0.00013	0.00010	3.2e-05	8.5e-05	0.00011	0.01695	0.00017
11	0.00597	0.00022	0.00646	0.27052	0.46138	0.02040	0.03900	0.00687	0.01537	0.06339	0.01689	0.05628	0.01271	0.00012	0.00011	3.3e-05	0.00583	0.01214	0.00618	0.00014

[dist]
# distance from previous block
# <min> <max>
0	4

[block]
# block no. 2 follows, 3373 sequences, length 7
# corresponding to MSA columns:
# 669-675
name=unknown_C
#
# <colnr> <probs for GDERKNQSTAVLIFYWHMCP>
#	G	D	E	R	K	N	Q	S	T	A	V	L	I	F	Y	W	H	M	C	P
0	0.04645	0.01552	0.07315	0.06350	0.15991	0.04380	0.11091	0.10876	0.01406	0.09596	0.01127	0.07319	0.06631	0.00900	0.02087	3.7e-05	0.01122	0.07586	7.5e-05	0.00013
1	0.02615	0.00020	0.04009	0.81954	0.03770	0.00023	0.04733	0.00028	0.02695	0.00028	0.00019	0.00027	0.00014	0.00010	0.00010	3.4e-05	0.00014	9.2e-05	4.8e-05	0.00012
2	0.44803	0.03907	0.05041	0.03412	0.07649	0.12787	0.06205	0.05455	0.01235	0.06402	0.00018	0.00021	0.00014	0.00010	8.7e-05	3.1e-05	0.01809	7.3e-05	0.01200	0.00013
3	0.02390	0.08582	0.56541	0.09509	0.02344	0.01009	0.03871	0.01752	0.01755	0.03562	0.02662	0.01036	0.00018	0.00985	0.00011	3.3e-05	0.01144	0.02806	5.4e-05	0.00014
4	0.01134	0.00019	0.00023	0.00018	0.00025	0.01129	0.01336	0.08422	0.16160	0.32214	0.08080	0.00035	0.01185	0.01113	0.01115	3.1e-05	0.02284	0.00010	0.01555	0.24139
5	0.00017	0.00012	0.00015	0.00015	0.00018	0.00011	0.00011	0.01683	0.01925	0.06060	0.02908	0.61987	0.03918	0.00028	0.03991	4.2e-05	7.4e-05	0.03980	9.2e-05	0.13403
6	0.03135	0.84094	0.03606	0.00018	0.00027	0.02496	0.00018	0.00031	0.02400	0.00026	0.00015	0.00017	0.00014	9e-05	6.9e-05	2.3e-05	0.00011	5.8e-05	4.7e-05	0.04062

[dist]
# distance from previous block
# <min> <max>
0	6

[block]
# block no. 3 follows, 3373 sequences, length 12
# corresponding to MSA columns:
# 682-693
name=unknown_D
#
# <colnr> <probs for GDERKNQSTAVLIFYWHMCP>
#	G	D	E	R	K	N	Q	S	T	A	V	L	I	F	Y	W	H	M	C	P
0	0.00022	0.00022	0.00031	0.00027	0.00027	0.00031	0.00022	0.00025	0.00016	0.00025	0.00013	0.00022	0.00013	0.00018	0.00034	4.5e-05	0.99620	9e-05	4.5e-05	0.00011
1	0.00022	0.00016	0.00018	0.00016	0.00021	0.00017	0.00013	0.22076	0.13455	0.01502	0.34940	0.09514	0.12443	0.01040	0.00012	3.4e-05	7.1e-05	0.02668	0.02204	0.00012
2	0.00013	9.3e-05	0.00012	0.00014	0.00014	8.8e-05	8.8e-05	0.00015	0.00019	0.00025	0.01727	0.69561	0.02899	0.23870	0.00022	5.5e-05	6.9e-05	0.01753	8.8e-05	7.9e-05
3	0.00014	9.8e-05	0.00012	0.00013	0.00014	9.2e-05	8.7e-05	0.00016	0.00021	0.00028	0.22882	0.38232	0.10345	0.25872	0.00023	5.4e-05	6.8e-05	0.02470	9.1e-05	8.2e-05
4	0.00636	0.00739	0.00021	0.00018	0.00022	0.00725	0.00681	0.14555	0.00840	0.25135	0.05293	0.00043	0.01701	0.20221	0.20344	0.00613	0.07596	0.00012	0.00794	0.00012
5	0.75897	0.00026	0.00019	0.00017	0.00023	0.21035	0.00013	0.02810	0.00021	0.00042	0.00015	0.00017	0.00012	9.8e-05	7.1e-05	3.1e-05	0.00010	5.9e-05	6.2e-05	0.00011
6	0.22551	0.00019	0.00020	0.00015	0.00024	0.01235	0.00854	0.01195	0.00021	0.01501	0.00018	0.00862	0.00015	0.01055	0.00852	2.2e-05	0.00865	6.5e-05	6.3e-05	0.68882
7	0.00021	0.00016	0.00019	0.00014	0.00022	0.00013	0.00011	0.00024	0.00020	0.03482	0.00022	0.00031	0.00020	0.21031	0.00017	3.4e-05	8.2e-05	8.1e-05	6.4e-05	0.75209
8	0.78674	0.00018	0.00015	0.00014	0.00020	0.00021	0.00011	0.00028	0.00017	0.00041	0.00017	0.00022	0.00014	0.00024	0.21021	6e-05	0.00012	6.7e-05	6.2e-05	0.00011
9	0.00018	0.00017	0.00016	0.00017	0.00018	0.21023	0.00012	0.00020	0.00022	0.00026	0.02847	0.75812	0.00057	0.00027	0.00012	3.8e-05	8.6e-05	0.00024	8.7e-05	9.1e-05
10	0.78676	0.00020	0.00019	0.00016	0.00021	0.00025	0.00014	0.00029	0.00017	0.00042	0.00014	0.00018	0.00012	0.00011	0.00012	3.5e-05	0.21027	6.3e-05	6e-05	0.00011
11	0.00028	0.00030	0.00039	0.00055	0.78570	0.21036	0.00029	0.00034	0.00025	0.00032	0.00019	0.00024	0.00016	9.5e-05	0.0001	3e-05	0.00014	8.6e-05	5.1e-05	0.00015

[dist]
# distance from previous block
# <min> <max>
0	221

[block]
# block no. 4 follows, 3373 sequences, length 35
# corresponding to MSA columns:
# 915-937,946-957
name=unknown_E
#
# <colnr> <probs for GDERKNQSTAVLIFYWHMCP>
#	G	D	E	R	K	N	Q	S	T	A	V	L	I	F	Y	W	H	M	C	P
0	0.00026	0.00022	0.00023	0.00021	0.00027	0.00026	0.00016	0.00055	0.99556	0.00043	0.00042	0.00038	0.00031	0.00014	0.00010	3.5e-05	8.1e-05	0.00012	0.00010	0.00016
1	0.00027	0.00023	0.00024	0.00021	0.00027	0.00026	0.00017	0.09826	0.89782	0.00045	0.00040	0.00037	0.00030	0.00014	0.00010	3.4e-05	8.5e-05	0.00011	0.00010	0.00016
2	0.00013	9.4e-05	0.00012	0.00014	0.00015	8.9e-05	0.00010	0.00015	0.00020	0.00027	0.01297	0.76768	0.04706	0.05747	0.00015	4.5e-05	6.5e-05	0.11292	9.4e-05	8.4e-05
3	0.00832	0.00019	0.00025	0.00019	0.00027	0.00018	0.00016	0.17104	0.00032	0.80415	0.00038	0.00033	0.00024	0.00013	0.00010	3.2e-05	9.1e-05	0.00010	0.01335	0.00017
4	0.06143	0.00590	0.00447	0.01745	0.01647	0.18475	0.09247	0.05150	0.07693	0.02164	0.00281	0.06872	0.00295	0.03581	0.02213	4.2e-05	0.17780	0.15393	0.00268	0.00012
5	0.00013	0.00010	0.00011	0.00011	0.00014	8.9e-05	8.2e-05	0.00016	0.00024	0.00030	0.18657	0.01807	0.77833	0.00025	0.00012	3.4e-05	5.1e-05	0.00021	0.01480	8.9e-05
6	0.00013	0.00011	0.00012	0.00012	0.00015	9.3e-05	9e-05	0.00017	0.01522	0.00702	0.16708	0.12317	0.63216	0.00026	0.00012	3.6e-05	5.5e-05	0.05371	9.9e-05	9e-05
7	0.01415	0.00018	0.00024	0.00019	0.00026	0.00017	0.00015	0.06951	0.00515	0.84943	0.00038	0.00033	0.00024	0.00013	0.00011	3.1e-05	0.01653	0.00010	0.00012	0.04260
8	0.00886	0.00035	0.03298	0.09025	0.07815	0.45773	0.03077	0.06946	0.02467	0.11043	0.00334	0.00758	0.00017	0.01182	0.01313	0.00191	0.05330	8.5e-05	0.00489	0.00013
9	0.00021	0.01155	0.92039	0.00029	0.00043	0.00024	0.00910	0.00457	0.03048	0.01170	0.01001	0.00023	0.00015	0.00010	9.8e-05	3.3e-05	0.00015	7.9e-05	4.7e-05	0.00015
10	0.00016	0.00011	0.00015	0.00329	0.00019	0.00011	0.00405	0.00816	0.00546	0.01354	0.03275	0.38720	0.01931	0.00029	0.00014	4.4e-05	7.9e-05	0.52155	0.00335	9.3e-05
11	0.70397	0.02001	0.07113	0.00739	0.02599	0.09237	0.02904	0.01103	0.00519	0.01848	0.00016	0.00019	0.00012	9.8e-05	7.6e-05	3.1e-05	0.01190	6.3e-05	0.00265	0.00012
12	0.04550	0.00015	0.00019	0.01957	0.04462	0.00015	0.00338	0.06030	0.13099	0.10321	0.58200	0.00058	0.00066	0.00311	0.00011	3.3e-05	6.8e-05	0.00015	0.00510	0.00012
13	0.11474	0.03284	0.05016	0.04097	0.03183	0.40791	0.04334	0.10628	0.03840	0.03750	0.00256	0.00022	0.00015	0.00011	9.9e-05	2.9e-05	0.02977	7.6e-05	6.3e-05	0.06295
14	0.00014	9.9e-05	0.00011	0.00012	0.00014	9.1e-05	8.6e-05	0.00016	0.00353	0.00434	0.05174	0.33554	0.34777	0.14475	0.01114	4.7e-05	6.5e-05	0.02766	0.07238	8.4e-05
15	0.00023	0.00021	0.00035	0.34370	0.39802	0.00975	0.05889	0.01724	0.05002	0.01090	0.05487	0.00357	0.01641	0.00012	0.01209	3.4e-05	0.02329	0.00010	5.8e-05	0.00014
16	0.00432	0.00016	0.00227	0.00018	0.00316	0.00294	0.08107	0.08781	0.17326	0.02589	0.18786	0.04300	0.26973	0.00249	0.00447	3.6e-05	0.00281	0.08911	0.00403	0.01540
17	0.00027	0.00022	0.00023	0.00021	0.00026	0.00025	0.00016	0.04252	0.85632	0.05965	0.01212	0.00039	0.01683	0.00014	0.00010	3.4e-05	8.2e-05	0.00012	0.00993	0.00016
18	0.01094	0.00028	0.00030	0.00023	0.00031	0.03970	0.00019	0.81907	0.04711	0.08042	0.00026	0.00026	0.00019	0.00012	0.00010	3.1e-05	0.00011	9.3e-05	0.00010	0.00017
19	0.79501	0.00019	0.00017	0.00014	0.00021	0.00021	0.00012	0.00034	0.00020	0.20230	0.00020	0.00020	0.00014	0.00010	7.2e-05	3.2e-05	8.1e-05	6.5e-05	7.7e-05	0.00012
20	0.00022	0.00018	0.00021	0.00015	0.00024	0.00014	0.00012	0.01181	0.00022	0.03424	0.00019	0.00759	0.00016	8e-05	7.8e-05	1.6e-05	7.7e-05	6.4e-05	6.4e-05	0.94413
21	0.02563	0.00016	0.00021	0.00018	0.00023	0.00591	0.03147	0.03686	0.01301	0.50735	0.28607	0.00867	0.02120	0.00016	0.00011	3.3e-05	8e-05	0.06238	0.00011	0.00014
22	0.00012	9.7e-05	0.00011	0.00013	0.00014	8.6e-05	8.8e-05	0.00015	0.00021	0.00027	0.01726	0.51081	0.44760	0.01430	0.00013	3.9e-05	5.7e-05	0.00821	9.5e-05	8.5e-05
23	0.00550	0.12907	0.59453	0.01335	0.02534	0.00276	0.08897	0.02534	0.02571	0.04084	0.02003	0.01677	0.00805	0.00011	9.8e-05	3.2e-05	0.00014	0.00317	5.4e-05	0.00015
24	0.00024	0.00022	0.00036	0.31605	0.54312	0.00480	0.00029	0.01144	0.00023	0.04268	0.00020	0.00027	0.00931	0.00010	0.00012	3.3e-05	0.07024	9.3e-05	5.3e-05	0.00014
25	0.04301	0.00019	0.00024	0.00020	0.04353	0.00289	0.01939	0.08026	0.02863	0.31093	0.00897	0.00027	0.00356	0.00010	9e-05	2.4e-05	8.7e-05	8.2e-05	0.00628	0.45127
26	0.72118	0.00020	0.00020	0.08620	0.07655	0.00023	0.00015	0.03654	0.00020	0.05207	0.00497	0.00440	0.00014	0.00010	7.5e-05	3.2e-05	8.9e-05	0.01649	6.7e-05	0.00012
27	0.00028	0.94866	0.02489	0.00018	0.00027	0.01047	0.00018	0.00653	0.00021	0.00736	0.00015	0.00017	0.00013	8.9e-05	6.8e-05	2.2e-05	0.00011	5.6e-05	4.5e-05	0.00013
28	0.00013	9.3e-05	0.00012	0.00014	0.00015	8.6e-05	9.6e-05	0.00015	0.00020	0.00666	0.02394	0.83719	0.10369	0.00031	0.00013	4.1e-05	6e-05	0.02663	9.6e-05	8.5e-05
29	0.00037	0.00016	0.00021	0.00017	0.00023	0.00014	0.00014	0.00766	0.03014	0.68983	0.14212	0.06092	0.04255	0.00016	0.00011	3.3e-05	7.9e-05	0.02471	0.00012	0.00015
30	0.25948	0.00019	0.00022	0.02442	0.01158	0.00018	0.00015	0.04332	0.00487	0.58741	0.00448	0.00029	0.00387	0.00012	9.2e-05	3.1e-05	8.7e-05	8.8e-05	0.00010	0.05903
31	0.00013	0.00010	0.00012	0.00013	0.00015	9.4e-05	0.00447	0.00016	0.00907	0.00028	0.03945	0.34123	0.45495	0.01359	0.06501	4.7e-05	7.3e-05	0.06510	9.3e-05	0.00575
32	0.00013	9e-05	0.00012	0.00014	0.00015	8.4e-05	9.6e-05	0.00014	0.00020	0.00027	0.01567	0.96935	0.00068	0.00032	0.00013	4.2e-05	6e-05	0.01214	9.6e-05	8.4e-05
33	0.00028	0.00025	0.00024	0.00021	0.00027	0.09611	0.00017	0.18303	0.62188	0.00605	0.04804	0.00530	0.02674	0.00014	0.00010	3.3e-05	9.5e-05	0.00663	0.00427	0.00015
34	0.06179	0.03221	0.05286	0.01225	0.01166	0.52504	0.00350	0.18843	0.04291	0.03924	0.00340	0.01029	0.00016	0.00011	9.8e-05	2.9e-05	0.01574	7.8e-05	6.8e-05	0.00014

[dist]
# distance from previous block
# <min> <max>
0	1

[block]
# block no. 5 follows, 3373 sequences, length 41
# corresponding to MSA columns:
# 959-963,965-983,985-1001
name=unknown_F
#
# <colnr> <probs for GDERKNQSTAVLIFYWHMCP>
#	G	D	E	R	K	N	Q	S	T	A	V	L	I	F	Y	W	H	M	C	P
0	0.00013	9.4e-05	0.00013	0.00015	0.00016	8.7e-05	0.00744	0.00015	0.00020	0.01656	0.02081	0.87360	0.05107	0.00031	0.00013	4.1e-05	6.1e-05	0.02871	9.6e-05	8.6e-05
1	0.05524	0.05815	0.36967	0.03335	0.09761	0.03565	0.17317	0.05972	0.02156	0.02285	0.04899	0.00302	0.00290	0.00011	0.00010	3.2e-05	0.00982	0.00786	5.8e-05	0.00014
2	0.00309	0.05972	0.36873	0.03553	0.02861	0.00382	0.00830	0.02508	0.02654	0.06648	0.00375	0.00850	0.00286	0.00316	9.5e-05	0.00216	0.01282	0.00225	0.00444	0.33408
3	0.50340	0.00892	0.00239	0.10827	0.08446	0.17150	0.00514	0.00419	0.00020	0.00037	0.00016	0.00021	0.00013	0.01037	0.01350	3.5e-05	0.08413	0.00246	5.7e-05	0.00012
4	0.00833	0.74873	0.13488	0.00020	0.00030	0.00949	0.02257	0.05493	0.01093	0.00860	0.00016	0.00018	0.00014	9.2e-05	7.4e-05	2.5e-05	0.00012	6.3e-05	4.9e-05	0.00014
5	0.00014	0.00010	0.00013	0.00012	0.00015	9.4e-05	9.2e-05	0.00018	0.00027	0.00452	0.69301	0.02246	0.25991	0.01404	0.00013	3.4e-05	5.1e-05	0.00436	0.00011	9.4e-05
6	0.00013	9.1e-05	0.00012	0.00014	0.00015	8.5e-05	9.4e-05	0.00014	0.00020	0.00026	0.00726	0.91373	0.02444	0.04730	0.00015	4.4e-05	6.1e-05	0.00544	9.4e-05	8.3e-05
7	0.00015	0.0001	0.00011	0.00011	0.00011	0.0001	6.2e-05	0.00015	0.00015	0.00020	0.00032	0.00067	0.00037	0.99639	0.00052	0.0001	0.0001	0.00015	6.2e-05	6.2e-05
8	0.00012	0.00010	0.00011	0.00011	0.00014	8.8e-05	8.2e-05	0.00015	0.00024	0.00029	0.08144	0.04065	0.86103	0.00026	0.00012	3.5e-05	5.3e-05	0.01479	9.7e-05	8.8e-05
9	0.00027	0.99645	0.00054	0.00018	0.00026	0.00041	0.00018	0.00031	0.00021	0.00024	0.00014	0.00016	0.00013	8.8e-05	6.6e-05	2.2e-05	0.00011	5.5e-05	4.4e-05	0.00013
10	0.00021	0.00053	0.99585	0.00029	0.00045	0.00024	0.00038	0.00033	0.00022	0.00033	0.00018	0.00022	0.00013	9.8e-05	9.8e-05	3.3e-05	0.00015	7.6e-05	4.3e-05	0.00015
11	0.00012	0.00010	0.00011	0.00011	0.00014	8.7e-05	7.9e-05	0.00015	0.00024	0.00028	0.02945	0.01470	0.94711	0.00026	0.00012	3.5e-05	5.2e-05	0.00667	9.6e-05	8.7e-05
12	0.00022	0.00022	0.00031	0.00027	0.00027	0.00031	0.00022	0.00025	0.00016	0.00025	0.00013	0.00022	0.00013	0.00018	0.00034	4.5e-05	0.99620	9e-05	4.5e-05	0.00011
13	0.01683	0.00018	0.00030	0.94376	0.00068	0.00023	0.00028	0.00916	0.02184	0.00027	0.00019	0.00028	0.00014	0.00010	0.00010	3.4e-05	0.00013	9.1e-05	0.00527	0.00012
14	0.00013	9.5e-05	0.00012	0.00015	0.00016	8.9e-05	0.00010	0.00015	0.00561	0.00027	0.01264	0.78546	0.06079	0.01693	0.00014	4.3e-05	6.4e-05	0.11688	9.5e-05	8.5e-05
15	0.02361	0.00028	0.00029	0.02717	0.04405	0.19279	0.03897	0.33321	0.01563	0.06835	0.00023	0.00598	0.01677	0.00011	0.00248	2.8e-05	0.03628	8.6e-05	7.8e-05	0.19361
16	0.00022	0.00019	0.00028	0.34465	0.14390	0.00771	0.00021	0.02438	0.01944	0.02739	0.01975	0.00030	0.00802	0.00011	0.00279	2.8e-05	0.01280	0.03189	6e-05	0.35589
17	0.00027	0.00486	0.00023	0.00021	0.04738	0.03521	0.04545	0.09254	0.08967	0.22292	0.23223	0.01591	0.05770	0.00305	0.00201	3.2e-05	0.00844	0.04211	9.8e-05	0.09967
18	0.00020	0.00012	0.00016	0.00014	0.00018	0.00011	0.01671	0.01404	0.03713	0.15239	0.55955	0.05739	0.15695	0.00021	0.00012	3.3e-05	6e-05	0.00018	0.00420	0.00011
19	0.00021	0.00052	0.96923	0.00029	0.00044	0.00024	0.01242	0.00033	0.00022	0.01490	0.00019	0.00022	0.00013	9.8e-05	9.8e-05	3.3e-05	0.00015	7.7e-05	4.5e-05	0.00015
20	0.00021	0.00053	0.99585	0.00029	0.00045	0.00024	0.00038	0.00033	0.00022	0.00033	0.00018	0.00022	0.00013	9.8e-05	9.8e-05	3.3e-05	0.00015	7.6e-05	4.3e-05	0.00015
21	0.00015	0.00011	0.00014	0.00256	0.00996	0.00011	0.00011	0.01029	0.01237	0.01125	0.26648	0.08815	0.26903	0.04326	0.09978	5.3e-05	0.01299	0.17301	9.4e-05	9.4e-05
22	0.00013	9e-05	0.00012	0.00014	0.00015	8.4e-05	9.6e-05	0.00014	0.00020	0.00026	0.00719	0.95461	0.01268	0.01166	0.00014	4.2e-05	6e-05	0.01203	9.5e-05	8.4e-05
23	0.00015	0.00011	0.00017	0.00016	0.00018	0.00013	0.00013	0.00837	0.00017	0.00024	0.00028	0.00040	0.00026	0.00076	0.97469	0.00016	0.00027	0.00011	0.01316	9.3e-05
24	0.00467	0.00020	0.00022	0.00017	0.00025	0.00782	0.00254	0.23002	0.02085	0.00505	0.00799	0.05387	0.05636	0.00012	9.1e-05	2.3e-05	8.4e-05	0.03424	7.7e-05	0.57536
25	0.00659	0.00018	0.00024	0.00018	0.00026	0.00015	0.00015	0.00668	0.00029	0.96213	0.01242	0.00035	0.00026	0.00013	0.00010	3.2e-05	8.7e-05	0.00010	0.00013	0.00953
26	0.00016	0.00012	0.00016	0.00018	0.00021	0.00012	0.00016	0.00021	0.00023	0.00030	0.00786	0.07296	0.01598	0.00029	0.00014	4.7e-05	9.1e-05	0.90060	9.5e-05	9.4e-05
27	0.00021	0.00053	0.99585	0.00029	0.00045	0.00024	0.00038	0.00033	0.00022	0.00033	0.00018	0.00022	0.00013	9.8e-05	9.8e-05	3.3e-05	0.00015	7.6e-05	4.3e-05	0.00015
28	0.00028	0.91472	0.00604	0.00018	0.00027	0.05212	0.00018	0.01711	0.00022	0.00025	0.00015	0.00017	0.00013	9e-05	7e-05	2.3e-05	0.00776	5.7e-05	4.5e-05	0.00013
29	0.03014	0.00011	0.00015	0.02666	0.00717	0.00508	0.00341	0.00716	0.00016	0.00437	0.00029	0.00053	0.00031	0.53922	0.36190	0.00012	0.00831	0.00013	0.00470	7.9e-05
30	0.00243	0.00022	0.05846	0.27183	0.11095	0.02339	0.16246	0.02314	0.01278	0.10564	0.03744	0.00035	0.00190	0.04846	0.06333	4.5e-05	0.00486	0.03062	0.04155	0.00013
31	0.00013	9.8e-05	0.00012	0.00013	0.00015	8.8e-05	9.1e-05	0.00016	0.00023	0.00030	0.20030	0.46114	0.30986	0.01254	0.00013	3.8e-05	5.6e-05	0.01428	9.9e-05	8.7e-05
32	0.00027	0.95241	0.00348	0.00018	0.00026	0.00508	0.00018	0.00751	0.00388	0.00025	0.00015	0.00017	0.00014	0.00939	7.3e-05	2.3e-05	0.00642	5.7e-05	0.00358	0.00651
33	0.00013	0.00010	0.00011	0.00011	0.00014	8.8e-05	8.3e-05	0.00015	0.00023	0.00029	0.12690	0.15544	0.63780	0.02788	0.00015	0.04324	5.6e-05	0.00022	0.00680	8.5e-05
34	0.00016	0.00012	0.00015	0.00943	0.00388	0.00942	0.00012	0.00022	0.09158	0.00569	0.29296	0.03651	0.25724	0.00024	0.00013	3.8e-05	6.9e-05	0.29183	0.00010	0.00010
35	0.00014	0.00011	0.00012	0.00012	0.00015	9.5e-05	8.8e-05	0.00017	0.03023	0.00645	0.26668	0.07465	0.59237	0.01655	0.00441	3.6e-05	5.5e-05	0.00740	0.0001	9.2e-05
36	0.87036	0.09864	0.01914	0.00014	0.00021	0.00025	0.00012	0.00031	0.00018	0.00971	0.00015	0.00017	0.00012	9.5e-05	6.5e-05	3.1e-05	8.4e-05	5.6e-05	6.2e-05	0.00011
37	0.00773	0.03205	0.25014	0.00320	0.41332	0.00396	0.15960	0.08058	0.01975	0.02217	0.00640	0.00025	0.00016	9.7e-05	0.00010	3.2e-05	0.00013	9.2e-05	5.6e-05	0.00016
38	0.95269	0.01288	0.01556	0.00014	0.00472	0.00023	0.00404	0.00411	0.00018	0.00451	0.00015	0.00017	0.00011	9.6e-05	6.5e-05	3.2e-05	8.2e-05	5.7e-05	6.3e-05	0.00011
39	0.00024	0.02102	0.02975	0.00976	0.00580	0.00426	0.03037	0.03917	0.02216	0.09611	0.04809	0.00990	0.02189	0.00010	0.00207	2.2e-05	0.00200	0.01662	7.3e-05	0.64058
40	0.20684	0.00751	0.01319	0.00020	0.00242	0.08991	0.00288	0.21364	0.12216	0.27394	0.00698	0.01630	0.00021	0.00013	0.01021	3.3e-05	0.02198	0.01122	9.4e-05	0.00015

[dist]
# distance from previous block
# <min> <max>
1	6

[block]
# block no. 6 follows, 3373 sequences, length 31
# corresponding to MSA columns:
# 1009-1024,1026-1040
name=unknown_G
#
# <colnr> <probs for GDERKNQSTAVLIFYWHMCP>
#	G	D	E	R	K	N	Q	S	T	A	V	L	I	F	Y	W	H	M	C	P
0	0.00458	0.00020	0.00032	0.69032	0.06197	0.01111	0.04564	0.02500	0.08389	0.00488	0.00021	0.00332	0.00016	0.00011	0.00012	3.5e-05	0.06478	0.00319	5.3e-05	0.00012
1	0.00035	0.00025	0.00027	0.00022	0.00029	0.01629	0.00018	0.59994	0.19350	0.08204	0.00901	0.00032	0.02274	0.00013	0.00010	3.1e-05	0.00010	0.01552	0.00679	0.05194
2	0.00014	0.00011	0.00014	0.04918	0.00018	0.00011	0.00384	0.00440	0.00382	0.00033	0.39210	0.04300	0.41620	0.01188	0.01322	3.7e-05	0.03755	0.01976	9.7e-05	0.00390
3	0.00024	0.00022	0.00792	0.35040	0.20163	0.01202	0.11758	0.07837	0.01754	0.00451	0.01078	0.00027	0.00299	0.00011	0.00012	3.2e-05	0.09331	9.3e-05	0.00352	0.09836
4	0.00013	9.9e-05	0.00012	0.00013	0.00015	9e-05	9e-05	0.00015	0.00021	0.00027	0.06217	0.43801	0.38687	0.05525	0.02320	4.5e-05	0.00630	0.02655	9.3e-05	8.5e-05
5	0.01013	0.39880	0.11955	0.03326	0.04697	0.06825	0.01285	0.04501	0.07422	0.01084	0.00019	0.00021	0.00015	9.6e-05	8.4e-05	2.5e-05	0.00711	7e-05	5.6e-05	0.17213
6	0.00013	9.2e-05	0.00012	0.00014	0.00015	8.5e-05	9.5e-05	0.00015	0.00020	0.00027	0.02924	0.85473	0.10173	0.00031	0.00013	4.1e-05	5.9e-05	0.01216	9.6e-05	8.4e-05
7	0.00027	0.00282	0.02271	0.01066	0.06203	0.07732	0.04227	0.04488	0.00369	0.11063	0.00415	0.00024	0.00017	9e-05	8.8e-05	2.1e-05	0.00686	7.4e-05	0.00281	0.60823
8	0.00337	0.00020	0.00028	0.12677	0.19599	0.00652	0.03168	0.00534	0.00841	0.01127	0.00286	0.00293	0.00016	0.00301	9.7e-05	2.3e-05	0.03276	7.6e-05	5.8e-05	0.56820
9	0.00015	0.0001	0.00011	0.00011	0.00011	0.00010	6.3e-05	0.00015	0.00015	0.00020	0.00032	0.00067	0.00037	0.97946	0.01745	0.00010	0.00010	0.00015	6.2e-05	6.3e-05
10	0.00026	0.00022	0.00023	0.00021	0.00027	0.00025	0.00016	0.01948	0.95358	0.00043	0.02345	0.00039	0.00033	0.00014	0.00010	3.5e-05	8.1e-05	0.00012	0.00010	0.00016
11	0.00013	9.1e-05	0.00012	0.00014	0.00015	8.5e-05	9.6e-05	0.00015	0.00020	0.00996	0.03784	0.91760	0.01357	0.01267	0.00014	4.2e-05	6e-05	0.00679	9.6e-05	8.5e-05
12	0.00014	0.00011	0.00012	0.00012	0.00015	9.3e-05	8.9e-05	0.00018	0.00027	0.00890	0.55064	0.00959	0.42878	0.00023	0.00012	3.3e-05	5e-05	0.00020	0.00011	9.3e-05
13	0.93703	0.00020	0.00016	0.00014	0.00020	0.00023	0.00011	0.00031	0.00018	0.06047	0.00016	0.00018	0.00012	9.7e-05	6.6e-05	3.2e-05	8e-05	5.9e-05	6.7e-05	0.00012
14	0.00046	0.00018	0.00024	0.00018	0.00026	0.00015	0.00015	0.01744	0.00030	0.97887	0.00040	0.00035	0.00025	0.00013	0.00010	3.2e-05	8.8e-05	0.00010	0.00013	0.00018
15	0.00026	0.00022	0.00023	0.00021	0.00027	0.00026	0.00016	0.00055	0.99556	0.00043	0.00042	0.00038	0.00031	0.00014	0.00010	3.5e-05	8.1e-05	0.00012	0.00010	0.00016
16	0.00026	0.00022	0.00023	0.00021	0.00027	0.00026	0.00016	0.00055	0.99556	0.00043	0.00042	0.00038	0.00031	0.00014	0.00010	3.5e-05	8.1e-05	0.00012	0.00010	0.00016
17	0.00020	0.00019	0.00032	0.87789	0.08098	0.00023	0.01254	0.00585	0.00021	0.00027	0.00019	0.01187	0.00015	0.00011	0.00010	3.4e-05	0.00013	0.00857	4.8e-05	0.00012
18	0.00332	0.00019	0.02180	0.00019	0.00483	0.00305	0.01648	0.18275	0.02345	0.44655	0.07124	0.08954	0.04254	0.02013	0.00595	3.4e-05	8.9e-05	0.00855	0.00011	0.05923
19	0.95371	0.00020	0.00015	0.00014	0.00020	0.00023	0.00011	0.00031	0.01289	0.03109	0.00015	0.00018	0.00012	9.7e-05	6.5e-05	3.2e-05	8e-05	5.8e-05	6.6e-05	0.00011
20	0.00020	0.00953	0.00019	0.00544	0.02441	0.00441	0.03497	0.08804	0.00296	0.08819	0.00381	0.49089	0.00053	0.00597	0.00259	4.1e-05	0.00503	0.23260	9.5e-05	0.00011
21	0.00013	9.2e-05	0.00012	0.00014	0.00015	8.5e-05	9.5e-05	0.00015	0.00020	0.00027	0.04897	0.85108	0.06821	0.00031	0.00013	4.1e-05	5.9e-05	0.01196	0.01771	8.5e-05
22	0.00774	0.00934	0.00027	0.00022	0.00029	0.00697	0.00733	0.43646	0.44209	0.02539	0.00405	0.00031	0.00024	0.00013	0.00010	3.2e-05	9.7e-05	0.00010	0.00010	0.05874
23	0.06873	0.01366	0.04740	0.00520	0.02142	0.10562	0.00667	0.30569	0.06295	0.31202	0.00028	0.00283	0.00020	0.00799	0.00010	3.1e-05	0.00302	9.1e-05	9.5e-05	0.03600
24	0.00022	0.00018	0.00021	0.00015	0.00024	0.00014	0.00012	0.01175	0.00022	0.01123	0.00019	0.00022	0.00015	7.7e-05	7.7e-05	1.6e-05	7.7e-05	6.2e-05	6.2e-05	0.97461
25	0.00013	9.1e-05	0.00012	0.00014	0.00015	8.6e-05	9.8e-05	0.00015	0.00020	0.00026	0.00056	0.92125	0.00067	0.02448	0.00014	4.3e-05	6.2e-05	0.05119	9.5e-05	8.4e-05
26	0.00019	0.00018	0.00030	0.89976	0.03314	0.00022	0.00531	0.00405	0.00021	0.00027	0.00538	0.01406	0.00879	0.00385	0.01663	3.7e-05	0.00424	0.00320	4.8e-05	0.00011
27	0.02196	0.64500	0.01274	0.00019	0.00027	0.02007	0.00018	0.13674	0.01440	0.14306	0.00020	0.00021	0.00016	0.00010	7.9e-05	2.5e-05	0.00434	6.9e-05	6.5e-05	0.00014
28	0.00019	0.00018	0.00031	0.99614	0.00071	0.00023	0.00029	0.00026	0.00021	0.00026	0.00018	0.00027	0.00014	0.00010	0.00010	3.4e-05	0.00014	9.1e-05	4.6e-05	0.00011
29	0.00015	0.0001	0.00011	0.00011	0.00011	9.9e-05	6.3e-05	0.00015	0.00015	0.00020	0.00033	0.01153	0.00038	0.96791	0.00051	9.8e-05	9.8e-05	0.00015	0.01768	6.3e-05
30	0.90086	0.00020	0.00017	0.00015	0.00021	0.00023	0.02430	0.01412	0.01460	0.02052	0.00681	0.00359	0.00013	0.0001	7e-05	3.2e-05	0.00563	0.00441	6.6e-05	0.00382

[dist]
# distance from previous block
# <min> <max>
0	1

[block]
# block no. 7 follows, 3373 sequences, length 34
# corresponding to MSA columns:
# 1042-1057,1059-1069,1096-1102
name=unknown_H
#
# <colnr> <probs for GDERKNQSTAVLIFYWHMCP>
#	G	D	E	R	K	N	Q	S	T	A	V	L	I	F	Y	W	H	M	C	P
0	0.00253	0.01711	0.00013	0.00257	0.00015	0.00010	0.00235	0.00730	0.00023	0.01264	0.16721	0.04152	0.53265	0.13614	0.00285	4.4e-05	0.00378	0.06550	0.00513	8.8e-05
1	0.00021	0.01072	0.00547	0.01399	0.00343	0.05786	0.04588	0.06308	0.17923	0.00451	0.22922	0.05391	0.16635	0.01157	0.00013	3.3e-05	0.04870	0.01574	0.00267	0.08729
2	0.07400	0.00791	0.06950	0.01291	0.00028	0.01854	0.15692	0.10503	0.02403	0.12481	0.02705	0.12038	0.01914	0.11736	0.01038	4.3e-05	0.03918	0.01840	0.05218	0.00195
3	0.00022	0.00422	0.00469	0.57042	0.07767	0.01835	0.03763	0.00949	0.00605	0.00896	0.00018	0.00284	0.00014	0.00285	0.00301	0.00339	0.24131	9.2e-05	0.00205	0.00645
4	0.00013	9.6e-05	0.00013	0.00015	0.00016	9.2e-05	0.00011	0.00016	0.00020	0.00027	0.01674	0.72190	0.00877	0.03930	0.00837	4.6e-05	7e-05	0.20311	9.4e-05	8.5e-05
5	0.00907	0.18832	0.56022	0.02787	0.00446	0.04816	0.09689	0.02100	0.00767	0.01646	0.01042	0.00295	0.00307	9.9e-05	9.5e-05	3.1e-05	0.00295	8e-05	4.9e-05	0.00014
6	0.00015	0.00010	0.00013	0.00014	0.00014	0.00011	9.1e-05	0.00016	0.00016	0.00022	0.00432	0.04534	0.00385	0.53651	0.38704	0.00621	0.00401	0.00636	6.1e-05	0.00488
7	0.00015	0.00011	0.00017	0.00017	0.00019	0.00013	0.01711	0.00019	0.00017	0.00024	0.00027	0.00040	0.00026	0.00076	0.97899	0.00016	0.00027	0.00011	5.5e-05	9.3e-05
8	0.02381	0.12369	0.12486	0.01571	0.03708	0.10644	0.04259	0.18094	0.28461	0.01979	0.00026	0.00252	0.00020	0.00012	0.00206	3.1e-05	0.00705	0.00222	0.00207	0.02396
9	0.00206	0.08802	0.11261	0.01872	0.01624	0.02131	0.02731	0.01718	0.07683	0.06435	0.20090	0.03023	0.08465	0.00015	0.00340	0.00237	0.03779	0.00578	0.00176	0.18835
10	0.01866	0.22662	0.37161	0.01397	0.04951	0.01951	0.04299	0.05743	0.02251	0.11006	0.00391	0.00532	0.00756	0.00011	0.00203	0.00182	0.01072	0.00192	6.1e-05	0.03368
11	0.00226	0.26475	0.54467	0.00025	0.00037	0.00346	0.03485	0.03220	0.02308	0.02046	0.01486	0.03653	0.00758	0.00248	0.00220	3.1e-05	0.00540	0.00210	5.2e-05	0.00242
12	0.00013	9.2e-05	0.00012	0.00014	0.00015	8.6e-05	9.8e-05	0.00015	0.00624	0.00027	0.00761	0.90078	0.03881	0.00032	0.00013	4.2e-05	6.1e-05	0.04459	9.6e-05	8.5e-05
13	0.01616	0.00924	0.13621	0.01849	0.12045	0.00499	0.09786	0.11402	0.16028	0.20551	0.03967	0.01461	0.01949	0.00684	0.00702	3.4e-05	0.00715	0.01006	0.01178	0.00015
14	0.02286	0.03676	0.15911	0.11157	0.11018	0.02997	0.10711	0.05428	0.09142	0.07148	0.00738	0.08839	0.01902	0.00953	0.01826	0.00204	0.05165	0.00677	0.00209	0.00014
15	0.01060	0.00011	0.00011	0.00011	0.00014	0.00812	8.1e-05	0.00016	0.00024	0.00029	0.08726	0.01956	0.87236	0.00025	0.00012	3.5e-05	5.3e-05	0.00021	9.6e-05	8.8e-05
16	0.00014	0.00011	0.00013	0.00013	0.00015	9.5e-05	9.3e-05	0.00456	0.00747	0.00960	0.56132	0.12364	0.28684	0.00024	0.00012	3.4e-05	5.2e-05	0.00508	0.00011	9.4e-05
17	0.02388	0.01420	0.09327	0.10953	0.11973	0.01984	0.09698	0.08980	0.09766	0.05034	0.02739	0.12783	0.04965	0.00450	0.00481	0.00299	0.03076	0.03197	0.00472	0.00013
18	0.00477	0.00019	0.00031	0.90009	0.03147	0.01106	0.01331	0.00276	0.00291	0.00543	0.00263	0.00504	0.00787	0.00011	0.00010	3.4e-05	0.00791	9.4e-05	0.00379	0.00012
19	0.08538	0.01919	0.00028	0.00477	0.00029	0.04692	0.00359	0.56549	0.12128	0.14444	0.00391	0.00354	0.00020	0.00012	9.9e-05	3.1e-05	0.00011	9.3e-05	9.9e-05	0.00016
20	0.01772	0.00019	0.00025	0.00019	0.00027	0.00018	0.00491	0.14534	0.00420	0.80482	0.00378	0.00034	0.00376	0.00013	0.00010	3.2e-05	9.1e-05	0.00488	0.00864	0.00017
21	0.11796	0.08989	0.06773	0.19925	0.11768	0.06578	0.05051	0.07430	0.03615	0.07236	0.02317	0.02283	0.01650	0.00481	0.00581	3.3e-05	0.02485	0.00817	0.00207	0.00013
22	0.00015	0.00012	0.00015	0.00610	0.11508	0.00257	0.00012	0.00018	0.01024	0.00386	0.12961	0.26417	0.40256	0.01050	0.01149	3.8e-05	0.00771	0.00999	0.02527	9.8e-05
23	0.00014	9.7e-05	0.00013	0.00015	0.00015	0.00276	0.00289	0.00520	0.00345	0.00305	0.00575	0.75599	0.01857	0.10617	0.01056	0.00353	7e-05	0.08118	9.1e-05	8.3e-05
24	0.38852	0.10549	0.08636	0.01100	0.07585	0.17227	0.05843	0.04716	0.00441	0.02342	0.00017	0.00020	0.00013	0.00319	0.00232	3.1e-05	0.01818	7e-05	0.00267	0.00013
25	0.00018	0.00013	0.00017	0.00377	0.03090	0.00362	0.02075	0.00820	0.09940	0.05694	0.34898	0.13056	0.19676	0.02173	0.00449	3.7e-05	0.00224	0.05809	0.01296	0.00011
26	0.07457	0.11111	0.22684	0.02627	0.07146	0.03864	0.03945	0.07859	0.04258	0.05278	0.01486	0.00676	0.00422	0.00210	0.00416	2.9e-05	0.01220	0.00276	0.00281	0.18783
27	0.00015	0.00011	0.00013	0.00013	0.00016	9.9e-05	0.00299	0.00887	0.01592	0.05090	0.05763	0.16812	0.56111	0.00372	0.00639	3.7e-05	0.00270	0.07679	0.04395	9.4e-05
28	0.02533	0.30250	0.18509	0.01009	0.03321	0.03446	0.01770	0.09875	0.19442	0.03485	0.01861	0.00954	0.00846	0.00273	0.00489	3e-05	0.00553	0.00297	0.00457	0.00627
29	0.02592	0.18926	0.26851	0.03386	0.05483	0.01806	0.03685	0.03998	0.02456	0.07860	0.01350	0.02503	0.00740	0.00285	0.01140	0.00171	0.03074	0.01112	0.00246	0.12339
30	0.04889	0.25377	0.40355	0.01471	0.03850	0.03434	0.03624	0.03781	0.01926	0.06186	0.00449	0.01517	0.00294	0.00280	0.00188	3e-05	0.00465	0.00325	0.00193	0.01391
31	0.51479	0.00020	0.00416	0.00016	0.00023	0.00020	0.00013	0.06927	0.00919	0.38188	0.00928	0.00025	0.00018	0.00011	8.3e-05	3.2e-05	8.5e-05	7.9e-05	0.00461	0.00508
32	0.02004	0.00316	0.00281	0.00801	0.00494	0.00016	0.00282	0.05283	0.01349	0.78721	0.01270	0.04418	0.02129	0.00706	0.00265	3.3e-05	8.7e-05	0.00379	0.01258	0.00016
33	0.01753	0.03659	0.07178	0.07190	0.02823	0.02140	0.01967	0.03675	0.03588	0.09727	0.03729	0.22483	0.06986	0.05078	0.07540	0.00456	0.05171	0.04090	0.00572	0.00195

[dist]
# distance from previous block
# <min> <max>
0	3

[block]
# block no. 8 follows, 3373 sequences, length 27
# corresponding to MSA columns:
# 1106-1132
name=unknown_I
#
# <colnr> <probs for GDERKNQSTAVLIFYWHMCP>
#	G	D	E	R	K	N	Q	S	T	A	V	L	I	F	Y	W	H	M	C	P
0	0.00272	0.00831	0.74683	0.00630	0.01003	0.00023	0.02547	0.06843	0.00539	0.01781	0.02167	0.06011	0.00409	0.00303	0.00010	3.3e-05	0.00354	0.01235	0.00339	0.00015
1	0.00013	0.00010	0.00011	0.00012	0.00014	8.8e-05	8.5e-05	0.00015	0.00023	0.00029	0.08943	0.19849	0.68733	0.00027	0.00012	3.6e-05	5.4e-05	0.02264	9.7e-05	8.7e-05
2	0.06650	0.00018	0.00023	0.00018	0.00026	0.00016	0.00015	0.04571	0.00029	0.87445	0.01055	0.00034	0.00025	0.00013	0.00010	3.2e-05	8.8e-05	0.00010	0.00012	0.00017
3	0.04323	0.01330	0.01166	0.39781	0.23566	0.00840	0.01272	0.06369	0.02734	0.03161	0.00634	0.10052	0.00910	0.00281	0.00011	3.4e-05	0.00372	0.01779	0.01401	0.00013
4	0.00020	0.00018	0.00030	0.88727	0.00066	0.00023	0.00027	0.03138	0.00021	0.00895	0.00019	0.00028	0.00014	0.00011	0.00011	3.4e-05	0.02890	9.2e-05	0.04037	0.00012
5	0.01059	0.00026	0.00029	0.00022	0.00030	0.00028	0.00018	0.79369	0.00044	0.15957	0.00027	0.00027	0.00019	0.00012	0.00010	3.1e-05	0.00011	9.4e-05	0.03282	0.00017
6	0.00020	0.00019	0.00031	0.95476	0.02944	0.00023	0.00029	0.00026	0.00021	0.00026	0.00018	0.00027	0.00014	0.00010	0.00011	3.4e-05	0.01276	9.1e-05	4.6e-05	0.00012
7	0.86259	0.00019	0.00016	0.00015	0.01519	0.00022	0.00441	0.02346	0.00019	0.01457	0.04712	0.00467	0.00017	0.00993	7.4e-05	3.3e-05	8e-05	0.01038	0.00630	0.00011
8	0.00025	0.00022	0.00023	0.00021	0.00027	0.00026	0.00016	0.00053	0.93053	0.00042	0.01848	0.00038	0.00032	0.00014	0.00012	3.5e-05	0.04707	0.00012	0.00010	0.00016
9	0.00021	0.00019	0.00023	0.00017	0.00026	0.00014	0.04707	0.00026	0.00022	0.00033	0.00019	0.00024	0.00016	8.2e-05	8e-05	1.7e-05	8.1e-05	0.02566	6.1e-05	0.92434
10	0.00019	0.00018	0.00030	0.94915	0.00068	0.00022	0.00028	0.00026	0.00021	0.00027	0.04715	0.00030	0.00018	0.00011	0.00010	3.4e-05	0.00013	9.6e-05	4.9e-05	0.00011
11	0.00013	0.00011	0.01043	0.00012	0.00628	9.3e-05	8.9e-05	0.00016	0.01765	0.00030	0.12581	0.11168	0.71776	0.00026	0.00012	3.5e-05	5.5e-05	0.00872	9.7e-05	9e-05
12	0.00612	0.00018	0.00024	0.00018	0.00026	0.00016	0.00015	0.02272	0.01679	0.91956	0.01718	0.00036	0.00565	0.00013	0.00010	3.2e-05	8.7e-05	0.00011	0.00984	0.00017
13	0.08193	0.00042	0.00027	0.00026	0.03457	0.78965	0.00019	0.00038	0.00506	0.00027	0.00020	0.05202	0.02133	0.00012	9.5e-05	2.8e-05	0.00712	0.00591	5.7e-05	0.00012
14	0.00427	0.00021	0.00031	0.77146	0.04976	0.07933	0.00027	0.00891	0.00454	0.03200	0.00019	0.00027	0.00015	0.00370	0.00993	3.5e-05	0.02950	0.00499	5e-05	0.00012
15	0.00013	9.3e-05	0.00012	0.01877	0.00016	8.8e-05	9.8e-05	0.00015	0.00020	0.00026	0.01556	0.87111	0.04816	0.02218	0.00885	0.00573	6.4e-05	0.00809	9.3e-05	8.4e-05
16	0.00013	9.3e-05	0.00012	0.00014	0.00015	8.7e-05	9.6e-05	0.00015	0.01666	0.00027	0.01835	0.89909	0.02262	0.03357	0.00014	4.3e-05	6.1e-05	0.00804	9.5e-05	8.5e-05
17	0.00022	0.00021	0.00034	0.58444	0.34168	0.03278	0.00029	0.01772	0.00022	0.00029	0.00019	0.01423	0.00015	0.00010	0.00010	3.3e-05	0.00670	9.3e-05	4.9e-05	0.00013
18	0.00019	0.00017	0.00029	0.90786	0.00066	0.00022	0.00027	0.00025	0.00020	0.00026	0.00019	0.00029	0.00015	0.03268	0.00013	0.05581	0.00013	9.3e-05	4.6e-05	0.00011
19	0.00016	0.00011	0.00014	0.00013	0.00016	0.00010	0.00010	0.00806	0.03197	0.01764	0.77806	0.01670	0.08667	0.00021	0.00012	3.3e-05	5.3e-05	0.03792	0.02156	0.0001
20	0.00019	0.00018	0.00030	0.90176	0.01874	0.00022	0.00538	0.00300	0.00296	0.00303	0.01095	0.00304	0.00346	0.00426	0.03021	0.00336	0.00302	9.4e-05	0.00573	0.00011
21	0.00027	0.99645	0.00054	0.00018	0.00026	0.00041	0.00018	0.00031	0.00021	0.00024	0.00014	0.00016	0.00013	8.8e-05	6.6e-05	2.2e-05	0.00011	5.5e-05	4.4e-05	0.00013
22	0.00015	0.00010	0.00013	0.00013	0.00014	0.00011	8.7e-05	0.00016	0.00016	0.00022	0.02230	0.00634	0.01788	0.58233	0.32301	0.03033	0.00015	0.01132	0.00488	7.3e-05
23	0.00484	0.00018	0.00024	0.00018	0.00026	0.00016	0.00922	0.03598	0.00698	0.87413	0.02138	0.01657	0.01305	0.00013	0.00010	3.2e-05	8.7e-05	0.00470	0.01161	0.00017
24	0.00285	0.08072	0.25982	0.00031	0.00040	0.00357	0.38530	0.02022	0.05839	0.01330	0.05447	0.04493	0.01906	0.00385	0.00678	3.5e-05	0.01985	0.02047	0.00553	0.00014
25	0.00016	0.00322	0.01895	0.00014	0.00017	0.00011	0.01470	0.02483	0.00321	0.02335	0.68181	0.02915	0.16298	0.00817	0.00900	3.5e-05	0.00313	0.01666	0.00011	0.00010
26	0.01469	0.02141	0.06593	0.14865	0.35100	0.04001	0.01655	0.01917	0.01083	0.11478	0.01445	0.02398	0.02098	0.00477	0.02341	0.00227	0.07727	0.02415	0.00557	0.00014

[dist]
# distance from previous block
# <min> <max>
4	13

[block]
# block no. 9 follows, 3373 sequences, length 31
# corresponding to MSA columns:
# 1166,1167,1187-1189,1219-1244
name=unknown_J
#
# <colnr> <probs for GDERKNQSTAVLIFYWHMCP>
#	G	D	E	R	K	N	Q	S	T	A	V	L	I	F	Y	W	H	M	C	P
0	0.01126	0.32548	0.03125	0.01102	0.01732	0.08691	0.00257	0.10539	0.35460	0.00941	0.00487	0.00310	0.00252	0.00013	0.01446	3.1e-05	0.00756	8.7e-05	0.00922	0.00284
1	0.02921	0.04538	0.08847	0.15395	0.13202	0.00662	0.06170	0.02826	0.02305	0.09545	0.04102	0.13833	0.04982	0.01118	0.01415	0.00747	0.01909	0.02116	0.00226	0.03139
2	0.03227	0.15468	0.35601	0.01505	0.06085	0.04713	0.05432	0.03365	0.02461	0.13090	0.01832	0.01408	0.00512	0.00460	0.00232	3.1e-05	0.01357	0.00349	0.00214	0.02686
3	0.00925	0.02147	0.00961	0.03570	0.00230	0.00344	0.00360	0.03191	0.09799	0.04334	0.24737	0.09240	0.35236	0.01115	0.00012	3.5e-05	0.00557	0.02828	0.00401	0.00011
4	0.00038	0.00017	0.00022	0.00018	0.00024	0.00016	0.00014	0.03427	0.11193	0.67110	0.12349	0.00042	0.01228	0.00014	0.00011	3.2e-05	8.1e-05	0.01041	0.03409	0.00016
5	0.01179	0.21385	0.06570	0.09411	0.15254	0.05132	0.09637	0.04202	0.01093	0.09733	0.03265	0.04861	0.02001	0.01741	0.00266	3.2e-05	0.01553	0.01277	0.01422	0.00014
6	0.02019	0.07194	0.16068	0.06179	0.12920	0.03100	0.10476	0.03657	0.02437	0.15026	0.00712	0.02691	0.01388	0.04370	0.04685	0.00216	0.04715	0.02126	6.8e-05	0.00014
7	0.07453	0.00018	0.00023	0.00018	0.00026	0.00017	0.00015	0.04521	0.02903	0.81789	0.01751	0.00034	0.00657	0.00013	0.00010	3.2e-05	8.7e-05	0.00010	0.00713	0.00017
8	0.00013	9.3e-05	0.00012	0.00588	0.00016	8.8e-05	9.9e-05	0.00015	0.00490	0.00561	0.00056	0.90058	0.01095	0.02356	0.00014	4.3e-05	6.3e-05	0.04668	9.5e-05	8.5e-05
9	0.02203	0.20818	0.18528	0.06318	0.08297	0.11105	0.04488	0.06831	0.08291	0.08781	0.00926	0.00915	0.00690	0.00208	0.00324	3e-05	0.00671	0.00312	0.00276	0.00014
10	0.00019	0.00278	0.02998	0.11127	0.04305	0.00014	0.02498	0.02686	0.00518	0.08470	0.05205	0.26924	0.03632	0.04878	0.00319	0.00697	0.00458	0.24518	0.00445	0.00011
11	0.00013	0.00010	0.01535	0.00015	0.00016	9.8e-05	0.00769	0.00371	0.00020	0.00026	0.00701	0.75332	0.01519	0.05449	0.07800	5.4e-05	0.01502	0.04890	8.9e-05	8.6e-05
