[name]
unknown

[dist]
# distance from previous block
# <min> <max>
0	57

[block]
# block no. 0 follows, 2733 sequences, length 58
# corresponding to MSA columns:
# 66,67,112-116,120-131,133-171
name=unknown_A
#
# <colnr> <probs for GDERKNQSTAVLIFYWHMCP>
#	G	D	E	R	K	N	Q	S	T	A	V	L	I	F	Y	W	H	M	C	P
0	0.10043	0.00017	0.00022	0.00022	0.00027	0.00017	0.00315	0.00674	0.00797	0.16242	0.00723	0.00345	0.00058	0.00028	0.00015	5.1e-05	0.00011	0.66831	0.00012	0.03794
1	0.09915	0.00024	0.02219	0.00394	0.01694	0.01986	0.00657	0.04687	0.01012	0.59333	0.02132	0.00208	0.00512	0.00015	0.00782	3.8e-05	0.00011	0.00719	0.00013	0.13684
2	0.12161	0.00038	0.00588	0.00031	0.01332	0.22048	0.08607	0.44149	0.05142	0.02528	0.01877	0.00030	0.00205	0.00202	0.00012	3.8e-05	0.01005	0.00011	0.00010	0.00018
3	0.05572	0.00191	0.00605	0.00254	0.00352	0.00016	0.06108	0.01768	0.05628	0.09493	0.01280	0.53993	0.09619	0.00326	0.00015	4.8e-05	9.2e-05	0.04591	0.00012	0.00164
4	0.00029	0.00258	0.00044	0.36178	0.42803	0.04889	0.04488	0.02075	0.00299	0.00950	0.00027	0.04425	0.00496	0.00014	0.00013	4.1e-05	0.01819	0.01167	6.6e-05	0.00017
5	0.00230	0.26790	0.54226	0.00207	0.00399	0.00421	0.00292	0.01156	0.00543	0.06128	0.06163	0.00556	0.01704	0.00264	0.00012	0.00720	0.00154	0.00010	6.8e-05	0.00018
6	0.00016	0.00013	0.00014	0.00015	0.00018	0.00011	0.00011	0.00019	0.00294	0.00035	0.07156	0.20319	0.61307	0.01082	0.08555	5.9e-05	9.1e-05	0.01099	0.00011	0.00011
7	0.00180	0.01750	0.00792	0.47648	0.40510	0.00610	0.05838	0.00198	0.00383	0.00037	0.00232	0.01259	0.00019	0.00256	0.00013	4e-05	0.00236	0.00012	6.1e-05	0.00017
8	0.07661	0.06535	0.03045	0.15864	0.07191	0.10435	0.09201	0.15444	0.12925	0.05066	0.01995	0.01516	0.00727	0.00014	0.00013	3.9e-05	0.01751	0.00585	8.9e-05	0.00017
9	0.00027	0.00026	0.00381	0.58243	0.33661	0.00029	0.05089	0.01097	0.00027	0.00036	0.00023	0.00033	0.00018	0.00012	0.00013	4.1e-05	0.01247	0.00011	6e-05	0.00016
10	0.00016	0.00013	0.00014	0.01177	0.00332	0.00011	0.00011	0.00019	0.00029	0.00637	0.02839	0.00527	0.91006	0.00032	0.00015	4.3e-05	6.8e-05	0.03289	0.00012	0.00011
11	0.07053	0.01952	0.02191	0.14238	0.22276	0.07667	0.03576	0.06038	0.05373	0.23402	0.02199	0.00662	0.03045	0.00014	0.00012	3.9e-05	0.00259	0.00012	9.6e-05	0.00018
12	0.03248	0.00034	0.00037	0.00028	0.00038	0.00517	0.00023	0.89761	0.01608	0.04211	0.00031	0.00031	0.00022	0.00015	0.00013	3.8e-05	0.00014	0.00011	0.00331	0.00021
13	0.00023	0.00017	0.00020	0.00019	0.00847	0.00344	0.00014	0.00036	0.25848	0.03503	0.52363	0.00704	0.15517	0.00415	0.00015	4.2e-05	7.4e-05	0.00277	0.00013	0.00014
14	0.03283	0.00207	0.06136	0.04754	0.48024	0.05957	0.18111	0.05884	0.03697	0.01874	0.00310	0.00558	0.00184	0.00012	0.00013	3.9e-05	0.00629	0.00336	7.1e-05	0.00019
15	0.00776	0.04267	0.01676	0.00617	0.15847	0.29289	0.02506	0.33964	0.05087	0.05204	0.00629	0.00030	0.00021	0.00014	0.00012	3.6e-05	0.00017	0.00011	9.4e-05	0.00019
16	0.00029	0.00025	0.00027	0.00024	0.00031	0.00320	0.00426	0.00346	0.81417	0.00050	0.00358	0.06261	0.06245	0.00020	0.00013	4.4e-05	9.8e-05	0.04363	0.00013	0.00018
17	0.03908	0.00030	0.01738	0.17024	0.24393	0.00197	0.30312	0.11095	0.00192	0.02974	0.00029	0.01645	0.00024	0.00014	0.00014	4.2e-05	0.00370	0.06012	7.7e-05	0.00017
18	0.00031	0.00031	0.00058	0.00375	0.66705	0.00429	0.30624	0.00809	0.00029	0.00041	0.00024	0.00032	0.00020	0.00011	0.00013	3.9e-05	0.00724	0.00012	6.4e-05	0.00019
19	0.00015	0.00013	0.00013	0.00013	0.00018	0.00011	0.00010	0.00019	0.01812	0.00035	0.04860	0.01116	0.91355	0.00032	0.00015	4.3e-05	6.5e-05	0.00628	0.00012	0.00011
20	0.00031	0.00026	0.00028	0.00025	0.00032	0.00030	0.00019	0.00512	0.90657	0.00850	0.00051	0.00050	0.00039	0.06926	0.00016	4.8e-05	0.00010	0.00015	0.00660	0.00019
21	0.02580	0.00580	0.05194	0.17790	0.44101	0.10280	0.01334	0.14412	0.01120	0.00532	0.00024	0.00030	0.00019	0.00013	0.00013	3.9e-05	0.01939	0.00011	7.2e-05	0.00018
22	0.00056	0.00022	0.00029	0.00023	0.00032	0.00019	0.00019	0.00062	0.01815	0.97080	0.00676	0.00044	0.00032	0.00016	0.00013	3.9e-05	0.00011	0.00013	0.00016	0.00021
23	0.00021	0.00016	0.00025	0.00026	0.00933	0.00016	0.08087	0.00027	0.00029	0.00038	0.00063	0.01608	0.00068	0.00033	0.00411	5.7e-05	0.00013	0.88555	0.00011	0.00012
24	0.00028	0.00693	0.45551	0.05301	0.18719	0.04242	0.17482	0.00039	0.00028	0.00039	0.00024	0.00031	0.00018	0.00017	0.06463	5.1e-05	0.01288	0.00011	5.9e-05	0.00018
25	0.00020	0.00014	0.00020	0.00023	0.03027	0.00014	0.00019	0.00025	0.00752	0.01080	0.00066	0.26283	0.00074	0.00035	0.00017	5.6e-05	0.00011	0.68492	0.00012	0.00012
26	0.00017	0.00013	0.00016	0.00015	0.00019	0.00012	0.00011	0.00023	0.00732	0.00046	0.69999	0.00103	0.27495	0.00028	0.00015	4.1e-05	6.2e-05	0.01421	0.00013	0.00012
27	0.00408	0.00418	0.00033	0.00025	0.00035	0.00027	0.00621	0.37956	0.00045	0.59689	0.00042	0.00038	0.00027	0.00016	0.00555	4e-05	0.00012	0.00012	0.00014	0.00021
28	0.02210	0.00025	0.00031	0.00732	0.00034	0.00815	0.00477	0.18741	0.16762	0.56094	0.03390	0.00043	0.00366	0.00016	0.00013	4e-05	0.00011	0.00202	0.00014	0.00021
29	0.00050	0.00030	0.00034	0.00026	0.00036	0.00476	0.00022	0.58893	0.02531	0.35488	0.01487	0.00037	0.00797	0.00016	0.00013	3.9e-05	0.00013	0.00012	0.00014	0.00021
30	0.00030	0.00029	0.00398	0.21084	0.75090	0.00565	0.00342	0.00371	0.00028	0.00039	0.00023	0.00032	0.00019	0.00012	0.00013	3.9e-05	0.01885	0.00011	6.1e-05	0.00019
31	0.00017	0.00013	0.00016	0.00018	0.00020	0.00012	0.00013	0.00368	0.00291	0.00316	0.07890	0.47585	0.17808	0.01092	0.00017	0.01145	8.2e-05	0.23347	0.00012	0.00011
32	0.06174	0.00027	0.00037	0.46646	0.10834	0.09031	0.02295	0.03378	0.05738	0.05977	0.04767	0.00037	0.01015	0.00015	0.00473	4.1e-05	0.03102	0.00170	7.7e-05	0.00273
33	0.02179	0.00028	0.00047	0.34415	0.48571	0.00891	0.07815	0.01257	0.00562	0.00894	0.00245	0.00032	0.00019	0.00012	0.00014	4e-05	0.02979	0.00011	6.3e-05	0.00017
34	0.00887	0.00023	0.00333	0.00023	0.00032	0.00470	0.00019	0.09686	0.06180	0.74755	0.01201	0.00944	0.04947	0.00424	0.00013	4e-05	0.00011	0.00014	0.00015	0.00021
35	0.00374	0.00413	0.16553	0.12703	0.04284	0.00363	0.60156	0.00378	0.01053	0.00040	0.01695	0.00272	0.01098	0.00012	0.00014	4.2e-05	0.00254	0.00310	6.4e-05	0.00017
36	0.02166	0.16369	0.28818	0.06993	0.09970	0.04343	0.09297	0.03078	0.01964	0.10002	0.01727	0.00811	0.00694	0.00014	0.00162	3.9e-05	0.01215	0.02348	7.5e-05	0.00018
37	0.00430	0.00281	0.00510	0.34985	0.08853	0.08815	0.07196	0.02208	0.01400	0.19797	0.04042	0.03649	0.01009	0.00142	0.00766	4.3e-05	0.03990	0.01793	0.00114	0.00016
38	0.00489	0.01672	0.00023	0.00536	0.00026	0.00453	0.00237	0.02548	0.04789	0.31656	0.18835	0.09843	0.08430	0.00025	0.00623	4.5e-05	9.6e-05	0.19168	0.00616	0.00015
39	0.01054	0.02615	0.19282	0.11452	0.13809	0.04115	0.07234	0.02239	0.06552	0.14363	0.04050	0.08274	0.02135	0.00404	0.00151	4.1e-05	0.00827	0.00791	0.00630	0.00017
40	0.04593	0.05933	0.03833	0.03764	0.02754	0.10452	0.05606	0.12478	0.03147	0.40312	0.00880	0.02001	0.01534	0.00015	0.00145	3.9e-05	0.00916	0.01082	0.00532	0.00019
41	0.03550	0.00023	0.00027	0.00379	0.00030	0.00855	0.00210	0.23658	0.13318	0.26779	0.01734	0.01768	0.00455	0.15056	0.07512	6.5e-05	0.00150	0.04221	0.00129	0.00138
42	0.01985	0.01678	0.05901	0.48774	0.08155	0.00568	0.11010	0.02667	0.05624	0.02996	0.03662	0.04751	0.00338	0.00139	0.00231	0.00428	0.00652	0.00417	7.3e-05	0.00016
43	0.00026	0.00983	0.02105	0.00019	0.00222	0.00017	0.00532	0.00422	0.01291	0.02787	0.05424	0.00505	0.03464	0.00012	0.00010	2.3e-05	9.5e-05	0.00473	8.3e-05	0.81689
44	0.00018	0.00013	0.00020	0.00020	0.00022	0.00016	0.00015	0.00022	0.00020	0.00029	0.00034	0.00052	0.00033	0.06308	0.93292	0.00020	0.00033	0.00014	6.8e-05	0.00011
45	0.00848	0.01214	0.02960	0.00370	0.00032	0.01912	0.00186	0.12174	0.04879	0.57174	0.02047	0.00675	0.00282	0.07888	0.01599	4.9e-05	0.00166	0.05402	0.00168	0.00019
46	0.01182	0.18213	0.30004	0.06290	0.04076	0.05616	0.06714	0.07837	0.04166	0.04771	0.01149	0.03322	0.00380	0.01201	0.02865	4.4e-05	0.01645	0.00410	0.00137	0.00017
47	0.01060	0.00215	0.08522	0.12202	0.41165	0.02654	0.03055	0.03119	0.06291	0.15203	0.00200	0.01542	0.01234	0.00014	0.00201	4e-05	0.01834	0.01316	0.00151	0.00019
48	0.00017	0.00013	0.00016	0.00017	0.00020	0.00012	0.00321	0.00021	0.01115	0.00909	0.11603	0.30494	0.34616	0.02936	0.00438	5.1e-05	8e-05	0.17417	0.00012	0.00011
49	0.02116	0.02880	0.06220	0.28016	0.06993	0.04810	0.12770	0.04068	0.14839	0.06957	0.02105	0.00813	0.00026	0.02560	0.01476	0.00291	0.02364	0.00272	0.00407	0.00017
50	0.02656	0.08055	0.21125	0.14504	0.10108	0.05441	0.12826	0.06256	0.01717	0.11353	0.00833	0.01077	0.00399	0.00132	0.00580	4e-05	0.02452	0.00458	7.7e-05	0.00018
51	0.00025	0.00016	0.01171	0.00018	0.00023	0.00014	0.00014	0.00949	0.04680	0.15344	0.45314	0.06300	0.15496	0.00929	0.00015	4.4e-05	7.9e-05	0.09652	0.00013	0.00014
52	0.00019	0.00013	0.00016	0.00017	0.00020	0.00012	0.00012	0.00024	0.04437	0.04255	0.24058	0.31251	0.25426	0.03347	0.00017	4.8e-05	7.5e-05	0.06624	0.00427	0.00012
53	0.13762	0.03615	0.03405	0.02559	0.04593	0.03126	0.05545	0.20560	0.13593	0.20844	0.01191	0.00743	0.00236	0.00617	0.02654	0.00137	0.00919	0.01510	0.00374	0.00018
54	0.03861	0.11024	0.04316	0.10767	0.01265	0.11664	0.01291	0.12156	0.02708	0.14762	0.00365	0.01230	0.00261	0.00016	0.00019	4.2e-05	0.24256	0.00011	8.4e-05	0.00017
55	0.00017	0.00012	0.00015	0.00016	0.00019	0.00011	0.00012	0.00252	0.00028	0.01218	0.25141	0.49309	0.18816	0.02565	0.00231	4.9e-05	7.2e-05	0.02041	0.00275	0.00011
56	0.03396	0.00021	0.00158	0.00349	0.01341	0.00208	0.02828	0.09749	0.03152	0.46964	0.08670	0.15077	0.03840	0.00663	0.00201	4.3e-05	0.00010	0.02871	0.00480	0.00018
57	0.04307	0.01347	0.02738	0.06639	0.06468	0.05156	0.09866	0.18826	0.07846	0.19188	0.02240	0.05977	0.01814	0.01101	0.00719	0.00167	0.04126	0.01123	0.00010	0.00341

[dist]
# distance from previous block
# <min> <max>
14	44

[block]
# block no. 1 follows, 2733 sequences, length 28
# corresponding to MSA columns:
# 243-252,273-283,301-304,306-308
name=unknown_B
#
# <colnr> <probs for GDERKNQSTAVLIFYWHMCP>
#	G	D	E	R	K	N	Q	S	T	A	V	L	I	F	Y	W	H	M	C	P
0	0.00775	0.00387	0.00260	0.39890	0.26381	0.03542	0.00427	0.04149	0.08621	0.01575	0.10454	0.00384	0.00684	0.00015	0.00013	4e-05	0.00484	0.00347	0.00618	0.00990
1	0.00027	0.00019	0.00024	0.01718	0.01017	0.00541	0.00656	0.03690	0.14445	0.11578	0.40200	0.00805	0.09234	0.00023	0.00988	4.4e-05	0.12445	0.00666	0.01903	0.00015
2	0.42524	0.03063	0.00888	0.00341	0.00026	0.00451	0.00287	0.00345	0.01021	0.25944	0.00858	0.21231	0.01105	0.00019	0.00268	4.2e-05	9.8e-05	0.00404	0.01195	0.00015
3	0.00018	0.00013	0.00017	0.00017	0.00020	0.00013	0.00013	0.01108	0.00494	0.00535	0.17605	0.26389	0.15450	0.05639	0.29043	9.6e-05	0.00510	0.01602	0.01495	0.00011
4	0.00017	0.00012	0.00015	0.00016	0.00018	0.00011	0.00011	0.00020	0.00029	0.01649	0.27088	0.31492	0.36337	0.00819	0.00488	0.00709	6.9e-05	0.01238	0.00012	0.00011
5	0.00426	0.00014	0.00017	0.00017	0.00020	0.00013	0.00012	0.00745	0.00669	0.05913	0.68040	0.11635	0.06743	0.02782	0.00016	4.4e-05	6.8e-05	0.01290	0.00483	0.01156
6	0.00018	0.00013	0.00015	0.00015	0.00019	0.00412	0.00011	0.00023	0.01349	0.02609	0.33076	0.05541	0.38573	0.06343	0.01389	4.9e-05	7.5e-05	0.04701	0.05866	0.00011
7	0.01482	0.00029	0.00031	0.00026	0.00034	0.01514	0.00021	0.25718	0.63313	0.05442	0.01633	0.00043	0.00034	0.00017	0.00013	4.1e-05	0.00011	0.00013	0.00602	0.00020
8	0.08078	0.00030	0.00762	0.00026	0.00036	0.00032	0.00021	0.52213	0.16258	0.20292	0.00037	0.00035	0.00026	0.00015	0.00012	3.9e-05	0.00012	0.00012	0.00545	0.01553
9	0.00035	0.81760	0.06885	0.00024	0.00845	0.08151	0.00024	0.02094	0.00027	0.00032	0.00018	0.00021	0.00016	0.00011	8.8e-05	2.9e-05	0.00015	7.2e-05	5.7e-05	0.00016
10	0.01843	0.00025	0.00041	0.63780	0.24100	0.00029	0.00816	0.05212	0.02245	0.00729	0.00024	0.00033	0.00019	0.00430	0.00013	4.1e-05	0.00623	0.00011	6.4e-05	0.00016
11	0.94722	0.00025	0.00020	0.00017	0.00025	0.00029	0.00014	0.04950	0.00023	0.00058	0.00018	0.00021	0.00014	0.00012	8.1e-05	3.9e-05	0.00010	7.1e-05	8.1e-05	0.00014
12	0.00016	0.00012	0.00016	0.00018	0.00019	0.00011	0.01175	0.00019	0.00025	0.00033	0.00069	0.90008	0.00082	0.01595	0.00017	5.3e-05	7.9e-05	0.06852	0.00012	0.00010
13	0.00035	0.00016	0.00019	0.00017	0.00632	0.00583	0.00013	0.01404	0.00795	0.33643	0.06751	0.00049	0.00038	0.00016	0.00011	3.4e-05	7.9e-05	0.00013	0.55940	0.00015
14	0.99644	0.00025	0.00019	0.00017	0.00025	0.00028	0.00014	0.00037	0.00022	0.00057	0.00018	0.00021	0.00014	0.00012	7.8e-05	3.9e-05	9.8e-05	6.9e-05	7.8e-05	0.00014
15	0.54055	0.00025	0.00024	0.00020	0.00029	0.00734	0.00016	0.10735	0.01410	0.27483	0.00505	0.00031	0.00906	0.00014	0.00010	3.9e-05	0.00011	0.00689	0.00011	0.03289
16	0.00018	0.00013	0.00017	0.00017	0.00018	0.00013	0.00012	0.00670	0.00021	0.00029	0.00045	0.20658	0.00668	0.39268	0.36795	0.00014	0.00019	0.01687	8.3e-05	9.7e-05
17	0.00046	0.00984	0.00036	0.00032	0.00405	0.87153	0.00024	0.05890	0.01930	0.00595	0.00815	0.00025	0.00534	0.00013	0.00012	3.3e-05	0.00452	8.7e-05	7.1e-05	0.01034
18	0.02408	0.00028	0.00032	0.00026	0.00034	0.02764	0.01491	0.37683	0.16275	0.20301	0.03426	0.00373	0.08584	0.00018	0.00504	4.1e-05	0.04956	0.00762	0.00013	0.00319
19	0.00740	0.00512	0.00472	0.00824	0.01213	0.71009	0.04059	0.12527	0.03447	0.01290	0.00436	0.00345	0.00404	0.00014	0.00411	3.6e-05	0.00924	0.01346	7.7e-05	0.00016
20	0.00019	0.00014	0.01041	0.00016	0.00020	0.00013	0.00379	0.00730	0.03118	0.03573	0.35053	0.19172	0.35633	0.00030	0.00015	4.3e-05	7e-05	0.00684	0.00013	0.00466
21	0.00521	0.00014	0.00394	0.00017	0.00020	0.01293	0.01018	0.00936	0.02269	0.05615	0.06323	0.31289	0.28641	0.16407	0.00795	0.01290	0.00390	0.02059	0.00698	0.00011
22	0.00408	0.00491	0.00337	0.37537	0.55611	0.01338	0.00552	0.00573	0.00467	0.00595	0.00657	0.00033	0.00905	0.00012	0.00013	3.9e-05	0.00430	0.00011	6.2e-05	0.00018
23	0.00492	0.00510	0.12339	0.09146	0.16832	0.02008	0.05683	0.03663	0.06363	0.17629	0.01495	0.10949	0.01442	0.02579	0.01119	4.6e-05	0.01458	0.04939	0.01132	0.00217
24	0.01042	0.00019	0.01111	0.00021	0.00027	0.00018	0.00017	0.02979	0.14964	0.36931	0.20149	0.12668	0.01376	0.02179	0.00015	4.4e-05	9.4e-05	0.05706	0.00746	0.00017
25	0.01026	0.01343	0.20356	0.11664	0.03216	0.03281	0.05568	0.04285	0.03910	0.03534	0.06444	0.19494	0.03587	0.01129	0.01282	0.00230	0.01530	0.08097	9.1e-05	0.00015
26	0.02346	0.06802	0.16242	0.09338	0.09768	0.08883	0.13280	0.05805	0.04850	0.13818	0.01391	0.01891	0.00620	0.00282	0.00751	4.1e-05	0.02605	0.00278	0.00616	0.00431
27	0.00409	0.06926	0.06885	0.07247	0.08284	0.00792	0.03645	0.01330	0.07448	0.05011	0.03573	0.24875	0.04224	0.06103	0.00978	0.00877	0.06506	0.02859	0.02013	0.00014

[dist]
# distance from previous block
# <min> <max>
3	15

[block]
# block no. 2 follows, 2733 sequences, length 17
# corresponding to MSA columns:
# 353-357,366-371,380-382,385-387
name=unknown_C
#
# <colnr> <probs for GDERKNQSTAVLIFYWHMCP>
#	G	D	E	R	K	N	Q	S	T	A	V	L	I	F	Y	W	H	M	C	P
0	0.02846	0.12918	0.32871	0.01261	0.07546	0.10433	0.08489	0.02854	0.11423	0.03235	0.00536	0.00471	0.01154	0.00481	0.00013	3.9e-05	0.02307	0.00011	7.3e-05	0.01138
1	0.00534	0.01053	0.00867	0.00541	0.00406	0.01333	0.00368	0.02191	0.03989	0.04050	0.38525	0.02771	0.13581	0.03879	0.12744	6.3e-05	0.01639	0.01299	0.03114	0.07110
2	0.01576	0.15615	0.14026	0.06770	0.16101	0.01200	0.06618	0.06774	0.04234	0.04524	0.12820	0.03092	0.01925	0.00552	0.00992	4e-05	0.01113	0.01114	0.00595	0.00355
3	0.00019	0.00014	0.00017	0.01904	0.00021	0.00013	0.00479	0.01027	0.03030	0.03976	0.11782	0.34579	0.23056	0.12166	0.02245	5.9e-05	0.00501	0.03101	0.00463	0.01601
4	0.01397	0.00015	0.00464	0.02283	0.00023	0.00015	0.00014	0.01923	0.04613	0.08840	0.09826	0.10081	0.14514	0.12502	0.23923	0.00443	0.00505	0.01998	0.06609	0.00012
5	0.02542	0.00018	0.00021	0.00019	0.00025	0.00649	0.00015	0.02551	0.12660	0.18218	0.26218	0.12592	0.04625	0.00616	0.00014	4e-05	0.00544	0.01993	0.08090	0.08586
6	0.00018	0.00014	0.00016	0.00015	0.00019	0.00012	0.00011	0.01496	0.02034	0.02531	0.32436	0.09706	0.42142	0.04379	0.02085	4.9e-05	7.6e-05	0.01427	0.01634	0.00012
7	0.99644	0.00025	0.00019	0.00017	0.00025	0.00028	0.00014	0.00037	0.00022	0.00057	0.00018	0.00021	0.00014	0.00012	7.8e-05	3.9e-05	9.8e-05	6.9e-05	7.8e-05	0.00014
8	0.05924	0.00538	0.03843	0.32422	0.18774	0.06540	0.06663	0.14637	0.02117	0.02753	0.00881	0.01130	0.01315	0.00561	0.00582	4.1e-05	0.00408	0.00486	0.00405	0.00017
9	0.00029	0.00027	0.00045	0.06794	0.71999	0.01060	0.01338	0.00726	0.02996	0.00864	0.05861	0.03223	0.01379	0.00659	0.00727	4.1e-05	0.00014	0.02226	7.4e-05	0.00018
10	0.64404	0.00024	0.00022	0.00019	0.00027	0.00941	0.00015	0.03292	0.01103	0.22214	0.03292	0.00645	0.01957	0.00014	9.6e-05	3.9e-05	0.00010	9.5e-05	0.00612	0.01389
11	0.00996	0.00644	0.02259	0.19650	0.01799	0.04081	0.02164	0.04386	0.03150	0.17049	0.13822	0.11563	0.06789	0.02610	0.04638	0.00346	0.01726	0.01775	0.00537	0.00015
12	0.09930	0.28210	0.11121	0.01208	0.00982	0.06241	0.08366	0.12422	0.05138	0.09069	0.01470	0.00439	0.00405	0.00013	0.00012	3.6e-05	0.01958	0.01129	8.3e-05	0.01874
13	0.00517	0.00016	0.00654	0.00568	0.01499	0.00695	0.02720	0.01323	0.00776	0.05622	0.03741	0.01524	0.03266	0.42357	0.29008	0.02009	0.02611	0.00400	8.2e-05	0.00686
14	0.00019	0.00013	0.00016	0.00016	0.00017	0.00623	0.00011	0.00021	0.00022	0.02682	0.02397	0.22129	0.03350	0.50676	0.11799	0.00010	0.00892	0.02543	0.02754	9.6e-05
15	0.04419	0.01047	0.02436	0.22176	0.26130	0.10928	0.07736	0.07184	0.05443	0.04474	0.02474	0.01513	0.00725	0.00354	0.00625	4.1e-05	0.01399	0.00548	0.00367	0.00017
16	0.01149	0.00026	0.00882	0.27998	0.19335	0.07844	0.01140	0.09513	0.01212	0.05481	0.00030	0.01168	0.00519	0.17692	0.03005	5.9e-05	0.01777	0.00377	0.00369	0.00476

[dist]
# distance from previous block
# <min> <max>
17	48

[block]
# block no. 3 follows, 2733 sequences, length 12
# corresponding to MSA columns:
# 471-482
name=unknown_D
#
# <colnr> <probs for GDERKNQSTAVLIFYWHMCP>
#	G	D	E	R	K	N	Q	S	T	A	V	L	I	F	Y	W	H	M	C	P
0	0.01269	0.21555	0.17097	0.10376	0.05574	0.06976	0.07441	0.02288	0.04697	0.04434	0.03836	0.04144	0.02146	0.00944	0.00579	4e-05	0.04023	0.02064	7.5e-05	0.00546
1	0.00938	0.00018	0.00739	0.00020	0.00026	0.00016	0.00016	0.02359	0.03852	0.47327	0.12768	0.16449	0.08860	0.00761	0.00014	4.2e-05	9.1e-05	0.01077	0.03958	0.00790
2	0.02577	0.03147	0.06682	0.17513	0.09606	0.02948	0.11515	0.06895	0.02215	0.08862	0.03477	0.05488	0.14487	0.00553	0.00014	4.2e-05	0.02900	0.01090	9e-05	0.00016
3	0.22366	0.10906	0.17060	0.03080	0.10378	0.04870	0.05750	0.04839	0.02698	0.07008	0.01185	0.01902	0.01376	0.00014	0.00541	3.9e-05	0.01230	0.02020	7.9e-05	0.02765
4	0.00885	0.00016	0.00018	0.00016	0.00021	0.00849	0.00012	0.04296	0.02128	0.09089	0.12557	0.07639	0.50486	0.04228	0.00016	4.5e-05	7.9e-05	0.01708	0.00012	0.06011
5	0.10454	0.00021	0.00849	0.02962	0.00644	0.00020	0.00741	0.10108	0.03329	0.35257	0.18921	0.02903	0.09349	0.00723	0.00013	4.1e-05	9.9e-05	0.02969	0.00706	0.00017
6	0.02078	0.09667	0.13167	0.11060	0.22556	0.07340	0.07218	0.09435	0.04126	0.04125	0.01229	0.01873	0.00894	0.00490	0.00792	0.00553	0.02717	0.00654	7.6e-05	0.00018
7	0.01548	0.04851	0.17211	0.03907	0.12770	0.01465	0.04316	0.03336	0.10354	0.07106	0.14759	0.02768	0.02196	0.02095	0.01861	0.00440	0.05214	0.01906	0.00441	0.01456
8	0.00685	0.00015	0.00020	0.00019	0.00023	0.00014	0.02558	0.01858	0.03176	0.12164	0.16601	0.27707	0.15227	0.01341	0.00703	4.9e-05	8.9e-05	0.16418	0.00674	0.00781
9	0.01053	0.00016	0.01791	0.01437	0.00565	0.00726	0.01217	0.01575	0.05677	0.01956	0.21241	0.27150	0.21916	0.03441	0.00564	4.9e-05	8.6e-05	0.09089	0.00558	0.00012
10	0.03745	0.28627	0.19975	0.03135	0.08569	0.03487	0.09495	0.06593	0.04413	0.06859	0.00611	0.00608	0.00610	0.00013	0.00532	3.7e-05	0.01635	0.00518	7.4e-05	0.00564
11	0.06600	0.07842	0.02215	0.06786	0.07321	0.00878	0.02569	0.02875	0.00748	0.24637	0.00572	0.15608	0.00571	0.00023	0.02195	0.00552	0.01349	0.15520	0.00529	0.00612

[dist]
# distance from previous block
# <min> <max>
5	41

[block]
# block no. 4 follows, 2733 sequences, length 29
# corresponding to MSA columns:
# 528,529,540-544,553-560,567-573,580-582,584-587
name=unknown_E
#
# <colnr> <probs for GDERKNQSTAVLIFYWHMCP>
#	G	D	E	R	K	N	Q	S	T	A	V	L	I	F	Y	W	H	M	C	P
0	0.00018	0.00013	0.00016	0.00016	0.00018	0.00335	0.00011	0.00403	0.03640	0.01292	0.20973	0.16474	0.20649	0.24908	0.09600	0.00745	0.00011	0.00511	0.00354	0.00011
1	0.01125	0.89627	0.00064	0.00725	0.01224	0.01094	0.00978	0.02522	0.00564	0.00857	0.00019	0.00021	0.00017	0.00011	8.8e-05	2.8e-05	0.00784	7.2e-05	0.00332	0.00016
2	0.00348	0.00649	0.44630	0.16427	0.12214	0.00027	0.02653	0.01896	0.00360	0.07694	0.10706	0.00457	0.01173	0.00014	0.00013	4e-05	0.00398	0.00313	7.5e-05	0.00017
3	0.00847	0.00013	0.00016	0.00016	0.00019	0.00012	0.00012	0.00023	0.00467	0.04987	0.35474	0.35191	0.14667	0.00718	0.00015	4.4e-05	6.9e-05	0.00940	0.06562	0.00012
4	0.00023	0.00923	0.08486	0.01359	0.01178	0.01131	0.00590	0.02147	0.09272	0.00035	0.03196	0.00566	0.04299	0.05582	0.41020	0.00871	0.18488	0.00273	0.00546	0.00013
5	0.00016	0.00013	0.00015	0.00016	0.00019	0.00011	0.00423	0.00020	0.00707	0.00461	0.22119	0.35862	0.33993	0.00811	0.00420	4.7e-05	7.2e-05	0.05058	0.00012	0.00011
6	0.00676	0.00014	0.00017	0.00016	0.00019	0.00013	0.00012	0.01643	0.00528	0.07506	0.42210	0.02567	0.22030	0.09370	0.04245	0.00451	0.00705	0.00691	0.07274	0.00012
7	0.01083	0.00017	0.00527	0.00341	0.00024	0.01083	0.00322	0.07587	0.00942	0.00611	0.00034	0.00051	0.00032	0.13078	0.69440	0.00017	0.04381	0.00014	0.00405	0.00012
8	0.02646	0.00043	0.00749	0.00029	0.00037	0.42822	0.00555	0.13473	0.32789	0.02458	0.00033	0.00033	0.00455	0.00015	0.00013	3.8e-05	0.03036	0.00011	9.7e-05	0.00791
9	0.04625	0.02123	0.22773	0.16639	0.19421	0.00946	0.06796	0.01564	0.00719	0.00688	0.00453	0.00642	0.00311	0.00015	0.01235	4.5e-05	0.20686	0.00011	0.00332	0.00017
10	0.00019	0.00013	0.00016	0.00016	0.00016	0.00014	0.00010	0.00575	0.00020	0.00464	0.00429	0.01819	0.00429	0.78982	0.05740	0.00012	0.05124	0.05915	0.00378	8.7e-05
11	0.00417	0.00634	0.04438	0.03896	0.22372	0.01327	0.03325	0.00029	0.00621	0.00696	0.40380	0.01180	0.16332	0.00914	0.00548	4.2e-05	0.02040	0.00822	0.00010	0.00014
12	0.01195	0.00049	0.00036	0.00031	0.00039	0.53720	0.00024	0.42318	0.02380	0.00053	0.00025	0.00027	0.00019	0.00014	0.00012	3.5e-05	0.00019	9.7e-05	9.3e-05	0.00018
13	0.00866	0.00022	0.00027	0.04326	0.02372	0.00485	0.00019	0.08605	0.24632	0.20660	0.14761	0.05120	0.01259	0.00022	0.00014	4.4e-05	0.00010	0.15278	0.00013	0.01506
14	0.03356	0.00015	0.00018	0.00019	0.00022	0.00014	0.00015	0.01202	0.00594	0.08281	0.10628	0.19582	0.24109	0.00960	0.00016	4.9e-05	8.8e-05	0.31132	0.00012	0.00012
15	0.00036	0.00257	0.03389	0.06736	0.07832	0.02433	0.02875	0.30683	0.29436	0.04140	0.07951	0.01101	0.00733	0.00340	0.00322	4.1e-05	0.00570	0.00913	0.00232	0.00019
16	0.00032	0.00034	0.00793	0.00288	0.00058	0.03171	0.74462	0.10754	0.01304	0.01122	0.00284	0.00295	0.00338	0.00510	0.01261	4.4e-05	0.00557	0.02829	0.01341	0.00563
17	0.00357	0.03923	0.27564	0.07849	0.11060	0.03614	0.06921	0.02216	0.07797	0.02283	0.12471	0.01211	0.09249	0.00639	0.00654	4.1e-05	0.00838	0.00249	0.00305	0.00793
18	0.00706	0.00323	0.00314	0.00421	0.00027	0.00333	0.01054	0.01053	0.02207	0.08552	0.14653	0.07434	0.03084	0.03429	0.00855	3.4e-05	9.4e-05	0.01354	0.00287	0.53902
19	0.00552	0.00458	0.07151	0.18686	0.09976	0.00997	0.05039	0.02303	0.28580	0.01300	0.17143	0.01280	0.03097	0.00305	0.00284	4.2e-05	0.01155	0.01456	0.00216	0.00017
20	0.01062	0.02174	0.05995	0.02333	0.02368	0.00783	0.01760	0.02988	0.09465	0.14631	0.27524	0.05434	0.14330	0.01658	0.00397	0.00872	0.00623	0.04751	0.00459	0.00393
21	0.00441	0.03797	0.24330	0.07458	0.10388	0.02044	0.14764	0.02119	0.05508	0.03172	0.06194	0.08567	0.03696	0.01523	0.00214	4.3e-05	0.02112	0.03070	0.00375	0.00225
22	0.01067	0.00980	0.00699	0.16477	0.17479	0.00727	0.42411	0.00563	0.09572	0.00868	0.02554	0.01067	0.00865	0.00306	0.00014	4.1e-05	0.00481	0.00573	0.00825	0.02468
23	0.00017	0.00012	0.00016	0.00017	0.00019	0.00011	0.00012	0.00886	0.00026	0.00556	0.07805	0.58183	0.13274	0.06476	0.01024	5.6e-05	8.3e-05	0.11628	0.00012	0.00011
24	0.00722	0.00012	0.00015	0.00017	0.00019	0.00011	0.00012	0.00020	0.00026	0.03758	0.04362	0.76235	0.12454	0.00698	0.00842	5.1e-05	7.6e-05	0.00762	0.00012	0.00011
25	0.00026	0.00023	0.00026	0.00019	0.00030	0.00017	0.00015	0.00032	0.00026	0.00041	0.00023	0.00026	0.00019	9.4e-05	9.4e-05	1.9e-05	9.4e-05	7.5e-05	7.5e-05	0.99632
26	0.00019	0.00013	0.00017	0.00017	0.00020	0.00289	0.00878	0.00323	0.00821	0.06520	0.09658	0.47537	0.23568	0.03264	0.00282	5e-05	0.00354	0.05766	0.00354	0.00295
27	0.04422	0.10585	0.14037	0.01281	0.05208	0.00781	0.03822	0.13591	0.08228	0.09690	0.08879	0.01256	0.01420	0.00221	0.00777	3.8e-05	0.01717	0.00509	9.5e-05	0.13565
28	0.02375	0.07893	0.04778	0.04650	0.06787	0.01106	0.02325	0.06155	0.05457	0.11748	0.12496	0.07622	0.04548	0.03681	0.02410	4.4e-05	0.00808	0.00634	9.9e-05	0.14510

[dist]
# distance from previous block
# <min> <max>
4	48

[block]
# block no. 5 follows, 2733 sequences, length 9
# corresponding to MSA columns:
# 660-667,669
name=unknown_F
#
# <colnr> <probs for GDERKNQSTAVLIFYWHMCP>
#	G	D	E	R	K	N	Q	S	T	A	V	L	I	F	Y	W	H	M	C	P
0	0.04367	0.02164	0.03071	0.03015	0.05557	0.02310	0.05277	0.06511	0.07007	0.06981	0.07857	0.05786	0.05045	0.03335	0.13736	6.5e-05	0.06558	0.02071	0.00690	0.08657
1	0.05094	0.03853	0.03666	0.07710	0.04222	0.04221	0.09993	0.15783	0.05378	0.05148	0.04705	0.09274	0.01568	0.02482	0.01358	0.00605	0.05874	0.01817	9.3e-05	0.07241
2	0.03548	0.03834	0.14390	0.02767	0.01624	0.01110	0.02978	0.06073	0.06559	0.13356	0.06032	0.05633	0.02900	0.00022	0.00629	0.14372	0.04739	0.00687	0.00667	0.08080
3	0.03359	0.26483	0.23323	0.01292	0.00789	0.04945	0.02354	0.03255	0.07628	0.04428	0.05802	0.06192	0.03642	0.00743	0.00769	0.00579	0.00809	0.01570	0.00660	0.01376
4	0.00019	0.00015	0.01088	0.00019	0.00022	0.00015	0.00015	0.00955	0.01595	0.01208	0.03214	0.04260	0.12032	0.11312	0.54294	0.00887	0.01650	0.06502	8.5e-05	0.00890
5	0.00025	0.07974	0.29553	0.01671	0.02192	0.02139	0.01610	0.04265	0.06700	0.02064	0.04453	0.11219	0.21756	0.00846	0.00014	4.2e-05	0.00834	0.00881	0.00985	0.00814
6	0.00020	0.00014	0.00018	0.00018	0.00019	0.00014	0.00012	0.02989	0.01577	0.01335	0.04525	0.11249	0.03875	0.36385	0.32350	0.00013	0.00018	0.03915	0.01645	0.00010
7	0.00026	0.02724	0.77785	0.00034	0.01474	0.00766	0.01150	0.01955	0.00979	0.01246	0.01756	0.02051	0.01035	0.01800	0.02388	0.00731	0.01284	0.00792	6.2e-05	0.00018
8	0.01074	0.01037	0.01062	0.01116	0.00032	0.00019	0.04335	0.02979	0.02564	0.00043	0.00025	0.01054	0.00021	0.00011	0.00010	2.3e-05	0.00010	0.01166	0.01022	0.82419

[dist]
# distance from previous block
# <min> <max>
5	7

[block]
# block no. 6 follows, 2733 sequences, length 72
# corresponding to MSA columns:
# 678-681,684-696,701-713,716-722,724,728-761
name=unknown_G
#
# <colnr> <probs for GDERKNQSTAVLIFYWHMCP>
#	G	D	E	R	K	N	Q	S	T	A	V	L	I	F	Y	W	H	M	C	P
0	0.00016	0.00012	0.00217	0.00653	0.00019	0.00011	0.00012	0.00019	0.00025	0.00033	0.05579	0.77710	0.05614	0.05790	0.00219	5.5e-05	7.8e-05	0.04037	0.00012	0.00010
1	0.02874	0.40715	0.18105	0.02171	0.02496	0.10466	0.02002	0.07851	0.02172	0.07878	0.00140	0.00945	0.00163	0.00013	0.00273	3.5e-05	0.00638	0.00538	0.00540	0.00017
2	0.03557	0.06786	0.11253	0.02980	0.01746	0.04078	0.07509	0.11637	0.12037	0.20582	0.07533	0.00804	0.02294	0.00497	0.02045	4.4e-05	0.03128	0.01364	0.00147	0.00018
3	0.00016	0.00011	0.00015	0.00017	0.00018	0.00011	0.00012	0.00018	0.00026	0.00496	0.06767	0.78812	0.11819	0.00290	0.00016	5e-05	7.2e-05	0.01621	0.00012	0.00011
4	0.00018	0.00012	0.00016	0.00017	0.00019	0.00011	0.00012	0.00021	0.00889	0.04376	0.11800	0.65676	0.11367	0.01629	0.00017	5e-05	7.5e-05	0.03691	0.00405	0.00011
5	0.00340	0.00734	0.02537	0.04128	0.01989	0.01123	0.01701	0.00426	0.01616	0.00527	0.07004	0.01562	0.01449	0.00012	0.00540	2.5e-05	0.00325	0.00182	8e-05	0.73793
6	0.00736	0.00778	0.01144	0.42599	0.20812	0.04721	0.15441	0.01317	0.01196	0.00651	0.00978	0.04802	0.01271	0.00014	0.00014	4.1e-05	0.01350	0.01802	6.7e-05	0.00362
7	0.00994	0.00019	0.00575	0.00021	0.00024	0.07354	0.00621	0.03438	0.01387	0.01152	0.01437	0.02311	0.00398	0.07793	0.69851	0.00362	0.01781	0.00014	0.00455	0.00012
8	0.00021	0.00014	0.00017	0.00016	0.00020	0.00195	0.00012	0.00465	0.01326	0.10717	0.33540	0.23310	0.27802	0.00733	0.00015	4.4e-05	7.2e-05	0.01494	0.00278	0.00012
9	0.01333	0.02464	0.42711	0.04085	0.10114	0.07107	0.06053	0.07526	0.05819	0.05940	0.01351	0.00313	0.00632	0.00852	0.00617	4.1e-05	0.02371	0.00280	0.00409	0.00018
10	0.09691	0.00440	0.00029	0.01657	0.00287	0.04808	0.00824	0.35878	0.14611	0.06025	0.09885	0.04275	0.04326	0.01419	0.03127	4.6e-05	0.00835	0.01478	0.00383	0.00017
11	0.00244	0.00353	0.01477	0.15964	0.01794	0.01420	0.34036	0.03839	0.04260	0.01418	0.03366	0.17416	0.02604	0.02026	0.01622	4.9e-05	0.00015	0.08118	8.7e-05	0.00015
12	0.00016	0.00013	0.00015	0.00015	0.00018	0.00011	0.00011	0.00020	0.00284	0.00538	0.32667	0.16297	0.45933	0.02037	0.00016	4.5e-05	6.7e-05	0.02073	0.00012	0.00011
13	0.00019	0.00014	0.00020	0.01368	0.00549	0.00213	0.00145	0.00277	0.00020	0.00029	0.00171	0.04518	0.00373	0.22669	0.64632	0.01453	0.03291	0.00222	7.2e-05	0.00011
14	0.20657	0.00369	0.02845	0.13230	0.06225	0.06561	0.21787	0.07509	0.04936	0.08493	0.00136	0.00032	0.00020	0.00731	0.03960	4.7e-05	0.02307	0.00011	0.00169	0.00017
15	0.12098	0.00022	0.00027	0.00148	0.00377	0.00140	0.00018	0.06622	0.02360	0.65587	0.01236	0.00267	0.03126	0.00591	0.00278	4e-05	0.00011	0.02139	0.04929	0.00019
16	0.00017	0.00012	0.00016	0.00017	0.00019	0.00290	0.00163	0.00193	0.00342	0.00523	0.18806	0.55299	0.13629	0.01645	0.00604	0.00300	7.7e-05	0.08095	0.00012	0.00011
17	0.00019	0.00013	0.00018	0.01924	0.00022	0.00013	0.03153	0.01106	0.00886	0.03477	0.21558	0.56693	0.08390	0.00587	0.00469	4.8e-05	8e-05	0.01136	0.00511	0.00012
18	0.00029	0.31206	0.54837	0.00033	0.00048	0.00717	0.09132	0.00623	0.01687	0.00235	0.00022	0.00026	0.00017	0.00012	0.00011	3.6e-05	0.00732	0.00604	5.7e-05	0.00018
19	0.02100	0.00038	0.00034	0.00275	0.00037	0.27509	0.00022	0.40138	0.04286	0.24124	0.00033	0.00565	0.00177	0.00015	0.00012	3.7e-05	0.00363	0.00236	0.00012	0.00019
20	0.01715	0.00598	0.00470	0.00156	0.15597	0.08048	0.01422	0.07206	0.01480	0.26586	0.04797	0.10640	0.05311	0.05167	0.05140	0.00531	0.00305	0.04802	0.00011	0.00016
21	0.00286	0.00022	0.00029	0.00023	0.00567	0.00020	0.00018	0.02174	0.10560	0.80087	0.01202	0.00044	0.00033	0.00016	0.00013	3.9e-05	0.00010	0.00013	0.04858	0.00021
22	0.06227	0.00030	0.00033	0.00026	0.00035	0.00033	0.00021	0.67616	0.00050	0.18076	0.00034	0.00033	0.00024	0.00015	0.00012	3.8e-05	0.00012	0.00011	0.07685	0.00020
23	0.00025	0.00312	0.94139	0.00036	0.01815	0.00029	0.00572	0.00040	0.00027	0.00040	0.00023	0.00028	0.00017	0.02435	0.00407	4.3e-05	0.00019	9.7e-05	5.4e-05	0.00018
24	0.00027	0.00028	0.00657	0.00036	0.00041	0.02389	0.30984	0.04199	0.01773	0.00037	0.00476	0.14225	0.00031	0.01397	0.02390	5.4e-05	0.37793	0.03488	7.5e-05	0.00015
25	0.20892	0.00027	0.00029	0.00023	0.00032	0.05975	0.00289	0.15273	0.00037	0.55402	0.00490	0.00036	0.00326	0.00015	0.00012	3.9e-05	0.00012	0.00011	0.01099	0.00019
26	0.00054	0.00492	0.00031	0.00024	0.00033	0.00522	0.00020	0.18218	0.00758	0.78355	0.00046	0.00041	0.00030	0.00237	0.00321	4e-05	0.00011	0.00012	0.00769	0.00021
27	0.03650	0.00024	0.00038	0.81984	0.03523	0.00029	0.02713	0.05143	0.02422	0.00037	0.00307	0.00034	0.00018	0.00013	0.00013	4.2e-05	0.00016	0.00011	6.3e-05	0.00015
28	0.00023	0.00018	0.00028	0.07670	0.00429	0.00018	0.10527	0.01708	0.01518	0.01151	0.00917	0.00572	0.00314	0.00030	0.00017	5.4e-05	0.00013	0.75019	0.00011	0.00013
29	0.00229	0.00025	0.00235	0.08244	0.01258	0.05908	0.05791	0.06509	0.35161	0.04472	0.18634	0.01002	0.06179	0.00973	0.00014	4.3e-05	0.00011	0.05323	0.00012	0.00016
30	0.00057	0.00022	0.00030	0.00023	0.00033	0.00019	0.00019	0.02505	0.00541	0.96537	0.00050	0.00043	0.00031	0.00016	0.00013	3.9e-05	0.00011	0.00013	0.00016	0.00022
31	0.00020	0.00015	0.00020	0.00023	0.00026	0.00015	0.00020	0.00026	0.00558	0.00038	0.00067	0.00142	0.00073	0.00035	0.00017	5.8e-05	0.00012	0.98351	0.00523	0.00012
32	0.01834	0.25922	0.03275	0.03178	0.38748	0.02071	0.11813	0.04561	0.00832	0.00039	0.00022	0.00029	0.00019	0.00012	0.00014	3.7e-05	0.07322	0.00281	6.4e-05	0.00018
33	0.01614	0.00037	0.00316	0.00030	0.04765	0.27053	0.00278	0.25024	0.16323	0.22588	0.00229	0.00035	0.00457	0.00015	0.00012	3.8e-05	0.00238	0.00951	0.00011	0.00019
34	0.00057	0.00022	0.00030	0.00023	0.00032	0.00019	0.00019	0.01802	0.00037	0.97744	0.00050	0.00043	0.00031	0.00016	0.00013	3.9e-05	0.00011	0.00013	0.00016	0.00022
35	0.01765	0.00029	0.00030	0.00026	0.00034	0.02499	0.00021	0.17613	0.76438	0.00555	0.00326	0.00044	0.00035	0.00017	0.00013	4.2e-05	0.00011	0.00507	0.00013	0.00020
36	0.00033	0.67213	0.06180	0.12012	0.07633	0.03748	0.00673	0.01134	0.00816	0.00430	0.00020	0.00024	0.00017	0.00011	9.5e-05	3.1e-05	0.00015	8.1e-05	5.7e-05	0.00017
37	0.00048	0.00058	0.00036	0.00032	0.00039	0.92217	0.00024	0.05446	0.00037	0.01920	0.00021	0.00024	0.00017	0.00013	0.00012	3.3e-05	0.00022	8.4e-05	7e-05	0.00015
38	0.03776	0.00022	0.00029	0.00022	0.00032	0.00019	0.00018	0.01186	0.00568	0.90725	0.00048	0.00042	0.00031	0.00016	0.00012	3.9e-05	0.00011	0.00012	0.03408	0.00021
39	0.29523	0.12682	0.09399	0.03649	0.17615	0.06127	0.02524	0.05041	0.08907	0.02395	0.00238	0.00288	0.00206	0.00013	0.00011	0.00133	0.00499	0.00725	7.8e-05	0.00017
40	0.01037	0.31494	0.36007	0.02690	0.05902	0.09262	0.02899	0.04272	0.02446	0.03211	0.00282	0.00026	0.00018	0.00012	0.00200	3.6e-05	0.00205	9.1e-05	6.5e-05	0.00018
41	0.00018	0.00013	0.00017	0.00773	0.00307	0.00012	0.00350	0.00382	0.00180	0.01217	0.08265	0.58502	0.07419	0.00320	0.00016	5.1e-05	8.4e-05	0.22173	0.00012	0.00011
42	0.00017	0.00013	0.00223	0.01428	0.00631	0.00012	0.00417	0.00384	0.00809	0.01660	0.11775	0.14959	0.66468	0.00032	0.00015	4.4e-05	7e-05	0.01124	0.00012	0.00011
43	0.07105	0.18311	0.05367	0.10769	0.23673	0.12485	0.05647	0.09212	0.01799	0.03471	0.00138	0.00282	0.00478	0.00013	0.00148	3.7e-05	0.01064	0.00010	7.2e-05	0.00017
44	0.01366	0.22880	0.18880	0.03919	0.15611	0.04043	0.03551	0.11132	0.12864	0.03898	0.00716	0.00159	0.00022	0.00013	0.00012	3.7e-05	0.00496	0.00407	7.9e-05	0.00018
45	0.00016	0.00012	0.00016	0.00018	0.00019	0.00011	0.01467	0.00019	0.00330	0.00032	0.00441	0.89371	0.00079	0.00864	0.07233	6.3e-05	9.5e-05	0.00034	0.00011	0.00010
46	0.00814	0.01229	0.03855	0.03658	0.07305	0.05277	0.14719	0.16654	0.43600	0.00438	0.00721	0.00186	0.01242	0.00015	0.00013	4.1e-05	0.00227	0.00013	0.00010	0.00019
47	0.00017	0.00014	0.00019	0.16457	0.00601	0.00014	0.01180	0.00022	0.01669	0.00034	0.02093	0.59436	0.17302	0.00033	0.00015	4.8e-05	9e-05	0.01058	0.00011	0.00011
48	0.00131	0.01537	0.08151	0.00683	0.06408	0.01175	0.18884	0.11416	0.08582	0.04276	0.15378	0.12243	0.05989	0.01299	0.00796	4.5e-05	0.01259	0.01761	0.00010	0.00016
49	0.00023	0.00015	0.00021	0.01210	0.00024	0.00016	0.00016	0.00503	0.00023	0.11913	0.00212	0.04603	0.00036	0.04987	0.72020	0.00016	0.00028	0.04071	0.00250	0.00012
50	0.00047	0.00060	0.00036	0.00033	0.00039	0.98034	0.00976	0.00050	0.00036	0.00031	0.00020	0.00023	0.00016	0.00013	0.00012	3.3e-05	0.00541	8.2e-05	6.5e-05	0.00015
51	0.00253	0.00028	0.00233	0.39029	0.43688	0.02722	0.06683	0.01338	0.00795	0.04537	0.00025	0.00033	0.00019	0.00013	0.00549	4.1e-05	0.00016	0.00012	6.6e-05	0.00017
52	0.00294	0.00024	0.02400	0.00191	0.00667	0.00393	0.03314	0.10868	0.11745	0.58093	0.07441	0.03971	0.00505	0.00017	0.00013	4e-05	0.00011	0.00014	0.00014	0.00020
53	0.00024	0.00023	0.00038	0.99524	0.00087	0.00028	0.00035	0.00032	0.00025	0.00032	0.00023	0.00034	0.00017	0.00013	0.00013	4.2e-05	0.00017	0.00011	5.6e-05	0.00014
54	0.00030	0.00034	0.00075	0.00053	0.00066	0.00032	0.99429	0.00041	0.00030	0.00041	0.00026	0.00034	0.00019	0.00011	0.00015	4.3e-05	0.00021	0.00015	6.4e-05	0.00017
55	0.03097	0.00365	0.04549	0.00024	0.00034	0.00185	0.03394	0.04269	0.02599	0.80030	0.00823	0.00041	0.00030	0.00016	0.00480	4e-05	0.00012	0.00013	0.00014	0.00021
56	0.02253	0.01199	0.08241	0.00910	0.01598	0.02982	0.10811	0.11544	0.01313	0.53353	0.01930	0.01046	0.00029	0.00200	0.00793	4.1e-05	0.00014	0.01748	0.00012	0.00020
57	0.00015	0.00013	0.00013	0.00013	0.00017	0.00011	9.7e-05	0.00018	0.00029	0.00035	0.01803	0.00122	0.97795	0.00032	0.00015	4.3e-05	6.4e-05	0.00027	0.00012	0.00011
58	0.00032	0.00027	0.00029	0.00026	0.00033	0.00032	0.00020	0.00067	0.99453	0.00053	0.00052	0.00047	0.00039	0.00017	0.00013	4.3e-05	0.00010	0.00014	0.00013	0.00020
59	0.00548	0.00187	0.00463	0.02139	0.14764	0.11104	0.49385	0.02224	0.17793	0.00915	0.00030	0.00174	0.00023	0.00012	0.00014	4.1e-05	0.00018	0.00177	7.8e-05	0.00018
60	0.00026	0.01616	0.93893	0.00037	0.00055	0.00030	0.04091	0.00040	0.00027	0.00040	0.00023	0.00027	0.00016	0.00012	0.00012	4e-05	0.00019	9.6e-05	5.4e-05	0.00019
61	0.00015	0.00012	0.00014	0.00015	0.00018	0.00011	0.00011	0.00018	0.00027	0.00034	0.00794	0.44454	0.53934	0.00035	0.00016	4.7e-05	6.9e-05	0.00560	0.00012	0.00011
62	0.00358	0.00025	0.00027	0.00023	0.00030	0.02227	0.00018	0.27362	0.31668	0.02886	0.04173	0.13908	0.11428	0.00023	0.00014	4.3e-05	0.00010	0.04832	0.00966	0.00017
63	0.00026	0.10268	0.89294	0.00035	0.00053	0.00032	0.00044	0.00040	0.00027	0.00039	0.00022	0.00026	0.00016	0.00012	0.00012	3.9e-05	0.00018	9.1e-05	5.4e-05	0.00018
64	0.00015	0.00013	0.00013	0.00013	0.00017	0.00011	9.9e-05	0.00019	0.00030	0.00036	0.09337	0.00688	0.89071	0.00032	0.00015	4.3e-05	6.4e-05	0.00647	0.00012	0.00011
65	0.00021	0.00016	0.00018	0.00017	0.00021	0.03191	0.00013	0.01680	0.03902	0.03152	0.65104	0.00093	0.19033	0.00026	0.00015	4e-05	7.1e-05	0.01919	0.01757	0.00013
66	0.50098	0.00027	0.00026	0.00022	0.00030	0.00598	0.00018	0.27913	0.00701	0.20414	0.00028	0.00028	0.00020	0.00014	0.00010	3.9e-05	0.00011	9.4e-05	0.00011	0.00018
67	0.95887	0.00025	0.00019	0.00017	0.00025	0.00029	0.00014	0.02553	0.00023	0.01293	0.00018	0.00021	0.00014	0.00012	8e-05	3.9e-05	9.9e-05	7.1e-05	8.1e-05	0.00014
68	0.00377	0.00023	0.00651	0.00023	0.00033	0.00020	0.01444	0.07310	0.01379	0.81958	0.04754	0.00319	0.00276	0.00016	0.00013	4e-05	0.00011	0.01353	0.00015	0.00021
69	0.01708	0.09249	0.28518	0.01344	0.04446	0.10290	0.02030	0.08876	0.01504	0.27869	0.02689	0.00165	0.00812	0.00250	0.00012	3.8e-05	0.00015	0.00191	9.5e-05	0.00019
70	0.00517	0.00023	0.00030	0.00023	0.00033	0.03571	0.00398	0.03093	0.00361	0.89344	0.01692	0.00473	0.00032	0.00016	0.00013	3.9e-05	0.00011	0.00013	0.00015	0.00338
71	0.00337	0.00015	0.00021	0.00555	0.00403	0.02606	0.06419	0.01085	0.00028	0.02538	0.20754	0.59219	0.03495	0.00225	0.00016	4.7e-05	8.7e-05	0.02248	0.00012	0.00012

[dist]
# distance from previous block
# <min> <max>
0	143

# created by:
# /home/cegg/simao/soft/augustus-3.2.1/scripts/msa2prfl.pl ./align_prep/POG091H01H6.fa
