[name]
unknown

[dist]
# distance from previous block
# <min> <max>
0	128

[block]
# block no. 0 follows, 3171 sequences, length 21
# corresponding to MSA columns:
# 140-160
name=unknown_A
#
# <colnr> <probs for GDERKNQSTAVLIFYWHMCP>
#	G	D	E	R	K	N	Q	S	T	A	V	L	I	F	Y	W	H	M	C	P
0	0.00015	0.00011	0.00013	0.00015	0.00016	0.00555	0.00010	0.00585	0.00584	0.00644	0.00632	0.59463	0.02769	0.23029	0.00024	5.9e-05	7.9e-05	0.11603	9.3e-05	8.7e-05
1	0.01685	0.00029	0.00574	0.05395	0.38264	0.11429	0.04729	0.11725	0.23817	0.00800	0.00027	0.00030	0.00021	0.00012	0.00438	3.4e-05	0.00578	0.00010	0.00420	0.00016
2	0.00024	0.00012	0.00015	0.00014	0.00017	0.00011	0.00010	0.00580	0.01546	0.19134	0.08930	0.13255	0.14565	0.00020	0.00593	3.4e-05	6.5e-05	0.02256	0.38997	0.00012
3	0.96979	0.00021	0.00016	0.00015	0.00021	0.00024	0.00012	0.00033	0.00019	0.02759	0.00016	0.00018	0.00012	0.00010	6.9e-05	3.4e-05	8.5e-05	6.1e-05	7e-05	0.00012
4	0.00013	0.00011	0.00011	0.00011	0.00015	9.3e-05	8.5e-05	0.00016	0.00025	0.00029	0.01070	0.04563	0.90984	0.01942	0.00014	3.9e-05	5.7e-05	0.01249	0.00010	9.2e-05
5	0.00016	0.00011	0.00015	0.00014	0.00016	0.00010	0.00010	0.00021	0.00031	0.01706	0.94279	0.01285	0.02500	0.00022	0.00013	3.5e-05	5.3e-05	0.00020	0.00012	0.00010
6	0.99693	0.00021	0.00016	0.00014	0.00021	0.00025	0.00012	0.00032	0.00019	0.00049	0.00015	0.00018	0.00012	0.00010	6.8e-05	3.4e-05	8.5e-05	5.9e-05	6.8e-05	0.00012
7	0.00013	9.6e-05	0.00013	0.00015	0.00016	9e-05	0.00010	0.00015	0.00021	0.00028	0.00060	0.96883	0.00072	0.00034	0.00014	4.5e-05	6.4e-05	0.02756	0.00010	8.9e-05
8	0.00023	0.00019	0.00023	0.00016	0.00026	0.00015	0.00013	0.00028	0.00023	0.00036	0.00019	0.00023	0.00016	8.1e-05	8.1e-05	1.6e-05	8.1e-05	6.5e-05	6.5e-05	0.99683
9	0.00041	0.00052	0.00031	0.00028	0.00034	0.99572	0.00021	0.00044	0.00031	0.00027	0.00017	0.00020	0.00014	0.00011	9.9e-05	2.8e-05	0.00020	7e-05	5.6e-05	0.00013
10	0.00016	0.00011	0.00015	0.00014	0.00017	0.00010	0.00010	0.00021	0.00031	0.01981	0.95466	0.00081	0.02241	0.00022	0.00013	3.4e-05	5.2e-05	0.00020	0.00012	0.00010
11	0.99693	0.00021	0.00016	0.00014	0.00021	0.00025	0.00012	0.00032	0.00019	0.00049	0.00015	0.00018	0.00012	0.00010	6.8e-05	3.4e-05	8.5e-05	5.9e-05	6.8e-05	0.00012
12	0.00027	0.00026	0.00044	0.00067	0.99548	0.00026	0.00034	0.00034	0.00025	0.00036	0.00021	0.00027	0.00017	9.7e-05	0.00011	3.2e-05	0.00013	9.7e-05	5.4e-05	0.00017
13	0.00042	0.00031	0.00033	0.00025	0.00034	0.00034	0.00021	0.99511	0.00051	0.00069	0.00026	0.00026	0.00019	0.00013	0.00011	3.3e-05	0.00012	9.8e-05	0.00011	0.00019
14	0.00027	0.00023	0.00025	0.00022	0.00028	0.00027	0.00017	0.04110	0.92128	0.00046	0.01324	0.00042	0.00034	0.00015	0.00011	3.7e-05	8.8e-05	0.02077	0.00011	0.00017
15	0.00014	0.00011	0.00013	0.00015	0.00017	0.00010	0.00011	0.00018	0.05460	0.00853	0.00869	0.83362	0.07500	0.00032	0.00014	4.3e-05	6.5e-05	0.01768	0.00010	9.5e-05
16	0.00016	0.00011	0.00012	0.00012	0.00012	0.00011	6.6e-05	0.00016	0.00016	0.00021	0.00034	0.00072	0.00040	0.99616	0.00056	0.00011	0.00011	0.00016	6.6e-05	6.6e-05
17	0.00041	0.00051	0.00032	0.00028	0.00034	0.95576	0.01695	0.02363	0.00031	0.00028	0.00017	0.00020	0.00014	0.00011	9.9e-05	2.8e-05	0.00020	7.2e-05	5.8e-05	0.00013
18	0.02115	0.00019	0.00025	0.00019	0.00027	0.00017	0.00016	0.03688	0.00858	0.87430	0.00906	0.00037	0.00027	0.00013	0.00011	3.3e-05	9.1e-05	0.00011	0.04751	0.00018
19	0.00014	0.00010	0.00013	0.00015	0.00016	9.4e-05	0.01922	0.00016	0.00022	0.00029	0.01722	0.71908	0.23226	0.00032	0.00014	4.2e-05	6.4e-05	0.01002	0.00010	9.1e-05
20	0.00028	0.00023	0.00025	0.00022	0.00028	0.00027	0.00017	0.08513	0.84167	0.00047	0.04358	0.00923	0.00876	0.00015	0.00011	3.7e-05	8.7e-05	0.00013	0.00878	0.00017

[dist]
# distance from previous block
# <min> <max>
2	3

[block]
# block no. 1 follows, 3171 sequences, length 34
# corresponding to MSA columns:
# 164-197
name=unknown_B
#
# <colnr> <probs for GDERKNQSTAVLIFYWHMCP>
#	G	D	E	R	K	N	Q	S	T	A	V	L	I	F	Y	W	H	M	C	P
0	0.39794	0.05407	0.01133	0.00274	0.13852	0.08084	0.07364	0.02375	0.01699	0.12341	0.00716	0.00844	0.00921	0.00011	9.5e-05	3.3e-05	0.01798	8.5e-05	7.3e-05	0.03359
1	0.00038	0.00016	0.00021	0.00017	0.00024	0.00014	0.00014	0.01367	0.00030	0.66762	0.13500	0.00055	0.18057	0.00017	0.00012	3.4e-05	8.1e-05	0.00014	0.00013	0.00016
2	0.01086	0.04540	0.47926	0.00031	0.00408	0.01480	0.22389	0.00540	0.00646	0.07723	0.00834	0.11523	0.00023	0.00013	0.00011	3.5e-05	0.00015	0.00012	6.3e-05	0.00790
3	0.00044	0.00020	0.00430	0.00020	0.00028	0.00019	0.00017	0.17912	0.00416	0.69962	0.05276	0.00042	0.01155	0.00015	0.00011	3.4e-05	9.6e-05	0.04177	0.00425	0.00018
4	0.04624	0.00980	0.11758	0.00021	0.00488	0.00429	0.01952	0.01912	0.00030	0.77632	0.00038	0.00034	0.00024	0.00013	0.00011	3.4e-05	0.00010	0.00010	0.00012	0.00018
5	0.00041	0.00052	0.00031	0.00028	0.00034	0.97141	0.00021	0.02473	0.00031	0.00028	0.00017	0.00020	0.00014	0.00011	9.9e-05	2.8e-05	0.00020	7.1e-05	5.8e-05	0.00013
6	0.00016	0.00011	0.00016	0.00016	0.00018	0.00013	0.00012	0.00019	0.00017	0.00024	0.00031	0.00050	0.00030	0.24100	0.75558	0.00016	0.00025	0.00013	6e-05	9e-05
7	0.00024	0.00020	0.00023	0.00744	0.00026	0.00015	0.00013	0.01713	0.00023	0.04025	0.00021	0.00626	0.00017	8.6e-05	8.3e-05	1.8e-05	8.2e-05	6.9e-05	6.8e-05	0.92670
8	0.00016	0.00011	0.00012	0.00012	0.00012	0.00011	6.6e-05	0.00016	0.00016	0.00021	0.00034	0.00072	0.00040	0.99616	0.00056	0.00011	0.00011	0.00016	6.6e-05	6.6e-05
9	0.00027	0.00012	0.00014	0.00013	0.00017	0.00012	9.8e-05	0.00033	0.02983	0.22467	0.00038	0.00040	0.00028	0.00013	8.5e-05	2.8e-05	6.1e-05	0.00010	0.74254	0.00012
10	0.00027	0.00023	0.00025	0.00022	0.00028	0.00027	0.00017	0.00058	0.99528	0.00046	0.00045	0.00041	0.00033	0.00015	0.00011	3.7e-05	8.7e-05	0.00012	0.00011	0.00017
11	0.00013	0.00011	0.00012	0.00012	0.01328	9.5e-05	8.7e-05	0.00016	0.00025	0.00030	0.04597	0.00103	0.93742	0.00027	0.00013	3.7e-05	5.6e-05	0.00023	0.00010	9.4e-05
12	0.00025	0.27507	0.66429	0.00028	0.00652	0.03329	0.01821	0.00034	0.00023	0.00032	0.00018	0.00022	0.00014	0.00010	9.5e-05	3.1e-05	0.00015	7.5e-05	4.7e-05	0.00015
13	0.00024	0.00020	0.00023	0.00017	0.01843	0.00015	0.00014	0.01233	0.00023	0.04511	0.00021	0.00023	0.00017	8.4e-05	8.3e-05	1.7e-05	8.3e-05	6.8e-05	6.8e-05	0.92175
14	0.00040	0.00051	0.00032	0.00029	0.00034	0.96474	0.02065	0.00043	0.00031	0.00027	0.00017	0.00020	0.00014	0.00011	0.00010	2.9e-05	0.01074	7.2e-05	5.6e-05	0.00013
15	0.00020	0.00017	0.03817	0.00482	0.07282	0.00016	0.00015	0.03643	0.14792	0.01978	0.56530	0.01653	0.06719	0.00316	0.00013	3.6e-05	0.00356	0.02326	0.00011	0.00012
16	0.91311	0.00021	0.00017	0.00015	0.00022	0.00024	0.00012	0.01841	0.00020	0.06612	0.00017	0.00019	0.00013	0.00010	7.1e-05	3.4e-05	8.6e-05	6.3e-05	7.3e-05	0.00012
17	0.00017	0.01540	0.04976	0.02514	0.03310	0.00309	0.02711	0.00573	0.04753	0.00390	0.39292	0.03245	0.27800	0.00023	0.00013	3.7e-05	7.5e-05	0.08500	0.00010	0.00011
18	0.00017	0.00012	0.00015	0.00014	0.00017	0.00011	0.00011	0.00687	0.00972	0.03830	0.89754	0.00581	0.03993	0.00022	0.00013	3.5e-05	5.4e-05	0.00019	0.00012	0.00011
19	0.03221	0.03022	0.26613	0.00023	0.00258	0.05768	0.00439	0.07847	0.07743	0.16544	0.00945	0.02547	0.02849	0.00012	0.00245	3.1e-05	0.00276	0.00267	8e-05	0.21370
20	0.00015	0.00011	0.00015	0.00014	0.00017	0.00010	0.00011	0.00020	0.00029	0.00041	0.78529	0.09263	0.04537	0.00024	0.00013	3.7e-05	5.7e-05	0.07420	0.00012	0.00010
21	0.00331	0.00020	0.00024	0.01743	0.02662	0.00371	0.00603	0.00331	0.00023	0.00311	0.00020	0.00489	0.00017	0.00697	0.00309	1.9e-05	0.00266	6.9e-05	6.5e-05	0.91769
22	0.00029	0.97012	0.02666	0.00019	0.00029	0.00043	0.00019	0.00033	0.00022	0.00026	0.00015	0.00018	0.00014	9.4e-05	7.1e-05	2.4e-05	0.00012	5.9e-05	4.7e-05	0.00014
23	0.00351	0.03734	0.23892	0.01849	0.06440	0.01088	0.02800	0.04474	0.01899	0.10014	0.00786	0.02144	0.00477	0.00339	0.02542	0.01503	0.03886	9e-05	6.9e-05	0.31766
24	0.00021	0.00020	0.00033	0.98111	0.00075	0.00024	0.00030	0.01506	0.00022	0.00029	0.00020	0.00029	0.00015	0.00011	0.00011	3.6e-05	0.00015	9.7e-05	4.9e-05	0.00012
25	0.00014	0.00010	0.00444	0.00016	0.00017	9.6e-05	0.01955	0.00016	0.00022	0.00029	0.03047	0.84979	0.03853	0.00514	0.00014	4.4e-05	6.8e-05	0.05029	0.00010	9.1e-05
26	0.01629	0.34131	0.10457	0.00904	0.08543	0.10585	0.09578	0.00907	0.06976	0.06387	0.00591	0.01250	0.00455	0.00391	0.02012	0.00188	0.01476	0.00247	6.3e-05	0.03287
27	0.00495	0.01052	0.07189	0.11306	0.39444	0.00526	0.07318	0.00285	0.06637	0.11645	0.07474	0.01506	0.01099	0.01426	0.00929	0.00255	0.00314	0.00643	7.3e-05	0.00449
28	0.00013	9.8e-05	0.00013	0.00015	0.00016	9e-05	9.9e-05	0.00015	0.00022	0.00028	0.02050	0.82287	0.14017	0.00749	0.00014	4.4e-05	6.3e-05	0.00703	0.00010	9e-05
29	0.01993	0.00697	0.04024	0.00657	0.01141	0.02596	0.02063	0.06199	0.11170	0.62561	0.04396	0.00038	0.01052	0.00352	0.00332	3.5e-05	0.00208	0.00220	0.00280	0.00017
30	0.01640	0.06688	0.48866	0.02811	0.12630	0.02564	0.06942	0.05155	0.01100	0.09543	0.00482	0.00282	0.00017	0.00011	0.00760	3.5e-05	0.00263	9e-05	6.2e-05	0.00227
31	0.00014	0.00011	0.00013	0.00288	0.00944	9.9e-05	0.00010	0.00017	0.00343	0.00473	0.03722	0.34333	0.48766	0.00977	0.00548	4.2e-05	0.00443	0.08154	0.00921	9.4e-05
32	0.01528	0.00380	0.01202	0.00015	0.00019	0.01044	0.00012	0.03586	0.00552	0.15669	0.44129	0.00067	0.08701	0.15215	0.06352	0.00303	0.00623	0.00017	0.00574	0.00011
33	0.16621	0.01591	0.06547	0.00914	0.28725	0.16108	0.05584	0.04495	0.01886	0.00930	0.01047	0.00249	0.00716	0.00012	0.00013	3.4e-05	0.10903	8.9e-05	0.00235	0.03414

[dist]
# distance from previous block
# <min> <max>
1	1

[block]
# block no. 2 follows, 3171 sequences, length 54
# corresponding to MSA columns:
# 215-217,222-235,238-240,242,250-276,282-287
name=unknown_C
#
# <colnr> <probs for GDERKNQSTAVLIFYWHMCP>
#	G	D	E	R	K	N	Q	S	T	A	V	L	I	F	Y	W	H	M	C	P
0	0.03038	0.02493	0.26818	0.01319	0.29676	0.02727	0.22667	0.00580	0.00274	0.07040	0.00564	0.00800	0.00191	0.00010	0.00011	3.4e-05	0.00162	0.00010	6e-05	0.01611
1	0.00456	0.00427	0.06262	0.34864	0.47048	0.01726	0.04162	0.03203	0.01037	0.00361	0.00340	0.00028	0.00017	0.00010	0.00011	3.4e-05	0.00014	9.7e-05	5.5e-05	0.00015
2	0.00017	0.00015	0.00844	0.00874	0.05424	0.00014	0.00179	0.01175	0.16180	0.00347	0.21234	0.02718	0.48736	0.00542	0.00186	3.7e-05	6.8e-05	0.01308	0.00185	0.00011
3	0.00016	0.00013	0.00017	0.00016	0.00019	0.00012	0.05766	0.00022	0.06878	0.00036	0.38184	0.21462	0.26368	0.00025	0.00013	3.8e-05	6.6e-05	0.01122	0.00011	0.00010
4	0.00542	0.00020	0.01433	0.00378	0.00165	0.00422	0.00785	0.01228	0.00601	0.02048	0.00021	0.00164	0.00017	0.00431	0.06736	3.2e-05	0.09847	0.00388	6.5e-05	0.74764
5	0.00857	0.00023	0.00026	0.00021	0.00029	0.03201	0.00017	0.09448	0.46228	0.39044	0.00959	0.00038	0.00029	0.00014	0.00011	3.5e-05	9.5e-05	0.00011	0.00012	0.00018
6	0.00187	0.00021	0.00026	0.11028	0.00582	0.00478	0.05239	0.06644	0.44761	0.07783	0.09940	0.01012	0.05567	0.02138	0.01707	4e-05	0.00190	0.00491	0.0001	0.02193
7	0.00015	0.00011	0.00014	0.00014	0.00016	0.00010	0.00010	0.00019	0.00769	0.00034	0.37969	0.07956	0.23357	0.13244	0.00264	4.8e-05	6.9e-05	0.14859	0.01416	9.5e-05
8	0.00496	0.04346	0.71099	0.00539	0.02181	0.01963	0.01317	0.09959	0.07039	0.00647	0.00022	0.00025	0.00016	0.00011	0.00010	3.4e-05	0.00015	0.00289	5.8e-05	0.00016
9	0.00016	0.00011	0.00012	0.00012	0.00012	0.00011	6.8e-05	0.00016	0.00017	0.00022	0.01821	0.00909	0.05120	0.90815	0.00477	0.00010	0.00010	0.00016	0.00679	6.9e-05
10	0.00017	0.00013	0.00016	0.00015	0.00018	0.00012	0.00011	0.00242	0.11318	0.00043	0.81715	0.00351	0.01416	0.01162	0.02502	0.00364	6.3e-05	0.00227	0.00541	0.00011
11	0.00029	0.99622	0.00057	0.00019	0.00028	0.00043	0.00019	0.00033	0.00022	0.00026	0.00015	0.00018	0.00014	9.4e-05	7e-05	2.3e-05	0.00012	5.8e-05	4.7e-05	0.00014
12	0.00013	0.00011	0.00011	0.00011	0.00015	9.2e-05	8.3e-05	0.00016	0.00025	0.00030	0.01764	0.00105	0.97890	0.00028	0.00013	3.7e-05	5.5e-05	0.00023	0.00010	9.2e-05
13	0.00049	0.00019	0.00025	0.00019	0.00028	0.00016	0.00016	0.00053	0.00031	0.99555	0.00043	0.00037	0.00027	0.00014	0.00011	3.4e-05	9.3e-05	0.00011	0.00014	0.00019
14	0.99693	0.00021	0.00016	0.00014	0.00021	0.00025	0.00012	0.00032	0.00019	0.00049	0.00015	0.00018	0.00012	0.00010	6.8e-05	3.4e-05	8.5e-05	5.9e-05	6.8e-05	0.00012
15	0.00013	9.8e-05	0.00012	0.00014	0.00016	9e-05	9.8e-05	0.00015	0.00022	0.00028	0.00071	0.78957	0.20718	0.00033	0.00014	4.3e-05	6.2e-05	0.00029	0.00010	9e-05
16	0.00015	0.00011	0.00014	0.00014	0.00016	0.00010	0.00010	0.00020	0.00031	0.00043	0.92963	0.01204	0.05561	0.00023	0.00013	3.5e-05	5.2e-05	0.00020	0.00012	0.00010
17	0.00029	0.00024	0.02767	0.19011	0.60525	0.00024	0.00547	0.01170	0.00333	0.15426	0.00024	0.00029	0.00018	0.00011	0.00011	3.4e-05	0.00013	9.9e-05	6.6e-05	0.00017
18	0.97449	0.00929	0.00017	0.00015	0.00021	0.01359	0.00012	0.00032	0.00019	0.00049	0.00015	0.00018	0.00012	0.00010	6.8e-05	3.4e-05	8.6e-05	5.9e-05	6.7e-05	0.00012
19	0.00049	0.00019	0.00025	0.00020	0.00028	0.00016	0.00016	0.01667	0.00032	0.97940	0.00043	0.00037	0.00027	0.00014	0.00011	3.4e-05	9.3e-05	0.00011	0.00013	0.00019
20	0.00548	0.00030	0.00032	0.00025	0.00034	0.01077	0.00021	0.93959	0.00050	0.02753	0.00026	0.00026	0.00019	0.00013	0.00357	3.3e-05	0.00986	9.8e-05	0.00011	0.00018
21	0.00243	0.00276	0.10774	0.03375	0.65658	0.00655	0.13783	0.02287	0.00969	0.00886	0.00279	0.00027	0.00017	0.00010	0.00011	3.4e-05	0.00714	0.00010	5.6e-05	0.00017
22	0.98353	0.00021	0.00016	0.00672	0.00022	0.00706	0.00012	0.00032	0.00019	0.00049	0.00015	0.00018	0.00012	0.00010	6.8e-05	3.4e-05	8.6e-05	6e-05	6.7e-05	0.00012
23	0.00320	0.00579	0.91732	0.00031	0.00531	0.00025	0.02095	0.00035	0.00023	0.03755	0.00021	0.00767	0.00015	0.00011	0.00010	3.5e-05	0.00016	8.5e-05	5e-05	0.00016
24	0.99693	0.00021	0.00016	0.00014	0.00021	0.00025	0.00012	0.00032	0.00019	0.00049	0.00015	0.00018	0.00012	0.00010	6.8e-05	3.4e-05	8.5e-05	5.9e-05	6.8e-05	0.00012
25	0.00014	9.9e-05	0.00013	0.01416	0.00760	9.4e-05	0.00011	0.00016	0.00021	0.00028	0.00059	0.94108	0.00071	0.00034	0.00014	4.4e-05	6.6e-05	0.03386	0.00010	9e-05
26	0.99693	0.00021	0.00016	0.00014	0.00021	0.00025	0.00012	0.00032	0.00019	0.00049	0.00015	0.00018	0.00012	0.00010	6.8e-05	3.4e-05	8.5e-05	5.9e-05	6.8e-05	0.00012
27	0.00041	0.00052	0.00031	0.00028	0.00034	0.98555	0.00021	0.01060	0.00031	0.00027	0.00017	0.00020	0.00014	0.00011	9.9e-05	2.8e-05	0.00020	7.1e-05	5.7e-05	0.00013
28	0.00027	0.00027	0.00742	0.00985	0.48840	0.00026	0.44788	0.00035	0.00365	0.04022	0.00022	0.00029	0.00017	9.7e-05	0.00012	3.5e-05	0.00015	0.00011	5.8e-05	0.00016
29	0.00016	0.00011	0.00012	0.00012	0.00012	0.00011	6.6e-05	0.00016	0.00016	0.00021	0.00034	0.00072	0.00040	0.99616	0.00056	0.00011	0.00011	0.00016	6.6e-05	6.6e-05
30	0.00013	9.5e-05	0.00013	0.00015	0.00016	8.9e-05	0.00010	0.00015	0.00021	0.00028	0.00060	0.99609	0.00072	0.00034	0.00014	4.4e-05	6.3e-05	0.00031	0.00010	8.9e-05
31	0.08216	0.00572	0.03535	0.00021	0.00030	0.00577	0.00512	0.28919	0.04727	0.52265	0.00035	0.00032	0.00023	0.00013	0.00011	3.4e-05	0.00271	0.00208	0.00012	0.00018
32	0.00035	0.00310	0.00032	0.00028	0.00032	0.66021	0.00353	0.00436	0.00802	0.00580	0.00017	0.00021	0.00014	0.00014	0.00291	3.5e-05	0.30984	7.9e-05	5.5e-05	0.00013
33	0.00013	0.00011	0.00011	0.00011	0.00015	9.2e-05	8.3e-05	0.00016	0.00025	0.00030	0.01455	0.00105	0.98199	0.00028	0.00013	3.7e-05	5.5e-05	0.00023	0.00010	9.2e-05
34	0.00021	0.00020	0.00033	0.95511	0.04152	0.00024	0.00030	0.00028	0.00022	0.00028	0.00019	0.00029	0.00015	0.00011	0.00011	3.6e-05	0.00015	9.7e-05	4.9e-05	0.00012
35	0.00181	0.02847	0.82494	0.00189	0.00595	0.01634	0.09309	0.00752	0.00608	0.00653	0.00179	0.00317	0.00015	0.00010	0.00011	3.4e-05	0.00016	0.00167	4.9e-05	0.00016
36	0.00545	0.00016	0.00019	0.00017	0.00021	0.00017	0.00013	0.02491	0.31323	0.10331	0.42889	0.00059	0.00328	0.00018	0.00012	3.4e-05	6.9e-05	0.00980	0.10899	0.00014
37	0.01293	0.72661	0.11461	0.00022	0.00254	0.05291	0.02208	0.02018	0.00024	0.02989	0.00017	0.00019	0.00015	0.00010	0.00213	2.7e-05	0.01479	6.6e-05	5.2e-05	0.00014
38	0.00454	0.00018	0.00024	0.00019	0.00027	0.00016	0.00016	0.00697	0.01941	0.87404	0.07329	0.00419	0.00974	0.00014	0.00011	3.4e-05	9e-05	0.00593	0.00013	0.00018
39	0.00013	0.00011	0.00011	0.00011	0.00015	9.4e-05	8.5e-05	0.00016	0.00689	0.00030	0.04240	0.03250	0.91210	0.00028	0.00404	3.8e-05	5.7e-05	0.00023	0.00010	9.3e-05
40	0.05701	0.00013	0.00015	0.00014	0.00018	0.00012	0.00011	0.01504	0.01803	0.16484	0.28700	0.12946	0.09889	0.00020	0.00011	3.4e-05	6.4e-05	0.00833	0.22004	0.00012
41	0.00025	0.00026	0.02066	0.00033	0.00036	0.02790	0.25093	0.00234	0.00020	0.00029	0.00259	0.00513	0.00017	0.01772	0.00650	4.6e-05	0.65208	0.01208	5.2e-05	0.00013
42	0.00015	0.00011	0.00015	0.00014	0.00016	0.00010	0.00010	0.00021	0.00030	0.00430	0.92498	0.02190	0.03491	0.00023	0.00013	3.5e-05	5.3e-05	0.01182	0.00012	0.00010
43	0.00016	0.00012	0.00015	0.00014	0.00017	0.00011	0.00011	0.00505	0.03357	0.01542	0.72057	0.16876	0.05478	0.00024	0.00013	3.6e-05	5.6e-05	0.00021	0.00012	0.00010
44	0.00021	0.00019	0.00033	0.99589	0.00075	0.00024	0.00030	0.00028	0.00022	0.00028	0.00019	0.00029	0.00015	0.00011	0.00011	3.6e-05	0.00015	9.7e-05	4.9e-05	0.00012
45	0.01485	0.00012	0.00013	0.00012	0.00015	0.00011	9.2e-05	0.00357	0.00025	0.15000	0.06093	0.00043	0.00343	0.00014	8.5e-05	2.8e-05	5.8e-05	0.00415	0.76123	0.00012
46	0.00016	0.00011	0.00012	0.00012	0.00012	0.00011	6.6e-05	0.00016	0.00016	0.00021	0.00034	0.00072	0.00040	0.99616	0.00056	0.00011	0.00011	0.00016	6.6e-05	6.6e-05
47	0.00448	0.29142	0.48942	0.00776	0.01748	0.01861	0.01925	0.04645	0.01933	0.04448	0.01980	0.00168	0.00363	0.00011	9.7e-05	3.1e-05	0.00462	0.01113	5.7e-05	0.00015
48	0.00793	0.81080	0.01177	0.00020	0.00029	0.13755	0.00019	0.01777	0.00393	0.00027	0.00016	0.00018	0.00334	9.8e-05	7.7e-05	2.5e-05	0.00516	6.2e-05	5e-05	0.00014
49	0.07237	0.41215	0.26908	0.00269	0.01932	0.00522	0.01058	0.05387	0.02188	0.01409	0.00420	0.00021	0.00015	0.00010	8.6e-05	2.8e-05	0.00170	7.2e-05	5.7e-05	0.11214
50	0.00658	0.37063	0.02270	0.00025	0.00032	0.58133	0.01056	0.00595	0.00028	0.00027	0.00016	0.00019	0.00014	0.00011	8.8e-05	2.7e-05	0.00017	6.7e-05	5.3e-05	0.00013
51	0.00014	0.00011	0.00013	0.00012	0.00015	9.7e-05	9.2e-05	0.00018	0.00027	0.00036	0.42071	0.00095	0.57579	0.00025	0.00013	3.6e-05	5.4e-05	0.00022	0.00011	9.7e-05
52	0.00840	0.00017	0.00203	0.00017	0.00022	0.00639	0.00792	0.02450	0.35152	0.01188	0.24947	0.01094	0.26747	0.00021	0.00012	3.7e-05	0.00742	0.05090	0.00011	0.00013
53	0.00024	0.00024	0.00033	0.03898	0.00031	0.00033	0.00024	0.01671	0.00531	0.00027	0.00015	0.00024	0.00015	0.00019	0.00458	4.8e-05	0.93142	9.6e-05	4.9e-05	0.00012

[dist]
# distance from previous block
# <min> <max>
3	10

[block]
# block no. 3 follows, 3171 sequences, length 33
# corresponding to MSA columns:
# 391,393-424
name=unknown_D
#
# <colnr> <probs for GDERKNQSTAVLIFYWHMCP>
#	G	D	E	R	K	N	Q	S	T	A	V	L	I	F	Y	W	H	M	C	P
0	0.00015	0.00012	0.00758	0.00014	0.00423	0.00010	0.00010	0.00462	0.00724	0.00040	0.68136	0.00608	0.27420	0.00023	0.00013	3.5e-05	5.5e-05	0.00020	0.00011	0.01291
1	0.01054	0.74707	0.01215	0.00021	0.00029	0.15375	0.00019	0.04332	0.00769	0.01187	0.00017	0.00019	0.00015	0.00010	8e-05	2.5e-05	0.00846	6.4e-05	0.00355	0.00014
2	0.00023	0.00019	0.00023	0.00016	0.00026	0.00015	0.00013	0.00922	0.00023	0.02073	0.00021	0.00024	0.01010	8.4e-05	8.2e-05	1.7e-05	8.1e-05	6.8e-05	6.7e-05	0.95751
3	0.00686	0.00523	0.02357	0.02190	0.03719	0.00217	0.01614	0.02045	0.00934	0.15380	0.16341	0.24299	0.26692	0.00384	0.00013	3.8e-05	0.01112	0.01468	0.00010	0.00012
4	0.04142	0.14593	0.11184	0.31786	0.00280	0.03619	0.00253	0.13999	0.00513	0.14854	0.00250	0.00303	0.00018	0.01624	0.01340	3.6e-05	0.00952	0.00266	7.2e-05	0.00015
5	0.00029	0.99622	0.00057	0.00019	0.00028	0.00043	0.00019	0.00033	0.00022	0.00026	0.00015	0.00018	0.00014	9.4e-05	7e-05	2.3e-05	0.00012	5.8e-05	4.7e-05	0.00014
6	0.00019	0.00013	0.00016	0.01540	0.08910	0.00012	0.00012	0.00377	0.00026	0.10933	0.03367	0.03565	0.66284	0.00419	0.00360	3.8e-05	7.1e-05	0.04114	0.00010	0.00011
7	0.00965	0.16055	0.69363	0.00354	0.00339	0.01686	0.03277	0.01640	0.01455	0.04062	0.00294	0.00024	0.00417	0.00011	9.9e-05	3.3e-05	0.00015	8.2e-05	5.3e-05	0.00016
8	0.00021	0.00017	0.00492	0.00017	0.00022	0.00567	0.00013	0.00037	0.46447	0.00634	0.27100	0.00068	0.24022	0.00020	0.00012	3.6e-05	7.1e-05	0.00476	0.00011	0.00013
9	0.00013	0.00011	0.00011	0.00011	0.00015	9.3e-05	8.5e-05	0.00016	0.00025	0.00031	0.09356	0.01666	0.88734	0.00027	0.00013	3.7e-05	5.5e-05	0.00023	0.00010	9.3e-05
10	0.00895	0.14180	0.23194	0.00330	0.00253	0.49901	0.02181	0.02738	0.02343	0.00799	0.00326	0.01297	0.00251	0.00011	0.00010	3e-05	0.01026	0.00242	5.7e-05	0.00014
11	0.00405	0.00018	0.00021	0.00020	0.00024	0.00353	0.00728	0.01068	0.54470	0.00806	0.00525	0.27883	0.04337	0.00639	0.02101	4.3e-05	0.01128	0.05446	0.00010	0.00014
12	0.00022	0.00057	0.99559	0.00031	0.00047	0.00025	0.00040	0.00035	0.00023	0.00035	0.00020	0.00023	0.00014	0.00010	0.00010	3.5e-05	0.00016	8.1e-05	4.6e-05	0.00016
13	0.00013	9.5e-05	0.00013	0.00015	0.00016	8.9e-05	0.00010	0.00015	0.00021	0.00028	0.00060	0.99609	0.00072	0.00034	0.00014	4.4e-05	6.3e-05	0.00031	0.00010	8.9e-05
14	0.01785	0.00015	0.00020	0.01136	0.00023	0.00492	0.07472	0.01273	0.00386	0.19741	0.05868	0.03232	0.42018	0.00023	0.00013	3.8e-05	8.2e-05	0.13930	0.02549	0.00012
15	0.00014	0.0001	0.00013	0.00015	0.00016	9.5e-05	0.0001	0.00803	0.00021	0.00489	0.00694	0.79562	0.03659	0.10678	0.00886	5.2e-05	7.1e-05	0.02115	0.00983	8.8e-05
16	0.00045	0.00021	0.00029	0.00595	0.10781	0.00020	0.00019	0.16674	0.00672	0.69715	0.00502	0.00035	0.00025	0.00014	0.00799	3.5e-05	0.00010	0.00011	0.00012	0.00018
17	0.00029	0.99622	0.00057	0.00019	0.00028	0.00043	0.00019	0.00033	0.00022	0.00026	0.00015	0.00018	0.00014	9.4e-05	7e-05	2.3e-05	0.00012	5.8e-05	4.7e-05	0.00014
18	0.00014	0.00011	0.00784	0.00016	0.00017	9.7e-05	0.01146	0.00017	0.00022	0.00640	0.01095	0.72764	0.12504	0.00448	0.00801	4.5e-05	7e-05	0.09682	0.00010	9.2e-05
19	0.01739	0.22127	0.45782	0.00029	0.00041	0.00609	0.15583	0.02162	0.01183	0.09391	0.00422	0.00025	0.00017	0.00493	0.00010	3.3e-05	0.00015	0.00349	5.9e-05	0.00016
20	0.00460	0.00024	0.00029	0.01111	0.00031	0.00293	0.06200	0.31668	0.42374	0.05146	0.04249	0.01881	0.03854	0.00015	0.00291	3.6e-05	0.00526	0.01816	0.00011	0.00017
21	0.00016	0.00011	0.00013	0.00014	0.00016	0.00010	0.00010	0.00020	0.00904	0.02999	0.36733	0.31335	0.17644	0.00026	0.00013	3.8e-05	5.8e-05	0.01981	0.08235	0.0001
22	0.00689	0.15175	0.64431	0.00953	0.02256	0.05585	0.03051	0.01546	0.03215	0.01674	0.00310	0.00762	0.00016	0.00011	0.00279	3.3e-05	0.00015	8.3e-05	5.3e-05	0.00016
23	0.00528	0.00026	0.00040	0.27920	0.60252	0.06259	0.00495	0.02281	0.00638	0.01427	0.00021	0.00027	0.00017	0.00010	0.00011	3.3e-05	0.00014	9.6e-05	5.6e-05	0.00016
24	0.00311	0.00020	0.00032	0.52572	0.03942	0.00278	0.05784	0.01180	0.01882	0.28296	0.01778	0.01215	0.00434	0.00244	0.00012	3.6e-05	0.01710	0.00285	7.8e-05	0.00014
25	0.00015	0.00012	0.00869	0.03670	0.01013	0.00210	0.01114	0.00365	0.01605	0.01543	0.06483	0.34110	0.35622	0.03458	0.04797	0.00211	0.00795	0.03794	0.00304	9.8e-05
26	0.04594	0.10080	0.17170	0.00404	0.01260	0.04101	0.12363	0.04492	0.04140	0.13503	0.03821	0.02584	0.01626	0.00881	0.00285	3.3e-05	0.04088	0.00317	7.5e-05	0.14282
27	0.01465	0.00043	0.00057	0.50333	0.35093	0.03531	0.03602	0.00708	0.01705	0.01338	0.00048	0.00375	0.00042	0.00028	0.00023	8.3e-05	0.00024	0.00611	0.00015	0.00952
28	0.00594	0.01056	0.01660	0.00401	0.00211	0.02963	0.02852	0.04551	0.10193	0.06195	0.23978	0.27827	0.08471	0.01556	0.02998	4.3e-05	0.01135	0.03127	0.00216	0.00012
29	0.02282	0.00662	0.27930	0.09085	0.09053	0.01515	0.16767	0.05931	0.06363	0.12110	0.03573	0.01660	0.01451	0.00228	0.00530	3.6e-05	0.00014	0.00472	7.3e-05	0.00364
30	0.00026	0.00025	0.00410	0.11519	0.83345	0.00496	0.01004	0.00490	0.00449	0.00483	0.00021	0.00027	0.00017	9.9e-05	0.00011	3.3e-05	0.00013	9.7e-05	5.5e-05	0.01636
31	0.02296	0.02974	0.10693	0.09608	0.17164	0.05143	0.10812	0.02097	0.02055	0.13307	0.04937	0.07128	0.03301	0.01457	0.00479	3.7e-05	0.00296	0.05671	7.7e-05	0.00571
32	0.00625	0.00018	0.00023	0.00630	0.01194	0.00736	0.00230	0.03564	0.02503	0.69231	0.08208	0.07778	0.01758	0.01155	0.00303	3.6e-05	9e-05	0.01770	0.00245	0.00016

[dist]
# distance from previous block
# <min> <max>
8	14

[block]
# block no. 4 follows, 3171 sequences, length 6
# corresponding to MSA columns:
# 445,446,451-454
name=unknown_E
#
# <colnr> <probs for GDERKNQSTAVLIFYWHMCP>
#	G	D	E	R	K	N	Q	S	T	A	V	L	I	F	Y	W	H	M	C	P
0	0.00921	0.02045	0.36873	0.02105	0.04938	0.01254	0.12046	0.01557	0.04094	0.06613	0.05196	0.10213	0.02762	0.01038	0.02135	0.00887	0.01131	0.03286	0.00891	0.00014
1	0.00906	0.01746	0.02427	0.01172	0.05549	0.01005	0.01562	0.01230	0.02180	0.07914	0.15243	0.32322	0.04383	0.05608	0.08045	5.4e-05	0.02442	0.03980	0.01323	0.00960
2	0.01952	0.15577	0.30253	0.03385	0.03157	0.03251	0.01502	0.08018	0.03126	0.17137	0.01530	0.01993	0.01016	0.01141	0.00011	3.3e-05	0.01058	0.01035	7.4e-05	0.04848
3	0.01084	0.01024	0.02899	0.00017	0.01010	0.01429	0.00013	0.01131	0.03136	0.13943	0.30000	0.22097	0.09767	0.03628	0.01002	0.01283	0.01026	0.03194	0.02308	0.00011
4	0.01459	0.00013	0.01232	0.00017	0.00019	0.00012	0.01281	0.01253	0.02065	0.11413	0.06217	0.56418	0.03029	0.03042	0.02126	0.01487	7.9e-05	0.07296	0.01604	0.00011
5	0.02133	0.03398	0.34379	0.02082	0.12381	0.05683	0.09319	0.04128	0.04684	0.03348	0.04468	0.06325	0.01025	0.01066	0.00911	3.7e-05	0.01340	0.01121	0.00957	0.01248

[dist]
# distance from previous block
# <min> <max>
0	1

[block]
# block no. 5 follows, 3171 sequences, length 14
# corresponding to MSA columns:
# 456-465,469-472
name=unknown_F
#
# <colnr> <probs for GDERKNQSTAVLIFYWHMCP>
#	G	D	E	R	K	N	Q	S	T	A	V	L	I	F	Y	W	H	M	C	P
0	0.00795	0.01746	0.06311	0.17186	0.41593	0.01422	0.04635	0.04536	0.02061	0.12674	0.00717	0.01565	0.01026	0.00493	0.00673	3.5e-05	0.00688	0.00877	6.9e-05	0.00993
1	0.00716	0.00013	0.00016	0.00015	0.00019	0.00012	0.00011	0.02210	0.00865	0.21066	0.09758	0.31328	0.19119	0.02950	0.03156	4.4e-05	7.7e-05	0.01392	0.06648	0.00694
2	0.00849	0.00021	0.03918	0.06312	0.30207	0.01180	0.10483	0.00991	0.01303	0.02097	0.01855	0.27603	0.03916	0.01358	0.03035	4.3e-05	0.01606	0.02781	0.00465	0.00013
3	0.01084	0.07317	0.23019	0.00687	0.10354	0.02919	0.02382	0.04396	0.05242	0.23193	0.02925	0.00989	0.01140	0.00012	0.00010	3.1e-05	0.00666	0.00470	8.1e-05	0.13183
4	0.02114	0.00394	0.02319	0.00575	0.01268	0.00585	0.03821	0.01621	0.04710	0.15617	0.14056	0.11982	0.08986	0.02497	0.01965	0.00904	0.23427	0.00919	0.01553	0.00688
5	0.00014	9.8e-05	0.00013	0.00015	0.00016	9.2e-05	0.00010	0.00016	0.00021	0.01657	0.01709	0.87320	0.02998	0.04800	0.00016	4.7e-05	6.6e-05	0.01344	0.00010	9e-05
6	0.01818	0.10859	0.43421	0.04577	0.02847	0.14967	0.05191	0.04636	0.02044	0.04395	0.00530	0.01206	0.00861	0.00012	0.01283	3.5e-05	0.00583	0.00744	5.9e-05	0.00015
7	0.01617	0.14038	0.33270	0.01825	0.07406	0.07357	0.08518	0.07275	0.02248	0.13061	0.00625	0.00912	0.00018	0.00530	0.00011	3.3e-05	0.00569	9.1e-05	6.8e-05	0.00701
8	0.74970	0.03092	0.03403	0.00016	0.00023	0.02200	0.00014	0.02485	0.00021	0.06203	0.01192	0.02500	0.00715	0.01305	0.00624	3.6e-05	9.3e-05	0.01205	7.3e-05	0.00012
9	0.05484	0.01967	0.03748	0.07184	0.50206	0.04495	0.06436	0.01220	0.03910	0.01240	0.02791	0.03690	0.03231	0.00487	0.01080	3.6e-05	0.01844	0.00962	6.4e-05	0.00015
10	0.01313	0.00021	0.00024	0.01600	0.00857	0.05010	0.00967	0.11124	0.10913	0.04103	0.00830	0.07472	0.00028	0.00492	0.00011	0.00634	0.00468	0.09710	0.01231	0.43192
11	0.01532	0.00015	0.00019	0.00017	0.00022	0.00013	0.00013	0.00035	0.01661	0.46259	0.19417	0.21810	0.07363	0.00021	0.00012	3.6e-05	7.5e-05	0.00018	0.00012	0.01750
12	0.00023	0.02501	0.00032	0.67718	0.04955	0.02441	0.00517	0.07558	0.00514	0.00989	0.00493	0.00951	0.01067	0.06860	0.01836	0.00532	0.00518	0.00476	5.8e-05	0.00013
13	0.03263	0.01654	0.03439	0.02097	0.03384	0.02999	0.03160	0.25817	0.23751	0.15279	0.02504	0.06946	0.01612	0.00733	0.00593	3.6e-05	0.00877	0.00947	0.00405	0.00539

[dist]
# distance from previous block
# <min> <max>
6	15

[block]
# block no. 6 follows, 3171 sequences, length 24
# corresponding to MSA columns:
# 499-522
name=unknown_G
#
# <colnr> <probs for GDERKNQSTAVLIFYWHMCP>
#	G	D	E	R	K	N	Q	S	T	A	V	L	I	F	Y	W	H	M	C	P
0	0.00637	0.01646	0.02098	0.01823	0.01000	0.01151	0.02089	0.01818	0.01296	0.17380	0.05921	0.27940	0.16475	0.05526	0.01940	0.04214	0.01644	0.02178	0.00612	0.02612
1	0.00300	0.03039	0.00537	0.01077	0.00380	0.02882	0.00267	0.00656	0.00627	0.04416	0.22332	0.28336	0.24055	0.04572	0.00441	0.03561	7.3e-05	0.02496	9.9e-05	0.00010
2	0.02505	0.05586	0.01481	0.23231	0.41481	0.03969	0.01981	0.04663	0.00609	0.05283	0.00370	0.00292	0.00322	0.00013	0.02095	3.7e-05	0.04709	0.00273	0.00332	0.00800
3	0.10570	0.13176	0.21313	0.01088	0.00862	0.02356	0.09906	0.14358	0.05099	0.02049	0.00635	0.00681	0.00020	0.00422	0.05913	4.1e-05	0.00563	0.03475	0.00353	0.07158
4	0.00015	0.00011	0.00014	0.00016	0.00017	0.00010	0.01219	0.00902	0.00925	0.02321	0.01280	0.67310	0.02848	0.12619	0.05245	0.00910	0.00370	0.03166	0.00795	9.1e-05
5	0.09279	0.01870	0.00926	0.07552	0.00035	0.16205	0.19583	0.06620	0.00694	0.01627	0.00023	0.00452	0.00021	0.15915	0.00708	0.00525	0.10889	0.00571	0.05209	0.01298
6	0.00014	0.0001	0.00013	0.00015	0.00016	9.4e-05	9.9e-05	0.00016	0.00020	0.00027	0.00055	0.79095	0.00066	0.14775	0.00981	5.4e-05	7.3e-05	0.03034	9.5e-05	0.01821
7	0.00014	0.00010	0.00013	0.00015	0.00016	9.2e-05	0.00010	0.00016	0.00022	0.00029	0.01138	0.74858	0.16962	0.00033	0.00014	4.3e-05	6.4e-05	0.06813	0.00010	9e-05
8	0.00029	0.00024	0.00025	0.00022	0.00029	0.00028	0.00018	0.12459	0.85455	0.00049	0.00042	0.00039	0.00031	0.00015	0.00011	3.6e-05	9e-05	0.00012	0.01682	0.00017
9	0.02106	0.03980	0.00409	0.01499	0.00532	0.03316	0.01717	0.16176	0.15846	0.26589	0.02128	0.12399	0.04348	0.01127	0.02171	0.00554	0.01978	0.03099	0.00010	0.00015
10	0.00027	0.00026	0.00044	0.01015	0.95217	0.00026	0.00033	0.00033	0.00025	0.00035	0.00021	0.01046	0.00018	0.00010	0.00011	3.3e-05	0.01385	0.01004	5.5e-05	0.00017
11	0.00023	0.00926	0.03168	0.01775	0.05601	0.00659	0.00492	0.01408	0.00484	0.00475	0.00020	0.00453	0.00017	8.6e-05	8.5e-05	1.9e-05	9e-05	7e-05	6.4e-05	0.84457
12	0.00019	0.00013	0.00016	0.00015	0.00019	0.00013	0.01061	0.00429	0.11554	0.04604	0.45027	0.02001	0.09960	0.14814	0.01013	4.9e-05	7.5e-05	0.08887	0.00532	0.00011
13	0.00014	0.00011	0.00013	0.00015	0.00017	0.0001	0.00011	0.00017	0.00023	0.00030	0.01488	0.40081	0.31384	0.02477	0.00015	4.5e-05	7.1e-05	0.24363	0.00010	9.2e-05
14	0.00016	0.00012	0.00017	0.00017	0.00019	0.00014	0.00013	0.00019	0.00018	0.00025	0.00847	0.00840	0.01086	0.07504	0.88581	0.00017	0.00929	0.00012	6e-05	9.5e-05
15	0.05220	0.00013	0.00016	0.00014	0.00018	0.00012	0.00011	0.00587	0.00529	0.15841	0.55294	0.01163	0.18258	0.00677	0.00012	3.5e-05	6.2e-05	0.00018	0.02296	0.00012
16	0.02577	0.00016	0.00020	0.00016	0.00022	0.00015	0.00013	0.01246	0.02052	0.55627	0.00577	0.01016	0.00870	0.14016	0.00017	4.3e-05	8.5e-05	0.00797	0.21077	0.00015
17	0.00041	0.00052	0.00031	0.00028	0.00034	0.99572	0.00021	0.00044	0.00031	0.00027	0.00017	0.00020	0.00014	0.00011	9.9e-05	2.8e-05	0.00020	7e-05	5.6e-05	0.00013
18	0.01023	0.00012	0.00015	0.00014	0.00017	0.00011	0.00011	0.01501	0.01603	0.03279	0.75802	0.04592	0.06958	0.00023	0.00013	3.5e-05	5.7e-05	0.03240	0.01866	0.00011
19	0.08742	0.33269	0.05129	0.00931	0.01484	0.09126	0.00379	0.18691	0.00962	0.15565	0.00378	0.01470	0.00019	0.00394	9.7e-05	3e-05	0.01229	0.00793	0.00747	0.00680
20	0.00023	0.09815	0.84392	0.00030	0.00045	0.00027	0.01660	0.00810	0.00575	0.00949	0.00020	0.01028	0.00015	0.00011	0.00010	3.4e-05	0.00015	0.00551	4.9e-05	0.00016
21	0.05224	0.47151	0.13039	0.00023	0.03015	0.07139	0.01048	0.06264	0.03300	0.11373	0.00536	0.00023	0.00341	0.00348	9.1e-05	2.9e-05	0.00673	7.7e-05	6.6e-05	0.00477
22	0.26781	0.27063	0.16516	0.00320	0.00710	0.01528	0.02677	0.11388	0.01415	0.04302	0.04700	0.00318	0.00647	0.00288	0.00524	3.2e-05	0.00418	8.2e-05	0.00378	0.00014
23	0.00446	0.00012	0.00015	0.00015	0.00017	0.00011	0.00011	0.00795	0.00509	0.15192	0.07087	0.40438	0.08008	0.21145	0.00576	5.5e-05	7.9e-05	0.04074	0.00465	0.01172

[dist]
# distance from previous block
# <min> <max>
6	31

[block]
# block no. 7 follows, 3171 sequences, length 6
# corresponding to MSA columns:
# 554,557-561
name=unknown_H
#
# <colnr> <probs for GDERKNQSTAVLIFYWHMCP>
#	G	D	E	R	K	N	Q	S	T	A	V	L	I	F	Y	W	H	M	C	P
0	0.01524	0.19916	0.15174	0.02793	0.14315	0.04270	0.09938	0.03517	0.02739	0.17590	0.01327	0.01245	0.01024	0.00012	0.00011	3.2e-05	0.01342	0.00993	0.01002	0.01266
1	0.01082	0.01790	0.11207	0.09328	0.21380	0.01210	0.15036	0.01826	0.03133	0.17380	0.03449	0.02722	0.03479	0.00013	0.00011	3.5e-05	0.00997	0.01927	0.02020	0.02005
2	0.00016	0.00012	0.00016	0.00015	0.00018	0.00011	0.02548	0.00021	0.01711	0.02196	0.54831	0.21856	0.09515	0.01733	0.01709	0.01679	6.6e-05	0.02086	0.00011	0.00010
3	0.01034	0.01054	0.07602	0.31085	0.20715	0.01387	0.10862	0.02632	0.01654	0.09207	0.01630	0.02213	0.02080	0.02392	0.01106	3.8e-05	0.01048	0.01261	0.01021	0.00014
4	0.01721	0.07798	0.32640	0.02023	0.11900	0.02816	0.05153	0.02580	0.01750	0.24841	0.01192	0.01210	0.01115	0.00012	0.00011	3.4e-05	0.01069	0.01079	7.6e-05	0.01079
5	0.00019	0.00015	0.02855	0.04434	0.03675	0.01086	0.01671	0.02559	0.01153	0.04338	0.02221	0.20817	0.12745	0.12187	0.11874	0.01996	0.05288	0.09979	0.01078	0.00011

[dist]
# distance from previous block
# <min> <max>
5	21

[block]
# block no. 8 follows, 3171 sequences, length 16
# corresponding to MSA columns:
# 586-590,599-605,609-612
name=unknown_I
#
# <colnr> <probs for GDERKNQSTAVLIFYWHMCP>
#	G	D	E	R	K	N	Q	S	T	A	V	L	I	F	Y	W	H	M	C	P
0	0.00457	0.00015	0.00445	0.00016	0.00020	0.00508	0.00013	0.05326	0.03282	0.20196	0.45969	0.03688	0.03964	0.04543	0.01622	0.00539	0.00993	0.04081	0.04312	0.00012
1	0.00015	0.00012	0.00014	0.00013	0.00016	0.00593	0.00010	0.00743	0.00676	0.00953	0.55927	0.08097	0.26910	0.01792	0.01194	3.9e-05	6e-05	0.01581	0.01434	0.00010
2	0.05643	0.00015	0.00581	0.01312	0.04351	0.00014	0.00012	0.00912	0.04639	0.08970	0.32920	0.01199	0.11276	0.11592	0.00988	4.2e-05	7.8e-05	0.01239	0.02386	0.11940
3	0.02249	0.00011	0.00013	0.00013	0.00016	0.00010	9.6e-05	0.00018	0.01015	0.00033	0.26283	0.26432	0.41113	0.01413	0.00014	3.9e-05	5.9e-05	0.01328	0.00011	9.5e-05
4	0.01133	0.08301	0.00026	0.00019	0.00025	0.03717	0.00015	0.42046	0.00036	0.09846	0.00030	0.00031	0.00022	0.00013	9.4e-05	2.9e-05	9.6e-05	9.6e-05	0.34692	0.00015
5	0.05070	0.00020	0.00025	0.00019	0.00027	0.03241	0.00016	0.01905	0.02261	0.82328	0.02645	0.00038	0.01303	0.00014	0.00011	3.4e-05	9.4e-05	0.00011	0.01037	0.00018
6	0.03691	0.00539	0.04244	0.06783	0.42640	0.00652	0.12164	0.03738	0.00570	0.22539	0.00533	0.00030	0.00020	0.01287	0.00012	3.5e-05	0.00521	0.00010	7.5e-05	0.00016
7	0.00017	0.00013	0.00659	0.00014	0.00018	0.00012	0.00011	0.00803	0.09534	0.05718	0.13099	0.15069	0.47450	0.04672	0.00015	4.1e-05	6.6e-05	0.02109	0.00010	0.00767
8	0.00022	0.03191	0.96427	0.00031	0.00047	0.00026	0.00040	0.00035	0.00023	0.00034	0.00019	0.00023	0.00014	0.00010	0.00010	3.4e-05	0.00016	8e-05	4.6e-05	0.00016
9	0.00623	0.00033	0.29029	0.00025	0.00557	0.00024	0.03342	0.25551	0.02142	0.33098	0.00032	0.00032	0.02252	0.00509	0.00690	3.6e-05	0.00631	0.00874	0.00534	0.00017
10	0.00024	0.21572	0.70151	0.00029	0.00044	0.00030	0.06363	0.01609	0.00024	0.00033	0.00019	0.00022	0.00014	0.00010	9.8e-05	3.2e-05	0.00015	7.9e-05	4.8e-05	0.00016
11	0.00013	0.00011	0.00012	0.00013	0.00016	9.3e-05	9.4e-05	0.00016	0.00024	0.00030	0.04806	0.36005	0.53478	0.01358	0.00014	4.1e-05	6.1e-05	0.04156	0.00010	9.2e-05
12	0.00842	0.00021	0.00025	0.00020	0.00028	0.03374	0.02795	0.18047	0.05033	0.48740	0.08227	0.05380	0.05078	0.00591	0.00012	3.5e-05	9.7e-05	0.01747	0.00012	0.00016
13	0.07104	0.08647	0.48931	0.00481	0.01133	0.01268	0.12688	0.05939	0.02064	0.03584	0.03949	0.02358	0.00798	0.00012	0.00011	3.4e-05	0.00479	0.00530	6.2e-05	0.00015
14	0.00014	0.00010	0.00013	0.00016	0.00017	9.6e-05	0.00011	0.00844	0.00022	0.01002	0.00870	0.80563	0.03207	0.02188	0.01070	4.7e-05	7.1e-05	0.10111	0.00010	9.2e-05
15	0.02582	0.40411	0.25777	0.00023	0.00894	0.01580	0.00814	0.14346	0.02249	0.02796	0.00020	0.00022	0.00016	0.00010	8.9e-05	2.8e-05	0.00013	7.5e-05	6.2e-05	0.08422

[dist]
# distance from previous block
# <min> <max>
4	5

[block]
# block no. 9 follows, 3171 sequences, length 34
# corresponding to MSA columns:
# 618,624-626,631-636,638-661
name=unknown_J
#
# <colnr> <probs for GDERKNQSTAVLIFYWHMCP>
#	G	D	E	R	K	N	Q	S	T	A	V	L	I	F	Y	W	H	M	C	P
0	0.01043	0.05554	0.07978	0.05510	0.15671	0.01460	0.14527	0.04079	0.02862	0.22732	0.01819	0.10042	0.01615	0.00202	0.00202	3.5e-05	0.01018	0.01417	8.3e-05	0.02257
1	0.01642	0.08476	0.56442	0.00026	0.00037	0.01471	0.00618	0.02497	0.01202	0.03933	0.02514	0.03567	0.02378	0.00842	0.00011	3.7e-05	0.00013	0.14306	6.6e-05	0.00014
2	0.00016	0.00011	0.00013	0.00013	0.00014	0.00011	8.5e-05	0.00017	0.00017	0.00023	0.00039	0.09720	0.01639	0.71173	0.10187	0.00010	0.00012	0.07062	7.2e-05	7.4e-05
3	0.00014	0.0001	0.00013	0.00016	0.00017	9.4e-05	0.00548	0.00532	0.00021	0.00028	0.00060	0.89383	0.01683	0.00614	0.00014	4.5e-05	6.7e-05	0.07005	0.00010	9e-05
4	0.01766	0.05323	0.41230	0.00620	0.04258	0.04614	0.10649	0.07485	0.01233	0.19665	0.00427	0.00739	0.00320	0.00012	0.00011	3.4e-05	0.01054	0.00283	0.00293	0.00016
5	0.02938	0.22292	0.29769	0.00024	0.00034	0.00030	0.00025	0.24770	0.02750	0.11334	0.00445	0.00579	0.01380	0.00695	0.00404	3.3e-05	0.00013	0.02160	0.00339	0.00016
6	0.00016	0.00012	0.01573	0.00016	0.00018	0.00865	0.00416	0.01562	0.00736	0.03293	0.05185	0.48852	0.13072	0.03493	0.07215	0.00800	9e-05	0.12848	9.7e-05	9.8e-05
7	0.91979	0.01605	0.01541	0.00016	0.00917	0.02627	0.00445	0.00032	0.00019	0.00048	0.00015	0.00018	0.00012	0.00010	7.2e-05	3.4e-05	0.00679	6.1e-05	6.6e-05	0.00012
8	0.00016	0.00013	0.01578	0.00018	0.00021	0.00012	0.09809	0.00320	0.00483	0.01880	0.14655	0.48520	0.14069	0.01345	0.00014	0.00266	7.8e-05	0.06424	0.00539	0.00010
9	0.01737	0.07441	0.38780	0.00418	0.13250	0.02570	0.06501	0.08098	0.11414	0.04487	0.00694	0.00383	0.00342	0.01008	0.00241	0.00223	0.01454	9.5e-05	0.00317	0.00632
10	0.00023	0.02439	0.83285	0.01217	0.01935	0.00290	0.02794	0.02123	0.00891	0.01276	0.00864	0.00257	0.00851	0.00011	0.00298	3.5e-05	0.00016	0.01404	5.2e-05	0.00016
11	0.05252	0.00025	0.00028	0.01790	0.00031	0.00025	0.00469	0.46669	0.05613	0.05837	0.00025	0.00402	0.00019	0.00011	9.8e-05	2.8e-05	0.00010	8.8e-05	9.2e-05	0.33764
12	0.93461	0.00022	0.00982	0.00015	0.00022	0.00025	0.00013	0.03717	0.00020	0.01622	0.00016	0.00018	0.00012	0.00010	7e-05	3.4e-05	8.7e-05	6.2e-05	7e-05	0.00012
13	0.00014	0.00010	0.00013	0.00015	0.00016	9.6e-05	0.00010	0.01197	0.01191	0.01018	0.07506	0.85254	0.01842	0.00390	0.00014	4.3e-05	6.4e-05	0.00426	0.01053	9.3e-05
14	0.00747	0.36675	0.08473	0.00773	0.03397	0.28624	0.01275	0.05963	0.02658	0.06598	0.00449	0.00298	0.00878	0.00012	0.00443	3e-05	0.02707	7.8e-05	6.2e-05	0.00014
15	0.01848	0.00608	0.00572	0.41723	0.19510	0.00941	0.12376	0.08495	0.04890	0.02715	0.03275	0.01223	0.00566	0.00012	0.00011	3.5e-05	0.00506	0.00343	0.00369	0.00014
16	0.00015	0.00011	0.00014	0.00015	0.00016	9.8e-05	0.00010	0.00018	0.02318	0.01146	0.21986	0.62778	0.08773	0.00524	0.00014	4.2e-05	6.2e-05	0.02322	0.00011	9.5e-05
17	0.00701	0.00013	0.00014	0.00013	0.00017	0.00011	9.9e-05	0.00528	0.03821	0.13558	0.06242	0.00091	0.74891	0.00025	0.00013	3.6e-05	6.2e-05	0.00021	0.00011	0.00011
18	0.00264	0.00231	0.01439	0.61738	0.18489	0.01322	0.05470	0.00812	0.01094	0.02111	0.00587	0.00222	0.00016	0.00011	0.00225	3.6e-05	0.04679	0.00302	5.4e-05	0.00980
19	0.01774	0.00523	0.04793	0.00457	0.04453	0.00609	0.01844	0.10404	0.10466	0.51782	0.06545	0.03073	0.01984	0.00015	0.00297	3.5e-05	0.00227	0.00209	0.00526	0.00017
20	0.43694	0.00021	0.00022	0.00018	0.00025	0.00023	0.00015	0.14003	0.06969	0.28644	0.00675	0.00031	0.01616	0.00013	9.2e-05	3.4e-05	9.1e-05	0.02426	0.01769	0.00015
