[name]
unknown

[dist]
# distance from previous block
# <min> <max>
0	568

[block]
# block no. 0 follows, 2566 sequences, length 38
# corresponding to MSA columns:
# 682-704,706-717,724,725,728
name=unknown_A
#
# <colnr> <probs for GDERKNQSTAVLIFYWHMCP>
#	G	D	E	R	K	N	Q	S	T	A	V	L	I	F	Y	W	H	M	C	P
0	0.02626	0.05283	0.06630	0.22246	0.27532	0.06355	0.06132	0.01886	0.03926	0.01866	0.00395	0.00237	0.00026	0.00212	0.00014	4.2e-05	0.00238	0.08551	7.7e-05	0.05833
1	0.00509	0.01548	0.00427	0.08880	0.30239	0.06716	0.02977	0.07194	0.23200	0.03156	0.00576	0.00259	0.00436	0.00015	0.00013	4e-05	0.00934	0.01016	0.00876	0.11027
2	0.00021	0.00016	0.00019	0.01589	0.01221	0.01304	0.00782	0.03174	0.02520	0.00754	0.02121	0.04739	0.26313	0.37824	0.16341	0.00011	0.00015	0.01215	9.9e-05	0.00011
3	0.00536	0.00014	0.00019	0.00020	0.00022	0.00015	0.00015	0.01244	0.01800	0.02458	0.01018	0.30780	0.01522	0.11045	0.48634	0.00014	0.00022	0.00342	0.00466	0.00012
4	0.00513	0.00014	0.00016	0.00016	0.00019	0.00012	0.00012	0.00022	0.00450	0.00655	0.34628	0.09435	0.51502	0.01095	0.00403	4.7e-05	7e-05	0.00807	0.00380	0.00012
5	0.06093	0.00029	0.00030	0.00027	0.00035	0.00034	0.00021	0.03467	0.89176	0.00855	0.00052	0.00048	0.00039	0.00018	0.00013	4.5e-05	0.00011	0.00015	0.00013	0.00021
6	0.05599	0.00030	0.00030	0.00027	0.00034	0.04053	0.00021	0.13163	0.67366	0.02033	0.00048	0.00045	0.00036	0.00017	0.00013	4.3e-05	0.00407	0.00014	0.07040	0.00020
7	0.00045	0.00024	0.00030	0.00022	0.00033	0.00020	0.00018	0.01830	0.01306	0.50212	0.00039	0.00037	0.00027	0.00014	0.00012	3.2e-05	0.00011	0.00011	0.00013	0.46293
8	0.00017	0.00013	0.00015	0.00016	0.00019	0.00011	0.00011	0.00019	0.00028	0.00035	0.01297	0.34361	0.56125	0.01091	0.00019	0.06863	7.6e-05	0.00031	0.00012	0.00011
9	0.00027	0.00499	0.00026	0.00021	0.00029	0.00314	0.00017	0.02806	0.01215	0.07595	0.00460	0.00043	0.00029	0.02526	0.43820	0.00011	0.00299	0.00012	8.6e-05	0.40244
10	0.00019	0.00014	0.00022	0.00022	0.00024	0.00017	0.00017	0.00024	0.00022	0.00031	0.00036	0.00053	0.00034	0.00101	0.99472	0.00022	0.00036	0.00014	7.2e-05	0.00012
11	0.00037	0.00021	0.00026	0.00021	0.00029	0.00018	0.00017	0.00915	0.03559	0.35091	0.29481	0.00057	0.00815	0.00018	0.00013	3.6e-05	9.5e-05	0.00015	0.00013	0.29840
12	0.00051	0.00058	0.00039	0.00034	0.00042	0.74832	0.00026	0.24672	0.00044	0.00046	0.00024	0.00026	0.00019	0.00014	0.00012	3.6e-05	0.00022	9.5e-05	8.6e-05	0.00017
13	0.60973	0.16699	0.00341	0.00421	0.00427	0.04152	0.00018	0.02629	0.00423	0.13777	0.00024	0.00026	0.00018	0.00013	9.5e-05	3.9e-05	0.00012	8.4e-05	9.1e-05	0.00017
14	0.00578	0.03152	0.04206	0.06635	0.24207	0.05619	0.02344	0.16063	0.01097	0.09398	0.06342	0.01653	0.06197	0.00383	0.00870	4.1e-05	0.00712	0.00014	9.8e-05	0.10517
15	0.00022	0.00018	0.00021	0.00018	0.00025	0.00015	0.00014	0.00027	0.00726	0.00693	0.00782	0.29542	0.17275	0.04196	0.00016	4e-05	8.9e-05	0.00021	0.00010	0.46566
16	0.00030	0.00030	0.00041	0.00035	0.00036	0.00041	0.01069	0.00033	0.01611	0.00033	0.00018	0.00030	0.00018	0.00023	0.00043	5.8e-05	0.95908	0.00012	6.1e-05	0.00977
17	0.00016	0.00013	0.00015	0.00016	0.00019	0.00011	0.00012	0.00020	0.00029	0.00037	0.05086	0.37558	0.54014	0.00636	0.00017	5e-05	7.4e-05	0.02465	0.00013	0.00011
18	0.99621	0.00026	0.00020	0.00018	0.00026	0.00030	0.00015	0.00040	0.00023	0.00061	0.00019	0.00022	0.00015	0.00013	8.3e-05	4.2e-05	0.00010	7.3e-05	8.3e-05	0.00015
19	0.00035	0.00035	0.00040	0.01904	0.00038	0.15950	0.00028	0.09233	0.03119	0.00038	0.00021	0.00031	0.00020	0.02288	0.00035	5.4e-05	0.67145	0.00012	7.1e-05	0.00016
20	0.00679	0.00021	0.00026	0.00023	0.00030	0.00303	0.00018	0.03550	0.12368	0.43932	0.02970	0.15179	0.09493	0.00959	0.00015	4.7e-05	0.00010	0.09865	0.00537	0.00018
21	0.00021	0.00015	0.00021	0.00021	0.00024	0.00016	0.00016	0.01375	0.00481	0.05364	0.08388	0.18030	0.02189	0.00979	0.58724	0.00015	0.00025	0.04274	9.8e-05	0.00013
22	0.04307	0.00045	0.38741	0.00032	0.00045	0.00716	0.03822	0.06473	0.37849	0.01924	0.01079	0.00039	0.00029	0.00015	0.00013	4.3e-05	0.00015	0.00013	0.04328	0.00511
23	0.01270	0.00023	0.00251	0.00225	0.00509	0.00026	0.00609	0.02747	0.41722	0.03987	0.04995	0.10594	0.04399	0.00841	0.18930	8e-05	0.07882	0.00478	0.00488	0.00017
24	0.00018	0.00014	0.00016	0.00016	0.00020	0.00012	0.00012	0.00604	0.02549	0.00041	0.24632	0.17361	0.51896	0.00458	0.00016	4.7e-05	7.2e-05	0.02299	0.00013	0.00012
25	0.00285	0.00026	0.00265	0.00032	0.00042	0.00254	0.29041	0.05111	0.00638	0.34468	0.05998	0.07262	0.07836	0.00816	0.00015	4.3e-05	0.00330	0.00525	0.00362	0.06690
26	0.10928	0.00024	0.00028	0.00023	0.00032	0.00024	0.00019	0.04403	0.19271	0.54950	0.01427	0.00045	0.00034	0.00017	0.00013	4.2e-05	0.00011	0.00013	0.08714	0.00021
27	0.00036	0.99534	0.00071	0.00023	0.00035	0.00053	0.00023	0.00040	0.00027	0.00032	0.00019	0.00022	0.00017	0.00012	8.7e-05	2.9e-05	0.00014	7.2e-05	5.8e-05	0.00017
28	0.00032	0.00019	0.00023	0.00020	0.00026	0.00018	0.00016	0.04885	0.11600	0.25415	0.27057	0.00086	0.26968	0.00805	0.00330	4.5e-05	9e-05	0.01958	0.00713	0.00016
29	0.00021	0.00014	0.00715	0.00018	0.00021	0.00013	0.00641	0.00022	0.00417	0.03345	0.04704	0.28440	0.18402	0.04856	0.03203	0.25361	0.00010	0.09537	0.00250	0.00010
30	0.00047	0.00022	0.00030	0.00674	0.05194	0.01328	0.00368	0.02719	0.03089	0.60857	0.24446	0.00058	0.00459	0.00019	0.00014	4.2e-05	0.00011	0.00016	0.00625	0.00020
31	0.00026	0.00024	0.00041	0.94912	0.04671	0.00030	0.00038	0.00035	0.00027	0.00035	0.00024	0.00036	0.00018	0.00013	0.00013	4.5e-05	0.00018	0.00012	6e-05	0.00015
32	0.00023	0.00016	0.00020	0.00301	0.00022	0.00428	0.00014	0.01423	0.01437	0.04431	0.00039	0.00616	0.00039	0.41925	0.41154	0.03744	0.04333	0.00016	8.1e-05	0.00011
33	0.00832	0.00030	0.01331	0.04321	0.32603	0.01632	0.25072	0.01713	0.00029	0.01164	0.00031	0.01930	0.00244	0.02632	0.08514	0.00211	0.10425	0.04823	0.02447	0.00017
34	0.00028	0.00026	0.00551	0.76710	0.13989	0.00584	0.00857	0.00993	0.04305	0.00639	0.00026	0.00394	0.00274	0.00014	0.00014	4.4e-05	0.00284	0.00012	0.00280	0.00016
35	0.00238	0.00017	0.00571	0.01527	0.00791	0.00271	0.04923	0.04543	0.00710	0.09761	0.00278	0.45431	0.01554	0.01347	0.00257	5.5e-05	0.01297	0.26241	0.00222	0.00014
36	0.00350	0.10434	0.03579	0.20678	0.10911	0.02328	0.15588	0.04379	0.02221	0.04495	0.00515	0.05853	0.01706	0.00347	0.00180	4.5e-05	0.01475	0.11679	0.03258	0.00017
37	0.93421	0.00865	0.00775	0.00415	0.00271	0.01469	0.00694	0.00379	0.00024	0.00457	0.00019	0.00277	0.00015	0.00013	8.7e-05	4.2e-05	0.00428	7.6e-05	8.3e-05	0.00449

[dist]
# distance from previous block
# <min> <max>
0	5

[block]
# block no. 1 follows, 2566 sequences, length 21
# corresponding to MSA columns:
# 734-752,759,760
name=unknown_B
#
# <colnr> <probs for GDERKNQSTAVLIFYWHMCP>
#	G	D	E	R	K	N	Q	S	T	A	V	L	I	F	Y	W	H	M	C	P
0	0.00521	0.06132	0.11292	0.03934	0.05316	0.11954	0.01274	0.00477	0.00323	0.01651	0.00562	0.00697	0.02127	0.07373	0.24433	0.00287	0.18908	0.01007	0.01718	0.00015
1	0.00446	0.44324	0.22195	0.02804	0.03736	0.05906	0.08370	0.01996	0.03298	0.01269	0.00491	0.00833	0.00421	0.00013	0.00321	3.7e-05	0.02380	0.0001	0.00464	0.00718
2	0.00023	0.00016	0.00019	0.00018	0.00022	0.00015	0.00014	0.01290	0.10812	0.02793	0.71651	0.01085	0.02054	0.00025	0.00015	4.2e-05	7.1e-05	0.00022	0.10100	0.00014
3	0.00349	0.00391	0.00385	0.11887	0.02671	0.03642	0.00438	0.00419	0.04373	0.02168	0.03291	0.14998	0.03450	0.20577	0.14592	0.02489	0.08834	0.03867	0.01167	0.00013
4	0.00020	0.00014	0.00017	0.00017	0.00019	0.00015	0.00012	0.00962	0.00022	0.01050	0.00946	0.04335	0.00047	0.58929	0.31523	0.00015	0.00020	0.01415	0.00614	9.9e-05
5	0.00020	0.00016	0.00022	0.00021	0.00025	0.00015	0.08565	0.00598	0.02497	0.00644	0.32572	0.35520	0.13013	0.01550	0.00017	5e-05	8.9e-05	0.03963	0.00917	0.00013
6	0.04224	0.00024	0.00025	0.00022	0.00029	0.00027	0.00018	0.10683	0.50307	0.00795	0.00653	0.00048	0.00743	0.00017	0.00012	0.00666	9.7e-05	0.00014	0.31664	0.00018
7	0.69905	0.00025	0.00023	0.00020	0.00029	0.00028	0.00016	0.01847	0.00028	0.27926	0.00029	0.00029	0.00020	0.00014	9.9e-05	4.2e-05	0.00011	9.1e-05	0.00011	0.00017
8	0.00035	0.28745	0.00895	0.00026	0.00034	0.00038	0.00022	0.09965	0.48459	0.00955	0.02663	0.05653	0.00640	0.00018	0.00013	4.1e-05	0.00012	0.01232	0.00573	0.00019
9	0.00036	0.99534	0.00071	0.00023	0.00035	0.00053	0.00023	0.00040	0.00027	0.00032	0.00019	0.00022	0.00017	0.00012	8.7e-05	2.9e-05	0.00014	7.2e-05	5.8e-05	0.00017
10	0.00035	0.04419	0.55287	0.00032	0.00047	0.00029	0.00646	0.01871	0.08345	0.20291	0.02641	0.00037	0.00027	0.00015	0.00013	4.1e-05	0.00016	0.00012	0.06215	0.00020
11	0.00031	0.00033	0.00040	0.00035	0.00036	0.10715	0.00029	0.00034	0.00023	0.00032	0.00019	0.00030	0.00018	0.00026	0.04550	6.4e-05	0.84310	0.00012	6.1e-05	0.00015
12	0.92825	0.00026	0.00021	0.00018	0.00027	0.00030	0.00015	0.03893	0.00025	0.02992	0.00020	0.00023	0.00015	0.00013	8.7e-05	4.2e-05	0.00011	7.7e-05	8.8e-05	0.00015
13	0.00031	0.01910	0.02759	0.00481	0.00047	0.00030	0.36625	0.02201	0.36539	0.03597	0.00492	0.12774	0.01696	0.00019	0.00015	4.6e-05	0.00015	0.00734	0.00011	0.00019
14	0.00647	0.00029	0.00043	0.00906	0.54941	0.00649	0.00031	0.00650	0.00932	0.14185	0.00029	0.00034	0.00023	0.00012	0.00012	3.5e-05	0.00014	0.00011	8.6e-05	0.26840
15	0.00020	0.00017	0.00017	0.00017	0.00021	0.05085	0.00013	0.00940	0.03687	0.00040	0.14388	0.01749	0.64843	0.00032	0.00016	4.6e-05	8.4e-05	0.09076	0.00013	0.00012
16	0.00029	0.00453	0.20373	0.00034	0.00643	0.00024	0.21345	0.01320	0.01845	0.08672	0.08651	0.02557	0.00683	0.01250	0.01143	0.00374	0.00016	0.30564	0.00010	0.00016
17	0.00519	0.01011	0.07538	0.14673	0.06288	0.01899	0.20295	0.01324	0.05976	0.00646	0.02160	0.26718	0.09708	0.00023	0.00015	4.7e-05	0.00374	0.00802	9.5e-05	0.00015
18	0.00039	0.00029	0.00545	0.16812	0.31899	0.02625	0.00777	0.06189	0.16135	0.21197	0.00992	0.00699	0.00823	0.00015	0.00014	4.2e-05	0.00370	0.00452	0.00364	0.00020
19	0.01301	0.00023	0.00031	0.00024	0.00035	0.00021	0.00020	0.02353	0.01274	0.94688	0.00052	0.00045	0.00033	0.00017	0.00014	4.2e-05	0.00012	0.00013	0.00016	0.00023
20	0.00362	0.02895	0.38452	0.09332	0.12045	0.01108	0.14414	0.01903	0.01581	0.08878	0.00685	0.04458	0.02450	0.00368	0.00014	4.4e-05	0.00643	0.00379	7.8e-05	0.00019

[dist]
# distance from previous block
# <min> <max>
4	6

[block]
# block no. 2 follows, 2566 sequences, length 9
# corresponding to MSA columns:
# 768-776
name=unknown_C
#
# <colnr> <probs for GDERKNQSTAVLIFYWHMCP>
#	G	D	E	R	K	N	Q	S	T	A	V	L	I	F	Y	W	H	M	C	P
0	0.01131	0.05831	0.06941	0.00800	0.03531	0.01666	0.01396	0.21674	0.40481	0.05106	0.01089	0.00924	0.00032	0.00016	0.00013	4.1e-05	0.01033	0.00990	0.00012	0.07330
1	0.00030	0.01142	0.04897	0.01158	0.00034	0.00020	0.00018	0.02484	0.05935	0.04200	0.05775	0.01160	0.00029	0.00013	0.00011	2.6e-05	0.00011	0.00010	0.01138	0.71933
2	0.01823	0.00759	0.26014	0.05230	0.16874	0.00871	0.25370	0.01031	0.00960	0.06503	0.00827	0.06296	0.04135	0.00016	0.00694	4.5e-05	0.00999	0.00871	8e-05	0.00714
3	0.00744	0.08023	0.42898	0.01409	0.05303	0.01095	0.14897	0.01821	0.02384	0.14611	0.02271	0.00830	0.01377	0.00735	0.00014	4.2e-05	0.00750	0.00012	8.3e-05	0.00814
4	0.00021	0.00015	0.00021	0.00021	0.00023	0.00016	0.02457	0.00024	0.00025	0.02922	0.01270	0.29910	0.06071	0.16112	0.20832	0.04343	0.05508	0.10388	0.00010	0.00011
5	0.00030	0.00017	0.00021	0.00018	0.00024	0.00016	0.00014	0.03574	0.05155	0.22445	0.27333	0.05261	0.25040	0.00025	0.00015	4.3e-05	8.2e-05	0.00022	0.10962	0.00015
6	0.02736	0.54969	0.04686	0.04151	0.02273	0.04347	0.01669	0.01530	0.03372	0.14634	0.00029	0.01728	0.01298	0.00869	0.00012	3.6e-05	0.00838	0.00829	8.2e-05	0.00018
7	0.06969	0.04284	0.16856	0.25528	0.13896	0.07760	0.05243	0.02874	0.01396	0.02934	0.00617	0.02487	0.00900	0.00980	0.00974	4.5e-05	0.02729	0.00867	0.00729	0.01974
8	0.00025	0.00023	0.00737	0.00807	0.00784	0.13965	0.01051	0.00824	0.01934	0.01377	0.17589	0.02676	0.24162	0.02059	0.11687	0.00722	0.00014	0.18742	0.00811	0.00013

[dist]
# distance from previous block
# <min> <max>
4	21

[block]
# block no. 3 follows, 2566 sequences, length 18
# corresponding to MSA columns:
# 809,811-813,815-818,820-828,833
name=unknown_D
#
# <colnr> <probs for GDERKNQSTAVLIFYWHMCP>
#	G	D	E	R	K	N	Q	S	T	A	V	L	I	F	Y	W	H	M	C	P
0	0.00355	0.00540	0.09905	0.14432	0.32173	0.00794	0.15345	0.02295	0.02191	0.04615	0.01789	0.02906	0.03064	0.00439	0.02187	0.00469	0.02262	0.01648	0.00428	0.02161
1	0.02080	0.12550	0.13357	0.13358	0.09637	0.04744	0.08672	0.07319	0.03090	0.17459	0.00702	0.00536	0.00894	0.00358	0.00543	4.2e-05	0.02198	0.00012	9e-05	0.02478
2	0.00025	0.24247	0.00965	0.00022	0.00027	0.01259	0.02139	0.00627	0.01626	0.02149	0.00997	0.36602	0.04992	0.00426	0.04885	5.5e-05	0.00012	0.13347	0.05173	0.00476
3	0.04585	0.01655	0.00433	0.01007	0.00022	0.00660	0.02562	0.01440	0.01455	0.03106	0.02764	0.14632	0.00505	0.25447	0.02859	0.33015	0.01325	0.00553	0.01964	0.0001
4	0.05313	0.18225	0.13864	0.05293	0.13975	0.04338	0.04999	0.04669	0.04593	0.13188	0.01210	0.03462	0.00464	0.00015	0.00422	4e-05	0.01789	0.00503	0.00781	0.02891
5	0.16147	0.09509	0.02776	0.06933	0.13612	0.01269	0.01970	0.05532	0.05291	0.10150	0.04253	0.10890	0.00953	0.02158	0.00553	0.02327	0.01740	0.02456	0.00315	0.01166
6	0.00019	0.00013	0.00017	0.00018	0.00019	0.00013	0.00012	0.01434	0.00675	0.00033	0.01573	0.45006	0.00939	0.35454	0.01575	0.02119	0.00011	0.10452	0.00607	0.00010
7	0.24171	0.18841	0.05231	0.01002	0.01012	0.25948	0.01252	0.02507	0.00385	0.02484	0.00026	0.07256	0.00023	0.01008	0.00849	4.2e-05	0.07138	0.00438	0.00410	0.00016
8	0.01371	0.00015	0.00017	0.00016	0.00020	0.00014	0.00012	0.02307	0.03981	0.04665	0.13738	0.04529	0.57589	0.08070	0.00766	5.3e-05	8.1e-05	0.00025	0.02839	0.00013
9	0.03677	0.12367	0.04387	0.03252	0.02007	0.02213	0.03378	0.50158	0.07165	0.05152	0.00479	0.00454	0.00608	0.00015	0.00013	4e-05	0.01931	0.00012	0.01327	0.01401
10	0.00027	0.00438	0.00025	0.00023	0.00026	0.19290	0.00871	0.00685	0.02109	0.01571	0.00465	0.00922	0.00961	0.28567	0.36278	0.00474	0.04041	0.00015	0.01119	0.02094
11	0.00037	0.87380	0.01534	0.00749	0.00036	0.02504	0.00695	0.02510	0.02796	0.00706	0.00021	0.00023	0.00018	0.00012	9.5e-05	3.1e-05	0.00935	7.8e-05	6.3e-05	0.00018
12	0.02622	0.22736	0.04159	0.14575	0.07919	0.22110	0.02222	0.01847	0.00955	0.01423	0.01757	0.01524	0.03072	0.00954	0.03166	0.00316	0.05626	0.00381	0.02619	0.00016
13	0.00020	0.00013	0.00017	0.00017	0.00018	0.00014	0.00011	0.00021	0.00021	0.00028	0.01419	0.01075	0.01209	0.62868	0.27730	0.05466	0.00019	0.00018	8e-05	9.3e-05
14	0.03390	0.03131	0.00508	0.00020	0.00025	0.00021	0.00016	0.03361	0.03307	0.01213	0.10579	0.00615	0.45790	0.00463	0.08223	6.1e-05	0.17838	0.01011	0.00469	0.00013
15	0.00032	0.00028	0.00763	0.64896	0.02396	0.00876	0.00660	0.24172	0.03077	0.00048	0.01114	0.00670	0.00556	0.00015	0.00014	4.4e-05	0.00639	0.00013	8.3e-05	0.00017
16	0.00034	0.00029	0.00031	0.00028	0.00035	0.00034	0.00022	0.03845	0.95643	0.00058	0.00054	0.00050	0.00040	0.00018	0.00014	4.6e-05	0.00011	0.00015	0.00014	0.00021
17	0.00748	0.10518	0.00039	0.00029	0.00036	0.03814	0.00844	0.10304	0.50582	0.00798	0.00757	0.00040	0.00031	0.00018	0.00020	4.6e-05	0.21374	0.00013	0.00011	0.00019

[dist]
# distance from previous block
# <min> <max>
2	3

[block]
# block no. 4 follows, 2566 sequences, length 6
# corresponding to MSA columns:
# 838-843
name=unknown_E
#
# <colnr> <probs for GDERKNQSTAVLIFYWHMCP>
#	G	D	E	R	K	N	Q	S	T	A	V	L	I	F	Y	W	H	M	C	P
0	0.01036	0.05910	0.36945	0.24185	0.01354	0.02415	0.04001	0.00965	0.01440	0.02790	0.01646	0.01107	0.01525	0.02283	0.07455	0.00987	0.01896	0.01101	7e-05	0.00953
1	0.00036	0.00039	0.00040	0.00035	0.00038	0.27564	0.04236	0.02457	0.03763	0.00036	0.00024	0.00032	0.02463	0.00020	0.00031	5e-05	0.56600	0.00012	0.02555	0.00015
2	0.01043	0.00981	0.13227	0.18543	0.21234	0.01033	0.06521	0.01762	0.08479	0.01629	0.03667	0.02506	0.03158	0.01222	0.03653	5.2e-05	0.08250	0.02087	0.00982	0.00017
3	0.01151	0.06536	0.23959	0.06628	0.17290	0.01818	0.08983	0.02012	0.01918	0.10997	0.02695	0.01847	0.03483	0.01336	0.02986	4.9e-05	0.03272	0.00955	0.00896	0.01235
4	0.02054	0.01095	0.01218	0.04220	0.01738	0.01726	0.02498	0.04211	0.05703	0.15678	0.10196	0.19945	0.15477	0.04581	0.03346	0.01448	0.01188	0.01072	0.02592	0.00015
5	0.02165	0.00021	0.00025	0.00021	0.00027	0.00021	0.00017	0.19096	0.10004	0.11165	0.43904	0.02776	0.03574	0.00023	0.00014	4.2e-05	9.1e-05	0.00019	0.07098	0.00017

[dist]
# distance from previous block
# <min> <max>
0	1

[block]
# block no. 5 follows, 2566 sequences, length 9
# corresponding to MSA columns:
# 845-852,855
name=unknown_F
#
# <colnr> <probs for GDERKNQSTAVLIFYWHMCP>
#	G	D	E	R	K	N	Q	S	T	A	V	L	I	F	Y	W	H	M	C	P
0	0.01155	0.00932	0.16020	0.03823	0.08612	0.01930	0.41789	0.08082	0.04368	0.05691	0.01028	0.00955	0.01147	0.00766	0.00880	4.6e-05	0.01981	0.00014	0.00803	0.00019
1	0.01105	0.07824	0.19464	0.05332	0.15414	0.07430	0.06997	0.02809	0.02795	0.14844	0.01354	0.06431	0.00732	0.01190	0.02061	4.7e-05	0.02799	0.01387	8.9e-05	0.00018
2	0.00019	0.00014	0.00016	0.00016	0.00020	0.00013	0.00011	0.01329	0.01384	0.04064	0.06301	0.13352	0.56784	0.13390	0.01313	6e-05	8.6e-05	0.01935	0.00012	0.00012
3	0.00020	0.00014	0.00018	0.00018	0.00020	0.00014	0.00013	0.00021	0.00022	0.00030	0.03487	0.06592	0.02615	0.33224	0.32431	0.17143	0.01494	0.02807	8.2e-05	9.7e-05
4	0.02817	0.04437	0.14689	0.08551	0.14585	0.07038	0.16597	0.03343	0.07297	0.03056	0.01092	0.09852	0.02305	0.00735	0.00015	4.4e-05	0.01090	0.01043	0.00727	0.00727
5	0.00725	0.03159	0.04530	0.31323	0.27651	0.00716	0.05421	0.01651	0.04522	0.08537	0.00852	0.02286	0.04861	0.00016	0.00862	4.5e-05	0.00918	0.01210	0.00736	0.00018
6	0.00021	0.00015	0.00018	0.00020	0.00022	0.03149	0.00015	0.02813	0.00030	0.02301	0.10107	0.58087	0.04658	0.01956	0.00018	5.4e-05	9.2e-05	0.14499	0.02243	0.00012
7	0.00841	0.02792	0.06216	0.11488	0.18473	0.04520	0.02747	0.00992	0.00805	0.04468	0.02459	0.11086	0.01518	0.04398	0.19061	0.03695	0.01809	0.02010	0.00607	0.00015
8	0.02152	0.27815	0.28003	0.03295	0.08636	0.03256	0.05664	0.01985	0.01543	0.16451	0.01063	0.00031	0.00022	0.00013	0.00012	3.8e-05	0.00016	0.00011	8.2e-05	0.00019

[dist]
# distance from previous block
# <min> <max>
1	4

[block]
# block no. 6 follows, 2566 sequences, length 25
# corresponding to MSA columns:
# 866,868,870-892
name=unknown_G
#
# <colnr> <probs for GDERKNQSTAVLIFYWHMCP>
#	G	D	E	R	K	N	Q	S	T	A	V	L	I	F	Y	W	H	M	C	P
0	0.84243	0.07281	0.00802	0.00574	0.02284	0.01909	0.00824	0.00619	0.00024	0.00057	0.00019	0.00023	0.00015	0.00013	8.9e-05	4.1e-05	0.00441	7.6e-05	8.1e-05	0.00843
1	0.00030	0.44920	0.03126	0.00025	0.01537	0.01929	0.00704	0.00816	0.00698	0.01260	0.00366	0.08668	0.00030	0.11339	0.11498	0.01131	0.11522	0.00378	7.2e-05	0.00015
2	0.00016	0.00014	0.00014	0.00014	0.00019	0.00012	0.00011	0.00020	0.00995	0.00037	0.04635	0.05458	0.87069	0.00734	0.00016	4.6e-05	6.9e-05	0.00028	0.00885	0.00012
3	0.00300	0.01355	0.03949	0.01585	0.08916	0.00559	0.00592	0.04484	0.03910	0.06813	0.03479	0.00498	0.00971	0.01492	0.60274	0.00015	0.00771	0.00014	8.6e-05	0.00015
4	0.00296	0.00517	0.11422	0.05856	0.26875	0.02541	0.01543	0.07358	0.07413	0.02924	0.02589	0.23666	0.01305	0.02497	0.00331	4.8e-05	0.00555	0.01315	0.00329	0.00664
5	0.38054	0.08677	0.00494	0.23961	0.15474	0.00506	0.00952	0.04501	0.00416	0.03104	0.00023	0.00029	0.00018	0.00013	0.00012	4.2e-05	0.03727	9.9e-05	7.7e-05	0.00017
6	0.02356	0.02467	0.25064	0.04926	0.07340	0.03216	0.02836	0.11300	0.19096	0.05100	0.05254	0.00528	0.01877	0.01443	0.01385	4.6e-05	0.02192	0.00628	0.00294	0.02692
7	0.00020	0.00016	0.00023	0.00022	0.00438	0.00539	0.06225	0.01249	0.01287	0.00037	0.11222	0.00445	0.27383	0.00933	0.47366	0.01629	0.00387	0.00755	9.7e-05	0.00013
8	0.02099	0.00946	0.42649	0.01248	0.09199	0.01016	0.05350	0.17746	0.09001	0.05883	0.00762	0.00349	0.00370	0.00675	0.00014	0.00280	0.00396	0.00278	0.00328	0.01410
9	0.54570	0.00825	0.00046	0.00733	0.00046	0.00032	0.41915	0.00757	0.00027	0.00903	0.00023	0.00028	0.00017	0.00012	0.00012	4.3e-05	0.00016	0.00011	7.8e-05	0.00016
10	0.00284	0.00015	0.00021	0.00408	0.01601	0.00370	0.01094	0.00863	0.01736	0.10345	0.00315	0.24803	0.00580	0.08502	0.06653	0.34905	0.02409	0.03321	9.5e-05	0.01766
11	0.00020	0.00015	0.00021	0.00021	0.01028	0.00017	0.00016	0.00024	0.00021	0.00031	0.00037	0.00058	0.00036	0.16343	0.80877	0.00020	0.01382	0.00015	7.4e-05	0.00012
12	0.00033	0.28703	0.00034	0.00019	0.00026	0.00029	0.00016	0.15657	0.00034	0.02899	0.00035	0.00039	0.00028	0.00015	0.0001	3.2e-05	0.00010	0.00011	0.52383	0.00016
13	0.00026	0.00778	0.07446	0.00712	0.01521	0.02583	0.01211	0.01224	0.11390	0.02005	0.38457	0.01229	0.03192	0.00939	0.00684	3.9e-05	0.00010	0.00273	0.00695	0.25619
14	0.10523	0.02140	0.15734	0.12265	0.04674	0.00919	0.03415	0.11460	0.04067	0.03543	0.06899	0.00381	0.01297	0.00454	0.01010	4.2e-05	0.04837	0.00012	0.00537	0.15830
15	0.00031	0.25211	0.03926	0.00752	0.21816	0.00391	0.01704	0.00673	0.00029	0.01398	0.00033	0.00435	0.00708	0.00014	0.00011	3.4e-05	0.00403	0.00343	0.42103	0.00016
16	0.09114	0.01365	0.62671	0.01691	0.04512	0.08029	0.05834	0.02069	0.01343	0.00838	0.00594	0.00815	0.00019	0.00013	0.00013	4.2e-05	0.01039	0.00011	6.6e-05	0.00019
17	0.00343	0.00031	0.16528	0.08165	0.00043	0.00459	0.05520	0.11358	0.11079	0.11956	0.00485	0.04076	0.03328	0.00405	0.00015	4.9e-05	0.00014	0.25196	0.00977	0.00018
18	0.00020	0.00014	0.00016	0.00016	0.00017	0.01628	0.00010	0.00021	0.00020	0.00027	0.00041	0.01180	0.00046	0.77281	0.19593	0.00015	0.00018	0.00019	8e-05	9.1e-05
19	0.00020	0.00015	0.00021	0.00513	0.09903	0.00015	0.00016	0.00023	0.00025	0.00034	0.03198	0.43734	0.00495	0.10600	0.18078	0.10202	0.00479	0.00423	0.02196	0.00012
20	0.02681	0.07502	0.04743	0.00326	0.00502	0.00750	0.02147	0.04381	0.25561	0.18828	0.00742	0.01782	0.00525	0.00015	0.00012	3.6e-05	0.00012	0.00493	0.00011	0.28983
21	0.00032	0.47527	0.38391	0.00368	0.03278	0.00954	0.00646	0.00392	0.00421	0.01446	0.01593	0.00354	0.01542	0.00013	0.00335	3.6e-05	0.00016	9.4e-05	6.3e-05	0.02673
22	0.02527	0.06300	0.02023	0.46960	0.05329	0.04218	0.00394	0.17255	0.05805	0.03047	0.00028	0.01008	0.00296	0.00287	0.00366	4.2e-05	0.00706	0.00012	8.3e-05	0.03428
23	0.00026	0.06582	0.22321	0.00890	0.03374	0.00026	0.18570	0.00621	0.00766	0.01038	0.00034	0.01297	0.01644	0.27667	0.13789	9.1e-05	0.00383	0.00015	7.3e-05	0.00942
24	0.00021	0.00704	0.01448	0.00019	0.00512	0.00877	0.00531	0.00321	0.08178	0.03672	0.25866	0.33868	0.21763	0.00341	0.00016	4.8e-05	8.2e-05	0.00762	0.00334	0.00755

[dist]
# distance from previous block
# <min> <max>
6	37

[block]
# block no. 7 follows, 2566 sequences, length 6
# corresponding to MSA columns:
# 959,962-964,968,969
name=unknown_H
#
# <colnr> <probs for GDERKNQSTAVLIFYWHMCP>
#	G	D	E	R	K	N	Q	S	T	A	V	L	I	F	Y	W	H	M	C	P
0	0.58387	0.02267	0.01811	0.01809	0.08036	0.07620	0.03914	0.01844	0.01462	0.01244	0.00025	0.06119	0.00022	0.01371	0.00012	4.3e-05	0.02813	0.00011	0.01213	0.00016
1	0.03803	0.02124	0.01800	0.28143	0.11622	0.04104	0.01520	0.05651	0.09152	0.15685	0.02704	0.02179	0.02911	0.00017	0.00016	4.4e-05	0.07319	0.01218	9.7e-05	0.00018
2	0.01175	0.03937	0.29059	0.02307	0.08735	0.01291	0.01805	0.03074	0.13682	0.06038	0.03525	0.01174	0.01372	0.01322	0.01188	4.2e-05	0.00015	0.00987	0.00958	0.18355
3	0.00025	0.00019	0.00023	0.00019	0.00026	0.00016	0.00015	0.00033	0.07202	0.04942	0.35077	0.10803	0.02675	0.00021	0.00013	3.6e-05	8.4e-05	0.00019	0.03147	0.35913
4	0.00028	0.02223	0.37080	0.02240	0.03605	0.03273	0.06266	0.03104	0.10767	0.02041	0.12957	0.01237	0.08824	0.00020	0.02086	4.7e-05	0.03002	0.01216	9.2e-05	0.00018
5	0.00024	0.02583	0.05494	0.04614	0.05036	0.01007	0.01817	0.01065	0.02095	0.01490	0.06728	0.20603	0.06110	0.03017	0.03803	0.22773	0.03236	0.03739	9.2e-05	0.04756

[dist]
# distance from previous block
# <min> <max>
2	4

[block]
# block no. 8 follows, 2566 sequences, length 9
# corresponding to MSA columns:
# 975,977-984
name=unknown_I
#
# <colnr> <probs for GDERKNQSTAVLIFYWHMCP>
#	G	D	E	R	K	N	Q	S	T	A	V	L	I	F	Y	W	H	M	C	P
0	0.01852	0.00050	0.44591	0.00033	0.00047	0.01828	0.00035	0.27631	0.15868	0.06237	0.00035	0.00036	0.01667	0.00015	0.00013	4.2e-05	0.00016	0.00012	0.00010	0.00021
1	0.01172	0.06942	0.52499	0.01764	0.09678	0.03380	0.05727	0.03601	0.04796	0.01377	0.01005	0.01179	0.00701	0.00014	0.00675	4.2e-05	0.00696	0.00677	7.1e-05	0.04105
2	0.01362	0.01279	0.00041	0.00034	0.00039	0.12218	0.04555	0.19748	0.04899	0.04360	0.00025	0.00032	0.00021	0.00019	0.00029	4.9e-05	0.49482	0.00012	0.01826	0.00017
3	0.00020	0.00014	0.00019	0.00020	0.00021	0.00015	0.00014	0.00023	0.00023	0.03372	0.00048	0.20389	0.02981	0.20265	0.48798	0.02169	0.01767	0.00021	8.9e-05	0.00011
4	0.00020	0.00014	0.00017	0.00018	0.01915	0.00015	0.00011	0.00022	0.02022	0.00029	0.00043	0.01995	0.00047	0.73377	0.18163	0.00014	0.00017	0.02244	8.3e-05	9.5e-05
5	0.00019	0.00013	0.00015	0.00016	0.00016	0.00013	9.6e-05	0.00020	0.00023	0.00030	0.10325	0.06007	0.04560	0.73531	0.03476	0.00011	0.00013	0.01882	9.4e-05	9.2e-05
6	0.00035	0.11401	0.04624	0.29052	0.23414	0.09838	0.02452	0.03772	0.01656	0.07057	0.02906	0.00036	0.00896	0.00014	0.00013	4e-05	0.00827	0.00012	0.00931	0.01060
7	0.00019	0.00013	0.00018	0.00020	0.00022	0.00013	0.01420	0.00022	0.01652	0.01423	0.02326	0.67106	0.06335	0.04632	0.00020	5.8e-05	9e-05	0.14921	0.00012	0.00012
8	0.09374	0.01326	0.06632	0.01479	0.01910	0.01987	0.01323	0.56093	0.01148	0.01409	0.00029	0.00031	0.00021	0.00015	0.00013	3.8e-05	0.03143	0.00011	0.00011	0.14040

[dist]
# distance from previous block
# <min> <max>
5	25

[block]
# block no. 9 follows, 2566 sequences, length 6
# corresponding to MSA columns:
# 1022,1029-1033
name=unknown_J
#
# <colnr> <probs for GDERKNQSTAVLIFYWHMCP>
#	G	D	E	R	K	N	Q	S	T	A	V	L	I	F	Y	W	H	M	C	P
0	0.00017	0.00012	0.00016	0.00018	0.00020	0.00012	0.00013	0.00020	0.00027	0.00035	0.06451	0.69073	0.09833	0.02787	0.05766	0.03271	9.7e-05	0.02596	0.00012	0.00011
1	0.01266	0.04314	0.12626	0.14479	0.17455	0.01452	0.11603	0.01584	0.02089	0.02307	0.03938	0.17354	0.03864	0.01116	0.01028	4.8e-05	0.01724	0.01772	8.6e-05	0.00017
2	0.02849	0.10579	0.22887	0.06609	0.13337	0.02797	0.09049	0.04971	0.03596	0.12530	0.01235	0.00035	0.01238	0.00014	0.00014	4e-05	0.03058	0.00012	8.4e-05	0.05178
3	0.00024	0.01742	0.00022	0.00020	0.00022	0.01705	0.01413	0.00023	0.01423	0.02836	0.02090	0.11182	0.04238	0.10756	0.11791	0.43792	0.06885	0.00017	7.9e-05	9.6e-05
4	0.00023	0.00018	0.01333	0.00020	0.00024	0.01313	0.00016	0.01332	0.14077	0.02641	0.10664	0.13209	0.23671	0.05543	0.16518	0.01619	0.01502	0.06453	0.00012	0.00013
5	0.03629	0.04554	0.26022	0.12921	0.09401	0.07501	0.08975	0.03632	0.01587	0.05521	0.01062	0.01667	0.03793	0.01029	0.00962	4.5e-05	0.03823	0.00915	0.01563	0.01439

[dist]
# distance from previous block
# <min> <max>
18	35

[block]
# block no. 10 follows, 2566 sequences, length 8
# corresponding to MSA columns:
# 1203-1210
name=unknown_K
#
# <colnr> <probs for GDERKNQSTAVLIFYWHMCP>
#	G	D	E	R	K	N	Q	S	T	A	V	L	I	F	Y	W	H	M	C	P
0	0.00017	0.00012	0.00016	0.00019	0.00020	0.00011	0.00013	0.00019	0.00026	0.00035	0.03209	0.88123	0.02779	0.02826	0.00019	5.6e-05	8e-05	0.02820	0.00012	0.00011
1	0.04490	0.01676	0.21121	0.07097	0.14539	0.04442	0.25419	0.02461	0.02142	0.02952	0.01090	0.03726	0.00893	0.00015	0.00777	4.4e-05	0.03017	0.00013	0.01278	0.02847
2	0.01087	0.69571	0.08518	0.01173	0.01140	0.01205	0.09250	0.02001	0.00029	0.01509	0.00022	0.00026	0.00019	0.00012	0.00011	3.3e-05	0.01068	0.01058	6.4e-05	0.02293
3	0.00021	0.00014	0.00021	0.13244	0.00030	0.00015	0.02188	0.00022	0.01681	0.00031	0.01717	0.40125	0.03742	0.03509	0.00030	0.33556	0.00011	0.00024	9.2e-05	0.00010
4	0.01772	0.30840	0.00044	0.00025	0.00035	0.01951	0.00021	0.28943	0.01690	0.23240	0.00034	0.00035	0.00025	0.01653	0.00012	3.8e-05	0.00013	0.00011	0.09632	0.00020
5	0.00019	0.00014	0.00016	0.00015	0.00020	0.00012	0.00012	0.00023	0.00033	0.03297	0.31222	0.03123	0.59413	0.00032	0.00016	4.5e-05	7e-05	0.02696	0.00013	0.00012
6	0.00047	0.00036	0.00038	0.00030	0.00040	0.00040	0.00025	0.76577	0.22890	0.00078	0.00038	0.00037	0.00027	0.00017	0.00014	4.2e-05	0.00014	0.00013	0.00014	0.00023
7	0.00025	0.00024	0.00040	0.99493	0.00093	0.00030	0.00037	0.00034	0.00027	0.00034	0.00024	0.00036	0.00018	0.00013	0.00013	4.5e-05	0.00018	0.00012	6e-05	0.00015

[dist]
# distance from previous block
# <min> <max>
14	22

[block]
# block no. 11 follows, 2566 sequences, length 20
# corresponding to MSA columns:
# 1253-1272
name=unknown_L
#
# <colnr> <probs for GDERKNQSTAVLIFYWHMCP>
#	G	D	E	R	K	N	Q	S	T	A	V	L	I	F	Y	W	H	M	C	P
0	0.00032	0.01104	0.00751	0.00056	0.43923	0.01621	0.03578	0.00037	0.00026	0.00613	0.00022	0.00033	0.00020	0.01089	0.02150	5.3e-05	0.44902	0.00012	6.4e-05	0.00018
1	0.00023	0.00018	0.00025	0.01327	0.13899	0.00018	0.00018	0.00722	0.06277	0.01118	0.47179	0.00840	0.04021	0.04929	0.19519	8.1e-05	0.00014	0.00020	0.00012	0.00014
2	0.00020	0.00014	0.00017	0.00017	0.00019	0.00014	0.00012	0.00024	0.03953	0.01203	0.22344	0.02221	0.28723	0.28899	0.00032	0.01501	9.3e-05	0.09081	0.01886	0.00011
3	0.00019	0.00015	0.00022	0.00022	0.00024	0.00017	0.00017	0.00024	0.00022	0.00031	0.00036	0.00053	0.00034	0.02353	0.95349	0.00021	0.01907	0.00015	7.2e-05	0.00012
4	0.00019	0.00014	0.00018	0.00017	0.00020	0.00013	0.00013	0.00025	0.00038	0.00053	0.93247	0.00103	0.06316	0.00028	0.00016	4.3e-05	6.4e-05	0.00025	0.00015	0.00013
5	0.00023	0.00012	0.00018	0.00018	0.00018	0.00012	0.00012	0.00018	0.00018	0.00023	0.00023	0.00041	0.00023	0.00047	0.00053	0.99607	0.00012	0.00012	5.9e-05	5.9e-05
6	0.00021	0.00014	0.00016	0.00017	0.00019	0.00013	0.00011	0.00023	0.00028	0.06700	0.14196	0.25486	0.25111	0.25672	0.00030	0.00951	9.1e-05	0.01660	0.00012	0.00011
7	0.00035	0.82426	0.15388	0.00026	0.00038	0.01827	0.00027	0.00041	0.00028	0.00033	0.00020	0.00023	0.00017	0.00012	9.4e-05	3.1e-05	0.00015	7.7e-05	5.8e-05	0.00018
8	0.00060	0.00025	0.00032	0.00025	0.00035	0.05138	0.00020	0.00065	0.00039	0.94334	0.00052	0.00045	0.00033	0.00017	0.00013	4.1e-05	0.00012	0.00013	0.00016	0.00023
9	0.00020	0.00015	0.00019	0.00019	0.00023	0.00013	0.00014	0.00024	0.00987	0.00040	0.15635	0.54820	0.01004	0.00031	0.00015	4.3e-05	8.2e-05	0.00028	0.00870	0.26410
10	0.01655	0.00020	0.00022	0.00021	0.00026	0.01282	0.00016	0.10705	0.16933	0.08162	0.06928	0.18629	0.27123	0.01189	0.00417	4.8e-05	9.6e-05	0.03799	0.02206	0.00854
11	0.49240	0.00042	0.00028	0.00025	0.00033	0.41995	0.00020	0.01607	0.00688	0.02185	0.00757	0.00026	0.00937	0.00014	0.00010	3.9e-05	0.00016	8.6e-05	0.02349	0.00015
12	0.00019	0.00014	0.00022	0.00022	0.00024	0.00017	0.00017	0.00024	0.00022	0.00031	0.00036	0.00053	0.00034	0.00101	0.99472	0.00022	0.00036	0.00014	7.2e-05	0.00012
13	0.00019	0.00014	0.00017	0.00018	0.00021	0.00013	0.00014	0.00023	0.00662	0.03526	0.07505	0.33851	0.29761	0.01125	0.07699	6.5e-05	0.00010	0.15089	0.00611	0.00012
14	0.05785	0.00031	0.00033	0.00027	0.00036	0.01166	0.00022	0.29597	0.45491	0.16416	0.00045	0.00042	0.00033	0.00017	0.00013	4.3e-05	0.00012	0.00013	0.01193	0.00022
15	0.16126	0.00026	0.00030	0.00024	0.00584	0.00027	0.00020	0.24221	0.03270	0.45387	0.00983	0.02001	0.04797	0.00483	0.00013	4.2e-05	0.00012	0.00621	0.00538	0.00832
16	0.00027	0.00019	0.00022	0.00021	0.00025	0.00020	0.00015	0.17974	0.08785	0.04756	0.05458	0.32622	0.10078	0.16864	0.00025	6.2e-05	0.00557	0.00598	0.01431	0.00698
17	0.47762	0.01161	0.02287	0.05074	0.24998	0.00726	0.02307	0.01015	0.00467	0.00877	0.00943	0.04776	0.00717	0.00017	0.01492	0.00441	0.01586	0.02992	0.00346	0.00016
18	0.00691	0.03085	0.04776	0.00838	0.04796	0.17747	0.05130	0.02337	0.01992	0.02382	0.00032	0.01487	0.00485	0.09949	0.33071	0.02387	0.07257	0.00013	0.00639	0.00906
19	0.14669	0.05145	0.02028	0.00476	0.01322	0.01322	0.00794	0.01591	0.01782	0.05385	0.00663	0.23075	0.01229	0.02942	0.04435	0.11223	0.00582	0.01622	0.02706	0.17009

[dist]
# distance from previous block
# <min> <max>
10	56

[block]
# block no. 12 follows, 2566 sequences, length 8
# corresponding to MSA columns:
# 1401-1408
name=unknown_M
#
# <colnr> <probs for GDERKNQSTAVLIFYWHMCP>
#	G	D	E	R	K	N	Q	S	T	A	V	L	I	F	Y	W	H	M	C	P
0	0.00021	0.00018	0.01828	0.02554	0.00026	0.01336	0.03247	0.00820	0.02565	0.01356	0.31623	0.08021	0.10417	0.04260	0.25732	0.00865	0.02951	0.01478	0.00871	0.00013
1	0.00029	0.00029	0.00043	0.00036	0.00038	0.02899	0.10274	0.00033	0.00022	0.00033	0.00021	0.00034	0.00020	0.03088	0.09088	7.4e-05	0.74271	0.00013	6.2e-05	0.00015
2	0.00019	0.00013	0.00017	0.00018	0.00020	0.00013	0.00013	0.00023	0.02216	0.00038	0.20645	0.33608	0.12574	0.20558	0.00027	6.7e-05	9e-05	0.10160	0.00012	0.00011
3	0.00021	0.00016	0.00021	0.00020	0.00023	0.00016	0.01655	0.00026	0.01749	0.03020	0.32665	0.03410	0.37376	0.00030	0.00019	4.8e-05	0.10477	0.09424	0.00013	0.00013
4	0.84136	0.00026	0.00022	0.00019	0.00028	0.00030	0.00016	0.04370	0.00026	0.11191	0.00023	0.00025	0.00017	0.00013	9.2e-05	4.2e-05	0.00011	8.2e-05	9.5e-05	0.00016
5	0.00033	0.00032	0.00055	0.00083	0.99442	0.00032	0.00041	0.00041	0.00031	0.00044	0.00025	0.00033	0.00021	0.00012	0.00013	4e-05	0.00016	0.00012	6.7e-05	0.00021
6	0.07184	0.67436	0.25001	0.00027	0.00040	0.00046	0.00029	0.00041	0.00027	0.00037	0.00020	0.00023	0.00017	0.00012	9.7e-05	3.3e-05	0.00016	7.9e-05	5.9e-05	0.00018
7	0.00021	0.00021	0.00018	0.00017	0.00022	0.14905	0.00013	0.00025	0.00032	0.00037	0.06397	0.00112	0.78270	0.00031	0.00015	4.4e-05	9.4e-05	0.00025	0.00012	0.00012

[dist]
# distance from previous block
# <min> <max>
0	1

[block]
# block no. 13 follows, 2566 sequences, length 16
# corresponding to MSA columns:
# 1410-1412,1414-1426
name=unknown_N
#
# <colnr> <probs for GDERKNQSTAVLIFYWHMCP>
#	G	D	E	R	K	N	Q	S	T	A	V	L	I	F	Y	W	H	M	C	P
0	0.00020	0.00015	0.00017	0.00017	0.00021	0.01190	0.00013	0.01867	0.03306	0.02915	0.28657	0.27038	0.32587	0.00836	0.00017	4.8e-05	7.7e-05	0.01446	0.00013	0.00013
1	0.00026	0.00024	0.00034	0.42187	0.06075	0.05898	0.00028	0.00797	0.04272	0.00037	0.00030	0.04870	0.00026	0.00035	0.22550	0.00733	0.00020	0.00013	7.3e-05	0.12337
2	0.00021	0.00014	0.00016	0.00015	0.00016	0.00014	9e-05	0.00022	0.03380	0.00028	0.00042	0.00084	0.00047	0.91216	0.00064	0.00012	0.00013	0.00019	8.4e-05	0.04959
3	0.00030	0.00030	0.00041	0.00035	0.00035	0.00041	0.00030	0.00032	0.00021	0.00032	0.00018	0.00030	0.00018	0.00024	0.00044	5.9e-05	0.99501	0.00012	5.9e-05	0.00015
4	0.05956	0.00027	0.00031	0.00025	0.00034	0.00029	0.00020	0.17469	0.35061	0.33925	0.01284	0.00047	0.01116	0.00741	0.00014	4.4e-05	0.00011	0.00999	0.03186	0.00021
5	0.00017	0.00013	0.00016	0.00017	0.00020	0.00012	0.00012	0.00022	0.01765	0.00041	0.27917	0.32744	0.37286	0.00035	0.00016	4.8e-05	7.1e-05	0.00030	0.00013	0.00012
6	0.00019	0.00014	0.00017	0.00017	0.00019	0.00014	0.00012	0.00988	0.00024	0.00032	0.02454	0.02622	0.26271	0.35796	0.29510	0.00013	0.00018	0.02140	9.5e-05	0.00011
7	0.00023	0.00012	0.00017	0.00017	0.00017	0.00012	0.00011	0.00018	0.00018	0.00024	0.00027	0.03153	0.00028	0.11191	0.00053	0.85340	0.00012	0.00013	6.3e-05	6.3e-05
8	0.01347	0.00024	0.00028	0.00020	0.00032	0.00019	0.00016	0.01814	0.01204	0.00045	0.01109	0.01078	0.00022	0.00011	0.00010	2.2e-05	0.00010	8.6e-05	8.3e-05	0.93193
9	0.01574	0.00022	0.00028	0.00022	0.00031	0.00021	0.00018	0.07785	0.07285	0.59084	0.00999	0.00059	0.14945	0.00020	0.00014	4.2e-05	0.00011	0.00878	0.07181	0.00020
10	0.00021	0.00016	0.00842	0.00021	0.00025	0.00015	0.00017	0.02721	0.03053	0.00040	0.04070	0.09993	0.14460	0.11544	0.00023	6.5e-05	0.00011	0.52058	0.01050	0.00012
11	0.00018	0.00014	0.02585	0.00021	0.01705	0.00012	0.01951	0.00021	0.00026	0.00846	0.00784	0.87979	0.01713	0.00040	0.00017	5.4e-05	8.6e-05	0.01450	0.00791	0.00012
12	0.00026	0.02110	0.11871	0.01109	0.12270	0.02924	0.00988	0.01447	0.01273	0.01637	0.00056	0.11740	0.06330	0.00744	0.00452	0.00627	0.06556	0.37815	0.00010	0.00015
13	0.29965	0.00929	0.00029	0.00023	0.00032	0.00592	0.00019	0.19157	0.01175	0.35719	0.00748	0.00554	0.00028	0.05236	0.01525	4.9e-05	0.01290	0.02290	0.00665	0.00019
14	0.01345	0.00023	0.00028	0.00024	0.00031	0.01706	0.00791	0.22681	0.02295	0.33776	0.03213	0.24664	0.06059	0.00565	0.00015	4.6e-05	0.00011	0.01702	0.01049	0.00018
15	0.59068	0.17690	0.04791	0.00643	0.05663	0.05569	0.02123	0.00733	0.00026	0.00719	0.00020	0.00024	0.00016	0.00013	0.00504	4e-05	0.00831	8.2e-05	0.00548	0.01006

[dist]
# distance from previous block
# <min> <max>
2	4

[block]
# block no. 14 follows, 2566 sequences, length 11
# corresponding to MSA columns:
# 1446-1448,1456,1459-1465
name=unknown_O
#
# <colnr> <probs for GDERKNQSTAVLIFYWHMCP>
#	G	D	E	R	K	N	Q	S	T	A	V	L	I	F	Y	W	H	M	C	P
0	0.01031	0.00019	0.01250	0.01697	0.12967	0.00018	0.02195	0.01038	0.08515	0.02262	0.06123	0.41391	0.08600	0.00029	0.00015	4.7e-05	0.00010	0.04563	0.00011	0.08258
1	0.00028	0.00024	0.00027	0.00021	0.00031	0.03928	0.01031	0.01738	0.01280	0.01042	0.01050	0.07800	0.00028	0.02340	0.04182	3.6e-05	0.00012	0.00011	0.00843	0.74578
2	0.02903	0.10715	0.03644	0.06026	0.29961	0.04876	0.01572	0.06703	0.19728	0.02101	0.00680	0.01583	0.02528	0.02154	0.00762	4.5e-05	0.04020	0.00013	8.9e-05	0.00019
3	0.05536	0.01531	0.02897	0.26790	0.12742	0.08316	0.11670	0.02590	0.02946	0.05698	0.01705	0.01386	0.00024	0.00016	0.01027	4.7e-05	0.13484	0.00909	0.00714	0.00017
4	0.00018	0.00015	0.02518	0.00018	0.00021	0.00013	0.00014	0.00023	0.00032	0.00043	0.38126	0.21195	0.26756	0.01359	0.01369	5.1e-05	8.2e-05	0.08442	0.00013	0.00012
5	0.00026	0.00020	0.00022	0.00729	0.01994	0.07048	0.00685	0.07089	0.00029	0.02879	0.07573	0.05436	0.10778	0.35138	0.09806	0.01051	0.03570	0.01466	0.03284	0.01375
6	0.20768	0.00024	0.00026	0.00022	0.00029	0.00024	0.00017	0.21231	0.01608	0.22538	0.29267	0.00056	0.02178	0.00019	0.00013	4.2e-05	0.00010	0.00015	0.02130	0.00018
7	0.02825	0.00032	0.00039	0.00034	0.00036	0.07539	0.00028	0.09096	0.05033	0.00040	0.00022	0.00031	0.00020	0.00021	0.00036	5.4e-05	0.73119	0.00012	0.02018	0.00016
8	0.72348	0.02467	0.20174	0.00022	0.00033	0.01861	0.00022	0.00040	0.00025	0.00055	0.00020	0.00023	0.00015	0.00013	9.4e-05	4.1e-05	0.00013	7.9e-05	7.7e-05	0.02838
9	0.00021	0.00014	0.00019	0.00019	0.00020	0.00015	0.00014	0.00021	0.00020	0.00028	0.00034	0.01740	0.00036	0.27555	0.32574	0.30725	0.05574	0.01553	7.2e-05	9.2e-05
10	0.00018	0.00012	0.00016	0.00018	0.00020	0.00012	0.00013	0.00020	0.00027	0.00035	0.10035	0.56555	0.09345	0.03721	0.02087	0.11766	9.1e-05	0.06269	0.00012	0.00011

[dist]
# distance from previous block
# <min> <max>
5	13

[block]
# block no. 15 follows, 2566 sequences, length 6
# corresponding to MSA columns:
# 1487,1488,1490,1493-1495
name=unknown_P
#
# <colnr> <probs for GDERKNQSTAVLIFYWHMCP>
#	G	D	E	R	K	N	Q	S	T	A	V	L	I	F	Y	W	H	M	C	P
0	0.00036	0.00036	0.00050	0.00071	0.77031	0.15031	0.00037	0.00043	0.00032	0.00042	0.00025	0.00032	0.00021	0.00012	0.00013	3.8e-05	0.00017	0.00011	6.8e-05	0.07451
1	0.00022	0.00016	0.02934	0.00021	0.00024	0.00015	0.00017	0.00026	0.00028	0.03062	0.00069	0.06770	0.10310	0.26985	0.00031	7.7e-05	0.00012	0.49629	0.00011	0.00012
2	0.15492	0.00035	0.00037	0.00029	0.00039	0.00039	0.00024	0.77397	0.00056	0.06676	0.00032	0.00032	0.00022	0.00016	0.00013	4.1e-05	0.00014	0.00011	0.00013	0.00022
3	0.00038	0.00032	0.00049	0.00066	0.68241	0.00032	0.00036	0.13454	0.08824	0.09047	0.00031	0.00036	0.00024	0.00014	0.00013	4.1e-05	0.00015	0.00012	9.1e-05	0.00022
4	0.00042	0.00031	0.00035	0.03219	0.00038	0.00034	0.00023	0.63425	0.04716	0.03014	0.22444	0.00049	0.00047	0.00019	0.00015	4.2e-05	0.02796	0.00015	0.00013	0.00020
5	0.03865	0.04000	0.02081	0.13227	0.36956	0.02289	0.02034	0.01248	0.03916	0.02445	0.03123	0.19522	0.01789	0.01073	0.00015	4.5e-05	0.01059	0.01328	8.8e-05	0.00017

[dist]
# distance from previous block
# <min> <max>
2	4

[block]
# block no. 16 follows, 2566 sequences, length 9
# corresponding to MSA columns:
# 1506-1512,1516,1517
name=unknown_Q
#
# <colnr> <probs for GDERKNQSTAVLIFYWHMCP>
#	G	D	E	R	K	N	Q	S	T	A	V	L	I	F	Y	W	H	M	C	P
0	0.11445	0.00017	0.00020	0.01078	0.00023	0.00017	0.00014	0.01252	0.03373	0.13447	0.42345	0.03207	0.04180	0.16716	0.00023	5.8e-05	9.2e-05	0.01487	0.01327	0.00014
1	0.00019	0.00015	0.01157	0.00018	0.00022	0.00013	0.02591	0.00025	0.01535	0.01686	0.41585	0.08613	0.38407	0.00031	0.01194	4.7e-05	7.9e-05	0.01492	0.00013	0.01571
