[name]
unknown

[dist]
# distance from previous block
# <min> <max>
0	191

[block]
# block no. 0 follows, 2305 sequences, length 64
# corresponding to MSA columns:
# 404-408,410-413,415-417,419-434,445-447,479-488,498,500-503,506-508,518-525,530-533,545-547
name=unknown_A
#
# <colnr> <probs for GDERKNQSTAVLIFYWHMCP>
#	G	D	E	R	K	N	Q	S	T	A	V	L	I	F	Y	W	H	M	C	P
0	0.00022	0.00622	0.00197	0.00748	0.00559	0.00271	0.00361	0.01105	0.00715	0.02307	0.10686	0.28149	0.36124	0.06203	0.01976	0.01091	0.00177	0.06088	0.00173	0.02427
1	0.00941	0.11913	0.14573	0.08375	0.09955	0.03963	0.10655	0.04604	0.05199	0.21273	0.01032	0.03143	0.00849	0.00213	0.00259	4.6e-05	0.01103	0.00385	0.00328	0.01231
2	0.00394	0.05859	0.22177	0.08534	0.13078	0.03069	0.11508	0.02691	0.02764	0.15260	0.01376	0.03882	0.01183	0.00674	0.01068	5e-05	0.02938	0.00559	0.00434	0.02547
3	0.00873	0.00023	0.00030	0.00025	0.00034	0.00020	0.00532	0.01432	0.00979	0.69103	0.04185	0.08146	0.09085	0.01136	0.00230	4.9e-05	0.00143	0.00271	0.03356	0.00392
4	0.05057	0.00348	0.02370	0.03783	0.01685	0.00141	0.00846	0.03152	0.01676	0.39452	0.22607	0.04987	0.06173	0.00806	0.03376	5.5e-05	0.00382	0.00341	0.02796	0.00020
5	0.02696	0.06649	0.21029	0.11361	0.07204	0.04395	0.10494	0.07436	0.02972	0.17454	0.00713	0.04571	0.00582	0.00175	0.00227	4.8e-05	0.01319	0.00394	0.00165	0.00160
6	0.00199	0.01038	0.04511	0.02760	0.01274	0.00346	0.06496	0.00896	0.02937	0.25616	0.12008	0.16547	0.15331	0.01901	0.01088	0.01489	0.01266	0.01538	0.02742	0.00018
7	0.00020	0.00014	0.00018	0.00020	0.00022	0.00013	0.00014	0.00023	0.00230	0.02017	0.10847	0.63075	0.18330	0.01401	0.00408	0.00226	8.8e-05	0.03286	0.00014	0.00013
8	0.01341	0.01382	0.06497	0.29726	0.26157	0.04660	0.11439	0.02753	0.01120	0.06878	0.00756	0.03456	0.00268	0.00017	0.00246	0.00121	0.02421	0.00448	0.00293	0.00020
9	0.04129	0.09543	0.12188	0.10413	0.09120	0.07713	0.13639	0.09442	0.01399	0.18719	0.00682	0.01429	0.00162	0.00220	0.00015	4.6e-05	0.00975	0.00014	0.00174	0.00021
10	0.84706	0.01453	0.03639	0.00203	0.01227	0.03597	0.02115	0.00781	0.00027	0.00427	0.00022	0.00026	0.00017	0.00014	0.00011	4.6e-05	0.01697	8.7e-05	9.1e-05	0.00017
11	0.34594	0.03960	0.22429	0.07797	0.09521	0.02183	0.07946	0.01279	0.00031	0.03810	0.00152	0.00928	0.00022	0.03270	0.00219	5e-05	0.01398	0.00200	0.00235	0.00019
12	0.00024	0.00016	0.00021	0.00196	0.00024	0.00280	0.00220	0.00763	0.03170	0.05877	0.31948	0.45352	0.05930	0.00036	0.00018	5.2e-05	8.7e-05	0.00032	0.01443	0.04636
13	0.00387	0.00015	0.00018	0.00018	0.00022	0.00014	0.00013	0.00026	0.00038	0.00771	0.57024	0.07035	0.33272	0.00966	0.00018	5e-05	7.5e-05	0.00029	0.00307	0.00014
14	0.01690	0.00021	0.00028	0.00023	0.00032	0.00019	0.00019	0.01236	0.00323	0.55546	0.22236	0.09196	0.08689	0.00026	0.00016	4.8e-05	0.00286	0.00022	0.00567	0.00020
15	0.00021	0.00015	0.00020	0.00021	0.00023	0.00016	0.00015	0.00212	0.00437	0.00036	0.05126	0.15965	0.06509	0.28873	0.34940	0.00015	0.01034	0.05205	0.01504	0.00012
16	0.01358	0.00027	0.00031	0.00022	0.00036	0.00020	0.00018	0.00039	0.00031	0.02418	0.00027	0.00032	0.00023	0.00011	0.00011	2.3e-05	0.00011	9e-05	9.1e-05	0.95865
17	0.00038	0.00032	0.00034	0.00031	0.00039	0.00037	0.00024	0.00655	0.98065	0.00775	0.00061	0.00056	0.00046	0.00020	0.00015	5.1e-05	0.00012	0.00017	0.00015	0.00024
18	0.00033	0.30711	0.68788	0.00038	0.00057	0.00042	0.00046	0.00047	0.00031	0.00044	0.00025	0.00029	0.00019	0.00014	0.00013	4.3e-05	0.00020	0.00010	6.4e-05	0.00021
19	0.03449	0.00031	0.00034	0.00030	0.00039	0.00034	0.00023	0.03081	0.72863	0.20154	0.00059	0.00053	0.00042	0.00020	0.00015	5e-05	0.00012	0.00016	0.00016	0.00024
20	0.00022	0.00017	0.00020	0.00019	0.00023	0.02798	0.00015	0.00029	0.00042	0.00058	0.89067	0.02800	0.03314	0.00031	0.00018	4.8e-05	7.8e-05	0.00816	0.00885	0.00014
21	0.00022	0.00015	0.00022	0.00022	0.00024	0.00017	0.00016	0.00025	0.00023	0.00033	0.00039	0.00668	0.00038	0.13051	0.66919	0.18496	0.00031	0.00518	8e-05	0.00012
22	0.96791	0.00030	0.00023	0.00020	0.00030	0.02817	0.00017	0.00045	0.00026	0.00066	0.00021	0.00024	0.00016	0.00014	9.4e-05	4.6e-05	0.00012	8.2e-05	9.2e-05	0.00016
23	0.00018	0.00014	0.00017	0.00019	0.00021	0.00012	0.00013	0.00022	0.00031	0.00041	0.08428	0.69256	0.21516	0.00492	0.00019	5.8e-05	8.4e-05	0.00039	0.00014	0.00012
24	0.78055	0.00028	0.00023	0.00020	0.00029	0.00031	0.00017	0.01707	0.00028	0.11621	0.00318	0.00033	0.00022	0.04759	0.00013	5.1e-05	0.00012	0.00274	0.02987	0.00017
25	0.06985	0.00022	0.00026	0.00021	0.00029	0.00020	0.00017	0.03882	0.00399	0.46708	0.00603	0.00051	0.00036	0.00018	0.00013	4.2e-05	0.00010	0.00014	0.41122	0.00020
26	0.00268	0.67091	0.00731	0.01621	0.03438	0.16197	0.00971	0.01221	0.00254	0.00478	0.01552	0.03662	0.01960	0.00015	0.00011	3.6e-05	0.00236	0.00011	0.00124	0.00155
27	0.02791	0.00026	0.00033	0.00025	0.00037	0.00022	0.00020	0.00828	0.00039	0.61546	0.00748	0.00047	0.02027	0.00017	0.00014	3.9e-05	0.00012	0.00350	0.00276	0.31141
28	0.00634	0.13510	0.03807	0.04872	0.00508	0.04545	0.01413	0.02542	0.20315	0.02386	0.00188	0.16786	0.00244	0.20121	0.01159	0.02991	0.00921	0.01908	0.01132	0.00016
29	0.00050	0.21167	0.00672	0.01376	0.01755	0.47434	0.01698	0.18226	0.03071	0.00659	0.00153	0.01387	0.00023	0.00279	0.00142	4.1e-05	0.00948	0.00282	0.00652	0.00020
30	0.06570	0.10280	0.30908	0.01700	0.02736	0.02596	0.03932	0.06160	0.01924	0.09791	0.01421	0.00677	0.01272	0.00215	0.00608	4.3e-05	0.01214	0.00132	9.3e-05	0.17851
31	0.01029	0.11197	0.27568	0.03331	0.06804	0.02730	0.10629	0.06308	0.05551	0.11519	0.02728	0.04631	0.00713	0.00129	0.00507	0.00160	0.03117	0.00596	0.00238	0.00517
32	0.02517	0.00026	0.00034	0.00026	0.00038	0.00023	0.00022	0.03262	0.00960	0.89708	0.00399	0.00050	0.00037	0.00018	0.00015	4.6e-05	0.00013	0.00015	0.02806	0.00025
33	0.00023	0.00016	0.00020	0.00019	0.00023	0.00015	0.00014	0.01103	0.00343	0.02733	0.72012	0.02848	0.14063	0.02424	0.00019	5e-05	7.7e-05	0.00790	0.03510	0.00014
34	0.02387	0.07168	0.07869	0.06974	0.13435	0.06931	0.07841	0.04218	0.05289	0.25904	0.00531	0.03539	0.00638	0.00162	0.01256	5e-05	0.02472	0.03070	0.00132	0.00180
35	0.03406	0.02243	0.01931	0.27477	0.32330	0.04016	0.04976	0.04177	0.01034	0.11635	0.00386	0.00657	0.00025	0.00016	0.00518	4.8e-05	0.04237	0.00716	0.00196	0.00021
36	0.00019	0.00015	0.00017	0.00018	0.00021	0.00013	0.00013	0.00023	0.00882	0.00043	0.17198	0.38732	0.42871	0.00040	0.00018	5.4e-05	8e-05	0.00035	0.00014	0.00013
37	0.00021	0.00015	0.00021	0.00263	0.00024	0.00259	0.01560	0.00597	0.00026	0.00036	0.00059	0.37832	0.00811	0.22082	0.34546	0.00014	0.00780	0.00532	0.00510	0.00012
38	0.00635	0.05202	0.22365	0.05750	0.05637	0.01583	0.07870	0.03459	0.03521	0.33148	0.03036	0.03013	0.01244	0.00599	0.00827	0.00307	0.01049	0.00615	0.00117	0.00022
39	0.00043	0.00635	0.00027	0.00024	0.00030	0.00019	0.00018	0.00616	0.03519	0.46704	0.03649	0.29061	0.10775	0.00755	0.02903	5.8e-05	0.00171	0.00850	0.00177	0.00019
40	0.00037	0.00035	0.00061	0.01843	0.97629	0.00036	0.00046	0.00046	0.00034	0.00049	0.00028	0.00037	0.00024	0.00013	0.00015	4.5e-05	0.00018	0.00013	7.4e-05	0.00024
41	0.47832	0.00652	0.03113	0.06142	0.09605	0.05447	0.18696	0.03624	0.00031	0.00956	0.00025	0.00226	0.00020	0.00014	0.00014	4.7e-05	0.03044	0.00190	0.00346	0.00018
42	0.00029	0.00027	0.00045	0.96431	0.00102	0.00033	0.00337	0.01242	0.00031	0.00623	0.00611	0.00040	0.00021	0.00015	0.00015	5e-05	0.00355	0.00013	6.9e-05	0.00017
43	0.12325	0.06253	0.02120	0.00158	0.00859	0.01323	0.00353	0.10154	0.00525	0.02361	0.00375	0.00252	0.00316	0.00013	0.00012	3e-05	0.00154	9.7e-05	9.6e-05	0.62424
44	0.00892	0.05351	0.03461	0.22255	0.04800	0.01339	0.06307	0.19364	0.00451	0.06400	0.12176	0.00833	0.04307	0.02662	0.00150	0.03122	0.00330	0.00930	0.00228	0.04641
45	0.00790	0.39268	0.15222	0.02984	0.02155	0.05089	0.03017	0.10499	0.03618	0.01794	0.00245	0.00040	0.00809	0.12481	0.01162	5.6e-05	0.00781	0.00012	8.4e-05	0.00019
46	0.00042	0.00599	0.00049	0.00774	0.43389	0.33854	0.00936	0.02303	0.00229	0.00045	0.01841	0.00199	0.00032	0.00736	0.00218	4.7e-05	0.03314	0.11406	8.6e-05	0.00020
47	0.26008	0.00028	0.00030	0.00023	0.00035	0.00599	0.00018	0.04225	0.00593	0.10442	0.00309	0.00032	0.00023	0.00013	0.00011	3.2e-05	0.00012	9.6e-05	0.00010	0.57577
48	0.00021	0.00015	0.00020	0.00021	0.00024	0.00014	0.00015	0.00964	0.01301	0.00239	0.12075	0.66384	0.00584	0.02098	0.00020	5.8e-05	9.4e-05	0.08192	0.00014	0.07983
49	0.01448	0.00021	0.00021	0.00019	0.00025	0.04757	0.01246	0.02809	0.00222	0.00882	0.00972	0.02990	0.71046	0.00032	0.00016	4.6e-05	9.6e-05	0.00027	0.00013	0.13442
50	0.00024	0.00016	0.00020	0.00020	0.00024	0.00015	0.00015	0.02771	0.00510	0.06256	0.46304	0.35558	0.02704	0.00035	0.00018	5.2e-05	8.4e-05	0.00820	0.04862	0.00014
51	0.00026	0.00024	0.00029	0.00027	0.00029	0.04767	0.00021	0.00030	0.02397	0.00040	0.09763	0.29853	0.14591	0.02860	0.00031	6.1e-05	0.35086	0.00393	0.00011	0.00014
52	0.00950	0.00018	0.00023	0.00020	0.00026	0.00016	0.00016	0.00739	0.00754	0.24714	0.39699	0.05906	0.22501	0.01356	0.00396	5.1e-05	9.2e-05	0.02032	0.00804	0.00017
53	0.15779	0.14191	0.01689	0.00224	0.00406	0.01533	0.00422	0.13971	0.01132	0.37408	0.00712	0.00308	0.00029	0.00712	0.00904	4.5e-05	0.01304	0.00012	0.01507	0.07753
54	0.04007	0.27441	0.04726	0.02066	0.04231	0.10456	0.01217	0.33177	0.04085	0.01129	0.00144	0.00154	0.00023	0.00154	0.00127	4.2e-05	0.04017	0.00117	0.00582	0.02145
55	0.01527	0.02460	0.05414	0.04096	0.03698	0.00315	0.01550	0.01003	0.01762	0.06251	0.08464	0.13786	0.12659	0.08510	0.09892	0.05649	0.00305	0.03183	0.00132	0.09343
56	0.03413	0.12797	0.27060	0.04857	0.04663	0.05287	0.04484	0.10125	0.02165	0.15516	0.02001	0.00533	0.00301	0.00384	0.00272	0.00718	0.04662	0.00158	0.00259	0.00346
57	0.00972	0.11504	0.03593	0.04245	0.04417	0.00256	0.31646	0.03608	0.11919	0.09277	0.01354	0.00872	0.00219	0.01610	0.00507	0.00676	0.00559	0.12606	0.00011	0.00149
58	0.00228	0.00016	0.00021	0.00021	0.00025	0.00015	0.00015	0.00032	0.00323	0.16788	0.15022	0.40865	0.14089	0.04873	0.00022	0.02830	9.6e-05	0.03109	0.00413	0.01283
59	0.02810	0.15809	0.17651	0.06284	0.11133	0.02079	0.07683	0.04139	0.02516	0.05688	0.00892	0.11148	0.00602	0.02285	0.03496	0.00333	0.03422	0.00567	0.00165	0.01298
60	0.14738	0.04465	0.09358	0.11274	0.07191	0.02303	0.03747	0.02775	0.01948	0.08527	0.00395	0.03627	0.00443	0.04827	0.03173	0.00158	0.03947	0.01028	0.00285	0.15793
61	0.00021	0.00241	0.00439	0.00022	0.00024	0.00016	0.01230	0.00025	0.00189	0.00491	0.06450	0.33104	0.08053	0.09802	0.31581	0.05208	0.02198	0.00406	0.00487	0.00012
62	0.07141	0.00020	0.00024	0.00349	0.00028	0.00019	0.00173	0.05827	0.02239	0.19791	0.38256	0.08134	0.12857	0.02765	0.00179	5.2e-05	0.00240	0.00882	0.01055	0.00017
63	0.02067	0.20582	0.13944	0.05727	0.09619	0.03037	0.04431	0.05447	0.06263	0.08976	0.04672	0.04396	0.01560	0.00903	0.04830	5.5e-05	0.01849	0.00370	0.00505	0.00816

[dist]
# distance from previous block
# <min> <max>
3	13

[block]
# block no. 1 follows, 2305 sequences, length 8
# corresponding to MSA columns:
# 568,570-576
name=unknown_B
#
# <colnr> <probs for GDERKNQSTAVLIFYWHMCP>
#	G	D	E	R	K	N	Q	S	T	A	V	L	I	F	Y	W	H	M	C	P
0	0.01422	0.08080	0.13303	0.04342	0.05241	0.02357	0.07368	0.02531	0.06011	0.13523	0.08668	0.06930	0.06981	0.01324	0.04972	0.01038	0.01108	0.01561	0.00668	0.02572
1	0.01913	0.00857	0.01862	0.03849	0.01928	0.01289	0.12110	0.02611	0.03242	0.40814	0.04829	0.10027	0.03022	0.01397	0.01562	0.03501	0.01980	0.01850	0.00694	0.00665
2	0.01056	0.02442	0.09721	0.23843	0.10711	0.01775	0.06685	0.01761	0.01345	0.03277	0.01432	0.12116	0.01973	0.02787	0.05265	0.08878	0.02083	0.01467	0.00653	0.00729
3	0.00849	0.11741	0.12343	0.10365	0.17873	0.02004	0.12825	0.01786	0.03558	0.12953	0.01743	0.03289	0.01577	0.00895	0.01085	0.00750	0.01640	0.01290	0.00660	0.00774
4	0.00742	0.01648	0.03077	0.10369	0.02846	0.00020	0.04163	0.00815	0.02943	0.03996	0.03728	0.53160	0.05336	0.01322	0.00816	5.8e-05	0.01021	0.01401	0.01549	0.01044
5	0.01249	0.00018	0.00023	0.00022	0.00028	0.00017	0.01043	0.01638	0.01448	0.18159	0.18499	0.11894	0.21762	0.01791	0.02789	0.01023	0.00011	0.17550	0.01020	0.00016
6	0.01889	0.13813	0.24686	0.04437	0.08003	0.02260	0.06380	0.02035	0.03300	0.09349	0.01776	0.03748	0.03837	0.09980	0.00918	0.00748	0.01889	0.00926	9.3e-05	0.00019
7	0.01726	0.02797	0.03129	0.06508	0.07491	0.02236	0.03258	0.12316	0.05180	0.34863	0.02887	0.04640	0.02010	0.02044	0.01181	5.2e-05	0.04355	0.01494	0.01174	0.00706

[dist]
# distance from previous block
# <min> <max>
3	12

[block]
# block no. 2 follows, 2305 sequences, length 7
# corresponding to MSA columns:
# 598-600,605-608
name=unknown_C
#
# <colnr> <probs for GDERKNQSTAVLIFYWHMCP>
#	G	D	E	R	K	N	Q	S	T	A	V	L	I	F	Y	W	H	M	C	P
0	0.09249	0.02261	0.00032	0.00024	0.00036	0.00024	0.00019	0.02953	0.01992	0.15003	0.00032	0.00035	0.00025	0.01866	0.00014	3.3e-05	0.02241	0.00010	0.00011	0.64170
1	0.00023	0.00019	0.00021	0.01581	0.00026	0.05922	0.00016	0.00029	0.05870	0.00042	0.10211	0.54862	0.08544	0.06287	0.01886	6.6e-05	0.02346	0.02283	0.00013	0.00013
2	0.00041	0.00036	0.00036	0.00032	0.00040	0.04902	0.00025	0.14594	0.79972	0.00066	0.00056	0.00052	0.00042	0.00020	0.00015	4.9e-05	0.00013	0.00016	0.00015	0.00024
3	0.00022	0.00015	0.00020	0.00020	0.00023	0.00014	0.01474	0.00024	0.00029	0.01473	0.05494	0.22401	0.24954	0.04681	0.04016	0.24890	0.00012	0.07368	0.00012	0.03057
4	0.00021	0.00016	0.00018	0.00018	0.00022	0.00014	0.00013	0.00027	0.02609	0.02454	0.34533	0.17661	0.40053	0.02449	0.00019	5.3e-05	8e-05	0.00031	0.00015	0.00014
5	0.00024	0.00015	0.00020	0.00021	0.00023	0.00015	0.00015	0.00028	0.01565	0.06097	0.21983	0.37876	0.06092	0.10724	0.03452	0.02015	0.00011	0.07900	0.02112	0.00013
6	0.00786	0.03645	0.06894	0.04142	0.11614	0.02199	0.02605	0.02842	0.01417	0.01262	0.02665	0.01063	0.00750	0.01143	0.00856	0.00875	0.02843	0.00758	0.00750	0.50889

[dist]
# distance from previous block
# <min> <max>
12	19

[block]
# block no. 3 follows, 2305 sequences, length 11
# corresponding to MSA columns:
# 696,697,700-705,736-738
name=unknown_D
#
# <colnr> <probs for GDERKNQSTAVLIFYWHMCP>
#	G	D	E	R	K	N	Q	S	T	A	V	L	I	F	Y	W	H	M	C	P
0	0.16841	0.34619	0.04400	0.01293	0.03324	0.09218	0.04271	0.08544	0.02646	0.03817	0.00657	0.00911	0.00023	0.00015	0.00012	4e-05	0.00972	0.00748	8.9e-05	0.07676
1	0.01591	0.00035	0.00692	0.00775	0.02143	0.00682	0.01071	0.27398	0.59489	0.00715	0.00638	0.01446	0.00040	0.00773	0.00596	5.1e-05	0.00598	0.00686	0.00603	0.00023
2	0.00023	0.00016	0.00021	0.00020	0.00024	0.00015	0.02134	0.00029	0.01302	0.05302	0.48691	0.16944	0.22648	0.00034	0.00018	5.1e-05	8.3e-05	0.01455	0.01296	0.00014
3	0.21362	0.00027	0.00032	0.00025	0.00036	0.01542	0.00021	0.01647	0.00039	0.69784	0.00051	0.01634	0.00035	0.00019	0.00014	4.7e-05	0.00013	0.03675	0.00016	0.00023
4	0.00021	0.00015	0.00018	0.00018	0.00022	0.00014	0.00013	0.01367	0.00035	0.01352	0.36578	0.18548	0.24722	0.15133	0.00027	6.6e-05	9e-05	0.02073	0.00014	0.00013
5	0.05294	0.00027	0.00044	0.94177	0.00099	0.00033	0.00040	0.00039	0.00030	0.00040	0.00026	0.00039	0.00020	0.00015	0.00015	5e-05	0.00020	0.00013	6.8e-05	0.00017
6	0.00024	0.00018	0.00684	0.00737	0.00027	0.02083	0.01746	0.00751	0.00036	0.00953	0.27210	0.08066	0.12787	0.03415	0.01105	0.00722	0.00011	0.29677	0.09936	0.00014
7	0.00034	0.00027	0.00031	0.00024	0.00035	0.00024	0.00019	0.09958	0.14265	0.02276	0.07132	0.00044	0.01339	0.00015	0.00013	3.2e-05	0.00011	0.00013	0.05202	0.59534
8	0.01087	0.23599	0.02183	0.05043	0.04929	0.12405	0.08330	0.13989	0.02778	0.12598	0.00960	0.07249	0.00614	0.00019	0.00610	4.5e-05	0.01180	0.00918	0.00915	0.00589
9	0.05497	0.06798	0.05616	0.00037	0.01806	0.17252	0.02509	0.04340	0.01749	0.01266	0.00970	0.01225	0.01185	0.01202	0.01012	5.6e-05	0.45683	0.00612	0.01217	0.00018
10	0.01413	0.05881	0.05222	0.02022	0.10716	0.01123	0.04308	0.02041	0.01331	0.06208	0.01601	0.01766	0.01017	0.02700	0.00015	3.6e-05	0.01290	0.00012	0.00604	0.50729

[dist]
# distance from previous block
# <min> <max>
0	1

[block]
# block no. 4 follows, 2305 sequences, length 8
# corresponding to MSA columns:
# 741-744,762,763,765,766
name=unknown_E
#
# <colnr> <probs for GDERKNQSTAVLIFYWHMCP>
#	G	D	E	R	K	N	Q	S	T	A	V	L	I	F	Y	W	H	M	C	P
0	0.01611	0.00023	0.00028	0.00024	0.00031	0.00022	0.00019	0.05488	0.14437	0.32901	0.18334	0.01591	0.02897	0.03937	0.00018	5.1e-05	0.00011	0.05170	0.12285	0.01167
1	0.02557	0.00026	0.01185	0.21524	0.08461	0.01525	0.12583	0.01390	0.01134	0.09382	0.04717	0.18941	0.05980	0.02283	0.01435	5.6e-05	0.03152	0.01365	0.00851	0.01502
2	0.01586	0.09440	0.22407	0.09824	0.09309	0.01979	0.07445	0.01620	0.02896	0.24911	0.00810	0.01405	0.00879	0.01509	0.01282	5e-05	0.00976	0.00844	0.00853	0.00021
3	0.00020	0.00014	0.00018	0.00021	0.00023	0.00013	0.00014	0.00024	0.01631	0.02327	0.07338	0.71518	0.07278	0.04523	0.01674	6.6e-05	9.6e-05	0.03521	0.00014	0.00013
4	0.00023	0.00016	0.00017	0.00017	0.00021	0.00014	0.00013	0.01921	0.01724	0.02518	0.04115	0.20096	0.39334	0.00033	0.00016	4.9e-05	8.2e-05	0.02967	0.27128	0.00014
5	0.01497	0.02318	0.16222	0.19665	0.11397	0.04569	0.09889	0.06082	0.03355	0.13347	0.00859	0.03400	0.00713	0.01353	0.01680	0.00681	0.01513	0.00725	0.00716	0.00020
6	0.01395	0.02292	0.11541	0.15459	0.07079	0.03009	0.07408	0.02727	0.01991	0.27177	0.01254	0.07532	0.01636	0.00851	0.02812	5.5e-05	0.02088	0.01346	0.02377	0.00020
7	0.01850	0.00021	0.01050	0.00023	0.00028	0.00021	0.00017	0.05594	0.10335	0.14888	0.07816	0.13227	0.02733	0.25092	0.06205	0.01520	0.01943	0.04702	0.02921	0.00016

[dist]
# distance from previous block
# <min> <max>
2	13

[block]
# block no. 5 follows, 2305 sequences, length 17
# corresponding to MSA columns:
# 798-804,809-818
name=unknown_F
#
# <colnr> <probs for GDERKNQSTAVLIFYWHMCP>
#	G	D	E	R	K	N	Q	S	T	A	V	L	I	F	Y	W	H	M	C	P
0	0.00020	0.00015	0.00018	0.00020	0.00023	0.00013	0.00015	0.00024	0.00033	0.01043	0.12094	0.46397	0.24379	0.01071	0.00019	5.9e-05	9.1e-05	0.14773	0.00014	0.00013
1	0.01015	0.00022	0.00028	0.00023	0.00031	0.00020	0.00018	0.01229	0.04516	0.49402	0.32149	0.00080	0.10001	0.00024	0.00016	4.7e-05	0.00010	0.00021	0.00017	0.01373
2	0.09542	0.00030	0.00034	0.00027	0.00037	0.00031	0.00696	0.37403	0.02298	0.24263	0.21083	0.00857	0.02889	0.00021	0.00015	4.7e-05	0.00013	0.00719	0.00016	0.00022
3	0.00039	0.00032	0.00035	0.00029	0.00039	0.00033	0.00023	0.20574	0.45055	0.00065	0.00044	0.00043	0.00034	0.00017	0.00014	4e-05	0.00013	0.00014	0.00013	0.33880
4	0.01573	0.00041	0.00044	0.00034	0.00046	0.00045	0.00028	0.90263	0.02827	0.04891	0.00038	0.00037	0.00027	0.00018	0.00015	4.5e-05	0.00016	0.00014	0.00015	0.00025
5	0.01574	0.00025	0.00034	0.00026	0.00038	0.00022	0.00022	0.01250	0.00043	0.93479	0.01248	0.00051	0.00038	0.00019	0.00015	4.6e-05	0.00013	0.00015	0.02059	0.00025
6	0.00057	0.00069	0.00042	0.00038	0.00046	0.94610	0.00029	0.00061	0.00043	0.04838	0.00025	0.00028	0.00020	0.00016	0.00014	3.9e-05	0.00026	9.9e-05	8.3e-05	0.00018
7	0.00026	0.00022	0.00029	0.15754	0.06511	0.00022	0.01996	0.01218	0.09004	0.00709	0.08372	0.22997	0.19485	0.00694	0.00495	0.00386	0.00476	0.00534	0.00404	0.10866
8	0.01094	0.00038	0.00904	0.00035	0.04844	0.00769	0.01237	0.62470	0.11649	0.08887	0.01219	0.00826	0.00834	0.02861	0.00424	5e-05	0.01402	0.00465	0.00014	0.00024
9	0.90749	0.00691	0.00648	0.00022	0.00656	0.01934	0.00615	0.00925	0.01683	0.00814	0.00022	0.00026	0.00018	0.00014	0.0001	4.7e-05	0.00584	0.00558	9.4e-05	0.00017
10	0.06242	0.00699	0.10324	0.19409	0.13644	0.01529	0.17572	0.03267	0.03220	0.02028	0.00452	0.07303	0.00457	0.01669	0.01360	5.5e-05	0.07423	0.02472	0.00906	0.00019
11	0.00034	0.01650	0.07268	0.01581	0.01627	0.01170	0.01231	0.02078	0.03058	0.10117	0.06452	0.01650	0.05398	0.00541	0.00013	3.4e-05	0.00012	0.00439	0.00011	0.55668
12	0.00900	0.02067	0.00801	0.00029	0.00041	0.01277	0.00024	0.39804	0.06338	0.15747	0.00038	0.00038	0.00027	0.00680	0.00014	3.9e-05	0.00014	0.00012	0.00013	0.32132
13	0.05159	0.02863	0.00031	0.00023	0.00034	0.00022	0.00019	0.01734	0.01016	0.33618	0.01934	0.00789	0.01410	0.00016	0.00013	3.5e-05	0.00011	0.00012	0.09764	0.41527
14	0.01402	0.00376	0.02168	0.24407	0.08253	0.00465	0.04072	0.02146	0.36586	0.03105	0.05209	0.03796	0.03884	0.00486	0.00379	5.1e-05	0.00958	0.01774	0.00511	0.00020
15	0.00446	0.06742	0.00982	0.03689	0.01980	0.09968	0.00809	0.23168	0.39452	0.01706	0.01777	0.04670	0.00603	0.00542	0.00905	0.00383	0.00975	0.00539	0.00642	0.00022
16	0.00812	0.00364	0.01058	0.04264	0.00552	0.00021	0.00988	0.02452	0.02634	0.44854	0.08491	0.04151	0.05530	0.12332	0.04842	0.00798	0.00338	0.00633	0.02814	0.02074

[dist]
# distance from previous block
# <min> <max>
20	86

[block]
# block no. 6 follows, 2305 sequences, length 8
# corresponding to MSA columns:
# 1002-1009
name=unknown_G
#
# <colnr> <probs for GDERKNQSTAVLIFYWHMCP>
#	G	D	E	R	K	N	Q	S	T	A	V	L	I	F	Y	W	H	M	C	P
0	0.33244	0.02951	0.02148	0.05276	0.08767	0.01519	0.05207	0.02400	0.04280	0.09187	0.02820	0.03057	0.01419	0.00020	0.02533	5.1e-05	0.06051	0.00785	0.01021	0.07308
1	0.01162	0.01682	0.03479	0.06779	0.10192	0.14509	0.13856	0.03353	0.04412	0.03305	0.22214	0.08289	0.02840	0.00022	0.00017	0.00717	0.00946	0.00722	0.00723	0.00780
2	0.01702	0.03279	0.24011	0.00028	0.00043	0.00027	0.00028	0.03091	0.01494	0.07356	0.00030	0.00033	0.00023	0.00013	0.00013	3.3e-05	0.01527	0.00010	0.01430	0.55859
3	0.00055	0.00041	0.00044	0.00034	0.00046	0.00046	0.00028	0.90133	0.09270	0.00092	0.00038	0.00038	0.00027	0.00018	0.00015	4.6e-05	0.00016	0.00014	0.00015	0.00025
4	0.01165	0.00038	0.13259	0.03931	0.02775	0.00035	0.06524	0.10979	0.49118	0.01319	0.02806	0.01453	0.00987	0.00019	0.00015	4.9e-05	0.00015	0.01091	0.01014	0.03452
5	0.00019	0.00016	0.00017	0.00016	0.00021	0.00014	0.00012	0.00024	0.02543	0.00043	0.11721	0.02719	0.80176	0.00037	0.00018	5.1e-05	7.8e-05	0.02563	0.00014	0.00013
6	0.00023	0.00019	0.00028	0.24167	0.03699	0.00020	0.01305	0.00030	0.01207	0.01397	0.24242	0.14070	0.25539	0.01595	0.00018	5.3e-05	0.01179	0.01428	0.00012	0.00015
7	0.01618	0.64880	0.01308	0.02156	0.12904	0.03274	0.01120	0.02589	0.00973	0.03032	0.00871	0.00925	0.00023	0.00015	0.00885	3.9e-05	0.02457	0.00937	7.6e-05	0.00020

[dist]
# distance from previous block
# <min> <max>
3	15

[block]
# block no. 7 follows, 2305 sequences, length 6
# corresponding to MSA columns:
# 1053,1054,1056-1059
name=unknown_H
#
# <colnr> <probs for GDERKNQSTAVLIFYWHMCP>
#	G	D	E	R	K	N	Q	S	T	A	V	L	I	F	Y	W	H	M	C	P
0	0.29791	0.01333	0.00951	0.00968	0.00032	0.02158	0.01556	0.01421	0.00943	0.04299	0.09470	0.03532	0.04504	0.02501	0.01169	0.01081	0.00984	0.01319	0.00948	0.31041
1	0.00034	0.03262	0.12731	0.14022	0.10429	0.03397	0.13350	0.02652	0.06382	0.06523	0.09640	0.03671	0.02144	0.01104	0.01657	5.3e-05	0.03516	0.04136	0.01327	0.00019
2	0.00021	0.00017	0.01317	0.01805	0.00026	0.00016	0.02397	0.00027	0.02296	0.01378	0.22828	0.23727	0.35950	0.02237	0.01549	0.01391	0.01308	0.01683	0.00014	0.00014
3	0.00020	0.00015	0.00019	0.01764	0.00023	0.00014	0.00014	0.00024	0.00030	0.01730	0.06986	0.51583	0.17759	0.12242	0.02320	7.2e-05	0.01723	0.02013	0.01702	0.00013
4	0.00028	0.00027	0.00045	0.99437	0.00103	0.00033	0.00042	0.00038	0.00030	0.00038	0.00027	0.00040	0.00020	0.00015	0.00015	5e-05	0.00020	0.00013	6.7e-05	0.00017
5	0.02974	0.02162	0.07287	0.03017	0.05399	0.01477	0.19513	0.03182	0.01308	0.09462	0.01288	0.03021	0.00996	0.00994	0.01111	4.3e-05	0.01588	0.01037	9.7e-05	0.34168

[dist]
# distance from previous block
# <min> <max>
0	356

# created by:
# /home/cegg/simao/soft/augustus-3.2.1/scripts/msa2prfl.pl ./align_prep/POG091H00HZ.fa
