[name]
unknown

[dist]
# distance from previous block
# <min> <max>
0	112

[block]
# block no. 0 follows, 2595 sequences, length 33
# corresponding to MSA columns:
# 117-147,149,150
name=unknown_A
#
# <colnr> <probs for GDERKNQSTAVLIFYWHMCP>
#	G	D	E	R	K	N	Q	S	T	A	V	L	I	F	Y	W	H	M	C	P
0	0.02178	0.02159	0.02360	0.00416	0.00720	0.01371	0.02648	0.08702	0.08529	0.09224	0.00750	0.03055	0.00830	0.11203	0.30059	0.00010	0.01441	0.03960	0.00189	0.10197
1	0.11618	0.03633	0.08215	0.00829	0.00426	0.00582	0.00557	0.36363	0.04908	0.05676	0.01210	0.00467	0.02461	0.00015	0.00012	3.6e-05	0.00268	0.00239	0.00421	0.22096
2	0.14205	0.03180	0.12531	0.02837	0.09861	0.02835	0.04778	0.06330	0.03950	0.04899	0.01824	0.02501	0.02040	0.00400	0.00012	3.6e-05	0.01554	0.00294	8.6e-05	0.25957
3	0.00232	0.03193	0.13162	0.02315	0.01401	0.00205	0.01862	0.05213	0.00537	0.14959	0.02715	0.24609	0.00838	0.00262	0.00955	0.00271	0.00620	0.00619	0.00010	0.26020
4	0.00017	0.00013	0.00015	0.00016	0.00019	0.00012	0.00011	0.00020	0.00566	0.00487	0.09114	0.38336	0.45090	0.05181	0.00019	5.3e-05	7.5e-05	0.01049	0.00012	0.00011
5	0.02177	0.10996	0.38572	0.02278	0.02100	0.01953	0.12396	0.08418	0.04868	0.13736	0.00619	0.00680	0.00525	0.00014	0.00013	4.1e-05	0.00395	0.00012	8.6e-05	0.00238
6	0.00391	0.09340	0.07122	0.19412	0.25870	0.07306	0.14142	0.02306	0.01737	0.07880	0.00555	0.00430	0.00880	0.00343	0.00014	4.1e-05	0.01471	0.00361	0.00418	0.00018
7	0.00491	0.00013	0.00018	0.00019	0.00021	0.00012	0.00013	0.00025	0.00482	0.13088	0.01459	0.82868	0.00081	0.00664	0.00017	5.3e-05	8.3e-05	0.00688	0.00013	0.00012
8	0.00018	0.00014	0.00017	0.00016	0.00020	0.00013	0.00795	0.00458	0.02149	0.01261	0.24097	0.02088	0.60635	0.00032	0.00356	4.6e-05	0.00517	0.07484	0.00013	0.00012
9	0.04119	0.29032	0.30000	0.01940	0.05121	0.05279	0.14246	0.02751	0.00964	0.03915	0.00266	0.00342	0.00233	0.00013	0.00876	4e-05	0.00553	0.00010	0.00317	0.00018
10	0.00877	0.00281	0.31750	0.00911	0.00285	0.00761	0.06201	0.14794	0.00714	0.26576	0.00041	0.12759	0.00649	0.00412	0.00014	4.4e-05	0.00788	0.01727	0.00435	0.00019
11	0.00018	0.00012	0.00016	0.00018	0.00019	0.00012	0.00012	0.00020	0.00024	0.00537	0.01442	0.55742	0.03135	0.27816	0.05836	8.4e-05	0.00011	0.05302	0.00011	0.00010
12	0.10288	0.00028	0.02692	0.23185	0.03713	0.00385	0.01872	0.22189	0.03193	0.22038	0.00037	0.00335	0.00028	0.00017	0.00013	4.4e-05	0.00399	0.08263	0.01303	0.00019
13	0.01083	0.00252	0.00425	0.29036	0.34916	0.01309	0.04001	0.01903	0.00950	0.02880	0.04689	0.01488	0.03811	0.00016	0.00438	4.2e-05	0.01225	0.00322	0.11236	0.00017
14	0.00017	0.00012	0.00016	0.00019	0.00020	0.00011	0.01258	0.00019	0.00026	0.00035	0.02013	0.91514	0.02509	0.01195	0.00018	5.5e-05	8e-05	0.01282	0.00012	0.00011
15	0.00028	0.00024	0.00028	0.00020	0.00032	0.00018	0.00016	0.01781	0.00028	0.00044	0.00024	0.00028	0.00020	0.0001	9.9e-05	2e-05	0.0001	8e-05	8e-05	0.97861
16	0.94060	0.00026	0.00021	0.00018	0.00027	0.00736	0.00015	0.03513	0.00768	0.00692	0.00020	0.00022	0.00015	0.00013	8.5e-05	4.1e-05	0.00011	7.5e-05	8.5e-05	0.00015
17	0.00017	0.00013	0.00016	0.00016	0.00019	0.00012	0.00011	0.00021	0.00032	0.00042	0.35286	0.16026	0.44841	0.02039	0.00792	4.9e-05	7.1e-05	0.00780	0.00013	0.00012
18	0.99625	0.00026	0.00020	0.00018	0.00026	0.00030	0.00014	0.00039	0.00023	0.00060	0.00019	0.00022	0.00014	0.00012	8.3e-05	4.1e-05	0.00010	7.2e-05	8.3e-05	0.00014
19	0.00613	0.00026	0.02177	0.10367	0.06311	0.01599	0.05671	0.02638	0.00632	0.04374	0.02696	0.00613	0.02492	0.00797	0.00997	3.2e-05	0.00490	0.00541	8.4e-05	0.56955
20	0.00031	0.00030	0.00050	0.26117	0.73428	0.00031	0.00040	0.00039	0.00029	0.00041	0.00025	0.00034	0.00020	0.00012	0.00013	4.1e-05	0.00016	0.00012	6.4e-05	0.00019
21	0.03569	0.00034	0.00035	0.00029	0.00038	0.00572	0.00023	0.56662	0.37644	0.00651	0.00040	0.00578	0.00030	0.00017	0.00013	4.2e-05	0.00013	0.00013	0.00013	0.00022
22	0.01228	0.00023	0.00031	0.00024	0.00034	0.00020	0.00020	0.01221	0.00038	0.97133	0.00052	0.00045	0.00033	0.00016	0.00013	4.1e-05	0.00011	0.00013	0.00016	0.00023
23	0.00636	0.00028	0.00991	0.20884	0.00060	0.00028	0.45783	0.01154	0.08209	0.03942	0.02044	0.12979	0.00389	0.00018	0.00015	0.00536	0.00366	0.01914	8.6e-05	0.00017
24	0.00025	0.00024	0.00040	0.97301	0.02288	0.00030	0.00037	0.00034	0.00027	0.00034	0.00024	0.00036	0.00018	0.00013	0.00013	4.4e-05	0.00018	0.00012	5.9e-05	0.00015
25	0.00025	0.00015	0.00019	0.00020	0.00024	0.00014	0.00016	0.00029	0.00780	0.15709	0.00915	0.39761	0.14646	0.00819	0.00825	5.4e-05	9.6e-05	0.26343	0.00013	0.00013
26	0.00052	0.00021	0.00029	0.00023	0.00032	0.00019	0.00019	0.01234	0.03031	0.77603	0.16324	0.00056	0.00824	0.00019	0.00014	4.2e-05	0.00011	0.00652	0.00016	0.00021
27	0.00018	0.00013	0.00016	0.00017	0.00018	0.00013	0.00011	0.00020	0.00023	0.00030	0.00704	0.40463	0.01329	0.43057	0.13454	0.00011	0.00014	0.00771	9.8e-05	9.8e-05
28	0.00028	0.00880	0.00037	0.00554	0.00592	0.00926	0.05572	0.01058	0.02513	0.02576	0.00328	0.00307	0.00024	0.05875	0.17611	0.01774	0.59080	0.00245	6.9e-05	0.00014
29	0.00019	0.00014	0.00017	0.00019	0.00021	0.00013	0.00013	0.00622	0.07671	0.00658	0.11548	0.65556	0.09558	0.00037	0.00016	5.1e-05	7.9e-05	0.03781	0.00413	0.00012
30	0.00017	0.00012	0.00016	0.00018	0.00020	0.00011	0.00013	0.00020	0.00027	0.00036	0.04826	0.69484	0.18273	0.00674	0.00017	5.3e-05	7.8e-05	0.06499	0.00012	0.00011
31	0.04716	0.09548	0.12710	0.12128	0.19551	0.09113	0.16444	0.05747	0.01375	0.03084	0.00027	0.01966	0.00022	0.00302	0.00013	4.1e-05	0.00940	0.02283	7.5e-05	0.00018
32	0.01669	0.00975	0.02337	0.20535	0.17441	0.01249	0.11810	0.02305	0.01484	0.06975	0.02150	0.02901	0.00384	0.00020	0.00473	4.8e-05	0.05492	0.21010	0.00201	0.00584

[dist]
# distance from previous block
# <min> <max>
1	2

[block]
# block no. 1 follows, 2595 sequences, length 29
# corresponding to MSA columns:
# 153-179,188,189
name=unknown_B
#
# <colnr> <probs for GDERKNQSTAVLIFYWHMCP>
#	G	D	E	R	K	N	Q	S	T	A	V	L	I	F	Y	W	H	M	C	P
0	0.01964	0.10468	0.24074	0.23822	0.07010	0.01964	0.02994	0.02188	0.04128	0.05023	0.01507	0.01905	0.00501	0.00289	0.00321	4e-05	0.00626	0.00856	7.5e-05	0.10349
1	0.04188	0.14152	0.25032	0.01418	0.03230	0.02291	0.08878	0.12989	0.06171	0.11328	0.01500	0.02668	0.00623	0.00574	0.00493	4.1e-05	0.00302	0.00229	9.1e-05	0.03923
2	0.22823	0.23277	0.10529	0.02640	0.01732	0.00560	0.08638	0.01481	0.02610	0.06075	0.03238	0.13217	0.00777	0.00424	0.00799	0.00309	0.00540	0.00307	8.6e-05	0.00016
3	0.12791	0.00018	0.00021	0.00020	0.00025	0.00017	0.00015	0.00899	0.04491	0.22424	0.30876	0.14011	0.06101	0.00661	0.00015	4.6e-05	8.9e-05	0.07572	0.00014	0.00015
4	0.03220	0.08312	0.15520	0.06934	0.04586	0.05753	0.07247	0.04653	0.06508	0.07810	0.05269	0.11379	0.03159	0.01745	0.00347	4.6e-05	0.01539	0.05586	9.6e-05	0.00419
5	0.03869	0.05885	0.07241	0.27155	0.03900	0.04906	0.08504	0.03996	0.01371	0.08847	0.00916	0.01019	0.00385	0.00644	0.00759	4e-05	0.02083	0.00845	8.1e-05	0.17664
6	0.00017	0.00012	0.00015	0.00018	0.00018	0.00011	0.00012	0.00019	0.00024	0.00033	0.00791	0.76048	0.01092	0.21029	0.00028	7e-05	8.9e-05	0.00795	0.00011	0.00010
7	0.08811	0.00025	0.00340	0.00864	0.00608	0.00024	0.02093	0.14107	0.04472	0.59257	0.02841	0.02726	0.03282	0.00018	0.00013	4.2e-05	0.00012	0.00467	0.00015	0.00021
8	0.02915	0.15229	0.11289	0.08120	0.14195	0.08079	0.13917	0.06207	0.01892	0.09239	0.00393	0.01369	0.00567	0.00273	0.00600	4.2e-05	0.05427	0.00012	0.00255	0.00018
9	0.00611	0.00026	0.00715	0.00025	0.00034	0.03490	0.00464	0.13868	0.04331	0.67438	0.04248	0.02750	0.00872	0.00018	0.00014	4.2e-05	0.00012	0.00619	0.00439	0.00021
10	0.00017	0.00013	0.00016	0.00018	0.00020	0.00012	0.00013	0.00020	0.00631	0.00036	0.01607	0.64602	0.18176	0.00823	0.00017	5.4e-05	8.2e-05	0.13941	0.00012	0.00011
11	0.06794	0.03149	0.03927	0.03738	0.01662	0.04638	0.10557	0.06793	0.11246	0.10364	0.12751	0.11806	0.07893	0.00022	0.00371	4.5e-05	0.02941	0.01314	0.00011	0.00017
12	0.02131	0.10643	0.22737	0.09832	0.06795	0.06255	0.07225	0.07032	0.05569	0.11102	0.02475	0.01307	0.00875	0.01246	0.00299	4.3e-05	0.03937	0.00288	0.00230	0.00018
13	0.00421	0.00019	0.00025	0.00021	0.00028	0.00017	0.00017	0.01082	0.01454	0.55195	0.27380	0.08645	0.01850	0.00454	0.00015	4.4e-05	9.6e-05	0.02853	0.00493	0.00018
14	0.01001	0.00025	0.00794	0.19702	0.30264	0.01054	0.01783	0.01678	0.02979	0.11018	0.06454	0.06339	0.01994	0.00021	0.01956	4.8e-05	0.01264	0.11063	0.00590	0.00017
15	0.03043	0.15960	0.23547	0.14428	0.03758	0.04524	0.06109	0.09516	0.06036	0.07367	0.00607	0.00449	0.00386	0.00014	0.00014	4.1e-05	0.03926	0.00011	0.00284	0.00018
16	0.09103	0.10439	0.14788	0.06976	0.19275	0.09375	0.02493	0.05284	0.09066	0.03622	0.01083	0.00868	0.00023	0.00281	0.01133	4.3e-05	0.05907	0.00011	0.00252	0.00018
17	0.00020	0.00014	0.00017	0.00017	0.00021	0.00013	0.00013	0.00555	0.02305	0.05172	0.40739	0.19749	0.30054	0.00031	0.00016	4.6e-05	7.2e-05	0.01227	0.00014	0.00013
18	0.14642	0.00329	0.00514	0.27303	0.15247	0.00829	0.06847	0.03470	0.09340	0.01690	0.05676	0.00437	0.01038	0.00266	0.00016	4.4e-05	0.10612	0.00310	0.01197	0.00230
19	0.00025	0.00967	0.09196	0.04722	0.00611	0.01336	0.01507	0.01686	0.03863	0.01027	0.02347	0.01312	0.03875	0.19616	0.25008	0.00011	0.20662	0.00693	0.00375	0.01161
20	0.00025	0.00012	0.00012	0.00012	0.00016	0.00012	9.3e-05	0.00031	0.00028	0.00050	0.00044	0.00050	0.00034	0.00016	9.3e-05	3.1e-05	6.2e-05	0.00012	0.99605	0.00012
21	0.01152	0.02701	0.11074	0.08771	0.10615	0.01602	0.05942	0.30975	0.03591	0.10076	0.03097	0.03119	0.00940	0.00267	0.00014	4.1e-05	0.01970	0.00013	0.00309	0.03766
22	0.00489	0.03737	0.05179	0.09422	0.03928	0.04850	0.05257	0.05003	0.07792	0.00685	0.26091	0.03798	0.19516	0.00023	0.00463	0.00219	0.01408	0.00326	0.01799	0.00015
23	0.00025	0.00012	0.00012	0.00012	0.00016	0.00012	9.3e-05	0.00031	0.00028	0.00050	0.00044	0.00050	0.00034	0.00016	9.3e-05	3.1e-05	6.2e-05	0.00012	0.99605	0.00012
24	0.45567	0.00028	0.00028	0.16072	0.00039	0.07723	0.02162	0.00962	0.00677	0.00676	0.00023	0.00031	0.00019	0.05405	0.02452	0.00319	0.13909	0.00010	0.03883	0.00014
25	0.01069	0.01142	0.00036	0.01241	0.00039	0.61681	0.00288	0.04966	0.22450	0.00962	0.00369	0.00322	0.00895	0.00439	0.00014	3.9e-05	0.03417	0.00307	0.00343	0.00017
26	0.00018	0.00013	0.00016	0.00016	0.00018	0.00012	0.00011	0.00021	0.00028	0.00519	0.20806	0.25141	0.28957	0.20350	0.02273	0.00689	8.9e-05	0.00513	0.00012	0.00578
27	0.03478	0.14802	0.00587	0.00026	0.00035	0.00036	0.00022	0.25110	0.44486	0.06690	0.00041	0.00040	0.00031	0.00016	0.00012	4e-05	0.00012	0.00013	0.04538	0.00020
28	0.00351	0.32759	0.36971	0.01405	0.00045	0.00437	0.02962	0.03756	0.16290	0.02471	0.01214	0.00508	0.00023	0.00014	0.00012	3.8e-05	0.00307	0.00444	7.7e-05	0.00019

[dist]
# distance from previous block
# <min> <max>
1	6

[block]
# block no. 2 follows, 2595 sequences, length 12
# corresponding to MSA columns:
# 197-204,206,211,212,214
name=unknown_C
#
# <colnr> <probs for GDERKNQSTAVLIFYWHMCP>
#	G	D	E	R	K	N	Q	S	T	A	V	L	I	F	Y	W	H	M	C	P
0	0.00820	0.42006	0.32780	0.01266	0.01661	0.02227	0.02897	0.03360	0.02518	0.02255	0.01255	0.00692	0.00712	0.00013	0.00011	3.5e-05	0.00698	9.6e-05	6.8e-05	0.04809
1	0.00024	0.00020	0.02062	0.02918	0.01149	0.00521	0.03277	0.00646	0.04513	0.03499	0.21305	0.15016	0.12695	0.00700	0.00913	4e-05	0.00985	0.00607	0.00742	0.28404
2	0.00025	0.00012	0.00012	0.00012	0.00016	0.00012	9.3e-05	0.00031	0.00028	0.00050	0.00044	0.00050	0.00034	0.00016	9.3e-05	3.1e-05	6.2e-05	0.00012	0.99605	0.00012
3	0.03080	0.08538	0.11987	0.12430	0.00819	0.05999	0.06619	0.10274	0.06148	0.09630	0.02010	0.01015	0.00710	0.00832	0.03958	4.6e-05	0.02189	0.00856	0.00529	0.12372
4	0.00017	0.00015	0.00017	0.01470	0.00021	0.00013	0.02393	0.00023	0.03695	0.00038	0.07936	0.04881	0.72507	0.01350	0.04294	5.4e-05	8.8e-05	0.01291	0.00012	0.00012
5	0.00025	0.00012	0.00012	0.00012	0.00016	0.00012	9.3e-05	0.00031	0.00028	0.00050	0.00044	0.00050	0.00034	0.00016	9.3e-05	3.1e-05	6.2e-05	0.00012	0.99605	0.00012
6	0.01271	0.02179	0.05125	0.11053	0.02541	0.02769	0.06176	0.23373	0.09685	0.26324	0.01955	0.04196	0.00942	0.00017	0.00014	4.2e-05	0.00586	0.00962	0.00808	0.00020
7	0.01086	0.51291	0.00904	0.00028	0.00925	0.22873	0.00737	0.13588	0.00928	0.05040	0.00024	0.00026	0.00019	0.00013	0.00011	3.3e-05	0.01026	0.00733	0.00725	0.00018
8	0.01375	0.03729	0.09500	0.00712	0.08822	0.02374	0.02432	0.07437	0.05297	0.07788	0.02063	0.01792	0.00880	0.00504	0.00593	3.4e-05	0.02407	0.00694	0.00480	0.41118
9	0.04140	0.01847	0.05989	0.34855	0.12943	0.05549	0.04998	0.09071	0.05735	0.06088	0.00947	0.01495	0.00563	0.00656	0.01095	4.5e-05	0.02677	0.01322	8.3e-05	0.00017
10	0.00026	0.00024	0.00040	0.93689	0.02875	0.00030	0.00037	0.00035	0.03048	0.00035	0.00025	0.00036	0.00019	0.00013	0.00013	4.4e-05	0.00018	0.00012	6.2e-05	0.00015
11	0.01762	0.66926	0.03264	0.02447	0.00920	0.04091	0.07597	0.01789	0.01173	0.06420	0.00635	0.00748	0.00907	0.00013	0.00010	3.3e-05	0.00675	0.00594	7e-05	0.00017

[dist]
# distance from previous block
# <min> <max>
1	3

[block]
# block no. 3 follows, 2595 sequences, length 18
# corresponding to MSA columns:
# 218-235
name=unknown_D
#
# <colnr> <probs for GDERKNQSTAVLIFYWHMCP>
#	G	D	E	R	K	N	Q	S	T	A	V	L	I	F	Y	W	H	M	C	P
0	0.00431	0.00021	0.02504	0.02663	0.02556	0.00021	0.11737	0.00992	0.19083	0.01508	0.18982	0.24498	0.10415	0.00498	0.00363	0.00401	0.00490	0.02451	0.00371	0.00015
1	0.00016	0.00013	0.00015	0.00016	0.00019	0.00011	0.00011	0.00020	0.00030	0.00038	0.13118	0.33812	0.51087	0.00036	0.00016	4.8e-05	7.1e-05	0.01706	0.00013	0.00011
2	0.00024	0.00013	0.00014	0.00014	0.00017	0.00013	0.00011	0.00734	0.00029	0.01369	0.03146	0.08201	0.02821	0.01467	0.00012	3.7e-05	6.9e-05	0.05762	0.76331	0.00012
3	0.00019	0.00014	0.00017	0.00017	0.00020	0.00013	0.00012	0.00025	0.00037	0.01595	0.84096	0.01518	0.12511	0.00028	0.00016	4.3e-05	6.5e-05	0.00025	0.00014	0.00013
4	0.00019	0.00014	0.00018	0.00017	0.00020	0.00013	0.00013	0.00025	0.01174	0.00052	0.92410	0.02408	0.02559	0.00028	0.00016	4.3e-05	6.5e-05	0.01176	0.00015	0.00013
5	0.00832	0.00063	0.83597	0.00708	0.00057	0.00031	0.06144	0.02857	0.00713	0.03517	0.00672	0.00030	0.00019	0.00013	0.00013	4.2e-05	0.00694	0.00011	6.4e-05	0.00020
6	0.03746	0.25180	0.19331	0.00549	0.00518	0.08608	0.07462	0.15758	0.12433	0.00873	0.00029	0.00034	0.00023	0.00015	0.00483	0.00476	0.01267	0.03189	8.5e-05	0.00019
7	0.00029	0.02953	0.00028	0.00020	0.00030	0.00020	0.00016	0.08390	0.04394	0.04053	0.15727	0.00673	0.05759	0.00608	0.00544	3.1e-05	9.9e-05	0.00545	0.00010	0.56186
8	0.03334	0.00399	0.01624	0.19123	0.23595	0.00513	0.03489	0.09271	0.02173	0.29001	0.02025	0.00936	0.00419	0.00016	0.00497	4.3e-05	0.00014	0.02287	0.00011	0.01271
9	0.00898	0.92649	0.02406	0.00024	0.00035	0.00970	0.00834	0.01018	0.00028	0.01012	0.00019	0.00022	0.00017	0.00012	8.8e-05	2.9e-05	0.00014	7.4e-05	5.9e-05	0.00017
10	0.00019	0.00015	0.00744	0.03208	0.00025	0.00014	0.06247	0.00025	0.00033	0.00761	0.48941	0.22404	0.14365	0.00682	0.00016	0.00535	8.4e-05	0.01393	0.00550	0.00012
11	0.01072	0.00018	0.00861	0.00375	0.00027	0.02266	0.03658	0.03157	0.00969	0.11164	0.09257	0.12521	0.09786	0.02383	0.03062	0.15958	0.01435	0.20584	0.00330	0.01117
12	0.01105	0.00023	0.00030	0.00711	0.00034	0.00637	0.00020	0.04507	0.01320	0.80838	0.02597	0.00052	0.01000	0.00018	0.00014	4.2e-05	0.00011	0.05687	0.00016	0.01376
13	0.00018	0.00014	0.00017	0.00018	0.00021	0.00013	0.00014	0.00022	0.00030	0.00038	0.09840	0.18798	0.40451	0.03304	0.02981	5.8e-05	9.3e-05	0.24386	0.00012	0.00011
14	0.00028	0.03731	0.92753	0.00038	0.00057	0.00032	0.01454	0.01683	0.00029	0.00043	0.00024	0.00028	0.00017	0.00013	0.00013	4.2e-05	0.00019	9.9e-05	5.8e-05	0.00020
15	0.00747	0.00641	0.01969	0.33779	0.16610	0.12396	0.22088	0.02538	0.00488	0.05239	0.00027	0.00520	0.00021	0.00013	0.00014	4.3e-05	0.01819	0.01060	7.2e-05	0.00017
16	0.03151	0.00026	0.00029	0.00025	0.00033	0.00028	0.00020	0.13526	0.46817	0.16753	0.02317	0.00789	0.05550	0.00021	0.00641	4.6e-05	0.00011	0.10224	0.00014	0.00020
17	0.33299	0.00421	0.00487	0.17139	0.08386	0.03005	0.09237	0.02885	0.06100	0.05854	0.01115	0.02855	0.00482	0.00015	0.00014	0.00361	0.07105	0.01215	8.5e-05	0.00016

[dist]
# distance from previous block
# <min> <max>
1	3

[block]
# block no. 4 follows, 2595 sequences, length 32
# corresponding to MSA columns:
# 239-253,255-257,259,261-263,266-270,275-279
name=unknown_E
#
# <colnr> <probs for GDERKNQSTAVLIFYWHMCP>
#	G	D	E	R	K	N	Q	S	T	A	V	L	I	F	Y	W	H	M	C	P
0	0.00531	0.03670	0.01109	0.29376	0.15672	0.14960	0.05675	0.08026	0.02600	0.02246	0.00249	0.00659	0.00021	0.01236	0.00312	4.4e-05	0.10169	0.00364	0.00251	0.02868
1	0.92856	0.00026	0.00020	0.00018	0.00026	0.00029	0.00015	0.00812	0.00796	0.04222	0.01072	0.00024	0.00017	0.00013	8.6e-05	4.1e-05	0.00010	7.8e-05	8.8e-05	0.00015
2	0.00322	0.00206	0.00030	0.35187	0.04633	0.00337	0.03548	0.00462	0.01457	0.01517	0.08990	0.37108	0.00860	0.00808	0.01735	5.1e-05	0.00906	0.01357	0.00326	0.00207
3	0.00019	0.00014	0.00021	0.00021	0.00024	0.00017	0.00016	0.00024	0.00021	0.00031	0.00036	0.00053	0.00034	0.02828	0.96750	0.00021	0.00035	0.00014	7.2e-05	0.00012
4	0.00026	0.00024	0.00033	0.00029	0.00029	0.00031	0.01467	0.00028	0.00021	0.00522	0.00027	0.01490	0.00493	0.26182	0.05369	8.5e-05	0.64187	0.00014	6.7e-05	0.00013
5	0.00019	0.00014	0.00018	0.00017	0.00020	0.00013	0.00012	0.00025	0.00037	0.00053	0.94508	0.00100	0.03981	0.00027	0.00016	4.2e-05	6.3e-05	0.00024	0.01093	0.00013
6	0.00016	0.00012	0.00015	0.00018	0.00019	0.00011	0.00012	0.00019	0.00026	0.00034	0.00075	0.97539	0.02071	0.00042	0.00017	5.4e-05	7.7e-05	0.00038	0.00012	0.00011
7	0.43951	0.00442	0.00709	0.00830	0.02016	0.03258	0.02534	0.00822	0.00311	0.00047	0.00032	0.01709	0.00031	0.00340	0.00019	5e-05	0.19982	0.22941	8.7e-05	0.00014
8	0.97520	0.00026	0.00020	0.00018	0.00026	0.00030	0.00015	0.00040	0.00023	0.02162	0.00019	0.00022	0.00015	0.00012	8.4e-05	4.1e-05	0.00010	7.4e-05	8.4e-05	0.00015
9	0.00033	0.00024	0.00397	0.19611	0.04874	0.01183	0.01315	0.02515	0.10922	0.19572	0.14364	0.06200	0.02097	0.00021	0.00347	4.6e-05	0.16167	0.00016	0.00321	0.00017
10	0.00016	0.00012	0.00015	0.00017	0.00019	0.00011	0.00012	0.00019	0.00028	0.00036	0.05303	0.57148	0.35906	0.00676	0.00017	5.1e-05	7.4e-05	0.00729	0.00012	0.00011
11	0.00050	0.05282	0.00041	0.00030	0.00041	0.04612	0.00025	0.84930	0.01280	0.03529	0.00032	0.00032	0.00023	0.00016	0.00013	3.9e-05	0.00015	0.00012	0.00013	0.00022
12	0.00031	0.00023	0.00028	0.00020	0.00032	0.00018	0.00016	0.00037	0.00029	0.09767	0.00028	0.00031	0.01179	0.00011	0.00010	2.2e-05	0.0001	8.7e-05	8.8e-05	0.88712
13	0.00019	0.00014	0.00017	0.00020	0.00022	0.00449	0.00015	0.01351	0.00705	0.00468	0.03991	0.54109	0.13180	0.00038	0.00017	5.4e-05	8.9e-05	0.25548	0.00012	0.00012
14	0.00772	0.56435	0.19257	0.00301	0.01270	0.04319	0.02751	0.04532	0.00478	0.06576	0.00025	0.02412	0.00021	0.00013	0.00011	3.4e-05	0.00465	0.00334	7.1e-05	0.00018
15	0.90456	0.00877	0.00324	0.00731	0.00536	0.02794	0.00582	0.00787	0.00024	0.01324	0.00019	0.00023	0.00015	0.00013	8.7e-05	4.1e-05	0.00389	7.5e-05	0.00313	0.00772
16	0.00018	0.00016	0.01871	0.02487	0.03804	0.00014	0.00014	0.00024	0.03292	0.00042	0.27256	0.03592	0.54831	0.00030	0.00016	4.5e-05	0.00400	0.02263	0.00013	0.00013
17	0.85953	0.01129	0.00317	0.02892	0.00030	0.00730	0.02317	0.01741	0.02619	0.01187	0.00021	0.00024	0.00016	0.00013	0.00551	0.00418	0.00011	8e-05	8.4e-05	0.00015
18	0.00028	0.00023	0.00027	0.00020	0.00031	0.00018	0.00016	0.00034	0.00028	0.03487	0.00915	0.00975	0.02460	0.00011	0.00010	2.2e-05	9.8e-05	9e-05	8.4e-05	0.91887
19	0.03296	0.22788	0.33948	0.06483	0.06513	0.05716	0.06586	0.05745	0.00474	0.03394	0.00025	0.00441	0.00304	0.00013	0.00012	3.9e-05	0.01140	0.01012	0.00232	0.01874
20	0.01066	0.50607	0.22736	0.00405	0.00891	0.02105	0.11004	0.00497	0.01868	0.04068	0.00420	0.00028	0.00019	0.00013	0.00011	3.5e-05	0.01646	0.00733	6.6e-05	0.01874
21	0.00016	0.00013	0.01868	0.00017	0.00020	0.00011	0.00012	0.00019	0.00028	0.00035	0.01230	0.60067	0.36539	0.00038	0.00016	5e-05	7.6e-05	0.00034	0.00012	0.00011
22	0.23866	0.02132	0.01861	0.17975	0.07126	0.26470	0.03079	0.02776	0.05008	0.02076	0.00024	0.00237	0.00019	0.00630	0.00525	4.2e-05	0.05502	0.00010	0.00314	0.00367
23	0.00017	0.00013	0.00015	0.00016	0.00019	0.00012	0.00011	0.00020	0.00677	0.00516	0.05460	0.30760	0.53984	0.06616	0.00020	0.00422	7.6e-05	0.01393	0.00012	0.00011
24	0.00869	0.28472	0.08792	0.10908	0.14154	0.02040	0.03246	0.02747	0.02686	0.09546	0.00965	0.00563	0.00242	0.00202	0.00249	3.6e-05	0.01382	0.00475	7.8e-05	0.12451
25	0.03606	0.02239	0.21786	0.13631	0.06140	0.00650	0.07790	0.21441	0.02186	0.07707	0.02576	0.04112	0.00804	0.00016	0.01007	4.4e-05	0.01500	0.00198	0.00258	0.02351
26	0.00016	0.00012	0.00016	0.00018	0.00019	0.00011	0.00012	0.00019	0.00026	0.00034	0.02128	0.94474	0.01657	0.00818	0.00017	5.4e-05	7.8e-05	0.00686	0.00012	0.00011
27	0.00765	0.01919	0.08119	0.02264	0.01885	0.00016	0.01626	0.01140	0.00430	0.02215	0.20198	0.26758	0.22713	0.01820	0.00310	4.9e-05	0.00227	0.07162	0.00413	0.00013
28	0.02789	0.07354	0.18516	0.07823	0.11347	0.04038	0.14974	0.04880	0.09414	0.13231	0.01392	0.01109	0.00327	0.00344	0.00567	0.00315	0.01125	0.00203	8.9e-05	0.00244
29	0.00026	0.00024	0.00041	0.89358	0.04511	0.00029	0.01609	0.00034	0.00389	0.00035	0.00354	0.01232	0.00415	0.00014	0.00014	0.00564	0.00962	0.00368	6.2e-05	0.00015
30	0.00024	0.00014	0.00018	0.00018	0.00022	0.00013	0.00013	0.00445	0.00418	0.15370	0.21607	0.45886	0.12483	0.01312	0.00017	4.9e-05	8e-05	0.01569	0.00745	0.00013
31	0.10200	0.02720	0.10265	0.05036	0.10419	0.02893	0.15371	0.10091	0.04084	0.16093	0.01319	0.01394	0.00933	0.00274	0.00449	4.4e-05	0.04347	0.02596	0.01125	0.00387

[dist]
# distance from previous block
# <min> <max>
1	55

[block]
# block no. 5 follows, 2595 sequences, length 27
# corresponding to MSA columns:
# 355-372,377-384,391
name=unknown_F
#
# <colnr> <probs for GDERKNQSTAVLIFYWHMCP>
#	G	D	E	R	K	N	Q	S	T	A	V	L	I	F	Y	W	H	M	C	P
0	0.00019	0.00014	0.00350	0.00016	0.00303	0.00013	0.00012	0.00417	0.00962	0.01341	0.58968	0.01966	0.27841	0.05001	0.00402	0.00352	0.00274	0.00424	0.00495	0.00829
1	0.01505	0.04501	0.08907	0.10299	0.25554	0.04590	0.09638	0.10629	0.13228	0.04527	0.00636	0.00280	0.00328	0.00015	0.00453	4.3e-05	0.03543	0.00770	0.00574	0.00019
2	0.00027	0.00069	0.99462	0.00038	0.00058	0.00031	0.00049	0.00042	0.00028	0.00042	0.00024	0.00028	0.00017	0.00013	0.00013	4.2e-05	0.00020	9.9e-05	5.6e-05	0.00020
3	0.00018	0.00013	0.00017	0.00017	0.00020	0.00012	0.00012	0.00024	0.00035	0.00997	0.64832	0.14465	0.17772	0.00754	0.00016	4.5e-05	6.7e-05	0.00959	0.00014	0.00012
4	0.00016	0.00014	0.00014	0.00014	0.00018	0.00011	0.00011	0.00020	0.00031	0.00037	0.06277	0.01367	0.90081	0.00034	0.00016	4.5e-05	6.9e-05	0.02004	0.00013	0.00011
5	0.00017	0.00012	0.00015	0.00017	0.00019	0.00011	0.00012	0.00019	0.00027	0.00035	0.06510	0.65399	0.18685	0.06532	0.00020	5.7e-05	7.9e-05	0.02631	0.00012	0.00011
6	0.02138	0.00023	0.00030	0.00023	0.00034	0.00020	0.00019	0.00064	0.00038	0.96075	0.00052	0.00045	0.00033	0.00016	0.00013	4.1e-05	0.00011	0.00013	0.01326	0.00022
7	0.00028	0.00023	0.00025	0.00024	0.00030	0.00026	0.00018	0.00593	0.63328	0.00674	0.03328	0.25094	0.02831	0.00026	0.00015	4.8e-05	9.7e-05	0.03894	0.00013	0.00018
8	0.06410	0.12940	0.00041	0.00655	0.00039	0.61551	0.00024	0.15300	0.00039	0.00994	0.00022	0.00025	0.00018	0.00014	0.00012	3.5e-05	0.00020	8.9e-05	7.9e-05	0.01876
9	0.00409	0.01327	0.00029	0.00022	0.00032	0.00781	0.00017	0.10264	0.04329	0.29295	0.00789	0.00483	0.00029	0.10302	0.00836	4.3e-05	0.00011	0.00012	0.00011	0.41019
10	0.00622	0.03720	0.00034	0.01758	0.00037	0.20473	0.00023	0.04609	0.67901	0.00051	0.00044	0.00042	0.00034	0.00017	0.00013	4.2e-05	0.00573	0.00013	0.00012	0.00020
11	0.00355	0.00837	0.00022	0.00021	0.00380	0.02826	0.00306	0.02263	0.08838	0.09433	0.37052	0.11113	0.10783	0.00027	0.00015	4.5e-05	0.00472	0.11867	0.00013	0.03372
12	0.00028	0.11010	0.84420	0.00037	0.00872	0.00866	0.00740	0.00042	0.00939	0.00041	0.00877	0.00028	0.00018	0.00013	0.00012	4.1e-05	0.00019	9.8e-05	5.8e-05	0.00019
13	0.95960	0.00027	0.00021	0.00019	0.00027	0.00031	0.00015	0.02390	0.00025	0.01356	0.00021	0.00024	0.00016	0.00013	9e-05	4.3e-05	0.00011	7.8e-05	8.9e-05	0.00015
14	0.00418	0.18026	0.60408	0.00603	0.00666	0.00397	0.15323	0.01051	0.00484	0.01659	0.00438	0.00426	0.00019	0.00013	0.00012	4e-05	0.00019	0.00011	6.2e-05	0.00019
15	0.00762	0.00025	0.00030	0.00025	0.00034	0.00576	0.00020	0.02670	0.34486	0.56010	0.03104	0.01233	0.00039	0.00018	0.00014	4.3e-05	0.00011	0.00902	0.00015	0.00022
16	0.00033	0.00029	0.00030	0.00027	0.00035	0.00033	0.00021	0.00071	0.99424	0.00056	0.00054	0.00050	0.00041	0.00018	0.00014	4.5e-05	0.00011	0.00015	0.00014	0.00021
17	0.00913	0.00026	0.00031	0.00025	0.00034	0.07554	0.00020	0.04553	0.02916	0.77920	0.02245	0.00456	0.01037	0.00017	0.00013	4.1e-05	0.00012	0.01342	0.00861	0.00021
18	0.00831	0.00591	0.00032	0.00382	0.00032	0.05974	0.02849	0.03828	0.08038	0.01992	0.00296	0.02039	0.00533	0.11967	0.05234	0.00716	0.36223	0.18422	8.8e-05	0.00014
19	0.00020	0.00014	0.00021	0.00021	0.00023	0.00016	0.00016	0.00024	0.01191	0.00832	0.01943	0.00057	0.00478	0.09152	0.82803	0.01881	0.00444	0.00585	0.00468	0.00012
20	0.00016	0.00013	0.00015	0.00016	0.00019	0.00011	0.00011	0.00020	0.00784	0.00036	0.05120	0.35754	0.57306	0.00036	0.00016	4.8e-05	7.2e-05	0.00791	0.00013	0.00011
21	0.04584	0.00302	0.00032	0.00276	0.02186	0.00293	0.01821	0.22496	0.08330	0.41800	0.03820	0.00963	0.00840	0.01266	0.07666	5.7e-05	0.01248	0.02037	0.00014	0.00020
22	0.00663	0.15375	0.23652	0.32676	0.14491	0.00764	0.07899	0.01065	0.01452	0.00491	0.00025	0.00571	0.00410	0.00013	0.00013	4.1e-05	0.00401	0.00011	6.3e-05	0.00018
23	0.00700	0.00020	0.00945	0.07262	0.08182	0.00431	0.10021	0.01099	0.02149	0.06427	0.02721	0.39693	0.02263	0.00623	0.01752	5.4e-05	0.00940	0.14443	0.00310	0.00014
24	0.00444	0.00013	0.00017	0.00018	0.00020	0.00012	0.00012	0.00580	0.01181	0.07063	0.06731	0.56167	0.15113	0.03349	0.00017	5.2e-05	7.9e-05	0.01002	0.08234	0.00012
25	0.02894	0.02254	0.06817	0.10936	0.45878	0.01172	0.02840	0.06269	0.02217	0.12023	0.00725	0.01312	0.00852	0.00453	0.00258	4.2e-05	0.01689	0.00440	0.00369	0.00598
26	0.08552	0.08355	0.06932	0.03798	0.03323	0.05518	0.06021	0.05280	0.03500	0.07670	0.00939	0.00314	0.00905	0.00013	0.00013	3.4e-05	0.03939	0.00659	8.6e-05	0.34256

[dist]
# distance from previous block
# <min> <max>
2	9

[block]
# block no. 6 follows, 2595 sequences, length 30
# corresponding to MSA columns:
# 432,433,435-462
name=unknown_G
#
# <colnr> <probs for GDERKNQSTAVLIFYWHMCP>
#	G	D	E	R	K	N	Q	S	T	A	V	L	I	F	Y	W	H	M	C	P
0	0.00026	0.00020	0.00021	0.00020	0.00024	0.09578	0.00291	0.00306	0.05309	0.08151	0.50672	0.07837	0.10816	0.01502	0.00525	4.5e-05	9.3e-05	0.02470	0.00323	0.02095
1	0.00039	0.00031	0.00034	0.00029	0.00037	0.00036	0.00023	0.33643	0.54863	0.00063	0.00043	0.00043	0.00033	0.00732	0.00017	4.5e-05	0.09578	0.00717	0.00013	0.00021
2	0.01453	0.00024	0.00037	0.70650	0.00734	0.00486	0.00759	0.02359	0.05007	0.10391	0.04658	0.00491	0.00470	0.01170	0.00276	4.5e-05	0.00277	0.00730	8.2e-05	0.00016
3	0.00018	0.00014	0.00018	0.00018	0.00021	0.00014	0.00013	0.00021	0.00028	0.00036	0.08839	0.42090	0.38078	0.00035	0.00019	5e-05	0.09574	0.00030	0.00012	0.01118
4	0.02160	0.00023	0.00032	0.09588	0.00039	0.00021	0.00021	0.01907	0.00036	0.79212	0.00047	0.00043	0.00030	0.00016	0.00013	4e-05	0.00012	0.00013	0.00015	0.06768
5	0.00030	0.00026	0.00040	0.26478	0.00473	0.00306	0.10097	0.08599	0.00396	0.02291	0.00026	0.00704	0.00023	0.07691	0.03635	5.8e-05	0.28531	0.00488	0.00569	0.09592
6	0.92879	0.00026	0.00021	0.00019	0.00026	0.00031	0.00015	0.00039	0.00023	0.00058	0.00019	0.00022	0.00015	0.00013	0.00011	4.2e-05	0.06750	7.5e-05	8.1e-05	0.00014
7	0.00019	0.00015	0.00020	0.00019	0.00023	0.00013	0.06745	0.00024	0.00032	0.00044	0.37905	0.24846	0.18098	0.00030	0.00016	4.5e-05	8e-05	0.02539	0.09589	0.00012
8	0.01051	0.00025	0.00029	0.00022	0.00033	0.00021	0.00018	0.11851	0.00034	0.18568	0.00033	0.00040	0.00026	0.00014	0.00012	2.9e-05	0.00011	0.06740	0.00010	0.61459
9	0.00024	0.09586	0.00333	0.00024	0.06760	0.00019	0.03225	0.02052	0.00361	0.02756	0.50323	0.07663	0.06676	0.00964	0.00016	4.4e-05	9.4e-05	0.09178	0.00012	0.00014
10	0.91060	0.00027	0.00021	0.00019	0.00027	0.01277	0.00015	0.07341	0.00026	0.00061	0.00020	0.00022	0.00015	0.00013	8.7e-05	4.1e-05	0.00011	7.6e-05	8.6e-05	0.00015
11	0.58731	0.09192	0.00393	0.09585	0.00036	0.00979	0.00019	0.13448	0.01408	0.04770	0.00024	0.00711	0.00629	0.00014	9.9e-05	4e-05	0.00012	9.1e-05	9e-05	0.00016
12	0.00033	0.27418	0.47945	0.09595	0.00051	0.01361	0.00418	0.02591	0.00030	0.09188	0.00386	0.00029	0.00019	0.00013	0.00012	3.8e-05	0.00525	9.8e-05	0.00354	0.00019
13	0.00018	0.00014	0.00017	0.00019	0.00021	0.00013	0.00013	0.00024	0.09584	0.00037	0.02420	0.72773	0.13928	0.00038	0.00017	5.2e-05	7.9e-05	0.01029	0.00013	0.00012
14	0.11310	0.22211	0.61316	0.00032	0.00048	0.00754	0.01851	0.00772	0.00028	0.00761	0.00023	0.00798	0.00017	0.00013	0.00011	3.9e-05	0.00017	9.3e-05	6.2e-05	0.00018
15	0.00020	0.00016	0.00025	0.00023	0.00026	0.00347	0.07024	0.00356	0.00544	0.00033	0.02412	0.03221	0.09833	0.05214	0.62445	0.01514	0.02542	0.04068	0.00324	0.00012
16	0.00035	0.00018	0.00024	0.00021	0.00027	0.00017	0.00016	0.00043	0.10283	0.37283	0.22344	0.13932	0.04792	0.00463	0.09837	6.1e-05	0.00012	0.00814	0.00014	0.00017
17	0.00035	0.87724	0.00066	0.09588	0.00040	0.02296	0.00024	0.00040	0.00027	0.00032	0.00019	0.00023	0.00017	0.00012	9.1e-05	3e-05	0.00015	7.6e-05	5.8e-05	0.00017
18	0.10668	0.08238	0.40279	0.12333	0.01296	0.00303	0.01812	0.14857	0.00798	0.04245	0.00966	0.02763	0.00509	0.00014	0.00012	4.1e-05	0.00251	0.00011	8e-05	0.00632
19	0.25390	0.00022	0.00293	0.16797	0.00319	0.01520	0.00960	0.01915	0.06580	0.03008	0.22666	0.05744	0.08425	0.00650	0.00014	4.5e-05	0.02205	0.03463	0.00011	0.00014
20	0.00034	0.00031	0.00030	0.00027	0.00034	0.09593	0.00021	0.01617	0.81584	0.00054	0.06783	0.00050	0.00044	0.00018	0.00014	4.4e-05	0.00012	0.00015	0.00013	0.00020
21	0.00016	0.00012	0.00015	0.00018	0.00019	0.00011	0.00012	0.00019	0.00027	0.00035	0.01490	0.79605	0.18593	0.00040	0.00017	5.2e-05	7.5e-05	0.00036	0.00012	0.00011
22	0.29549	0.00029	0.06764	0.00249	0.03050	0.00608	0.00398	0.18706	0.06323	0.20501	0.00321	0.05569	0.01901	0.02018	0.01293	4.7e-05	0.01405	0.01281	0.00011	0.00018
23	0.00713	0.00028	0.00513	0.31502	0.09431	0.00506	0.15603	0.10652	0.00752	0.09252	0.00451	0.01781	0.01018	0.00268	0.00019	0.01510	0.15689	0.00283	8.2e-05	0.00017
24	0.00055	0.00026	0.00034	0.09590	0.00041	0.00025	0.00022	0.19105	0.00042	0.70848	0.00046	0.00042	0.00030	0.00016	0.00013	4.1e-05	0.00013	0.00013	0.00015	0.00022
25	0.00017	0.00013	0.00016	0.00017	0.00019	0.00012	0.00012	0.00020	0.00027	0.00036	0.10516	0.49602	0.19048	0.15350	0.00025	6.3e-05	8.4e-05	0.05234	0.00012	0.00011
26	0.02519	0.01406	0.19468	0.07663	0.03429	0.03083	0.06779	0.05885	0.09253	0.09201	0.05724	0.07572	0.02519	0.00019	0.00931	4.4e-05	0.02287	0.02543	0.09697	0.00017
27	0.35750	0.05097	0.03526	0.09847	0.00337	0.16742	0.08187	0.04903	0.02740	0.10820	0.00026	0.00304	0.00019	0.00014	0.00289	4.1e-05	0.01361	0.0001	8.7e-05	0.00017
28	0.00028	0.00026	0.00041	0.83201	0.06818	0.00031	0.00036	0.09589	0.00030	0.00040	0.00025	0.00035	0.00018	0.00013	0.00013	4.4e-05	0.00017	0.00012	6.7e-05	0.00016
29	0.00711	0.00904	0.00304	0.30863	0.06848	0.00504	0.11850	0.03743	0.17045	0.00503	0.05210	0.02807	0.04551	0.09586	0.00020	5.3e-05	0.02419	0.02102	9e-05	0.00016

[dist]
# distance from previous block
# <min> <max>
0	186

# created by:
# /home/cegg/simao/soft/augustus-3.2.1/scripts/msa2prfl.pl ./align_prep/POG091H01SF.fa
