[name]
unknown

[dist]
# distance from previous block
# <min> <max>
0	116

[block]
# block no. 0 follows, 3531 sequences, length 39
# corresponding to MSA columns:
# 124-162
name=unknown_A
#
# <colnr> <probs for GDERKNQSTAVLIFYWHMCP>
#	G	D	E	R	K	N	Q	S	T	A	V	L	I	F	Y	W	H	M	C	P
0	0.04339	0.02324	0.48635	0.04919	0.01876	0.00460	0.08024	0.05923	0.04448	0.01876	0.02810	0.02389	0.03946	0.00817	0.00344	3.5e-05	0.00197	0.06151	6.2e-05	0.00512
1	0.00838	0.00016	0.00020	0.00016	0.00022	0.00624	0.00301	0.06766	0.06812	0.45628	0.21658	0.00044	0.02986	0.03145	0.07764	0.00222	9e-05	0.00012	0.00227	0.02890
2	0.00252	0.00020	0.01153	0.18722	0.38109	0.00507	0.03546	0.06068	0.06228	0.02643	0.04277	0.02795	0.05176	0.05867	0.01729	3.7e-05	0.00484	0.02193	6.3e-05	0.00221
3	0.00513	0.00017	0.00023	0.00017	0.00025	0.00015	0.00014	0.03030	0.00516	0.91616	0.03565	0.00035	0.00026	0.00012	9.9e-05	3e-05	8.3e-05	0.00010	0.00528	0.00016
4	0.00571	0.00018	0.01548	0.03889	0.24922	0.00491	0.03705	0.04659	0.12835	0.00265	0.18747	0.03585	0.16980	0.00478	0.01060	3.4e-05	0.03772	0.02099	0.00360	0.00012
5	0.03616	0.00015	0.00230	0.00017	0.00022	0.01495	0.02333	0.04099	0.04682	0.34608	0.07213	0.28025	0.02031	0.00920	0.01398	0.00206	0.08434	0.00399	0.00244	0.00012
6	0.00275	0.00022	0.00273	0.45116	0.35758	0.07524	0.00881	0.04428	0.01572	0.00433	0.00523	0.00647	0.00208	0.00374	0.00319	0.00173	0.00213	0.00690	0.00336	0.00234
7	0.09493	0.01982	0.00335	0.01848	0.00641	0.13922	0.01843	0.02603	0.09984	0.00446	0.00930	0.00688	0.01228	0.15726	0.26914	7.6e-05	0.06248	0.05145	6.3e-05	0.00010
8	0.00021	0.00013	0.00017	0.00015	0.00019	0.00320	0.03908	0.00638	0.02126	0.20029	0.32926	0.15078	0.18926	0.00696	0.01026	3.6e-05	6.9e-05	0.00850	0.03369	0.00011
9	0.01725	0.00359	0.00204	0.77459	0.02067	0.00425	0.00251	0.00660	0.00203	0.00861	0.00559	0.00375	0.01243	0.00673	0.00011	0.00445	0.02648	0.00696	0.00175	0.08963
10	0.01965	0.00525	0.00016	0.00014	0.00018	0.00306	0.00312	0.10246	0.11533	0.03163	0.22496	0.08145	0.31461	0.00421	0.00865	3.5e-05	0.00445	0.07447	0.00606	0.00011
11	0.03177	0.00026	0.00029	0.00022	0.00030	0.00028	0.02420	0.77583	0.07444	0.07993	0.00026	0.00025	0.00018	0.00012	9.7e-05	3e-05	0.00010	9e-05	9.7e-05	0.01125
12	0.00257	0.00254	0.00347	0.01488	0.00024	0.00014	0.00234	0.02982	0.02081	0.19562	0.04645	0.00026	0.00020	9.2e-05	8.3e-05	2e-05	0.00617	7.5e-05	0.00239	0.67182
13	0.00286	0.00813	0.00036	0.43306	0.03690	0.00248	0.28381	0.03797	0.07595	0.00416	0.00023	0.02099	0.00538	0.01977	0.01769	0.00182	0.00826	0.03998	5.6e-05	0.00012
14	0.00024	0.00023	0.00040	0.01570	0.98085	0.00023	0.00030	0.00030	0.00022	0.00032	0.00018	0.00024	0.00016	8.8e-05	9.7e-05	2.9e-05	0.00012	8.8e-05	4.9e-05	0.00015
15	0.02455	0.00013	0.00017	0.00015	0.00020	0.00012	0.00012	0.01443	0.03087	0.38761	0.26839	0.13297	0.03406	0.00019	0.00011	3.3e-05	6.9e-05	0.09244	0.01325	0.00012
16	0.02222	0.00022	0.00029	0.71628	0.02606	0.12934	0.01999	0.02099	0.00022	0.01822	0.00371	0.00026	0.01103	0.00010	9.7e-05	3.1e-05	0.00429	8.6e-05	0.02646	0.00011
17	0.00247	0.00659	0.03282	0.12364	0.00418	0.00012	0.02587	0.00567	0.00369	0.00412	0.01505	0.62080	0.03578	0.02865	0.02014	4.1e-05	0.00713	0.00998	0.00210	0.05116
18	0.00014	0.00010	0.00013	0.00012	0.00015	9.4e-05	9.3e-05	0.00334	0.00027	0.02195	0.80146	0.03902	0.09932	0.00467	0.00295	3.2e-05	4.9e-05	0.00946	0.01150	0.00513
19	0.00366	0.00013	0.00018	0.00015	0.00020	0.00012	0.00012	0.00439	0.01229	0.51150	0.14202	0.16867	0.09134	0.00018	0.00011	3.2e-05	6.9e-05	0.01352	0.05121	0.00013
20	0.03846	0.61861	0.01788	0.06986	0.02067	0.08876	0.04309	0.01125	0.00710	0.05174	0.00386	0.00019	0.00014	9.1e-05	7.6e-05	2.4e-05	0.00811	6.4e-05	5e-05	0.01999
21	0.00476	0.00269	0.05003	0.00019	0.00023	0.03648	0.13051	0.03405	0.02334	0.04212	0.04438	0.51200	0.02269	0.02167	0.00013	3.8e-05	0.00301	0.07151	8.3e-05	0.00010
22	0.00012	0.0001	0.00011	0.00011	0.00014	8.6e-05	8.1e-05	0.00015	0.00024	0.00030	0.27134	0.01771	0.67768	0.01322	0.00012	3.4e-05	5e-05	0.01822	9.5e-05	8.5e-05
23	0.00019	0.00353	0.00031	0.82952	0.08349	0.01009	0.04088	0.00026	0.00560	0.00026	0.01001	0.00324	0.00014	9.9e-05	0.00010	3.2e-05	0.00754	9e-05	4.6e-05	0.00456
24	0.83450	0.00470	0.00017	0.01898	0.00727	0.09788	0.00790	0.00794	0.00350	0.00041	0.00014	0.00271	0.00011	9.7e-05	0.00619	3.1e-05	0.00314	5.7e-05	0.00414	0.00011
25	0.00021	0.00021	0.02900	0.08226	0.60895	0.00260	0.03528	0.00027	0.00254	0.00030	0.01106	0.10787	0.00435	0.00235	0.00760	3.4e-05	0.00011	0.10234	0.00252	0.00013
26	0.02727	0.12161	0.04966	0.04126	0.19788	0.09274	0.05625	0.20469	0.02650	0.01577	0.00200	0.00023	0.00016	0.00499	0.01758	2.9e-05	0.00701	0.00233	6.2e-05	0.13198
27	0.00019	0.00011	0.00015	0.00013	0.00017	0.00010	0.00010	0.00024	0.01366	0.17188	0.65909	0.02520	0.05126	0.00022	0.06233	3.9e-05	6.7e-05	0.00016	0.01477	0.00011
28	0.08491	0.13692	0.20345	0.04284	0.02527	0.08476	0.04413	0.12583	0.03972	0.12132	0.02808	0.01914	0.00861	0.00417	0.00279	3e-05	0.00879	0.00868	6.8e-05	0.01050
29	0.00227	0.11600	0.37551	0.08886	0.09559	0.02023	0.08976	0.01080	0.03914	0.02971	0.03694	0.03930	0.00378	0.01323	0.00813	3.3e-05	0.02373	0.00510	5.4e-05	0.00181
30	0.01363	0.00017	0.00023	0.00017	0.00025	0.00015	0.00014	0.00698	0.00028	0.96731	0.00939	0.00034	0.00025	0.00012	9.8e-05	3e-05	8.3e-05	9.9e-05	0.00012	0.00017
31	0.00014	0.00249	0.01564	0.01226	0.01024	0.01113	0.03314	0.00608	0.00666	0.02562	0.04863	0.55926	0.14958	0.03133	0.02027	4.2e-05	7.2e-05	0.06725	8.7e-05	8.9e-05
32	0.07648	0.09490	0.05373	0.03888	0.01099	0.17788	0.02978	0.04881	0.04177	0.32742	0.03512	0.00666	0.02768	0.00180	0.00884	3.1e-05	0.00417	0.01483	8.1e-05	0.00014
33	0.00016	0.04635	0.02817	0.00363	0.00294	0.01598	0.04822	0.02923	0.05260	0.01093	0.09122	0.08770	0.53678	0.00363	0.01098	0.00369	7.1e-05	0.02754	8.6e-05	9.8e-05
34	0.00012	8.6e-05	0.00011	0.00014	0.00014	8e-05	9.1e-05	0.00014	0.00019	0.00025	0.02006	0.95857	0.00643	0.00030	0.00012	4e-05	5.7e-05	0.00718	0.00579	8e-05
35	0.00940	0.01849	0.12763	0.15020	0.24108	0.03625	0.07341	0.05263	0.14895	0.07163	0.00321	0.00977	0.00019	0.00011	0.00344	3.2e-05	0.01712	0.02583	0.00776	0.00287
36	0.00318	0.00014	0.00015	0.00014	0.00259	0.07579	0.00446	0.02098	0.01527	0.01125	0.01585	0.01972	0.00463	0.63793	0.13299	0.00690	0.04367	0.00423	6.1e-05	7.6e-05
37	0.00028	0.00354	0.00248	0.00020	0.00349	0.04152	0.01852	0.30180	0.31983	0.07083	0.01063	0.03445	0.02858	0.00015	0.00609	3.4e-05	0.01094	0.11739	0.02908	0.00014
38	0.00522	0.01972	0.02530	0.04444	0.07269	0.14150	0.03974	0.05090	0.02653	0.00937	0.00018	0.00022	0.00015	8.7e-05	8.6e-05	2.1e-05	0.01542	0.00205	0.00213	0.54424

[dist]
# distance from previous block
# <min> <max>
4	5

[block]
# block no. 1 follows, 3531 sequences, length 16
# corresponding to MSA columns:
# 169-184
name=unknown_B
#
# <colnr> <probs for GDERKNQSTAVLIFYWHMCP>
#	G	D	E	R	K	N	Q	S	T	A	V	L	I	F	Y	W	H	M	C	P
0	0.08324	0.02834	0.11574	0.21125	0.10312	0.01137	0.04530	0.03097	0.03392	0.04552	0.08935	0.05832	0.02702	0.01572	0.02433	3.5e-05	0.00858	0.00456	0.00380	0.05952
1	0.00018	0.08129	0.02362	0.03210	0.04372	0.03596	0.00775	0.02326	0.01814	0.02497	0.10981	0.17121	0.16096	0.06275	0.02212	0.00351	0.01339	0.04506	0.01519	0.10498
2	0.00013	9.7e-05	0.00012	0.00012	0.00014	8.9e-05	8.9e-05	0.00017	0.00784	0.01321	0.38557	0.29945	0.23420	0.02983	0.00712	0.00714	5.5e-05	0.01445	9.7e-05	8.7e-05
3	0.02354	0.01891	0.24539	0.09796	0.18657	0.01735	0.02161	0.06956	0.03372	0.08848	0.00450	0.05954	0.01993	0.01406	0.05524	4e-05	0.01394	0.02561	0.00392	0.00013
4	0.01031	0.00813	0.00554	0.01832	0.86585	0.02029	0.02777	0.00713	0.00988	0.00604	0.00549	0.00736	0.00017	9.2e-05	9.8e-05	2.9e-05	0.00012	0.00720	5.1e-05	0.00015
5	0.00016	0.00011	0.00014	0.00014	0.00016	0.00011	0.00010	0.00023	0.12033	0.05836	0.44613	0.31658	0.01947	0.00022	0.00011	3.4e-05	5.6e-05	0.01050	0.02693	0.00010
6	0.00012	9.2e-05	0.00012	0.00013	0.00014	8.5e-05	9e-05	0.00015	0.01067	0.00028	0.16238	0.64689	0.14987	0.01302	0.00013	3.8e-05	5.5e-05	0.01557	9.4e-05	8.3e-05
7	0.00440	0.03659	0.13041	0.10772	0.22309	0.09566	0.04753	0.03588	0.00906	0.08051	0.01384	0.13506	0.01283	0.00791	0.00599	3.3e-05	0.02762	0.02191	0.00384	0.00013
8	0.03629	0.00027	0.02173	0.00022	0.00030	0.00029	0.00941	0.87419	0.01494	0.03183	0.00024	0.00941	0.00017	0.00012	9.7e-05	3e-05	0.00011	9e-05	9.6e-05	0.00016
9	0.03035	0.00017	0.00022	0.00017	0.00024	0.00015	0.00014	0.02711	0.00028	0.88690	0.03223	0.02104	0.00027	0.00013	9.9e-05	3.1e-05	8.2e-05	0.00010	0.00012	0.00016
10	0.00455	0.00012	0.00829	0.00528	0.01391	0.00010	0.00660	0.01917	0.00462	0.09620	0.32165	0.07222	0.39919	0.00454	0.00444	3.4e-05	5.9e-05	0.03296	0.00599	9.8e-05
11	0.00643	0.00723	0.00901	0.00019	0.00686	0.02229	0.00856	0.10202	0.00535	0.79179	0.00537	0.00032	0.00023	0.00537	0.02260	3.3e-05	0.00597	9.7e-05	0.00011	0.00016
12	0.00036	0.02713	0.00028	0.00025	0.00030	0.92410	0.00019	0.01294	0.00028	0.01497	0.00017	0.00019	0.01822	0.00010	8.9e-05	2.5e-05	0.00017	6.6e-05	5.3e-05	0.00012
13	0.05897	0.00015	0.00020	0.00016	0.00022	0.00014	0.00013	0.01282	0.00024	0.69795	0.00952	0.01148	0.00023	0.00018	0.03333	0.17383	8.9e-05	9.7e-05	0.00010	0.00014
14	0.03970	0.00820	0.48161	0.03243	0.05846	0.02280	0.08587	0.05370	0.04342	0.04549	0.05734	0.02501	0.02269	0.00011	0.00010	3.2e-05	0.01260	0.01023	6e-05	0.00014
15	0.00410	0.03325	0.02545	0.00692	0.01821	0.32369	0.10054	0.02419	0.02620	0.05716	0.05876	0.03104	0.01436	0.03387	0.04716	4e-05	0.19088	0.00401	6.1e-05	0.00012

[dist]
# distance from previous block
# <min> <max>
0	10

[block]
# block no. 2 follows, 3531 sequences, length 17
# corresponding to MSA columns:
# 196-212
name=unknown_C
#
# <colnr> <probs for GDERKNQSTAVLIFYWHMCP>
#	G	D	E	R	K	N	Q	S	T	A	V	L	I	F	Y	W	H	M	C	P
0	0.00624	0.60999	0.11933	0.02768	0.02730	0.10792	0.00951	0.04701	0.00555	0.00699	0.00452	0.00747	0.00514	0.00406	7.9e-05	2.5e-05	0.00721	0.00379	4.8e-05	0.00013
1	0.03271	0.03792	0.11872	0.06893	0.03562	0.01130	0.00503	0.03815	0.02026	0.11525	0.19183	0.01412	0.17330	0.00467	0.00355	3e-05	0.00541	0.00496	0.00406	0.11417
2	0.05161	0.45854	0.12754	0.01438	0.05916	0.06738	0.01793	0.07564	0.01648	0.09316	0.00651	0.00021	0.00015	9.9e-05	0.00620	2.7e-05	0.00472	6.9e-05	5.7e-05	0.00014
3	0.02706	0.15869	0.17037	0.05421	0.09421	0.17655	0.02874	0.11269	0.06288	0.04469	0.00437	0.01718	0.01077	0.00524	0.00465	3e-05	0.00370	0.02379	6.1e-05	0.00013
4	0.00013	9e-05	0.00012	0.00014	0.00015	8.5e-05	9.4e-05	0.00015	0.00742	0.02981	0.03020	0.86641	0.01886	0.00707	0.00685	4e-05	6e-05	0.02415	0.00808	8.4e-05
5	0.00016	0.00013	0.01303	0.02970	0.11739	0.00810	0.00481	0.00833	0.00887	0.00411	0.27073	0.03294	0.07905	0.11841	0.26429	0.00905	0.00817	0.00605	0.01655	9.6e-05
6	0.00013	0.0001	0.00012	0.00012	0.00014	8.9e-05	8.7e-05	0.00017	0.00026	0.00035	0.65914	0.02266	0.31584	0.00022	0.00012	3.2e-05	4.8e-05	0.00019	0.00010	8.9e-05
7	0.01263	0.01332	0.02104	0.00817	0.26023	0.00980	0.01797	0.27330	0.09031	0.16496	0.04572	0.03186	0.01322	0.01187	0.00748	3.2e-05	0.01340	0.00445	8.4e-05	0.00015
8	0.00584	0.03297	0.40756	0.02730	0.11169	0.01143	0.05323	0.12366	0.12343	0.04464	0.00633	0.00997	0.00917	0.00405	0.00802	3.2e-05	0.00719	0.00925	0.00408	0.00015
9	0.00887	0.00013	0.00015	0.00013	0.00018	0.00011	0.00010	0.00984	0.02221	0.33876	0.14645	0.02380	0.30990	0.00018	0.00010	3.1e-05	6.2e-05	0.00015	0.13872	0.00012
10	0.00017	0.00410	0.00835	0.12206	0.02042	0.00636	0.01784	0.03806	0.03558	0.00459	0.03235	0.02082	0.01868	0.28091	0.27045	0.02739	0.03948	0.03725	0.01506	9.1e-05
11	0.00818	0.00012	0.00015	0.00013	0.00017	0.00011	0.00010	0.00831	0.00878	0.22185	0.66358	0.00844	0.06062	0.00018	0.00011	3.1e-05	5.6e-05	0.00016	0.01881	0.00011
12	0.13223	0.57007	0.02513	0.00018	0.00026	0.19394	0.00017	0.02084	0.02369	0.00586	0.00567	0.00749	0.00014	9.4e-05	7.2e-05	2.4e-05	0.00552	6e-05	0.00844	0.00012
13	0.08674	0.04464	0.34861	0.01440	0.17142	0.01801	0.12924	0.02024	0.00537	0.08517	0.01524	0.00025	0.00418	9.9e-05	9.5e-05	3e-05	0.00507	0.01543	0.00831	0.02745
14	0.81590	0.00953	0.01075	0.00015	0.01192	0.02168	0.00012	0.04823	0.00019	0.08055	0.00016	0.00018	0.00012	9.5e-05	6.7e-05	3e-05	8.2e-05	5.9e-05	6.7e-05	0.00012
15	0.01698	0.00017	0.00020	0.05065	0.01549	0.00014	0.01001	0.02802	0.04281	0.06429	0.04098	0.03285	0.05400	0.01499	9.2e-05	2.3e-05	7.7e-05	0.02827	7e-05	0.59987
16	0.00390	0.00018	0.00413	0.04986	0.00768	0.00428	0.01306	0.09945	0.44042	0.01233	0.18849	0.00434	0.06596	0.01135	0.00683	3.4e-05	8e-05	0.06617	0.00387	0.01759

[dist]
# distance from previous block
# <min> <max>
0	2

[block]
# block no. 3 follows, 3531 sequences, length 28
# corresponding to MSA columns:
# 215-242
name=unknown_D
#
# <colnr> <probs for GDERKNQSTAVLIFYWHMCP>
#	G	D	E	R	K	N	Q	S	T	A	V	L	I	F	Y	W	H	M	C	P
0	0.00014	0.00011	0.00014	0.03883	0.00019	0.00713	0.00500	0.00476	0.00020	0.00717	0.00665	0.50989	0.02111	0.02541	0.01970	0.01815	0.01119	0.32407	8.6e-05	8.5e-05
1	0.00024	0.00022	0.00038	0.12041	0.85177	0.00023	0.00029	0.00029	0.00022	0.00031	0.00019	0.00025	0.00016	9.1e-05	0.0001	3e-05	0.00969	0.00769	4.8e-05	0.00738
2	0.00019	0.00018	0.00029	0.93873	0.01947	0.00022	0.00027	0.01679	0.00020	0.00026	0.00018	0.00026	0.00013	0.00011	0.00961	0.01273	0.00013	8.7e-05	4.5e-05	0.00011
3	0.02657	0.00011	0.00013	0.00772	0.00015	0.00448	0.00687	0.02116	0.02554	0.01786	0.06204	0.06902	0.18088	0.42805	0.05096	0.04140	0.00507	0.05182	7.4e-05	7.9e-05
4	0.00247	0.00019	0.00616	0.37052	0.06840	0.02461	0.08829	0.03072	0.02938	0.01796	0.00519	0.02576	0.01979	0.01714	0.00909	0.05560	0.11805	0.10094	0.00964	0.00011
5	0.00024	0.00017	0.00020	0.00456	0.00023	0.00014	0.00382	0.01867	0.01299	0.15203	0.01179	0.00025	0.00446	0.01818	0.00799	2.1e-05	0.00532	7.1e-05	0.03528	0.72359
6	0.03572	0.00018	0.00029	0.76496	0.05684	0.00021	0.00496	0.00027	0.00021	0.07815	0.02462	0.00028	0.00444	0.00011	0.00010	3.3e-05	0.01880	0.00967	5.3e-05	0.00012
7	0.10572	0.01522	0.00023	0.00017	0.00025	0.00817	0.00537	0.07489	0.00027	0.69368	0.00032	0.00029	0.00021	0.00011	9.2e-05	2.9e-05	8.5e-05	8.8e-05	0.00011	0.09468
8	0.00021	0.00020	0.00037	0.35525	0.25623	0.00022	0.22417	0.00027	0.00021	0.00029	0.00022	0.00036	0.00019	0.00681	0.00867	0.00466	0.02639	0.11512	5.2e-05	0.00012
9	0.96815	0.00019	0.00015	0.00014	0.00020	0.00022	0.01681	0.00029	0.00017	0.00044	0.00014	0.00016	0.00011	9.2e-05	6.5e-05	3.1e-05	0.01243	5.5e-05	6e-05	0.00011
10	0.02563	0.00019	0.00029	0.76029	0.03715	0.00412	0.02278	0.08949	0.01347	0.00733	0.00555	0.00746	0.00016	0.00011	9.9e-05	3.3e-05	0.00012	0.02229	0.00333	0.00012
11	0.12295	0.00017	0.00021	0.02744	0.00025	0.00016	0.00014	0.06171	0.01784	0.67378	0.03132	0.00752	0.01766	0.02728	0.00492	3.3e-05	8.5e-05	0.00627	0.00011	0.00015
12	0.07654	0.16944	0.00027	0.00642	0.01119	0.08208	0.00015	0.17969	0.10307	0.04919	0.00390	0.00518	0.00021	0.10492	0.12421	5.2e-05	0.06015	0.00728	0.01595	0.00012
13	0.01340	0.00018	0.01636	0.51186	0.05859	0.00301	0.04642	0.01876	0.00471	0.04414	0.01803	0.03646	0.03885	0.00011	9.9e-05	3e-05	0.00635	0.02684	5.7e-05	0.15572
14	0.00012	0.00010	0.00012	0.02578	0.00768	9.2e-05	0.01604	0.00015	0.00022	0.00027	0.07417	0.04953	0.77149	0.00997	0.01852	0.00993	6e-05	0.01557	8.9e-05	8.5e-05
15	0.00241	0.00261	0.07596	0.27723	0.05452	0.12630	0.02547	0.03000	0.02447	0.00248	0.05773	0.21936	0.02102	0.02419	0.01149	0.00297	0.01203	0.02672	0.00295	0.00011
16	0.00024	0.00023	0.00038	0.06481	0.85814	0.02804	0.00029	0.00030	0.00022	0.00031	0.01007	0.00025	0.00765	9.3e-05	0.00010	3e-05	0.02855	8.9e-05	4.9e-05	0.00015
17	0.00885	0.00018	0.00028	0.63452	0.03249	0.00520	0.03308	0.00440	0.00020	0.00027	0.00018	0.00384	0.00014	0.01592	0.00342	0.00445	0.02787	8.3e-05	0.00296	0.22167
18	0.00446	0.00020	0.00021	0.00019	0.00023	0.02386	0.00277	0.14448	0.53212	0.00555	0.00738	0.02376	0.00833	0.14912	0.03452	0.00650	0.00709	0.04903	8.9e-05	0.00013
19	0.01618	0.00025	0.00025	0.00021	0.01825	0.05559	0.00427	0.65851	0.01668	0.05168	0.00025	0.00026	0.00018	0.00012	9.3e-05	2.8e-05	0.00421	8.8e-05	0.17275	0.00015
20	0.00395	0.00024	0.02205	0.02269	0.00530	0.07668	0.01799	0.01008	0.00522	0.01824	0.00357	0.00022	0.00353	0.00016	0.00028	4e-05	0.80950	8.6e-05	4.6e-05	0.00011
21	0.00012	9.9e-05	0.00011	0.00011	0.00014	8.7e-05	8.3e-05	0.00015	0.01821	0.00028	0.14562	0.19598	0.60208	0.02215	0.00013	3.6e-05	5.3e-05	0.01439	9.3e-05	8.5e-05
22	0.00994	0.00268	0.01589	0.03209	0.01537	0.00952	0.00016	0.08127	0.63332	0.00710	0.04492	0.02659	0.01710	0.05233	0.03333	4e-05	0.00848	0.00660	0.00313	0.00014
23	0.00014	0.00010	0.00013	0.00012	0.00015	9.5e-05	0.01807	0.00018	0.01586	0.01041	0.55106	0.07402	0.31586	0.00022	0.00012	3.2e-05	5.2e-05	0.00804	0.00524	9.1e-05
24	0.01256	0.00017	0.08897	0.02405	0.08539	0.00014	0.00297	0.01133	0.08143	0.04520	0.45579	0.02519	0.11626	0.02547	0.01295	0.00242	0.00280	0.00349	0.00332	0.00011
25	0.00014	9.9e-05	0.00013	0.00013	0.01576	9.1e-05	9.5e-05	0.00017	0.00025	0.00035	0.71033	0.25518	0.01644	0.00023	0.00012	3.3e-05	5e-05	0.00020	0.00010	9e-05
26	0.12061	0.10778	0.08553	0.13776	0.07669	0.01237	0.01769	0.16982	0.03138	0.15837	0.00618	0.01038	0.00339	0.00731	0.03005	3.4e-05	0.00011	0.00222	0.00656	0.01577
27	0.01076	0.12341	0.52643	0.00278	0.02609	0.03647	0.05174	0.06546	0.03422	0.03752	0.01056	0.02144	0.00454	0.00010	9.2e-05	2.9e-05	0.00285	0.00280	5.4e-05	0.04264

[dist]
# distance from previous block
# <min> <max>
0	232

# created by:
# /home/cegg/simao/soft/augustus-3.2.1/scripts/msa2prfl.pl ./align_prep/POG091H01RT.fa
