[name]
unknown

[dist]
# distance from previous block
# <min> <max>
0	105

[block]
# block no. 0 follows, 1998 sequences, length 22
# corresponding to MSA columns:
# 385-406
name=unknown_A
#
# <colnr> <probs for GDERKNQSTAVLIFYWHMCP>
#	G	D	E	R	K	N	Q	S	T	A	V	L	I	F	Y	W	H	M	C	P
0	0.05666	0.11314	0.05860	0.02484	0.26042	0.07849	0.13098	0.04919	0.03352	0.04925	0.00441	0.00346	0.00845	0.00020	0.00018	5.3e-05	0.01676	0.08126	0.00416	0.02598
1	0.02811	0.00835	0.02259	0.02523	0.30723	0.02723	0.10480	0.04989	0.22781	0.03232	0.00547	0.00411	0.09093	0.00021	0.00018	5.4e-05	0.01023	0.01032	0.00970	0.03521
2	0.00552	0.00035	0.00056	0.52178	0.31327	0.01465	0.00432	0.01190	0.06778	0.00051	0.00562	0.00587	0.00602	0.00018	0.00018	5.5e-05	0.01939	0.00385	0.00907	0.00913
3	0.00026	0.00018	0.00023	0.00022	0.00026	0.00016	0.00016	0.00034	0.00047	0.04707	0.78119	0.01431	0.14411	0.00036	0.00020	5.5e-05	8.7e-05	0.00995	0.00019	0.00017
4	0.00024	0.00018	0.00022	0.00021	0.00026	0.00016	0.00016	0.00031	0.00044	0.02480	0.53661	0.11208	0.28304	0.01127	0.00021	5.9e-05	9e-05	0.02933	0.00018	0.00016
5	0.00027	0.00018	0.00023	0.00022	0.00027	0.00017	0.00017	0.00035	0.00047	0.05580	0.78351	0.03589	0.09188	0.00036	0.00020	5.5e-05	8.7e-05	0.01026	0.01947	0.00017
6	0.61040	0.00032	0.00031	0.00026	0.00038	0.00034	0.00021	0.00064	0.00037	0.38468	0.00041	0.00040	0.00028	0.00018	0.00013	5.3e-05	0.00014	0.00012	0.00015	0.00023
7	0.00027	0.00019	0.00026	0.00030	0.00034	0.00019	0.00026	0.00034	0.00039	0.00051	0.01564	0.14751	0.01764	0.00048	0.00024	7.7e-05	0.00015	0.81490	0.00016	0.00016
8	0.00066	0.00048	0.00052	0.00040	0.00054	0.00054	0.00033	0.99227	0.00081	0.00109	0.00042	0.00042	0.00029	0.00021	0.00017	5.2e-05	0.00019	0.00016	0.00017	0.00029
9	0.99514	0.00033	0.00025	0.00023	0.00033	0.00039	0.00019	0.00051	0.00029	0.00078	0.00024	0.00028	0.00019	0.00016	0.00011	5.3e-05	0.00013	9.4e-05	0.00011	0.00019
10	0.99514	0.00033	0.00025	0.00023	0.00033	0.00039	0.00019	0.00051	0.00029	0.00078	0.00024	0.00028	0.00019	0.00016	0.00011	5.3e-05	0.00013	9.4e-05	0.00011	0.00019
11	0.00024	0.00018	0.00023	0.00022	0.00026	0.00016	0.00016	0.00033	0.00049	0.00069	0.99275	0.00129	0.00163	0.00035	0.00020	5.4e-05	8.2e-05	0.00031	0.00019	0.00016
12	0.02328	0.97123	0.00089	0.00029	0.00044	0.00068	0.00029	0.00052	0.00035	0.00042	0.00024	0.00028	0.00022	0.00015	0.00011	3.7e-05	0.00018	9.2e-05	7.5e-05	0.00022
13	0.00066	0.00048	0.00052	0.00040	0.00054	0.00054	0.00033	0.99227	0.00081	0.00109	0.00042	0.00042	0.00029	0.00021	0.00017	5.2e-05	0.00019	0.00016	0.00017	0.00029
14	0.00066	0.00047	0.00051	0.00039	0.00053	0.00051	0.00032	0.89990	0.02456	0.06972	0.00044	0.00043	0.00031	0.00021	0.00017	5.2e-05	0.00019	0.00016	0.00018	0.00029
15	0.00027	0.00019	0.00024	0.00023	0.00027	0.00018	0.00017	0.00037	0.03831	0.04031	0.87871	0.01931	0.01038	0.00035	0.00020	5.5e-05	8.7e-05	0.01000	0.00019	0.00017
16	0.00055	0.00033	0.00039	0.00032	0.00042	0.00034	0.00026	0.21439	0.24411	0.31884	0.19702	0.00072	0.00067	0.00025	0.00018	5.5e-05	0.00014	0.00960	0.01118	0.00026
17	0.00075	0.00029	0.00039	0.00030	0.00043	0.00025	0.00025	0.00082	0.01031	0.94489	0.01830	0.01078	0.00046	0.00022	0.00017	5.4e-05	0.00014	0.00018	0.01071	0.00029
18	0.06384	0.00023	0.00031	0.00029	0.01356	0.00023	0.00961	0.00045	0.00035	0.26737	0.02873	0.23138	0.00446	0.02786	0.21232	0.08049	0.04764	0.00535	0.00535	0.00019
19	0.00023	0.00017	0.00821	0.01957	0.00506	0.00016	0.01331	0.00027	0.00410	0.00427	0.01202	0.78768	0.07825	0.00497	0.00884	7.1e-05	0.00488	0.04403	0.00377	0.00015
20	0.00023	0.00016	0.00021	0.00024	0.00026	0.00015	0.00017	0.00026	0.00819	0.01910	0.01301	0.89223	0.00764	0.00618	0.00595	7.1e-05	0.00011	0.03997	0.00574	0.00015
21	0.00041	0.00036	0.00062	0.02960	0.50139	0.00420	0.14708	0.00845	0.00515	0.06511	0.02328	0.10232	0.02813	0.00023	0.00603	5.8e-05	0.04008	0.02413	0.01313	0.00024

[dist]
# distance from previous block
# <min> <max>
2	3

[block]
# block no. 1 follows, 1998 sequences, length 13
# corresponding to MSA columns:
# 417,418,423-433
name=unknown_B
#
# <colnr> <probs for GDERKNQSTAVLIFYWHMCP>
#	G	D	E	R	K	N	Q	S	T	A	V	L	I	F	Y	W	H	M	C	P
0	0.90274	0.01097	0.01230	0.00024	0.00892	0.00984	0.00020	0.02202	0.00031	0.00990	0.00025	0.00030	0.00020	0.01208	0.00012	5.4e-05	0.00014	9.9e-05	0.00011	0.00920
1	0.00028	0.01931	0.00995	0.01143	0.00033	0.00025	0.00023	0.00033	0.00029	0.02656	0.01353	0.01180	0.00044	0.04897	0.77937	0.00875	0.06772	0.00019	9.6e-05	0.00016
2	0.00632	0.33778	0.26570	0.03152	0.03745	0.06087	0.08831	0.01778	0.01171	0.04813	0.00584	0.01062	0.00538	0.00017	0.00016	4.8e-05	0.03327	0.00515	9e-05	0.03369
3	0.00026	0.00018	0.00023	0.00022	0.00027	0.00017	0.00016	0.00035	0.02404	0.01329	0.81081	0.02616	0.03342	0.00034	0.00020	5.3e-05	8.6e-05	0.00030	0.06066	0.02879
4	0.00557	0.00034	0.16073	0.01116	0.00675	0.00025	0.00569	0.06958	0.07777	0.02258	0.16717	0.03406	0.41196	0.00034	0.00858	5.9e-05	0.00638	0.00547	0.00535	0.00019
5	0.93032	0.00033	0.00026	0.00023	0.00033	0.00038	0.00019	0.00051	0.00030	0.02994	0.00027	0.00030	0.00020	0.00016	0.00011	5.3e-05	0.00013	9.8e-05	0.03571	0.00019
6	0.01876	0.00019	0.00023	0.00023	0.00028	0.00017	0.00017	0.00037	0.01267	0.14143	0.24372	0.30381	0.22560	0.02339	0.00022	6.3e-05	0.00010	0.01622	0.01219	0.00017
7	0.00034	0.00027	0.00030	0.00028	0.00032	0.01386	0.00020	0.01804	0.41536	0.00052	0.00060	0.00087	0.00056	0.44928	0.07070	0.00012	0.01415	0.01390	0.00014	0.00019
8	0.00026	0.00019	0.00026	0.00030	0.00033	0.00019	0.00025	0.00033	0.00039	0.00050	0.00095	0.18121	0.03563	0.00049	0.00023	7.7e-05	0.00015	0.77794	0.00016	0.00016
9	0.00041	0.00042	0.01929	0.19393	0.43748	0.02364	0.24904	0.02347	0.01533	0.00828	0.00035	0.00045	0.00860	0.00016	0.00019	5.5e-05	0.01840	0.00017	8.9e-05	0.00024
10	0.00044	0.00050	0.00036	0.00034	0.00040	0.48441	0.00025	0.00051	0.06036	0.00046	0.03739	0.33166	0.06773	0.00033	0.00019	5.6e-05	0.01403	0.00027	0.00013	0.00018
11	0.00030	0.00018	0.00025	0.00767	0.00026	0.00018	0.00017	0.02832	0.01404	0.00766	0.01532	0.00065	0.01212	0.09776	0.14699	0.64227	0.01274	0.01292	9e-05	0.00011
12	0.02999	0.29509	0.25282	0.02156	0.00054	0.03774	0.05016	0.03309	0.01192	0.02681	0.03953	0.00048	0.02198	0.00021	0.01678	5.3e-05	0.04882	0.03474	9.6e-05	0.07759

[dist]
# distance from previous block
# <min> <max>
3	39

[block]
# block no. 2 follows, 1998 sequences, length 70
# corresponding to MSA columns:
# 484-487,491,492,494-499,504-508,510-514,518-564,566
name=unknown_C
#
# <colnr> <probs for GDERKNQSTAVLIFYWHMCP>
#	G	D	E	R	K	N	Q	S	T	A	V	L	I	F	Y	W	H	M	C	P
0	0.03082	0.10978	0.15810	0.01011	0.13000	0.10671	0.02723	0.10977	0.07432	0.05283	0.03973	0.02928	0.00980	0.04456	0.02237	0.00275	0.01079	0.00203	0.00175	0.02728
1	0.47538	0.07411	0.17443	0.03227	0.04741	0.05650	0.00663	0.04547	0.01027	0.01200	0.01833	0.00318	0.00758	0.00329	0.00015	5.3e-05	0.02794	0.00327	0.00010	0.00165
2	0.10481	0.02142	0.06393	0.03027	0.00198	0.00504	0.01821	0.08861	0.07801	0.14963	0.11927	0.02640	0.03843	0.02171	0.20181	0.00010	0.02882	0.00119	0.00014	0.00021
3	0.00962	0.00927	0.00017	0.00016	0.00020	0.00017	0.00012	0.00040	0.00036	0.00064	0.00056	0.00064	0.00044	0.00020	0.00012	4e-05	8.2e-05	0.00016	0.97647	0.00016
4	0.02666	0.00029	0.00947	0.00414	0.00157	0.00607	0.00021	0.09938	0.24414	0.03575	0.00233	0.00356	0.00150	0.00020	0.00014	4.5e-05	0.00300	0.00175	0.43025	0.12955
5	0.01024	0.00035	0.00954	0.00035	0.00047	0.00033	0.05365	0.24440	0.05234	0.52067	0.01249	0.00056	0.01703	0.00025	0.00418	0.07238	0.00017	0.00017	0.00018	0.00027
6	0.20939	0.00612	0.10338	0.04485	0.03450	0.01285	0.02511	0.01971	0.11439	0.13584	0.00884	0.18023	0.04787	0.00028	0.00872	6e-05	0.00483	0.02895	0.00014	0.01394
7	0.00244	0.10273	0.26354	0.03531	0.04545	0.01804	0.26595	0.09841	0.03997	0.04824	0.02736	0.01300	0.02792	0.00020	0.01064	5.6e-05	0.00023	0.00017	0.00011	0.00024
8	0.00050	0.85596	0.00359	0.00030	0.00045	0.00063	0.00029	0.02860	0.00038	0.09550	0.00956	0.00032	0.00026	0.00016	0.00012	3.9e-05	0.00291	0.00010	9.1e-05	0.00023
9	0.00027	0.00020	0.00025	0.01800	0.00312	0.00020	0.00446	0.06633	0.01496	0.01793	0.15476	0.17386	0.29317	0.05729	0.16427	0.02789	0.00017	0.00255	0.00015	0.00016
10	0.00233	0.09808	0.21637	0.03976	0.08822	0.08500	0.04281	0.00792	0.00801	0.14194	0.01807	0.03739	0.03260	0.01202	0.06256	7e-05	0.09007	0.01644	0.00011	0.00023
11	0.00046	0.96647	0.00539	0.00030	0.00044	0.00067	0.00029	0.00052	0.00911	0.00041	0.00026	0.00030	0.00553	0.00911	0.00012	3.9e-05	0.00018	9.6e-05	7.6e-05	0.00022
12	0.00068	0.00028	0.00037	0.00029	0.00041	0.00024	0.00024	0.00820	0.00668	0.80183	0.17502	0.00385	0.00064	0.00024	0.00018	5.4e-05	0.00014	0.00020	0.00021	0.00027
13	0.00039	0.00034	0.03021	0.40758	0.11565	0.00035	0.15380	0.02451	0.00198	0.09293	0.04279	0.04611	0.04205	0.00206	0.00019	5.8e-05	0.00266	0.03219	0.00395	0.00022
14	0.00210	0.01517	0.04218	0.29299	0.07700	0.01658	0.03227	0.09963	0.00869	0.29778	0.00366	0.06250	0.00783	0.00303	0.00296	5.7e-05	0.00484	0.02925	0.00125	0.00024
15	0.00026	0.00018	0.00023	0.00022	0.00026	0.00017	0.00017	0.00034	0.00843	0.02167	0.94111	0.00128	0.02431	0.00035	0.00020	5.4e-05	8.4e-05	0.00031	0.00019	0.00017
16	0.00066	0.00027	0.00035	0.00028	0.00039	0.00024	0.00022	0.03432	0.01122	0.70721	0.00064	0.00060	0.00043	0.00021	0.00016	5e-05	0.00013	0.00017	0.24219	0.00026
17	0.00931	0.34431	0.25150	0.01585	0.03195	0.12608	0.04450	0.03933	0.01475	0.04823	0.00272	0.00586	0.00026	0.02079	0.02121	5.5e-05	0.02285	0.00013	9.1e-05	0.00023
18	0.00958	0.00884	0.03289	0.12530	0.30785	0.00288	0.20472	0.03742	0.08464	0.03581	0.04812	0.03857	0.02982	0.00021	0.00019	5.6e-05	0.02113	0.00950	0.00221	0.00024
19	0.00022	0.00016	0.00020	0.01398	0.00292	0.00015	0.00016	0.00026	0.00490	0.00046	0.02957	0.63032	0.26627	0.00659	0.00022	6.7e-05	0.00010	0.04092	0.00240	0.00014
20	0.77688	0.10207	0.01664	0.00459	0.01948	0.04169	0.00768	0.01562	0.00032	0.00805	0.00025	0.00029	0.00020	0.00016	0.00012	5.1e-05	0.00358	9.9e-05	0.00202	0.00020
21	0.00021	0.00018	0.00018	0.00018	0.00024	0.00015	0.00014	0.00026	0.00039	0.00376	0.03645	0.01070	0.85097	0.06259	0.00025	6.6e-05	9.5e-05	0.03290	0.00016	0.00014
22	0.00039	0.06064	0.07661	0.01911	0.07763	0.01171	0.00424	0.02763	0.00579	0.03793	0.00449	0.01339	0.00439	0.00015	0.00350	3.6e-05	0.01035	0.00012	0.00010	0.64176
23	0.00028	0.00023	0.00032	0.00030	0.00032	0.00028	0.00023	0.00032	0.00029	0.00042	0.02120	0.20418	0.04860	0.14273	0.27657	0.00014	0.29085	0.00361	0.00898	0.00015
24	0.00030	0.01305	0.07640	0.02499	0.01683	0.00473	0.05613	0.00038	0.00413	0.00430	0.00733	0.00568	0.00036	0.00727	0.55842	0.00019	0.21908	0.00017	8.8e-05	0.00018
25	0.00478	0.00028	0.01277	0.05775	0.02868	0.00029	0.00630	0.08999	0.20113	0.07318	0.43291	0.00938	0.04575	0.01915	0.00383	5.9e-05	0.01313	0.00025	0.00017	0.00021
26	0.00027	0.00018	0.00310	0.00473	0.00027	0.00017	0.00017	0.00240	0.00236	0.05947	0.40932	0.29192	0.10003	0.08092	0.00850	0.00228	0.00373	0.02986	0.00017	0.00016
27	0.00347	0.36732	0.00986	0.00039	0.00050	0.57980	0.00032	0.02091	0.00044	0.00043	0.00026	0.00030	0.00023	0.00017	0.00605	4.3e-05	0.00467	0.00011	8.5e-05	0.00465
28	0.00025	0.00018	0.00492	0.00022	0.00023	0.00018	0.00430	0.00027	0.00027	0.00528	0.00057	0.08235	0.00063	0.64935	0.20438	0.00018	0.01477	0.03143	0.00011	0.00012
29	0.01417	0.00054	0.35549	0.07024	0.06152	0.00037	0.03001	0.11725	0.04421	0.21671	0.03023	0.00053	0.03623	0.00020	0.00293	5.5e-05	0.00463	0.00735	0.00709	0.00026
30	0.01265	0.11793	0.12921	0.03773	0.22513	0.05976	0.02376	0.09197	0.02594	0.21421	0.00508	0.00050	0.00780	0.00019	0.00017	5.2e-05	0.00488	0.03353	0.00924	0.00026
31	0.00036	0.06392	0.48646	0.13059	0.02706	0.01240	0.06246	0.01956	0.01419	0.02897	0.03476	0.02477	0.05478	0.00022	0.01525	5.8e-05	0.00022	0.00616	9.5e-05	0.01772
32	0.00025	0.00018	0.00024	0.00024	0.00025	0.00019	0.00016	0.00028	0.00027	0.00037	0.00050	0.00089	0.00052	0.45733	0.53733	0.00023	0.00033	0.00022	9.8e-05	0.00013
33	0.00653	0.00709	0.07698	0.22325	0.23166	0.00655	0.03069	0.02462	0.00376	0.00605	0.00032	0.00225	0.00028	0.00508	0.01194	0.34341	0.01134	0.00503	0.00297	0.00018
34	0.00203	0.42729	0.32534	0.04556	0.06178	0.04562	0.03218	0.01251	0.01832	0.01032	0.00029	0.00035	0.00024	0.00016	0.00015	4.7e-05	0.01467	0.00281	8e-05	0.00024
35	0.01656	0.03519	0.06887	0.27403	0.14292	0.15363	0.03576	0.07846	0.03704	0.08366	0.00037	0.00981	0.00189	0.00157	0.02761	0.00169	0.01870	0.00689	0.00512	0.00023
36	0.00024	0.00018	0.00023	0.00021	0.00026	0.00016	0.00016	0.00032	0.00048	0.00068	0.92041	0.00132	0.07398	0.00036	0.00020	5.5e-05	8.2e-05	0.00032	0.00019	0.00016
37	0.00023	0.00017	0.00019	0.00019	0.00022	0.00016	0.00013	0.00026	0.00034	0.00044	0.13907	0.00548	0.35953	0.45781	0.00052	0.00011	0.00013	0.03474	0.00014	0.00013
38	0.00430	0.30823	0.29715	0.02910	0.03043	0.05440	0.03422	0.04968	0.07827	0.08514	0.00781	0.00993	0.00367	0.00018	0.00015	4.9e-05	0.00405	0.00288	0.00010	0.00024
39	0.00176	0.06904	0.07253	0.07731	0.03107	0.05867	0.01031	0.00908	0.01022	0.00163	0.01229	0.02668	0.00036	0.00066	0.41605	0.00015	0.10193	0.00016	9.2e-05	0.10001
40	0.00025	0.00017	0.00019	0.00020	0.00020	0.00017	0.00012	0.00026	0.00027	0.00035	0.00943	0.01977	0.00067	0.89490	0.00081	0.00016	0.00016	0.06309	0.00872	0.00011
41	0.00241	0.00020	0.00383	0.00025	0.01125	0.00018	0.00018	0.00237	0.03702	0.19430	0.12753	0.42731	0.10760	0.06590	0.00025	6.9e-05	0.00011	0.00760	0.01145	0.00018
42	0.00849	0.31054	0.16056	0.08452	0.04232	0.06673	0.06398	0.05724	0.01531	0.16193	0.00288	0.00040	0.00186	0.00018	0.00215	0.00785	0.00410	0.00014	0.00858	0.00024
43	0.02016	0.01878	0.62454	0.00045	0.00815	0.00041	0.00626	0.16913	0.05053	0.07696	0.00646	0.00927	0.00316	0.00018	0.00017	5.4e-05	0.00022	0.00014	0.00470	0.00026
44	0.00025	0.00019	0.00028	0.00028	0.00031	0.00022	0.00021	0.00031	0.00028	0.00040	0.00047	0.00859	0.00044	0.01891	0.96167	0.00027	0.00651	0.00019	9.3e-05	0.00015
45	0.00925	0.00037	0.10742	0.11344	0.23914	0.00986	0.05354	0.05158	0.02117	0.08934	0.03378	0.20257	0.03074	0.01227	0.00020	0.00146	0.00018	0.02335	0.00012	0.00022
46	0.01790	0.01879	0.02213	0.10407	0.13934	0.04379	0.05672	0.07368	0.01115	0.39786	0.00684	0.03471	0.00388	0.00022	0.00319	5.6e-05	0.05413	0.00741	0.00391	0.00025
47	0.95895	0.00272	0.00026	0.00023	0.00034	0.01310	0.00019	0.00051	0.00030	0.01298	0.00025	0.00437	0.00020	0.00016	0.00011	5.3e-05	0.00014	0.00247	0.00247	0.00019
48	0.03811	0.00040	0.16035	0.61234	0.04454	0.00256	0.00874	0.00403	0.00492	0.03576	0.00195	0.03445	0.01005	0.00600	0.01981	0.00462	0.00214	0.00637	0.00265	0.00021
49	0.00043	0.00037	0.00039	0.00035	0.00045	0.00043	0.00027	0.00091	0.98409	0.00072	0.00915	0.00065	0.00054	0.00024	0.00018	5.9e-05	0.00014	0.00020	0.00018	0.00027
50	0.00036	0.00031	0.00036	0.00026	0.00041	0.00023	0.00020	0.00044	0.00036	0.00056	0.00031	0.00036	0.00026	0.00013	0.00013	2.6e-05	0.00013	0.00010	0.00010	0.99498
51	0.00055	0.00473	0.00042	0.00039	0.00047	0.75906	0.00029	0.00059	0.00047	0.00045	0.07832	0.02238	0.13070	0.00023	0.00017	4.8e-05	0.00026	0.00017	0.00011	0.00019
52	0.00036	0.00031	0.00036	0.00026	0.00041	0.00023	0.00020	0.00044	0.00036	0.00056	0.00031	0.00036	0.00026	0.00013	0.00013	2.6e-05	0.00013	0.00010	0.00010	0.99498
53	0.00040	0.53743	0.00056	0.00023	0.00033	0.00044	0.00022	0.00046	0.00036	0.00052	0.00039	0.00045	0.00032	0.00017	0.00012	3.8e-05	0.00014	0.00012	0.45711	0.00019
54	0.00023	0.00018	0.00021	0.00020	0.00025	0.00016	0.00015	0.00915	0.01774	0.00058	0.45882	0.00908	0.49439	0.00039	0.00020	5.7e-05	8.7e-05	0.00778	0.00017	0.00016
55	0.00034	0.06436	0.04477	0.09888	0.02019	0.00026	0.02505	0.02570	0.00486	0.11617	0.01764	0.40448	0.01261	0.00197	0.00020	6.4e-05	0.00015	0.16196	0.00015	0.00019
56	0.00032	0.00016	0.00016	0.00016	0.00020	0.00016	0.00012	0.00040	0.00036	0.00064	0.00056	0.00064	0.00044	0.00020	0.00012	4e-05	8.1e-05	0.00016	0.99488	0.00016
57	0.00064	0.00082	0.00049	0.00045	0.00813	0.98563	0.00034	0.00069	0.00049	0.00042	0.00027	0.00031	0.00022	0.00018	0.00016	4.5e-05	0.00031	0.00011	8.9e-05	0.00020
58	0.00041	0.00040	0.03609	0.35297	0.34401	0.02935	0.11635	0.01699	0.01246	0.05989	0.00036	0.00049	0.00029	0.00017	0.00018	5.5e-05	0.00022	0.02631	9.5e-05	0.00292
59	0.02829	0.00059	0.48365	0.04617	0.01232	0.00465	0.00724	0.03709	0.10136	0.00666	0.01882	0.00320	0.00420	0.03631	0.13686	0.00489	0.06723	0.00016	9.6e-05	0.00023
60	0.00022	0.00018	0.00020	0.00020	0.00025	0.00015	0.00015	0.00027	0.00041	0.00053	0.25488	0.07266	0.61165	0.00042	0.00021	5.9e-05	9.1e-05	0.04380	0.00017	0.01351
61	0.00043	0.00041	0.00070	0.01259	0.98133	0.00041	0.00053	0.00053	0.00039	0.00056	0.00033	0.00043	0.00027	0.00015	0.00017	5.1e-05	0.00021	0.00015	8.5e-05	0.00027
62	0.00025	0.00017	0.00019	0.00019	0.00019	0.00017	0.00011	0.00025	0.00025	0.00034	0.00053	0.00110	0.00061	0.94371	0.00770	0.03061	0.01315	0.00025	0.00010	0.00011
63	0.09510	0.17239	0.07343	0.11550	0.38126	0.02073	0.01195	0.01961	0.03668	0.06159	0.00187	0.00281	0.00027	0.00017	0.00016	5.1e-05	0.00596	0.00014	9.7e-05	0.00024
64	0.01781	0.22334	0.07740	0.02102	0.02869	0.00037	0.01325	0.03312	0.01472	0.38758	0.06516	0.05032	0.02740	0.00591	0.00438	5.3e-05	0.01681	0.00018	0.01225	0.00024
65	0.00024	0.00016	0.00020	0.00021	0.00022	0.00016	0.00013	0.00025	0.00029	0.00038	0.00072	0.40439	0.00085	0.55874	0.00059	0.00013	0.00014	0.03195	0.00013	0.00012
66	0.00023	0.00017	0.00024	0.00514	0.00028	0.00017	0.02839	0.01285	0.00034	0.00719	0.00604	0.77243	0.02601	0.04511	0.03796	0.00812	0.00906	0.03996	0.00015	0.00015
67	0.01214	0.28250	0.20212	0.07263	0.15658	0.07190	0.06642	0.02117	0.01246	0.06657	0.00445	0.01341	0.00257	0.00017	0.00016	4.9e-05	0.01422	0.00014	9.3e-05	0.00024
68	0.00254	0.00135	0.00957	0.07164	0.15318	0.00032	0.00907	0.00241	0.14300	0.04251	0.03069	0.01550	0.03922	0.10313	0.21107	0.01805	0.12599	0.01816	0.00239	0.00020
69	0.01005	0.00029	0.00039	0.00487	0.00044	0.00026	0.00025	0.02623	0.01608	0.87996	0.03945	0.00063	0.00290	0.00022	0.00017	5.4e-05	0.00015	0.01031	0.00701	0.00028

[dist]
# distance from previous block
# <min> <max>
2	6

[block]
# block no. 3 follows, 1998 sequences, length 14
# corresponding to MSA columns:
# 582,584-586,589-598
name=unknown_D
#
# <colnr> <probs for GDERKNQSTAVLIFYWHMCP>
#	G	D	E	R	K	N	Q	S	T	A	V	L	I	F	Y	W	H	M	C	P
0	0.00023	0.00018	0.00555	0.00637	0.01200	0.00989	0.01604	0.00027	0.01116	0.00045	0.00777	0.78243	0.06106	0.02037	0.01324	0.00593	0.01237	0.03438	0.00015	0.00015
1	0.74314	0.08388	0.03707	0.00800	0.04019	0.02389	0.01035	0.01109	0.00032	0.00071	0.00025	0.00030	0.00020	0.00017	0.00013	5.3e-05	0.03258	0.00010	0.00739	0.00020
2	0.06354	0.00028	0.00036	0.00029	0.00040	0.01009	0.00726	0.00073	0.00045	0.73690	0.01309	0.01653	0.01459	0.04436	0.00888	6e-05	0.00015	0.01501	0.05920	0.00783
3	0.00906	0.74751	0.08794	0.00512	0.00770	0.01184	0.03292	0.02166	0.01445	0.01433	0.00560	0.00595	0.00025	0.00018	0.01666	0.00483	0.00682	0.00011	8.2e-05	0.00699
4	0.00569	0.00022	0.01003	0.01185	0.02647	0.00024	0.00749	0.00564	0.02838	0.11745	0.03742	0.04698	0.00733	0.11740	0.47967	0.00674	0.03348	0.01124	0.04612	0.00018
5	0.00022	0.00017	0.00020	0.00021	0.00025	0.00015	0.00015	0.00027	0.00040	0.00051	0.20161	0.22578	0.51286	0.00045	0.00021	6.1e-05	9.3e-05	0.05609	0.00017	0.00015
6	0.00073	0.00029	0.00039	0.00030	0.00043	0.00025	0.00025	0.02000	0.00050	0.88916	0.06675	0.00065	0.01903	0.00023	0.00018	5.4e-05	0.00014	0.00019	0.00021	0.00028
7	0.00042	0.00036	0.00038	0.00035	0.00044	0.00041	0.00028	0.02564	0.86712	0.00071	0.00072	0.00077	0.00057	0.00026	0.00018	6.1e-05	0.00014	0.10075	0.00017	0.00026
8	0.99514	0.00033	0.00025	0.00023	0.00033	0.00039	0.00019	0.00051	0.00029	0.00078	0.00024	0.00028	0.00019	0.00016	0.00011	5.3e-05	0.00013	9.4e-05	0.00011	0.00019
9	0.00038	0.00038	0.00053	0.00045	0.00045	0.00053	0.00038	0.00042	0.00026	0.00042	0.00023	0.00038	0.00023	0.00030	0.00057	7.6e-05	0.99361	0.00015	7.6e-05	0.00019
10	0.00025	0.00019	0.00028	0.00028	0.00031	0.00022	0.00022	0.00031	0.00028	0.00040	0.00046	0.00068	0.00043	0.00130	0.99324	0.00028	0.00046	0.00019	9.3e-05	0.00015
11	0.01153	0.00025	0.00032	0.00027	0.00036	0.00022	0.00021	0.01205	0.02082	0.54436	0.27179	0.00086	0.07871	0.00027	0.00018	5.3e-05	0.00012	0.00023	0.05714	0.00024
12	0.01491	0.01005	0.01259	0.59470	0.09399	0.00727	0.15841	0.01628	0.00797	0.02964	0.00986	0.00886	0.02291	0.00018	0.00018	5.7e-05	0.00619	0.00017	0.00557	0.00021
13	0.01091	0.00028	0.00038	0.26169	0.08442	0.00988	0.01196	0.08982	0.03110	0.01096	0.28403	0.03006	0.15733	0.00567	0.00019	5.7e-05	0.00540	0.00024	0.00541	0.00019

[dist]
# distance from previous block
# <min> <max>
3	34

[block]
# block no. 4 follows, 1998 sequences, length 34
# corresponding to MSA columns:
# 691-696,702-729
name=unknown_E
#
# <colnr> <probs for GDERKNQSTAVLIFYWHMCP>
#	G	D	E	R	K	N	Q	S	T	A	V	L	I	F	Y	W	H	M	C	P
0	0.01739	0.00313	0.16718	0.09731	0.06402	0.00879	0.12890	0.01656	0.03389	0.09336	0.05666	0.09531	0.02918	0.01631	0.03193	0.00205	0.10753	0.00593	0.00483	0.01973
1	0.00022	0.00016	0.00021	0.00025	0.00027	0.00015	0.00018	0.00026	0.00035	0.00046	0.01994	0.76972	0.03240	0.00052	0.00022	7.1e-05	0.00011	0.17419	0.00016	0.00014
2	0.00288	0.00023	0.00458	0.07104	0.10064	0.00024	0.01038	0.01743	0.00553	0.01160	0.01765	0.45733	0.04459	0.04058	0.06891	0.01353	0.07025	0.04776	0.01469	0.00017
3	0.00287	0.00034	0.00833	0.56264	0.29221	0.00038	0.01530	0.02711	0.01915	0.01820	0.00362	0.01212	0.00777	0.00018	0.00017	5.5e-05	0.00021	0.00648	0.02263	0.00022
4	0.54688	0.00034	0.00033	0.00027	0.00039	0.00036	0.00022	0.11524	0.00041	0.22910	0.00037	0.00038	0.00027	0.00018	0.00013	5.1e-05	0.00014	0.00012	0.01915	0.08569
5	0.00232	0.02321	0.04190	0.04014	0.13223	0.00597	0.00594	0.01027	0.01588	0.15015	0.18424	0.25510	0.08656	0.01954	0.00256	6.1e-05	0.00797	0.00828	0.00515	0.00252
6	0.00046	0.92468	0.01127	0.00030	0.00045	0.00706	0.00030	0.00053	0.02465	0.01045	0.00547	0.00030	0.00024	0.00016	0.00686	4e-05	0.00639	9.8e-05	7.9e-05	0.00022
7	0.08340	0.10400	0.08215	0.04359	0.03378	0.13353	0.03668	0.07489	0.05043	0.10685	0.01129	0.03282	0.01136	0.00019	0.00017	4.8e-05	0.03104	0.00015	0.00012	0.16353
8	0.04815	0.09005	0.04043	0.05002	0.07951	0.43610	0.02139	0.06137	0.06058	0.08341	0.00327	0.00701	0.00028	0.00019	0.00016	0.00514	0.01246	0.00013	0.00011	0.00023
9	0.00041	0.00040	0.00068	0.14570	0.84832	0.00041	0.00052	0.00052	0.00039	0.00055	0.00032	0.00043	0.00027	0.00016	0.00017	5.2e-05	0.00021	0.00015	8.4e-05	0.00026
10	0.00046	0.97729	0.01762	0.00030	0.00045	0.00068	0.00030	0.00052	0.00035	0.00041	0.00024	0.00028	0.00022	0.00015	0.00011	3.7e-05	0.00019	9.3e-05	7.4e-05	0.00022
11	0.00041	0.00047	0.00102	0.00073	0.00090	0.00044	0.99222	0.00055	0.00041	0.00055	0.00035	0.00047	0.00026	0.00015	0.00020	5.8e-05	0.00029	0.00020	8.7e-05	0.00023
12	0.00057	0.00044	0.00047	0.00038	0.00050	0.00049	0.00031	0.61464	0.36790	0.01163	0.00052	0.00050	0.00038	0.00022	0.00017	5.4e-05	0.00017	0.00017	0.00017	0.00029
13	0.00025	0.00018	0.00028	0.00028	0.00031	0.00021	0.00021	0.00031	0.00028	0.00040	0.00046	0.00068	0.00043	0.00128	0.97567	0.01789	0.00046	0.00018	9.2e-05	0.00015
14	0.00029	0.00018	0.00021	0.00020	0.00022	0.00018	0.00013	0.00031	0.00646	0.07924	0.12914	0.00112	0.00075	0.76346	0.00072	0.00014	0.00015	0.01682	0.00013	0.00013
15	0.00021	0.00015	0.00020	0.00024	0.00025	0.00014	0.00016	0.00024	0.00033	0.00044	0.00095	0.97568	0.00114	0.00054	0.00022	7e-05	0.00010	0.01861	0.00016	0.00014
16	0.00035	0.00028	0.00033	0.00030	0.00034	0.05320	0.00023	0.10657	0.00461	0.02010	0.00044	0.00067	0.00041	0.18852	0.40477	0.01314	0.13970	0.00018	0.06569	0.00017
17	0.05759	0.00270	0.00909	0.06404	0.00461	0.12086	0.22180	0.03651	0.16030	0.23093	0.00852	0.01924	0.00037	0.00786	0.00304	5.8e-05	0.03629	0.01582	0.00014	0.00024
18	0.00027	0.00020	0.00025	0.00026	0.00030	0.00021	0.00019	0.00040	0.20652	0.00053	0.10160	0.56128	0.02915	0.02339	0.00023	6.9e-05	0.00011	0.07471	0.00017	0.00017
19	0.08589	0.02822	0.00533	0.02355	0.02850	0.10950	0.01129	0.21427	0.43962	0.00546	0.00284	0.00049	0.00038	0.00021	0.00017	5.4e-05	0.02229	0.00016	0.00353	0.01825
20	0.05733	0.00247	0.03759	0.03888	0.05285	0.00938	0.60004	0.01794	0.00393	0.01911	0.00459	0.00419	0.00305	0.00018	0.01016	6e-05	0.09173	0.00282	9.2e-05	0.04362
21	0.00538	0.15141	0.43768	0.02637	0.08408	0.01354	0.06103	0.02465	0.01287	0.10049	0.00342	0.00329	0.00346	0.02236	0.02316	6e-05	0.02106	0.00014	9.6e-05	0.00546
22	0.00042	0.00046	0.04359	0.00506	0.01066	0.00248	0.79459	0.01786	0.01570	0.04019	0.00946	0.01151	0.00498	0.00257	0.00021	5.8e-05	0.01526	0.01575	0.00387	0.00535
23	0.00022	0.00016	0.00020	0.00023	0.00025	0.00014	0.00016	0.00025	0.00035	0.00716	0.04585	0.73985	0.18011	0.01593	0.00023	6.9e-05	9.9e-05	0.00845	0.00016	0.00014
24	0.02923	0.13824	0.09480	0.02497	0.09398	0.02979	0.04678	0.18958	0.01407	0.31032	0.00044	0.00045	0.00031	0.00019	0.00016	5.1e-05	0.00492	0.00015	0.00583	0.01574
25	0.00038	0.01417	0.00056	0.17543	0.28688	0.03763	0.07325	0.00983	0.00035	0.01143	0.00303	0.01280	0.00031	0.05635	0.10184	8.8e-05	0.20776	0.00509	8.8e-05	0.00271
26	0.00040	0.00030	0.00033	0.00030	0.00038	0.00342	0.00023	0.12755	0.38768	0.07061	0.14319	0.20466	0.02920	0.01155	0.00020	6e-05	0.00013	0.00361	0.01597	0.00023
27	0.00025	0.00467	0.00029	0.19218	0.00413	0.00021	0.00555	0.01091	0.00256	0.00047	0.02096	0.54402	0.05965	0.00629	0.00619	0.00614	0.00319	0.12977	0.00242	0.00016
28	0.00025	0.00017	0.00020	0.00020	0.00021	0.00017	0.00012	0.00026	0.00027	0.00036	0.00060	0.04930	0.00069	0.84619	0.00078	0.00015	0.00016	0.09968	0.00011	0.00011
29	0.00036	0.00031	0.00036	0.00026	0.00041	0.00023	0.00020	0.00043	0.00036	0.00057	0.01516	0.00037	0.00028	0.00013	0.00013	2.6e-05	0.00013	0.00011	0.00010	0.98009
30	0.00022	0.00016	0.00020	0.00022	0.00025	0.00015	0.00016	0.00027	0.00037	0.00050	0.18281	0.59910	0.14914	0.00047	0.00021	6.4e-05	9.5e-05	0.01506	0.05040	0.00015
31	0.88144	0.00034	0.00627	0.00024	0.00035	0.00038	0.00785	0.00779	0.00031	0.07860	0.00028	0.00031	0.00021	0.00017	0.00567	5.5e-05	0.00930	0.00010	0.00012	0.00020
32	0.14758	0.23597	0.28568	0.01633	0.01663	0.08741	0.01030	0.01592	0.00878	0.02001	0.00639	0.00343	0.00514	0.00019	0.00268	0.00426	0.12840	0.00258	0.00211	0.00022
33	0.00023	0.00017	0.00023	0.00719	0.00412	0.00017	0.00018	0.00027	0.00396	0.00044	0.00459	0.49427	0.10078	0.09323	0.15315	0.00398	0.00393	0.12882	0.00014	0.00014

[dist]
# distance from previous block
# <min> <max>
1	2

[block]
# block no. 5 follows, 1998 sequences, length 13
# corresponding to MSA columns:
# 732,735-737,740-748
name=unknown_F
#
# <colnr> <probs for GDERKNQSTAVLIFYWHMCP>
#	G	D	E	R	K	N	Q	S	T	A	V	L	I	F	Y	W	H	M	C	P
0	0.00043	0.00041	0.00070	0.00106	0.99285	0.00041	0.00053	0.00053	0.00039	0.00056	0.00033	0.00043	0.00027	0.00015	0.00017	5.1e-05	0.00021	0.00015	8.6e-05	0.00027
1	0.01305	0.10284	0.05388	0.02215	0.04349	0.02172	0.01237	0.11708	0.08851	0.06393	0.01086	0.00492	0.01208	0.00442	0.00628	4.3e-05	0.00960	0.00455	0.00701	0.40119
2	0.00729	0.04816	0.51858	0.06920	0.04378	0.01310	0.17079	0.00891	0.01642	0.04498	0.01152	0.00668	0.01698	0.00018	0.00522	5.6e-05	0.01233	0.00550	9e-05	0.00024
3	0.00028	0.00021	0.00025	0.00024	0.00029	0.00020	0.00018	0.00042	0.14985	0.01713	0.71597	0.02575	0.08788	0.00035	0.00020	5.6e-05	9.2e-05	0.00030	0.00019	0.00018
4	0.00033	0.00031	0.00052	0.99351	0.00119	0.00038	0.00048	0.00044	0.00035	0.00044	0.00031	0.00046	0.00023	0.00017	0.00017	5.8e-05	0.00023	0.00015	7.7e-05	0.00019
5	0.01074	0.03580	0.33480	0.17399	0.16622	0.00989	0.04937	0.00856	0.00993	0.15192	0.01056	0.00988	0.00030	0.00019	0.01100	5.7e-05	0.00598	0.00531	0.00525	0.00025
6	0.00023	0.00615	0.00740	0.00620	0.01532	0.00017	0.00586	0.00027	0.00038	0.00620	0.02118	0.22751	0.59731	0.00815	0.00780	0.00588	0.01372	0.06997	0.00016	0.00015
7	0.00078	0.00029	0.00040	0.00031	0.00044	0.00025	0.00025	0.00084	0.00049	0.99296	0.00068	0.00059	0.00043	0.00021	0.00017	5.3e-05	0.00015	0.00017	0.00021	0.00029
8	0.00905	0.01565	0.36020	0.11403	0.15797	0.01166	0.04097	0.02708	0.01967	0.16443	0.00648	0.02929	0.01355	0.00020	0.00677	5.7e-05	0.01427	0.00831	0.00011	0.00025
9	0.01093	0.06350	0.41100	0.09445	0.15186	0.01740	0.12151	0.01228	0.01293	0.06070	0.00036	0.00665	0.00694	0.00020	0.02217	5.9e-05	0.00658	0.00015	9e-05	0.00024
10	0.00040	0.00027	0.01028	0.01288	0.00860	0.03748	0.07779	0.00645	0.00559	0.21902	0.00697	0.22734	0.07119	0.08357	0.06833	0.01090	0.06935	0.07804	0.00536	0.00019
11	0.68579	0.09384	0.03270	0.01747	0.02729	0.06973	0.01198	0.03051	0.00034	0.01307	0.00026	0.00030	0.00020	0.00016	0.00013	5.2e-05	0.01576	0.00010	0.00010	0.00020
12	0.00022	0.00015	0.00020	0.00024	0.00025	0.00014	0.00016	0.00025	0.00033	0.00044	0.01870	0.85693	0.01850	0.08297	0.00028	7.8e-05	0.00011	0.01978	0.00016	0.00014

[dist]
# distance from previous block
# <min> <max>
2	3

[block]
# block no. 6 follows, 1998 sequences, length 15
# corresponding to MSA columns:
# 754,756-767,769,782
name=unknown_G
#
# <colnr> <probs for GDERKNQSTAVLIFYWHMCP>
#	G	D	E	R	K	N	Q	S	T	A	V	L	I	F	Y	W	H	M	C	P
0	0.01163	0.00713	0.00041	0.00032	0.00044	0.00029	0.00827	0.03204	0.00047	0.81125	0.00062	0.00057	0.00041	0.01990	0.01444	0.00688	0.07741	0.00017	0.00707	0.00028
1	0.02858	0.20865	0.08091	0.05511	0.26817	0.11012	0.02403	0.03165	0.03328	0.09811	0.00036	0.00876	0.00028	0.00019	0.01076	5.2e-05	0.03315	0.00748	0.00010	0.00024
2	0.00042	0.00041	0.00070	0.03686	0.95707	0.00041	0.00053	0.00053	0.00039	0.00056	0.00032	0.00043	0.00027	0.00015	0.00017	5.2e-05	0.00021	0.00015	8.5e-05	0.00027
3	0.01436	0.00037	0.00058	0.05905	0.53054	0.00036	0.02355	0.01871	0.00039	0.06444	0.00034	0.00042	0.00027	0.00016	0.00018	4.7e-05	0.04408	0.00014	9.9e-05	0.24190
4	0.00045	0.87870	0.11612	0.00032	0.00048	0.00065	0.00034	0.00052	0.00035	0.00042	0.00025	0.00029	0.00022	0.00015	0.00012	3.9e-05	0.00019	9.7e-05	7.4e-05	0.00023
5	0.00066	0.00048	0.00052	0.00040	0.00054	0.00054	0.00033	0.99227	0.00081	0.00109	0.00042	0.00042	0.00029	0.00021	0.00017	5.2e-05	0.00019	0.00016	0.00017	0.00029
6	0.00041	0.00043	0.02745	0.00055	0.00069	0.00042	0.53101	0.00068	0.37884	0.00062	0.02504	0.00058	0.00041	0.00019	0.00020	5.9e-05	0.01252	0.01951	0.00012	0.00025
7	0.52120	0.26796	0.18263	0.00030	0.00044	0.02404	0.00030	0.00052	0.00033	0.00063	0.00025	0.00030	0.00020	0.00016	0.00012	4.9e-05	0.00017	0.0001	9.1e-05	0.00021
8	0.00021	0.00017	0.00018	0.00018	0.00024	0.00015	0.00013	0.00025	0.00039	0.00048	0.04642	0.05731	0.89242	0.00044	0.00021	5.9e-05	8.8e-05	0.00037	0.00016	0.00015
9	0.00032	0.00016	0.00016	0.00016	0.00020	0.00016	0.00012	0.00040	0.00036	0.00064	0.00056	0.00064	0.00044	0.00020	0.00012	4e-05	8.1e-05	0.00016	0.99488	0.00016
10	0.00025	0.00017	0.00019	0.00019	0.00019	0.00017	0.00011	0.00025	0.00025	0.00034	0.00056	0.03439	0.00065	0.96064	0.00086	0.00016	0.00017	0.00026	0.00011	0.00011
11	0.00023	0.00018	0.00020	0.00020	0.00025	0.00015	0.00015	0.00029	0.00043	0.01769	0.39980	0.02377	0.55524	0.00040	0.00020	5.7e-05	8.6e-05	0.00034	0.00017	0.00016
12	0.52073	0.00610	0.00523	0.00027	0.01571	0.01127	0.00967	0.02212	0.03709	0.00608	0.00534	0.00610	0.00025	0.00017	0.00498	4.6e-05	0.01283	0.00512	0.00011	0.33079
13	0.01080	0.29314	0.41685	0.02058	0.10196	0.04328	0.05102	0.01040	0.02458	0.00633	0.00030	0.00036	0.00024	0.00016	0.00015	4.9e-05	0.00902	0.00013	8.1e-05	0.01057
14	0.24462	0.06972	0.00694	0.32722	0.07790	0.12902	0.00034	0.01171	0.02392	0.00056	0.06586	0.00049	0.01252	0.00019	0.00016	5.3e-05	0.00608	0.02240	0.00010	0.00020

[dist]
# distance from previous block
# <min> <max>
0	2

[block]
# block no. 7 follows, 1998 sequences, length 9
# corresponding to MSA columns:
# 786,788-793,795,796
name=unknown_H
#
# <colnr> <probs for GDERKNQSTAVLIFYWHMCP>
#	G	D	E	R	K	N	Q	S	T	A	V	L	I	F	Y	W	H	M	C	P
0	0.00026	0.00020	0.00027	0.00027	0.00028	0.00023	0.00020	0.00030	0.00028	0.00039	0.00053	0.06190	0.01948	0.29233	0.50122	0.00020	0.09895	0.02249	0.00010	0.00014
1	0.12006	0.00763	0.00722	0.09067	0.21147	0.03647	0.01822	0.11235	0.07127	0.18733	0.03579	0.00052	0.00745	0.01202	0.00736	5.5e-05	0.00983	0.01179	0.00013	0.05236
2	0.05691	0.23040	0.12356	0.11861	0.12010	0.07878	0.02668	0.10309	0.03109	0.07992	0.01041	0.00040	0.00028	0.00018	0.00884	5.2e-05	0.01021	0.00014	0.00010	0.00024
3	0.00026	0.00018	0.00021	0.00021	0.00023	0.00018	0.00014	0.00029	0.02256	0.01473	0.12082	0.03043	0.07490	0.58783	0.12952	0.00015	0.00019	0.01692	0.00012	0.00013
4	0.00022	0.00016	0.00020	0.00022	0.00025	0.00015	0.00015	0.00026	0.00037	0.00048	0.12195	0.50551	0.31273	0.02318	0.00023	6.7e-05	9.8e-05	0.03348	0.00016	0.00014
5	0.04503	0.03294	0.17043	0.11406	0.14158	0.03935	0.09772	0.16126	0.03088	0.09107	0.00039	0.01848	0.00030	0.00020	0.00892	5.6e-05	0.02247	0.01075	0.01384	0.00025
6	0.01112	0.01645	0.16611	0.18906	0.23975	0.08772	0.15203	0.02251	0.02105	0.02853	0.00034	0.01229	0.00027	0.00018	0.00019	5.5e-05	0.04243	0.00957	9.1e-05	0.00024
7	0.00031	0.00027	0.02473	0.04285	0.05941	0.02822	0.06025	0.00890	0.01201	0.04459	0.02695	0.18213	0.03789	0.08066	0.34033	0.00014	0.03842	0.01165	0.00012	0.00018
8	0.00845	0.00954	0.00992	0.19115	0.08932	0.01535	0.00029	0.03840	0.06910	0.09820	0.03719	0.30884	0.07048	0.00034	0.01360	6.3e-05	0.01425	0.00796	0.01736	0.00020

[dist]
# distance from previous block
# <min> <max>
1	8

[block]
# block no. 8 follows, 1998 sequences, length 7
# corresponding to MSA columns:
# 838-843,845
name=unknown_I
#
# <colnr> <probs for GDERKNQSTAVLIFYWHMCP>
#	G	D	E	R	K	N	Q	S	T	A	V	L	I	F	Y	W	H	M	C	P
0	0.01603	0.03229	0.01161	0.02374	0.02631	0.03927	0.01347	0.04464	0.05895	0.42571	0.05934	0.01988	0.05233	0.02246	0.03013	6.1e-05	0.01381	0.02067	0.01265	0.07667
1	0.00956	0.04352	0.09893	0.05068	0.20706	0.03312	0.34116	0.02317	0.02429	0.03088	0.02403	0.03142	0.01124	0.00018	0.00019	5.4e-05	0.01548	0.01064	0.01488	0.02953
2	0.02771	0.03040	0.09591	0.01363	0.07568	0.02551	0.01901	0.04718	0.03911	0.05871	0.01161	0.01027	0.00031	0.00017	0.01084	4.1e-05	0.00016	0.01007	0.00011	0.52355
3	0.99514	0.00033	0.00025	0.00023	0.00033	0.00039	0.00019	0.00051	0.00029	0.00078	0.00024	0.00028	0.00019	0.00016	0.00011	5.3e-05	0.00013	9.4e-05	0.00011	0.00019
4	0.00871	0.22122	0.16588	0.03951	0.10811	0.12827	0.03799	0.01064	0.01292	0.02418	0.04871	0.03314	0.02200	0.01962	0.01384	5.3e-05	0.01042	0.00866	9.8e-05	0.08604
5	0.00025	0.00019	0.00021	0.00022	0.00027	0.00017	0.00017	0.00030	0.02284	0.02023	0.02803	0.02305	0.53322	0.12796	0.02402	8.2e-05	0.00012	0.21835	0.00015	0.00015
6	0.00029	0.00027	0.07258	0.04064	0.05913	0.00957	0.03434	0.00936	0.01264	0.01088	0.46319	0.05780	0.10476	0.01895	0.01917	6.4e-05	0.01546	0.06156	0.00918	0.00018

[dist]
# distance from previous block
# <min> <max>
4	78

[block]
# block no. 9 follows, 1998 sequences, length 24
# corresponding to MSA columns:
# 933-945,957-960,962-965,968-970
name=unknown_J
#
# <colnr> <probs for GDERKNQSTAVLIFYWHMCP>
#	G	D	E	R	K	N	Q	S	T	A	V	L	I	F	Y	W	H	M	C	P
0	0.00041	0.03301	0.17183	0.22217	0.20368	0.15000	0.08294	0.00689	0.02952	0.00707	0.01814	0.00439	0.02774	0.00998	0.01033	5.7e-05	0.01571	0.00311	0.00282	0.00023
1	0.00030	0.04546	0.06631	0.01631	0.08250	0.00902	0.01205	0.00816	0.05932	0.01168	0.44954	0.03396	0.16261	0.01025	0.01862	0.00284	0.00621	0.00027	0.00015	0.00444
2	0.00026	0.00020	0.00026	0.00704	0.05782	0.00018	0.00020	0.00031	0.00040	0.00624	0.23351	0.38480	0.21884	0.00045	0.00022	6.6e-05	0.00011	0.07838	0.00017	0.01055
3	0.93841	0.00034	0.00751	0.00025	0.01482	0.00764	0.00020	0.00884	0.00031	0.02008	0.00025	0.00029	0.00019	0.00016	0.00011	5.3e-05	0.00014	9.7e-05	0.00011	0.00019
4	0.00463	0.01856	0.25074	0.20231	0.18484	0.01285	0.13417	0.01184	0.08369	0.01121	0.00854	0.00321	0.00577	0.00021	0.03242	6.3e-05	0.02222	0.00660	0.00285	0.00329
5	0.00039	0.00038	0.00054	0.00046	0.00046	0.00053	0.01433	0.04649	0.00029	0.00045	0.00024	0.00038	0.00023	0.00030	0.00054	7.4e-05	0.93349	0.00015	8e-05	0.00019
6	0.00692	0.14255	0.11211	0.04893	0.14574	0.05462	0.16239	0.05690	0.00766	0.05939	0.02997	0.01405	0.04432	0.01012	0.00630	5.5e-05	0.04798	0.00983	0.00318	0.03700
7	0.94895	0.00033	0.00026	0.00023	0.00034	0.00038	0.00019	0.00053	0.01717	0.03000	0.00026	0.00030	0.00020	0.00016	0.00011	5.4e-05	0.00013	9.8e-05	0.00011	0.00019
8	0.00027	0.00018	0.00023	0.00024	0.00028	0.00017	0.00423	0.00695	0.01135	0.08834	0.11181	0.48970	0.18181	0.02248	0.06090	7.9e-05	0.00013	0.01175	0.00894	0.00016
9	0.00501	0.00024	0.00587	0.00030	0.00035	0.00024	0.00986	0.02414	0.03817	0.06262	0.09074	0.03287	0.12099	0.02903	0.06452	8.4e-05	0.08730	0.39255	0.00015	0.03496
10	0.00940	0.00699	0.00035	0.08127	0.00446	0.13019	0.00026	0.00038	0.00031	0.00611	0.00042	0.02412	0.00040	0.12357	0.48367	0.00018	0.11406	0.00018	0.01350	0.00016
11	0.00027	0.00021	0.00030	0.00029	0.00032	0.00025	0.01072	0.00032	0.00027	0.00039	0.00044	0.00071	0.00043	0.15327	0.70477	0.00023	0.12636	0.00019	9.2e-05	0.00015
12	0.00043	0.00037	0.00039	0.00035	0.00045	0.00043	0.00027	0.00092	0.99253	0.00072	0.00070	0.00065	0.00053	0.00023	0.00018	5.9e-05	0.00014	0.00020	0.00018	0.00027
13	0.00023	0.00018	0.00022	0.02348	0.02538	0.00401	0.00444	0.00028	0.00561	0.00050	0.15707	0.23607	0.50310	0.01347	0.00525	6.3e-05	0.00010	0.01637	0.00016	0.00401
14	0.99514	0.00033	0.00025	0.00023	0.00033	0.00039	0.00019	0.00051	0.00029	0.00078	0.00024	0.00028	0.00019	0.00016	0.00011	5.3e-05	0.00013	9.4e-05	0.00011	0.00019
15	0.00041	0.00047	0.00102	0.00073	0.00090	0.00044	0.99222	0.00055	0.00041	0.00055	0.00035	0.00047	0.00026	0.00015	0.00020	5.8e-05	0.00029	0.00020	8.7e-05	0.00023
16	0.00034	0.00031	0.00052	0.94945	0.00116	0.00039	0.00047	0.02502	0.00036	0.00046	0.00031	0.00046	0.00023	0.00018	0.00018	5.8e-05	0.01968	0.00015	7.9e-05	0.00019
17	0.06259	0.00039	0.00803	0.25499	0.49650	0.00041	0.11301	0.01219	0.00038	0.00054	0.00031	0.00043	0.00025	0.00017	0.00019	5.5e-05	0.04908	0.00016	8.5e-05	0.00024
18	0.93450	0.00033	0.00027	0.04628	0.01488	0.00039	0.00021	0.00051	0.00030	0.00076	0.00025	0.00029	0.00019	0.00016	0.00011	5.4e-05	0.00014	9.7e-05	0.00011	0.00019
19	0.00021	0.00016	0.00020	0.00023	0.00025	0.00015	0.00016	0.00025	0.00034	0.00045	0.01120	0.82569	0.13795	0.00052	0.00022	6.9e-05	0.00942	0.01223	0.00016	0.00014
20	0.76219	0.01307	0.01418	0.00755	0.01657	0.09518	0.00901	0.00949	0.00326	0.01285	0.00027	0.01004	0.00021	0.00017	0.00013	5.3e-05	0.02460	0.00366	0.00601	0.01149
21	0.00023	0.00019	0.00020	0.00787	0.00026	0.02476	0.00015	0.00028	0.00040	0.01553	0.13640	0.16585	0.64641	0.00043	0.00021	5.9e-05	9.6e-05	0.00037	0.00016	0.00015
22	0.63764	0.00747	0.00647	0.00027	0.00039	0.00770	0.00554	0.13321	0.01300	0.17668	0.00035	0.00036	0.00025	0.00018	0.00013	5.3e-05	0.00015	0.00012	0.00013	0.00991
23	0.60014	0.00551	0.00031	0.00829	0.00336	0.01542	0.01377	0.04757	0.09400	0.06783	0.02006	0.01983	0.01976	0.03621	0.01705	6.3e-05	0.01873	0.01179	0.00013	0.00020

[dist]
# distance from previous block
# <min> <max>
3	24

[block]
# block no. 10 follows, 1998 sequences, length 17
# corresponding to MSA columns:
# 995-999,1004-1015
name=unknown_K
#
# <colnr> <probs for GDERKNQSTAVLIFYWHMCP>
#	G	D	E	R	K	N	Q	S	T	A	V	L	I	F	Y	W	H	M	C	P
0	0.00028	0.00018	0.00025	0.00026	0.00484	0.00018	0.01878	0.01309	0.01028	0.00656	0.04137	0.32533	0.01695	0.00967	0.06101	0.39154	0.01458	0.06359	0.02117	0.00013
1	0.00025	0.00018	0.00024	0.00024	0.00026	0.00020	0.00017	0.00029	0.00027	0.00038	0.02265	0.00090	0.00055	0.42138	0.52041	0.00022	0.01236	0.01881	0.00010	0.00013
2	0.00027	0.00019	0.00024	0.00022	0.00027	0.00017	0.00017	0.01232	0.01380	0.03414	0.90698	0.00126	0.02862	0.00035	0.00020	5.4e-05	8.6e-05	0.00031	0.00019	0.00017
3	0.01137	0.00021	0.00026	0.00024	0.00979	0.00020	0.00554	0.00893	0.06223	0.11973	0.44158	0.10483	0.17181	0.00566	0.00959	5.9e-05	0.00010	0.00030	0.04739	0.00018
4	0.30778	0.16570	0.09843	0.09014	0.06493	0.01846	0.01055	0.02724	0.00036	0.11619	0.01030	0.00572	0.00671	0.00762	0.02626	5.9e-05	0.04309	0.00013	0.00011	0.00022
5	0.00034	0.00031	0.00047	0.00746	0.49417	0.00031	0.00035	0.00699	0.06895	0.00053	0.01129	0.19441	0.17900	0.01104	0.00020	5.9e-05	0.01621	0.00758	0.00012	0.00022
