[name]
unknown

[dist]
# distance from previous block
# <min> <max>
0	122

[block]
# block no. 0 follows, 3124 sequences, length 19
# corresponding to MSA columns:
# 162-176,178-181
name=unknown_A
#
# <colnr> <probs for GDERKNQSTAVLIFYWHMCP>
#	G	D	E	R	K	N	Q	S	T	A	V	L	I	F	Y	W	H	M	C	P
0	0.01260	0.00019	0.00023	0.00018	0.00025	0.00484	0.00015	0.02612	0.00644	0.18440	0.03458	0.00038	0.00611	0.15827	0.00689	4.2e-05	0.14768	0.01134	8.1e-05	0.39923
1	0.04781	0.02477	0.05604	0.12800	0.15924	0.04905	0.15730	0.08227	0.05517	0.12793	0.01282	0.02040	0.02100	0.00482	0.00012	3.6e-05	0.04210	0.00335	7.6e-05	0.00768
2	0.00770	0.12477	0.28656	0.03034	0.06255	0.03175	0.07254	0.03890	0.04416	0.20976	0.03261	0.02987	0.00960	0.00332	0.00011	3.4e-05	0.00580	0.00384	7.8e-05	0.00571
3	0.00016	0.00012	0.00014	0.01033	0.00017	0.00011	0.00623	0.01244	0.02480	0.03895	0.13349	0.05419	0.68387	0.00457	0.00685	3.9e-05	0.00480	0.01438	0.00426	0.00010
4	0.00023	0.05957	0.89288	0.00031	0.00047	0.00027	0.03021	0.00035	0.00023	0.00035	0.00020	0.00023	0.00014	0.00011	0.00011	3.5e-05	0.01401	8.2e-05	4.7e-05	0.00016
5	0.01231	0.01074	0.06853	0.06956	0.21663	0.01295	0.10297	0.09610	0.04399	0.17852	0.00685	0.01076	0.00492	0.00319	0.00668	3.3e-05	0.00832	0.00010	0.00384	0.14301
6	0.00499	0.01700	0.02827	0.12441	0.57873	0.01511	0.03849	0.02135	0.02489	0.09369	0.00439	0.00829	0.00488	0.01343	0.00567	3.6e-05	0.01604	0.00010	6.5e-05	0.00016
7	0.00481	0.00011	0.00017	0.00658	0.00017	0.00011	0.01296	0.00678	0.00723	0.10984	0.09410	0.00817	0.01231	0.00500	0.00035	0.72605	9.3e-05	0.00503	6.8e-05	7.4e-05
8	0.00026	0.00029	0.00061	0.05196	0.01017	0.00536	0.86474	0.00628	0.00026	0.00706	0.00528	0.01917	0.00019	0.00010	0.00013	3.7e-05	0.01458	0.00577	5.8e-05	0.00769
9	0.02591	0.08667	0.08483	0.05650	0.26131	0.02447	0.17479	0.04131	0.03196	0.12409	0.00439	0.02384	0.00368	0.00012	0.00376	3.4e-05	0.01930	0.00328	0.00390	0.02586
10	0.00023	0.03617	0.02649	0.08582	0.10371	0.02949	0.02910	0.01583	0.03347	0.06057	0.06185	0.01739	0.11484	0.10800	0.17369	0.00639	0.09282	0.00395	7.4e-05	0.00012
11	0.00019	9.6e-05	0.00014	0.00014	0.00014	9.6e-05	9.6e-05	0.00014	0.00014	0.00019	0.00019	0.00034	0.00019	0.00039	0.00043	0.99677	9.6e-05	9.6e-05	4.8e-05	4.8e-05
12	0.00441	0.20542	0.30087	0.03719	0.04905	0.02450	0.08327	0.02540	0.02303	0.13736	0.02042	0.04409	0.00780	0.00660	0.00386	0.01753	0.00889	0.00010	6.9e-05	0.00015
13	0.00740	0.14818	0.42222	0.03126	0.10403	0.02531	0.05190	0.03558	0.02673	0.11917	0.00559	0.00535	0.00373	0.00012	0.00370	3.4e-05	0.00474	0.00472	6.5e-05	0.00016
14	0.01215	0.04161	0.09775	0.07071	0.10457	0.24397	0.07482	0.04837	0.05530	0.07534	0.00507	0.06058	0.01201	0.00014	0.00340	0.00853	0.07399	0.00749	0.00404	0.00014
15	0.21255	0.09863	0.04074	0.05334	0.28590	0.08960	0.09949	0.01226	0.00370	0.01744	0.00369	0.00697	0.00357	0.00011	0.00011	3.3e-05	0.03630	8.8e-05	0.00664	0.02885
16	0.00027	0.00621	0.00783	0.01210	0.00770	0.00371	0.00709	0.08332	0.34566	0.12772	0.10872	0.10547	0.07615	0.00795	0.01061	3.8e-05	0.00754	0.00920	0.02812	0.04461
17	0.00450	0.03352	0.00016	0.00015	0.00016	0.03534	9.7e-05	0.01001	0.00585	0.00535	0.00033	0.00868	0.00036	0.67387	0.18829	0.00485	0.01463	0.00775	0.00602	8.2e-05
18	0.00417	0.01116	0.13826	0.14507	0.30656	0.05055	0.06645	0.01116	0.03461	0.08646	0.03688	0.01739	0.00756	0.00651	0.00717	0.01036	0.04361	0.00298	0.00399	0.00911

[dist]
# distance from previous block
# <min> <max>
4	66

[block]
# block no. 1 follows, 3124 sequences, length 14
# corresponding to MSA columns:
# 254-267
name=unknown_B
#
# <colnr> <probs for GDERKNQSTAVLIFYWHMCP>
#	G	D	E	R	K	N	Q	S	T	A	V	L	I	F	Y	W	H	M	C	P
0	0.02338	0.05708	0.17470	0.01440	0.18445	0.01144	0.02578	0.01404	0.01705	0.00874	0.00020	0.00024	0.00016	9.5e-05	9.5e-05	2.6e-05	0.00625	7.8e-05	6.1e-05	0.46172
1	0.00664	0.00026	0.00721	0.09301	0.72821	0.04361	0.00031	0.01864	0.01783	0.01293	0.00022	0.00597	0.00018	0.00011	0.00577	3.4e-05	0.01897	9.8e-05	0.00574	0.03426
2	0.00018	0.00014	0.00019	0.04377	0.06824	0.00014	0.01453	0.03103	0.00595	0.00971	0.04043	0.11435	0.00698	0.29784	0.29760	0.04233	0.00690	0.01291	0.00666	9.8e-05
3	0.00016	0.00012	0.00017	0.00017	0.00019	0.01220	0.00013	0.00020	0.00018	0.00026	0.01112	0.01249	0.00031	0.13505	0.80406	0.00016	0.01110	0.01177	6.2e-05	9.5e-05
4	0.01574	0.00542	0.00018	0.00015	0.00020	0.00816	0.00495	0.03103	0.03732	0.20295	0.36353	0.01554	0.13210	0.00514	0.00012	3.4e-05	0.00859	0.00864	0.14740	0.01280
5	0.00015	0.00012	0.00017	0.00018	0.00020	0.00011	0.07962	0.00018	0.00022	0.01056	0.03583	0.76865	0.01199	0.00031	0.00014	4.3e-05	7.6e-05	0.05331	0.03803	9.8e-05
6	0.00636	0.44829	0.15180	0.00022	0.00032	0.01909	0.00022	0.20185	0.04391	0.01799	0.07380	0.00029	0.01304	0.00012	9.4e-05	3e-05	0.00012	0.00919	0.00677	0.00650
7	0.00018	0.00015	0.05443	0.00021	0.00025	0.00014	0.01857	0.00024	0.00025	0.00033	0.00055	0.00117	0.00060	0.02553	0.00016	5.1e-05	0.00011	0.89688	9.7e-05	0.00011
8	0.00016	0.00011	0.00012	0.00013	0.00013	0.00011	7.5e-05	0.00016	0.00017	0.00022	0.00038	0.10182	0.00043	0.83475	0.03170	0.01467	0.00011	0.01461	7.1e-05	7.1e-05
9	0.00024	0.00020	0.00023	0.00017	0.00026	0.00015	0.00013	0.03132	0.00024	0.01907	0.00022	0.00025	0.01823	8.8e-05	8.5e-05	1.8e-05	8.3e-05	7.1e-05	6.9e-05	0.92886
10	0.00016	0.00012	0.00018	0.00018	0.00019	0.00014	0.00014	0.00020	0.00018	0.00026	0.00030	0.00045	0.00028	0.04758	0.94892	0.00018	0.00029	0.00012	6e-05	9.8e-05
11	0.00023	0.00020	0.00023	0.00017	0.00026	0.00015	0.00013	0.00029	0.03089	0.00036	0.00023	0.00026	0.02395	8.9e-05	8.4e-05	1.8e-05	8.2e-05	7.2e-05	6.8e-05	0.94225
12	0.00042	0.00031	0.00033	0.00026	0.00034	0.00034	0.00021	0.99504	0.00052	0.00070	0.00027	0.00027	0.00019	0.00013	0.00011	3.3e-05	0.00012	0.0001	0.00011	0.00019
13	0.93279	0.00022	0.00017	0.00015	0.00022	0.00025	0.00012	0.02474	0.00020	0.04009	0.00017	0.00019	0.00013	0.00011	7.1e-05	3.4e-05	8.7e-05	6.3e-05	7.2e-05	0.00012

[dist]
# distance from previous block
# <min> <max>
0	1

[block]
# block no. 2 follows, 3124 sequences, length 23
# corresponding to MSA columns:
# 269-291
name=unknown_C
#
# <colnr> <probs for GDERKNQSTAVLIFYWHMCP>
#	G	D	E	R	K	N	Q	S	T	A	V	L	I	F	Y	W	H	M	C	P
0	0.41067	0.10732	0.03807	0.13648	0.13894	0.08577	0.02262	0.00899	0.01012	0.02575	0.00337	0.00023	0.00354	0.00011	0.00328	3.4e-05	0.00443	7.8e-05	6.2e-05	0.00014
1	0.00014	0.00010	0.00013	0.00015	0.00016	9.4e-05	0.00010	0.00016	0.00022	0.00849	0.00907	0.76525	0.15368	0.00033	0.00014	4.4e-05	6.5e-05	0.04896	0.00010	0.01260
2	0.00025	0.00024	0.00034	0.00029	0.00029	0.00034	0.00024	0.02809	0.00018	0.00028	0.00015	0.00024	0.00015	0.00019	0.00036	4.8e-05	0.96805	9.7e-05	5e-05	0.00012
3	0.00018	0.00012	0.00016	0.00017	0.00020	0.00012	0.00014	0.00023	0.00028	0.03478	0.41396	0.01074	0.06859	0.00027	0.00014	4.3e-05	7.8e-05	0.46959	0.00011	0.00011
4	0.99688	0.00021	0.00016	0.00015	0.00021	0.00025	0.00012	0.00033	0.00019	0.00050	0.00015	0.00018	0.00012	0.00010	6.9e-05	3.4e-05	8.6e-05	6e-05	6.9e-05	0.00012
5	0.00025	0.00025	0.00034	0.00029	0.00029	0.02410	0.00024	0.00027	0.00017	0.00027	0.00015	0.00024	0.00015	0.00019	0.00036	4.8e-05	0.97213	9.7e-05	4.9e-05	0.00012
6	0.00876	0.00014	0.00018	0.00015	0.00020	0.00012	0.00012	0.00431	0.00798	0.09000	0.40207	0.04105	0.03684	0.00020	0.00014	0.09196	7.1e-05	0.02026	0.02797	0.26747
7	0.00020	0.00024	0.15511	0.51647	0.06159	0.00021	0.00027	0.00722	0.00022	0.00593	0.00027	0.14133	0.00026	0.05713	0.04372	4.8e-05	0.00482	0.00476	6e-05	0.00012
8	0.25571	0.00036	0.00026	0.00023	0.00029	0.49418	0.00018	0.02216	0.01411	0.14143	0.04521	0.00025	0.00020	0.00012	9.5e-05	3.1e-05	0.00014	8.1e-05	7.7e-05	0.02488
9	0.00016	0.00013	0.01389	0.00018	0.00020	0.00014	0.00014	0.00020	0.01453	0.00026	0.00031	0.00047	0.00029	0.07346	0.87931	0.00017	0.00028	0.01573	6.1e-05	9.9e-05
10	0.04069	0.00021	0.00022	0.00020	0.00026	0.00022	0.00015	0.11828	0.45534	0.11732	0.07827	0.02673	0.13841	0.00018	0.00012	3.6e-05	8.4e-05	0.00757	0.01558	0.00016
11	0.05896	0.00015	0.00018	0.00016	0.00021	0.00014	0.00013	0.03682	0.00027	0.25372	0.00067	0.06435	0.37741	0.00715	0.02295	3.9e-05	8.3e-05	0.07562	0.00010	0.10090
12	0.39022	0.00024	0.00022	0.00019	0.00026	0.05121	0.00015	0.12519	0.26955	0.02618	0.02833	0.05936	0.01384	0.00015	0.00010	3.6e-05	0.01672	0.01007	0.00408	0.00392
13	0.00029	0.95574	0.04098	0.00020	0.00029	0.00043	0.00020	0.00033	0.00023	0.00026	0.00016	0.00018	0.00014	9.5e-05	7.3e-05	2.4e-05	0.00012	6e-05	4.7e-05	0.00014
14	0.00021	0.00013	0.00016	0.00015	0.00019	0.00012	0.00011	0.04183	0.01558	0.12225	0.54890	0.01424	0.19986	0.01074	0.00013	3.6e-05	6.4e-05	0.02498	0.02019	0.00012
15	0.00017	0.00012	0.00015	0.00841	0.00465	0.00972	0.00011	0.02550	0.00602	0.01986	0.24326	0.19347	0.22797	0.05513	0.06627	0.06019	0.00528	0.06979	9.9e-05	0.00383
16	0.01267	0.00022	0.00027	0.00021	0.00484	0.00021	0.00017	0.24777	0.01893	0.66474	0.00545	0.00036	0.00508	0.00015	0.01677	3.6e-05	0.00010	0.00461	0.01722	0.00018
17	0.00899	0.00020	0.00033	0.95485	0.00074	0.00922	0.00030	0.00029	0.00022	0.00911	0.00020	0.00029	0.00015	0.00011	0.00011	3.7e-05	0.01457	9.8e-05	5e-05	0.00012
18	0.00018	0.00014	0.00020	0.00407	0.07567	0.00451	0.02554	0.00785	0.00443	0.00539	0.01567	0.03894	0.00401	0.25319	0.47374	0.01113	0.02286	0.04899	0.00340	0.0001
19	0.00024	0.00023	0.00697	0.10863	0.37275	0.02287	0.11465	0.02048	0.00433	0.01563	0.00026	0.06727	0.00024	0.01634	0.09823	0.05545	0.06221	0.03303	6.2e-05	0.00014
20	0.00436	0.00020	0.00032	0.79979	0.06659	0.01043	0.00490	0.00678	0.01554	0.00537	0.01066	0.02062	0.00631	0.01289	0.00012	0.01734	0.00472	0.01286	5.5e-05	0.00013
21	0.00022	0.00015	0.00023	0.01101	0.02745	0.00445	0.06396	0.01976	0.00401	0.10451	0.01079	0.15361	0.00676	0.01294	0.00482	4.7e-05	0.03095	0.54412	9.9e-05	0.00012
22	0.00285	0.01080	0.03897	0.17309	0.14398	0.07133	0.31842	0.02160	0.04908	0.01008	0.01100	0.04818	0.04181	0.00263	0.00394	3.7e-05	0.02386	0.00961	0.01861	0.00014

[dist]
# distance from previous block
# <min> <max>
0	1

[block]
# block no. 3 follows, 3124 sequences, length 25
# corresponding to MSA columns:
# 293-306,308-317,323
name=unknown_D
#
# <colnr> <probs for GDERKNQSTAVLIFYWHMCP>
#	G	D	E	R	K	N	Q	S	T	A	V	L	I	F	Y	W	H	M	C	P
0	0.93714	0.00896	0.00018	0.00729	0.00787	0.00715	0.00013	0.00837	0.00019	0.00049	0.00016	0.00018	0.00012	0.00010	7.5e-05	3.4e-05	0.01610	6.2e-05	0.00527	0.00012
1	0.00020	0.01329	0.02769	0.07903	0.16920	0.00495	0.00728	0.00024	0.00272	0.00557	0.00300	0.00539	0.00686	0.21660	0.35808	0.00258	0.08911	0.00522	0.00289	0.00011
2	0.00316	0.06867	0.03676	0.01704	0.00751	0.73982	0.00890	0.02664	0.01196	0.01175	0.00418	0.00465	0.00016	0.00015	0.04763	3.6e-05	0.00792	7.8e-05	6e-05	0.00293
3	0.00016	0.00012	0.00015	0.00014	0.00017	0.00011	0.00011	0.00021	0.01489	0.00044	0.93897	0.01276	0.03091	0.00023	0.00013	3.5e-05	5.3e-05	0.00020	0.00012	0.00011
4	0.00014	0.00010	0.00013	0.00016	0.00017	9.5e-05	0.00011	0.00016	0.00022	0.00029	0.02226	0.78069	0.03198	0.06127	0.00017	4.9e-05	7e-05	0.10174	0.00010	9e-05
5	0.00025	0.00026	0.02351	0.00699	0.00035	0.03874	0.20410	0.00405	0.00687	0.00412	0.00019	0.00031	0.00018	0.02117	0.03121	5e-05	0.62020	0.03728	5.4e-05	0.00013
6	0.00025	0.00020	0.00023	0.00017	0.00027	0.00016	0.00596	0.00714	0.05819	0.06726	0.01437	0.00026	0.00020	9.3e-05	8.7e-05	1.9e-05	8.4e-05	7.5e-05	0.00671	0.83828
7	0.00017	0.00012	0.00017	0.00018	0.00021	0.00012	0.01253	0.00021	0.00025	0.00032	0.01496	0.12793	0.15779	0.01421	0.00015	4.9e-05	9.1e-05	0.67034	0.00010	9.9e-05
8	0.94810	0.00022	0.00017	0.00015	0.00022	0.00025	0.00012	0.03474	0.00020	0.01480	0.00016	0.00019	0.00012	0.00010	7.1e-05	3.4e-05	8.7e-05	6.2e-05	7.1e-05	0.00012
9	0.00018	0.00010	0.00014	0.00014	0.00015	0.00011	9.6e-05	0.00016	0.00015	0.00021	0.00024	0.00044	0.00025	0.22468	0.15344	0.61915	0.00013	0.00011	5.4e-05	6e-05
10	0.02478	0.97169	0.00057	0.00019	0.00028	0.00043	0.00019	0.00033	0.00022	0.00027	0.00015	0.00018	0.00014	9.5e-05	7.1e-05	2.4e-05	0.00012	5.9e-05	4.8e-05	0.00014
11	0.01421	0.00021	0.00027	0.00021	0.00029	0.01074	0.00017	0.12767	0.00034	0.84407	0.00041	0.00036	0.00026	0.00014	0.00011	3.4e-05	9.9e-05	0.00011	0.00013	0.00019
12	0.00016	0.00011	0.00012	0.00012	0.00012	0.00011	7.1e-05	0.00016	0.00016	0.00022	0.00035	0.01594	0.00040	0.94251	0.03891	0.00011	0.00011	0.00016	6.7e-05	6.9e-05
13	0.99688	0.00021	0.00016	0.00015	0.00021	0.00025	0.00012	0.00033	0.00019	0.00050	0.00015	0.00018	0.00012	0.00010	6.9e-05	3.4e-05	8.6e-05	6e-05	6.9e-05	0.00012
14	0.00014	0.00010	0.00014	0.00016	0.00018	9.9e-05	0.01442	0.00017	0.00022	0.00029	0.00062	0.78604	0.04264	0.00033	0.00014	4.6e-05	7.2e-05	0.15397	0.00010	9.3e-05
15	0.00023	0.00020	0.00024	0.00017	0.00026	0.00016	0.00014	0.00028	0.00023	0.01593	0.00020	0.00023	0.00017	8.8e-05	9.5e-05	1.8e-05	0.04206	6.8e-05	6.6e-05	0.93918
16	0.00048	0.00020	0.00026	0.00020	0.00029	0.00018	0.00017	0.04246	0.06381	0.89006	0.00043	0.00038	0.00028	0.00014	0.00011	3.5e-05	9.5e-05	0.00011	0.00013	0.00019
17	0.00023	0.03501	0.96111	0.00031	0.00047	0.00026	0.00040	0.00035	0.00023	0.00035	0.00020	0.00023	0.00014	0.00011	0.00010	3.5e-05	0.00016	8.1e-05	4.7e-05	0.00016
18	0.06347	0.00502	0.00663	0.02021	0.00040	0.58184	0.26446	0.00449	0.00802	0.00031	0.00021	0.03860	0.00560	0.00012	0.00011	3.2e-05	0.00018	9.8e-05	6e-05	0.00013
19	0.00459	0.00016	0.00762	0.00019	0.00025	0.00452	0.00770	0.00451	0.00508	0.48156	0.00036	0.00040	0.00027	0.02448	0.43382	9.9e-05	0.02402	0.00012	9.7e-05	0.00014
20	0.00050	0.00019	0.00026	0.00020	0.00028	0.00016	0.00016	0.00054	0.00032	0.99548	0.00044	0.00038	0.00027	0.00014	0.00011	3.4e-05	9.4e-05	0.00011	0.00014	0.00019
21	0.02464	0.00012	0.00014	0.01101	0.00595	0.00011	0.00686	0.00019	0.00026	0.00548	0.17241	0.11969	0.52151	0.00027	0.00013	4e-05	6.6e-05	0.13094	0.00010	9.9e-05
22	0.00029	0.08170	0.06651	0.03256	0.46300	0.02059	0.23833	0.00882	0.01123	0.06785	0.00023	0.00428	0.00018	0.00010	0.00011	3.4e-05	0.00387	0.00010	6.1e-05	0.00016
23	0.00029	0.01692	0.00913	0.08633	0.01779	0.26351	0.00336	0.01750	0.36438	0.00282	0.02120	0.02423	0.00419	0.00571	0.00421	3.8e-05	0.10797	0.04773	0.00256	0.00014
24	0.64311	0.00754	0.00428	0.00943	0.12545	0.13256	0.03369	0.00487	0.00365	0.00549	0.00017	0.00365	0.00014	0.00011	8.9e-05	3.4e-05	0.02548	7.2e-05	6.5e-05	0.00013

[dist]
# distance from previous block
# <min> <max>
0	1

[block]
# block no. 4 follows, 3124 sequences, length 9
# corresponding to MSA columns:
# 325-333
name=unknown_E
#
# <colnr> <probs for GDERKNQSTAVLIFYWHMCP>
#	G	D	E	R	K	N	Q	S	T	A	V	L	I	F	Y	W	H	M	C	P
0	0.01664	0.01609	0.03055	0.04765	0.04014	0.10715	0.08964	0.01776	0.22896	0.02516	0.15816	0.01310	0.16036	0.00715	0.00013	3.6e-05	0.02683	0.00767	0.00670	0.00014
1	0.00029	0.10209	0.01119	0.01498	0.01035	0.09165	0.07110	0.04036	0.00920	0.09466	0.00879	0.01245	0.00018	0.00015	0.00023	3.9e-05	0.47782	9.7e-05	6.4e-05	0.05430
2	0.00025	0.00020	0.00023	0.00017	0.00026	0.00015	0.00013	0.00030	0.00024	0.06168	0.00021	0.00024	0.00017	8.6e-05	8.4e-05	1.8e-05	8.3e-05	6.9e-05	7e-05	0.93537
3	0.03607	0.01206	0.03910	0.15695	0.12444	0.00864	0.01801	0.06577	0.00029	0.45235	0.00747	0.00699	0.00657	0.00686	0.01273	0.00633	0.01637	0.01633	0.00650	0.00016
4	0.02040	0.14066	0.23416	0.03153	0.11462	0.00746	0.02225	0.02158	0.08649	0.06278	0.07995	0.01342	0.10507	0.00014	0.00011	3.3e-05	0.00736	0.00672	0.00669	0.03858
5	0.00022	0.00015	0.00018	0.01500	0.00878	0.02307	0.00938	0.04835	0.15883	0.00930	0.03973	0.03230	0.01687	0.13698	0.00932	0.45494	0.00010	0.03634	7.3e-05	9.1e-05
6	0.00027	0.00023	0.00025	0.00022	0.00028	0.00027	0.00017	0.02873	0.89993	0.00047	0.03670	0.00045	0.03123	0.00016	0.00011	3.7e-05	8.7e-05	0.00013	0.00011	0.00017
7	0.00632	0.03235	0.13717	0.05428	0.10261	0.01613	0.04437	0.01215	0.00727	0.05910	0.04691	0.05868	0.01149	0.02440	0.29747	0.02323	0.03164	0.02617	6.9e-05	0.00819
8	0.01902	0.07642	0.23373	0.05442	0.15087	0.04783	0.12817	0.07428	0.04464	0.11132	0.01321	0.01209	0.00889	0.00012	0.00011	3.4e-05	0.01678	0.00782	7.1e-05	0.00016

[dist]
# distance from previous block
# <min> <max>
6	51

[block]
# block no. 5 follows, 3124 sequences, length 13
# corresponding to MSA columns:
# 386,387,389,390,396-404
name=unknown_F
#
# <colnr> <probs for GDERKNQSTAVLIFYWHMCP>
#	G	D	E	R	K	N	Q	S	T	A	V	L	I	F	Y	W	H	M	C	P
0	0.06795	0.04698	0.11590	0.25807	0.18934	0.07090	0.03729	0.03372	0.03135	0.09661	0.01605	0.00886	0.00491	0.00012	0.00471	0.00483	0.00665	0.00557	6.7e-05	0.00015
1	0.00970	0.00995	0.09363	0.00042	0.00053	0.00888	0.75882	0.07508	0.02340	0.00038	0.00890	0.00935	0.00018	0.00010	0.00013	3.7e-05	0.00017	0.00012	6.2e-05	0.00015
2	0.00014	0.00011	0.00014	0.00016	0.00017	0.00010	0.02420	0.00017	0.00022	0.00029	0.01419	0.64465	0.11703	0.10606	0.00019	5.1e-05	7.4e-05	0.09187	9.8e-05	9.1e-05
3	0.03112	0.04714	0.05501	0.12820	0.39767	0.07617	0.12958	0.01182	0.01406	0.02694	0.00502	0.00602	0.00018	0.01316	0.00598	3.6e-05	0.04069	0.00636	0.00470	0.00015
4	0.00814	0.01582	0.07724	0.28597	0.06273	0.00845	0.08955	0.18145	0.02509	0.13484	0.00907	0.04466	0.00652	0.00013	0.00011	3.6e-05	0.00013	0.02971	8e-05	0.02026
5	0.00015	0.00011	0.00014	0.00016	0.00018	0.00011	0.00012	0.00801	0.00023	0.01060	0.02726	0.49924	0.14028	0.01688	0.06383	0.00835	8.8e-05	0.21635	0.00782	9.5e-05
6	0.87247	0.00022	0.00018	0.00016	0.00023	0.02159	0.00013	0.02568	0.00021	0.07806	0.00018	0.00020	0.00013	0.00011	7.4e-05	3.4e-05	9e-05	6.5e-05	7.5e-05	0.00013
7	0.00810	0.00012	0.00015	0.00015	0.00017	0.00011	0.00010	0.00813	0.00934	0.11761	0.03707	0.34459	0.06623	0.32734	0.03534	0.00929	9.1e-05	0.01414	0.01265	0.00927
8	0.12956	0.01496	0.00028	0.00650	0.00030	0.00683	0.00646	0.56098	0.00891	0.11084	0.01473	0.04193	0.03958	0.00015	0.00011	3.5e-05	0.00011	0.04772	0.00986	0.00016
9	0.00017	0.00013	0.00017	0.00016	0.00018	0.00014	0.00012	0.00019	0.00019	0.01719	0.03610	0.05572	0.10307	0.26587	0.40637	0.00956	0.09578	0.00873	7.1e-05	9.3e-05
10	0.00031	0.84868	0.01325	0.00020	0.00029	0.02654	0.00019	0.07117	0.01137	0.01551	0.00017	0.00019	0.00015	0.00010	8e-05	2.5e-05	0.01152	6.5e-05	5.4e-05	0.00015
11	0.00021	0.01551	0.01797	0.00969	0.08021	0.01014	0.00654	0.01298	0.01280	0.00598	0.00481	0.00584	0.00020	0.00791	0.02501	0.75944	0.00484	0.00623	5.3e-05	0.01364
12	0.00711	0.35542	0.07635	0.13717	0.02698	0.06187	0.01783	0.24107	0.02858	0.02185	0.00720	0.00024	0.00017	0.00011	9.9e-05	3.1e-05	0.01162	8.4e-05	6.9e-05	0.00614

[dist]
# distance from previous block
# <min> <max>
1	1

[block]
# block no. 6 follows, 3124 sequences, length 22
# corresponding to MSA columns:
# 413-434
name=unknown_G
#
# <colnr> <probs for GDERKNQSTAVLIFYWHMCP>
#	G	D	E	R	K	N	Q	S	T	A	V	L	I	F	Y	W	H	M	C	P
0	0.00370	0.00691	0.75813	0.02960	0.00806	0.00026	0.00820	0.09449	0.01552	0.01572	0.02375	0.00778	0.00622	0.00012	0.00011	3.5e-05	0.00015	0.01659	0.00451	0.00016
1	0.00016	0.00012	0.00474	0.00014	0.00016	0.00011	0.01315	0.00484	0.00532	0.00591	0.33917	0.14138	0.18685	0.27966	0.00025	5.8e-05	7.4e-05	0.01773	9.9e-05	9.2e-05
2	0.00434	0.01237	0.01408	0.09004	0.02126	0.10553	0.01527	0.04595	0.04855	0.52514	0.02336	0.01080	0.03777	0.00315	0.00545	3.5e-05	0.01582	0.00414	0.01677	0.00016
3	0.00029	0.00024	0.00025	0.00022	0.00029	0.00027	0.00017	0.02597	0.92515	0.03346	0.00045	0.00041	0.00033	0.00015	0.00011	3.7e-05	8.8e-05	0.00012	0.01182	0.00018
4	0.00025	0.00016	0.00017	0.00015	0.00020	0.00017	0.00012	0.15128	0.18137	0.00895	0.00560	0.00043	0.05611	0.00015	0.00803	3.1e-05	0.00968	0.00546	0.57154	0.00013
5	0.00324	0.62704	0.03461	0.03943	0.05840	0.02126	0.01077	0.04007	0.05497	0.01062	0.00583	0.03646	0.00316	0.00357	0.00010	2.9e-05	0.04594	0.00430	5.8e-05	0.00014
6	0.00023	0.01490	0.07546	0.00449	0.00828	0.00484	0.00658	0.01249	0.02184	0.02086	0.08013	0.00941	0.00975	0.00010	9.1e-05	2.1e-05	8.9e-05	8.5e-05	7.2e-05	0.73030
7	0.03983	0.32862	0.33418	0.01053	0.03199	0.05887	0.01262	0.05600	0.00870	0.03410	0.00024	0.02865	0.03412	0.00012	9.7e-05	3.1e-05	0.00762	0.00331	6e-05	0.01031
8	0.00016	0.00012	0.00018	0.00018	0.00019	0.00014	0.00013	0.00020	0.00018	0.00025	0.00030	0.00046	0.00029	0.08459	0.89641	0.00017	0.01578	0.00012	6e-05	9.7e-05
9	0.00018	0.00013	0.00018	0.00018	0.00021	0.00015	0.00014	0.01516	0.07889	0.01129	0.03947	0.00046	0.00641	0.01759	0.82299	0.00016	0.00026	0.00599	6.8e-05	0.00011
10	0.05199	0.00023	0.00445	0.31753	0.44302	0.00026	0.02088	0.00401	0.01009	0.01241	0.01467	0.00029	0.00018	0.00012	0.00782	3.7e-05	0.10408	0.00400	0.00377	0.00015
11	0.00020	0.00013	0.00549	0.03063	0.01369	0.00407	0.04095	0.00018	0.00016	0.00982	0.00021	0.00036	0.00578	0.07128	0.01587	0.72634	0.06696	0.00010	0.00771	6.6e-05
12	0.01749	0.00035	0.27035	0.00028	0.00038	0.06499	0.11599	0.00754	0.51109	0.00041	0.00033	0.00034	0.00025	0.00013	0.00011	3.6e-05	0.00013	0.00956	8.4e-05	0.00016
13	0.00026	0.00031	0.02346	0.00046	0.00058	0.00028	0.97221	0.00036	0.00026	0.00036	0.00022	0.00030	0.00017	9.4e-05	0.00013	3.7e-05	0.00019	0.00013	5.6e-05	0.00015
14	0.00972	0.00328	0.05825	0.03134	0.06232	0.00837	0.03013	0.01493	0.00018	0.03640	0.00772	0.02336	0.00908	0.00366	0.00439	0.66830	0.00731	0.02110	5.7e-05	8.1e-05
15	0.00017	0.00011	0.00013	0.00014	0.00016	0.00010	9.6e-05	0.00019	0.00601	0.05751	0.01774	0.27396	0.34478	0.23010	0.00024	0.01226	7.6e-05	0.05605	9.6e-05	9.3e-05
16	0.00016	0.00011	0.00012	0.00012	0.00012	0.00011	6.8e-05	0.00016	0.00017	0.00022	0.01989	0.00074	0.02236	0.95460	0.00055	0.00010	0.00011	0.00016	6.9e-05	6.9e-05
17	0.00703	0.00016	0.05811	0.02389	0.00732	0.00587	0.02272	0.02711	0.12694	0.00676	0.03514	0.48322	0.18210	0.00027	0.00013	4.1e-05	8e-05	0.00952	0.00347	0.00011
18	0.00026	0.12284	0.07829	0.11588	0.33671	0.00344	0.26586	0.00339	0.00722	0.00723	0.00890	0.02862	0.00648	0.00011	0.00338	3.5e-05	0.00418	0.00362	0.00341	0.00015
19	0.00016	0.00011	0.00014	0.00016	0.00017	0.00010	0.00012	0.00018	0.00022	0.01028	0.01297	0.42023	0.11161	0.16255	0.00021	0.00760	8.1e-05	0.26513	0.00789	9.1e-05
20	0.00016	0.00011	0.00016	0.00590	0.00441	0.00012	0.00693	0.00018	0.00018	0.00025	0.01379	0.14906	0.00514	0.27991	0.40335	0.07838	0.01378	0.03801	7e-05	8.6e-05
21	0.01234	0.07088	0.40865	0.01842	0.20280	0.15923	0.05738	0.01035	0.00470	0.01821	0.00021	0.01978	0.00017	0.00011	0.00011	3.3e-05	0.01634	9.1e-05	5.5e-05	0.00016

[dist]
# distance from previous block
# <min> <max>
0	84

[block]
# block no. 7 follows, 3124 sequences, length 17
# corresponding to MSA columns:
# 543-559
name=unknown_H
#
# <colnr> <probs for GDERKNQSTAVLIFYWHMCP>
#	G	D	E	R	K	N	Q	S	T	A	V	L	I	F	Y	W	H	M	C	P
0	0.01446	0.01027	0.01996	0.11226	0.46567	0.02905	0.01274	0.01208	0.00024	0.07835	0.00616	0.00589	0.00021	0.02845	0.10254	5.2e-05	0.07593	0.02158	0.00394	0.00015
1	0.75407	0.02174	0.00887	0.17496	0.01040	0.01889	0.00016	0.00918	0.00020	0.00045	0.00016	0.00020	0.00013	0.00010	7.8e-05	3.4e-05	0.00010	6.8e-05	6.5e-05	0.00012
2	0.00014	9.9e-05	0.00013	0.00015	0.00016	9.2e-05	0.00010	0.00016	0.00022	0.00029	0.02561	0.86800	0.07151	0.01481	0.00015	4.5e-05	6.5e-05	0.01809	0.00010	9.1e-05
3	0.00036	0.00016	0.00021	0.00018	0.00024	0.00014	0.00014	0.00915	0.02744	0.58315	0.27500	0.02245	0.06996	0.00018	0.00012	3.5e-05	8e-05	0.01071	0.00013	0.00016
4	0.00618	0.01163	0.03829	0.00516	0.01184	0.00015	0.00015	0.00503	0.01224	0.00742	0.00638	0.00043	0.00028	0.02856	0.85567	0.00016	0.00552	0.00475	6.1e-05	0.00010
5	0.00022	0.00025	0.12755	0.37047	0.19330	0.00436	0.06201	0.01376	0.00942	0.01179	0.05754	0.07365	0.02999	0.00416	0.00012	3.7e-05	0.00593	0.02361	0.01171	0.00014
6	0.03207	0.08936	0.02776	0.05065	0.45863	0.00764	0.02127	0.09328	0.00939	0.17263	0.01574	0.00030	0.00021	0.00011	0.00011	3.3e-05	0.00823	0.00790	0.00452	0.00017
7	0.00663	0.06460	0.42617	0.01231	0.14752	0.08858	0.01520	0.03361	0.11022	0.01108	0.01521	0.01339	0.00359	0.01157	0.00682	3.6e-05	0.01217	0.01733	6.3e-05	0.00390
8	0.07998	0.00022	0.00480	0.02157	0.00898	0.00529	0.01799	0.24621	0.10304	0.26951	0.10218	0.00469	0.05936	0.01483	0.00012	3.7e-05	0.00423	0.05670	0.00011	0.00016
9	0.00366	0.00920	0.03032	0.00495	0.07996	0.01096	0.01525	0.03498	0.10210	0.11109	0.05241	0.06255	0.02037	0.01530	0.02510	0.01773	0.00387	0.08713	8.7e-05	0.31299
10	0.00016	0.00012	0.00015	0.00014	0.00017	0.00011	0.01355	0.00021	0.00030	0.01485	0.85486	0.04766	0.05439	0.00023	0.00013	3.6e-05	5.6e-05	0.01264	0.00012	0.00011
11	0.00040	0.02101	0.00031	0.00028	0.00033	0.93495	0.00021	0.00043	0.00031	0.00027	0.00017	0.00021	0.00014	0.00012	0.00011	0.04029	0.00019	7.2e-05	5.7e-05	0.00013
12	0.00019	9.8e-05	0.00015	0.00015	0.00015	9.9e-05	9.7e-05	0.00015	0.00015	0.00020	0.00020	0.00036	0.00021	0.04439	0.04496	0.90817	0.00011	0.00010	5e-05	5.1e-05
13	0.01010	0.25267	0.00024	0.00013	0.00018	0.00020	0.00011	0.01858	0.00024	0.04849	0.03128	0.00036	0.00027	0.00012	8e-05	2.6e-05	7.2e-05	9.5e-05	0.63663	0.00012
14	0.00677	0.01502	0.11069	0.00019	0.00029	0.01504	0.00732	0.00886	0.03969	0.02108	0.00021	0.00024	0.00017	9.1e-05	8.9e-05	2.1e-05	0.00607	7.2e-05	6.7e-05	0.76802
15	0.12790	0.06259	0.09649	0.00400	0.04038	0.06363	0.02729	0.12087	0.04358	0.10766	0.19915	0.00462	0.04462	0.00470	0.00425	3.5e-05	0.03963	0.00402	9e-05	0.00447
16	0.00022	0.35043	0.01441	0.00016	0.00021	0.00022	0.00685	0.00025	0.00022	0.00695	0.00037	0.33524	0.00039	0.01352	0.00823	3.4e-05	8.6e-05	0.00858	0.25352	0.00011

[dist]
# distance from previous block
# <min> <max>
1	4

[block]
# block no. 8 follows, 3124 sequences, length 8
# corresponding to MSA columns:
# 564-571
name=unknown_I
#
# <colnr> <probs for GDERKNQSTAVLIFYWHMCP>
#	G	D	E	R	K	N	Q	S	T	A	V	L	I	F	Y	W	H	M	C	P
0	0.00026	0.00022	0.00023	0.00021	0.00027	0.00024	0.00016	0.01795	0.77130	0.01795	0.11423	0.00048	0.01888	0.00016	0.00011	3.7e-05	8.3e-05	0.01644	0.02492	0.01584
1	0.05444	0.00013	0.00016	0.00015	0.00018	0.00013	0.00011	0.00026	0.05717	0.06775	0.79153	0.00075	0.02640	0.00021	0.00013	3.5e-05	5.9e-05	0.00018	0.00012	0.00012
2	0.00014	0.0001	0.00013	0.00015	0.00016	9.2e-05	0.00010	0.00016	0.00023	0.00030	0.08181	0.80469	0.11088	0.00033	0.00014	4.3e-05	6.2e-05	0.00030	0.00010	9.2e-05
3	0.00048	0.00021	0.00027	0.00021	0.00029	0.00019	0.00017	0.17561	0.00035	0.82036	0.00041	0.00036	0.00026	0.00014	0.00011	3.4e-05	9.9e-05	0.00011	0.00013	0.00019
4	0.00040	0.04276	0.00033	0.05708	0.00036	0.89664	0.00022	0.00043	0.00031	0.00027	0.00017	0.00020	0.00014	0.00011	9.9e-05	2.9e-05	0.00019	7.3e-05	5.6e-05	0.00013
5	0.00023	0.11478	0.88139	0.00030	0.00046	0.00028	0.00038	0.00035	0.00023	0.00034	0.00019	0.00023	0.00014	0.00010	0.00010	3.4e-05	0.00016	7.9e-05	4.7e-05	0.00016
6	0.00024	0.09372	0.54686	0.00036	0.00050	0.00028	0.35577	0.00035	0.00024	0.00034	0.00020	0.00025	0.00015	0.00010	0.00011	3.5e-05	0.00017	9.7e-05	5e-05	0.00016
7	0.00018	0.00013	0.00016	0.00015	0.00018	0.00012	0.00011	0.05848	0.00032	0.02227	0.80589	0.02196	0.06059	0.02882	0.00014	3.7e-05	5.9e-05	0.00020	0.00012	0.00011

[dist]
# distance from previous block
# <min> <max>
0	7

[block]
# block no. 9 follows, 3124 sequences, length 6
# corresponding to MSA columns:
# 580,585,587-590
name=unknown_J
#
# <colnr> <probs for GDERKNQSTAVLIFYWHMCP>
#	G	D	E	R	K	N	Q	S	T	A	V	L	I	F	Y	W	H	M	C	P
0	0.65932	0.02008	0.19905	0.01924	0.02372	0.01980	0.00019	0.00033	0.00021	0.01926	0.00018	0.00022	0.00014	0.00011	8.1e-05	3.4e-05	0.00011	0.01878	6.5e-05	0.01908
1	0.01492	0.01011	0.20162	0.27251	0.17401	0.00022	0.01053	0.01071	0.04084	0.02742	0.08054	0.01809	0.02963	0.01094	0.01073	3.8e-05	0.01842	0.00993	0.05865	0.00014
2	0.11375	0.00018	0.00020	0.00017	0.00022	0.00020	0.00013	0.27870	0.04437	0.03083	0.00028	0.00033	0.00022	0.00020	0.03152	0.19817	9.5e-05	9.8e-05	0.30021	0.00012
3	0.00022	0.04574	0.33632	0.00023	0.03304	0.00019	0.00022	0.01956	0.04973	0.01960	0.09945	0.00042	0.09762	0.00022	0.00021	0.29683	0.00011	0.00012	6.7e-05	0.00012
4	0.06035	0.04193	0.07481	0.65054	0.01919	0.02103	0.00028	0.04978	0.00024	0.00033	0.01977	0.00033	0.06073	0.00012	0.00011	3.6e-05	0.00014	0.00010	5.8e-05	0.00013
5	0.31974	0.02398	0.00025	0.00026	0.19805	0.00024	0.00017	0.12276	0.05640	0.00046	0.00025	0.00028	0.00019	0.00012	9.4e-05	3.2e-05	0.02430	8.8e-05	0.25219	0.00014

[dist]
# distance from previous block
# <min> <max>
4	5

[block]
# block no. 10 follows, 3124 sequences, length 21
# corresponding to MSA columns:
# 601-621
name=unknown_K
#
# <colnr> <probs for GDERKNQSTAVLIFYWHMCP>
#	G	D	E	R	K	N	Q	S	T	A	V	L	I	F	Y	W	H	M	C	P
0	0.00541	0.00834	0.41246	0.00446	0.02490	0.00313	0.01742	0.01036	0.06045	0.00823	0.21172	0.01289	0.06632	0.09860	0.04539	4.9e-05	0.00556	0.00409	7.6e-05	0.00013
1	0.00025	0.00994	0.01244	0.32605	0.29123	0.00372	0.27866	0.00363	0.01041	0.00390	0.00428	0.02136	0.00471	0.00011	0.00012	3.6e-05	0.01919	0.00410	5.6e-05	0.00583
2	0.00025	0.00023	0.00039	0.41667	0.49589	0.00025	0.01079	0.00766	0.00813	0.01143	0.00940	0.01273	0.00796	0.00011	0.00011	3.5e-05	0.00465	0.01312	5.7e-05	0.00015
3	0.00371	0.08752	0.33735	0.01947	0.15354	0.10226	0.02946	0.02034	0.01873	0.00838	0.02677	0.01981	0.01891	0.00349	0.01288	3.4e-05	0.01346	0.00847	6e-05	0.11536
4	0.00016	0.00012	0.00016	0.00589	0.05129	0.00011	0.00751	0.00019	0.00023	0.00030	0.00633	0.47002	0.18461	0.00655	0.00015	4.5e-05	0.00891	0.25722	9.9e-05	9.9e-05
5	0.00294	0.02752	0.08764	0.24919	0.09624	0.03798	0.01148	0.06472	0.10984	0.02583	0.00649	0.00399	0.00310	0.00383	0.01397	0.00299	0.00660	0.00745	0.00592	0.23228
6	0.07603	0.00028	0.02564	0.00041	0.00051	0.00026	0.79633	0.00034	0.00026	0.00037	0.02670	0.00886	0.00022	0.00011	0.00013	3.8e-05	0.00017	0.06313	6.2e-05	0.00014
7	0.00019	0.00010	0.00015	0.00015	0.00015	0.00010	0.00010	0.00015	0.00015	0.00021	0.01612	0.00036	0.00022	0.00045	0.15439	0.82667	0.00013	0.00010	5.1e-05	5.7e-05
8	0.00019	0.00013	0.00016	0.00016	0.00646	0.02341	0.00012	0.03537	0.00707	0.02129	0.06416	0.00489	0.00941	0.37559	0.20741	9.5e-05	0.00014	0.18762	0.05623	9.5e-05
9	0.00015	0.00011	0.00013	0.00015	0.00016	0.00010	0.00010	0.00017	0.00021	0.01022	0.02142	0.45772	0.07099	0.28596	0.00746	6.4e-05	8.3e-05	0.14460	9.3e-05	8.7e-05
10	0.00811	0.01720	0.00040	0.36672	0.55853	0.01402	0.00519	0.00685	0.00511	0.01085	0.00021	0.00595	0.00017	0.00011	0.00011	3.4e-05	0.00014	9.9e-05	5.5e-05	0.00015
11	0.00014	0.00012	0.00012	0.00013	0.01647	0.00010	9.3e-05	0.00018	0.02394	0.00031	0.05325	0.00103	0.88588	0.00027	0.00013	3.8e-05	5.9e-05	0.01753	0.00010	9.8e-05
12	0.00877	0.00024	0.00026	0.01222	0.00030	0.00028	0.00018	0.13993	0.79869	0.00049	0.01136	0.00040	0.00975	0.00015	0.00011	3.7e-05	9.3e-05	0.00012	0.00011	0.01652
13	0.00437	0.32060	0.09807	0.02252	0.06831	0.03581	0.03566	0.00855	0.02469	0.35819	0.00408	0.00028	0.00020	0.00012	0.00010	3.1e-05	0.01365	9e-05	8.4e-05	0.00459
14	0.00016	0.00560	0.00018	0.00592	0.00020	0.00014	0.00013	0.00020	0.00018	0.00026	0.00564	0.00618	0.00030	0.09008	0.86496	0.00558	0.00679	0.00736	6.1e-05	9.6e-05
15	0.03870	0.00020	0.00026	0.00020	0.00029	0.00824	0.00017	0.08540	0.00930	0.84520	0.01060	0.00036	0.00027	0.00014	0.00011	3.4e-05	9.7e-05	0.00011	0.00013	0.00018
16	0.01982	0.38613	0.36190	0.00029	0.01014	0.00632	0.17610	0.00718	0.00024	0.00780	0.00019	0.00022	0.00015	0.00010	9.9e-05	3.1e-05	0.01376	8.2e-05	5.1e-05	0.00940
17	0.00418	0.07266	0.37932	0.39194	0.05377	0.00384	0.04819	0.00760	0.00374	0.00857	0.00687	0.00027	0.00540	0.00011	0.00596	3.6e-05	0.00015	9.2e-05	5.1e-05	0.00725
18	0.00014	9.7e-05	0.00013	0.00015	0.00016	9.1e-05	0.00010	0.00016	0.00021	0.00028	0.00062	0.96111	0.01749	0.00035	0.00014	4.5e-05	6.5e-05	0.01846	0.00010	9e-05
19	0.00015	0.00903	0.00733	0.00405	0.00399	0.00336	0.00011	0.00562	0.00691	0.01405	0.02268	0.81538	0.08740	0.00033	0.00367	0.00481	0.00467	0.00627	0.00010	9.5e-05
20	0.02046	0.36169	0.20822	0.01227	0.04189	0.13580	0.03487	0.04712	0.01680	0.08952	0.00458	0.01167	0.00017	0.00377	0.00532	3.1e-05	0.00549	8.3e-05	6.3e-05	0.00015

[dist]
# distance from previous block
# <min> <max>
11	19

[block]
# block no. 11 follows, 3124 sequences, length 18
# corresponding to MSA columns:
# 645-662
name=unknown_L
#
# <colnr> <probs for GDERKNQSTAVLIFYWHMCP>
#	G	D	E	R	K	N	Q	S	T	A	V	L	I	F	Y	W	H	M	C	P
0	0.00026	0.07880	0.11310	0.01467	0.03923	0.00540	0.07390	0.04646	0.31268	0.07715	0.02665	0.14956	0.04497	0.00434	0.00012	3.7e-05	0.00660	0.00583	9.2e-05	0.00015
1	0.00493	0.00015	0.00582	0.00524	0.00754	0.00015	0.07892	0.02967	0.02747	0.01064	0.00695	0.02027	0.00906	0.00027	0.00015	4.8e-05	0.00011	0.79240	9.9e-05	0.00011
2	0.00026	0.00031	0.03208	0.00046	0.00058	0.00028	0.96359	0.00036	0.00026	0.00036	0.00022	0.00030	0.00017	9.4e-05	0.00013	3.7e-05	0.00019	0.00013	5.6e-05	0.00015
3	0.00024	0.01112	0.12473	0.52791	0.11240	0.00435	0.02457	0.02051	0.02206	0.06409	0.03606	0.00688	0.03231	0.00013	0.00480	3.7e-05	0.00751	0.00011	6.3e-05	0.00014
4	0.01048	0.02530	0.01021	0.00960	0.02158	0.82092	0.00571	0.03526	0.00031	0.00918	0.00018	0.00021	0.00015	0.00012	0.00896	3.1e-05	0.04154	7.5e-05	5.9e-05	0.00013
5	0.00019	9.6e-05	0.00014	0.00014	0.00014	9.6e-05	9.6e-05	0.00014	0.00014	0.00019	0.00019	0.00034	0.00019	0.00039	0.00043	0.99677	9.6e-05	9.6e-05	4.8e-05	4.8e-05
6	0.00013	0.00011	0.00011	0.00012	0.00015	9.4e-05	8.6e-05	0.00016	0.00025	0.00030	0.01756	0.01768	0.94655	0.00028	0.00013	3.8e-05	5.7e-05	0.01598	0.00010	9.4e-05
7	0.95083	0.01417	0.00017	0.00015	0.00022	0.01550	0.00012	0.01712	0.00020	0.00049	0.00016	0.00018	0.00012	0.00010	7e-05	3.4e-05	8.9e-05	6.1e-05	6.9e-05	0.00012
8	0.00024	0.00023	0.02199	0.47278	0.42714	0.00025	0.01110	0.00031	0.00023	0.00032	0.00021	0.00866	0.00017	0.00013	0.03577	4e-05	0.00015	0.00010	5.3e-05	0.02013
9	0.00042	0.00031	0.00033	0.00025	0.00034	0.00034	0.00021	0.95942	0.03615	0.00069	0.00027	0.00027	0.00019	0.00013	0.00011	3.3e-05	0.00012	0.00010	0.00011	0.00019
10	0.00346	0.02004	0.45097	0.05990	0.02345	0.00747	0.04639	0.01982	0.14578	0.00616	0.07052	0.00652	0.03312	0.01810	0.04660	4.4e-05	0.03481	0.00343	0.00327	0.00015
11	0.99688	0.00021	0.00016	0.00015	0.00021	0.00025	0.00012	0.00033	0.00019	0.00050	0.00015	0.00018	0.00012	0.00010	6.9e-05	3.4e-05	8.6e-05	6e-05	6.9e-05	0.00012
12	0.00838	0.00626	0.00022	0.00018	0.00024	0.00015	0.00014	0.01100	0.04419	0.56131	0.13626	0.16899	0.01269	0.00019	0.00012	3.7e-05	8.3e-05	0.03774	0.01167	0.00015
13	0.00026	0.04784	0.41454	0.07769	0.03436	0.07601	0.07895	0.07206	0.02961	0.02444	0.00708	0.02679	0.00623	0.04149	0.02074	0.00364	0.02503	0.01302	6.2e-05	0.00015
14	0.00016	0.00011	0.00014	0.00013	0.00016	0.00010	9.6e-05	0.00019	0.00026	0.01905	0.45416	0.07582	0.23867	0.17497	0.00021	4.9e-05	6.6e-05	0.02694	0.00863	9.6e-05
15	0.03242	0.14921	0.09371	0.09497	0.05366	0.07845	0.03147	0.06237	0.20074	0.06285	0.02197	0.02033	0.01484	0.01158	0.00522	0.00307	0.05184	0.00316	0.00468	0.00345
16	0.00016	0.00011	0.00012	0.00012	0.00012	0.00011	7.1e-05	0.00016	0.00016	0.00022	0.00036	0.02166	0.01145	0.91434	0.01028	0.02965	0.00011	0.01065	6.8e-05	6.8e-05
17	0.02141	0.08867	0.07145	0.02601	0.20757	0.03987	0.07286	0.04478	0.05695	0.10632	0.01007	0.00804	0.00553	0.00434	0.01764	0.00307	0.01322	0.00324	0.00300	0.19597

[dist]
# distance from previous block
# <min> <max>
0	233

[block]
# block no. 12 follows, 3124 sequences, length 28
# corresponding to MSA columns:
# 903-930
name=unknown_M
#
# <colnr> <probs for GDERKNQSTAVLIFYWHMCP>
#	G	D	E	R	K	N	Q	S	T	A	V	L	I	F	Y	W	H	M	C	P
0	0.04227	0.06646	0.14211	0.03842	0.22711	0.02380	0.03667	0.08361	0.14885	0.04358	0.02351	0.01043	0.02606	0.01457	0.01112	3.6e-05	0.01312	0.01010	0.00246	0.03572
1	0.00014	0.00011	0.00013	0.00013	0.00016	9.8e-05	9.4e-05	0.00017	0.00461	0.00464	0.11001	0.32550	0.36412	0.14300	0.01472	5.2e-05	7.1e-05	0.02753	0.00462	9.1e-05
2	0.00710	0.05465	0.28313	0.05533	0.06545	0.01340	0.02114	0.03848	0.32736	0.03670	0.01715	0.00946	0.01244	0.00357	0.01668	0.00601	0.00509	0.00481	0.00270	0.01935
3	0.00016	0.00012	0.00015	0.00014	0.00017	0.00011	0.00010	0.00504	0.00967	0.00982	0.82143	0.00949	0.11294	0.00023	0.00013	3.5e-05	5.4e-05	0.00607	0.02405	0.00011
4	0.00016	0.00011	0.00014	0.00014	0.00015	0.00012	9.2e-05	0.00017	0.00017	0.00023	0.00033	0.00063	0.00036	0.65153	0.34507	0.00013	0.00017	0.00015	6.5e-05	7.8e-05
5	0.00029	0.00024	0.00026	0.00023	0.00029	0.00028	0.00018	0.08316	0.91262	0.00048	0.00044	0.00040	0.00033	0.00015	0.00011	3.7e-05	9.1e-05	0.00012	0.00011	0.00018
6	0.00028	0.00024	0.00025	0.00023	0.01032	0.00028	0.00018	0.01140	0.96530	0.00046	0.00044	0.00041	0.00033	0.00015	0.00011	3.7e-05	8.9e-05	0.00012	0.00011	0.00926
7	0.00021	0.00020	0.00033	0.92604	0.04614	0.00024	0.00030	0.00029	0.00022	0.00029	0.00020	0.00030	0.00015	0.00011	0.00011	3.7e-05	0.00014	9.9e-05	0.02445	0.00013
8	0.00417	0.00019	0.00023	0.00017	0.00026	0.00015	0.01039	0.00374	0.00025	0.14686	0.04192	0.01526	0.02425	0.00419	9.6e-05	2.2e-05	0.01065	8.8e-05	0.01266	0.72445
9	0.00029	0.92563	0.03762	0.00020	0.00030	0.00043	0.01658	0.00033	0.00023	0.00027	0.00016	0.00018	0.00014	9.7e-05	7.8e-05	2.5e-05	0.01718	6.2e-05	4.8e-05	0.00014
10	0.00028	0.00024	0.00025	0.00023	0.00029	0.00028	0.00018	0.00059	0.99521	0.00046	0.00045	0.00041	0.00034	0.00015	0.00011	3.8e-05	8.8e-05	0.00013	0.00011	0.00018
11	0.00014	0.00011	0.00013	0.00014	0.00016	9.6e-05	9.9e-05	0.00017	0.00752	0.01156	0.05181	0.57672	0.26297	0.06590	0.00017	4.7e-05	6.6e-05	0.02201	0.00010	9.2e-05
12	0.00276	0.00012	0.00015	0.00319	0.00440	0.00719	0.00245	0.00287	0.00019	0.00548	0.00039	0.01361	0.00451	0.55990	0.16251	0.00861	0.01367	0.20184	0.00349	0.00266
13	0.99688	0.00021	0.00016	0.00015	0.00021	0.00025	0.00012	0.00033	0.00019	0.00050	0.00015	0.00018	0.00012	0.00010	6.9e-05	3.4e-05	8.6e-05	6e-05	6.9e-05	0.00012
14	0.00033	0.00016	0.00020	0.00017	0.00023	0.00764	0.00014	0.01634	0.02735	0.46034	0.41150	0.00782	0.01505	0.00018	0.00012	3.4e-05	7.5e-05	0.00759	0.04460	0.00015
15	0.01009	0.00337	0.00686	0.00376	0.01136	0.00351	0.00372	0.27657	0.65464	0.01619	0.00039	0.00037	0.00340	0.00014	0.00011	3.6e-05	9.9e-05	0.00012	0.00507	0.00018
16	0.00017	0.00012	0.00015	0.00015	0.00016	0.00013	0.00011	0.00665	0.00018	0.01159	0.00032	0.00703	0.00034	0.45044	0.51414	0.00014	0.00020	0.00014	0.00776	8.6e-05
17	0.00018	0.00012	0.00016	0.00016	0.00019	0.00388	0.00012	0.01378	0.02968	0.05209	0.27132	0.21249	0.09171	0.03507	0.00015	4.3e-05	7.3e-05	0.22081	0.06787	0.00011
18	0.07806	0.00016	0.00020	0.00017	0.00022	0.00015	0.00013	0.02770	0.03119	0.34801	0.48065	0.01792	0.00600	0.00018	0.00012	3.5e-05	7.3e-05	0.00444	0.00447	0.00014
19	0.00014	0.00011	0.00013	0.00014	0.00016	9.6e-05	0.00010	0.00017	0.00025	0.00504	0.23865	0.48877	0.22757	0.00824	0.00014	0.00469	6.1e-05	0.02037	0.00507	9.5e-05
20	0.00048	0.00021	0.00027	0.00021	0.00029	0.00020	0.00017	0.18837	0.00035	0.78501	0.00040	0.00035	0.00026	0.00014	0.00011	3.4e-05	9.9e-05	0.00011	0.00013	0.02281
21	0.00685	0.00019	0.00023	0.00017	0.00026	0.00015	0.00014	0.00857	0.03121	0.22955	0.02468	0.00675	0.00416	0.03585	0.00456	2.6e-05	8.6e-05	0.00320	0.00470	0.63868
22	0.07121	0.12955	0.69049	0.00029	0.00773	0.04735	0.01213	0.01387	0.00385	0.01525	0.00019	0.00023	0.00014	0.00011	0.0001	3.3e-05	0.00377	7.9e-05	0.00346	0.00016
23	0.00470	0.00455	0.00033	0.00028	0.00029	0.02808	0.00543	0.06380	0.00020	0.01447	0.00017	0.01744	0.00016	0.00020	0.02006	4.9e-05	0.83949	0.00010	5.5e-05	0.00013
24	0.00354	0.06029	0.14535	0.00580	0.04484	0.00316	0.01307	0.00793	0.01184	0.04162	0.00309	0.00025	0.00682	0.00273	0.00262	0.00854	0.01341	7.6e-05	6.5e-05	0.62496
25	0.01443	0.00342	0.00382	0.00392	0.00331	0.00010	0.00380	0.00017	0.00022	0.00453	0.02284	0.72601	0.12369	0.02312	0.02849	0.00436	7.4e-05	0.03079	0.00282	9.3e-05
26	0.00029	0.00015	0.00019	0.00017	0.00022	0.00014	0.00013	0.03333	0.02453	0.35976	0.42374	0.06834	0.07509	0.00501	0.00013	3.6e-05	7.3e-05	0.00843	0.00012	0.00014
27	0.01472	0.12734	0.17136	0.03331	0.16496	0.02513	0.11179	0.03174	0.05852	0.10191	0.00651	0.09706	0.00882	0.00222	0.00245	3.5e-05	0.00634	0.01612	7.3e-05	0.01959

[dist]
# distance from previous block
# <min> <max>
5	61

[block]
# block no. 13 follows, 3124 sequences, length 6
# corresponding to MSA columns:
# 1031-1036
name=unknown_N
#
# <colnr> <probs for GDERKNQSTAVLIFYWHMCP>
#	G	D	E	R	K	N	Q	S	T	A	V	L	I	F	Y	W	H	M	C	P
