[name]
unknown

[dist]
# distance from previous block
# <min> <max>
2	223

[block]
# block no. 0 follows, 3273 sequences, length 6
# corresponding to MSA columns:
# 300-305
name=unknown_A
#
# <colnr> <probs for GDERKNQSTAVLIFYWHMCP>
#	G	D	E	R	K	N	Q	S	T	A	V	L	I	F	Y	W	H	M	C	P
0	0.02259	0.02156	0.16956	0.01826	0.01249	0.03387	0.01139	0.02263	0.00970	0.02723	0.05428	0.09337	0.08437	0.09776	0.01384	0.03976	0.19290	0.05458	6.9e-05	0.01980
1	0.66863	0.01310	0.03530	0.01368	0.00022	0.00021	0.00013	0.01520	0.00020	0.04608	0.02094	0.00024	0.01315	0.01787	0.01747	0.01368	8.8e-05	7.2e-05	0.04297	0.08077
2	0.00028	0.58413	0.03415	0.00020	0.00028	0.02660	0.02034	0.02405	0.01759	0.08081	0.01434	0.01879	0.03530	0.01323	0.00012	2.9e-05	0.10268	8.3e-05	6e-05	0.02696
3	0.00017	0.08072	0.00019	0.01300	0.00018	0.00014	0.01315	0.00020	0.01319	0.01671	0.05219	0.16572	0.11538	0.19933	0.26043	0.02725	0.02006	0.02184	7.4e-05	9.3e-05
4	0.02372	0.00022	0.00033	0.04311	0.00035	0.00023	0.23660	0.12104	0.21723	0.26037	0.00035	0.07319	0.00027	0.00015	0.02231	3.8e-05	0.00012	0.00013	9.5e-05	0.00016
5	0.00024	0.00016	0.00018	0.00016	0.00020	0.01528	0.00012	0.06914	0.23293	0.10405	0.05630	0.11846	0.05762	0.17810	0.01554	4.9e-05	8.4e-05	0.01765	0.13362	0.00012

[dist]
# distance from previous block
# <min> <max>
0	1

[block]
# block no. 1 follows, 3273 sequences, length 7
# corresponding to MSA columns:
# 307-313
name=unknown_B
#
# <colnr> <probs for GDERKNQSTAVLIFYWHMCP>
#	G	D	E	R	K	N	Q	S	T	A	V	L	I	F	Y	W	H	M	C	P
0	0.14801	0.01435	0.00017	0.00015	0.00019	0.02863	0.00011	0.01194	0.01714	0.08116	0.23416	0.08269	0.15789	0.05081	0.00013	0.01029	7.3e-05	0.01681	0.01681	0.12848
1	0.00034	0.00016	0.00020	0.00017	0.00023	0.00014	0.00013	0.02829	0.04387	0.53570	0.10192	0.10348	0.04831	0.01480	0.00012	3.5e-05	7.9e-05	0.02715	0.07397	0.02090
2	0.00016	0.00011	0.00015	0.00016	0.00018	0.00011	0.00012	0.02456	0.00021	0.00028	0.00051	0.21889	0.04749	0.26999	0.02419	6.4e-05	9.4e-05	0.41255	8.8e-05	8.8e-05
3	0.05582	0.00023	0.03688	0.03252	0.08184	0.04010	0.14840	0.07448	0.05509	0.08535	0.08975	0.03640	0.05773	0.01645	0.00012	3.3e-05	0.01643	0.02324	0.00863	0.14052
4	0.02158	0.00013	0.00015	0.00016	0.00018	0.03129	0.01035	0.02471	0.01250	0.06860	0.05250	0.51427	0.09389	0.05454	0.02537	0.01497	8e-05	0.06246	0.01218	9.9e-05
5	0.02331	0.00019	0.00025	0.01133	0.01814	0.00018	0.01624	0.14392	0.03939	0.58719	0.03255	0.07922	0.01185	0.00015	0.00011	3.4e-05	9.2e-05	0.01143	0.01163	0.01279
6	0.02074	0.00026	0.01675	0.13960	0.68995	0.03514	0.01657	0.03145	0.02470	0.02355	0.00021	0.00027	0.00017	0.0001	0.00010	3.2e-05	0.00013	9.4e-05	5.7e-05	0.00016

[dist]
# distance from previous block
# <min> <max>
3	13

[block]
# block no. 2 follows, 3273 sequences, length 13
# corresponding to MSA columns:
# 337-339,349-358
name=unknown_C
#
# <colnr> <probs for GDERKNQSTAVLIFYWHMCP>
#	G	D	E	R	K	N	Q	S	T	A	V	L	I	F	Y	W	H	M	C	P
0	0.01756	0.00622	0.00998	0.06453	0.32453	0.02035	0.05532	0.02412	0.05356	0.04238	0.03744	0.10793	0.05529	0.00465	0.00432	0.00457	0.00460	0.14861	0.01392	0.00013
1	0.01667	0.02433	0.01086	0.01796	0.13035	0.30125	0.01432	0.12411	0.01078	0.20365	0.00571	0.00885	0.00517	0.00012	0.01436	3.1e-05	0.00516	8.8e-05	7.8e-05	0.10616
2	0.00022	0.01314	0.00022	0.00016	0.00025	0.00015	0.00013	0.01495	0.01460	0.01062	0.01160	0.02880	0.02076	0.00010	0.00829	2e-05	0.01434	0.00892	6.7e-05	0.85268
3	0.00023	0.01151	0.07478	0.46627	0.02530	0.04117	0.04963	0.04177	0.01163	0.05106	0.02020	0.02763	0.03236	0.01176	0.04724	4.1e-05	0.01847	0.02528	0.00626	0.03741
4	0.00595	0.13369	0.25868	0.02167	0.06595	0.01958	0.15216	0.02458	0.02284	0.10914	0.06953	0.02186	0.03244	0.00678	0.00011	3.4e-05	0.00706	0.04774	7e-05	0.00014
5	0.00015	0.00011	0.00013	0.00013	0.00016	0.00011	9.6e-05	0.01409	0.06335	0.01349	0.07826	0.32242	0.42101	0.06071	0.00848	0.00781	6.5e-05	0.00922	9.8e-05	9.5e-05
6	0.06788	0.00018	0.00023	0.00018	0.00026	0.00017	0.00015	0.03409	0.02347	0.80790	0.00041	0.01128	0.02199	0.02041	0.01087	3.6e-05	9.2e-05	0.00011	0.00012	0.00017
7	0.04155	0.03894	0.33320	0.00604	0.08622	0.04828	0.18823	0.03380	0.04086	0.10773	0.01087	0.02551	0.00872	0.00011	0.00011	3.3e-05	0.01269	0.00600	0.00600	0.00508
8	0.00951	0.07960	0.26647	0.03990	0.17743	0.01453	0.08281	0.03189	0.02215	0.08258	0.01875	0.05825	0.03783	0.00014	0.00535	0.02287	0.00627	0.02189	0.00552	0.01627
9	0.00014	0.00011	0.00012	0.00013	0.00015	9.5e-05	9.2e-05	0.00017	0.02112	0.01319	0.13035	0.32047	0.44471	0.05603	0.00015	4.2e-05	6e-05	0.01268	9.9e-05	9.1e-05
10	0.10975	0.00016	0.00596	0.02327	0.04600	0.00015	0.01069	0.03160	0.01360	0.25503	0.22562	0.10029	0.15304	0.00019	0.00011	3.5e-05	0.00574	0.00858	0.01006	0.00013
11	0.03926	0.13152	0.28667	0.03279	0.07549	0.04031	0.05375	0.04806	0.02891	0.16454	0.00893	0.02094	0.00750	0.00897	0.01792	3.5e-05	0.00569	9.3e-05	0.00658	0.02207
12	0.02887	0.00682	0.04707	0.08020	0.14865	0.06929	0.06448	0.02260	0.01531	0.15460	0.02854	0.05785	0.04972	0.02098	0.09182	0.01528	0.08303	0.00572	0.00494	0.00423

[dist]
# distance from previous block
# <min> <max>
4	42

[block]
# block no. 3 follows, 3273 sequences, length 6
# corresponding to MSA columns:
# 410,411,416-419
name=unknown_D
#
# <colnr> <probs for GDERKNQSTAVLIFYWHMCP>
#	G	D	E	R	K	N	Q	S	T	A	V	L	I	F	Y	W	H	M	C	P
0	0.03944	0.12076	0.28054	0.03054	0.04764	0.01797	0.03782	0.09791	0.05447	0.12401	0.01836	0.01595	0.01374	0.04555	0.02079	3.8e-05	0.01487	0.00953	0.00992	0.00015
1	0.02314	0.08571	0.09852	0.06142	0.31174	0.03200	0.03305	0.12044	0.04537	0.05548	0.00997	0.00974	0.01187	0.01030	0.01053	3.4e-05	0.02335	0.01151	0.01341	0.03240
2	0.01217	0.00014	0.00017	0.01462	0.00020	0.00013	0.00012	0.02946	0.04087	0.16373	0.32670	0.02619	0.17705	0.06250	0.02598	0.01201	7.5e-05	0.01561	0.01628	0.07601
3	0.01158	0.08862	0.42653	0.01171	0.05208	0.08520	0.04262	0.05656	0.03828	0.01995	0.07067	0.01382	0.03397	0.01058	0.01024	3.5e-05	0.01638	0.01097	6.3e-05	0.00014
4	0.01104	0.00015	0.00017	0.01058	0.01061	0.02465	0.02071	0.02746	0.01537	0.18079	0.27902	0.01621	0.32878	0.02516	0.01077	3.7e-05	7.4e-05	0.01085	0.01297	0.01459
5	0.02465	0.01129	0.02002	0.01164	0.01523	0.01198	0.01139	0.02585	0.04200	0.51654	0.17069	0.04648	0.04580	0.00016	0.00011	3.4e-05	0.01086	0.02441	0.01070	0.00015

[dist]
# distance from previous block
# <min> <max>
2	3

[block]
# block no. 4 follows, 3273 sequences, length 13
# corresponding to MSA columns:
# 423-435
name=unknown_E
#
# <colnr> <probs for GDERKNQSTAVLIFYWHMCP>
#	G	D	E	R	K	N	Q	S	T	A	V	L	I	F	Y	W	H	M	C	P
0	0.00015	0.00011	0.00013	0.00013	0.00013	0.00011	8e-05	0.00016	0.00016	0.00021	0.00032	0.00063	0.00036	0.76626	0.23052	0.00012	0.00014	0.00014	6.2e-05	7.1e-05
1	0.00014	0.00011	0.00012	0.00013	0.00015	9.4e-05	9.1e-05	0.00988	0.00024	0.01031	0.16230	0.26054	0.51990	0.01061	0.00013	3.8e-05	5.7e-05	0.01290	0.01217	9.2e-05
2	0.00040	0.00050	0.00030	0.00027	0.00033	0.99585	0.00020	0.00042	0.00030	0.00026	0.00016	0.00019	0.00014	0.00011	9.6e-05	2.7e-05	0.00019	6.8e-05	5.5e-05	0.00012
3	0.00015	0.00010	0.00012	0.00013	0.00014	9.7e-05	8.3e-05	0.00016	0.00020	0.01159	0.08708	0.22273	0.21517	0.42139	0.00030	6.6e-05	7.7e-05	0.02914	0.01121	8e-05
4	0.00462	0.00649	0.01183	0.17795	0.06827	0.00909	0.00586	0.02700	0.17074	0.01637	0.03238	0.00835	0.00949	0.33817	0.06790	0.00940	0.03089	0.00013	0.00496	0.00011
5	0.00014	0.00010	0.00014	0.00015	0.00016	9.7e-05	0.01961	0.00017	0.00979	0.00916	0.08449	0.59176	0.14577	0.07106	0.01119	4.6e-05	6.9e-05	0.03882	0.00895	0.00834
6	0.01652	0.19388	0.03340	0.03236	0.13565	0.15480	0.01157	0.19506	0.04193	0.13277	0.00729	0.00691	0.00489	0.00012	9.9e-05	3e-05	0.01011	0.00495	0.00731	0.01037
7	0.01728	0.09697	0.03981	0.05869	0.19428	0.07195	0.04040	0.05731	0.06696	0.10054	0.01098	0.02826	0.01145	0.00011	0.00010	2.9e-05	0.01891	0.00505	0.00644	0.17447
8	0.06718	0.13234	0.15264	0.02786	0.03865	0.03120	0.04981	0.14243	0.03573	0.22484	0.01262	0.01974	0.01359	0.00510	0.00676	0.00417	0.01453	0.00410	0.00593	0.01078
9	0.00706	0.00673	0.02133	0.00928	0.03397	0.01898	0.02746	0.07408	0.03303	0.23604	0.09259	0.02602	0.02560	0.13902	0.11453	0.09867	0.00533	0.01197	0.01388	0.00445
10	0.00463	0.00453	0.00457	0.02508	0.04183	0.00677	0.04189	0.00963	0.01752	0.04280	0.07833	0.29009	0.07358	0.07279	0.06193	0.19335	0.00797	0.02253	8e-05	9.3e-05
11	0.06283	0.00545	0.04467	0.03465	0.00680	0.03087	0.10632	0.12583	0.07751	0.24124	0.03887	0.05234	0.06395	0.02718	0.03034	0.00551	0.02466	0.01009	0.00547	0.00541
12	0.07490	0.10926	0.15560	0.07012	0.09830	0.05541	0.07014	0.08044	0.03742	0.16893	0.01350	0.01111	0.00787	0.00449	0.00566	0.00423	0.01562	0.00526	0.00429	0.00746

[dist]
# distance from previous block
# <min> <max>
14	33

[block]
# block no. 5 follows, 3273 sequences, length 51
# corresponding to MSA columns:
# 546-579,582,587-590,593-604
name=unknown_F
#
# <colnr> <probs for GDERKNQSTAVLIFYWHMCP>
#	G	D	E	R	K	N	Q	S	T	A	V	L	I	F	Y	W	H	M	C	P
0	0.00215	0.00546	0.00347	0.16011	0.31697	0.12114	0.01056	0.03107	0.22603	0.02604	0.00902	0.03422	0.00608	0.00185	0.00555	3.4e-05	0.01532	0.00330	0.00138	0.02023
1	0.00015	0.00012	0.00387	0.00233	0.00016	0.00010	0.00210	0.00020	0.03037	0.02984	0.50455	0.02915	0.34865	0.00612	0.02337	0.00479	6.1e-05	0.01385	0.00011	0.00010
2	0.00797	0.00570	0.00159	0.00021	0.00026	0.20315	0.11529	0.00477	0.03844	0.01970	0.21568	0.12211	0.08862	0.01353	0.00013	3.6e-05	0.00587	0.11841	0.00853	0.03003
3	0.00014	0.00011	0.00013	0.00013	0.00015	0.00357	9.5e-05	0.00018	0.00835	0.00853	0.45088	0.19950	0.30209	0.01737	0.00334	3.8e-05	5.6e-05	0.00513	0.00011	9.5e-05
4	0.00024	0.35741	0.63909	0.00026	0.00039	0.00031	0.00032	0.00033	0.00022	0.00030	0.00017	0.00020	0.00013	9.7e-05	8.9e-05	3e-05	0.00014	7.1e-05	4.5e-05	0.00015
5	0.00015	0.00011	0.00015	0.00015	0.00016	0.00012	0.00010	0.00017	0.00017	0.00023	0.00033	0.02807	0.00554	0.41566	0.47614	0.00969	0.00019	0.06273	6.4e-05	8.1e-05
6	0.06699	0.00020	0.00022	0.00018	0.00024	0.00021	0.00015	0.42710	0.00038	0.02464	0.45373	0.00051	0.01703	0.00017	0.00011	3.3e-05	8.2e-05	0.00014	0.00323	0.00466
7	0.05935	0.00028	0.00031	0.00024	0.00032	0.00454	0.01856	0.82755	0.00046	0.07866	0.00026	0.00026	0.00018	0.00012	0.00010	3.2e-05	0.00011	9.4e-05	0.00838	0.00017
8	0.00538	0.00018	0.00023	0.00017	0.00026	0.00306	0.00014	0.00391	0.00563	0.48556	0.00825	0.00030	0.00460	0.00011	9.4e-05	0.00250	8.4e-05	8.6e-05	9.7e-05	0.47935
9	0.00040	0.00050	0.00030	0.00027	0.00033	0.99585	0.00020	0.00042	0.00030	0.00026	0.00016	0.00019	0.00014	0.00011	9.6e-05	2.7e-05	0.00019	6.8e-05	5.5e-05	0.00012
10	0.00019	0.00016	0.00018	0.00015	0.00021	0.00014	0.00012	0.00026	0.10943	0.00936	0.14187	0.04468	0.20243	0.00016	0.00010	2.6e-05	6.9e-05	0.00340	8.5e-05	0.48696
11	0.00493	0.00024	0.00025	0.00021	0.00028	0.11093	0.00017	0.00053	0.48211	0.39436	0.00461	0.00036	0.00028	0.00014	0.00011	3.4e-05	9.8e-05	0.00011	0.00011	0.00017
12	0.46842	0.00023	0.00030	0.00040	0.50946	0.00025	0.00022	0.01895	0.00022	0.00041	0.00018	0.00022	0.00014	9.7e-05	8.6e-05	3.2e-05	0.00011	7.7e-05	6e-05	0.00014
13	0.00023	0.03836	0.15465	0.00318	0.00214	0.00723	0.02492	0.02866	0.00836	0.00418	0.00020	0.00941	0.00016	0.01623	0.00353	2.3e-05	0.00983	7.2e-05	6.1e-05	0.68859
14	0.00015	0.00010	0.00014	0.00016	0.00017	0.00010	0.00289	0.00017	0.00021	0.00028	0.01725	0.47111	0.07290	0.12084	0.00368	5.2e-05	7.8e-05	0.30695	0.00268	8.8e-05
15	0.01494	0.00024	0.00032	0.00027	0.00806	0.01793	0.00022	0.09850	0.02564	0.01017	0.00696	0.00024	0.00015	0.00017	0.00030	4.4e-05	0.81555	9.4e-05	5.6e-05	0.00012
16	0.00015	0.00011	0.00013	0.00014	0.00016	9.8e-05	0.00010	0.00018	0.00026	0.00670	0.50116	0.20182	0.18611	0.00265	0.00319	3.8e-05	5.8e-05	0.08720	0.00639	0.00334
17	0.92395	0.00020	0.00016	0.00014	0.00021	0.00023	0.00012	0.00031	0.00019	0.02110	0.03485	0.00020	0.00015	0.00011	0.00785	3.4e-05	0.00996	6.4e-05	6.8e-05	0.00012
18	0.05719	0.00024	0.00032	0.00809	0.00028	0.03926	0.00469	0.02492	0.00018	0.00028	0.00014	0.00023	0.00014	0.00017	0.00031	4.4e-05	0.86325	9e-05	4.9e-05	0.00012
19	0.19185	0.00014	0.00016	0.00015	0.00019	0.00014	0.00011	0.00435	0.06519	0.17188	0.05672	0.37495	0.08461	0.00022	0.00011	3.7e-05	7.1e-05	0.01021	0.03879	0.00012
20	0.00020	0.00019	0.00031	0.96324	0.00456	0.00023	0.00029	0.00027	0.00339	0.00027	0.00019	0.00029	0.00015	0.01445	0.00314	0.00512	0.00014	9.5e-05	0.00336	0.00012
21	0.25020	0.00028	0.00026	0.00022	0.00028	0.16170	0.04772	0.34735	0.03105	0.04987	0.00229	0.00532	0.00017	0.00014	0.00012	0.08676	0.00215	8.5e-05	0.00336	0.01068
22	0.04484	0.02020	0.00025	0.00020	0.00027	0.07493	0.00016	0.03242	0.31281	0.48035	0.00869	0.00631	0.01068	0.00013	0.00010	3.3e-05	0.00217	0.00011	0.00517	0.00017
23	0.00026	0.00014	0.00017	0.00015	0.00020	0.00012	0.00012	0.01878	0.00680	0.35170	0.27991	0.07704	0.21658	0.01705	0.00624	3.7e-05	7.1e-05	0.02440	0.00011	0.00013
24	0.00014	0.00011	0.00013	0.00013	0.00015	0.01353	9.3e-05	0.00017	0.01395	0.00326	0.15114	0.22440	0.44588	0.06318	0.06299	0.01482	7.6e-05	0.00566	9.5e-05	9e-05
25	0.97485	0.00020	0.00016	0.00014	0.00021	0.00024	0.00012	0.00695	0.00018	0.00990	0.00015	0.00018	0.00012	0.00619	6.9e-05	3.3e-05	8.2e-05	5.9e-05	6.6e-05	0.00012
26	0.00193	0.63241	0.08274	0.00021	0.00029	0.10760	0.01349	0.04213	0.00024	0.02490	0.00018	0.00022	0.00016	0.00876	0.03329	0.01996	0.00995	0.01947	0.00194	0.00013
27	0.01554	0.00022	0.00025	0.00020	0.00027	0.00022	0.00016	0.38605	0.05533	0.37148	0.08570	0.00297	0.01240	0.00014	0.00011	3.2e-05	9.3e-05	0.00011	0.06855	0.00016
28	0.00015	0.00010	0.00013	0.00014	0.00016	9.7e-05	0.00010	0.00608	0.01069	0.03027	0.18512	0.52472	0.17117	0.01976	0.00014	4.1e-05	6.2e-05	0.04634	0.00461	9.4e-05
29	0.06405	0.00240	0.00276	0.01629	0.05849	0.00892	0.00898	0.13519	0.01261	0.50423	0.09097	0.00037	0.00030	0.00016	0.03615	3.7e-05	0.00205	0.00225	0.05362	0.00016
30	0.00435	0.00635	0.05322	0.43824	0.07076	0.26522	0.02290	0.05884	0.00754	0.02367	0.00020	0.01223	0.00016	0.00793	0.00011	3.3e-05	0.02606	9e-05	0.00196	0.00013
31	0.00015	0.00011	0.00013	0.00014	0.00016	0.00011	0.0001	0.00276	0.07037	0.01600	0.15598	0.28844	0.42097	0.00344	0.00013	3.8e-05	6e-05	0.03654	0.00428	9.8e-05
32	0.01277	0.00011	0.00304	0.00222	0.00017	0.00349	0.01127	0.00572	0.00491	0.04304	0.01574	0.60957	0.02049	0.09597	0.05993	0.00508	0.01280	0.09073	0.00285	9.2e-05
33	0.00780	0.06428	0.31210	0.11120	0.16596	0.02091	0.03952	0.07049	0.03065	0.13535	0.00472	0.00597	0.02306	0.00011	0.00010	3.3e-05	0.00229	0.00359	0.00171	0.00015
34	0.00209	0.00204	0.00679	0.01369	0.15391	0.00611	0.00255	0.03212	0.03464	0.31812	0.00372	0.00904	0.00349	0.32122	0.03173	0.02014	0.02175	0.01340	0.00329	0.00013
35	0.00868	0.00605	0.03467	0.03802	0.00856	0.07803	0.08587	0.05826	0.06428	0.22447	0.06585	0.18303	0.05551	0.01272	0.00949	0.00224	0.00798	0.02541	0.03074	0.00013
36	0.96247	0.00502	0.00016	0.00014	0.00412	0.01651	0.00012	0.00532	0.00018	0.00047	0.00015	0.00017	0.00012	9.9e-05	6.8e-05	3.3e-05	0.00461	5.8e-05	6.5e-05	0.00012
37	0.00660	0.04165	0.02004	0.01133	0.01657	0.06112	0.00237	0.00442	0.00152	0.11315	0.00025	0.00180	0.00317	0.06819	0.39430	0.04356	0.20750	0.00010	0.00226	0.00011
38	0.00690	0.21331	0.13893	0.05143	0.20769	0.15257	0.07188	0.02534	0.05942	0.02555	0.00485	0.00235	0.00144	0.00196	0.00291	3.1e-05	0.02701	8.5e-05	5.7e-05	0.00627
39	0.00017	0.00012	0.00015	0.00014	0.00017	0.00411	0.00011	0.00754	0.04045	0.02593	0.78896	0.01638	0.02618	0.00020	0.00012	3.3e-05	5.6e-05	0.00883	0.02110	0.05925
40	0.00357	0.04168	0.05430	0.00987	0.00819	0.00192	0.02654	0.03856	0.21700	0.00444	0.15936	0.05815	0.25632	0.01705	0.03448	0.00660	0.05445	0.00377	0.00362	0.00012
41	0.08658	0.00021	0.00949	0.54550	0.23337	0.00461	0.00256	0.03293	0.03157	0.02073	0.00189	0.00196	0.00016	0.00011	0.00010	3.4e-05	0.00013	0.00262	0.01533	0.01011
42	0.00178	0.06492	0.48665	0.01805	0.00036	0.00022	0.05699	0.00618	0.06275	0.06521	0.05200	0.03748	0.13057	0.00014	0.00167	3.4e-05	0.00329	0.00978	0.00177	0.00014
43	0.00025	0.01327	0.00024	0.00021	0.00025	0.37496	0.03678	0.00570	0.00247	0.00726	0.03579	0.00039	0.01071	0.13788	0.33688	8.7e-05	0.01801	0.01188	0.00688	0.00011
44	0.00018	0.00016	0.00022	0.00020	0.00022	0.00020	0.00016	0.00021	0.00017	0.00025	0.00513	0.03360	0.07469	0.00328	0.50321	0.00623	0.36788	0.00384	5.8e-05	0.00010
45	0.00014	0.00011	0.00013	0.00013	0.00015	9.7e-05	9.3e-05	0.00017	0.00740	0.00318	0.28698	0.21069	0.35944	0.06917	0.05234	4.8e-05	7e-05	0.00949	9.9e-05	9.1e-05
46	0.39945	0.00038	0.00024	0.00022	0.00028	0.59721	0.00017	0.00038	0.00025	0.00035	0.00016	0.00018	0.00013	0.00010	8.4e-05	2.9e-05	0.00015	6.4e-05	5.9e-05	0.00012
47	0.00029	0.97340	0.00055	0.00018	0.00027	0.02335	0.00018	0.00032	0.00022	0.00025	0.00015	0.00017	0.00014	9.1e-05	6.9e-05	2.3e-05	0.00012	5.7e-05	4.6e-05	0.00014
48	0.01671	0.00015	0.00021	0.11156	0.00180	0.00015	0.00015	0.00438	0.00830	0.32975	0.00879	0.00994	0.00176	0.00613	0.05526	0.36855	0.06320	0.01301	7.8e-05	0.00011
49	0.98696	0.00020	0.00016	0.00014	0.00020	0.00024	0.00011	0.00031	0.00018	0.00047	0.00015	0.01023	0.00012	0.00010	6.6e-05	3.3e-05	8.2e-05	6e-05	6.6e-05	0.00011
50	0.01913	0.00025	0.01026	0.07903	0.05148	0.18397	0.00588	0.04631	0.32279	0.06613	0.05927	0.03769	0.09566	0.00441	0.01000	3.5e-05	0.00736	0.00012	8.8e-05	0.00014

[dist]
# distance from previous block
# <min> <max>
0	2

[block]
# block no. 6 follows, 3273 sequences, length 10
# corresponding to MSA columns:
# 607-616
name=unknown_G
#
# <colnr> <probs for GDERKNQSTAVLIFYWHMCP>
#	G	D	E	R	K	N	Q	S	T	A	V	L	I	F	Y	W	H	M	C	P
0	0.00025	0.00027	0.00057	0.00041	0.00051	0.00026	0.83896	0.00033	0.00024	0.02900	0.00021	0.00028	0.00016	9.8e-05	0.00014	3.6e-05	0.08402	0.00012	5.6e-05	0.04406
1	0.00015	0.00011	0.00013	0.00013	0.00015	0.00010	9.4e-05	0.00018	0.01283	0.01558	0.09005	0.01411	0.37132	0.32462	0.01288	6.1e-05	8e-05	0.15724	8.9e-05	8.6e-05
2	0.41556	0.17952	0.06139	0.03238	0.01073	0.07075	0.02320	0.00860	0.01492	0.01684	0.01027	0.00896	0.01034	0.01291	0.00810	3.3e-05	0.01719	0.01842	0.07976	0.00012
3	0.00022	0.01534	0.00025	0.09254	0.17259	0.10433	0.00977	0.01050	0.04171	0.03560	0.06465	0.12945	0.05971	0.00020	0.00012	3.8e-05	0.01112	0.25164	8.2e-05	0.00012
4	0.00016	0.00012	0.00014	0.00015	0.00017	0.01145	0.00010	0.07959	0.01156	0.01144	0.01734	0.64898	0.04177	0.15750	0.00020	5.1e-05	7.5e-05	0.01901	9.4e-05	9.3e-05
5	0.13520	0.00015	0.00017	0.00016	0.01374	0.00937	0.00013	0.02602	0.02902	0.25308	0.04235	0.05470	0.32329	0.00020	0.00011	3.6e-05	7.6e-05	0.10275	0.00930	0.00012
6	0.01417	0.01047	0.06682	0.12500	0.05331	0.02064	0.02189	0.03674	0.09426	0.21920	0.10112	0.13862	0.02589	0.00639	0.01698	0.01987	0.01331	0.00801	0.00718	0.00014
7	0.01826	0.00025	0.04729	0.00805	0.00030	0.01213	0.01175	0.44261	0.03942	0.25107	0.00030	0.00821	0.00021	0.01155	0.08903	0.01158	0.04763	0.00010	9.9e-05	0.00016
8	0.00840	0.00012	0.00015	0.00015	0.00017	0.00012	0.00011	0.00850	0.06179	0.04451	0.21436	0.32824	0.07264	0.01060	0.13723	0.06317	0.00850	0.02940	0.01173	9.9e-05
9	0.01085	0.01587	0.15468	0.04134	0.16198	0.01680	0.12823	0.01204	0.00577	0.01455	0.04411	0.13779	0.03637	0.04495	0.07486	0.04525	0.03047	0.01812	0.00585	0.00012

[dist]
# distance from previous block
# <min> <max>
37	190

[block]
# block no. 7 follows, 3273 sequences, length 19
# corresponding to MSA columns:
# 947-963,965,967
name=unknown_H
#
# <colnr> <probs for GDERKNQSTAVLIFYWHMCP>
#	G	D	E	R	K	N	Q	S	T	A	V	L	I	F	Y	W	H	M	C	P
0	0.15068	0.00016	0.00018	0.00016	0.00021	0.00015	0.00012	0.04719	0.03161	0.30379	0.02037	0.10950	0.04941	0.20048	0.00019	4.9e-05	8.7e-05	0.07659	0.00894	0.00012
1	0.00461	0.00017	0.02302	0.08846	0.04053	0.09793	0.00356	0.00584	0.02590	0.01263	0.30295	0.14886	0.10263	0.00024	0.05259	0.00611	9.6e-05	0.03387	0.04433	0.00568
2	0.03350	0.28623	0.16528	0.03204	0.06373	0.07045	0.05342	0.04638	0.03963	0.13117	0.00391	0.00419	0.00313	0.00355	0.00356	3e-05	0.01765	0.00323	0.00302	0.03588
3	0.00360	0.00783	0.15670	0.03473	0.03354	0.01394	0.02936	0.02470	0.01449	0.07789	0.10231	0.09962	0.12099	0.01809	0.10989	0.09313	0.01591	0.04022	0.00297	0.00011
4	0.00026	0.00022	0.04880	0.00022	0.02876	0.04911	0.03077	0.29570	0.06518	0.01987	0.07486	0.07163	0.10531	0.02046	0.00013	3.8e-05	0.00010	0.17653	0.01191	0.00013
5	0.00016	0.00013	0.01505	0.09875	0.03536	0.00420	0.00824	0.00485	0.01057	0.00029	0.03722	0.38301	0.06865	0.09258	0.06521	5.5e-05	0.00406	0.17143	8.5e-05	9.6e-05
6	0.04311	0.12336	0.12779	0.07768	0.13298	0.02834	0.03711	0.06709	0.04059	0.17243	0.03946	0.02796	0.03920	0.00013	0.00011	3.2e-05	0.02572	0.00427	0.00475	0.00790
7	0.12961	0.11111	0.25576	0.02702	0.05518	0.01749	0.05522	0.02302	0.00827	0.06524	0.00626	0.04243	0.01365	0.00605	0.04025	0.01688	0.07674	0.04963	6.3e-05	0.00013
8	0.00746	0.00015	0.00017	0.00016	0.00019	0.05770	0.08271	0.01188	0.00022	0.01439	0.01217	0.09777	0.37098	0.25808	0.01182	5.5e-05	0.00828	0.02942	0.03632	9.2e-05
9	0.00530	0.10229	0.06398	0.17296	0.32091	0.08525	0.14371	0.01785	0.00583	0.01153	0.00483	0.00636	0.00326	0.00614	0.01374	3.5e-05	0.01921	0.01307	0.00360	0.00014
10	0.02078	0.07872	0.17964	0.14204	0.19896	0.03298	0.06470	0.04742	0.02896	0.07865	0.02693	0.04185	0.02570	0.00323	0.00336	0.00296	0.01064	0.00907	0.00326	0.00014
11	0.00713	0.33911	0.01524	0.00745	0.00476	0.06699	0.01628	0.05586	0.19442	0.00912	0.11856	0.02568	0.12864	0.00015	0.0001	3e-05	0.00616	0.00411	7.9e-05	0.00013
12	0.00014	0.00010	0.00014	0.00016	0.00017	0.00011	0.00011	0.00017	0.01129	0.00026	0.00045	0.47529	0.01343	0.03163	0.41681	9.8e-05	0.00016	0.02279	0.02659	9.1e-05
13	0.03973	0.20205	0.13666	0.05475	0.15453	0.04645	0.05373	0.03328	0.02092	0.15786	0.00537	0.00724	0.00964	0.00322	0.00312	3.2e-05	0.06128	0.00661	0.00339	0.00015
14	0.00841	0.09498	0.09359	0.18818	0.09938	0.05735	0.02303	0.05744	0.03686	0.16469	0.00603	0.09726	0.02477	0.00353	0.00417	3.4e-05	0.00430	0.03232	0.00352	0.00014
15	0.00015	0.00010	0.00013	0.00014	0.00015	0.00010	9.3e-05	0.00788	0.01814	0.00808	0.00991	0.51302	0.02666	0.33560	0.04252	6.8e-05	8.7e-05	0.03702	8.6e-05	8.3e-05
16	0.49006	0.10635	0.01168	0.11588	0.02248	0.20205	0.00858	0.01000	0.00022	0.00780	0.00016	0.00636	0.00013	0.00010	8.3e-05	3.1e-05	0.01323	6.8e-05	0.00461	0.00012
17	0.00016	0.00012	0.00014	0.00014	0.00017	0.00839	0.00010	0.01933	0.04655	0.00996	0.62523	0.02578	0.20937	0.01318	0.00013	3.5e-05	5.7e-05	0.02393	0.01713	0.00010
18	0.02700	0.13434	0.16554	0.05440	0.10632	0.04708	0.02189	0.10440	0.13948	0.01340	0.01813	0.01628	0.00550	0.00437	0.01199	3.5e-05	0.11679	9.5e-05	0.00354	0.00943

[dist]
# distance from previous block
# <min> <max>
2	5

[block]
# block no. 8 follows, 3273 sequences, length 6
# corresponding to MSA columns:
# 975-980
name=unknown_I
#
# <colnr> <probs for GDERKNQSTAVLIFYWHMCP>
#	G	D	E	R	K	N	Q	S	T	A	V	L	I	F	Y	W	H	M	C	P
0	0.00018	0.01025	0.02391	0.01131	0.01663	0.01260	0.01022	0.01279	0.02846	0.01054	0.09569	0.05159	0.07485	0.16249	0.17235	0.28373	0.01023	0.01201	6.8e-05	8.4e-05
1	0.00020	0.01386	0.01222	0.05495	0.04071	0.04210	0.02729	0.03411	0.04381	0.04353	0.03907	0.04622	0.01559	0.24065	0.23984	8.5e-05	0.01479	0.08052	0.01035	0.00011
2	0.33774	0.00023	0.00023	0.01929	0.01749	0.02741	0.00016	0.33636	0.00029	0.01803	0.00023	0.03983	0.00019	0.01993	0.08659	4.7e-05	0.06140	0.01407	7.9e-05	0.02040
3	0.00022	0.00053	0.91270	0.00031	0.00047	0.00025	0.08340	0.00034	0.00023	0.00034	0.00019	0.00023	0.00014	0.0001	0.00010	3.4e-05	0.00016	8.2e-05	4.5e-05	0.00016
4	0.01045	0.02744	0.01120	0.07371	0.04625	0.02997	0.03125	0.47498	0.02325	0.18714	0.00028	0.01156	0.00020	0.00998	0.01291	0.01003	0.01906	0.01000	0.01017	0.00016
5	0.02039	0.06965	0.07653	0.01363	0.02514	0.04135	0.02178	0.19932	0.06892	0.14912	0.01614	0.03379	0.01029	0.19260	0.02067	0.01038	0.01264	0.01744	8.4e-05	0.00014

[dist]
# distance from previous block
# <min> <max>
6	20

[block]
# block no. 9 follows, 3273 sequences, length 7
# corresponding to MSA columns:
# 1003,1004,1006-1009,1014
name=unknown_J
#
# <colnr> <probs for GDERKNQSTAVLIFYWHMCP>
#	G	D	E	R	K	N	Q	S	T	A	V	L	I	F	Y	W	H	M	C	P
0	0.06722	0.09567	0.19087	0.07399	0.12164	0.03637	0.03520	0.02693	0.02328	0.12771	0.04450	0.02363	0.03750	0.01362	0.01722	0.00763	0.01495	0.00010	0.00763	0.03433
1	0.01606	0.00015	0.01107	0.00017	0.01054	0.00014	0.01074	0.02416	0.11029	0.19704	0.34976	0.03560	0.12563	0.02892	0.00013	3.6e-05	7.2e-05	0.04783	0.01969	0.01197
2	0.00016	0.01088	0.03845	0.00944	0.01446	0.01064	0.03149	0.01352	0.01156	0.01867	0.32199	0.18971	0.24975	0.02419	0.00976	3.9e-05	7.2e-05	0.02513	0.01998	0.00010
3	0.02858	0.14912	0.26269	0.05071	0.09136	0.05398	0.10750	0.04169	0.02477	0.12003	0.01106	0.01005	0.00962	0.01218	0.00011	0.00871	0.00885	9.3e-05	0.00874	0.00015
4	0.14660	0.13395	0.13454	0.09169	0.07823	0.01096	0.04106	0.01401	0.03310	0.06018	0.02274	0.06905	0.08620	0.01583	0.01930	0.01315	0.00983	0.01936	6.9e-05	0.00013
5	0.00014	9.7e-05	0.00013	0.00015	0.00016	9.2e-05	0.00010	0.00016	0.00021	0.01991	0.01912	0.80688	0.02627	0.02786	0.02089	4.7e-05	6.9e-05	0.05954	0.01809	8.9e-05
6	0.01361	0.07038	0.25858	0.10866	0.23642	0.01487	0.04036	0.02248	0.04883	0.05862	0.02510	0.02688	0.03533	0.00012	0.00011	3.3e-05	0.01093	0.00961	0.00856	0.01053

[dist]
# distance from previous block
# <min> <max>
20	56

[block]
# block no. 10 follows, 3273 sequences, length 6
# corresponding to MSA columns:
# 1142-1147
name=unknown_K
#
# <colnr> <probs for GDERKNQSTAVLIFYWHMCP>
#	G	D	E	R	K	N	Q	S	T	A	V	L	I	F	Y	W	H	M	C	P
0	0.05038	0.35700	0.03212	0.01762	0.01708	0.01557	0.03128	0.00030	0.01416	0.02891	0.02291	0.00023	0.01321	9.6e-05	8.6e-05	2.3e-05	0.02165	7.2e-05	5.9e-05	0.37723
1	0.00023	0.01443	0.01956	0.31543	0.12423	0.01146	0.00020	0.01151	0.01140	0.12082	0.07479	0.14713	0.01248	0.04705	0.01773	4e-05	0.00011	0.01371	0.04698	0.01074
2	0.00016	0.00012	0.00014	0.00014	0.00017	0.00010	0.00010	0.00020	0.02110	0.03274	0.26196	0.23291	0.28669	0.02113	0.00013	3.7e-05	6.2e-05	0.05959	0.00010	0.08242
3	0.00015	0.00011	0.00013	0.00013	0.00016	9.6e-05	9.9e-05	0.00018	0.00025	0.03967	0.28643	0.29082	0.32718	0.00027	0.00013	3.8e-05	5.9e-05	0.05390	0.00010	9.6e-05
4	0.00019	0.00018	0.01612	0.15825	0.13224	0.00018	0.17236	0.01315	0.01667	0.01378	0.14529	0.14862	0.13187	0.01517	0.01316	3.9e-05	0.00011	0.02242	7.8e-05	0.00012
5	0.00026	0.00025	0.00039	0.27210	0.60478	0.04295	0.00030	0.07707	0.00026	0.00035	0.00020	0.00026	0.00016	0.00010	0.00010	3.2e-05	0.00013	9.3e-05	5.5e-05	0.00015

[dist]
# distance from previous block
# <min> <max>
1	16

[block]
# block no. 11 follows, 3273 sequences, length 18
# corresponding to MSA columns:
# 1173,1174,1176,1178-1192
name=unknown_L
#
# <colnr> <probs for GDERKNQSTAVLIFYWHMCP>
#	G	D	E	R	K	N	Q	S	T	A	V	L	I	F	Y	W	H	M	C	P
0	0.05596	0.69409	0.01890	0.00720	0.00029	0.17760	0.00827	0.01252	0.01374	0.01038	0.00016	0.00018	0.00014	9.6e-05	7.5e-05	2.5e-05	0.00013	6.2e-05	5.1e-05	0.00013
1	0.88134	0.00636	0.00693	0.00625	0.04168	0.00684	0.01117	0.00837	0.02383	0.00046	0.00016	0.00018	0.00012	0.0001	7.2e-05	3.3e-05	0.00584	6.2e-05	6.6e-05	0.00012
2	0.26453	0.02390	0.06699	0.01104	0.01236	0.03759	0.04241	0.18099	0.16794	0.12126	0.01673	0.01864	0.01578	0.00571	0.00388	3.4e-05	0.00523	0.00475	8.7e-05	0.00015
3	0.00358	0.00017	0.00418	0.00367	0.00408	0.01276	0.00320	0.12100	0.11983	0.07068	0.01127	0.01775	0.00372	0.11675	0.32713	0.03995	0.01215	0.00424	0.00562	0.11829
4	0.07341	0.00019	0.00019	0.00018	0.00023	0.03720	0.00014	0.02274	0.40971	0.07014	0.08765	0.23253	0.04398	0.00020	0.00011	3.7e-05	8e-05	0.02103	0.00010	0.00013
5	0.00015	0.00011	0.00017	0.00017	0.00019	0.00013	0.00013	0.00019	0.00017	0.00025	0.00028	0.00042	0.00026	0.00079	0.99586	0.00017	0.00028	0.00011	5.7e-05	9.5e-05
6	0.02184	0.02315	0.00366	0.01536	0.00019	0.00675	0.00012	0.04523	0.05668	0.16299	0.01150	0.09451	0.14320	0.32424	0.01157	5.9e-05	0.01429	0.05684	0.00346	0.00436
7	0.01724	0.00020	0.00023	0.00019	0.00026	0.00021	0.00015	0.03060	0.47522	0.32784	0.05415	0.04816	0.00803	0.00695	0.00011	3.5e-05	8.4e-05	0.01424	0.01594	0.00016
8	0.08946	0.00023	0.00028	0.10222	0.00034	0.01740	0.10203	0.12588	0.26561	0.13242	0.00587	0.00531	0.02177	0.00013	0.00621	3.3e-05	0.00011	0.00010	8.8e-05	0.12451
9	0.00028	0.96533	0.03154	0.00019	0.00028	0.00041	0.00019	0.00032	0.00022	0.00025	0.00015	0.00017	0.00014	9.1e-05	6.9e-05	2.3e-05	0.00011	5.7e-05	4.5e-05	0.00014
10	0.00015	0.00011	0.00013	0.00013	0.00016	9.7e-05	0.00681	0.00590	0.00794	0.03701	0.10709	0.34469	0.44553	0.00777	0.00013	3.9e-05	6e-05	0.02541	0.01076	9.4e-05
11	0.13552	0.00018	0.00023	0.00018	0.00026	0.00017	0.00015	0.01647	0.01826	0.78441	0.02625	0.00035	0.00851	0.00013	0.00010	3.3e-05	8.8e-05	0.00010	0.00844	0.00017
12	0.00025	0.00016	0.00019	0.00018	0.00022	0.02118	0.00014	0.00899	0.18050	0.19618	0.00637	0.00721	0.00600	0.00045	0.47051	9.8e-05	0.00018	0.00587	0.09522	0.00013
13	0.00025	0.00017	0.00023	0.01434	0.00023	0.00020	0.00016	0.00644	0.00745	0.22318	0.04253	0.09461	0.12953	0.02769	0.07390	5.1e-05	0.34602	0.02266	0.01023	0.00012
14	0.00378	0.06325	0.02438	0.17518	0.17890	0.01797	0.02252	0.00446	0.01128	0.03799	0.06379	0.18934	0.08091	0.02462	0.04550	0.01893	0.00681	0.02172	0.00512	0.00356
15	0.00885	0.21415	0.07791	0.00747	0.01767	0.13667	0.04644	0.02697	0.03869	0.01414	0.01065	0.03308	0.00579	0.01200	0.28335	0.01013	0.03858	0.01412	0.00323	0.00012
16	0.00023	0.00022	0.00036	0.48137	0.47076	0.00024	0.00030	0.00030	0.01015	0.00031	0.00021	0.00029	0.01429	0.00011	0.00958	0.01086	0.00013	9.7e-05	5.1e-05	0.00014
17	0.00445	0.00456	0.02477	0.06987	0.06754	0.00969	0.02214	0.03368	0.02325	0.03319	0.09819	0.08960	0.08964	0.16999	0.11428	0.05040	0.03462	0.03849	0.02156	0.00010

[dist]
# distance from previous block
# <min> <max>
5	11

[block]
# block no. 12 follows, 3273 sequences, length 22
# corresponding to MSA columns:
# 1255-1276
name=unknown_M
#
# <colnr> <probs for GDERKNQSTAVLIFYWHMCP>
#	G	D	E	R	K	N	Q	S	T	A	V	L	I	F	Y	W	H	M	C	P
0	0.00022	0.00015	0.00389	0.00017	0.00953	0.04100	0.00541	0.07113	0.02167	0.12129	0.16777	0.17136	0.19067	0.00425	0.03216	4.1e-05	8.4e-05	0.11368	0.04541	0.00011
1	0.00524	0.00011	0.00012	0.00013	0.00015	0.00365	0.00347	0.00415	0.00361	0.00655	0.13464	0.24799	0.54855	0.01051	0.01285	0.00495	6.1e-05	0.00899	0.00420	9.1e-05
2	0.00021	0.14717	0.00024	0.00018	0.00022	0.13957	0.00428	0.00025	0.01553	0.00026	0.02543	0.01394	0.04544	0.00785	0.58477	0.00601	0.00426	0.00423	6e-05	0.00011
3	0.00640	0.00012	0.03024	0.00014	0.00017	0.00011	0.00011	0.00393	0.01551	0.00765	0.51038	0.06287	0.16986	0.08240	0.04918	4.7e-05	7.4e-05	0.04902	0.00779	0.00398
4	0.00018	0.00013	0.00017	0.00016	0.00019	0.00013	0.04248	0.02108	0.10157	0.02025	0.36878	0.14783	0.06638	0.07097	0.00020	0.15098	7.4e-05	0.00826	9.5e-05	9.9e-05
5	0.66884	0.29267	0.00028	0.00015	0.00023	0.00029	0.00014	0.00032	0.00019	0.03590	0.00016	0.00018	0.00013	9.7e-05	6.8e-05	3e-05	9.1e-05	5.9e-05	6.2e-05	0.00012
6	0.02278	0.00426	0.01024	0.00024	0.03251	0.10249	0.05445	0.19532	0.04037	0.42566	0.01646	0.02597	0.00438	0.01260	0.00721	3.4e-05	0.01353	0.00798	0.00406	0.01947
7	0.05236	0.42491	0.20645	0.23283	0.00042	0.00031	0.03144	0.00794	0.00653	0.01021	0.00017	0.00022	0.00014	9.7e-05	8.6e-05	2.9e-05	0.00013	7.3e-05	4.9e-05	0.02560
8	0.00024	0.00026	0.00050	0.00038	0.00044	0.00029	0.57540	0.00030	0.00021	0.00030	0.00018	0.00026	0.00015	0.00013	0.00022	4e-05	0.42039	0.00011	5.1e-05	0.00013
9	0.05878	0.04669	0.05193	0.02215	0.02210	0.06281	0.01281	0.13365	0.02014	0.15644	0.00352	0.00030	0.04554	0.00454	0.00542	3.8e-05	0.34726	0.00567	7.4e-05	0.00014
10	0.37683	0.02964	0.02502	0.00697	0.00025	0.05075	0.10415	0.02518	0.00512	0.02795	0.00620	0.21839	0.00345	0.00349	0.09350	4.8e-05	0.01326	0.00679	0.00292	0.00011
11	0.00021	0.00020	0.01548	0.00024	0.00026	0.00026	0.00741	0.01558	0.05550	0.00881	0.00020	0.00030	0.00019	0.00036	0.30113	8.3e-05	0.59351	0.00010	5.5e-05	0.00011
12	0.00503	0.00011	0.00012	0.00013	0.00014	0.00010	8.3e-05	0.00017	0.00537	0.00966	0.16110	0.09023	0.19395	0.46197	0.03856	7.2e-05	8.7e-05	0.02701	0.00603	8.1e-05
13	0.04800	0.01330	0.05850	0.02518	0.23884	0.04426	0.13764	0.03095	0.05545	0.15515	0.01854	0.01593	0.00946	0.00345	0.00011	3.3e-05	0.00733	0.04745	0.00495	0.08549
14	0.00934	0.02952	0.00811	0.37928	0.01099	0.00692	0.35632	0.01471	0.00755	0.00730	0.09336	0.02147	0.00676	0.00012	0.00012	3.5e-05	0.00014	0.04308	6.2e-05	0.00482
15	0.00017	0.00011	0.00015	0.00015	0.00017	0.00011	0.00011	0.00825	0.01727	0.07889	0.29700	0.36711	0.04779	0.03974	0.00488	0.01443	6.8e-05	0.11717	0.00634	0.0001
16	0.00333	0.00363	0.05591	0.09077	0.24180	0.00775	0.02860	0.03638	0.00784	0.01173	0.00366	0.02783	0.00871	0.32350	0.01803	0.09183	0.01140	0.02713	6.1e-05	0.00011
17	0.03758	0.00335	0.04550	0.06131	0.04721	0.00544	0.06007	0.03329	0.08634	0.47093	0.00390	0.06175	0.03942	0.00850	0.01865	3.7e-05	0.00702	0.00386	0.00568	0.00016
18	0.07467	0.00015	0.00017	0.00015	0.00020	0.00014	0.00012	0.04492	0.06817	0.22728	0.28205	0.05352	0.18015	0.00511	0.00012	3.5e-05	7e-05	0.04411	0.01873	0.00012
19	0.01782	0.00013	0.00017	0.00016	0.00020	0.00470	0.00012	0.02514	0.03480	0.27184	0.13481	0.35677	0.06090	0.00564	0.00012	3.8e-05	7.2e-05	0.05111	0.03533	0.00012
20	0.01453	0.05655	0.12874	0.25020	0.23640	0.01131	0.11269	0.02395	0.01112	0.09432	0.01253	0.01684	0.00486	0.00012	0.01202	0.00333	0.00700	0.00329	6.1e-05	0.00014
21	0.02685	0.00806	0.06066	0.07893	0.28952	0.00020	0.01360	0.01288	0.01891	0.31661	0.01277	0.08416	0.02129	0.01667	0.00313	3.5e-05	0.00312	0.01554	0.01170	0.00537

[dist]
# distance from previous block
# <min> <max>
5	25

[block]
# block no. 13 follows, 3273 sequences, length 12
# corresponding to MSA columns:
# 1312-1321,1324,1325
name=unknown_N
#
# <colnr> <probs for GDERKNQSTAVLIFYWHMCP>
#	G	D	E	R	K	N	Q	S	T	A	V	L	I	F	Y	W	H	M	C	P
0	0.00017	0.00012	0.00014	0.00015	0.00017	0.00720	0.00011	0.00020	0.01137	0.05087	0.06168	0.45600	0.11418	0.06409	0.02699	0.00740	7.6e-05	0.09544	0.02658	0.07706
1	0.00579	0.15572	0.32095	0.02103	0.04540	0.02697	0.03657	0.03065	0.07610	0.02242	0.09655	0.00611	0.04640	0.01282	0.03080	3.8e-05	0.06536	0.00010	6.5e-05	0.00014
2	0.00019	0.00017	0.00023	0.00021	0.00022	0.00730	0.01217	0.00023	0.00735	0.00953	0.25342	0.00723	0.10119	0.03731	0.07473	5.2e-05	0.46413	0.00667	0.00918	0.00847
3	0.00018	0.01297	0.02603	0.01216	0.07362	0.01193	0.01479	0.01080	0.00801	0.02889	0.28226	0.21917	0.15431	0.03232	0.00638	3.9e-05	0.04485	0.03529	0.01790	0.00807
4	0.09874	0.01016	0.00957	0.00675	0.00927	0.01526	0.02215	0.08977	0.00997	0.04766	0.02170	0.30014	0.14091	0.01607	0.00608	0.00615	0.00465	0.03348	0.00569	0.14581
5	0.05125	0.00014	0.00016	0.00015	0.00017	0.01572	0.00011	0.02133	0.01077	0.01970	0.09366	0.01447	0.06247	0.43588	0.07433	7.5e-05	0.10912	0.02731	0.06311	9e-05
6	0.52120	0.00025	0.01745	0.01082	0.04150	0.01733	0.36289	0.01146	0.01552	0.00041	0.00018	0.00022	0.00014	9.6e-05	9.2e-05	3.4e-05	0.00012	8.6e-05	6.1e-05	0.00013
7	0.00018	0.00014	0.00017	0.01040	0.00021	0.01320	0.01838	0.02089	0.12708	0.01210	0.01059	0.30628	0.02883	0.08773	0.00810	4.9e-05	8.8e-05	0.35538	9.5e-05	0.00010
8	0.00016	0.00011	0.00015	0.00014	0.00017	0.00010	0.00011	0.00021	0.00028	0.03940	0.66986	0.01668	0.11282	0.00024	0.01442	3.8e-05	6.2e-05	0.14483	0.00011	0.00010
9	0.00528	0.02482	0.02468	0.08884	0.09463	0.18086	0.02086	0.06192	0.16171	0.01177	0.01903	0.19836	0.01766	0.00897	0.00808	3.7e-05	0.01834	0.04214	0.01188	0.00013
10	0.25737	0.02128	0.00589	0.00585	0.05859	0.00016	0.02496	0.01840	0.02060	0.00782	0.08690	0.41209	0.01858	0.04066	0.00013	4e-05	0.00930	0.01117	8.5e-05	0.00011
11	0.03232	0.06061	0.07741	0.00710	0.16036	0.04571	0.01016	0.02714	0.02862	0.04538	0.07172	0.10882	0.02719	0.05012	0.08426	0.01565	0.00012	0.06879	7.4e-05	0.07844

[dist]
# distance from previous block
# <min> <max>
3	13

[block]
# block no. 14 follows, 3273 sequences, length 11
# corresponding to MSA columns:
# 1348-1351,1358,1359,1365-1369
name=unknown_O
#
# <colnr> <probs for GDERKNQSTAVLIFYWHMCP>
#	G	D	E	R	K	N	Q	S	T	A	V	L	I	F	Y	W	H	M	C	P
0	0.01473	0.00012	0.00015	0.00017	0.00019	0.00011	0.01093	0.01036	0.00022	0.00029	0.01245	0.20449	0.04644	0.19079	0.01524	5.8e-05	9.2e-05	0.49299	9e-05	9e-05
1	0.01785	0.00028	0.01188	0.02542	0.30712	0.00030	0.01204	0.59795	0.01376	0.01200	0.00024	0.00026	0.00018	0.00012	0.00011	3.2e-05	0.00012	9.5e-05	8.6e-05	0.00017
2	0.00028	0.00024	0.00031	0.00037	0.34246	0.00026	0.00023	0.12482	0.50620	0.00044	0.00032	0.00033	0.00025	0.00012	0.00011	3.3e-05	0.00010	0.00011	8.8e-05	0.02292
3	0.00020	0.00019	0.00032	0.94935	0.04738	0.00024	0.00030	0.00027	0.00021	0.00027	0.00019	0.00028	0.00014	0.00011	0.00011	3.5e-05	0.00014	9.4e-05	4.7e-05	0.00012
4	0.01904	0.03206	0.11823	0.02965	0.24249	0.00939	0.00894	0.16092	0.08701	0.23919	0.01309	0.02003	0.00636	0.00012	0.00011	3.3e-05	0.00674	0.00634	8.6e-05	0.00016
5	0.94932	0.00020	0.00016	0.00014	0.00021	0.00023	0.00012	0.00032	0.00019	0.04812	0.00016	0.00018	0.00012	0.0001	6.8e-05	3.3e-05	8.2e-05	6e-05	6.9e-05	0.00012
6	0.13607	0.04943	0.08701	0.02778	0.07472	0.25535	0.03915	0.09922	0.16984	0.02475	0.01303	0.00026	0.00687	0.00012	9.9e-05	3.2e-05	0.00937	8.7e-05	0.00665	0.00014
7	0.01491	0.00015	0.00017	0.00016	0.00019	0.02699	0.00012	0.02441	0.15487	0.06152	0.24407	0.01418	0.10020	0.18357	0.08993	6e-05	9.9e-05	0.07055	9.4e-05	0.01373
8	0.00016	0.00886	0.02137	0.00014	0.00677	0.00011	0.01317	0.00679	0.01223	0.01634	0.58069	0.02747	0.25877	0.01108	0.00671	3.6e-05	6.1e-05	0.02243	0.00011	0.00670
9	0.02184	0.09448	0.02271	0.07354	0.16451	0.00611	0.00644	0.02856	0.34082	0.00801	0.00537	0.09885	0.00547	0.03599	0.05897	0.00695	0.00668	0.00516	7.9e-05	0.00948
10	0.01439	0.00010	0.00014	0.00015	0.00017	9.7e-05	0.00011	0.00019	0.00022	0.08579	0.06167	0.73131	0.03400	0.02060	0.00014	4.3e-05	6.6e-05	0.05063	0.00010	9.6e-05

[dist]
# distance from previous block
# <min> <max>
8	70

[block]
# block no. 15 follows, 3273 sequences, length 13
# corresponding to MSA columns:
# 1460-1472
name=unknown_P
#
# <colnr> <probs for GDERKNQSTAVLIFYWHMCP>
#	G	D	E	R	K	N	Q	S	T	A	V	L	I	F	Y	W	H	M	C	P
0	0.00467	0.00433	0.00553	0.08703	0.09088	0.03678	0.00715	0.02124	0.02319	0.06361	0.25276	0.13749	0.18892	0.00452	0.00444	3.6e-05	0.00491	0.03352	0.00939	0.01958
1	0.28605	0.56721	0.01431	0.00018	0.00026	0.02056	0.00016	0.03335	0.00022	0.07664	0.00017	0.00019	0.00014	9.8e-05	7.3e-05	2.7e-05	0.00010	6.3e-05	6e-05	0.00013
2	0.01644	0.00730	0.00794	0.00019	0.00026	0.00809	0.00015	0.05199	0.01750	0.77077	0.05982	0.01074	0.01463	0.00014	0.00011	3.2e-05	8.9e-05	0.00011	0.00012	0.03359
3	0.01345	0.00014	0.00017	0.00016	0.00020	0.00014	0.00012	0.03805	0.11359	0.21012	0.30608	0.14030	0.13419	0.01253	0.00012	3.6e-05	6.9e-05	0.01404	0.01637	0.00012
4	0.00021	0.00767	0.00033	0.58689	0.26009	0.01083	0.00761	0.00028	0.00740	0.00030	0.03605	0.00942	0.04816	0.00012	0.00011	3.4e-05	0.01714	0.00716	5.5e-05	0.00013
5	0.00015	0.00011	0.00014	0.00014	0.00015	0.00012	0.00010	0.00017	0.00016	0.00023	0.01588	0.03104	0.00034	0.41619	0.48200	0.05261	0.00019	0.00014	6.2e-05	7.9e-05
6	0.03718	0.00646	0.02044	0.00018	0.00809	0.01550	0.02216	0.07647	0.03198	0.19090	0.01526	0.02842	0.03713	0.28792	0.08235	0.00974	0.05244	0.07716	8.5e-05	0.00012
7	0.00019	0.27068	0.02295	0.00016	0.00020	0.00019	0.00013	0.00022	0.00020	0.01030	0.00901	0.23642	0.04037	0.18661	0.07123	5.8e-05	0.00011	0.15078	7.4e-05	0.00010
8	0.00913	0.00013	0.00820	0.00015	0.00018	0.04382	0.00011	0.01149	0.02024	0.06432	0.11429	0.61036	0.09231	0.00028	0.00013	3.9e-05	6.9e-05	0.01185	0.01282	9.9e-05
9	0.00027	0.00583	0.01077	0.12752	0.14466	0.02131	0.03782	0.25129	0.07999	0.04275	0.00987	0.04066	0.00895	0.02218	0.04644	0.00651	0.00533	0.13266	0.00506	0.00014
10	0.00539	0.00024	0.00031	0.37697	0.11188	0.14395	0.05076	0.07603	0.04972	0.01173	0.08270	0.00471	0.00909	0.00721	0.03530	0.00442	0.01497	0.00519	0.00490	0.00453
11	0.02196	0.12514	0.02353	0.05105	0.18555	0.09749	0.03514	0.26417	0.02508	0.05725	0.00538	0.00026	0.00704	0.00762	0.00903	3.3e-05	0.04809	8.9e-05	7.3e-05	0.03602
12	0.00623	0.00697	0.00431	0.26248	0.01802	0.07794	0.00460	0.09586	0.01760	0.13746	0.06194	0.04788	0.02958	0.00482	0.03279	0.00564	0.00943	0.01185	0.01911	0.14549

[dist]
# distance from previous block
# <min> <max>
0	1

