[name]
unknown

[dist]
# distance from previous block
# <min> <max>
0	276

[block]
# block no. 0 follows, 2948 sequences, length 49
# corresponding to MSA columns:
# 389-437
name=unknown_A
#
# <colnr> <probs for GDERKNQSTAVLIFYWHMCP>
#	G	D	E	R	K	N	Q	S	T	A	V	L	I	F	Y	W	H	M	C	P
0	0.11011	0.06992	0.10035	0.00544	0.12776	0.06881	0.03771	0.04179	0.07897	0.05641	0.02950	0.00625	0.02673	0.00015	0.00289	3.6e-05	0.01438	0.11885	0.00136	0.10257
1	0.00256	0.00020	0.00832	0.00606	0.02423	0.00872	0.05221	0.03259	0.22167	0.00359	0.00213	0.00695	0.01583	0.34078	0.10140	0.00284	0.13581	0.01576	8e-05	0.01827
2	0.00183	0.00024	0.00727	0.40371	0.41276	0.00027	0.00785	0.01093	0.01206	0.00475	0.00352	0.00284	0.00019	0.00622	0.05200	4.6e-05	0.06973	0.00011	0.00163	0.00207
3	0.00039	0.00025	0.00027	0.00022	0.00029	0.00496	0.00018	0.50446	0.03215	0.19199	0.01019	0.00447	0.01093	0.01756	0.00012	3.5e-05	0.00010	0.00011	0.22115	0.00017
4	0.93861	0.00022	0.00017	0.00015	0.00023	0.00026	0.00013	0.00034	0.00021	0.01051	0.01526	0.00739	0.01133	0.00012	7.6e-05	3.6e-05	9e-05	0.00427	0.01047	0.00013
5	0.00018	0.00012	0.00015	0.00225	0.00207	0.00013	0.00225	0.02115	0.01751	0.00337	0.01461	0.02503	0.00474	0.77732	0.07820	0.01001	0.00811	0.02842	0.00430	8.2e-05
6	0.00283	0.00013	0.00016	0.00015	0.00018	0.00012	0.00011	0.01161	0.00451	0.06805	0.72270	0.00420	0.17101	0.00327	0.00014	3.8e-05	6.1e-05	0.00649	0.00412	0.00012
7	0.03381	0.00023	0.00027	0.00021	0.00029	0.05668	0.00017	0.14336	0.07778	0.57271	0.01854	0.00039	0.00354	0.00015	0.00011	3.5e-05	0.00010	0.00369	0.08775	0.00018
8	0.00015	0.00011	0.00013	0.00014	0.00016	0.00010	9.8e-05	0.00018	0.00524	0.00032	0.11314	0.31628	0.48851	0.06857	0.00017	4.7e-05	6.6e-05	0.00637	0.00011	9.8e-05
9	0.00328	0.00012	0.00014	0.00014	0.00017	0.00011	0.00010	0.00021	0.00030	0.02116	0.49061	0.07800	0.38337	0.00398	0.00014	3.9e-05	6e-05	0.01007	0.00788	0.00011
10	0.99670	0.00023	0.00017	0.00015	0.00023	0.00026	0.00013	0.00035	0.00020	0.00053	0.00016	0.00019	0.00013	0.00011	7.3e-05	3.6e-05	9.1e-05	6.4e-05	7.3e-05	0.00013
11	0.00026	0.00024	0.01457	0.68703	0.10446	0.04349	0.01224	0.00324	0.00025	0.05909	0.00772	0.00350	0.00180	0.00472	0.00012	3.8e-05	0.00670	0.01030	0.00373	0.03649
12	0.00025	0.00021	0.00025	0.00018	0.00028	0.00017	0.00014	0.00837	0.04889	0.01293	0.00023	0.00026	0.00018	9.2e-05	8.9e-05	1.9e-05	8.8e-05	7.4e-05	7.3e-05	0.92724
13	0.00044	0.00056	0.00033	0.00030	0.00036	0.97526	0.00023	0.02059	0.00034	0.00030	0.00018	0.00021	0.00015	0.00012	0.00011	3e-05	0.00021	7.6e-05	6.2e-05	0.00014
14	0.00029	0.00016	0.00020	0.00017	0.00023	0.00014	0.00014	0.02105	0.04045	0.32192	0.60735	0.00070	0.00079	0.00020	0.00013	3.7e-05	7.3e-05	0.00568	0.00013	0.00014
15	0.99670	0.00023	0.00017	0.00015	0.00023	0.00026	0.00013	0.00035	0.00020	0.00053	0.00016	0.00019	0.00013	0.00011	7.3e-05	3.6e-05	9.1e-05	6.4e-05	7.3e-05	0.00013
16	0.00029	0.00028	0.00048	0.00072	0.99514	0.00028	0.00036	0.00036	0.00027	0.00038	0.00022	0.00029	0.00019	0.00010	0.00012	3.5e-05	0.00014	0.00010	5.8e-05	0.00019
17	0.00044	0.00033	0.00035	0.00027	0.00036	0.00036	0.00022	0.97821	0.01709	0.00074	0.00029	0.00028	0.00020	0.00014	0.00012	3.5e-05	0.00013	0.00011	0.00012	0.00020
18	0.00030	0.00026	0.00027	0.00024	0.00031	0.00030	0.00019	0.06204	0.93350	0.00051	0.00047	0.00043	0.00035	0.00016	0.00012	4e-05	9.5e-05	0.00013	0.00012	0.00019
19	0.00015	0.00010	0.00014	0.00016	0.00017	9.7e-05	0.00011	0.00016	0.00022	0.00030	0.00063	0.90600	0.00861	0.07386	0.00018	5.3e-05	7.2e-05	0.00879	0.00011	9.4e-05
20	0.00018	0.00013	0.00016	0.00018	0.00020	0.00446	0.00013	0.00277	0.12064	0.00355	0.07373	0.49985	0.08729	0.00286	0.00015	4.7e-05	7.9e-05	0.20337	0.00011	0.00011
21	0.00044	0.00056	0.00033	0.00030	0.00036	0.99540	0.00023	0.00047	0.00033	0.00029	0.00018	0.00021	0.00015	0.00012	0.00011	3e-05	0.00021	7.6e-05	6.1e-05	0.00014
22	0.00561	0.00186	0.01545	0.17465	0.05129	0.03055	0.09010	0.03499	0.06808	0.32378	0.00982	0.01446	0.00321	0.00751	0.02737	0.02121	0.11308	0.00206	0.00477	0.00016
23	0.00015	0.00011	0.00014	0.00016	0.00017	0.00010	0.00011	0.00018	0.00024	0.00611	0.08638	0.62339	0.17272	0.02890	0.00433	4.8e-05	7e-05	0.04961	0.02700	9.8e-05
24	0.00016	0.00012	0.00015	0.00015	0.00018	0.00011	0.00011	0.00312	0.00806	0.00900	0.41424	0.29260	0.19462	0.00878	0.01339	4.4e-05	6.8e-05	0.05105	0.00396	0.00011
25	0.86687	0.01453	0.00784	0.00356	0.04137	0.04120	0.00617	0.00723	0.00021	0.00653	0.00017	0.00020	0.00013	0.00011	0.00346	3.6e-05	0.00010	6.7e-05	7.2e-05	0.00013
26	0.01340	0.01551	0.28146	0.01068	0.02401	0.00189	0.37307	0.04292	0.05319	0.11160	0.00681	0.00262	0.00020	0.00743	0.01709	0.00856	0.02421	0.00285	0.00234	0.00017
27	0.00029	0.01128	0.01403	0.04786	0.84487	0.01441	0.01432	0.00752	0.00027	0.00038	0.00022	0.00029	0.00018	0.00011	0.00013	3.6e-05	0.03416	0.00236	5.8e-05	0.00724
28	0.00015	0.00012	0.00014	0.00014	0.00017	0.00010	0.00010	0.00018	0.00028	0.00036	0.29967	0.24691	0.43427	0.00881	0.00015	4.2e-05	6.1e-05	0.00815	0.00011	0.00010
29	0.00933	0.00026	0.00030	0.00023	0.00032	0.00277	0.00019	0.43419	0.02312	0.49909	0.01078	0.00482	0.00026	0.00015	0.00012	3.6e-05	0.00011	0.00704	0.00666	0.00020
30	0.00015	0.00012	0.00013	0.00013	0.00017	0.00010	9.5e-05	0.00432	0.00027	0.01977	0.01046	0.07899	0.86657	0.00030	0.00014	4e-05	6.2e-05	0.01291	0.00011	0.00518
31	0.00023	0.00018	0.00021	0.00019	0.00024	0.00019	0.00015	0.00584	0.37493	0.04677	0.35397	0.00077	0.08903	0.00022	0.00013	4e-05	7.9e-05	0.12656	0.00012	0.00014
32	0.00530	0.00031	0.00033	0.00026	0.00035	0.00678	0.00021	0.74193	0.20989	0.03290	0.00033	0.00032	0.00024	0.00014	0.00012	3.6e-05	0.00012	0.00011	0.00012	0.00020
33	0.00697	0.16974	0.00347	0.18041	0.03692	0.09801	0.01140	0.08609	0.00365	0.03388	0.00021	0.00027	0.00018	0.01728	0.00186	3.4e-05	0.14077	0.00487	0.00546	0.19851
34	0.00027	0.00026	0.00044	0.10877	0.76857	0.00027	0.02222	0.00035	0.01723	0.00038	0.05731	0.00809	0.00883	0.00012	0.00012	3.6e-05	0.00638	0.00012	6.3e-05	0.00017
35	0.00034	0.00020	0.00025	0.00019	0.00353	0.00016	0.00403	0.01395	0.00029	0.37437	0.11003	0.00038	0.01025	0.00013	0.00011	2.7e-05	8.9e-05	0.00011	0.00011	0.48145
36	0.00029	0.00035	0.03777	0.00047	0.00058	0.08893	0.85479	0.00038	0.00028	0.00037	0.00023	0.00031	0.00018	0.00490	0.00014	3.9e-05	0.00965	0.00013	5.9e-05	0.00016
37	0.00032	0.00025	0.00027	0.00024	0.00031	0.00028	0.00019	0.00753	0.89627	0.09225	0.00048	0.00043	0.00035	0.00016	0.00012	4e-05	9.4e-05	0.00013	0.00012	0.00019
38	0.00029	0.00025	0.00027	0.00024	0.00031	0.00029	0.00019	0.01127	0.98427	0.00049	0.00048	0.00044	0.00036	0.00016	0.00012	4e-05	9.3e-05	0.00013	0.00012	0.00019
39	0.00022	0.00021	0.00036	0.98511	0.00081	0.00026	0.01079	0.00030	0.00024	0.00030	0.00021	0.00031	0.00016	0.00012	0.00012	3.9e-05	0.00016	0.00010	5.2e-05	0.00013
40	0.00033	0.02216	0.01603	0.06548	0.11032	0.26774	0.00629	0.03418	0.03314	0.04520	0.00301	0.00028	0.00662	0.01859	0.00259	0.00246	0.36165	0.00232	0.00146	0.00014
41	0.00534	0.00023	0.00035	0.44316	0.15773	0.03722	0.05295	0.01765	0.06805	0.05669	0.02124	0.06348	0.04063	0.00014	0.00012	3.8e-05	0.00014	0.00013	0.01009	0.02462
42	0.00015	0.00012	0.00014	0.00014	0.00017	0.00011	0.00011	0.00982	0.01232	0.00421	0.13303	0.07326	0.66377	0.00849	0.00015	4.2e-05	6.6e-05	0.09369	0.00011	0.00010
43	0.00175	0.00632	0.00033	0.29887	0.05646	0.04940	0.11613	0.02538	0.09740	0.00198	0.03836	0.15273	0.02189	0.00746	0.00325	4.2e-05	0.02285	0.09763	0.00164	0.00014
44	0.75369	0.00021	0.00018	0.00016	0.00023	0.00024	0.00013	0.00642	0.02518	0.09231	0.00294	0.00974	0.01878	0.01135	0.00860	3.8e-05	9.1e-05	0.00378	0.06580	0.00013
45	0.00015	0.00012	0.00013	0.00013	0.00016	0.00010	9.6e-05	0.00019	0.00679	0.00036	0.24620	0.01557	0.72344	0.00028	0.00014	3.9e-05	5.9e-05	0.00584	0.00011	0.00010
46	0.00155	0.03170	0.00247	0.01361	0.05051	0.00500	0.01436	0.00338	0.00371	0.06024	0.29235	0.18911	0.06110	0.01065	0.16993	0.01291	0.05598	0.01565	0.00567	0.00012
47	0.00181	0.00488	0.00246	0.00175	0.00031	0.11205	0.00467	0.05946	0.53939	0.00234	0.00634	0.00604	0.03818	0.00017	0.00015	3.9e-05	0.09518	0.07044	0.00010	0.05426
48	0.03844	0.10786	0.16653	0.16936	0.02260	0.02148	0.02717	0.03810	0.17744	0.02072	0.02186	0.04331	0.00373	0.04634	0.01988	4.4e-05	0.06227	0.00793	0.00353	0.00142

[dist]
# distance from previous block
# <min> <max>
1	17

[block]
# block no. 1 follows, 2948 sequences, length 13
# corresponding to MSA columns:
# 455-467
name=unknown_B
#
# <colnr> <probs for GDERKNQSTAVLIFYWHMCP>
#	G	D	E	R	K	N	Q	S	T	A	V	L	I	F	Y	W	H	M	C	P
0	0.06246	0.33776	0.11660	0.04709	0.04547	0.10064	0.03850	0.01659	0.03650	0.08153	0.00591	0.00546	0.00865	0.00500	0.00460	3.4e-05	0.04649	0.00475	0.00445	0.03151
1	0.06598	0.01548	0.04114	0.00967	0.00792	0.00574	0.00488	0.11957	0.05665	0.28800	0.02989	0.01246	0.00979	0.04321	0.17610	6.8e-05	0.01535	0.06794	0.03001	0.00015
2	0.00028	0.00032	0.00069	0.00050	0.00061	0.00030	0.99471	0.00038	0.00028	0.00038	0.00024	0.00032	0.00018	9.9e-05	0.00014	4e-05	0.00020	0.00014	5.9e-05	0.00016
3	0.00020	0.00014	0.01431	0.00015	0.00019	0.00012	0.00012	0.00743	0.01967	0.12074	0.08393	0.16580	0.43450	0.06171	0.02197	4.9e-05	8e-05	0.06111	0.00766	0.00011
4	0.00016	0.00012	0.00014	0.00014	0.00017	0.00011	0.00010	0.00021	0.01361	0.01692	0.46931	0.04498	0.42965	0.00027	0.00014	3.9e-05	6e-05	0.01221	0.01155	0.00011
5	0.00017	0.00011	0.00014	0.00015	0.00015	0.00012	9.5e-05	0.00018	0.00019	0.00026	0.01993	0.18611	0.02511	0.57131	0.16119	0.01139	0.00014	0.02310	8e-05	8.3e-05
6	0.00019	0.00014	0.00017	0.00016	0.00020	0.00013	0.00795	0.07951	0.00899	0.00996	0.56345	0.10261	0.14913	0.01334	0.01172	4.2e-05	7.2e-05	0.05198	0.00012	0.00012
7	0.00031	0.99594	0.00062	0.00020	0.00030	0.00047	0.00020	0.00035	0.00024	0.00028	0.00016	0.00019	0.00015	0.00010	7.5e-05	2.5e-05	0.00013	6.3e-05	5e-05	0.00015
8	0.00029	0.00025	0.00026	0.00024	0.00030	0.00028	0.00018	0.02050	0.92173	0.00049	0.00048	0.03410	0.00038	0.00017	0.00012	4e-05	9.3e-05	0.01980	0.00012	0.00018
9	0.00025	0.00021	0.00025	0.00018	0.00028	0.00016	0.00014	0.03867	0.00026	0.00040	0.00021	0.00025	0.00018	8.9e-05	8.8e-05	1.8e-05	8.9e-05	7.1e-05	7.1e-05	0.95813
10	0.99670	0.00023	0.00017	0.00015	0.00023	0.00026	0.00013	0.00035	0.00020	0.00053	0.00016	0.00019	0.00013	0.00011	7.3e-05	3.6e-05	9.1e-05	6.4e-05	7.3e-05	0.00013
11	0.00016	0.00012	0.00014	0.00015	0.00017	0.00011	0.00011	0.00890	0.00025	0.01698	0.09407	0.28903	0.42538	0.07476	0.03092	0.00915	7.8e-05	0.04933	0.00011	0.0001
12	0.00024	0.00639	0.00035	0.00525	0.01696	0.00874	0.10999	0.00698	0.00586	0.00534	0.00709	0.05871	0.04504	0.09975	0.00602	5.5e-05	0.60218	0.00903	0.00588	0.00012

[dist]
# distance from previous block
# <min> <max>
3	8

[block]
# block no. 2 follows, 2948 sequences, length 12
# corresponding to MSA columns:
# 478-484,486-490
name=unknown_C
#
# <colnr> <probs for GDERKNQSTAVLIFYWHMCP>
#	G	D	E	R	K	N	Q	S	T	A	V	L	I	F	Y	W	H	M	C	P
0	0.03748	0.08112	0.00035	0.15338	0.10410	0.11370	0.02010	0.07730	0.12098	0.00037	0.00025	0.00031	0.00021	0.01565	0.11748	5.7e-05	0.14846	0.00010	0.00846	0.00015
1	0.02582	0.00708	0.06596	0.11962	0.21359	0.01022	0.03976	0.04381	0.03585	0.18313	0.01030	0.20107	0.00546	0.01560	0.00013	4e-05	0.00532	0.01011	9e-05	0.00704
2	0.00015	0.00011	0.00014	0.00016	0.00018	0.00010	0.00011	0.00017	0.00023	0.00031	0.01475	0.77379	0.09504	0.01616	0.01773	5.1e-05	7.6e-05	0.08054	0.00011	9.7e-05
3	0.33562	0.08413	0.04472	0.00913	0.00034	0.27167	0.11065	0.02794	0.03192	0.01420	0.00021	0.00806	0.00750	0.00012	0.00011	3.5e-05	0.05334	8.6e-05	6.8e-05	0.00014
4	0.00754	0.12339	0.22797	0.23265	0.19605	0.01456	0.09493	0.02025	0.01443	0.02823	0.00606	0.00029	0.00674	0.00011	0.00011	3.6e-05	0.00645	0.0001	0.00611	0.01398
5	0.00632	0.00019	0.01722	0.14830	0.01393	0.00854	0.00675	0.09263	0.04514	0.11436	0.05319	0.09840	0.03650	0.12008	0.13508	0.00485	0.02201	0.04715	0.02923	0.00013
6	0.00018	0.00013	0.00017	0.00020	0.00022	0.00012	0.00017	0.00022	0.00026	0.00034	0.02300	0.21378	0.03904	0.00033	0.00016	5.2e-05	9.7e-05	0.72130	0.00011	0.00011
7	0.00691	0.02929	0.02193	0.00954	0.00027	0.32519	0.02052	0.00032	0.00841	0.01752	0.27619	0.13519	0.03440	0.00640	0.00838	4e-05	0.00013	0.09915	9.4e-05	0.00012
8	0.02229	0.11441	0.11195	0.20907	0.25453	0.03884	0.06971	0.06663	0.02813	0.04152	0.00024	0.00847	0.00019	0.00012	0.00615	3.7e-05	0.01971	0.00778	6.6e-05	0.00016
9	0.00640	0.00024	0.04056	0.02356	0.00714	0.06487	0.05249	0.14168	0.11189	0.21398	0.09087	0.05933	0.03100	0.08432	0.02831	4.8e-05	0.00012	0.02552	0.01754	0.00015
10	0.00040	0.00019	0.00024	0.00020	0.00027	0.00018	0.00016	0.09618	0.04169	0.55439	0.24779	0.01973	0.03770	0.00018	0.00012	3.7e-05	8.9e-05	0.00015	0.00014	0.00017
11	0.00533	0.02117	0.10667	0.11390	0.09580	0.01593	0.04556	0.08183	0.07063	0.01641	0.04035	0.11407	0.01892	0.02152	0.05382	0.12271	0.02226	0.02112	0.01188	0.00013

[dist]
# distance from previous block
# <min> <max>
0	1

[block]
# block no. 3 follows, 2948 sequences, length 7
# corresponding to MSA columns:
# 492-495,498-500
name=unknown_D
#
# <colnr> <probs for GDERKNQSTAVLIFYWHMCP>
#	G	D	E	R	K	N	Q	S	T	A	V	L	I	F	Y	W	H	M	C	P
0	0.08045	0.08396	0.08357	0.05341	0.05192	0.06221	0.07000	0.32685	0.06011	0.05203	0.00984	0.01386	0.01801	0.01002	0.00012	3.7e-05	0.01254	0.01081	8.8e-05	0.00017
1	0.10207	0.00026	0.02394	0.00023	0.00031	0.01776	0.00019	0.27756	0.21203	0.29278	0.03794	0.00038	0.00029	0.00015	0.00012	3.7e-05	0.01629	0.01737	0.00012	0.00018
2	0.00984	0.00013	0.00936	0.00017	0.00941	0.00012	0.00919	0.01148	0.01768	0.07989	0.04237	0.45453	0.15621	0.05259	0.04811	0.02325	0.00951	0.05699	0.00906	0.00011
3	0.12640	0.03780	0.09039	0.08571	0.12736	0.05159	0.05488	0.11178	0.03205	0.17215	0.01742	0.01304	0.01224	0.00834	0.00937	3.8e-05	0.02353	0.00884	0.00768	0.00939
4	0.05177	0.49105	0.23000	0.01085	0.00996	0.02155	0.02532	0.06893	0.00990	0.02154	0.00979	0.00980	0.00950	0.00013	0.01029	3.3e-05	0.01000	0.00936	6.2e-05	0.00016
5	0.01429	0.00016	0.00020	0.01391	0.00023	0.01328	0.00014	0.03915	0.02087	0.22431	0.60287	0.00071	0.02163	0.00022	0.01322	3.9e-05	7.7e-05	0.01532	0.01924	0.00014
6	0.01910	0.77542	0.08731	0.00022	0.00032	0.04180	0.01805	0.01896	0.00025	0.01954	0.00018	0.00021	0.00016	0.01795	9.2e-05	2.9e-05	0.00013	7.1e-05	5.5e-05	0.00015

[dist]
# distance from previous block
# <min> <max>
0	1

[block]
# block no. 4 follows, 2948 sequences, length 7
# corresponding to MSA columns:
# 502-508
name=unknown_E
#
# <colnr> <probs for GDERKNQSTAVLIFYWHMCP>
#	G	D	E	R	K	N	Q	S	T	A	V	L	I	F	Y	W	H	M	C	P
0	0.01708	0.00014	0.01218	0.01051	0.00021	0.00013	0.01131	0.01506	0.02548	0.12082	0.32344	0.30392	0.09125	0.01810	0.00015	4.2e-05	0.01103	0.02514	0.01387	0.00012
1	0.01363	0.00014	0.00016	0.01761	0.00020	0.00013	0.00012	0.02822	0.01938	0.05017	0.39300	0.07515	0.33287	0.01469	0.00014	4e-05	0.01215	0.01260	0.02951	0.00011
2	0.08533	0.00013	0.00016	0.00016	0.00019	0.00013	0.00012	0.01240	0.01486	0.05441	0.19827	0.39387	0.09701	0.01694	0.01984	0.01454	7.7e-05	0.04888	0.04258	0.00011
3	0.00018	0.00013	0.00016	0.00016	0.00017	0.00013	0.01561	0.01137	0.01048	0.01591	0.06497	0.19167	0.02329	0.49262	0.06073	0.03240	0.01890	0.03384	0.01598	0.01132
4	0.00017	0.00012	0.00015	0.00016	0.00018	0.00011	0.00012	0.00022	0.02500	0.01820	0.31428	0.29815	0.09746	0.02051	0.00015	4.4e-05	7e-05	0.14086	0.08393	0.00011
5	0.00021	0.00015	0.01054	0.00017	0.01090	0.00014	0.01102	0.01397	0.05663	0.09505	0.39852	0.11462	0.21651	0.02481	0.01093	4.3e-05	0.01072	0.01241	0.01254	0.00012
6	0.00030	0.41243	0.18217	0.01460	0.00035	0.05420	0.01521	0.07301	0.01981	0.02317	0.02060	0.00025	0.00019	0.00011	9.4e-05	2.8e-05	0.00013	8e-05	6.5e-05	0.18320

[dist]
# distance from previous block
# <min> <max>
18	61

[block]
# block no. 5 follows, 2948 sequences, length 11
# corresponding to MSA columns:
# 600-603,642-648
name=unknown_F
#
# <colnr> <probs for GDERKNQSTAVLIFYWHMCP>
#	G	D	E	R	K	N	Q	S	T	A	V	L	I	F	Y	W	H	M	C	P
0	0.00636	0.00015	0.00020	0.01367	0.05950	0.00015	0.00014	0.00895	0.05698	0.03512	0.52610	0.06474	0.06920	0.01606	0.00665	4e-05	0.05474	0.01045	0.02145	0.04934
1	0.00680	0.00012	0.00015	0.00015	0.00018	0.00012	0.00834	0.00820	0.00716	0.01552	0.21580	0.13063	0.41897	0.08932	0.02880	0.01938	0.01333	0.02743	0.00951	0.00010
2	0.03559	0.00013	0.00017	0.00017	0.00020	0.00718	0.01481	0.00023	0.00025	0.11964	0.09694	0.58775	0.04297	0.05296	0.00745	4.9e-05	0.00773	0.00836	0.00946	0.00796
3	0.05154	0.00014	0.00017	0.00016	0.00020	0.00013	0.00012	0.00028	0.01042	0.17470	0.39181	0.18629	0.14613	0.01043	0.00014	4e-05	7e-05	0.01061	0.01652	0.00012
4	0.00799	0.00013	0.00016	0.00016	0.00019	0.00011	0.00786	0.00851	0.00833	0.07813	0.25545	0.32743	0.25712	0.00854	0.00014	4.2e-05	6.8e-05	0.01993	0.00850	0.01123
5	0.00042	0.00049	0.00032	0.00029	0.00035	0.76622	0.00022	0.06776	0.16213	0.00035	0.00024	0.00025	0.00019	0.00013	0.00011	3.2e-05	0.00019	8.7e-05	7.4e-05	0.00015
6	0.00029	0.00028	0.00049	0.00071	0.94907	0.00028	0.04642	0.00036	0.00027	0.00038	0.00022	0.00029	0.00019	0.00010	0.00012	3.5e-05	0.00014	0.00011	5.8e-05	0.00018
7	0.00684	0.00015	0.00672	0.00016	0.00020	0.00014	0.00781	0.03705	0.08733	0.07042	0.18008	0.05830	0.47658	0.00754	0.00015	0.02711	0.00989	0.01362	0.00979	0.00012
8	0.00032	0.93342	0.03263	0.00021	0.00031	0.00045	0.00021	0.00036	0.00024	0.03072	0.00017	0.00020	0.00016	0.00010	7.8e-05	2.6e-05	0.00013	6.5e-05	5.3e-05	0.00015
9	0.00711	0.00509	0.03054	0.15038	0.14235	0.05397	0.08651	0.01035	0.10523	0.03672	0.01439	0.24138	0.06358	0.00606	0.00542	0.00500	0.00625	0.02278	0.00672	0.00014
10	0.00933	0.00675	0.05102	0.01419	0.00644	0.01267	0.02974	0.02782	0.01449	0.08711	0.42250	0.10806	0.15595	0.01574	0.00590	4e-05	8.2e-05	0.01328	0.00975	0.00913

[dist]
# distance from previous block
# <min> <max>
18	143

[block]
# block no. 6 follows, 2948 sequences, length 6
# corresponding to MSA columns:
# 825-830
name=unknown_G
#
# <colnr> <probs for GDERKNQSTAVLIFYWHMCP>
#	G	D	E	R	K	N	Q	S	T	A	V	L	I	F	Y	W	H	M	C	P
0	0.08947	0.11185	0.24509	0.02354	0.02573	0.03632	0.07995	0.03384	0.01084	0.14572	0.01106	0.01121	0.00899	0.01287	0.00912	3.7e-05	0.02726	0.01348	0.00895	0.09467
1	0.00019	0.00015	0.02310	0.00017	0.01381	0.00014	0.01107	0.01834	0.08054	0.02090	0.29520	0.07787	0.31927	0.04684	0.01305	0.01076	0.01525	0.02841	0.01336	0.01158
2	0.00018	0.00016	0.04473	0.03673	0.00023	0.00014	0.02514	0.01317	0.01298	0.01640	0.27214	0.11184	0.21410	0.12803	0.03189	0.01051	0.03846	0.02019	0.01226	0.01073
3	0.01587	0.01405	0.01779	0.01699	0.08640	0.00939	0.01442	0.02432	0.02304	0.08788	0.04046	0.01559	0.02075	0.03806	0.01122	0.00871	0.01432	0.06081	0.01087	0.46909
4	0.01686	0.00012	0.00014	0.00014	0.00017	0.00012	0.00010	0.00021	0.02547	0.02015	0.24562	0.08313	0.32779	0.16909	0.01773	5.5e-05	7.7e-05	0.03892	0.05401	0.00010
5	0.00042	0.03149	0.00034	0.00027	0.02433	0.00034	0.00022	0.81545	0.02673	0.04316	0.00032	0.00031	0.02409	0.00014	0.00012	3.5e-05	0.00012	0.00011	0.03181	0.00019

[dist]
# distance from previous block
# <min> <max>
5	23

[block]
# block no. 7 follows, 2948 sequences, length 10
# corresponding to MSA columns:
# 866,868-876
name=unknown_H
#
# <colnr> <probs for GDERKNQSTAVLIFYWHMCP>
#	G	D	E	R	K	N	Q	S	T	A	V	L	I	F	Y	W	H	M	C	P
0	0.20700	0.06274	0.00972	0.01515	0.01062	0.50744	0.10696	0.01231	0.01091	0.01315	0.00020	0.00024	0.00016	0.00689	0.00894	3.5e-05	0.01231	0.00747	0.00762	0.00014
1	0.00018	0.00650	0.00018	0.01744	0.01548	0.00647	0.01149	0.00728	0.07984	0.00895	0.41235	0.17705	0.17000	0.01026	0.00808	4.1e-05	0.00818	0.00956	0.05055	0.00012
2	0.01938	0.35797	0.23122	0.01111	0.05918	0.05303	0.04331	0.03634	0.01873	0.04911	0.01178	0.00836	0.00667	0.00012	0.00941	3.3e-05	0.01646	8.8e-05	0.00614	0.06155
3	0.03228	0.10702	0.14430	0.09384	0.04914	0.03402	0.03015	0.02704	0.12787	0.08650	0.07830	0.05510	0.02572	0.00781	0.02062	4.1e-05	0.03870	0.01264	8.4e-05	0.02886
4	0.00015	0.00011	0.00014	0.00016	0.00017	0.00010	0.00011	0.00018	0.00024	0.01385	0.10859	0.66777	0.12358	0.03022	0.02095	5e-05	7.3e-05	0.02060	0.01285	9.9e-05
5	0.00857	0.00627	0.05632	0.10416	0.04095	0.00016	0.04097	0.01235	0.01749	0.07012	0.07305	0.33584	0.09284	0.04443	0.01008	0.00577	0.00647	0.06760	9.6e-05	0.00645
6	0.06299	0.25215	0.16939	0.03606	0.13220	0.06023	0.06441	0.05792	0.03082	0.06914	0.00804	0.00752	0.00673	0.00013	0.00694	3.5e-05	0.01877	0.00605	6.9e-05	0.01042
7	0.00882	0.01367	0.10192	0.06796	0.03419	0.01408	0.03263	0.02802	0.07263	0.07059	0.14253	0.13972	0.13389	0.01599	0.03754	0.02760	0.01668	0.01945	0.02196	0.00013
8	0.00017	0.00012	0.00015	0.00015	0.00018	0.00011	0.00011	0.01413	0.02432	0.02669	0.18608	0.37223	0.30695	0.01536	0.00015	4.3e-05	6.7e-05	0.03014	0.02274	0.00011
9	0.01640	0.00650	0.05945	0.11271	0.12235	0.01431	0.01697	0.06657	0.03425	0.15836	0.10283	0.09870	0.08506	0.02608	0.02336	0.00518	0.01037	0.01701	0.01787	0.00565

[dist]
# distance from previous block
# <min> <max>
0	1

[block]
# block no. 8 follows, 2948 sequences, length 7
# corresponding to MSA columns:
# 878-882,884,885
name=unknown_I
#
# <colnr> <probs for GDERKNQSTAVLIFYWHMCP>
#	G	D	E	R	K	N	Q	S	T	A	V	L	I	F	Y	W	H	M	C	P
0	0.04406	0.06844	0.15501	0.03847	0.21006	0.04454	0.06228	0.10136	0.03383	0.06339	0.00958	0.01729	0.00853	0.01258	0.01990	3.8e-05	0.00993	0.00779	0.00804	0.08490
1	0.00922	0.01065	0.02301	0.08574	0.04859	0.05619	0.03004	0.05287	0.03407	0.03850	0.01008	0.14853	0.01676	0.05100	0.18785	0.00821	0.15450	0.02466	0.00940	0.00013
2	0.01379	0.00013	0.00016	0.00017	0.00019	0.00012	0.00013	0.02874	0.01497	0.04691	0.03959	0.65622	0.02570	0.01349	0.00015	4.6e-05	7.7e-05	0.11444	0.01845	0.02653
3	0.00962	0.04379	0.07308	0.01952	0.03368	0.03059	0.04444	0.02217	0.00922	0.01084	0.01095	0.00971	0.00989	0.00011	0.01391	2.6e-05	0.01017	8.4e-05	6.9e-05	0.64814
4	0.00792	0.02219	0.42830	0.01146	0.03524	0.03698	0.03774	0.01058	0.04028	0.02498	0.04834	0.04436	0.03686	0.01690	0.02382	4e-05	0.01243	0.01261	0.00773	0.14123
5	0.52741	0.03529	0.01983	0.01642	0.01292	0.06423	0.03223	0.16239	0.01243	0.07532	0.00022	0.00024	0.00016	0.00012	9.8e-05	3.6e-05	0.02448	8.2e-05	0.01594	0.00015
6	0.01356	0.04134	0.10398	0.01050	0.00030	0.01720	0.01256	0.00920	0.02532	0.03970	0.03841	0.01120	0.03607	0.04117	0.03932	3.6e-05	0.01556	0.01031	7.5e-05	0.53421

[dist]
# distance from previous block
# <min> <max>
1	2

[block]
# block no. 9 follows, 2948 sequences, length 6
# corresponding to MSA columns:
# 890,891,894-897
name=unknown_J
#
# <colnr> <probs for GDERKNQSTAVLIFYWHMCP>
#	G	D	E	R	K	N	Q	S	T	A	V	L	I	F	Y	W	H	M	C	P
0	0.01098	0.00014	0.01078	0.01091	0.00021	0.01238	0.01185	0.01062	0.00022	0.01091	0.02633	0.24257	0.12828	0.10164	0.27441	0.03395	0.04417	0.05815	0.01140	0.00010
1	0.00018	0.00013	0.00017	0.00017	0.00018	0.00014	0.00012	0.00020	0.00018	0.00026	0.00033	0.00056	0.00033	0.35484	0.53765	0.03404	0.03673	0.00014	0.03357	9.2e-05
2	0.07806	0.17135	0.05881	0.01221	0.01235	0.01321	0.01211	0.06800	0.01269	0.03391	0.00022	0.02074	0.00019	0.01225	0.00010	2.7e-05	0.01763	8.3e-05	7.2e-05	0.47600
3	0.01542	0.17890	0.31306	0.01031	0.09366	0.01113	0.01880	0.03766	0.01976	0.09722	0.01081	0.01818	0.01049	0.01253	0.00011	3.4e-05	0.01202	0.01112	7.1e-05	0.12874
4	0.07203	0.67283	0.09733	0.00023	0.01746	0.02258	0.01759	0.02973	0.00025	0.03222	0.00019	0.00021	0.00016	0.00012	0.01879	3.2e-05	0.01796	7.3e-05	5.8e-05	0.00015
5	0.00914	0.09273	0.14229	0.01010	0.00932	0.01131	0.28146	0.03071	0.03843	0.03755	0.01286	0.06117	0.05489	0.00971	0.06052	0.02583	0.02307	0.07969	0.00908	0.00014

[dist]
# distance from previous block
# <min> <max>
0	1

[block]
# block no. 10 follows, 2948 sequences, length 39
# corresponding to MSA columns:
# 899-937
name=unknown_K
#
# <colnr> <probs for GDERKNQSTAVLIFYWHMCP>
#	G	D	E	R	K	N	Q	S	T	A	V	L	I	F	Y	W	H	M	C	P
0	0.00407	0.02198	0.00929	0.00392	0.00426	0.00393	0.00729	0.00222	0.01161	0.00740	0.22706	0.28778	0.33571	0.01146	0.00982	0.00835	0.00163	0.03714	0.00011	0.00497
1	0.00498	0.00026	0.00028	0.00024	0.00031	0.00030	0.00019	0.20682	0.70180	0.02964	0.01624	0.00042	0.01106	0.00016	0.00012	3.9e-05	0.00611	0.00470	0.01615	0.00019
2	0.00031	0.83655	0.04575	0.00021	0.00031	0.01328	0.00021	0.01686	0.05019	0.01238	0.00019	0.00021	0.00016	0.00011	8.2e-05	2.7e-05	0.00412	6.9e-05	5.7e-05	0.01891
3	0.00285	0.01774	0.19331	0.19775	0.08657	0.00750	0.15672	0.00637	0.02182	0.04984	0.01958	0.07211	0.01879	0.00481	0.00533	4.1e-05	0.10818	0.02267	0.00788	0.00015
4	0.00819	0.03079	0.00391	0.02357	0.03206	0.02459	0.01782	0.26112	0.03727	0.01059	0.00026	0.01685	0.01773	0.00012	0.00010	2.7e-05	0.00712	0.00224	8.4e-05	0.50554
5	0.00218	0.04602	0.42568	0.00843	0.00533	0.00451	0.07930	0.04382	0.04138	0.03661	0.04366	0.07072	0.02181	0.00568	0.00013	3.9e-05	0.00274	0.11854	7.7e-05	0.04335
6	0.00485	0.02068	0.12755	0.58829	0.09701	0.01472	0.04898	0.02525	0.00479	0.01201	0.00272	0.00584	0.00173	0.00551	0.02755	4.3e-05	0.00440	0.00407	0.00387	0.00014
7	0.00021	0.08980	0.04527	0.00632	0.01144	0.01273	0.05284	0.01982	0.04642	0.01366	0.07139	0.05951	0.01320	0.50407	0.00226	0.01198	0.01236	0.02654	7.9e-05	0.00011
8	0.00017	0.00013	0.00016	0.04112	0.00021	0.00348	0.00561	0.00020	0.02319	0.00630	0.07836	0.30651	0.25669	0.11039	0.00239	0.00494	0.01062	0.14932	0.00010	0.00010
9	0.00290	0.00015	0.00019	0.00017	0.00022	0.00014	0.00014	0.00441	0.01362	0.33909	0.26678	0.02975	0.19385	0.00851	0.07677	5.1e-05	9.6e-05	0.05505	0.00797	0.00014
10	0.04704	0.00026	0.01159	0.02703	0.06518	0.03353	0.01109	0.25769	0.02551	0.50714	0.00284	0.00035	0.00025	0.00014	0.00237	3.6e-05	0.00012	0.00752	0.00012	0.00019
11	0.01572	0.03673	0.94369	0.00033	0.00050	0.00028	0.00042	0.00037	0.00025	0.00037	0.00021	0.00025	0.00015	0.00011	0.00011	3.7e-05	0.00017	8.6e-05	5e-05	0.00017
12	0.00016	0.00012	0.00014	0.00015	0.00333	0.00011	0.00011	0.00324	0.02049	0.01090	0.01146	0.37354	0.39395	0.09076	0.01249	5.2e-05	7.6e-05	0.07873	0.00011	0.0001
13	0.00016	0.00013	0.00014	0.00014	0.00018	0.00012	0.00010	0.00023	0.09713	0.00037	0.22172	0.03044	0.63886	0.00493	0.00014	4e-05	6.3e-05	0.00488	0.00011	0.00011
14	0.00022	0.00021	0.00035	0.97716	0.00080	0.00026	0.00032	0.00030	0.00023	0.00030	0.00022	0.01874	0.00017	0.00012	0.00012	3.9e-05	0.00016	0.00011	5.3e-05	0.00013
15	0.03380	0.00059	0.93769	0.00033	0.00050	0.00027	0.00839	0.00037	0.00025	0.01090	0.00021	0.00025	0.00015	0.00011	0.00011	0.00561	0.00017	8.7e-05	5.2e-05	0.00017
16	0.00708	0.00028	0.01364	0.00433	0.60874	0.00489	0.10521	0.06390	0.00316	0.17793	0.00623	0.00032	0.00021	0.00012	0.00012	3.6e-05	0.00014	0.00011	0.00337	0.00018
17	0.00363	0.00013	0.00016	0.00015	0.00019	0.00012	0.00011	0.00324	0.00321	0.17855	0.18349	0.25559	0.32123	0.03205	0.00295	4.3e-05	7.2e-05	0.00909	0.00586	0.00012
18	0.00016	0.00012	0.00015	0.00016	0.00017	0.00011	0.00011	0.00019	0.02949	0.00416	0.00795	0.49225	0.02178	0.28348	0.03006	7.1e-05	9.4e-05	0.12929	9.7e-05	9.4e-05
19	0.00259	0.02936	0.22682	0.25580	0.03218	0.01574	0.04688	0.02344	0.00841	0.00869	0.00424	0.20004	0.01934	0.00805	0.01531	4.4e-05	0.08133	0.01882	0.00279	0.00014
20	0.10488	0.00478	0.04261	0.09915	0.02021	0.12772	0.07759	0.04622	0.02084	0.02753	0.00276	0.18886	0.00850	0.10959	0.05514	0.00939	0.03845	0.00705	0.00861	0.00013
21	0.00019	0.00015	0.00018	0.00018	0.00021	0.00016	0.00013	0.00419	0.25682	0.00766	0.11997	0.45232	0.02027	0.01334	0.08403	5.7e-05	9.6e-05	0.03240	0.00752	0.00012
22	0.21995	0.08643	0.03285	0.26101	0.05100	0.01439	0.03348	0.14197	0.00419	0.00486	0.00021	0.00027	0.00016	0.00520	0.01066	4e-05	0.12926	0.00387	6.7e-05	0.00015
23	0.00030	0.38043	0.25878	0.00428	0.08395	0.01235	0.19486	0.01307	0.00026	0.04303	0.00021	0.00025	0.00017	0.00011	0.00307	3.3e-05	0.00456	9.1e-05	5.8e-05	0.00016
24	0.00024	0.00061	0.99526	0.00034	0.00051	0.00027	0.00043	0.00037	0.00025	0.00037	0.00021	0.00025	0.00015	0.00011	0.00011	3.7e-05	0.00017	8.7e-05	5e-05	0.00017
25	0.00015	0.00011	0.00014	0.00015	0.00017	0.00010	0.00010	0.00018	0.00026	0.00035	0.24764	0.44361	0.29867	0.00032	0.00014	4.3e-05	6.3e-05	0.00760	0.00011	0.00010
26	0.00024	0.00021	0.00024	0.00017	0.00028	0.00016	0.00014	0.00030	0.00024	0.00038	0.00021	0.00024	0.00017	8.7e-05	8.7e-05	1.7e-05	8.7e-05	7e-05	7e-05	0.99659
27	0.00021	0.00019	0.00027	0.00024	0.00026	0.00025	0.00020	0.00025	0.00690	0.00028	0.00024	0.00037	0.00023	0.00780	0.51683	0.00012	0.46508	0.00012	5.8e-05	0.00012
28	0.08284	0.02963	0.09249	0.00726	0.01112	0.00820	0.06387	0.52499	0.02421	0.12115	0.00230	0.00030	0.00520	0.00250	0.00011	3.6e-05	0.00261	0.00010	0.02090	0.00018
29	0.00023	0.00017	0.00020	0.00018	0.00022	0.00017	0.00014	0.17346	0.08495	0.04022	0.32236	0.16374	0.16998	0.00024	0.00013	3.9e-05	7.7e-05	0.02400	0.01936	0.00013
30	0.03590	0.09272	0.08448	0.00266	0.00032	0.01114	0.00515	0.01164	0.22169	0.47970	0.00306	0.00292	0.00028	0.00258	0.01629	3.9e-05	0.01535	0.01088	0.00302	0.00018
31	0.00017	0.00012	0.00016	0.00015	0.00018	0.00011	0.00011	0.00502	0.00588	0.00503	0.92562	0.00513	0.04746	0.00024	0.00014	3.7e-05	5.6e-05	0.00021	0.00407	0.00011
32	0.00915	0.03802	0.30461	0.01611	0.02406	0.01368	0.06138	0.01920	0.05859	0.04087	0.25706	0.06115	0.04213	0.00332	0.01644	0.00244	0.00213	0.02786	0.00165	0.00015
33	0.00017	0.00014	0.00015	0.00015	0.00019	0.00013	0.00011	0.00348	0.13589	0.00522	0.30996	0.00955	0.49267	0.00026	0.00014	3.9e-05	0.00381	0.01426	0.02032	0.00336
34	0.00350	0.31781	0.56723	0.01081	0.00578	0.01319	0.00330	0.00676	0.02514	0.00035	0.01415	0.01109	0.01042	0.00012	0.00010	3.4e-05	0.00435	0.00567	5.5e-05	0.00016
35	0.00812	0.05740	0.22553	0.10520	0.18510	0.02019	0.11305	0.17742	0.02352	0.02292	0.00680	0.02676	0.00327	0.00651	0.00251	3.7e-05	0.00963	0.00425	0.00160	0.00017
36	0.00017	0.00012	0.00015	0.00601	0.00618	0.00012	0.00011	0.00019	0.00391	0.00029	0.08338	0.03021	0.17299	0.32977	0.03596	0.12429	0.00010	0.20295	0.00301	8.8e-05
37	0.01501	0.04661	0.27352	0.02277	0.26963	0.01821	0.04593	0.03401	0.03066	0.01812	0.07070	0.04271	0.07231	0.01316	0.01161	4e-05	0.00922	0.00361	0.00199	0.00016
38	0.00328	0.05430	0.43529	0.07914	0.04270	0.01165	0.05784	0.01956	0.03999	0.01419	0.03256	0.01451	0.00711	0.00818	0.04916	0.01520	0.00822	0.02446	6.4e-05	0.08260

[dist]
# distance from previous block
# <min> <max>
3	68

[block]
# block no. 11 follows, 2948 sequences, length 42
# corresponding to MSA columns:
# 1006-1009,1011-1017,1044-1059,1061-1070,1072-1076
name=unknown_L
#
# <colnr> <probs for GDERKNQSTAVLIFYWHMCP>
#	G	D	E	R	K	N	Q	S	T	A	V	L	I	F	Y	W	H	M	C	P
0	0.00225	0.05866	0.00811	0.03610	0.00446	0.00627	0.00389	0.00400	0.09194	0.07637	0.20941	0.20538	0.16253	0.01808	0.07391	0.01149	0.00426	0.01724	0.00553	0.00012
1	0.00245	0.15646	0.06140	0.23672	0.09431	0.05845	0.04348	0.02098	0.01854	0.01354	0.02231	0.01815	0.00413	0.01845	0.07258	0.00299	0.14779	0.00332	0.00381	0.00014
2	0.00015	0.00012	0.00013	0.00013	0.00017	0.00010	9.7e-05	0.00019	0.00435	0.00505	0.26525	0.01083	0.70334	0.00028	0.00014	3.9e-05	5.9e-05	0.00937	0.00011	0.00010
3	0.01801	0.09909	0.10012	0.10548	0.01965	0.11855	0.02812	0.05622	0.00448	0.03642	0.00810	0.03366	0.02450	0.05044	0.08906	0.01125	0.17566	0.01749	0.00206	0.00163
4	0.06045	0.00021	0.00030	0.00023	0.00032	0.00019	0.12002	0.02817	0.00356	0.65607	0.08913	0.00344	0.01837	0.00015	0.00012	3.7e-05	0.00011	0.00365	0.01529	0.00018
5	0.00385	0.01631	0.01718	0.01976	0.00441	0.05089	0.01174	0.09721	0.26703	0.05934	0.20876	0.12355	0.06652	0.00700	0.00552	0.00153	0.01261	0.00520	0.02144	0.00015
6	0.00015	0.00012	0.00013	0.00013	0.00016	0.00010	9.6e-05	0.00018	0.00027	0.00899	0.11610	0.08971	0.76502	0.00458	0.00014	4.1e-05	6.1e-05	0.01381	0.00011	0.00010
7	0.00017	0.00013	0.00016	0.00017	0.00019	0.01619	0.00012	0.00298	0.00539	0.00031	0.09756	0.16576	0.17667	0.08089	0.35668	0.03619	0.01888	0.03630	0.00516	0.00010
8	0.00017	0.00012	0.00016	0.00015	0.00018	0.00012	0.00011	0.00024	0.02622	0.00727	0.83311	0.02983	0.02648	0.00024	0.00013	3.7e-05	5.7e-05	0.00021	0.07507	0.00011
9	0.00886	0.06050	0.80055	0.00796	0.00319	0.00799	0.01168	0.02654	0.00492	0.03540	0.00641	0.00318	0.00367	0.00012	0.00011	3.7e-05	0.00284	0.01581	5.7e-05	0.00017
10	0.00024	0.00023	0.00398	0.80824	0.14750	0.00456	0.00437	0.01521	0.00890	0.00032	0.00021	0.00031	0.00016	0.00012	0.00012	3.9e-05	0.00519	0.00010	5.5e-05	0.00014
11	0.00436	0.38198	0.26546	0.00344	0.04805	0.04597	0.02840	0.04952	0.01064	0.02917	0.00305	0.00368	0.00405	0.00011	9.8e-05	3e-05	0.00553	0.00171	6.1e-05	0.11468
12	0.24560	0.00030	0.00030	0.00576	0.00033	0.03418	0.00020	0.62828	0.06001	0.01493	0.00026	0.00027	0.00019	0.00013	0.00011	3.6e-05	0.00359	0.00523	0.00010	0.00018
13	0.00027	0.00030	0.00062	0.00045	0.00055	0.00031	0.78178	0.00036	0.00026	0.00036	0.00022	0.00031	0.00018	0.00013	0.01734	4.5e-05	0.19619	0.00013	5.8e-05	0.00015
14	0.00029	0.00028	0.00047	0.04790	0.93371	0.00028	0.00845	0.00036	0.00645	0.00038	0.00022	0.00029	0.00019	0.00011	0.00012	3.5e-05	0.00014	0.00011	5.8e-05	0.00018
15	0.41711	0.00670	0.00320	0.05185	0.16047	0.00899	0.01534	0.04398	0.01414	0.17417	0.00459	0.00355	0.00514	0.00012	0.00212	3.5e-05	0.00242	0.00886	8.5e-05	0.07713
16	0.00015	0.00012	0.00013	0.00013	0.00017	0.00010	0.00010	0.00018	0.00027	0.00032	0.01291	0.00782	0.82535	0.00030	0.00014	4.2e-05	6.7e-05	0.15147	0.00011	0.00010
17	0.00016	0.00012	0.00014	0.00014	0.00017	0.00011	0.00010	0.00020	0.00592	0.01105	0.36160	0.18767	0.41060	0.00452	0.00014	4.1e-05	6.1e-05	0.01705	0.00012	0.00010
18	0.00015	0.00013	0.02229	0.01517	0.00018	0.00011	0.00376	0.00018	0.00026	0.00391	0.02825	0.15290	0.76276	0.00030	0.00014	4.1e-05	6.6e-05	0.00920	0.00011	0.00010
19	0.99670	0.00023	0.00017	0.00015	0.00023	0.00026	0.00013	0.00035	0.00020	0.00053	0.00016	0.00019	0.00013	0.00011	7.3e-05	3.6e-05	9.1e-05	6.4e-05	7.3e-05	0.00013
20	0.00258	0.04044	0.03553	0.07704	0.56070	0.05629	0.02693	0.02311	0.00990	0.04986	0.00230	0.00029	0.00018	0.00012	0.00014	3.6e-05	0.09741	0.00010	6.3e-05	0.01696
21	0.32264	0.06369	0.01072	0.04451	0.27236	0.11700	0.10754	0.01109	0.00025	0.02624	0.00020	0.00025	0.00016	0.00011	0.00244	3.6e-05	0.01412	8.9e-05	0.00639	0.00015
22	0.92996	0.00023	0.00018	0.00016	0.00023	0.01740	0.00013	0.00036	0.00021	0.05003	0.00018	0.00020	0.00014	0.00011	7.6e-05	3.6e-05	9.3e-05	6.7e-05	7.6e-05	0.00013
23	0.00657	0.01732	0.20466	0.08326	0.09375	0.02687	0.10009	0.18372	0.02510	0.18057	0.03528	0.01872	0.00321	0.00180	0.00163	3.7e-05	0.00380	0.01027	0.00319	0.00017
24	0.00583	0.00022	0.00031	0.21407	0.17665	0.04217	0.00752	0.02167	0.11650	0.08863	0.01889	0.02249	0.00328	0.00019	0.00730	4.3e-05	0.04941	0.22248	0.00220	0.00015
25	0.00015	0.00011	0.00013	0.00015	0.00017	9.9e-05	0.00010	0.00017	0.00024	0.00483	0.01301	0.55196	0.36826	0.01724	0.00016	0.00637	6.7e-05	0.03659	0.00011	9.7e-05
26	0.03522	0.00027	0.00044	0.08835	0.77505	0.01074	0.00659	0.02665	0.01055	0.01108	0.03030	0.00031	0.00021	0.00011	0.00012	3.6e-05	0.00014	0.00360	6.4e-05	0.00018
27	0.01543	0.04208	0.12416	0.23499	0.21498	0.01051	0.07198	0.03636	0.08246	0.11225	0.01326	0.00872	0.00513	0.00013	0.00974	0.00698	0.00558	0.00502	7.5e-05	0.00016
28	0.00015	0.00012	0.00013	0.00013	0.00017	0.00010	9.8e-05	0.00019	0.01273	0.00517	0.23753	0.03675	0.69830	0.00028	0.00014	3.9e-05	6e-05	0.00769	0.00011	0.00010
29	0.69014	0.00023	0.00022	0.03167	0.04261	0.00417	0.00016	0.11405	0.00370	0.04838	0.03280	0.00027	0.03095	0.00012	8.8e-05	3.6e-05	9.8e-05	8.5e-05	8.3e-05	0.00014
30	0.01563	0.00226	0.02015	0.05191	0.11739	0.00360	0.10823	0.11912	0.29265	0.05144	0.02424	0.00516	0.08371	0.00312	0.02225	4.3e-05	0.03653	0.04231	9.6e-05	0.00016
31	0.00992	0.03779	0.22025	0.10488	0.11212	0.07528	0.07689	0.04281	0.03437	0.16134	0.00662	0.04479	0.00627	0.00467	0.01424	0.00155	0.01814	0.02207	0.00586	0.00016
32	0.00050	0.00022	0.00028	0.00022	0.00030	0.00020	0.00018	0.15283	0.00692	0.78790	0.00917	0.04011	0.00030	0.00015	0.00012	3.7e-05	0.00010	0.00013	0.00014	0.00019
33	0.00022	0.00021	0.00828	0.94921	0.02096	0.00026	0.00813	0.00030	0.00024	0.00030	0.00022	0.00032	0.01063	0.00012	0.00012	3.9e-05	0.00016	0.00011	5.3e-05	0.00013
34	0.00531	0.00026	0.09313	0.10627	0.26017	0.00273	0.12643	0.01509	0.05922	0.05917	0.03191	0.12701	0.02831	0.01055	0.01778	0.00164	0.01175	0.03252	7.9e-05	0.01065
35	0.02732	0.38660	0.26255	0.00436	0.04588	0.01159	0.14032	0.02711	0.00538	0.03773	0.00021	0.01384	0.00017	0.00011	0.00010	3.2e-05	0.01341	9e-05	6e-05	0.02311
36	0.00016	0.00012	0.00014	0.00016	0.00018	0.00011	0.00012	0.00019	0.00026	0.00679	0.05133	0.22584	0.46209	0.00032	0.00015	4.5e-05	7.3e-05	0.24440	0.00742	0.00010
37	0.00781	0.00049	0.62758	0.00513	0.01598	0.05017	0.10754	0.04714	0.01150	0.03863	0.01255	0.00468	0.05348	0.00013	0.00012	3.7e-05	0.00016	0.01171	0.00499	0.00017
38	0.01322	0.03977	0.18817	0.17288	0.22901	0.04291	0.05255	0.02734	0.02556	0.11015	0.01636	0.02499	0.00920	0.00342	0.00604	3.8e-05	0.01506	0.01011	0.00881	0.00442
39	0.00017	0.00012	0.00881	0.00214	0.00018	0.00209	0.00494	0.00206	0.00381	0.01704	0.02328	0.49222	0.11650	0.19076	0.00486	0.00195	0.00882	0.12007	0.00010	9.7e-05
40	0.02026	0.00012	0.00015	0.00016	0.00017	0.00012	0.00011	0.02802	0.02306	0.01577	0.05837	0.47390	0.05517	0.28253	0.00837	0.00238	8.7e-05	0.03105	9.9e-05	9.7e-05
41	0.49656	0.16924	0.16198	0.00795	0.02498	0.03077	0.03927	0.01648	0.00332	0.02225	0.00182	0.00219	0.00015	0.00011	0.00167	3.5e-05	0.00439	0.00216	0.00600	0.00867

[dist]
# distance from previous block
# <min> <max>
1	2

[block]
# block no. 12 follows, 2948 sequences, length 16
# corresponding to MSA columns:
# 1079-1094
name=unknown_M
#
# <colnr> <probs for GDERKNQSTAVLIFYWHMCP>
#	G	D	E	R	K	N	Q	S	T	A	V	L	I	F	Y	W	H	M	C	P
0	0.00516	0.00573	0.01913	0.15650	0.51569	0.03472	0.05349	0.01278	0.01862	0.01156	0.01872	0.00030	0.00490	0.00011	0.00012	3.4e-05	0.01338	0.00010	6.3e-05	0.12889
1	0.00018	0.00013	0.00016	0.00015	0.00018	0.00012	0.00011	0.01211	0.01817	0.03503	0.74098	0.01178	0.15322	0.00024	0.00014	3.7e-05	5.9e-05	0.00021	0.02688	0.00011
2	0.00022	0.00590	0.00625	0.00870	0.00790	0.06451	0.00425	0.00521	0.00589	0.00422	0.01367	0.00424	0.00031	0.25081	0.27374	0.01690	0.26429	0.05330	0.00955	0.00011
3	0.00014	0.00010	0.00014	0.00016	0.00017	9.7e-05	0.00011	0.00017	0.00023	0.00030	0.02062	0.92461	0.02416	0.01293	0.00016	4.8e-05	6.9e-05	0.01558	0.00011	9.6e-05
4	0.01537	0.18160	0.27755	0.03035	0.13333	0.08473	0.05463	0.01205	0.02343	0.00643	0.00601	0.00034	0.02084	0.12689	0.00018	4.5e-05	0.02155	0.00446	6.1e-05	0.00015
5	0.00017	0.00013	0.00016	0.00017	0.00019	0.00700	0.00893	0.01598	0.07449	0.00684	0.04018	0.74983	0.06460	0.00033	0.00014	4.6e-05	7.3e-05	0.01554	0.01509	0.00011
6	0.00022	0.01607	0.01859	0.04615	0.00784	0.02767	0.05263	0.00640	0.01368	0.00026	0.01318	0.02558	0.00706	0.19222	0.03291	0.39540	0.14385	0.00013	6e-05	8.9e-05
7	0.02295	0.01893	0.00017	0.00015	0.00018	0.00012	0.00011	0.00023	0.00772	0.00747	0.85697	0.00851	0.05957	0.00024	0.00014	3.7e-05	5.9e-05	0.00731	0.00904	0.00011
8	0.00028	0.00027	0.00739	0.05808	0.82040	0.00481	0.02309	0.00935	0.00551	0.00497	0.01631	0.00570	0.02299	0.00525	0.00012	3.6e-05	0.00535	0.00449	0.00543	0.00018
9	0.00019	0.00015	0.02035	0.00016	0.00020	0.00590	0.00906	0.03819	0.01932	0.02627	0.79712	0.00850	0.05216	0.00024	0.01592	4e-05	6.9e-05	0.00591	0.00012	0.00012
10	0.00030	0.03176	0.05713	0.19721	0.29678	0.03430	0.12512	0.01862	0.00743	0.11897	0.01872	0.02343	0.01092	0.00014	0.01361	0.00357	0.01055	0.00484	0.00762	0.01898
11	0.03266	0.04335	0.11894	0.03944	0.42422	0.00764	0.01888	0.07962	0.02355	0.04315	0.00445	0.00436	0.00019	0.00012	0.00414	3.3e-05	0.00684	9.8e-05	0.00408	0.14425
12	0.25847	0.24208	0.06161	0.03036	0.03711	0.22489	0.02531	0.04367	0.00707	0.01062	0.02010	0.01467	0.00018	0.00630	0.00010	3.3e-05	0.01268	0.00455	6.6e-05	0.00014
13	0.03059	0.00011	0.00015	0.00015	0.00016	0.00011	0.00010	0.00016	0.00016	0.00022	0.00024	0.03500	0.02012	0.00040	0.00043	0.91158	0.0001	0.00011	5.5e-05	5.6e-05
14	0.02372	0.04541	0.03962	0.34284	0.00979	0.02712	0.14729	0.14523	0.03534	0.07199	0.00801	0.03595	0.00560	0.00404	0.00013	0.01589	0.00404	0.02099	0.00344	0.01357
15	0.02378	0.31187	0.07004	0.08127	0.08703	0.14778	0.05903	0.15376	0.01959	0.00665	0.00023	0.00027	0.02178	0.00484	0.00011	3.3e-05	0.00697	0.00473	6.8e-05	0.00016

[dist]
# distance from previous block
