[name]
unknown

[dist]
# distance from previous block
# <min> <max>
0	285

[block]
# block no. 0 follows, 2729 sequences, length 29
# corresponding to MSA columns:
# 621-624,626-629,631-638,654-661,663,664,673,677,678
name=unknown_A
#
# <colnr> <probs for GDERKNQSTAVLIFYWHMCP>
#	G	D	E	R	K	N	Q	S	T	A	V	L	I	F	Y	W	H	M	C	P
0	0.05269	0.03777	0.04072	0.00572	0.01865	0.02920	0.01599	0.26134	0.09451	0.15943	0.08466	0.04394	0.05255	0.00691	0.01455	4.3e-05	0.00514	0.03649	0.00972	0.02999
1	0.01028	0.07095	0.15971	0.07508	0.17857	0.03533	0.09567	0.03169	0.04918	0.04177	0.03106	0.06291	0.09340	0.00920	0.01041	0.00281	0.01046	0.00496	0.00483	0.02171
2	0.01019	0.11509	0.32001	0.02804	0.10312	0.04004	0.10879	0.04512	0.05235	0.10096	0.01421	0.01977	0.00760	0.00376	0.00501	4e-05	0.00659	0.00451	0.00220	0.01258
3	0.00496	0.00331	0.00769	0.00618	0.05692	0.00677	0.01201	0.01249	0.03363	0.04876	0.03308	0.57165	0.06974	0.00985	0.00686	0.00376	0.00548	0.07534	0.03142	0.00012
4	0.00029	0.00019	0.01330	0.01562	0.03682	0.00550	0.05980	0.01759	0.03459	0.23396	0.11944	0.31675	0.09219	0.00864	0.00735	4.6e-05	0.01644	0.00569	0.01105	0.00476
5	0.01291	0.11920	0.13525	0.16206	0.14751	0.04755	0.08545	0.02772	0.04468	0.08364	0.01455	0.05220	0.02493	0.00643	0.00445	0.00575	0.01163	0.00965	0.00226	0.00218
6	0.00454	0.00796	0.01999	0.04135	0.05031	0.01166	0.01863	0.01592	0.08700	0.10202	0.14027	0.18965	0.16529	0.09545	0.00536	0.00255	0.01087	0.02197	0.00578	0.00343
7	0.00454	0.00016	0.00020	0.00018	0.00023	0.00014	0.00014	0.00438	0.01873	0.34175	0.26473	0.04114	0.28280	0.01083	0.00819	4.3e-05	8.3e-05	0.00931	0.01227	0.00015
8	0.00847	0.00018	0.00530	0.01521	0.01922	0.00293	0.01921	0.00419	0.04312	0.31626	0.24847	0.11841	0.11395	0.00937	0.02319	4.6e-05	0.02154	0.00795	0.02284	0.00015
9	0.01802	0.16994	0.14320	0.08035	0.19475	0.05072	0.07179	0.04439	0.03955	0.10771	0.01377	0.01406	0.00550	0.00349	0.00458	3.9e-05	0.03087	0.00367	0.00342	0.00018
10	0.08526	0.00023	0.01595	0.02044	0.06108	0.00327	0.00752	0.07130	0.02599	0.57077	0.02479	0.05362	0.02415	0.00528	0.00501	0.01307	0.00348	0.00411	0.00450	0.00019
11	0.01031	0.00016	0.00020	0.00019	0.00024	0.00014	0.00014	0.00916	0.01048	0.35552	0.03607	0.35176	0.17032	0.00028	0.00014	4.4e-05	8.5e-05	0.01908	0.03554	0.00015
12	0.00603	0.39457	0.27684	0.00333	0.00880	0.01381	0.06744	0.05623	0.00910	0.06784	0.01330	0.04676	0.00326	0.01125	0.00908	0.00322	0.00879	0.00011	7.2e-05	0.00017
13	0.01757	0.52981	0.26995	0.02143	0.02366	0.04670	0.01119	0.04132	0.00432	0.02077	0.00022	0.00498	0.00348	0.00398	0.00010	3.3e-05	0.00015	8.4e-05	6.1e-05	0.00017
14	0.00306	0.04951	0.00582	0.08211	0.51845	0.01471	0.00030	0.02457	0.00907	0.01274	0.08729	0.09348	0.02838	0.00515	0.00014	4.1e-05	0.00640	0.05854	8.2e-05	0.00017
15	0.00885	0.00029	0.00704	0.07357	0.74172	0.00723	0.04832	0.00815	0.00028	0.00444	0.00410	0.06629	0.00595	0.00456	0.00014	4e-05	0.01518	0.00361	6.8e-05	0.00019
16	0.30184	0.00022	0.00026	0.00021	0.00030	0.00022	0.00017	0.00846	0.01019	0.64814	0.00631	0.01095	0.00027	0.00015	0.00011	3.9e-05	0.00010	0.00011	0.01176	0.00019
17	0.02711	0.02773	0.30276	0.06335	0.10406	0.03446	0.14460	0.03093	0.09817	0.02006	0.03185	0.02011	0.02214	0.01368	0.01054	0.00402	0.03225	0.00813	0.00389	0.00017
18	0.01582	0.65645	0.08247	0.01005	0.01279	0.15465	0.01489	0.01852	0.00459	0.00397	0.00351	0.00483	0.00017	0.00012	0.00324	3.1e-05	0.01361	7.8e-05	5.9e-05	0.00016
19	0.00017	0.00014	0.00383	0.00015	0.00019	0.00012	0.00387	0.00022	0.03776	0.00880	0.14128	0.05894	0.68561	0.00030	0.00015	4.2e-05	6.9e-05	0.01569	0.00496	0.03771
20	0.00023	0.01020	0.03387	0.02985	0.08451	0.00492	0.04632	0.02423	0.07975	0.02828	0.41860	0.07240	0.11538	0.01140	0.01073	4.4e-05	0.00469	0.01547	0.00899	0.00014
21	0.01006	0.00590	0.03436	0.00888	0.00676	0.00228	0.02580	0.05366	0.07931	0.24874	0.26197	0.06523	0.16981	0.00023	0.00232	4.1e-05	0.00450	0.00483	0.00685	0.00847
22	0.00017	0.00013	0.00016	0.00017	0.00019	0.00012	0.00908	0.00020	0.00026	0.02698	0.05035	0.47888	0.29069	0.06514	0.03564	5.8e-05	0.00728	0.03429	0.00011	0.00011
23	0.00451	0.74901	0.03862	0.01316	0.02989	0.09964	0.00624	0.00632	0.00027	0.00802	0.00020	0.00328	0.00344	0.00339	0.01298	3.2e-05	0.00568	7.7e-05	5.8e-05	0.01518
24	0.00018	0.00013	0.00017	0.00017	0.00020	0.00013	0.00013	0.00025	0.04966	0.01079	0.48880	0.23699	0.10263	0.00878	0.00572	4.7e-05	7.4e-05	0.09489	0.00013	0.00012
25	0.04117	0.01953	0.05678	0.25477	0.06853	0.00768	0.08589	0.26057	0.09314	0.06211	0.00560	0.00296	0.00561	0.00015	0.00435	4.1e-05	0.02415	0.00341	0.00338	0.00018
26	0.34877	0.14317	0.19816	0.01986	0.07527	0.04687	0.02711	0.03594	0.01181	0.03099	0.00503	0.00296	0.00017	0.00013	0.00243	3.8e-05	0.03357	8.8e-05	0.00363	0.01401
27	0.00022	0.00019	0.00688	0.06682	0.18961	0.00318	0.05658	0.01263	0.01861	0.01820	0.13565	0.22132	0.21479	0.00390	0.00344	4.4e-05	0.01761	0.01599	0.00010	0.01425
28	0.00700	0.02711	0.03353	0.00368	0.00936	0.02139	0.00509	0.45314	0.22841	0.01273	0.01155	0.11338	0.01451	0.00550	0.00226	4.2e-05	0.00750	0.02833	0.01162	0.00388

[dist]
# distance from previous block
# <min> <max>
0	1

[block]
# block no. 1 follows, 2729 sequences, length 27
# corresponding to MSA columns:
# 680,682-699,701-704,706-709
name=unknown_B
#
# <colnr> <probs for GDERKNQSTAVLIFYWHMCP>
#	G	D	E	R	K	N	Q	S	T	A	V	L	I	F	Y	W	H	M	C	P
0	0.04056	0.05633	0.02859	0.00250	0.00466	0.02822	0.01608	0.30485	0.08017	0.13814	0.06753	0.03855	0.05453	0.00757	0.04084	4.5e-05	0.00013	0.01161	0.00308	0.07601
1	0.00017	0.00403	0.00673	0.00017	0.00020	0.00012	0.00804	0.01469	0.01090	0.00510	0.18141	0.31197	0.31301	0.05677	0.02610	5.4e-05	8.4e-05	0.04962	0.00012	0.01070
2	0.03114	0.00022	0.00026	0.00022	0.00029	0.00722	0.00017	0.03489	0.34706	0.34730	0.00631	0.01004	0.01552	0.07504	0.00754	4.7e-05	0.00010	0.01538	0.09784	0.00342
3	0.00391	0.83317	0.07558	0.00873	0.01284	0.02013	0.01198	0.01306	0.00371	0.00674	0.00019	0.00022	0.00017	0.00011	8.8e-05	2.9e-05	0.00014	7.4e-05	0.00568	0.00346
4	0.00630	0.00775	0.00364	0.07236	0.00981	0.00564	0.00528	0.01152	0.02928	0.06915	0.04747	0.01410	0.02288	0.07348	0.53452	0.01798	0.01731	0.00767	0.04373	0.00013
5	0.00019	0.00013	0.00016	0.00017	0.00018	0.00390	0.00012	0.00655	0.01226	0.00685	0.04562	0.04133	0.05653	0.56367	0.01822	9.5e-05	0.00012	0.23732	0.00647	9.6e-05
6	0.00017	0.00013	0.00016	0.00016	0.00019	0.00012	0.00012	0.00022	0.00603	0.00836	0.56958	0.12262	0.25989	0.00747	0.00500	4.4e-05	6.6e-05	0.01942	0.00013	0.00012
7	0.00016	0.00013	0.00014	0.00014	0.00018	0.00621	0.00010	0.00020	0.00029	0.00712	0.16022	0.08576	0.70058	0.02693	0.00016	4.5e-05	6.8e-05	0.01133	0.00012	0.00011
8	0.00841	0.00018	0.00022	0.00019	0.00025	0.00017	0.00015	0.01564	0.06213	0.42927	0.11394	0.01374	0.02831	0.00427	0.00012	3.8e-05	8.7e-05	0.02929	0.29345	0.00017
9	0.01492	0.02133	0.05139	0.00029	0.00038	0.03513	0.04375	0.45690	0.30077	0.00578	0.00035	0.00035	0.00385	0.00016	0.00014	4.1e-05	0.05994	0.00012	0.00418	0.00020
10	0.64680	0.00024	0.00022	0.00019	0.00027	0.00025	0.00015	0.02140	0.00794	0.29918	0.01505	0.00030	0.00728	0.00013	9.6e-05	3.9e-05	0.00010	9.2e-05	0.00010	0.00016
11	0.04471	0.07205	0.01480	0.11252	0.01351	0.19940	0.01238	0.09355	0.24766	0.02994	0.00382	0.02334	0.00456	0.01735	0.02162	4.4e-05	0.01282	0.03159	0.00245	0.04189
12	0.01034	0.00039	0.00036	0.00029	0.00038	0.20880	0.00023	0.66068	0.05709	0.01467	0.03921	0.00033	0.00633	0.00015	0.00013	3.7e-05	0.00015	0.00011	0.00011	0.00020
13	0.02915	0.12150	0.16068	0.03186	0.05399	0.17218	0.03290	0.11303	0.12545	0.03080	0.02113	0.00783	0.01203	0.00014	0.00237	3.7e-05	0.01515	0.00396	0.00323	0.06260
14	0.00027	0.00025	0.00723	0.58966	0.05367	0.03157	0.01465	0.02634	0.14745	0.01340	0.05531	0.00624	0.01988	0.00015	0.00013	4.1e-05	0.00015	0.00410	7.8e-05	0.02943
15	0.00029	0.00032	0.00061	0.00494	0.01402	0.01113	0.63537	0.00037	0.00513	0.00496	0.00024	0.01328	0.00020	0.00015	0.00023	4.7e-05	0.29570	0.01277	6.4e-05	0.00016
16	0.00696	0.00015	0.00019	0.00499	0.00022	0.00483	0.00014	0.01831	0.05806	0.07231	0.62685	0.11382	0.07599	0.00027	0.00015	4.3e-05	7.4e-05	0.00949	0.00702	0.00013
17	0.04432	0.04618	0.05936	0.15173	0.22804	0.06308	0.14099	0.07800	0.01551	0.05523	0.01163	0.02851	0.01154	0.00015	0.00374	4.1e-05	0.03206	0.02607	0.00368	0.00017
18	0.01755	0.00024	0.00031	0.00024	0.00033	0.00023	0.00020	0.18899	0.01109	0.76590	0.00690	0.00041	0.00030	0.00016	0.00013	3.9e-05	0.00011	0.00652	0.00015	0.00021
19	0.00017	0.00013	0.00015	0.00016	0.00019	0.00012	0.00541	0.00672	0.01063	0.01366	0.08811	0.24189	0.57282	0.00033	0.00015	4.6e-05	7.2e-05	0.05902	0.00012	0.00011
20	0.00838	0.00022	0.01514	0.00663	0.00304	0.00375	0.01103	0.07345	0.03155	0.63580	0.15594	0.01779	0.00562	0.00018	0.00539	4.1e-05	0.00461	0.00323	0.01800	0.00019
21	0.02577	0.46686	0.17621	0.06181	0.01081	0.08773	0.04588	0.03676	0.01374	0.02566	0.00720	0.00547	0.00019	0.00340	0.01232	3.6e-05	0.01413	0.00580	6.4e-05	0.00017
22	0.02369	0.00316	0.20875	0.01367	0.04492	0.18187	0.01131	0.19574	0.01978	0.12580	0.00624	0.00032	0.00395	0.01345	0.01791	0.00248	0.12359	0.00309	8.8e-05	0.00018
23	0.00017	0.00013	0.00015	0.00015	0.00019	0.00012	0.00011	0.00022	0.01135	0.01595	0.44719	0.12573	0.37482	0.00509	0.00015	4.3e-05	6.5e-05	0.01129	0.00695	0.00012
24	0.01653	0.03633	0.33309	0.10458	0.06219	0.00437	0.04640	0.03919	0.01118	0.07802	0.09980	0.06320	0.05885	0.00558	0.00331	0.01206	0.00622	0.01475	0.00420	0.00016
25	0.00998	0.25890	0.36757	0.02640	0.09689	0.01106	0.06108	0.01617	0.02057	0.03449	0.02556	0.01028	0.01645	0.01057	0.00825	0.00278	0.01135	0.00777	0.00370	0.00017
26	0.01667	0.04226	0.18091	0.08609	0.26163	0.01175	0.06367	0.02350	0.03639	0.14682	0.02123	0.01670	0.01162	0.02713	0.01964	0.00567	0.01037	0.01559	0.00220	0.00018

[dist]
# distance from previous block
# <min> <max>
1	6

[block]
# block no. 2 follows, 2729 sequences, length 10
# corresponding to MSA columns:
# 720-722,724,726,739,740,744,747,748
name=unknown_C
#
# <colnr> <probs for GDERKNQSTAVLIFYWHMCP>
#	G	D	E	R	K	N	Q	S	T	A	V	L	I	F	Y	W	H	M	C	P
0	0.62885	0.04790	0.01803	0.01203	0.06530	0.04996	0.04307	0.01783	0.01178	0.01442	0.00022	0.01150	0.00018	0.02103	0.01045	4.2e-05	0.01936	0.00677	0.01336	0.00792
1	0.09808	0.02751	0.09989	0.05222	0.02228	0.00734	0.02777	0.02157	0.02243	0.04634	0.10492	0.10783	0.12678	0.07677	0.05926	0.00543	0.02800	0.04508	0.01491	0.00560
2	0.03510	0.06661	0.11399	0.11740	0.22801	0.03468	0.03249	0.04148	0.04636	0.02840	0.02623	0.04425	0.03181	0.01533	0.01463	0.00510	0.02201	0.02660	0.00537	0.06416
3	0.01824	0.01788	0.00913	0.02484	0.02403	0.01196	0.03161	0.02517	0.01994	0.06143	0.13334	0.05694	0.06660	0.01766	0.00910	3.4e-05	0.00626	0.00815	0.01150	0.44620
4	0.01469	0.01226	0.00779	0.10939	0.08092	0.01257	0.01664	0.06761	0.03791	0.05390	0.07939	0.19520	0.08015	0.05192	0.03652	0.03730	0.01889	0.03993	0.01968	0.02737
5	0.21271	0.00913	0.01021	0.26888	0.06290	0.06174	0.03972	0.08329	0.01282	0.03296	0.00718	0.00901	0.00020	0.00633	0.02180	4.6e-05	0.13651	0.00809	0.00637	0.01009
6	0.00649	0.00702	0.04344	0.11432	0.03852	0.00603	0.01313	0.02450	0.05986	0.01615	0.31829	0.02338	0.17298	0.00920	0.01614	4.6e-05	0.00858	0.08305	0.03251	0.00635
7	0.02871	0.06508	0.79774	0.00034	0.01509	0.01121	0.01006	0.01414	0.01084	0.01974	0.01465	0.00029	0.01129	0.00013	0.00012	3.9e-05	0.00018	9.7e-05	6.1e-05	0.00018
8	0.87829	0.01096	0.00020	0.01202	0.01281	0.00966	0.00015	0.01188	0.00963	0.01000	0.00956	0.01844	0.00018	0.00013	8.5e-05	4e-05	0.00010	0.01563	8.1e-05	0.00014
9	0.04049	0.04647	0.13286	0.05822	0.12116	0.03177	0.07164	0.02564	0.05157	0.02515	0.02416	0.18220	0.01823	0.05254	0.06685	5.7e-05	0.01293	0.03057	8.5e-05	0.00741

[dist]
# distance from previous block
# <min> <max>
2	5

[block]
# block no. 3 follows, 2729 sequences, length 7
# corresponding to MSA columns:
# 754-760
name=unknown_D
#
# <colnr> <probs for GDERKNQSTAVLIFYWHMCP>
#	G	D	E	R	K	N	Q	S	T	A	V	L	I	F	Y	W	H	M	C	P
0	0.03364	0.15929	0.19074	0.23047	0.05753	0.04536	0.06181	0.04934	0.07418	0.00903	0.01602	0.01259	0.00896	0.01061	0.00852	4.1e-05	0.01332	0.00961	0.00879	0.00017
1	0.00022	0.00011	0.00017	0.00017	0.00017	0.00011	0.00011	0.00017	0.00017	0.00022	0.00022	0.00039	0.00022	0.00044	0.00050	0.99631	0.00011	0.00011	5.5e-05	5.5e-05
2	0.00020	0.00014	0.00018	0.00018	0.02308	0.00013	0.00013	0.01856	0.02451	0.04423	0.53264	0.02483	0.23458	0.01540	0.00017	0.04996	7.3e-05	0.03075	0.00013	0.00012
3	0.02240	0.00013	0.00016	0.00018	0.00020	0.00012	0.00012	0.00023	0.00027	0.07980	0.09682	0.70419	0.05149	0.00035	0.00015	4.8e-05	7.6e-05	0.02070	0.02245	0.00012
4	0.00018	0.00014	0.01261	0.00019	0.01235	0.00013	0.03030	0.00023	0.01236	0.01305	0.28559	0.32243	0.17488	0.00032	0.01303	4.8e-05	0.01318	0.09676	0.01209	0.00012
5	0.00035	0.87411	0.03661	0.00023	0.00034	0.03612	0.00023	0.05018	0.00028	0.00033	0.00019	0.00021	0.00017	0.00011	8.6e-05	2.8e-05	0.00014	7.2e-05	5.8e-05	0.00017
6	0.02220	0.00015	0.00019	0.00019	0.00022	0.00016	0.00015	0.01614	0.02547	0.07455	0.01362	0.22906	0.01529	0.08328	0.43135	0.00012	0.01282	0.03389	0.04102	0.00012

[dist]
# distance from previous block
# <min> <max>
0	1

[block]
# block no. 4 follows, 2729 sequences, length 10
# corresponding to MSA columns:
# 762,764,769-776
name=unknown_E
#
# <colnr> <probs for GDERKNQSTAVLIFYWHMCP>
#	G	D	E	R	K	N	Q	S	T	A	V	L	I	F	Y	W	H	M	C	P
0	0.66910	0.02533	0.00899	0.01353	0.01193	0.04374	0.00708	0.03388	0.01194	0.04742	0.06619	0.01000	0.02241	0.01041	0.01096	4.2e-05	0.00674	9.7e-05	8.8e-05	0.00014
1	0.01728	0.68492	0.03661	0.00024	0.00720	0.05549	0.01458	0.04492	0.01914	0.01566	0.00716	0.00985	0.00666	0.01990	0.01371	3.5e-05	0.01392	0.00919	0.01448	0.00908
2	0.01017	0.00014	0.00017	0.00016	0.00020	0.00013	0.00012	0.01091	0.01935	0.05085	0.54522	0.09879	0.20778	0.02319	0.00997	4.5e-05	7.1e-05	0.01114	0.01147	0.00012
3	0.00018	0.00013	0.00016	0.00016	0.00019	0.00012	0.00012	0.00023	0.01323	0.01644	0.48513	0.05124	0.34505	0.01314	0.01283	4.6e-05	7.1e-05	0.06129	0.00013	0.00012
4	0.00021	0.00014	0.00018	0.00016	0.00020	0.00013	0.00012	0.01157	0.01179	0.06704	0.69969	0.05467	0.10592	0.01479	0.00015	4.2e-05	6.7e-05	0.01177	0.02125	0.00013
5	0.00029	0.00030	0.00040	0.00034	0.00035	0.05229	0.03671	0.00032	0.00021	0.00031	0.00017	0.00028	0.00017	0.00021	0.00039	5.4e-05	0.90691	0.00011	5.6e-05	0.00014
6	0.00019	0.00014	0.00016	0.00016	0.00019	0.00012	0.00012	0.01177	0.01159	0.03543	0.52598	0.07622	0.28670	0.01150	0.00015	4.3e-05	6.7e-05	0.02275	0.01659	0.00012
7	0.00020	0.00015	0.00022	0.00021	0.00023	0.00015	0.10417	0.00023	0.00023	0.00031	0.00050	0.07563	0.02069	0.52545	0.00042	9e-05	0.00013	0.27081	9e-05	0.00010
8	0.01315	0.02186	0.00635	0.07717	0.04127	0.02080	0.21587	0.06673	0.12688	0.00780	0.02688	0.09663	0.01189	0.00969	0.01773	4.9e-05	0.15407	0.07633	0.00868	0.00016
9	0.02077	0.04890	0.17826	0.04276	0.09177	0.02378	0.08634	0.04308	0.03632	0.08282	0.01127	0.00667	0.00022	0.00747	0.01106	3.6e-05	0.01038	0.00010	7.9e-05	0.29789

[dist]
# distance from previous block
# <min> <max>
0	1

[block]
# block no. 5 follows, 2729 sequences, length 13
# corresponding to MSA columns:
# 778-788,796,797
name=unknown_F
#
# <colnr> <probs for GDERKNQSTAVLIFYWHMCP>
#	G	D	E	R	K	N	Q	S	T	A	V	L	I	F	Y	W	H	M	C	P
0	0.00730	0.20332	0.53565	0.01173	0.01878	0.00990	0.02924	0.04003	0.02169	0.06683	0.01151	0.00030	0.00505	0.00013	0.00513	3.8e-05	0.01466	0.00616	6.8e-05	0.01249
1	0.00732	0.18320	0.21607	0.00627	0.03546	0.01918	0.02241	0.04946	0.08691	0.10245	0.09046	0.02899	0.09335	0.00516	0.00824	0.00667	0.00834	0.02416	9.3e-05	0.00579
2	0.00024	0.00022	0.00037	0.92221	0.01622	0.00028	0.00034	0.00032	0.00025	0.00032	0.00024	0.02691	0.00019	0.00015	0.01562	4.5e-05	0.01575	0.00012	5.8e-05	0.00014
3	0.02303	0.16503	0.29786	0.03843	0.07802	0.04109	0.08728	0.05217	0.01671	0.12150	0.01504	0.02497	0.00465	0.00534	0.00734	4e-05	0.00849	0.00707	7.8e-05	0.00587
4	0.00021	0.01783	0.02678	0.03356	0.01314	0.00509	0.02879	0.00530	0.00642	0.00522	0.00578	0.05428	0.00573	0.44557	0.23615	0.00012	0.09183	0.01803	7.5e-05	0.00011
5	0.00018	0.00013	0.00020	0.00020	0.00022	0.00015	0.00015	0.00022	0.00021	0.00030	0.02119	0.05483	0.00037	0.02876	0.89204	0.00019	0.00031	0.00015	7.2e-05	0.00011
6	0.07781	0.17891	0.04600	0.11355	0.02087	0.29140	0.07958	0.04611	0.00690	0.11305	0.00025	0.00029	0.00019	0.00013	0.00012	3.6e-05	0.00981	0.00611	0.00874	0.00016
7	0.00016	0.00012	0.00015	0.00017	0.00019	0.00011	0.00012	0.00019	0.00025	0.00033	0.01587	0.80942	0.09031	0.01414	0.00016	5e-05	7.5e-05	0.01358	0.00012	0.05449
8	0.08125	0.10565	0.75908	0.00034	0.01914	0.00031	0.01410	0.00040	0.00027	0.01804	0.00022	0.00026	0.00016	0.00012	0.00011	3.9e-05	0.00017	9.1e-05	5.8e-05	0.00018
9	0.03275	0.02377	0.08109	0.32442	0.25090	0.01766	0.03402	0.04531	0.02161	0.05562	0.00507	0.00629	0.00021	0.00013	0.00013	0.00946	0.02583	0.00534	0.00585	0.05455
10	0.00017	0.00012	0.00016	0.00018	0.00019	0.00875	0.00012	0.00020	0.02011	0.00922	0.06862	0.72593	0.07132	0.03653	0.00945	5.4e-05	8.1e-05	0.04856	0.00012	0.00011
11	0.00022	0.00012	0.00017	0.01175	0.01125	0.00012	0.00012	0.00018	0.00018	0.00025	0.05453	0.01732	0.00029	0.01836	0.04511	0.83968	0.00012	0.00012	6.2e-05	6.5e-05
12	0.26028	0.00786	0.03509	0.07478	0.15296	0.03221	0.06152	0.11661	0.02052	0.12538	0.00771	0.03424	0.00702	0.00015	0.00502	4.1e-05	0.03562	0.00976	0.01307	0.00017

[dist]
# distance from previous block
# <min> <max>
0	248

# created by:
# /home/cegg/simao/soft/augustus-3.2.1/scripts/msa2prfl.pl ./align_prep/POG091H008J.fa
