[name]
unknown

[dist]
# distance from previous block
# <min> <max>
0	63

[block]
# block no. 0 follows, 3569 sequences, length 71
# corresponding to MSA columns:
# 63-67,70,72-136
name=unknown_A
#
# <colnr> <probs for GDERKNQSTAVLIFYWHMCP>
#	G	D	E	R	K	N	Q	S	T	A	V	L	I	F	Y	W	H	M	C	P
0	0.00029	0.00016	0.00021	0.00017	0.00023	0.00015	0.00014	0.06379	0.04779	0.38648	0.03729	0.00045	0.00030	0.00014	9.8e-05	2.9e-05	8.1e-05	0.18790	9.4e-05	0.27421
1	0.00018	0.00017	0.00029	0.96994	0.02171	0.00022	0.00027	0.00025	0.00019	0.00025	0.00017	0.00026	0.00013	9.7e-05	9.8e-05	3.2e-05	0.00548	8.6e-05	4.3e-05	0.00011
2	0.00020	0.00013	0.00016	0.00014	0.00018	0.00012	0.00011	0.08258	0.01969	0.15459	0.67117	0.00063	0.06957	0.00018	0.00011	3.1e-05	5.7e-05	0.00016	0.00011	0.00011
3	0.00023	0.00022	0.00035	0.02415	0.75722	0.01464	0.00026	0.01497	0.07415	0.00407	0.07441	0.00974	0.01434	0.00010	9.8e-05	3e-05	0.00011	0.00678	5.9e-05	0.00407
4	0.20507	0.01871	0.00026	0.40306	0.05092	0.15786	0.00020	0.05210	0.06412	0.00876	0.00786	0.00594	0.00015	0.01532	0.00257	3.1e-05	0.00012	7.9e-05	0.00494	0.00191
5	0.64101	0.00020	0.00018	0.00705	0.00407	0.00437	0.00013	0.11956	0.01023	0.17061	0.01253	0.00021	0.00015	0.00010	8e-05	3e-05	0.02659	6.8e-05	7.5e-05	0.00276
6	0.00018	0.00288	0.00017	0.00016	0.03822	0.03952	0.00418	0.03503	0.12483	0.01689	0.53702	0.02390	0.04848	0.04822	0.01120	3.5e-05	6.8e-05	0.02348	9.4e-05	0.04545
7	0.00609	0.00020	0.00253	0.01696	0.07645	0.13141	0.02199	0.01917	0.16997	0.19554	0.24077	0.00045	0.06456	0.00325	0.00289	0.00375	0.01478	0.02218	9e-05	0.00697
8	0.01101	0.00020	0.00025	0.15257	0.00898	0.01081	0.00018	0.19437	0.18661	0.40068	0.00667	0.00030	0.00022	0.00012	0.00010	3.1e-05	0.02656	9.6e-05	9.6e-05	0.00015
9	0.00171	0.00716	0.00031	0.54086	0.15111	0.01547	0.02456	0.00457	0.00834	0.00606	0.01579	0.00955	0.00896	0.00012	0.00014	3.4e-05	0.20502	9.1e-05	4.7e-05	0.00012
10	0.00029	0.01523	0.00733	0.22448	0.31624	0.04095	0.04058	0.01593	0.00361	0.31298	0.00265	0.00158	0.00463	0.00184	0.00295	3.1e-05	0.00702	9.1e-05	0.00144	0.00014
11	0.00021	0.00019	0.00032	0.68443	0.25901	0.00946	0.00027	0.01463	0.00211	0.01875	0.00018	0.00025	0.00014	9.8e-05	0.00396	3.2e-05	0.00570	8.7e-05	4.7e-05	0.00012
12	0.00020	0.00019	0.00030	0.49874	0.03736	0.00694	0.00442	0.00024	0.00018	0.00025	0.00828	0.00314	0.00014	0.00013	0.00281	3.7e-05	0.43642	8.7e-05	4.4e-05	0.00011
13	0.00155	0.00024	0.00248	0.10677	0.77618	0.07315	0.01143	0.00030	0.00867	0.00567	0.00298	0.00274	0.00337	9.1e-05	9.7e-05	2.9e-05	0.00397	8.6e-05	4.9e-05	0.00015
14	0.00023	0.00022	0.01462	0.19485	0.67815	0.00419	0.00346	0.02397	0.03890	0.01974	0.01827	0.00026	0.00017	9.4e-05	9.7e-05	3e-05	0.00245	8.9e-05	5.3e-05	0.00014
15	0.00013	0.00010	0.00012	0.00205	0.00015	9.3e-05	0.00199	0.00017	0.03578	0.00172	0.36095	0.08002	0.43344	0.00570	0.02296	0.03768	5.7e-05	0.01671	9.4e-05	8.7e-05
16	0.00012	9e-05	0.00012	0.01186	0.00015	8.5e-05	0.00394	0.00014	0.00484	0.00337	0.01800	0.79709	0.06941	0.04690	0.01058	4.3e-05	6.2e-05	0.03303	8.8e-05	8e-05
17	0.00419	0.04386	0.07489	0.01711	0.73466	0.03406	0.00797	0.02922	0.00459	0.04190	0.00317	0.00210	0.00016	9.1e-05	9.5e-05	2.9e-05	0.00163	8.4e-05	5.2e-05	0.00015
18	0.00144	0.00689	0.02039	0.10591	0.05671	0.00207	0.16181	0.01458	0.00354	0.13781	0.00321	0.41757	0.01685	0.00440	0.00511	3.6e-05	0.00448	0.03701	7.9e-05	0.00011
19	0.00041	0.00017	0.00023	0.00018	0.00025	0.00397	0.00014	0.04178	0.09304	0.83997	0.01855	0.00034	0.00025	0.00012	9.8e-05	3e-05	8.3e-05	0.0001	0.00012	0.00016
20	0.00025	0.00024	0.03212	0.06572	0.80968	0.00617	0.00029	0.06751	0.00991	0.00692	0.00019	0.00024	0.00015	9e-05	9.6e-05	2.9e-05	0.00012	8.6e-05	5.2e-05	0.00015
21	0.98972	0.00019	0.00014	0.00013	0.00019	0.00022	0.00011	0.00783	0.00017	0.00044	0.00014	0.00016	0.00011	9e-05	6e-05	3e-05	7.5e-05	5.3e-05	6e-05	0.00011
22	0.00015	0.00011	0.00015	0.00015	0.00016	0.01098	0.01279	0.00611	0.00395	0.00819	0.00027	0.00045	0.00027	0.29330	0.64496	0.00013	0.01119	0.00653	5.5e-05	8.1e-05
23	0.00016	0.00013	0.00147	0.36012	0.00363	0.00015	0.00980	0.00989	0.00423	0.00331	0.04411	0.00225	0.00363	0.12235	0.31414	0.10568	0.01470	0.00010	5.2e-05	8.9e-05
24	0.90637	0.00514	0.00279	0.00013	0.00019	0.00651	0.00259	0.03764	0.00018	0.00614	0.00015	0.01412	0.00012	0.01109	7e-05	3.1e-05	0.00650	5.9e-05	6.2e-05	0.00011
25	0.09694	0.03359	0.00243	0.22160	0.01060	0.01021	0.09031	0.14035	0.05529	0.28223	0.00983	0.00851	0.00289	0.00437	0.00010	3.1e-05	0.02180	0.00123	0.00755	0.00014
26	0.01539	0.00019	0.00031	0.63652	0.21483	0.01400	0.00417	0.03259	0.00171	0.03050	0.00258	0.01661	0.00416	0.00010	0.00010	3.2e-05	0.02169	9e-05	0.00431	0.00012
27	0.06111	0.00025	0.00031	0.08422	0.23054	0.03548	0.00022	0.47840	0.00674	0.00045	0.00020	0.00023	0.00015	0.00011	0.00012	3.1e-05	0.10114	8.4e-05	7.2e-05	0.00015
28	0.01812	0.01241	0.00029	0.27881	0.23078	0.21780	0.00262	0.05780	0.10471	0.01304	0.00491	0.01071	0.03707	0.00011	9.6e-05	3e-05	0.00457	0.00592	5.9e-05	0.00013
29	0.01666	0.00016	0.00019	0.02566	0.00881	0.07773	0.05409	0.04274	0.11237	0.01600	0.19456	0.30162	0.02972	0.00019	0.00012	3.4e-05	0.06432	0.00473	0.05017	0.00010
30	0.00014	0.00010	0.00013	0.00013	0.00014	0.00362	9.4e-05	0.00016	0.00565	0.00022	0.00870	0.04111	0.06816	0.35330	0.45307	0.05338	0.00584	0.00592	5.9e-05	7.5e-05
31	0.00255	0.00019	0.00384	0.60140	0.28231	0.00187	0.00603	0.00800	0.07642	0.00300	0.00179	0.00027	0.00515	0.00010	0.00549	3.2e-05	0.00012	8.9e-05	0.00122	0.00013
32	0.01244	0.00017	0.00023	0.04706	0.14435	0.01566	0.04915	0.02220	0.16682	0.07672	0.29172	0.03755	0.07379	0.00016	0.01336	3.3e-05	0.01500	0.01708	8.6e-05	0.01641
33	0.00042	0.00017	0.00022	0.00017	0.00025	0.00015	0.00014	0.02204	0.01427	0.91869	0.02326	0.00035	0.00695	0.00012	9.9e-05	3e-05	8.2e-05	0.01231	0.00012	0.00016
34	0.00024	0.00024	0.00281	0.08682	0.55783	0.13459	0.01305	0.01447	0.01822	0.01817	0.02327	0.01367	0.01944	0.04194	0.01539	3.4e-05	0.03417	0.00395	0.00155	0.00013
35	0.00327	0.07499	0.38375	0.00214	0.00237	0.06464	0.37091	0.02856	0.01469	0.03218	0.00299	0.00024	0.00145	9.8e-05	0.00011	3.2e-05	0.01158	9.1e-05	5.3e-05	0.00586
36	0.00699	0.00021	0.00033	0.02878	0.02915	0.00020	0.25609	0.07647	0.13339	0.43353	0.01027	0.00306	0.00023	0.00715	0.00467	3.4e-05	0.00384	0.00321	0.00223	0.00016
37	0.00250	0.00011	0.00014	0.00013	0.00016	0.00662	0.01604	0.00385	0.01676	0.01122	0.70637	0.11356	0.02420	0.01372	0.03372	0.02358	6.1e-05	0.02706	9.9e-05	9.1e-05
38	0.00139	0.08017	0.19109	0.02671	0.01799	0.00114	0.02630	0.00448	0.04417	0.00787	0.03641	0.11805	0.12841	0.02686	0.01488	0.00785	0.00349	0.26256	7.3e-05	0.00011
39	0.00022	0.00022	0.00035	0.28758	0.52174	0.02273	0.01336	0.00359	0.00021	0.00420	0.01270	0.00025	0.00015	0.00010	0.00013	3.2e-05	0.13218	8.7e-05	4.7e-05	0.00013
40	0.09631	0.00021	0.00024	0.00019	0.00026	0.00656	0.00015	0.35385	0.00326	0.53750	0.00030	0.00028	0.00020	0.00012	9.4e-05	3e-05	9.1e-05	9e-05	0.00011	0.00016
41	0.22873	0.00780	0.01115	0.01703	0.02675	0.01927	0.01435	0.00739	0.00019	0.02337	0.00037	0.40383	0.00040	0.02592	0.04381	0.04045	0.00229	0.12673	7.5e-05	9.2e-05
42	0.00373	0.01838	0.01657	0.05217	0.05797	0.04041	0.34264	0.03163	0.10359	0.09731	0.07149	0.02395	0.00310	0.00588	0.04352	0.00753	0.01024	0.04448	0.02530	0.00013
43	0.00017	0.00391	0.00308	0.00684	0.00630	0.03756	0.00013	0.02505	0.00282	0.00024	0.00026	0.00039	0.00025	0.07343	0.78658	0.01450	0.03662	0.00172	5.6e-05	9.4e-05
44	0.00521	0.00020	0.00775	0.00478	0.00198	0.04004	0.01517	0.10463	0.00334	0.79922	0.00206	0.00033	0.00024	0.00013	0.00010	3.2e-05	9.4e-05	0.01163	0.00290	0.00017
45	0.00015	0.00011	0.00015	0.01421	0.00017	0.00013	0.00011	0.00677	0.05992	0.00023	0.00028	0.00779	0.00027	0.18190	0.72430	0.00013	0.00312	0.00011	5.7e-05	8.7e-05
46	0.00220	0.00754	0.01371	0.71906	0.01773	0.01736	0.00291	0.01175	0.00973	0.04540	0.07194	0.00313	0.04864	0.00126	0.00010	3.2e-05	0.00486	0.02057	0.00197	0.00011
47	0.17359	0.74681	0.00043	0.00017	0.00024	0.00035	0.00016	0.00664	0.00019	0.00976	0.00014	0.00016	0.00012	9e-05	7.8e-05	2.4e-05	0.06083	5.5e-05	4.6e-05	0.00012
48	0.00018	0.00017	0.00029	0.99635	0.00067	0.00022	0.00027	0.00025	0.00019	0.00025	0.00017	0.00026	0.00013	9.7e-05	9.7e-05	3.2e-05	0.00013	8.6e-05	4.3e-05	0.00011
49	0.00021	0.00020	0.00034	0.53582	0.44296	0.00022	0.00443	0.00027	0.00021	0.00403	0.00018	0.00026	0.00014	9.4e-05	9.8e-05	3.1e-05	0.00515	0.00519	4.6e-05	0.00013
50	0.00026	0.05115	0.01980	0.05444	0.06251	0.17666	0.26835	0.00192	0.03211	0.13347	0.09218	0.07894	0.00420	0.00013	0.00207	3.1e-05	0.00550	0.01330	0.00285	0.00012
51	0.00022	0.00021	0.00034	0.38615	0.51887	0.04296	0.00027	0.00028	0.01392	0.00029	0.01516	0.01647	0.00231	9.8e-05	9.7e-05	3e-05	0.00012	9.1e-05	0.00199	0.00013
52	0.00024	0.00023	0.00039	0.01110	0.98548	0.00023	0.00030	0.00030	0.00022	0.00032	0.00018	0.00024	0.00015	8.7e-05	9.6e-05	2.9e-05	0.00012	8.7e-05	4.8e-05	0.00015
53	0.12154	0.00018	0.00027	0.82592	0.00515	0.00456	0.00178	0.02821	0.00276	0.00324	0.00017	0.00025	0.00013	9.7e-05	9.3e-05	3.2e-05	0.00385	8.2e-05	0.00156	0.00011
54	0.00125	0.44491	0.14445	0.01131	0.01045	0.12087	0.11794	0.01971	0.06150	0.00488	0.02006	0.00821	0.00846	0.00158	0.00938	2.8e-05	0.00667	0.00819	5.1e-05	0.00013
55	0.00014	9.6e-05	0.00011	0.00011	0.00012	9.6e-05	7.1e-05	0.00015	0.00015	0.00020	0.00034	0.01442	0.02232	0.82786	0.03209	0.00580	9.8e-05	0.09569	6.3e-05	6.3e-05
56	0.00018	0.00017	0.00029	0.98398	0.01304	0.00022	0.00027	0.00025	0.00019	0.00025	0.00017	0.00026	0.00013	9.7e-05	9.7e-05	3.2e-05	0.00013	8.6e-05	4.3e-05	0.00011
57	0.02720	0.00022	0.01000	0.23278	0.25200	0.00906	0.10641	0.18097	0.01227	0.16306	0.00244	0.00026	0.00017	0.00010	9.8e-05	3e-05	0.00012	0.00261	6.9e-05	0.00014
58	0.00012	8.5e-05	0.00011	0.00013	0.00014	7.9e-05	9e-05	0.00014	0.00019	0.00025	0.00453	0.97185	0.01704	0.00030	0.00012	3.9e-05	5.6e-05	0.00456	9e-05	7.9e-05
59	0.00017	8.5e-05	0.00013	0.00013	0.00013	8.5e-05	8.4e-05	0.00013	0.00013	0.00017	0.00017	0.00030	0.00017	0.01536	0.00038	0.98214	8.5e-05	8.5e-05	4.2e-05	4.2e-05
60	0.00012	0.00010	0.00010	0.00010	0.00014	0.00508	0.00605	0.00015	0.01159	0.00027	0.02038	0.00092	0.95419	0.00024	0.00011	3.3e-05	5.1e-05	0.00020	9e-05	8.4e-05
61	0.00028	0.00020	0.00029	0.00594	0.00030	0.00788	0.23296	0.05327	0.23385	0.23287	0.11279	0.01831	0.05832	0.00014	0.00011	3.4e-05	9.9e-05	0.03197	0.01023	0.00014
62	0.00019	0.00018	0.00030	0.98366	0.00067	0.00022	0.00588	0.00026	0.00020	0.00026	0.00018	0.00027	0.00014	0.00010	0.00010	3.4e-05	0.00708	9e-05	4.6e-05	0.00011
63	0.00013	0.00010	0.00011	0.00011	0.00014	8.8e-05	8e-05	0.00015	0.00023	0.00027	0.00987	0.06503	0.92285	0.00026	0.00012	3.5e-05	5.3e-05	0.00021	9.4e-05	8.7e-05
64	0.01240	0.00045	0.00028	0.00025	0.00586	0.91286	0.00019	0.05924	0.00715	0.00026	0.00016	0.00018	0.00013	0.00010	8.8e-05	2.5e-05	0.00017	6.4e-05	5.3e-05	0.00012
65	0.00417	0.00017	0.00022	0.00017	0.00025	0.00709	0.00014	0.01261	0.00241	0.93789	0.02158	0.00034	0.00960	0.00276	9.9e-05	3e-05	8.3e-05	0.00010	0.00012	0.00016
66	0.12510	0.00017	0.00501	0.00017	0.00024	0.00015	0.00643	0.01304	0.00342	0.83173	0.00730	0.00211	0.00216	0.00012	9.3e-05	3e-05	8.2e-05	9.3e-05	0.00240	0.00016
67	0.00313	0.00015	0.00020	0.00016	0.00022	0.00014	0.00013	0.07147	0.04206	0.57735	0.18750	0.02285	0.00422	0.00426	0.00010	3e-05	7.3e-05	0.00012	0.08570	0.00014
68	0.00168	0.00018	0.00950	0.90979	0.03228	0.00022	0.00706	0.01249	0.00590	0.00026	0.00150	0.00231	0.00195	0.00316	0.0001	3.3e-05	0.00593	0.00428	0.00129	0.00011
69	0.00805	0.01288	0.14260	0.00418	0.01656	0.02213	0.16080	0.02279	0.02317	0.15087	0.01740	0.14915	0.07661	0.00208	0.00011	3.4e-05	0.00010	0.15921	7.8e-05	0.03117
70	0.00114	0.00177	0.12160	0.02676	0.00030	0.42508	0.04281	0.00810	0.00823	0.01204	0.01331	0.04849	0.00688	0.02714	0.06572	0.00119	0.17694	0.00579	0.00659	0.00011

[dist]
# distance from previous block
# <min> <max>
0	2

[block]
# block no. 1 follows, 3569 sequences, length 14
# corresponding to MSA columns:
# 139-152
name=unknown_B
#
# <colnr> <probs for GDERKNQSTAVLIFYWHMCP>
#	G	D	E	R	K	N	Q	S	T	A	V	L	I	F	Y	W	H	M	C	P
0	0.78246	0.11111	0.01826	0.00015	0.00908	0.02667	0.00842	0.00990	0.00897	0.01300	0.00015	0.00017	0.00011	9.8e-05	0.01112	3e-05	8.6e-05	5.6e-05	5.9e-05	0.00011
1	0.00750	0.00011	0.00013	0.00015	0.01455	0.00010	0.00011	0.00855	0.05929	0.00028	0.04705	0.47606	0.15939	0.01673	0.01055	4e-05	6.7e-05	0.19918	9e-05	8.8e-05
2	0.00031	0.00025	0.00027	0.02566	0.02655	0.05200	0.01821	0.51601	0.29088	0.00949	0.01151	0.00980	0.00951	0.00012	9.7e-05	3e-05	0.00010	9.6e-05	9.1e-05	0.02901
3	0.00014	0.00010	0.00016	0.00016	0.00017	0.00012	0.00012	0.00017	0.00016	0.00023	0.00026	0.00038	0.00024	0.00073	0.99620	0.00016	0.00026	0.00010	5.2e-05	8.7e-05
4	0.03039	0.00028	0.00028	0.01172	0.00030	0.08685	0.00018	0.82943	0.00042	0.01330	0.00022	0.00023	0.00016	0.00011	9.7e-05	2.9e-05	0.01094	8.4e-05	0.01480	0.00016
5	0.00021	0.02382	0.04798	0.38000	0.20594	0.01779	0.18391	0.01376	0.02869	0.01054	0.05462	0.00534	0.00539	0.00462	0.00010	3.2e-05	0.00709	0.00470	0.00534	0.00013
6	0.01923	9.5e-05	0.00011	0.00012	0.00012	9.4e-05	7.3e-05	0.00015	0.00016	0.01975	0.00037	0.27501	0.00043	0.65453	0.00037	7.5e-05	8.3e-05	0.02909	7e-05	6.8e-05
7	0.00014	0.00011	0.00013	0.00014	0.00016	9.8e-05	0.00011	0.00018	0.01537	0.01342	0.01921	0.01642	0.50347	0.01203	0.00013	3.9e-05	6.8e-05	0.41861	9e-05	8.7e-05
8	0.16400	0.07851	0.02676	0.00779	0.01360	0.27908	0.07308	0.02333	0.00021	0.04198	0.00017	0.00022	0.00015	0.03526	0.04686	3.8e-05	0.18674	7.6e-05	0.02203	0.00011
9	0.66263	0.00641	0.00481	0.00493	0.06277	0.02519	0.03313	0.01965	0.00590	0.10204	0.00895	0.02641	0.00016	0.00011	0.00940	3.1e-05	0.00492	0.01070	0.01173	0.00012
10	0.00013	8.9e-05	0.00012	0.00014	0.00014	8.3e-05	9.3e-05	0.00015	0.00864	0.00932	0.03370	0.84056	0.04234	0.00911	0.00866	4e-05	5.9e-05	0.03783	0.00873	8.1e-05
11	0.01429	0.00983	0.00528	0.06779	0.62930	0.04783	0.01537	0.06361	0.02591	0.03531	0.00706	0.01154	0.00761	0.00011	0.01371	3.1e-05	0.03233	0.00479	0.00815	0.00014
12	0.00488	0.01950	0.01317	0.03308	0.52223	0.02047	0.03822	0.01140	0.01154	0.06198	0.04844	0.17442	0.00871	0.00015	0.01928	3.4e-05	0.00010	0.00574	0.00653	0.00013
13	0.00846	0.00019	0.00569	0.00020	0.05308	0.03969	0.00631	0.09494	0.01064	0.68924	0.00618	0.04142	0.00605	0.00013	0.01092	3.2e-05	0.00965	0.00531	0.01173	0.00015

[dist]
# distance from previous block
# <min> <max>
0	6

[block]
# block no. 2 follows, 3569 sequences, length 28
# corresponding to MSA columns:
# 159-186
name=unknown_C
#
# <colnr> <probs for GDERKNQSTAVLIFYWHMCP>
#	G	D	E	R	K	N	Q	S	T	A	V	L	I	F	Y	W	H	M	C	P
0	0.41523	0.03836	0.05847	0.00752	0.05405	0.19994	0.02129	0.11816	0.00315	0.01467	0.00019	0.05350	0.00016	0.00278	8.3e-05	3e-05	0.00528	0.00698	6.2e-05	0.00012
1	0.00013	0.00010	0.00011	0.00011	0.00014	0.00416	0.00427	0.00599	0.00024	0.00031	0.32633	0.01229	0.61994	0.00390	0.00734	3.3e-05	5.1e-05	0.00526	0.00921	8.6e-05
2	0.03183	0.11203	0.50894	0.01238	0.06950	0.04417	0.03944	0.02246	0.03250	0.02422	0.02481	0.01059	0.03805	0.01054	0.00450	3.1e-05	0.00824	0.00320	0.00242	0.00013
3	0.00013	9.5e-05	0.00011	0.00012	0.00014	8.5e-05	8.7e-05	0.00015	0.00022	0.00754	0.20321	0.31299	0.42357	0.00026	0.00012	3.5e-05	5.3e-05	0.05091	9.4e-05	8.4e-05
4	0.00031	0.53296	0.00040	0.00021	0.00027	0.46390	0.00018	0.00034	0.00023	0.00023	0.00014	0.00016	0.00012	9.1e-05	7.4e-05	2.3e-05	0.00014	5.7e-05	4.6e-05	0.00012
5	0.00018	0.00017	0.00029	0.99635	0.00067	0.00022	0.00027	0.00025	0.00019	0.00025	0.00017	0.00026	0.00013	9.7e-05	9.7e-05	3.2e-05	0.00013	8.6e-05	4.3e-05	0.00011
6	0.00024	0.00023	0.00039	0.06289	0.93371	0.00023	0.00030	0.00030	0.00022	0.00031	0.00018	0.00024	0.00015	8.7e-05	9.6e-05	2.9e-05	0.00012	8.7e-05	4.8e-05	0.00015
7	0.00016	0.00012	0.00015	0.00015	0.00017	0.01085	0.00540	0.02170	0.01531	0.04409	0.33083	0.00594	0.19389	0.01637	0.00013	3.7e-05	6.8e-05	0.34786	0.00669	9.5e-05
8	0.00012	8.5e-05	0.00011	0.00014	0.00014	8e-05	9.1e-05	0.00014	0.00018	0.00024	0.00052	0.90920	0.01167	0.00765	0.00014	0.05202	5.9e-05	0.01725	8.7e-05	7.7e-05
9	0.00041	0.00020	0.00024	0.00019	0.00026	0.00019	0.00015	0.27373	0.00032	0.67080	0.00033	0.00030	0.00021	0.00012	9.6e-05	2.9e-05	8.9e-05	9.3e-05	0.00011	0.05214
10	0.00511	0.54338	0.25895	0.00335	0.00906	0.03670	0.05471	0.00525	0.05211	0.00817	0.00017	0.00340	0.00014	9.6e-05	0.00732	2.6e-05	0.01184	6.6e-05	4.6e-05	0.00013
11	0.00013	9.4e-05	0.00012	0.00013	0.00015	8.8e-05	9.6e-05	0.01063	0.00020	0.00026	0.00930	0.50395	0.23801	0.03856	0.00015	0.05202	6.3e-05	0.14589	8.7e-05	8e-05
12	0.00498	0.00017	0.00023	0.05210	0.00027	0.00015	0.00015	0.02891	0.01076	0.88528	0.00506	0.00033	0.00610	0.00012	9.8e-05	3e-05	8.5e-05	9.8e-05	0.00491	0.00016
13	0.00427	0.00011	0.00013	0.00013	0.00016	9.9e-05	0.00735	0.00018	0.00833	0.02040	0.41253	0.02440	0.28331	0.02866	0.07409	4.4e-05	0.00696	0.12550	0.00326	9e-05
14	0.00246	0.01398	0.04178	0.06721	0.02181	0.34201	0.01342	0.10285	0.08531	0.02223	0.00715	0.03549	0.00732	0.06983	0.01583	3.7e-05	0.14133	0.00657	0.00327	0.00012
15	0.00357	0.62854	0.11548	0.00021	0.02175	0.09485	0.01443	0.00817	0.05211	0.00547	0.00016	0.00400	0.00014	9.9e-05	0.00797	2.6e-05	0.04279	6.3e-05	4.7e-05	0.00013
16	0.01216	0.00979	0.04365	0.01535	0.14709	0.03010	0.01605	0.08423	0.01296	0.13824	0.00751	0.00753	0.04174	0.01548	0.00439	2.6e-05	0.00399	0.02734	7e-05	0.38232
17	0.02190	0.10903	0.20276	0.05659	0.10292	0.04767	0.05886	0.01751	0.02337	0.23112	0.06606	0.00778	0.00359	0.00316	0.00668	3e-05	0.00240	0.00248	7e-05	0.03603
18	0.10965	0.01900	0.02507	0.00017	0.00835	0.00721	0.00769	0.07033	0.07117	0.49946	0.05185	0.07380	0.01393	0.01306	0.00492	3.2e-05	0.00249	0.00011	0.02158	0.00014
19	0.00014	9.4e-05	0.00011	0.00011	0.00011	9.3e-05	6.1e-05	0.00014	0.00015	0.00019	0.00033	0.07131	0.01796	0.90829	0.00046	8.9e-05	9.1e-05	0.00015	6.2e-05	6.1e-05
20	0.03923	0.01879	0.03932	0.00608	0.20053	0.06403	0.01256	0.09125	0.13059	0.29492	0.00943	0.00551	0.00021	0.00738	0.02251	3.2e-05	0.00280	9e-05	0.00262	0.05212
21	0.01099	0.02012	0.07047	0.05862	0.17313	0.03930	0.07140	0.06479	0.03142	0.37572	0.02345	0.02246	0.01182	0.01032	0.00459	3.1e-05	0.00383	0.00432	0.00307	0.00015
22	0.00469	9.2e-05	0.00011	0.00012	0.00014	8.4e-05	8.6e-05	0.00015	0.00021	0.00027	0.13992	0.45338	0.30855	0.00937	0.02038	0.05202	5.9e-05	0.01020	8.9e-05	8e-05
23	0.00020	0.00012	0.00017	0.00015	0.00018	0.00011	0.05200	0.00425	0.01709	0.19080	0.58703	0.02540	0.08827	0.00719	0.00704	3.2e-05	6.2e-05	0.00016	0.01963	0.00011
24	0.01014	0.12430	0.41483	0.00707	0.17108	0.06750	0.03087	0.02183	0.02230	0.09201	0.01385	0.00785	0.00287	0.00010	0.00414	3e-05	0.00577	0.00326	5.5e-05	0.00014
25	0.00238	0.00697	0.06007	0.06068	0.24488	0.02837	0.10919	0.05748	0.05824	0.09480	0.09969	0.08179	0.05992	0.00518	0.00707	3.3e-05	0.01215	0.00645	0.00453	0.00013
26	0.00034	0.00349	0.00021	0.00016	0.00023	0.02449	0.00409	0.04524	0.01638	0.62348	0.14114	0.00883	0.07201	0.00014	0.0001	2.9e-05	7.8e-05	0.00011	0.00734	0.05212
27	0.00402	0.00276	0.00491	0.10370	0.68186	0.01536	0.04576	0.01858	0.01576	0.01482	0.01372	0.01430	0.01311	0.00403	0.00849	3.2e-05	0.00319	0.03541	5.4e-05	0.00014

[dist]
# distance from previous block
# <min> <max>
0	180

# created by:
# /home/cegg/simao/soft/augustus-3.2.1/scripts/msa2prfl.pl ./align_prep/POG091H01B4.fa
