[name]
unknown

[dist]
# distance from previous block
# <min> <max>
0	631

[block]
# block no. 0 follows, 3042 sequences, length 19
# corresponding to MSA columns:
# 759-777
name=unknown_A
#
# <colnr> <probs for GDERKNQSTAVLIFYWHMCP>
#	G	D	E	R	K	N	Q	S	T	A	V	L	I	F	Y	W	H	M	C	P
0	0.01842	0.01938	0.05416	0.11937	0.10546	0.15114	0.02398	0.07197	0.05642	0.07319	0.03382	0.07036	0.03103	0.01816	0.01972	4e-05	0.03961	0.02710	0.01547	0.05121
1	0.03990	0.00565	0.02451	0.03139	0.02984	0.02293	0.00811	0.03294	0.04656	0.01941	0.18705	0.23150	0.23829	0.01222	0.00468	0.00282	0.00301	0.02771	0.00398	0.02749
2	0.01323	0.00019	0.00022	0.00620	0.00026	0.00519	0.00013	0.00831	0.00024	0.01646	0.00695	0.03538	0.05602	0.00011	9.1e-05	2e-05	8.3e-05	0.00513	0.01577	0.82999
3	0.01324	0.00986	0.05242	0.26137	0.24220	0.07590	0.12505	0.04374	0.02386	0.04233	0.02762	0.03568	0.00409	0.00689	0.00310	3.7e-05	0.02116	0.00333	0.00461	0.00352
4	0.00025	0.00025	0.00035	0.00030	0.00030	0.01418	0.00969	0.01137	0.00940	0.00028	0.00016	0.00025	0.00015	0.00021	0.01801	5.2e-05	0.93451	0.00010	5.2e-05	0.00013
5	0.00016	0.00012	0.00014	0.00014	0.00017	0.00011	0.00010	0.00020	0.01184	0.01970	0.51538	0.08823	0.36278	0.00026	0.00013	3.8e-05	5.8e-05	0.00023	0.00012	0.00010
6	0.06037	0.00019	0.00025	0.00020	0.00028	0.00017	0.00016	0.01639	0.00032	0.87056	0.03879	0.00039	0.00030	0.00014	0.00011	3.5e-05	9.5e-05	0.00011	0.01094	0.00019
7	0.00015	0.00012	0.00013	0.00012	0.00016	0.00010	9.3e-05	0.00018	0.00744	0.00738	0.17886	0.03679	0.73308	0.01221	0.00014	3.9e-05	5.9e-05	0.01115	0.01171	9.9e-05
8	0.00014	0.00012	0.00013	0.00013	0.01148	0.00010	9.4e-05	0.00018	0.01138	0.00032	0.09301	0.00106	0.87013	0.00028	0.00013	3.8e-05	5.9e-05	0.01102	0.00011	9.9e-05
9	0.00018	0.00013	0.00018	0.00021	0.00023	0.00013	0.00018	0.00024	0.01790	0.00034	0.01369	0.03371	0.00065	0.00031	0.00015	5.1e-05	0.00010	0.91059	0.00903	0.01199
10	0.00030	0.99606	0.00060	0.00019	0.00029	0.00045	0.00019	0.00034	0.00023	0.00027	0.00016	0.00018	0.00015	9.7e-05	7.3e-05	2.4e-05	0.00012	6.1e-05	4.9e-05	0.00015
11	0.99680	0.00022	0.00017	0.00015	0.00022	0.00026	0.00012	0.00033	0.00019	0.00051	0.00016	0.00019	0.00012	0.00011	7.1e-05	3.5e-05	8.8e-05	6.2e-05	7.1e-05	0.00012
12	0.00043	0.00054	0.00032	0.00029	0.00035	0.99554	0.00022	0.00046	0.00032	0.00028	0.00018	0.00021	0.00015	0.00012	0.00010	2.9e-05	0.00021	7.3e-05	5.9e-05	0.00013
13	0.79982	0.00024	0.00019	0.04014	0.00026	0.06925	0.00014	0.00924	0.00022	0.06905	0.00019	0.01052	0.00014	0.00011	7.9e-05	3.5e-05	0.0001	7.1e-05	7.5e-05	0.00013
14	0.00022	0.00020	0.00034	0.96936	0.02713	0.00025	0.00032	0.00029	0.00023	0.00029	0.00020	0.00030	0.00015	0.00011	0.00011	3.8e-05	0.00015	0.00010	5.1e-05	0.00013
15	0.00019	0.0001	0.00015	0.00015	0.00015	0.0001	9.9e-05	0.00015	0.00015	0.00020	0.00022	0.03287	0.00022	0.02724	0.01940	0.91829	0.00010	0.00011	5.2e-05	5.2e-05
16	0.02827	0.00019	0.00026	0.00020	0.00029	0.00017	0.00016	0.01437	0.00033	0.92131	0.03292	0.00040	0.00030	0.00014	0.00011	3.5e-05	9.6e-05	0.00012	0.00014	0.00019
17	0.00869	0.02050	0.05262	0.07405	0.48890	0.03256	0.11068	0.01555	0.07409	0.02778	0.01376	0.01291	0.04302	0.00013	0.00374	0.00325	0.00861	0.00892	6.7e-05	0.00016
18	0.01468	0.00928	0.07606	0.12320	0.31848	0.02781	0.17269	0.04951	0.00819	0.15049	0.01257	0.01271	0.00426	0.00012	0.00357	0.00414	0.00511	0.00689	7.4e-05	0.00016

[dist]
# distance from previous block
# <min> <max>
5	6

[block]
# block no. 1 follows, 3042 sequences, length 18
# corresponding to MSA columns:
# 801-809,816-818,820-825
name=unknown_B
#
# <colnr> <probs for GDERKNQSTAVLIFYWHMCP>
#	G	D	E	R	K	N	Q	S	T	A	V	L	I	F	Y	W	H	M	C	P
0	0.02768	0.00370	0.00931	0.00412	0.00727	0.02400	0.00465	0.12480	0.21908	0.03396	0.16696	0.04746	0.16255	0.04567	0.01753	4.4e-05	0.07674	0.01185	0.00447	0.00818
1	0.00379	0.06136	0.15886	0.02126	0.03551	0.01241	0.01740	0.09321	0.00694	0.19515	0.03550	0.02716	0.01676	0.15847	0.06643	0.00629	0.00431	0.07585	0.00319	0.00014
2	0.92431	0.00022	0.00018	0.07256	0.00026	0.00026	0.00014	0.00033	0.00020	0.00050	0.00016	0.00019	0.00013	0.00011	7.4e-05	3.5e-05	9.3e-05	6.5e-05	6.9e-05	0.00012
3	0.00025	0.00024	0.00034	0.00029	0.00030	0.00033	0.00024	0.00027	0.00018	0.00028	0.00016	0.00025	0.00015	0.00020	0.01950	5e-05	0.90421	9.8e-05	5.1e-05	0.07261
4	0.00569	0.00671	0.06166	0.23513	0.29237	0.02971	0.08244	0.08354	0.01792	0.02913	0.02533	0.01827	0.02044	0.01006	0.02308	0.00304	0.03588	0.01327	0.00303	0.00330
5	0.00372	0.00028	0.15844	0.08569	0.10192	0.04466	0.07435	0.01770	0.00979	0.36422	0.02915	0.00432	0.00502	0.00609	0.00430	3.6e-05	0.00803	0.00953	0.07258	0.00016
6	0.86346	0.00022	0.00019	0.07257	0.00027	0.00025	0.00014	0.01446	0.00021	0.03596	0.00018	0.00021	0.00013	0.00012	0.01126	3.7e-05	9.6e-05	6.8e-05	7.2e-05	0.00013
7	0.07774	0.00020	0.09559	0.00666	0.02578	0.00017	0.00779	0.02890	0.02093	0.21459	0.27460	0.05459	0.03844	0.00875	0.00490	4e-05	0.00415	0.11647	0.01956	0.00014
8	0.01680	0.16944	0.24424	0.03286	0.17623	0.05753	0.05026	0.02900	0.01275	0.13797	0.01402	0.01207	0.00575	0.00427	0.00626	3.5e-05	0.00685	0.00501	7e-05	0.01859
9	0.00531	0.00023	0.00027	0.02629	0.02478	0.07232	0.00701	0.13800	0.15115	0.38746	0.15686	0.00463	0.01116	0.00016	0.00012	3.5e-05	0.00010	0.00460	0.00460	0.00494
10	0.00018	0.00012	0.00017	0.07257	0.00022	0.00012	0.00013	0.00023	0.01362	0.06134	0.45427	0.28537	0.06905	0.01504	0.00014	0.00586	7e-05	0.01545	0.00593	0.00011
11	0.00698	0.05322	0.09362	0.37290	0.17256	0.01243	0.04882	0.01114	0.00025	0.07725	0.00926	0.02926	0.02671	0.03726	0.00397	4e-05	0.01721	0.02234	6.5e-05	0.00472
12	0.01080	0.17163	0.13194	0.23502	0.16359	0.05110	0.02947	0.02288	0.04079	0.06689	0.01144	0.00644	0.00665	0.00380	0.00341	3.4e-05	0.00475	0.00572	0.00355	0.03010
13	0.00022	0.07259	0.00021	0.00537	0.00021	0.00016	0.00576	0.02966	0.11172	0.10736	0.24998	0.06076	0.31327	0.00023	0.00013	3.7e-05	7.4e-05	0.02587	0.01625	0.00013
14	0.00020	0.00014	0.00017	0.00016	0.00019	0.00013	0.00012	0.01092	0.12715	0.06351	0.48309	0.08485	0.16149	0.00024	0.00665	3.8e-05	6.6e-05	0.01859	0.04219	0.00012
15	0.00613	0.07119	0.29081	0.17071	0.11188	0.01876	0.03168	0.06686	0.04242	0.05350	0.01015	0.02313	0.03548	0.00333	0.01694	3.8e-05	0.01023	0.00796	0.01549	0.01332
16	0.13074	0.02554	0.07487	0.01681	0.02176	0.00668	0.00932	0.02610	0.05374	0.30512	0.02124	0.01548	0.01965	0.08697	0.06386	0.01397	0.05835	0.00575	0.04389	0.00015
17	0.01310	0.00016	0.00020	0.00016	0.00022	0.00015	0.00013	0.05532	0.00735	0.46891	0.02032	0.01086	0.00706	0.01865	0.00581	3.4e-05	8.2e-05	0.00779	0.38353	0.00015

[dist]
# distance from previous block
# <min> <max>
4	5

[block]
# block no. 2 follows, 3042 sequences, length 13
# corresponding to MSA columns:
# 832-844
name=unknown_C
#
# <colnr> <probs for GDERKNQSTAVLIFYWHMCP>
#	G	D	E	R	K	N	Q	S	T	A	V	L	I	F	Y	W	H	M	C	P
0	0.00015	0.00012	0.00013	0.00013	0.00016	0.00010	9.9e-05	0.00019	0.01009	0.01083	0.36580	0.09397	0.48466	0.01219	0.00014	3.9e-05	5.9e-05	0.01029	0.01074	0.00010
1	0.04319	0.07282	0.16762	0.08173	0.32656	0.01455	0.10388	0.02821	0.03139	0.01656	0.00613	0.00670	0.00018	0.00011	0.00011	3.4e-05	0.01900	9.7e-05	6.1e-05	0.08108
2	0.00510	0.00019	0.00846	0.00659	0.03078	0.05281	0.02910	0.02620	0.03374	0.15694	0.12932	0.00050	0.02420	0.02621	0.30944	0.02893	0.07101	0.04723	0.01310	0.00013
3	0.00015	0.00010	0.00014	0.00016	0.00017	9.8e-05	0.00011	0.00017	0.01166	0.01325	0.05207	0.81524	0.07488	0.01240	0.00015	4.6e-05	6.7e-05	0.01895	0.00011	9.6e-05
4	0.00030	0.00025	0.00027	0.00023	0.00030	0.00029	0.00018	0.15572	0.81140	0.00051	0.00045	0.00042	0.02884	0.00016	0.00012	3.8e-05	9.5e-05	0.00013	0.00012	0.00018
5	0.00017	0.00011	0.00015	0.00016	0.00017	0.00010	0.00011	0.00020	0.01018	0.07101	0.17785	0.59191	0.06212	0.04965	0.00887	4.7e-05	7.1e-05	0.01684	0.01017	0.00010
6	0.00016	0.00012	0.00016	0.00016	0.00018	0.00013	0.00012	0.00019	0.00018	0.00025	0.00032	0.00053	0.00032	0.29486	0.67418	0.02760	0.00024	0.00013	6.3e-05	9.1e-05
7	0.03432	0.00020	0.00025	0.00020	0.00028	0.00018	0.00016	0.04082	0.06943	0.75707	0.02518	0.00902	0.01024	0.00906	0.00012	3.6e-05	9.4e-05	0.00012	0.04304	0.00018
8	0.00016	0.00011	0.00012	0.00013	0.00013	0.00011	7.1e-05	0.00017	0.00017	0.00022	0.00037	0.05271	0.00043	0.94401	0.00056	0.00011	0.00011	0.00017	7.1e-05	7e-05
9	0.05235	0.00031	0.00033	0.00026	0.00035	0.00035	0.00021	0.94308	0.00052	0.00071	0.00027	0.00027	0.00019	0.00014	0.00011	3.4e-05	0.00012	0.00010	0.00011	0.00019
10	0.00032	0.00561	0.00967	0.05678	0.01422	0.00557	0.00657	0.27166	0.54092	0.01816	0.01213	0.00667	0.03291	0.00570	0.00012	0.00528	0.00010	0.00734	0.00011	0.00017
11	0.00024	0.07064	0.88190	0.00032	0.00048	0.02067	0.02350	0.00036	0.00024	0.00035	0.00020	0.00024	0.00015	0.00011	0.00011	3.5e-05	0.00017	8.4e-05	4.9e-05	0.00017
12	0.00043	0.00054	0.00032	0.00029	0.00035	0.99554	0.00022	0.00046	0.00032	0.00028	0.00018	0.00021	0.00015	0.00012	0.00010	2.9e-05	0.00021	7.3e-05	5.9e-05	0.00013

[dist]
# distance from previous block
# <min> <max>
0	1

[block]
# block no. 3 follows, 3042 sequences, length 20
# corresponding to MSA columns:
# 846-850,852-866
name=unknown_D
#
# <colnr> <probs for GDERKNQSTAVLIFYWHMCP>
#	G	D	E	R	K	N	Q	S	T	A	V	L	I	F	Y	W	H	M	C	P
0	0.00020	0.00010	0.00015	0.01283	0.01064	0.00010	0.00010	0.00015	0.00015	0.00020	0.00021	0.01188	0.00021	0.01911	0.00044	0.94322	0.0001	0.00010	5.1e-05	5.3e-05
1	0.03370	0.00519	0.00664	0.14043	0.38885	0.13807	0.03861	0.09887	0.02354	0.04773	0.00335	0.02547	0.00401	0.00626	0.00360	3.6e-05	0.03125	0.00011	0.00412	0.00016
2	0.00022	0.00020	0.00034	0.99572	0.00078	0.00025	0.00032	0.00029	0.00023	0.00029	0.00020	0.00030	0.00015	0.00011	0.00011	3.8e-05	0.00015	0.00010	5.1e-05	0.00013
3	0.01005	0.01843	0.01459	0.00019	0.00029	0.00752	0.00015	0.13636	0.03427	0.01006	0.00022	0.00025	0.00018	9.6e-05	9e-05	2.1e-05	9.3e-05	7.5e-05	7.6e-05	0.76700
4	0.00935	0.03320	0.13654	0.02736	0.20015	0.01390	0.13769	0.03870	0.04053	0.13995	0.05073	0.01616	0.01990	0.00390	0.00384	0.00287	0.00747	0.00432	7.8e-05	0.11336
5	0.02105	0.19130	0.23853	0.01655	0.06873	0.02021	0.10841	0.08710	0.06166	0.07022	0.01213	0.03759	0.00982	0.01329	0.01312	0.00333	0.00579	0.00649	7.2e-05	0.01461
6	0.00023	0.02604	0.96997	0.00032	0.00049	0.00027	0.00042	0.00036	0.00024	0.00036	0.00020	0.00024	0.00014	0.00011	0.00011	3.6e-05	0.00017	8.4e-05	4.8e-05	0.00017
7	0.00016	0.00012	0.00015	0.00015	0.01143	0.00011	0.00011	0.00021	0.01145	0.00043	0.81236	0.02335	0.13906	0.00024	0.00013	3.6e-05	5.6e-05	0.00021	0.00012	0.00011
8	0.06500	0.16360	0.06080	0.09131	0.06682	0.12360	0.01970	0.24578	0.03782	0.06952	0.00497	0.00904	0.00442	0.00348	0.00011	3.4e-05	0.02898	0.00478	7.9e-05	0.00016
9	0.07300	0.05066	0.02150	0.00018	0.00826	0.01329	0.00435	0.03076	0.03672	0.23927	0.02504	0.05972	0.00760	0.28956	0.11532	0.00507	0.01448	0.00498	9.1e-05	0.00013
10	0.00014	0.00010	0.00014	0.00016	0.00017	9.6e-05	0.01699	0.00016	0.00022	0.00029	0.00069	0.84610	0.13363	0.00034	0.00014	4.5e-05	6.7e-05	0.00031	0.00010	9.4e-05
11	0.00018	0.00013	0.00018	0.00020	0.00612	0.00013	0.00577	0.00023	0.01574	0.00033	0.00896	0.04271	0.02035	0.10403	0.00020	0.00588	0.00010	0.78194	0.00672	0.00010
12	0.17216	0.04292	0.13167	0.07989	0.20161	0.10468	0.03949	0.07536	0.03429	0.04364	0.00532	0.00925	0.00333	0.00844	0.01274	0.00320	0.02476	0.00702	6.9e-05	0.00015
13	0.00015	0.00011	0.00973	0.00016	0.00535	0.0001	0.00011	0.00017	0.00604	0.00708	0.00723	0.83502	0.02795	0.06983	0.01042	5.2e-05	7.4e-05	0.02024	0.00010	9.4e-05
14	0.00019	0.00015	0.00016	0.00016	0.00018	0.04224	0.00011	0.02158	0.00840	0.01058	0.02326	0.32703	0.05912	0.31534	0.00462	6.1e-05	9.2e-05	0.03107	0.00636	0.14930
15	0.01303	0.01649	0.11436	0.18099	0.12020	0.01722	0.03269	0.03262	0.01478	0.05251	0.16595	0.07678	0.07809	0.01704	0.00624	0.00592	0.01270	0.02379	0.00888	0.00974
16	0.01968	0.13179	0.16825	0.13779	0.11699	0.04145	0.05599	0.06711	0.07186	0.02871	0.01328	0.03728	0.01707	0.02238	0.02779	0.01704	0.01648	0.00885	6.8e-05	0.00015
17	0.00942	0.00016	0.01220	0.00869	0.00637	0.01072	0.00338	0.06838	0.06438	0.10436	0.12917	0.06233	0.01641	0.24738	0.21203	0.00306	0.01937	0.01858	0.00348	0.00012
18	0.00015	0.00011	0.00505	0.00015	0.00017	0.00500	0.00011	0.00018	0.00550	0.00930	0.04731	0.58262	0.18547	0.09230	0.03238	5.5e-05	7.8e-05	0.02922	0.00476	9.4e-05
19	0.03542	0.15006	0.08529	0.19521	0.13190	0.05952	0.04470	0.05306	0.05423	0.03751	0.03014	0.02718	0.02286	0.00014	0.00401	0.00279	0.04926	0.00811	0.00409	0.00453

[dist]
# distance from previous block
# <min> <max>
3	6

[block]
# block no. 4 follows, 3042 sequences, length 16
# corresponding to MSA columns:
# 884-897,903,904
name=unknown_E
#
# <colnr> <probs for GDERKNQSTAVLIFYWHMCP>
#	G	D	E	R	K	N	Q	S	T	A	V	L	I	F	Y	W	H	M	C	P
0	0.00017	0.00012	0.00015	0.00017	0.00618	0.00011	0.00012	0.01381	0.00618	0.04976	0.01517	0.57646	0.06444	0.06487	0.02665	0.02731	8.4e-05	0.13673	0.01143	0.0001
1	0.01572	0.04364	0.04993	0.06007	0.05278	0.09512	0.04079	0.05145	0.00637	0.03932	0.05061	0.04257	0.10773	0.01477	0.00565	0.00520	0.20805	0.09127	0.01884	0.00013
2	0.02336	0.08765	0.28050	0.08170	0.26324	0.01471	0.05128	0.03693	0.02009	0.10812	0.00423	0.00552	0.00431	0.00012	0.00446	3.5e-05	0.00529	0.00396	6.7e-05	0.00442
3	0.00582	0.03755	0.14507	0.05218	0.09081	0.38217	0.05945	0.01762	0.00977	0.01838	0.00024	0.04137	0.01071	0.01997	0.01428	0.03279	0.04676	0.01486	6.2e-05	0.00014
4	0.29987	0.10497	0.01788	0.01852	0.02433	0.46613	0.01903	0.01355	0.00027	0.00611	0.00018	0.00022	0.00015	0.00012	0.00575	3.3e-05	0.01080	0.01188	6.2e-05	0.00013
5	0.00674	0.00012	0.00015	0.00014	0.00017	0.01193	0.00011	0.00021	0.01125	0.01444	0.56481	0.01775	0.32158	0.00785	0.00014	3.8e-05	6e-05	0.03380	0.00862	0.00011
6	0.00499	0.00022	0.00593	0.58868	0.20186	0.00691	0.06382	0.02448	0.00513	0.01982	0.02053	0.00664	0.00867	0.00441	0.00012	3.7e-05	0.00652	0.00011	0.03097	0.00014
7	0.00625	0.00011	0.00014	0.00015	0.00017	0.00010	0.00616	0.00019	0.00609	0.00881	0.27308	0.35442	0.21520	0.07763	0.00598	4.7e-05	6.8e-05	0.03680	0.00850	9.8e-05
8	0.00404	0.00612	0.03687	0.43326	0.14172	0.10260	0.04908	0.02970	0.02263	0.00747	0.02480	0.03339	0.00889	0.01035	0.00590	0.00804	0.05780	0.00965	0.00757	0.00014
9	0.00450	0.00013	0.00017	0.00458	0.00019	0.00013	0.00012	0.01682	0.04906	0.06370	0.24774	0.01375	0.15241	0.20434	0.00764	0.11911	0.03204	0.06647	0.00603	0.01108
10	0.00019	0.00014	0.00016	0.00514	0.00445	0.00452	0.00011	0.06274	0.01872	0.05394	0.08114	0.09471	0.54745	0.03836	0.00445	0.00425	0.00448	0.06538	0.00505	0.00462
11	0.95214	0.00022	0.00018	0.00016	0.02146	0.00026	0.00013	0.00034	0.02355	0.00051	0.00017	0.00019	0.00013	0.00011	7.2e-05	3.5e-05	8.9e-05	6.4e-05	7.1e-05	0.00013
12	0.02838	0.43639	0.07999	0.15018	0.00974	0.07064	0.02133	0.04605	0.00638	0.01744	0.01368	0.03393	0.00535	0.02631	0.03006	0.00592	0.01278	9.2e-05	0.00521	0.00014
13	0.00404	0.00019	0.02830	0.26850	0.10227	0.00525	0.01550	0.00527	0.07368	0.02526	0.03267	0.19102	0.15014	0.00737	0.01289	0.00589	0.00686	0.02617	0.00576	0.03297
14	0.02780	0.15005	0.19368	0.01653	0.03015	0.04485	0.02297	0.25939	0.07831	0.04360	0.00940	0.00864	0.00798	0.00013	0.00411	0.00373	0.01964	0.00367	0.00356	0.07182
15	0.12140	0.04066	0.06931	0.31238	0.12089	0.05808	0.03257	0.03645	0.00779	0.09065	0.01654	0.01537	0.00594	0.00682	0.00556	3.7e-05	0.00876	0.01282	0.00576	0.03222

[dist]
# distance from previous block
# <min> <max>
3	5

[block]
# block no. 5 follows, 3042 sequences, length 10
# corresponding to MSA columns:
# 937-946
name=unknown_F
#
# <colnr> <probs for GDERKNQSTAVLIFYWHMCP>
#	G	D	E	R	K	N	Q	S	T	A	V	L	I	F	Y	W	H	M	C	P
0	0.03326	0.16311	0.11052	0.07967	0.15134	0.03584	0.02740	0.13154	0.02190	0.06705	0.02814	0.01905	0.01520	0.00976	0.01752	3.7e-05	0.04728	0.01036	7.3e-05	0.03094
1	0.00020	0.00015	0.00017	0.00017	0.00020	0.00909	0.00944	0.01165	0.18820	0.04746	0.22283	0.28715	0.13357	0.01077	0.00013	4e-05	7.2e-05	0.01535	0.05038	0.01297
2	0.00768	0.00537	0.01397	0.21202	0.06976	0.00869	0.28741	0.00813	0.00796	0.01429	0.05977	0.12026	0.08772	0.01842	0.03738	0.00720	0.00834	0.01076	0.00920	0.00567
3	0.01683	0.13220	0.19462	0.08577	0.21158	0.04183	0.08144	0.03201	0.03403	0.08482	0.00725	0.01567	0.01103	0.00637	0.00689	3.6e-05	0.01643	0.00777	0.00577	0.00763
4	0.02476	0.01460	0.16891	0.07369	0.09941	0.00761	0.04342	0.02679	0.02658	0.21859	0.05762	0.12594	0.03571	0.01573	0.00737	0.00557	0.01101	0.01992	0.00708	0.00971
5	0.00016	0.00012	0.00014	0.00015	0.00017	0.00011	0.00011	0.01079	0.01154	0.01575	0.09421	0.39898	0.29404	0.03223	0.00967	0.01007	7.2e-05	0.10032	0.02129	9.9e-05
6	0.01065	0.11075	0.19168	0.10768	0.07963	0.07472	0.09578	0.02247	0.03203	0.07712	0.01932	0.06443	0.02680	0.01753	0.01531	3.9e-05	0.03088	0.01324	0.00978	0.00015
7	0.01838	0.08114	0.20973	0.13047	0.15091	0.05897	0.05405	0.03599	0.03090	0.05889	0.01809	0.02111	0.02053	0.02053	0.02237	0.01312	0.03769	0.01085	6.7e-05	0.00622
8	0.02893	0.00747	0.00024	0.00768	0.00027	0.00018	0.00835	0.07615	0.06110	0.57174	0.06160	0.07531	0.02904	0.01275	0.00922	3.8e-05	9.4e-05	0.00917	0.04051	0.00017
9	0.00022	0.00888	0.41327	0.02557	0.03975	0.00816	0.04627	0.01000	0.01553	0.02121	0.05650	0.03098	0.14095	0.00661	0.01089	0.00909	0.00824	0.12145	0.02629	0.00014

[dist]
# distance from previous block
# <min> <max>
4	8

[block]
# block no. 6 follows, 3042 sequences, length 27
# corresponding to MSA columns:
# 959-963,1081-1102
name=unknown_G
#
# <colnr> <probs for GDERKNQSTAVLIFYWHMCP>
#	G	D	E	R	K	N	Q	S	T	A	V	L	I	F	Y	W	H	M	C	P
0	0.04288	0.00336	0.00937	0.00984	0.00797	0.76203	0.00348	0.00445	0.00273	0.00949	0.00021	0.01474	0.00018	0.03747	0.01941	3.6e-05	0.01455	8.4e-05	0.05331	0.00443
1	0.01353	0.14053	0.02486	0.04608	0.07791	0.06029	0.03503	0.08083	0.45764	0.01655	0.00521	0.00247	0.00279	0.00277	0.00231	3.5e-05	0.00721	0.00230	0.00283	0.01883
2	0.47236	0.02642	0.02760	0.12540	0.08105	0.03359	0.01885	0.04710	0.03611	0.07677	0.03124	0.00534	0.01014	0.00012	9.5e-05	3.5e-05	0.00479	0.00278	7.6e-05	0.00014
3	0.00506	0.00012	0.00015	0.00320	0.00282	0.00012	0.00254	0.00333	0.03439	0.00463	0.02870	0.47906	0.12001	0.03808	0.00595	0.00265	0.00591	0.25240	0.00799	0.00288
4	0.00245	0.02157	0.01137	0.01884	0.04389	0.07837	0.05332	0.01385	0.39887	0.00708	0.12843	0.01516	0.11536	0.00386	0.00725	3.9e-05	0.06062	0.00613	0.01340	0.00015
5	0.00015	0.00011	0.00015	0.00016	0.00017	0.00010	0.01671	0.00018	0.00023	0.01836	0.12203	0.69168	0.02239	0.08737	0.00018	5e-05	0.00440	0.03026	0.00522	9.6e-05
6	0.00726	0.00031	0.00027	0.03189	0.00031	0.35314	0.05473	0.04063	0.17298	0.03062	0.16672	0.00459	0.07158	0.00450	0.02280	0.00246	0.00357	0.00348	0.02801	0.00014
7	0.00516	0.00011	0.00013	0.00014	0.00016	0.00010	9.7e-05	0.00018	0.00024	0.00539	0.14510	0.26026	0.31944	0.20378	0.01131	5.7e-05	7.5e-05	0.04807	0.00010	9.2e-05
8	0.00992	0.00018	0.00023	0.00018	0.00026	0.00016	0.00015	0.00050	0.00031	0.79418	0.00801	0.00733	0.00029	0.00971	0.00011	3.5e-05	8.9e-05	0.00012	0.16806	0.00018
9	0.00020	0.00012	0.00016	0.00016	0.00018	0.00011	0.00011	0.00024	0.02651	0.14647	0.15204	0.38408	0.13600	0.12756	0.00019	5e-05	7.5e-05	0.02078	0.00485	0.00011
10	0.01035	0.08954	0.00035	0.00028	0.00034	0.73600	0.00021	0.14354	0.00034	0.00807	0.00020	0.00022	0.00982	0.00012	0.00010	3e-05	0.00018	7.8e-05	6.7e-05	0.00014
11	0.00016	0.00012	0.00018	0.00018	0.00020	0.00014	0.00014	0.00020	0.00018	0.00026	0.00030	0.00045	0.00028	0.01356	0.96975	0.00018	0.01338	0.00012	6.1e-05	0.00010
12	0.86672	0.00023	0.00019	0.00016	0.00024	0.00027	0.00013	0.11610	0.00024	0.01463	0.00018	0.00020	0.00013	0.00011	7.6e-05	3.5e-05	9.3e-05	6.7e-05	7.7e-05	0.00013
13	0.65573	0.00024	0.00022	0.00018	0.00026	0.00027	0.00015	0.22347	0.01196	0.09326	0.00022	0.00023	0.00016	0.01312	9.2e-05	3.6e-05	9.8e-05	7.8e-05	8.7e-05	0.00015
14	0.00023	0.00022	0.00037	0.74636	0.05676	0.00026	0.09655	0.01198	0.01106	0.00031	0.00393	0.00367	0.00390	0.00013	0.00821	4e-05	0.03214	0.01771	0.00604	0.00013
15	0.00469	0.22065	0.08312	0.02470	0.01954	0.01929	0.08084	0.02635	0.02262	0.17503	0.00380	0.01669	0.00516	0.00372	0.00580	0.26845	0.01089	0.00339	0.00296	0.00231
16	0.00687	0.26583	0.69818	0.00029	0.00043	0.00031	0.00035	0.00694	0.00024	0.01252	0.00696	0.00023	0.00015	0.00011	9.9e-05	3.3e-05	0.00015	7.9e-05	5.1e-05	0.00016
17	0.00014	0.00012	0.00013	0.00013	0.00016	0.0001	0.00574	0.00017	0.00695	0.00031	0.03005	0.18485	0.72364	0.00030	0.00568	4.1e-05	6.3e-05	0.04122	0.00011	9.7e-05
18	0.00767	0.00017	0.01544	0.00991	0.02484	0.00875	0.00499	0.01703	0.14240	0.17474	0.26957	0.18732	0.09939	0.00284	0.00261	3.9e-05	0.00296	0.02097	0.00824	0.00013
19	0.00458	0.15788	0.09745	0.22877	0.02621	0.08133	0.20206	0.04241	0.03442	0.03049	0.00243	0.01176	0.00812	0.00364	0.00678	0.00323	0.04680	0.00693	0.00458	0.00015
20	0.03832	0.00020	0.00026	0.00020	0.00029	0.00738	0.00017	0.04267	0.03664	0.83432	0.01682	0.00040	0.00029	0.00014	0.00011	3.6e-05	9.7e-05	0.01490	0.00657	0.00019
21	0.00466	0.00016	0.00020	0.00017	0.00022	0.00015	0.00014	0.01421	0.10593	0.30359	0.26807	0.03599	0.09095	0.03932	0.00466	4.1e-05	8e-05	0.07517	0.05615	0.00014
22	0.00514	0.00027	0.01226	0.30234	0.30495	0.06801	0.16674	0.02315	0.02575	0.04480	0.01051	0.00833	0.01086	0.00012	0.00299	3.7e-05	0.00760	0.00272	0.00327	0.00015
23	0.01512	0.03243	0.07853	0.18349	0.17572	0.04943	0.12002	0.06843	0.02393	0.14461	0.00852	0.03617	0.00345	0.00310	0.00322	0.00367	0.03094	0.01322	0.00584	0.00016
24	0.00016	0.00012	0.00014	0.00015	0.00018	0.00011	0.00405	0.00385	0.00650	0.04642	0.04872	0.35575	0.39697	0.01965	0.01864	0.01047	0.00346	0.07693	0.00762	0.00010
25	0.02249	0.00271	0.00255	0.00697	0.00720	0.00822	0.01050	0.02623	0.00900	0.58493	0.06349	0.06758	0.07026	0.01878	0.01911	4.1e-05	0.00284	0.03831	0.03437	0.00441
26	0.01662	0.04187	0.16807	0.14779	0.11638	0.02016	0.14870	0.03764	0.04001	0.13183	0.02210	0.03950	0.01295	0.00390	0.00944	3.8e-05	0.02555	0.00861	0.00523	0.00362

[dist]
# distance from previous block
# <min> <max>
4	48

[block]
# block no. 7 follows, 3042 sequences, length 6
# corresponding to MSA columns:
# 1191-1195,1200
name=unknown_H
#
# <colnr> <probs for GDERKNQSTAVLIFYWHMCP>
#	G	D	E	R	K	N	Q	S	T	A	V	L	I	F	Y	W	H	M	C	P
0	0.01145	0.06960	0.02588	0.07518	0.06208	0.02911	0.01531	0.05926	0.14291	0.08672	0.04742	0.18835	0.03296	0.01553	0.01670	4.2e-05	0.02106	0.07795	0.01328	0.00920
1	0.00018	0.00014	0.03024	0.00015	0.00018	0.03340	0.00011	0.00020	0.00023	0.04159	0.09081	0.28045	0.19462	0.25574	0.01615	0.01534	8.9e-05	0.02481	0.01547	9.6e-05
2	0.11159	0.05050	0.09900	0.02732	0.02051	0.05475	0.07686	0.17145	0.03753	0.18265	0.02333	0.02966	0.00913	0.00917	0.03943	4.2e-05	0.01523	0.01166	0.01626	0.01393
3	0.05125	0.07668	0.05717	0.10678	0.09316	0.07466	0.13685	0.12790	0.02704	0.09841	0.01074	0.03964	0.00023	0.03343	0.00013	3.7e-05	0.01956	0.01079	0.01023	0.02530
4	0.02732	0.05002	0.02200	0.04799	0.01913	0.03559	0.03865	0.04968	0.01277	0.09241	0.01356	0.01523	0.00025	0.05045	0.27525	0.01072	0.20052	0.01072	0.02761	0.00013
5	0.00017	0.00014	0.03025	0.01335	0.00020	0.00012	0.00013	0.02500	0.04982	0.02550	0.04280	0.65385	0.04233	0.02060	0.00015	0.01302	7.6e-05	0.05423	0.01339	0.01486

[dist]
# distance from previous block
# <min> <max>
3	13

[block]
# block no. 8 follows, 3042 sequences, length 30
# corresponding to MSA columns:
# 1217-1219,1225-1233,1249-1255,1262-1272
name=unknown_I
#
# <colnr> <probs for GDERKNQSTAVLIFYWHMCP>
#	G	D	E	R	K	N	Q	S	T	A	V	L	I	F	Y	W	H	M	C	P
0	0.01733	0.01002	0.00942	0.06707	0.00603	0.00970	0.02074	0.03488	0.00720	0.05141	0.00559	0.00733	0.00539	9.9e-05	9.3e-05	2.2e-05	0.00238	0.00784	0.00566	0.73182
1	0.00029	0.67876	0.09729	0.00331	0.00303	0.02240	0.00642	0.00785	0.00364	0.02310	0.00259	0.01864	0.00017	0.00011	0.00484	2.7e-05	0.00433	0.00843	0.00277	0.11201
2	0.00021	0.00017	0.00020	0.00016	0.00023	0.00013	0.00012	0.00026	0.00027	0.01273	0.34752	0.02598	0.02978	0.00015	0.00011	2.5e-05	7.2e-05	0.00013	0.01714	0.56463
3	0.01025	0.91330	0.06479	0.00020	0.00031	0.00044	0.00021	0.00891	0.00023	0.00028	0.00016	0.00019	0.00015	9.9e-05	7.6e-05	2.5e-05	0.00012	6.3e-05	4.9e-05	0.00015
4	0.00014	0.00010	0.00013	0.00016	0.00017	9.4e-05	0.00011	0.00016	0.00022	0.00029	0.01008	0.93197	0.01626	0.01246	0.00598	4.8e-05	6.9e-05	0.02136	0.00011	9.3e-05
5	0.00015	0.00011	0.00014	0.00015	0.00016	0.00010	0.00010	0.00447	0.00024	0.00032	0.16281	0.43323	0.14891	0.13790	0.00549	5.3e-05	7.3e-05	0.07946	0.02603	9.4e-05
6	0.00014	0.00011	0.00012	0.00012	0.00016	9.7e-05	8.9e-05	0.00017	0.00026	0.00031	0.06004	0.05571	0.85999	0.00029	0.00014	0.02176	5.9e-05	0.00024	0.00011	9.6e-05
7	0.00021	0.00020	0.00034	0.97848	0.00078	0.00025	0.00031	0.00029	0.00023	0.00029	0.00021	0.00032	0.00016	0.00012	0.00011	3.8e-05	0.00015	0.01733	5.2e-05	0.00013
8	0.00029	0.00024	0.00026	0.00022	0.00029	0.00027	0.00018	0.05616	0.80488	0.00750	0.00042	0.00039	0.00032	0.00015	0.00011	3.6e-05	9.1e-05	0.00012	0.01094	0.11714
9	0.34922	0.00028	0.00028	0.00022	0.00030	0.00031	0.00018	0.59813	0.00040	0.03892	0.00024	0.00025	0.00017	0.00013	9.8e-05	3.5e-05	0.00011	8.9e-05	0.01047	0.00017
10	0.91340	0.01027	0.00533	0.00444	0.00477	0.02834	0.00013	0.00792	0.00020	0.02414	0.00017	0.00019	0.00013	0.00011	7.3e-05	3.5e-05	9.3e-05	6.4e-05	7.2e-05	0.00013
11	0.00024	0.07991	0.87810	0.00031	0.00638	0.00637	0.00039	0.00036	0.00770	0.00036	0.01876	0.00025	0.00016	0.00011	0.00011	3.5e-05	0.00016	8.5e-05	5e-05	0.00017
12	0.00225	0.00024	0.06973	0.02849	0.09983	0.00621	0.29547	0.00766	0.02150	0.01823	0.02265	0.10937	0.04695	0.02961	0.06261	0.00361	0.06437	0.08957	0.02153	0.00013
13	0.00022	0.00020	0.00034	0.99572	0.00078	0.00025	0.00032	0.00029	0.00023	0.00029	0.00020	0.00030	0.00015	0.00011	0.00011	3.8e-05	0.00015	0.00010	5.1e-05	0.00013
14	0.00016	0.00013	0.00014	0.00015	0.00018	0.00012	0.00011	0.01024	0.10188	0.00647	0.05857	0.36936	0.43784	0.00509	0.00014	4.2e-05	6.6e-05	0.00910	0.00011	0.00011
15	0.00043	0.00032	0.00034	0.00026	0.00035	0.00035	0.00022	0.99490	0.00054	0.00072	0.00027	0.00027	0.00019	0.00014	0.00011	3.4e-05	0.00013	0.00010	0.00011	0.00019
16	0.01438	0.01617	0.00033	0.00029	0.00035	0.96598	0.00022	0.00045	0.00032	0.00028	0.00018	0.00020	0.00015	0.00012	0.00010	2.9e-05	0.00020	7.3e-05	5.9e-05	0.00013
17	0.00017	0.00011	0.00013	0.00013	0.00013	0.00011	7.5e-05	0.00017	0.00017	0.00022	0.00035	0.00072	0.00040	0.90541	0.07837	0.01291	0.00013	0.00016	6.8e-05	7.1e-05
18	0.00015	0.00011	0.00014	0.00017	0.00018	0.00010	0.00371	0.00427	0.00023	0.00030	0.00873	0.83011	0.00494	0.00571	0.00015	0.00480	0.00458	0.12612	0.00542	9.5e-05
19	0.00015	0.00011	0.00014	0.00016	0.00018	0.00010	0.00011	0.00458	0.01632	0.00453	0.00603	0.79747	0.05194	0.00032	0.00014	4.3e-05	6.9e-05	0.03473	0.00396	0.07890
20	0.00019	0.00010	0.00015	0.00015	0.00015	0.00010	0.00010	0.00015	0.00015	0.00020	0.00610	0.02176	0.00022	0.01655	0.02902	0.91887	0.00010	0.00580	5.2e-05	5.3e-05
21	0.00555	0.01548	0.03898	0.00730	0.00058	0.00745	0.88959	0.01039	0.00027	0.00036	0.00023	0.00030	0.00017	0.0001	0.00014	3.8e-05	0.02273	0.00013	5.8e-05	0.00015
22	0.01699	0.00019	0.00022	0.00019	0.00024	0.02496	0.00015	0.23513	0.02458	0.17966	0.03508	0.21657	0.15362	0.00668	0.00013	3.9e-05	0.00881	0.04869	0.04793	0.00014
23	0.00049	0.00021	0.00027	0.01424	0.00030	0.00512	0.00017	0.07806	0.00988	0.87658	0.00620	0.00038	0.00028	0.00014	0.00012	3.5e-05	0.00708	0.00011	0.00014	0.00019
24	0.00016	0.00012	0.00018	0.00018	0.00020	0.00014	0.00014	0.00020	0.00018	0.00026	0.00031	0.00045	0.00028	0.00085	0.99554	0.00018	0.00031	0.00012	6.1e-05	0.00010
25	0.01179	0.00024	0.00029	0.00023	0.00031	0.00025	0.00019	0.35090	0.11996	0.51402	0.00039	0.00035	0.00026	0.00014	0.00011	3.5e-05	0.00011	0.00011	0.00013	0.00019
26	0.00023	0.00059	0.99540	0.00032	0.00049	0.00026	0.00042	0.00036	0.00024	0.00036	0.00020	0.00024	0.00014	0.00011	0.00011	3.6e-05	0.00017	8.4e-05	4.8e-05	0.00017
27	0.00015	0.00011	0.00014	0.00015	0.00016	0.00010	0.00010	0.00017	0.00021	0.00028	0.00057	0.47890	0.08188	0.27441	0.06536	0.00580	9.7e-05	0.09123	9.2e-05	8.8e-05
28	0.00339	0.01940	0.01796	0.00017	0.00020	0.00014	0.00435	0.01004	0.00021	0.01544	0.15919	0.01503	0.04381	0.07351	0.49360	0.10237	0.02583	0.00852	0.00673	0.0001
29	0.00337	0.00011	0.00013	0.00013	0.00013	0.00011	7.6e-05	0.00368	0.00464	0.00356	0.04408	0.00608	0.03816	0.84888	0.03823	0.00011	0.00011	0.00417	0.00416	7.5e-05

[dist]
# distance from previous block
# <min> <max>
0	1

[block]
# block no. 9 follows, 3042 sequences, length 30
# corresponding to MSA columns:
# 1274,1275,1289-1306,1324-1333
name=unknown_J
#
# <colnr> <probs for GDERKNQSTAVLIFYWHMCP>
#	G	D	E	R	K	N	Q	S	T	A	V	L	I	F	Y	W	H	M	C	P
0	0.00028	0.01042	0.01601	0.00248	0.00030	0.01135	0.04831	0.11942	0.58944	0.01944	0.05669	0.04992	0.02462	0.00294	0.00660	3.9e-05	9.9e-05	0.00954	0.02732	0.00479
1	0.00369	0.50646	0.16039	0.00408	0.04621	0.05177	0.03663	0.01563	0.00621	0.00366	0.00019	0.00323	0.00016	0.00010	8.9e-05	2.7e-05	0.00374	7.3e-05	5.5e-05	0.15762
2	0.00310	0.01540	0.04833	0.06601	0.11754	0.00388	0.01144	0.00450	0.29818	0.02815	0.26084	0.04331	0.07546	0.00018	0.00012	3.7e-05	9.2e-05	0.00457	0.01872	0.00014
3	0.00017	0.00013	0.00017	0.00266	0.01249	0.01931	0.00348	0.00320	0.00410	0.01803	0.00050	0.60907	0.00058	0.07273	0.13396	0.00329	0.05045	0.02531	0.01100	0.02938
4	0.00020	0.0001	0.00015	0.00015	0.00015	0.00010	9.9e-05	0.00015	0.00015	0.00020	0.00021	0.00037	0.00021	0.04567	0.00888	0.93356	0.00010	0.00944	5.1e-05	5.1e-05
5	0.00024	0.00020	0.00024	0.00017	0.00027	0.00015	0.00014	0.00029	0.00024	0.00037	0.00020	0.00024	0.00017	8.4e-05	8.4e-05	1.7e-05	8.4e-05	6.8e-05	6.8e-05	0.99669
6	0.00530	0.85409	0.10350	0.00021	0.00379	0.00773	0.00385	0.00510	0.00372	0.00818	0.00358	0.00019	0.00015	0.0001	7.8e-05	2.6e-05	0.00013	6.5e-05	5e-05	0.00015
7	0.00017	0.00011	0.00013	0.00013	0.00013	0.00011	7.5e-05	0.00017	0.00557	0.00372	0.01858	0.00528	0.00466	0.89041	0.04220	0.01142	0.00012	0.00505	0.01190	7.3e-05
8	0.07230	0.34435	0.00647	0.05839	0.07219	0.10149	0.00457	0.09427	0.21085	0.00788	0.00235	0.00334	0.00020	0.00627	0.00310	3.3e-05	0.00541	0.00216	0.00421	0.00016
9	0.03551	0.02275	0.31780	0.21833	0.13621	0.00345	0.02291	0.02430	0.01486	0.07348	0.02287	0.00500	0.00585	0.00012	0.00318	0.00242	0.01735	0.00342	0.01072	0.05946
10	0.01800	0.20008	0.24334	0.09306	0.08057	0.04815	0.05634	0.03385	0.02990	0.11103	0.01572	0.00703	0.00606	0.00535	0.01619	0.00674	0.01571	0.00318	0.00186	0.00784
11	0.00767	0.27594	0.27626	0.00493	0.00540	0.01351	0.03398	0.03983	0.02856	0.12076	0.04494	0.01305	0.01515	0.00013	0.00213	0.00191	0.09713	0.00398	0.01263	0.00212
12	0.00015	0.00010	0.00013	0.00015	0.00016	0.00010	9.8e-05	0.00017	0.00521	0.00028	0.01141	0.62771	0.02423	0.28459	0.01629	6.7e-05	8.4e-05	0.02890	9.5e-05	8.7e-05
13	0.01077	0.11833	0.11200	0.05332	0.05782	0.02028	0.06005	0.01420	0.01162	0.05882	0.04801	0.09770	0.03508	0.07905	0.05460	0.10661	0.04644	0.00758	0.00759	0.00012
14	0.03714	0.09098	0.18910	0.12141	0.18426	0.03578	0.07363	0.03404	0.01936	0.12992	0.01260	0.02631	0.00789	0.00247	0.00694	3.6e-05	0.01933	0.00529	0.00336	0.00016
15	0.00311	0.00502	0.00025	0.00020	0.00027	0.00460	0.00318	0.02845	0.00553	0.80135	0.01395	0.01726	0.06094	0.00654	0.00012	3.6e-05	0.00577	0.00995	0.03329	0.00018
16	0.00015	0.00011	0.00576	0.00013	0.00016	0.00010	9.8e-05	0.00018	0.00520	0.00033	0.12579	0.27668	0.47441	0.03045	0.00730	4.3e-05	6.4e-05	0.01498	0.05795	9.7e-05
17	0.01568	0.07509	0.18738	0.03437	0.05618	0.06455	0.02869	0.03555	0.04371	0.20994	0.03727	0.09081	0.03415	0.00761	0.03393	0.00558	0.02280	0.00861	0.00793	0.00015
18	0.00350	0.20421	0.19060	0.01386	0.03352	0.03961	0.02167	0.10868	0.03633	0.17310	0.03476	0.00850	0.03362	0.01763	0.01560	0.04144	0.01297	0.00244	0.00780	0.00016
19	0.00016	0.00012	0.00016	0.00016	0.00017	0.00013	0.00011	0.00019	0.00018	0.00025	0.01090	0.00945	0.00035	0.37372	0.60327	0.00015	0.00023	0.00014	6.5e-05	8.9e-05
20	0.03669	0.00484	0.02006	0.03902	0.04030	0.07579	0.35067	0.07525	0.04454	0.22362	0.03124	0.00838	0.01573	0.00445	0.01078	0.00207	0.00539	0.00532	0.00570	0.00016
21	0.09622	0.01414	0.02691	0.14225	0.13846	0.11183	0.14689	0.13487	0.04596	0.04287	0.00670	0.00899	0.00265	0.00013	0.00013	3.6e-05	0.06608	0.00562	0.00913	0.00015
22	0.00022	0.00020	0.00034	0.94321	0.01543	0.00025	0.00611	0.00029	0.00505	0.00470	0.00503	0.00697	0.01150	0.00012	0.00011	3.8e-05	0.00015	0.00011	5.3e-05	0.00013
23	0.01254	0.25346	0.33035	0.01316	0.05853	0.06401	0.13486	0.01893	0.03274	0.00702	0.02804	0.00260	0.00769	0.00011	0.00011	3.3e-05	0.03228	9.3e-05	0.00328	0.00016
24	0.03503	0.00020	0.00034	0.96094	0.00077	0.00025	0.00031	0.00029	0.00023	0.00030	0.00020	0.00030	0.00015	0.00011	0.00011	3.8e-05	0.00015	0.0001	5.1e-05	0.00013
25	0.00024	0.00021	0.00034	0.86529	0.03360	0.01241	0.00030	0.00557	0.02046	0.05343	0.00022	0.00031	0.00016	0.00012	0.00012	3.8e-05	0.00689	0.00010	5.7e-05	0.00013
26	0.00018	0.00012	0.00014	0.00014	0.00485	0.00012	8.4e-05	0.00018	0.00017	0.01860	0.00035	0.00954	0.00039	0.81635	0.09210	0.00437	0.00767	0.00968	7e-05	0.03489
27	0.94359	0.00023	0.01854	0.00015	0.00023	0.00025	0.00013	0.00033	0.00020	0.00050	0.00016	0.00019	0.00013	0.00011	7.2e-05	3.5e-05	8.9e-05	6.2e-05	7e-05	0.03494
28	0.48479	0.00316	0.00026	0.06402	0.17384	0.01664	0.02237	0.02091	0.01188	0.06861	0.00411	0.02626	0.00262	0.00212	0.00247	3.5e-05	0.00488	0.01788	0.01979	0.05335
29	0.00341	0.00406	0.00350	0.03291	0.00025	0.01295	0.00014	0.01866	0.26488	0.13569	0.24463	0.18569	0.08302	0.00417	0.00013	3.9e-05	7.9e-05	0.00019	0.00547	0.00014

[dist]
# distance from previous block
# <min> <max>
0	184

# created by:
# /home/cegg/simao/soft/augustus-3.2.1/scripts/msa2prfl.pl ./align_prep/POG091H00BZ.fa
