[name]
unknown

[dist]
# distance from previous block
# <min> <max>
0	87

[block]
# block no. 0 follows, 3467 sequences, length 24
# corresponding to MSA columns:
# 120-137,139-144
name=unknown_A
#
# <colnr> <probs for GDERKNQSTAVLIFYWHMCP>
#	G	D	E	R	K	N	Q	S	T	A	V	L	I	F	Y	W	H	M	C	P
0	0.00016	0.00011	0.00016	0.00018	0.00021	0.00011	0.00016	0.00021	0.00023	0.00030	0.01787	0.02178	0.00058	0.00028	0.00014	4.6e-05	9.1e-05	0.95721	9.2e-05	9.2e-05
1	0.00024	0.00018	0.00021	0.00015	0.00024	0.00014	0.00012	0.01030	0.01493	0.12630	0.00989	0.00024	0.00809	8.4e-05	7.9e-05	1.8e-05	7.5e-05	6.8e-05	6.9e-05	0.82858
2	0.00025	0.00022	0.00023	0.01438	0.00027	0.00025	0.00016	0.01446	0.96757	0.00042	0.00040	0.00037	0.00030	0.00014	0.00010	3.4e-05	8e-05	0.00011	0.00010	0.00016
3	0.00013	0.00011	0.00012	0.00011	0.00015	0.00658	0.01589	0.00017	0.03528	0.00028	0.06467	0.01729	0.81187	0.04119	0.00013	3.6e-05	5.6e-05	0.00575	9.2e-05	8.8e-05
4	0.00035	0.00041	0.01869	0.00028	0.00035	0.65747	0.17473	0.10786	0.01610	0.01492	0.00018	0.00021	0.00014	0.00010	9.8e-05	2.8e-05	0.00782	7.8e-05	5.8e-05	0.00013
5	0.00024	0.00027	0.00059	0.00042	0.00052	0.00025	0.99550	0.00032	0.00024	0.00032	0.00020	0.00027	0.00015	8.4e-05	0.00012	3.4e-05	0.00017	0.00012	5.1e-05	0.00013
6	0.00012	8.8e-05	0.00012	0.00014	0.00015	8.2e-05	9.4e-05	0.00014	0.00019	0.00026	0.00055	0.97537	0.00066	0.00031	0.00013	4.1e-05	5.9e-05	0.02133	9.3e-05	8.2e-05
7	0.00014	0.00011	0.00013	0.00012	0.00015	9.5e-05	9e-05	0.00852	0.00907	0.01153	0.63710	0.01416	0.31800	0.00022	0.00012	3.2e-05	5e-05	0.00019	0.00010	9.3e-05
8	0.00705	0.00019	0.00030	0.85402	0.06720	0.02557	0.00473	0.00778	0.00625	0.01403	0.00602	0.00027	0.00014	0.00010	0.00010	3.3e-05	0.00596	8.9e-05	4.7e-05	0.00012
9	0.03320	0.00523	0.00779	0.01487	0.67513	0.06589	0.05663	0.03329	0.01339	0.00379	0.00848	0.00623	0.01049	0.00658	0.00766	3.2e-05	0.03872	0.00267	0.00979	0.00015
10	0.51342	0.00483	0.06059	0.00953	0.02805	0.01050	0.00394	0.02270	0.00020	0.04008	0.00394	0.00020	0.00014	9e-05	7.2e-05	2.6e-05	8.4e-05	6.2e-05	0.01573	0.28583
11	0.00019	0.00018	0.00030	0.99624	0.00069	0.00022	0.00028	0.00026	0.00020	0.00026	0.00018	0.00027	0.00013	0.00010	0.00010	3.3e-05	0.00013	8.9e-05	4.4e-05	0.00011
12	0.00471	0.00753	0.15262	0.06038	0.26915	0.00440	0.14993	0.07496	0.07325	0.04368	0.09523	0.00605	0.01455	0.00458	0.00348	3.3e-05	0.02607	0.00565	6.6e-05	0.00366
13	0.00313	0.10555	0.03566	0.07290	0.18564	0.02768	0.02186	0.16702	0.10262	0.10253	0.05128	0.01624	0.01817	0.00012	9.8e-05	2.9e-05	0.00410	0.01550	7.6e-05	0.06978
14	0.00482	0.00266	0.02616	0.03778	0.42011	0.00627	0.07360	0.04497	0.03083	0.04073	0.09850	0.08347	0.05283	0.00415	0.00265	3.2e-05	0.00637	0.01109	6.9e-05	0.05291
15	0.00623	0.00452	0.04048	0.06673	0.12941	0.00880	0.02160	0.03182	0.12655	0.07541	0.35419	0.01468	0.06559	0.01012	0.00011	0.00246	0.00587	0.00482	8.8e-05	0.03051
16	0.01358	0.03475	0.10917	0.08244	0.28357	0.02062	0.01981	0.07938	0.06714	0.09911	0.06264	0.00627	0.02142	0.00834	0.05174	0.02898	0.00277	0.00306	0.00257	0.00264
17	0.00523	0.00023	0.00476	0.14319	0.75606	0.01106	0.00695	0.00672	0.00904	0.02246	0.00826	0.00410	0.00663	0.00531	0.00010	3.1e-05	0.00367	0.00316	5.2e-05	0.00299
18	0.00935	0.00605	0.00730	0.01077	0.05415	0.07054	0.01753	0.59646	0.15568	0.00703	0.03239	0.00630	0.01603	0.00013	0.00442	3.1e-05	0.00011	9.8e-05	9.2e-05	0.00554
19	0.01282	0.08405	0.00406	0.00555	0.62210	0.10968	0.00388	0.04451	0.06172	0.03799	0.00021	0.00355	0.00017	9.8e-05	9.6e-05	2.9e-05	0.00415	0.00511	5.8e-05	0.00015
20	0.00031	0.00021	0.00024	0.01111	0.00026	0.01463	0.00015	0.41696	0.12302	0.17225	0.25932	0.00041	0.00040	0.00014	0.00010	3.1e-05	8.7e-05	0.00012	0.00011	0.00015
21	0.00022	0.00018	0.00022	0.02215	0.00458	0.00014	0.01753	0.00460	0.00022	0.07680	0.01060	0.01557	0.00555	8.8e-05	8e-05	1.8e-05	7.8e-05	0.01356	6.6e-05	0.82776
22	0.01002	0.00754	0.00023	0.00018	0.00025	0.00015	0.00015	0.00047	0.00028	0.93286	0.01073	0.00748	0.00025	0.00013	0.00011	3.1e-05	0.02875	0.00010	0.00012	0.00017
23	0.00012	8.8e-05	0.00012	0.00014	0.00015	8.3e-05	9.6e-05	0.00014	0.00019	0.00026	0.00055	0.95137	0.00066	0.00031	0.00013	4.1e-05	6e-05	0.04531	9.3e-05	8.2e-05

[dist]
# distance from previous block
# <min> <max>
1	19

[block]
# block no. 1 follows, 3467 sequences, length 33
# corresponding to MSA columns:
# 164-196
name=unknown_B
#
# <colnr> <probs for GDERKNQSTAVLIFYWHMCP>
#	G	D	E	R	K	N	Q	S	T	A	V	L	I	F	Y	W	H	M	C	P
0	0.24221	0.00936	0.04502	0.00654	0.05338	0.10640	0.03471	0.18828	0.01275	0.18743	0.00433	0.00024	0.00017	0.00818	0.00860	3.2e-05	0.03441	0.00270	0.00317	0.05207
1	0.01612	0.00022	0.00020	0.00017	0.00022	0.16290	0.00572	0.28456	0.00030	0.10558	0.00028	0.00029	0.00021	0.00012	8.8e-05	2.7e-05	0.00957	8.8e-05	0.41319	0.00013
2	0.00021	0.00018	0.00021	0.00015	0.00024	0.00014	0.00012	0.02450	0.00021	0.01251	0.00018	0.00021	0.00015	7.6e-05	7.5e-05	1.5e-05	7.5e-05	6.1e-05	6.1e-05	0.96061
3	0.00022	0.00025	0.00853	0.00038	0.00047	0.00023	0.85341	0.00030	0.00023	0.00521	0.00414	0.02747	0.00019	0.07661	0.00415	3.9e-05	0.00016	0.01783	5.4e-05	0.00013
4	0.00023	0.00021	0.00036	0.34126	0.59036	0.00023	0.01706	0.00029	0.00022	0.01553	0.00686	0.01425	0.00017	0.0001	0.00010	3.1e-05	0.00012	0.01242	5e-05	0.00014
5	0.00019	0.00018	0.00030	0.94205	0.02330	0.00022	0.00981	0.00621	0.00020	0.00997	0.00018	0.00027	0.00014	0.00010	0.00010	3.3e-05	0.00013	0.00644	4.6e-05	0.00011
6	0.96628	0.00019	0.00015	0.00013	0.00020	0.00022	0.00011	0.00030	0.00017	0.03132	0.00015	0.00017	0.00011	9.4e-05	6.3e-05	3.1e-05	7.8e-05	5.6e-05	6.4e-05	0.00011
7	0.00014	0.00010	0.00014	0.00013	0.00015	9.8e-05	9.6e-05	0.00019	0.01026	0.00039	0.93627	0.00075	0.04066	0.00021	0.00012	3.2e-05	0.00989	0.00018	0.00011	9.5e-05
8	0.00020	9.8e-05	0.00010	9.9e-05	0.00013	9.7e-05	7.5e-05	0.00025	0.00022	0.06498	0.01643	0.00038	0.00027	0.00012	7.3e-05	2.4e-05	4.9e-05	9.5e-05	0.91622	9.8e-05
9	0.00024	0.00020	0.00021	0.00020	0.00025	0.00022	0.00015	0.00706	0.75936	0.00491	0.12183	0.06998	0.02613	0.00017	0.00011	3.7e-05	7.9e-05	0.00861	0.00011	0.00015
10	0.00311	0.00018	0.00030	0.74888	0.07334	0.00021	0.04103	0.01774	0.00319	0.04534	0.02134	0.03200	0.00972	0.00011	0.00010	3.3e-05	0.00013	0.00308	5.3e-05	0.00012
11	0.00014	0.00010	0.00013	0.00013	0.00015	9.4e-05	9.4e-05	0.00019	0.00028	0.00040	0.98017	0.00075	0.01658	0.00021	0.00012	3.2e-05	4.7e-05	0.00018	0.00011	9.4e-05
12	0.14229	0.00015	0.00020	0.06122	0.10113	0.00016	0.00015	0.01878	0.04016	0.02795	0.00026	0.00037	0.00023	0.03300	0.53677	0.00010	0.00019	0.03672	6e-05	0.00011
13	0.00025	0.00021	0.00023	0.00020	0.00026	0.00025	0.00016	0.00053	0.97745	0.01865	0.00041	0.00037	0.00030	0.00014	0.00010	3.4e-05	7.9e-05	0.00011	0.00010	0.00016
14	0.00022	0.00018	0.00021	0.01285	0.02093	0.00020	0.01441	0.03452	0.53888	0.02693	0.06749	0.01143	0.01952	0.00910	0.00012	3.7e-05	8.4e-05	0.24264	9.7e-05	0.00013
15	0.00025	0.00022	0.00023	0.00022	0.03568	0.00025	0.00016	0.02037	0.93208	0.00875	0.00040	0.00037	0.00030	0.00013	0.00010	3.4e-05	8.1e-05	0.00011	0.00010	0.00016
16	0.00021	0.00018	0.00021	0.00015	0.00024	0.00013	0.00012	0.00025	0.00021	0.00033	0.00018	0.00021	0.00015	7.4e-05	7.4e-05	1.5e-05	7.4e-05	5.9e-05	5.9e-05	0.99710
17	0.00025	0.00024	0.00040	0.06466	0.92146	0.01062	0.00030	0.00030	0.00023	0.00032	0.00019	0.00025	0.00016	9e-05	9.9e-05	3e-05	0.00012	8.9e-05	4.9e-05	0.00016
18	0.00025	0.00024	0.00041	0.00061	0.99586	0.00024	0.00031	0.00031	0.00023	0.00033	0.00019	0.00025	0.00016	8.9e-05	9.9e-05	3e-05	0.00012	8.9e-05	5e-05	0.00016
19	0.00021	0.00018	0.00021	0.00015	0.00024	0.00013	0.00012	0.00025	0.00021	0.00033	0.00018	0.00021	0.00015	7.4e-05	7.4e-05	1.5e-05	7.4e-05	5.9e-05	5.9e-05	0.99710
20	0.00037	0.00048	0.00028	0.00026	0.00031	0.99608	0.00019	0.00040	0.00028	0.00024	0.00015	0.00018	0.00013	0.00010	9e-05	2.6e-05	0.00018	6.4e-05	5.2e-05	0.00012
21	0.00038	0.00028	0.00030	0.00023	0.00031	0.00031	0.00019	0.99553	0.00047	0.00063	0.00024	0.00024	0.00017	0.00012	0.00010	3e-05	0.00011	9e-05	0.00010	0.00017
22	0.00045	0.00017	0.00023	0.00018	0.00026	0.00015	0.00015	0.03497	0.00029	0.96144	0.00039	0.00034	0.00025	0.00012	0.00010	3.1e-05	8.6e-05	0.00010	0.00012	0.00017
23	0.00013	9.3e-05	0.00012	0.00015	0.00015	8.8e-05	0.00010	0.00907	0.00020	0.00026	0.00055	0.84890	0.01221	0.00031	0.00013	4.1e-05	6.3e-05	0.12726	9.3e-05	8.3e-05
24	0.00019	0.00018	0.00030	0.97011	0.02681	0.00022	0.00028	0.00026	0.00020	0.00026	0.00018	0.00027	0.00013	0.0001	0.00010	3.3e-05	0.00013	8.9e-05	4.5e-05	0.00011
25	0.00025	0.00024	0.00041	0.00061	0.99586	0.00024	0.00031	0.00031	0.00023	0.00033	0.00019	0.00025	0.00016	8.9e-05	9.9e-05	3e-05	0.00012	8.9e-05	5e-05	0.00016
26	0.00014	0.00010	0.00014	0.00013	0.00015	0.0001	9.7e-05	0.00019	0.01116	0.00036	0.70270	0.00540	0.07645	0.05001	0.13717	5.3e-05	8.1e-05	0.01539	9.8e-05	9.2e-05
27	0.00042	0.00016	0.00022	0.00017	0.00024	0.00014	0.00014	0.00814	0.00799	0.86348	0.00039	0.00034	0.00025	0.00012	9.7e-05	3e-05	8.1e-05	0.0001	0.11733	0.00016
28	0.00020	0.00019	0.00032	0.78403	0.18614	0.00022	0.00028	0.00026	0.00020	0.00027	0.00018	0.00026	0.00014	0.00010	0.00011	0.01905	0.00779	8.9e-05	4.5e-05	0.00012
29	0.00014	0.00010	0.00013	0.00013	0.00015	9.6e-05	9.5e-05	0.00019	0.00810	0.01110	0.94346	0.00075	0.03475	0.00020	0.00012	3.2e-05	4.8e-05	0.00018	0.00011	9.5e-05
30	0.00019	0.00018	0.00031	0.90066	0.09623	0.00022	0.00028	0.00026	0.00020	0.00026	0.00018	0.00026	0.00014	9.9e-05	0.0001	3.3e-05	0.00013	8.9e-05	4.5e-05	0.00012
31	0.00012	8.8e-05	0.00012	0.00014	0.00014	8.2e-05	9.2e-05	0.00014	0.00019	0.00026	0.00881	0.93409	0.02592	0.02265	0.00014	4.2e-05	5.9e-05	0.00675	9.2e-05	8.1e-05
32	0.00350	0.00024	0.00025	0.02516	0.00029	0.00981	0.00017	0.37341	0.51152	0.02777	0.02958	0.00033	0.00026	0.00013	0.00010	3.2e-05	0.00323	0.00324	9.9e-05	0.01088

[dist]
# distance from previous block
# <min> <max>
1	2

[block]
# block no. 2 follows, 3467 sequences, length 63
# corresponding to MSA columns:
# 199-247,256-269
name=unknown_C
#
# <colnr> <probs for GDERKNQSTAVLIFYWHMCP>
#	G	D	E	R	K	N	Q	S	T	A	V	L	I	F	Y	W	H	M	C	P
0	0.75548	0.00020	0.00019	0.00498	0.03014	0.02509	0.06085	0.01998	0.00418	0.00793	0.00019	0.08205	0.00016	0.00011	0.00227	3.2e-05	0.00374	0.00225	6.4e-05	0.00011
1	0.00304	0.00252	0.00610	0.01740	0.06870	0.00814	0.01730	0.01252	0.02478	0.01194	0.04308	0.02521	0.30233	0.26292	0.08718	6.2e-05	0.00931	0.09728	7.6e-05	9.1e-05
2	0.00020	0.00051	0.98319	0.00028	0.00043	0.00023	0.00037	0.00032	0.00021	0.00032	0.00560	0.00022	0.00013	9.6e-05	9.5e-05	3.2e-05	0.00015	7.5e-05	0.00741	0.00015
3	0.00014	0.00010	0.00013	0.00013	0.00015	9.6e-05	9.5e-05	0.00442	0.00392	0.00634	0.96246	0.00356	0.01766	0.00020	0.00012	3.2e-05	4.8e-05	0.00018	0.00011	9.5e-05
4	0.00024	0.00022	0.00021	0.00019	0.00024	0.09485	0.00015	0.06111	0.60193	0.00898	0.01894	0.03221	0.17095	0.00016	0.00011	0.00513	8.5e-05	0.00407	9.5e-05	0.00014
5	0.03656	0.00020	0.00024	0.00019	0.00026	0.00020	0.00016	0.31102	0.01924	0.57815	0.02602	0.00031	0.00024	0.00012	9.9e-05	3.1e-05	9.1e-05	9.8e-05	0.02659	0.00016
6	0.00014	0.00011	0.00016	0.00016	0.00018	0.00013	0.00013	0.00018	0.00016	0.00023	0.00027	0.00039	0.00025	0.00075	0.99609	0.00016	0.00027	0.00011	5.4e-05	8.9e-05
7	0.00012	0.00010	0.00010	0.00010	0.00014	8.5e-05	7.6e-05	0.00014	0.00023	0.00027	0.01192	0.00096	0.98491	0.00025	0.00012	3.4e-05	5.1e-05	0.00021	9.3e-05	8.5e-05
8	0.22377	0.00018	0.00019	0.00015	0.00023	0.00015	0.00012	0.00026	0.00825	0.00515	0.00017	0.00020	0.00014	8e-05	7.2e-05	1.9e-05	7.5e-05	0.00367	6.1e-05	0.75705
9	0.98830	0.00908	0.00015	0.00013	0.00019	0.00023	0.00011	0.00029	0.00017	0.00045	0.00014	0.00016	0.00011	9.3e-05	6.2e-05	3.1e-05	7.8e-05	5.4e-05	6.2e-05	0.00011
10	0.00018	0.00039	0.69982	0.00023	0.00035	0.00019	0.00028	0.00027	0.00022	0.00031	0.05858	0.00042	0.23188	0.00014	0.00010	3.2e-05	0.00012	0.00630	5.8e-05	0.00013
11	0.97344	0.00020	0.00015	0.00014	0.01219	0.00023	0.00011	0.01201	0.00017	0.00045	0.00014	0.00016	0.00011	9.3e-05	6.3e-05	3.1e-05	7.8e-05	5.5e-05	6.2e-05	0.00011
12	0.00022	0.00022	0.00031	0.00831	0.00027	0.00031	0.00022	0.00024	0.00015	0.00024	0.00013	0.00022	0.00013	0.00017	0.00033	4.4e-05	0.98825	8.8e-05	4.4e-05	0.00011
13	0.00037	0.00047	0.00029	0.00026	0.00566	0.97285	0.00348	0.00940	0.00586	0.00025	0.00016	0.00018	0.00013	0.00010	9.1e-05	2.6e-05	0.00018	6.5e-05	5.2e-05	0.00012
14	0.00012	8.7e-05	0.00012	0.00014	0.00015	8.1e-05	9.3e-05	0.00014	0.00019	0.00026	0.00056	0.98377	0.01331	0.00031	0.00013	4.1e-05	5.8e-05	0.00028	9.3e-05	8.1e-05
15	0.00024	0.00027	0.00059	0.00042	0.00052	0.00025	0.99550	0.00032	0.00024	0.00032	0.00020	0.00027	0.00015	8.4e-05	0.00012	3.4e-05	0.00017	0.00012	5.1e-05	0.00013
16	0.00020	0.00791	0.98318	0.00029	0.00583	0.00023	0.00037	0.00032	0.00021	0.00032	0.00018	0.00021	0.00013	9.5e-05	9.5e-05	3.2e-05	0.00015	7.4e-05	4.2e-05	0.00015
17	0.00022	0.00022	0.00031	0.00978	0.00027	0.00030	0.00022	0.00024	0.00015	0.00024	0.00013	0.00022	0.00013	0.00018	0.00660	4.4e-05	0.97641	8.8e-05	4.4e-05	0.00421
18	0.00038	0.00028	0.00030	0.00023	0.00031	0.00942	0.00019	0.96825	0.00046	0.01059	0.00024	0.00024	0.00017	0.00012	0.00010	3e-05	0.00832	9e-05	9.9e-05	0.00017
19	0.00015	0.00011	0.00013	0.00013	0.00015	0.00240	9.6e-05	0.01160	0.00892	0.01267	0.70675	0.00576	0.20430	0.00022	0.00012	3.3e-05	5.2e-05	0.04623	0.00011	9.5e-05
20	0.00014	0.00010	0.00013	0.00012	0.00015	9.5e-05	9.4e-05	0.00019	0.00822	0.00039	0.92645	0.00076	0.06236	0.00021	0.00012	3.2e-05	4.8e-05	0.00018	0.00011	9.4e-05
21	0.00013	8.9e-05	0.00012	0.00014	0.00015	8.4e-05	9.8e-05	0.00015	0.00020	0.00026	0.00594	0.90732	0.00366	0.00308	0.00013	4.1e-05	6.1e-05	0.07430	0.00399	8.2e-05
22	0.00013	0.00010	0.00011	0.00011	0.00014	8.8e-05	8.3e-05	0.00016	0.00024	0.00031	0.31669	0.05144	0.62251	0.00024	0.00012	3.3e-05	5e-05	0.00378	0.00358	8.8e-05
23	0.00019	0.00018	0.00410	0.93159	0.03370	0.00022	0.02001	0.00026	0.00020	0.00026	0.00018	0.00027	0.00013	0.0001	0.00010	3.3e-05	0.00463	8.9e-05	0.00363	0.00011
24	0.99719	0.00019	0.00015	0.00013	0.00019	0.00022	0.00011	0.00029	0.00017	0.00045	0.00014	0.00016	0.00011	9.3e-05	6.2e-05	3.1e-05	7.7e-05	5.4e-05	6.2e-05	0.00011
25	0.98441	0.00019	0.00015	0.00013	0.00019	0.00022	0.00011	0.00030	0.00017	0.01322	0.00014	0.00016	0.00011	9.3e-05	6.2e-05	3.1e-05	7.8e-05	5.5e-05	6.3e-05	0.00011
26	0.01548	0.00018	0.00030	0.93792	0.02761	0.00022	0.00360	0.01302	0.00020	0.00027	0.00018	0.00026	0.00013	0.0001	9.9e-05	3.3e-05	0.00013	8.9e-05	4.6e-05	0.00011
27	0.00014	0.00010	0.00013	0.00013	0.00015	9.7e-05	9.5e-05	0.00019	0.01673	0.00040	0.96250	0.00074	0.01780	0.00020	0.00012	3.2e-05	4.8e-05	0.00018	0.00011	9.5e-05
28	0.00025	0.00024	0.00278	0.04534	0.91474	0.01254	0.00427	0.00031	0.00023	0.00278	0.00019	0.00025	0.00016	9e-05	9.9e-05	3e-05	0.00012	8.8e-05	5e-05	0.01547
29	0.00027	0.99654	0.00052	0.00017	0.00026	0.00040	0.00017	0.00030	0.00020	0.00024	0.00014	0.00016	0.00013	8.6e-05	6.4e-05	2.1e-05	0.00011	5.4e-05	4.3e-05	0.00013
30	0.00012	8.7e-05	0.00012	0.00014	0.00015	8.1e-05	9.3e-05	0.00014	0.00019	0.00026	0.00613	0.98456	0.00695	0.00031	0.00013	4.1e-05	5.8e-05	0.00028	9.3e-05	8.1e-05
31	0.00021	0.00018	0.00021	0.00015	0.00024	0.00013	0.00012	0.00025	0.00021	0.00623	0.00018	0.00021	0.00706	7.6e-05	7.5e-05	1.5e-05	7.4e-05	6.1e-05	6e-05	0.98426
32	0.98850	0.00019	0.00015	0.00013	0.00019	0.00023	0.00011	0.00897	0.00017	0.00045	0.00014	0.00016	0.00011	9.3e-05	6.2e-05	3.1e-05	7.8e-05	5.4e-05	6.2e-05	0.00011
33	0.00014	0.00010	0.00013	0.00013	0.00015	9.7e-05	9.6e-05	0.00019	0.01558	0.00040	0.95188	0.00075	0.02096	0.00021	0.00012	3.2e-05	4.8e-05	0.00878	0.00011	9.5e-05
34	0.00019	0.00019	0.00031	0.92165	0.06294	0.01253	0.00028	0.00026	0.00020	0.00026	0.00018	0.00026	0.00013	9.9e-05	0.0001	3.3e-05	0.00013	8.9e-05	4.5e-05	0.00011
35	0.00014	0.00011	0.00016	0.00016	0.00018	0.00012	0.00012	0.00018	0.00016	0.00023	0.00027	0.00040	0.00025	0.01146	0.98538	0.00016	0.00027	0.00011	5.4e-05	8.9e-05
36	0.00023	0.00022	0.00032	0.02043	0.13832	0.00029	0.00544	0.01450	0.01572	0.00026	0.00015	0.00023	0.00014	0.00016	0.00028	4.1e-05	0.80303	8.8e-05	4.6e-05	0.00012
37	0.00014	0.00012	0.00012	0.00012	0.00015	0.00011	8.9e-05	0.00020	0.12684	0.00030	0.07849	0.00600	0.77052	0.00023	0.00012	3.4e-05	5.5e-05	0.01340	0.00287	9.5e-05
38	0.00013	0.00010	0.00012	0.00012	0.00014	9.1e-05	8.9e-05	0.00017	0.00026	0.00035	0.62688	0.06136	0.30936	0.00023	0.00012	3.3e-05	4.9e-05	0.00020	0.00010	9.1e-05
39	0.00019	0.00018	0.00030	0.99624	0.00069	0.00022	0.00028	0.00026	0.00020	0.00026	0.00018	0.00027	0.00013	0.00010	0.00010	3.3e-05	0.00013	8.9e-05	4.4e-05	0.00011
40	0.98597	0.00019	0.00015	0.00013	0.00019	0.00022	0.00011	0.00030	0.00017	0.01166	0.00014	0.00016	0.00011	9.3e-05	6.2e-05	3.1e-05	7.7e-05	5.5e-05	6.3e-05	0.00011
41	0.00196	0.00019	0.00023	0.00711	0.00846	0.00229	0.00015	0.11886	0.26074	0.48402	0.09817	0.00720	0.00680	0.00014	0.00010	3.2e-05	8.3e-05	0.00011	0.00320	0.00016
42	0.00339	0.0001	0.00196	0.01665	0.01009	9.4e-05	0.04110	0.00015	0.00019	0.00231	0.00052	0.89532	0.00061	0.00623	0.01659	4.2e-05	0.00168	0.00280	8.9e-05	8.5e-05
43	0.00027	0.99654	0.00052	0.00017	0.00026	0.00040	0.00017	0.00030	0.00020	0.00024	0.00014	0.00016	0.00013	8.6e-05	6.4e-05	2.1e-05	0.00011	5.4e-05	4.3e-05	0.00013
44	0.00026	0.00019	0.00021	0.00018	0.00024	0.00021	0.00014	0.03685	0.65493	0.11558	0.00569	0.03447	0.00030	0.00014	9.8e-05	3.2e-05	7.5e-05	0.00011	0.15014	0.00015
45	0.00817	0.00991	0.00560	0.00570	0.00809	0.00019	0.23498	0.10735	0.04800	0.50114	0.02286	0.03886	0.00174	0.00678	0.00011	3.2e-05	0.00011	0.00011	9.8e-05	0.00015
46	0.94175	0.00019	0.00015	0.00013	0.00020	0.00022	0.00011	0.00530	0.00018	0.03621	0.00015	0.00017	0.00011	9.4e-05	6.4e-05	3.1e-05	7.8e-05	5.6e-05	6.4e-05	0.01473
47	0.00014	0.00010	0.00013	0.00013	0.00015	9.5e-05	9.5e-05	0.00019	0.00505	0.00040	0.97794	0.00640	0.00839	0.00021	0.00012	3.2e-05	4.7e-05	0.00018	0.00011	9.5e-05
48	0.00370	0.09836	0.08130	0.02019	0.31271	0.15043	0.06177	0.04008	0.01523	0.19630	0.00550	0.00025	0.00575	0.00010	9.7e-05	2.9e-05	0.00523	8.6e-05	6.7e-05	0.00282
49	0.17746	0.33837	0.00787	0.00027	0.18387	0.25944	0.00019	0.01937	0.00369	0.00649	0.00210	0.00019	0.00013	9.3e-05	7.8e-05	2.6e-05	0.00012	6.5e-05	5.2e-05	0.00013
50	0.00019	0.00018	0.00030	0.98768	0.00925	0.00022	0.00028	0.00026	0.00020	0.00026	0.00018	0.00027	0.00013	0.0001	0.00010	3.3e-05	0.00013	8.9e-05	4.5e-05	0.00011
51	0.00801	0.00023	0.00160	0.20199	0.50053	0.08591	0.01579	0.01175	0.04971	0.01631	0.00172	0.01826	0.01250	0.00012	0.00010	3.2e-05	0.00012	0.07350	0.00170	0.00014
52	0.00024	0.00026	0.00054	0.02773	0.09800	0.01098	0.80027	0.00477	0.01664	0.00217	0.03115	0.00028	0.00018	9.1e-05	0.00012	3.3e-05	0.00392	0.00012	0.00238	0.00014
53	0.30765	0.00021	0.00583	0.12973	0.00031	0.00022	0.01743	0.24078	0.00028	0.29388	0.00025	0.00025	0.00017	0.00011	8.9e-05	3.1e-05	9.7e-05	8.2e-05	0.00246	0.00014
54	0.00019	0.00018	0.00030	0.96671	0.00067	0.00022	0.00027	0.00025	0.00020	0.00026	0.02970	0.00028	0.00016	0.00010	0.00010	3.3e-05	0.00013	9.2e-05	4.6e-05	0.00011
55	0.00037	0.00027	0.00029	0.00023	0.00031	0.00030	0.00019	0.96601	0.00046	0.00062	0.00025	0.02978	0.00018	0.00013	0.00010	3e-05	0.00011	9.6e-05	0.0001	0.00017
56	0.00638	0.00022	0.00036	0.16094	0.71257	0.02975	0.00367	0.00029	0.00022	0.00955	0.00233	0.05350	0.00630	0.00011	0.00010	3.1e-05	0.01338	0.0001	5.2e-05	0.00014
57	0.00015	0.00011	0.00016	0.00016	0.00018	0.00013	0.00013	0.00019	0.02968	0.00024	0.00027	0.00039	0.00025	0.00073	0.96656	0.00016	0.00026	0.00011	5.5e-05	9.1e-05
58	0.99719	0.00019	0.00015	0.00013	0.00019	0.00022	0.00011	0.00029	0.00017	0.00045	0.00014	0.00016	0.00011	9.3e-05	6.2e-05	3.1e-05	7.7e-05	5.4e-05	6.2e-05	0.00011
59	0.00037	0.00018	0.00259	0.03205	0.00026	0.00017	0.00015	0.01812	0.23556	0.62379	0.07850	0.00038	0.00031	0.00013	0.00010	3.2e-05	8.3e-05	0.00443	0.00264	0.00016
60	0.00025	0.00024	0.00319	0.00756	0.94948	0.02976	0.00030	0.00031	0.00343	0.00032	0.00019	0.00025	0.00016	9e-05	9.9e-05	3e-05	0.00012	8.8e-05	5e-05	0.00407
61	0.00021	0.00020	0.00033	0.54023	0.36998	0.00717	0.00564	0.00197	0.00237	0.00866	0.03517	0.00375	0.00959	0.00187	0.00010	3.2e-05	0.00012	0.01244	5.1e-05	0.00013
62	0.04522	0.01238	0.08047	0.00018	0.00664	0.01211	0.03197	0.02110	0.00495	0.07757	0.00363	0.00312	0.00198	8.4e-05	8e-05	2e-05	8.7e-05	6.8e-05	6.4e-05	0.69830

[dist]
# distance from previous block
# <min> <max>
0	20

# created by:
# /home/cegg/simao/soft/augustus-3.2.1/scripts/msa2prfl.pl ./align_prep/POG091H025P.fa
