[name]
unknown

[dist]
# distance from previous block
# <min> <max>
0	33

[block]
# block no. 0 follows, 2863 sequences, length 11
# corresponding to MSA columns:
# 57-67
name=unknown_A
#
# <colnr> <probs for GDERKNQSTAVLIFYWHMCP>
#	G	D	E	R	K	N	Q	S	T	A	V	L	I	F	Y	W	H	M	C	P
0	0.05901	0.01295	0.06125	0.07950	0.26856	0.04638	0.03347	0.09086	0.07010	0.04976	0.02592	0.08027	0.04551	0.01142	0.00565	4e-05	0.00905	0.02581	8.4e-05	0.02440
1	0.02268	0.14793	0.47248	0.01007	0.06521	0.07343	0.02851	0.04572	0.01464	0.03337	0.04399	0.01248	0.01570	0.00013	0.00011	3.6e-05	0.00016	0.00648	6.7e-05	0.00679
2	0.00017	0.01586	0.00017	0.02499	0.01443	0.00013	0.00012	0.02198	0.01023	0.00032	0.03707	0.40956	0.18147	0.16757	0.00878	0.00731	8.8e-05	0.09186	0.00778	0.00010
3	0.01117	0.00015	0.00018	0.01315	0.04254	0.03218	0.00870	0.01489	0.00789	0.02671	0.06312	0.41598	0.23184	0.03864	0.01594	0.00847	8.7e-05	0.03724	0.02495	0.00620
4	0.01466	0.16274	0.24576	0.05364	0.04416	0.03149	0.07715	0.03677	0.03823	0.08336	0.01290	0.10621	0.00588	0.01080	0.00624	4e-05	0.05045	0.01929	7.6e-05	0.00016
5	0.01452	0.03014	0.00025	0.00020	0.00027	0.01419	0.00016	0.07631	0.06506	0.44439	0.14766	0.05210	0.10919	0.01712	0.01066	4.2e-05	0.00730	0.01016	0.00013	0.00017
6	0.00019	0.00013	0.00016	0.00017	0.02499	0.00012	0.00012	0.00023	0.01909	0.08036	0.15070	0.30971	0.23019	0.15302	0.00022	5.5e-05	8e-05	0.03025	0.00011	0.00011
7	0.01312	0.24476	0.24829	0.10033	0.07392	0.03919	0.04577	0.05409	0.03134	0.07366	0.00683	0.01620	0.00666	0.00014	0.00812	3.7e-05	0.02098	0.01634	7e-05	0.00017
8	0.01061	0.05025	0.19069	0.01617	0.03719	0.01751	0.12894	0.08406	0.03970	0.19527	0.04249	0.03810	0.03830	0.04449	0.04346	4.9e-05	0.00828	0.01418	9.2e-05	0.00016
9	0.00016	0.00012	0.00014	0.00015	0.00017	0.00011	0.00011	0.00019	0.01170	0.00034	0.18052	0.37445	0.21278	0.14965	0.02256	0.01210	8.1e-05	0.03446	0.00011	9.9e-05
10	0.01606	0.00034	0.27489	0.00726	0.07746	0.00638	0.01292	0.13766	0.01268	0.26237	0.05330	0.00813	0.05631	0.00016	0.00595	3.9e-05	0.01942	0.00926	0.03922	0.00018

[dist]
# distance from previous block
# <min> <max>
0	9

[block]
# block no. 1 follows, 2863 sequences, length 12
# corresponding to MSA columns:
# 77-88
name=unknown_B
#
# <colnr> <probs for GDERKNQSTAVLIFYWHMCP>
#	G	D	E	R	K	N	Q	S	T	A	V	L	I	F	Y	W	H	M	C	P
0	0.00647	0.05318	0.13383	0.18223	0.21084	0.14447	0.06586	0.04055	0.01418	0.03409	0.00774	0.01855	0.00021	0.02443	0.02612	4.3e-05	0.02896	0.00011	0.00798	0.00016
1	0.00734	0.11549	0.67730	0.00622	0.02117	0.01236	0.03451	0.02332	0.02068	0.01442	0.00638	0.03651	0.00594	0.01105	0.00012	3.8e-05	0.00016	0.00677	6e-05	0.00017
2	0.00030	0.00028	0.01113	0.08820	0.79024	0.01259	0.01616	0.00815	0.00961	0.02465	0.00024	0.00776	0.00020	0.00013	0.01175	3.9e-05	0.01014	0.00818	6.3e-05	0.00018
3	0.44527	0.04108	0.02186	0.01280	0.03756	0.19210	0.01977	0.07489	0.00769	0.02874	0.01064	0.04665	0.00021	0.00656	0.00586	3.9e-05	0.02939	0.01870	7.8e-05	0.00014
4	0.00015	0.00013	0.02440	0.00014	0.00018	0.00011	0.00011	0.00019	0.00028	0.00035	0.17651	0.18563	0.56495	0.01508	0.01341	4.5e-05	7e-05	0.01804	0.00011	0.00011
5	0.00797	0.36656	0.05695	0.00663	0.04693	0.06482	0.01365	0.20041	0.03062	0.04338	0.00024	0.00679	0.00635	0.00012	0.0001	3e-05	0.00013	8.8e-05	0.00704	0.14118
6	0.00027	0.00532	0.11828	0.33349	0.24481	0.00628	0.02903	0.01362	0.01023	0.06205	0.02523	0.02434	0.02599	0.02024	0.00013	0.00615	0.00519	0.00625	7e-05	0.06304
7	0.02995	0.23914	0.38347	0.01382	0.01527	0.01858	0.02792	0.03256	0.03315	0.04398	0.03294	0.04450	0.00717	0.00630	0.00012	0.00614	0.00997	0.00965	6.9e-05	0.04531
8	0.00024	0.06573	0.07026	0.02264	0.06576	0.01052	0.02139	0.03806	0.15846	0.03031	0.21019	0.07958	0.15546	0.00914	0.03680	4.6e-05	0.01015	0.00842	0.00670	0.00014
9	0.00017	0.00012	0.00015	0.00016	0.00019	0.00011	0.00012	0.01280	0.00029	0.02783	0.29462	0.27080	0.29916	0.01276	0.00015	4.4e-05	6.9e-05	0.08023	0.00012	0.00011
10	0.00516	0.00756	0.03484	0.02021	0.02677	0.00014	0.01639	0.01087	0.00560	0.01096	0.10541	0.12332	0.28518	0.24970	0.01414	6.4e-05	0.00544	0.07217	0.00598	0.00011
11	0.06244	0.13888	0.36282	0.06582	0.03863	0.03249	0.03229	0.08725	0.03046	0.09244	0.00640	0.01197	0.01179	0.00013	0.00639	3.7e-05	0.00826	0.0001	0.00504	0.00635

[dist]
# distance from previous block
# <min> <max>
0	1

[block]
# block no. 2 follows, 2863 sequences, length 7
# corresponding to MSA columns:
# 90-96
name=unknown_C
#
# <colnr> <probs for GDERKNQSTAVLIFYWHMCP>
#	G	D	E	R	K	N	Q	S	T	A	V	L	I	F	Y	W	H	M	C	P
0	0.01902	0.01100	0.00027	0.05584	0.02854	0.01098	0.00018	0.02854	0.10675	0.52249	0.06656	0.02094	0.09480	0.00018	0.01047	4e-05	0.00010	0.01251	0.01060	0.00018
1	0.00017	0.00012	0.00015	0.00016	0.00018	0.00011	0.00012	0.00020	0.01812	0.01889	0.14511	0.37318	0.26523	0.03780	0.00018	0.02634	7.4e-05	0.11364	0.00011	0.00010
2	0.02533	0.01322	0.63410	0.02554	0.10773	0.01170	0.03194	0.01145	0.02787	0.04715	0.01821	0.00032	0.02384	0.00013	0.00012	3.8e-05	0.01043	0.01067	6.4e-05	0.00017
3	0.00811	0.17945	0.25335	0.01884	0.02298	0.04708	0.16095	0.04032	0.03804	0.08272	0.01309	0.01783	0.03682	0.01532	0.00861	3.9e-05	0.01070	0.01163	0.00766	0.02645
4	0.05284	0.00024	0.02152	0.00022	0.00031	0.01457	0.00019	0.17546	0.04530	0.59211	0.04491	0.00043	0.01685	0.01966	0.00013	3.9e-05	0.00011	0.01478	0.00013	0.00019
5	0.00016	0.00012	0.00014	0.00016	0.00018	0.00011	0.00011	0.00019	0.02067	0.00032	0.06603	0.55672	0.19052	0.09374	0.02062	5.6e-05	8e-05	0.04986	0.00011	0.00010
6	0.01910	0.00021	0.02215	0.13202	0.06543	0.00974	0.10776	0.02637	0.02151	0.22498	0.12563	0.09690	0.10215	0.00971	0.01180	4.3e-05	0.01306	0.01119	0.00010	0.00015

[dist]
# distance from previous block
# <min> <max>
18	41

[block]
# block no. 3 follows, 2863 sequences, length 7
# corresponding to MSA columns:
# 310-316
name=unknown_D
#
# <colnr> <probs for GDERKNQSTAVLIFYWHMCP>
#	G	D	E	R	K	N	Q	S	T	A	V	L	I	F	Y	W	H	M	C	P
0	0.01693	0.29308	0.24711	0.04904	0.06476	0.06171	0.03959	0.05422	0.04324	0.03924	0.02569	0.01292	0.01970	0.01143	0.00012	3.6e-05	0.01104	0.00991	6.9e-05	0.00016
1	0.00020	0.00014	0.00017	0.00017	0.00020	0.00014	0.01149	0.02054	0.02917	0.04415	0.12864	0.10130	0.26906	0.18163	0.12360	7.4e-05	0.02775	0.02992	0.01590	0.01577
2	0.00970	0.05913	0.21639	0.12309	0.15386	0.02988	0.04884	0.05939	0.10023	0.02307	0.03444	0.02121	0.01745	0.00860	0.01942	4.2e-05	0.05496	0.01156	0.00859	0.00016
3	0.02192	0.00016	0.00019	0.00018	0.00022	0.00015	0.01864	0.04192	0.13164	0.03277	0.31362	0.16962	0.17903	0.04085	0.00016	4.4e-05	7.8e-05	0.03313	0.01555	0.00013
4	0.00928	0.00017	0.01007	0.01089	0.04214	0.01108	0.02638	0.05564	0.05275	0.03545	0.02330	0.05168	0.04196	0.28152	0.23702	0.06674	0.01516	0.01806	0.01059	0.00011
5	0.00908	0.00831	0.04828	0.42505	0.02354	0.01065	0.07176	0.03671	0.02628	0.18083	0.03551	0.02071	0.03021	0.00803	0.01030	0.01123	0.01774	0.01041	0.01519	0.00015
6	0.00915	0.01851	0.07860	0.24426	0.04796	0.04931	0.06662	0.01982	0.02191	0.03111	0.17150	0.07423	0.04288	0.02144	0.01784	0.01576	0.02191	0.01595	0.00919	0.02205

[dist]
# distance from previous block
# <min> <max>
9	94

[block]
# block no. 4 follows, 2863 sequences, length 33
# corresponding to MSA columns:
# 495,496,506-522,662-675
name=unknown_E
#
# <colnr> <probs for GDERKNQSTAVLIFYWHMCP>
#	G	D	E	R	K	N	Q	S	T	A	V	L	I	F	Y	W	H	M	C	P
0	0.64526	0.11136	0.01101	0.01403	0.02743	0.03893	0.00017	0.11966	0.00659	0.01427	0.00020	0.00323	0.00015	0.00012	8.6e-05	3.6e-05	0.00011	7.5e-05	0.00323	0.00405
1	0.00023	0.00021	0.00035	0.90986	0.00801	0.00026	0.00032	0.00594	0.00024	0.00031	0.00024	0.03569	0.00019	0.00659	0.02667	0.00444	0.00016	0.00012	5.7e-05	0.00013
2	0.02740	0.00018	0.00021	0.11958	0.00902	0.05125	0.01808	0.04342	0.04590	0.02502	0.11269	0.04348	0.45386	0.00403	0.02827	4.5e-05	0.0001	0.01725	0.00010	0.00012
3	0.05627	0.00895	0.00574	0.00022	0.00031	0.01077	0.00537	0.08441	0.05619	0.70010	0.01393	0.00976	0.02231	0.01360	0.00013	3.9e-05	0.00011	0.00358	0.00014	0.00808
4	0.00039	0.00019	0.00024	0.00020	0.00027	0.00017	0.00016	0.03586	0.07582	0.54898	0.15204	0.01865	0.14658	0.00494	0.00013	3.9e-05	9e-05	0.01496	0.00014	0.00017
5	0.01790	0.00030	0.00994	0.03688	0.03952	0.05164	0.58432	0.03051	0.03158	0.02249	0.00523	0.08775	0.01380	0.00605	0.01601	4.4e-05	0.01171	0.03411	7.4e-05	0.00015
6	0.00228	0.02687	0.01117	0.01020	0.01222	0.10393	0.04668	0.09639	0.34756	0.17766	0.03524	0.02722	0.05151	0.00750	0.00473	4e-05	0.02466	0.01386	0.00011	0.00017
7	0.04157	0.00018	0.00024	0.00020	0.00027	0.00017	0.00016	0.00467	0.01517	0.67400	0.04544	0.17343	0.00822	0.02657	0.00014	4.2e-05	9.5e-05	0.00912	0.00014	0.00017
8	0.02098	0.00026	0.00573	0.18894	0.65495	0.00028	0.01926	0.00897	0.00026	0.00774	0.01263	0.00758	0.00021	0.03397	0.01153	4.2e-05	0.02632	0.00011	6.2e-05	0.00017
9	0.00784	0.00526	0.01911	0.02858	0.02892	0.09046	0.71286	0.02636	0.00308	0.02756	0.00025	0.00850	0.00416	0.00012	0.00462	4.1e-05	0.03190	0.00013	6.5e-05	0.00016
10	0.00219	0.02034	0.07927	0.04019	0.05172	0.05502	0.01030	0.00801	0.10797	0.03026	0.42518	0.01853	0.11566	0.00788	0.00308	4e-05	0.00291	0.02122	0.00011	0.00014
11	0.00017	0.00012	0.00014	0.00014	0.00017	0.00011	0.00010	0.00932	0.00028	0.02536	0.16340	0.19874	0.50528	0.06998	0.00018	4.8e-05	6.9e-05	0.02618	0.00011	0.00011
12	0.01411	0.00023	0.08473	0.03039	0.05230	0.04784	0.01515	0.04013	0.08006	0.07508	0.14528	0.12446	0.13714	0.03608	0.00542	4.5e-05	0.02942	0.08189	0.00010	0.00014
13	0.01183	0.00438	0.07076	0.02793	0.01279	0.01409	0.63564	0.07422	0.03150	0.02285	0.00251	0.00034	0.00021	0.02156	0.05615	5e-05	0.01054	0.00245	6.9e-05	0.00016
14	0.02776	0.00531	0.04755	0.21079	0.49418	0.01900	0.01733	0.01660	0.01867	0.01185	0.01658	0.03678	0.02027	0.00014	0.00428	3.9e-05	0.04554	0.00474	0.00244	0.00017
15	0.00016	0.00012	0.00014	0.00015	0.00018	0.00011	0.00011	0.00781	0.01000	0.00037	0.24937	0.18908	0.46332	0.01105	0.00015	4.4e-05	6.7e-05	0.06755	0.00012	0.00011
16	0.00240	0.00025	0.02608	0.60258	0.09120	0.03015	0.08536	0.01109	0.03052	0.01431	0.01023	0.04349	0.00918	0.00323	0.00274	4.1e-05	0.02319	0.01057	0.00326	0.00014
17	0.00679	0.16451	0.59131	0.08174	0.06599	0.02406	0.00733	0.01864	0.00564	0.00319	0.00022	0.00324	0.00402	0.00012	0.00780	3.8e-05	0.01010	0.00504	5.5e-05	0.00017
18	0.01421	0.00397	0.06708	0.01448	0.02774	0.00350	0.04727	0.04237	0.02839	0.46952	0.01699	0.11466	0.05583	0.02310	0.01214	4.4e-05	0.03605	0.01738	0.00510	0.00017
19	0.00860	0.04231	0.68304	0.00487	0.03843	0.01447	0.05218	0.01168	0.01730	0.01904	0.02862	0.02781	0.03008	0.00014	0.00578	3.9e-05	0.00331	0.01208	6.3e-05	0.00017
20	0.00968	0.00914	0.08471	0.58728	0.19311	0.04370	0.01339	0.01580	0.00026	0.00562	0.00023	0.01225	0.00261	0.00012	0.00013	0.00356	0.01810	0.00011	5.8e-05	0.00015
21	0.04045	0.17433	0.29404	0.02720	0.07514	0.08688	0.05848	0.03148	0.05975	0.11189	0.00532	0.00605	0.00020	0.00013	0.01066	3.7e-05	0.00827	0.00672	0.00280	0.00017
22	0.00230	0.00553	0.02533	0.09046	0.13214	0.07466	0.13980	0.07171	0.05678	0.05455	0.07282	0.06792	0.12628	0.00231	0.00711	4.1e-05	0.02792	0.04209	9e-05	0.00015
23	0.00832	0.00015	0.00429	0.00369	0.00233	0.00824	0.10013	0.00393	0.03834	0.01375	0.16841	0.21647	0.40342	0.00512	0.00831	0.00251	8.5e-05	0.01229	0.00011	0.00012
24	0.00018	0.00013	0.00355	0.00269	0.00569	0.00014	0.00684	0.00251	0.00264	0.01225	0.09469	0.07940	0.04768	0.19175	0.52006	0.00014	0.01094	0.01151	0.00711	0.00010
25	0.01765	0.17884	0.24130	0.01575	0.06378	0.24182	0.06015	0.05492	0.01184	0.04842	0.00623	0.02423	0.00256	0.01175	0.00012	3.6e-05	0.01805	0.00234	6.8e-05	0.00016
26	0.00804	0.06782	0.46546	0.03172	0.14459	0.01424	0.11275	0.01097	0.02351	0.05241	0.00204	0.01035	0.00407	0.01669	0.00823	4e-05	0.01415	0.00372	0.00904	0.00017
27	0.00018	0.00013	0.00016	0.00016	0.00018	0.00013	0.00330	0.00569	0.00019	0.00026	0.01139	0.01521	0.01024	0.49016	0.44497	0.00813	0.00332	0.00604	7.1e-05	9.1e-05
28	0.00451	0.00334	0.04033	0.10671	0.42263	0.01485	0.02846	0.08887	0.00921	0.04496	0.02578	0.05688	0.08420	0.01053	0.02263	4.3e-05	0.00901	0.01826	0.00866	0.00016
29	0.05550	0.31812	0.19005	0.00643	0.03843	0.05422	0.05687	0.12305	0.01825	0.07667	0.00348	0.00205	0.00624	0.00013	0.00649	3.5e-05	0.01857	0.00804	0.00561	0.01177
30	0.00025	0.01833	0.00846	0.34428	0.30720	0.00727	0.06803	0.00307	0.00345	0.00034	0.00820	0.07010	0.01317	0.01292	0.05423	0.00419	0.04001	0.03627	6.5e-05	0.00015
31	0.02397	0.00284	0.34868	0.00648	0.06438	0.01691	0.04365	0.01443	0.00739	0.02171	0.23177	0.05320	0.15081	0.00208	0.00257	4e-05	0.00331	0.00553	8.9e-05	0.00015
32	0.63399	0.08170	0.05836	0.00816	0.04138	0.08541	0.01163	0.00698	0.00391	0.00385	0.00018	0.00292	0.00015	0.00621	0.00670	0.00233	0.04384	7.5e-05	0.00208	0.00014

[dist]
# distance from previous block
# <min> <max>
0	2

[block]
# block no. 5 follows, 2863 sequences, length 9
# corresponding to MSA columns:
# 678-680,695-700
name=unknown_F
#
# <colnr> <probs for GDERKNQSTAVLIFYWHMCP>
#	G	D	E	R	K	N	Q	S	T	A	V	L	I	F	Y	W	H	M	C	P
0	0.00908	0.17971	0.48379	0.01067	0.07262	0.01470	0.07288	0.02555	0.05731	0.00767	0.00024	0.00729	0.00019	0.00971	0.00794	3.9e-05	0.02586	0.00751	0.00709	0.00017
1	0.00017	0.00013	0.00015	0.00016	0.01541	0.00012	0.00011	0.01272	0.01607	0.01360	0.09525	0.20097	0.55616	0.00031	0.00014	4.3e-05	7e-05	0.07343	0.01487	0.00011
2	0.00018	0.00014	0.00016	0.01379	0.00020	0.00013	0.00012	0.01133	0.04324	0.01403	0.42855	0.04958	0.30264	0.01704	0.02829	4.7e-05	0.00968	0.07119	0.00954	0.00011
3	0.01330	0.00656	0.00699	0.00864	0.02139	0.09964	0.02390	0.17129	0.35514	0.02067	0.09324	0.02338	0.02961	0.03454	0.02993	4.6e-05	0.03507	0.01221	0.00748	0.00696
4	0.70312	0.00022	0.00020	0.01621	0.00025	0.00025	0.00014	0.01724	0.01624	0.16468	0.03251	0.00028	0.00021	0.00013	8.8e-05	3.7e-05	9.4e-05	8.5e-05	0.04787	0.00014
5	0.00716	0.00917	0.22411	0.01303	0.03510	0.02521	0.01968	0.02738	0.24348	0.00975	0.12222	0.02404	0.12832	0.01443	0.07370	5.2e-05	0.00013	0.01338	9.4e-05	0.00954
6	0.00017	0.00012	0.00016	0.00015	0.00018	0.00011	0.00011	0.00022	0.00032	0.01818	0.69912	0.01670	0.17477	0.03088	0.02430	4.5e-05	6.8e-05	0.01589	0.01839	0.00011
7	0.00940	0.03167	0.05323	0.04248	0.28720	0.01248	0.15386	0.06799	0.03781	0.01844	0.05019	0.05047	0.03771	0.01095	0.06222	0.00685	0.06670	0.00014	7.6e-05	0.00016
8	0.01700	0.03265	0.00980	0.53056	0.15659	0.00838	0.09549	0.02747	0.00934	0.01118	0.00023	0.00032	0.00018	0.00898	0.02808	0.00822	0.05522	0.00011	6e-05	0.00015

[dist]
# distance from previous block
# <min> <max>
19	35

[block]
# block no. 6 follows, 2863 sequences, length 14
# corresponding to MSA columns:
# 793,804-807,820,821,823-827,834,835
name=unknown_G
#
# <colnr> <probs for GDERKNQSTAVLIFYWHMCP>
#	G	D	E	R	K	N	Q	S	T	A	V	L	I	F	Y	W	H	M	C	P
0	0.04008	0.15418	0.13539	0.10577	0.12394	0.11707	0.05954	0.13294	0.04063	0.03558	0.00458	0.00029	0.00424	0.00441	0.00631	3.7e-05	0.01901	0.00484	0.00548	0.00569
1	0.01030	0.14680	0.57668	0.00801	0.03721	0.04140	0.07746	0.00747	0.00026	0.01625	0.00023	0.01663	0.00018	0.02314	0.00748	4e-05	0.01988	9.8e-05	0.01031	0.00017
2	0.00961	0.00025	0.00665	0.08259	0.03293	0.00025	0.49545	0.02476	0.03761	0.01042	0.00863	0.07686	0.04020	0.00019	0.02595	0.01335	0.00016	0.12880	0.00519	0.00015
3	0.00747	0.00016	0.00017	0.00016	0.00020	0.02518	0.00012	0.06134	0.00943	0.01900	0.08058	0.06053	0.56687	0.01069	0.00014	4.2e-05	7.8e-05	0.10387	0.00999	0.04398
4	0.02789	0.00673	0.01118	0.02214	0.10295	0.01933	0.00865	0.03684	0.00606	0.03303	0.01116	0.00595	0.01440	0.00833	0.00735	2.6e-05	0.00967	0.00462	7.6e-05	0.66360
5	0.30190	0.02253	0.00472	0.23417	0.06967	0.14319	0.00860	0.06794	0.07091	0.01501	0.00464	0.00922	0.00429	0.01160	0.00411	3.9e-05	0.01373	0.00439	0.00407	0.00528
6	0.00026	0.16682	0.76948	0.01311	0.01903	0.01537	0.00040	0.00038	0.00026	0.00037	0.01336	0.00025	0.00017	0.00011	0.00011	3.6e-05	0.00017	8.7e-05	5.3e-05	0.00017
7	0.00541	0.01880	0.08681	0.07890	0.15227	0.13707	0.04003	0.08195	0.10660	0.02907	0.08791	0.01375	0.03743	0.05582	0.01329	4.4e-05	0.03460	0.00755	8.4e-05	0.01263
8	0.00018	0.00013	0.00017	0.00017	0.00019	0.00014	0.00012	0.00021	0.00658	0.00872	0.02604	0.10717	0.02549	0.32552	0.41837	0.00673	0.02585	0.01930	0.01645	0.01248
9	0.01248	0.01773	0.03021	0.39210	0.19028	0.05144	0.06417	0.02085	0.01944	0.01873	0.05223	0.01573	0.02549	0.00507	0.01582	0.00592	0.04559	0.00884	6.8e-05	0.00780
10	0.00507	0.00583	0.03951	0.02690	0.08859	0.02560	0.05429	0.04792	0.01405	0.03835	0.19843	0.01704	0.06347	0.02020	0.02431	3.9e-05	0.04371	0.01878	0.00390	0.26402
11	0.63968	0.00942	0.00637	0.00832	0.02385	0.14448	0.03292	0.00960	0.01786	0.01028	0.00020	0.00594	0.00016	0.01817	0.00496	4e-05	0.06233	0.00520	7.3e-05	0.00014
12	0.00621	0.54203	0.18758	0.01015	0.01399	0.02149	0.10631	0.02811	0.01120	0.01845	0.01365	0.00027	0.00542	0.00013	0.01645	3.4e-05	0.00510	0.01320	6e-05	0.00016
13	0.00025	0.00023	0.00671	0.67928	0.06278	0.02120	0.01203	0.02447	0.03932	0.00518	0.01666	0.02062	0.01336	0.00462	0.01064	4.2e-05	0.03236	0.01379	0.00442	0.03206

[dist]
# distance from previous block
# <min> <max>
0	8

[block]
# block no. 7 follows, 2863 sequences, length 9
# corresponding to MSA columns:
# 844-847,857-861
name=unknown_H
#
# <colnr> <probs for GDERKNQSTAVLIFYWHMCP>
#	G	D	E	R	K	N	Q	S	T	A	V	L	I	F	Y	W	H	M	C	P
0	0.00017	0.00013	0.00015	0.00016	0.01351	0.00012	0.00012	0.01050	0.01137	0.01779	0.31888	0.11333	0.41813	0.01104	0.02490	4.6e-05	7.3e-05	0.04919	0.01029	0.00011
1	0.00991	0.01369	0.01564	0.43245	0.36947	0.02659	0.02442	0.01164	0.01642	0.01278	0.00745	0.01667	0.00680	0.00724	0.01273	4.1e-05	0.00795	0.00011	0.00785	0.00016
2	0.10810	0.00018	0.00022	0.00018	0.00025	0.00017	0.00015	0.02631	0.01671	0.44868	0.22950	0.03284	0.01524	0.07186	0.00016	4.4e-05	9e-05	0.01849	0.03067	0.00016
3	0.00017	0.00013	0.00017	0.00017	0.00019	0.01050	0.00013	0.00021	0.00024	0.01135	0.19401	0.20729	0.10555	0.06172	0.35764	0.01273	0.01212	0.01491	0.01067	0.00011
4	0.00016	0.00012	0.00014	0.00015	0.00018	0.00011	0.00011	0.00020	0.00028	0.02474	0.26611	0.31702	0.33394	0.02386	0.00016	4.5e-05	6.6e-05	0.01616	0.01634	0.00011
5	0.01156	0.01032	0.07074	0.03374	0.10518	0.01790	0.05138	0.03005	0.08620	0.03235	0.09982	0.16170	0.02810	0.01984	0.16478	0.00686	0.02239	0.03947	0.00748	0.00014
6	0.02425	0.16906	0.27310	0.12666	0.13912	0.04870	0.01195	0.05994	0.01948	0.03136	0.01061	0.00963	0.02545	0.00870	0.01456	3.9e-05	0.02022	0.00695	6.7e-05	0.00016
7	0.00018	0.00013	0.00016	0.02541	0.00020	0.00012	0.00012	0.00023	0.00033	0.01974	0.82898	0.02009	0.08478	0.00025	0.00014	3.8e-05	6.1e-05	0.00022	0.01871	0.00012
8	0.03688	0.14308	0.18041	0.23548	0.14117	0.07224	0.01931	0.02546	0.01179	0.01343	0.02144	0.02363	0.02090	0.00796	0.01250	3.9e-05	0.01944	0.00644	0.00825	0.00015

[dist]
# distance from previous block
# <min> <max>
5	31

[block]
# block no. 8 follows, 2863 sequences, length 24
# corresponding to MSA columns:
# 898-912,919-927
name=unknown_I
#
# <colnr> <probs for GDERKNQSTAVLIFYWHMCP>
#	G	D	E	R	K	N	Q	S	T	A	V	L	I	F	Y	W	H	M	C	P
0	0.00351	0.00607	0.03201	0.07103	0.18306	0.03882	0.52457	0.01808	0.01921	0.01452	0.01801	0.01479	0.01109	0.00720	0.00758	4.1e-05	0.01026	0.00691	6.7e-05	0.01318
1	0.00016	0.00012	0.00014	0.00014	0.00017	0.00011	0.00010	0.00576	0.00821	0.01175	0.21088	0.23422	0.51241	0.00031	0.00014	4.2e-05	6.4e-05	0.00903	0.00611	0.00011
2	0.00422	0.00881	0.04522	0.01642	0.00965	0.00285	0.01402	0.01809	0.03736	0.00889	0.09175	0.12760	0.26409	0.28055	0.02895	6.8e-05	0.00514	0.03611	9.7e-05	0.00011
3	0.01104	0.00012	0.00015	0.00016	0.00018	0.00011	0.00011	0.00020	0.00028	0.02134	0.34923	0.48034	0.09366	0.00584	0.00015	4.5e-05	6.7e-05	0.03059	0.00627	0.00011
4	0.00045	0.01095	0.00036	0.00028	0.00037	0.01088	0.00023	0.89279	0.08128	0.00073	0.00030	0.00030	0.00022	0.00015	0.00012	3.7e-05	0.00013	0.00011	0.00012	0.00020
5	0.00023	0.00022	0.00037	0.94934	0.00081	0.00027	0.01857	0.00031	0.00024	0.00031	0.00022	0.00032	0.00016	0.00012	0.00012	4e-05	0.01289	0.00011	0.01521	0.00013
6	0.00726	0.00027	0.00029	0.01210	0.03803	0.03499	0.00020	0.21163	0.50579	0.10250	0.02951	0.00043	0.02441	0.00016	0.00012	3.9e-05	0.00011	0.00013	0.03184	0.00019
7	0.00353	0.08863	0.00541	0.02348	0.05677	0.03681	0.00335	0.16972	0.01276	0.11593	0.01656	0.00337	0.00302	0.00017	0.00023	4.2e-05	0.40469	0.00303	0.05236	0.00016
8	0.01828	0.00918	0.06310	0.01857	0.02090	0.04624	0.00502	0.03983	0.02211	0.02246	0.03629	0.00478	0.01847	0.00011	9.9e-05	2.4e-05	0.00011	8.9e-05	7.7e-05	0.67425
9	0.17511	0.15579	0.33411	0.01953	0.10134	0.03630	0.05775	0.01660	0.01041	0.02537	0.02433	0.01533	0.00850	0.00013	0.00280	3.7e-05	0.00515	0.01118	6.6e-05	0.00016
10	0.00017	0.00012	0.00015	0.00016	0.00017	0.00011	0.00011	0.00019	0.00021	0.00028	0.01751	0.33168	0.00782	0.47070	0.02655	8.6e-05	0.00010	0.14370	9.3e-05	8.9e-05
11	0.00016	0.00012	0.00015	0.00016	0.00018	0.00011	0.00012	0.00020	0.00981	0.00037	0.29008	0.49929	0.10557	0.00033	0.00015	4.6e-05	7e-05	0.09286	0.00012	0.00011
12	0.00753	0.00606	0.13306	0.10525	0.29818	0.00425	0.02918	0.01389	0.04696	0.07511	0.08714	0.00876	0.12166	0.00568	0.00548	4e-05	0.00727	0.04096	0.00338	0.00016
13	0.02965	0.00314	0.19096	0.32732	0.25681	0.00734	0.03486	0.01641	0.00308	0.08152	0.00285	0.00744	0.00019	0.00775	0.01304	4.1e-05	0.00474	0.00337	0.00932	0.00016
14	0.00015	0.00011	0.00014	0.00017	0.00018	0.00010	0.00011	0.00017	0.00024	0.00745	0.03339	0.89349	0.04460	0.00865	0.00016	4.9e-05	7e-05	0.01055	0.00011	0.0001
15	0.00017	0.00012	0.00014	0.00015	0.00015	0.00012	9e-05	0.00018	0.00020	0.00026	0.01006	0.17932	0.01697	0.71547	0.01046	0.0001	0.00011	0.06578	8.4e-05	8.2e-05
16	0.00370	0.00494	0.57033	0.12173	0.14797	0.01077	0.01332	0.01023	0.03004	0.03992	0.00910	0.00886	0.00482	0.00995	0.00268	4e-05	0.00721	0.00415	6.2e-05	0.00017
17	0.00576	0.02393	0.04639	0.06491	0.03829	0.03503	0.18796	0.04708	0.01712	0.03906	0.03517	0.23307	0.12184	0.00370	0.00890	4.4e-05	0.00331	0.08820	9.3e-05	0.00014
18	0.00025	0.00059	0.89171	0.00034	0.00050	0.03521	0.01592	0.00038	0.00026	0.00775	0.00600	0.00027	0.00499	0.00521	0.00594	0.01832	0.00604	9.3e-05	5.3e-05	0.00017
19	0.00017	0.00013	0.00016	0.00015	0.00018	0.00012	0.00011	0.01648	0.00033	0.01176	0.71371	0.00095	0.25479	0.00026	0.00014	3.9e-05	6e-05	0.00023	0.00013	0.00011
20	0.00026	0.00022	0.00025	0.00018	0.00029	0.00017	0.00015	0.02031	0.02143	0.01717	0.00807	0.00027	0.00743	9.6e-05	9.2e-05	1.9e-05	9e-05	7.7e-05	7.6e-05	0.92335
21	0.00024	0.00061	0.97296	0.00034	0.00052	0.00028	0.00044	0.00038	0.00025	0.00038	0.00022	0.00027	0.00016	0.02229	0.00013	4e-05	0.00018	9.1e-05	5.2e-05	0.00018
22	0.00015	0.00012	0.00013	0.00013	0.00017	0.00011	0.0001	0.00019	0.00029	0.00036	0.20844	0.03955	0.72851	0.00030	0.00014	4.1e-05	6.2e-05	0.02098	0.00012	0.00010
23	0.08900	0.02533	0.10191	0.03847	0.06196	0.04362	0.07792	0.05180	0.01261	0.11969	0.00643	0.03120	0.00798	0.11269	0.20489	7.9e-05	0.01119	0.00300	8e-05	0.00014

[dist]
# distance from previous block
# <min> <max>
0	2

[block]
# block no. 9 follows, 2863 sequences, length 24
# corresponding to MSA columns:
# 930-946,958-964
name=unknown_J
#
# <colnr> <probs for GDERKNQSTAVLIFYWHMCP>
#	G	D	E	R	K	N	Q	S	T	A	V	L	I	F	Y	W	H	M	C	P
0	0.00530	0.50067	0.30372	0.00028	0.00041	0.04274	0.08314	0.03578	0.00603	0.00693	0.00020	0.00418	0.00017	0.00011	0.0001	3.2e-05	0.00409	0.00589	5.7e-05	0.00016
1	0.79060	0.01990	0.09338	0.01307	0.02004	0.01859	0.01860	0.01269	0.00022	0.00705	0.00018	0.00021	0.00014	0.00011	8.4e-05	3.7e-05	0.00481	7.2e-05	7.2e-05	0.00014
2	0.00928	0.01022	0.01884	0.00415	0.01005	0.00674	0.00808	0.02301	0.18479	0.00885	0.11915	0.26818	0.26072	0.00402	0.01273	4.5e-05	0.00322	0.03673	0.00011	0.01106
3	0.00016	0.00012	0.00014	0.00014	0.00017	0.00011	0.00011	0.00020	0.00030	0.00040	0.47985	0.10063	0.40561	0.00029	0.00014	4.1e-05	6.1e-05	0.01128	0.00012	0.00011
4	0.00382	0.01813	0.64628	0.01007	0.03327	0.01399	0.05725	0.03723	0.08172	0.01435	0.03013	0.00818	0.03393	0.00013	0.00012	3.8e-05	0.00296	0.00489	0.00333	0.00017
5	0.00015	0.00012	0.00013	0.00013	0.00017	0.00010	9.7e-05	0.00018	0.00028	0.00035	0.13004	0.04988	0.79747	0.00030	0.00015	0.01098	6.2e-05	0.00920	0.00011	0.00010
6	0.00027	0.01007	0.02736	0.10777	0.56133	0.00978	0.01861	0.00359	0.00293	0.00953	0.05148	0.01285	0.02821	0.01032	0.01298	4.2e-05	0.01190	0.11797	7.2e-05	0.00294
7	0.16441	0.01597	0.00965	0.01657	0.12319	0.05587	0.00313	0.27054	0.01235	0.31004	0.00346	0.00032	0.00340	0.00014	0.00011	3.7e-05	0.00303	0.00332	0.00429	0.00018
8	0.00576	0.00015	0.00018	0.00016	0.00021	0.00014	0.00013	0.05104	0.00500	0.20831	0.32268	0.01686	0.31732	0.00802	0.00014	3.9e-05	7.3e-05	0.00565	0.05801	0.00013
9	0.00048	0.00523	0.00565	0.00022	0.00030	0.00019	0.00464	0.09312	0.00654	0.75477	0.10951	0.00046	0.00831	0.00016	0.00449	3.8e-05	0.00010	0.00013	0.00546	0.00019
10	0.00023	0.00022	0.00036	0.97454	0.00082	0.00027	0.00033	0.00031	0.00024	0.00031	0.00021	0.00032	0.00016	0.00012	0.00013	4.1e-05	0.02108	0.00011	5.4e-05	0.00013
11	0.00026	0.35380	0.41539	0.00026	0.00543	0.00032	0.03297	0.00034	0.00787	0.00534	0.00895	0.00895	0.14666	0.00015	0.00011	3.5e-05	0.00014	0.01282	6.4e-05	0.00016
12	0.01066	0.00022	0.01258	0.00019	0.00030	0.00017	0.00016	0.01281	0.00028	0.28937	0.01105	0.00030	0.00022	0.00011	0.00010	2.4e-05	9.5e-05	8.8e-05	9.5e-05	0.66117
13	0.93706	0.00024	0.00019	0.00017	0.00024	0.01093	0.00014	0.03655	0.00022	0.01314	0.00018	0.00020	0.00014	0.00011	7.8e-05	3.7e-05	9.7e-05	6.8e-05	7.7e-05	0.00013
14	0.01696	0.12344	0.16486	0.01500	0.01373	0.00805	0.01759	0.32309	0.01193	0.02180	0.06730	0.04751	0.06241	0.01492	0.06858	4.9e-05	0.00998	0.01253	9.2e-05	0.00016
15	0.00023	0.00022	0.00037	0.92443	0.07182	0.00027	0.00034	0.00031	0.00024	0.00032	0.00022	0.00032	0.00016	0.00012	0.00012	4e-05	0.00016	0.00011	5.4e-05	0.00014
16	0.00861	0.00024	0.00029	0.00023	0.00032	0.00025	0.00019	0.19829	0.23151	0.54299	0.00807	0.00040	0.00030	0.00015	0.00012	3.8e-05	0.00011	0.00012	0.00756	0.00020
17	0.00030	0.00029	0.00049	0.00074	0.99499	0.00029	0.00037	0.00037	0.00028	0.00040	0.00023	0.00030	0.00019	0.00011	0.00012	3.6e-05	0.00014	0.00011	6e-05	0.00019
18	0.00016	0.00012	0.00014	0.00014	0.00017	0.00011	0.00010	0.00020	0.00029	0.00771	0.29985	0.04097	0.59745	0.00760	0.00015	4.2e-05	6.3e-05	0.04449	0.00012	0.00011
19	0.04092	0.00021	0.00027	0.00021	0.00030	0.00019	0.00017	0.05321	0.01775	0.82085	0.03048	0.00813	0.01793	0.00016	0.00012	3.8e-05	0.00010	0.00013	0.00864	0.00020
20	0.00017	0.00012	0.00016	0.00015	0.00018	0.00011	0.00011	0.00023	0.00033	0.01171	0.90213	0.06818	0.01542	0.00026	0.00014	3.9e-05	5.9e-05	0.00023	0.00013	0.00011
21	0.00415	0.03880	0.06571	0.12059	0.17255	0.00542	0.03722	0.06988	0.01946	0.03352	0.06710	0.03566	0.05766	0.06521	0.12060	0.02661	0.03625	0.02001	0.00347	0.00014
22	0.00941	0.00030	0.00033	0.00026	0.00035	0.00033	0.00021	0.63759	0.17052	0.16084	0.00846	0.00034	0.00026	0.00015	0.00012	3.7e-05	0.00012	0.00012	0.01007	0.00020
23	0.00299	0.02716	0.03286	0.08592	0.07859	0.29407	0.00998	0.05409	0.08166	0.02096	0.01202	0.02740	0.02601	0.02277	0.10539	5.6e-05	0.10442	0.00451	0.00544	0.00370

[dist]
# distance from previous block
# <min> <max>
0	2

[block]
# block no. 10 follows, 2863 sequences, length 12
# corresponding to MSA columns:
# 972-983
name=unknown_K
#
# <colnr> <probs for GDERKNQSTAVLIFYWHMCP>
#	G	D	E	R	K	N	Q	S	T	A	V	L	I	F	Y	W	H	M	C	P
0	0.03912	0.09856	0.04123	0.25931	0.06560	0.32673	0.03392	0.08237	0.01055	0.01396	0.00022	0.00646	0.00632	0.00013	0.00644	3.6e-05	0.00872	9.6e-05	6.6e-05	0.00015
1	0.00017	0.00013	0.00015	0.00015	0.00018	0.00012	0.00011	0.00023	0.06353	0.00040	0.36197	0.06847	0.47057	0.00028	0.00014	4.1e-05	6.4e-05	0.03307	0.00012	0.00011
2	0.00033	0.89993	0.02979	0.00022	0.00032	0.03835	0.00022	0.02912	0.00026	0.00030	0.00017	0.00020	0.00016	0.00011	8.1e-05	2.7e-05	0.00013	6.7e-05	5.4e-05	0.00016
3	0.00030	0.00021	0.00025	0.00019	0.00029	0.00017	0.00015	0.01547	0.01731	0.15837	0.02416	0.01316	0.01158	0.00011	9.8e-05	2.3e-05	9.1e-05	9.1e-05	0.01130	0.74670
4	0.00018	0.00014	0.00019	0.01075	0.04841	0.00013	0.03331	0.00023	0.01153	0.00043	0.62783	0.02109	0.22699	0.00025	0.00014	3.9e-05	7e-05	0.01804	0.00012	0.00012
5	0.92028	0.00024	0.00019	0.00016	0.00024	0.00027	0.00014	0.04881	0.00023	0.00055	0.02790	0.00022	0.00016	0.00012	7.9e-05	3.7e-05	9.5e-05	7.2e-05	7.9e-05	0.00013
6	0.00046	0.00022	0.00028	0.00022	0.00030	0.00021	0.00018	0.09570	0.14741	0.65804	0.03573	0.01179	0.01830	0.00017	0.01753	4.1e-05	0.00011	0.00013	0.01300	0.00019
7	0.00022	0.00012	0.00013	0.00012	0.00016	0.00012	9.4e-05	0.01079	0.02417	0.01144	0.04556	0.01867	0.07005	0.02640	0.00011	3.3e-05	6.2e-05	0.01684	0.77479	0.00011
8	0.00016	0.00012	0.00015	0.00014	0.00018	0.00011	0.00011	0.00021	0.00033	0.00045	0.74915	0.00097	0.24695	0.00026	0.00014	3.9e-05	5.8e-05	0.00023	0.00013	0.00011
9	0.99660	0.00023	0.00018	0.00016	0.00023	0.00027	0.00013	0.00036	0.00021	0.00054	0.00017	0.00020	0.00013	0.00011	7.5e-05	3.7e-05	9.4e-05	6.6e-05	7.5e-05	0.00013
10	0.00712	0.00021	0.07051	0.06809	0.03247	0.00838	0.04955	0.00955	0.02147	0.03211	0.10820	0.06614	0.02271	0.01350	0.03235	4.6e-05	0.01564	0.26015	9.2e-05	0.18170
11	0.06025	0.02041	0.01151	0.40681	0.32448	0.04481	0.01237	0.01661	0.00026	0.01810	0.00024	0.00032	0.01758	0.00015	0.02891	4.3e-05	0.03683	0.00011	6.2e-05	0.00016

[dist]
# distance from previous block
# <min> <max>
0	18

[block]
# block no. 11 follows, 2863 sequences, length 7
# corresponding to MSA columns:
# 1002,1013-1017,1027
name=unknown_L
#
# <colnr> <probs for GDERKNQSTAVLIFYWHMCP>
#	G	D	E	R	K	N	Q	S	T	A	V	L	I	F	Y	W	H	M	C	P
0	0.01815	0.01640	0.01802	0.04780	0.20526	0.08054	0.40895	0.02935	0.05500	0.03626	0.00026	0.01212	0.00021	0.00013	0.01166	4.1e-05	0.04926	0.01034	7e-05	0.00017
1	0.04905	0.00906	0.02588	0.02145	0.09280	0.12137	0.01010	0.07575	0.05799	0.44782	0.01044	0.00944	0.00877	0.02165	0.00013	3.9e-05	0.00934	0.01063	0.00011	0.01820
2	0.00016	0.00012	0.00014	0.00014	0.00017	0.00011	0.00010	0.00020	0.00031	0.00041	0.52145	0.05106	0.42463	0.00028	0.00014	4e-05	6e-05	0.00024	0.00012	0.00011
3	0.01369	0.00018	0.00023	0.06409	0.00028	0.00019	0.02096	0.17900	0.07000	0.00049	0.41923	0.07622	0.09971	0.00024	0.02163	4.3e-05	9.2e-05	0.01940	0.01420	0.00014
4	0.04185	0.10564	0.06576	0.09969	0.12745	0.26240	0.07753	0.12172	0.02456	0.03298	0.00023	0.00028	0.00019	0.00013	0.01177	3.7e-05	0.01632	0.01121	7.2e-05	0.00016
5	0.00025	0.02370	0.77081	0.01249	0.05915	0.01712	0.01502	0.01295	0.01058	0.01166	0.00024	0.01079	0.01348	0.01684	0.01094	4.1e-05	0.01362	9.9e-05	5.7e-05	0.00017
6	0.00015	0.00011	0.00014	0.00016	0.00017	0.00010	0.00011	0.00017	0.00024	0.00031	0.03634	0.77905	0.06514	0.08579	0.00019	5.4e-05	7.5e-05	0.03148	0.00011	9.7e-05

[dist]
# distance from previous block
# <min> <max>
2	16

[block]
# block no. 12 follows, 2863 sequences, length 20
# corresponding to MSA columns:
# 1046-1065
name=unknown_M
#
# <colnr> <probs for GDERKNQSTAVLIFYWHMCP>
#	G	D	E	R	K	N	Q	S	T	A	V	L	I	F	Y	W	H	M	C	P
0	0.00024	0.00063	0.99512	0.00034	0.00052	0.00028	0.00045	0.00038	0.00026	0.00038	0.00022	0.00026	0.00015	0.00011	0.00011	3.8e-05	0.00018	8.9e-05	5.1e-05	0.00018
1	0.00032	0.00033	0.00042	0.26304	0.45578	0.21774	0.01209	0.01845	0.00029	0.00858	0.00023	0.00030	0.00631	0.00012	0.00012	3.6e-05	0.00786	0.00777	6.1e-05	0.00016
2	0.00015	0.00012	0.00013	0.00013	0.00017	0.00011	0.00010	0.00019	0.00028	0.01126	0.13560	0.02821	0.77893	0.00030	0.00014	4.1e-05	6.4e-05	0.04383	0.00012	0.00011
3	0.00032	0.95792	0.01995	0.00021	0.00032	0.01903	0.00021	0.00037	0.00025	0.00029	0.00017	0.00020	0.00016	0.00010	7.9e-05	2.6e-05	0.00013	6.5e-05	5.2e-05	0.00016
4	0.00016	0.00012	0.00014	0.00013	0.00017	0.00011	9.9e-05	0.00020	0.00029	0.01524	0.27110	0.02520	0.64458	0.00028	0.00014	4e-05	6.1e-05	0.00024	0.04160	0.00011
5	0.00016	0.00012	0.00014	0.00014	0.00017	0.00011	0.00010	0.00021	0.00905	0.00713	0.45349	0.01751	0.45976	0.03611	0.00016	4.2e-05	6.2e-05	0.00795	0.00745	0.00011
6	0.01220	0.00402	0.17771	0.06677	0.10811	0.12906	0.05899	0.00900	0.01692	0.02607	0.04006	0.17480	0.04100	0.00506	0.00013	3.8e-05	0.01370	0.00719	0.00357	0.10561
7	0.00020	0.00012	0.00017	0.00017	0.00600	0.00013	0.00012	0.00781	0.00599	0.00735	0.00026	0.01244	0.00026	0.05323	0.27321	0.62393	0.00835	0.00012	5.9e-05	7.4e-05
8	0.01415	0.18400	0.02108	0.00450	0.01581	0.10566	0.00363	0.44131	0.12152	0.01212	0.03538	0.00351	0.00025	0.01203	0.00712	3.7e-05	0.00992	0.00426	0.00353	0.00018
9	0.00589	0.26014	0.27386	0.00554	0.03636	0.06818	0.04375	0.07336	0.05075	0.05067	0.00487	0.00818	0.00416	0.00405	0.00011	3.3e-05	0.00360	0.00374	7e-05	0.10270
10	0.00034	0.52060	0.07044	0.00025	0.01112	0.25041	0.01130	0.04583	0.00749	0.00420	0.02758	0.00568	0.02787	0.00497	0.00357	3.1e-05	0.00358	0.00451	6.3e-05	0.00015
11	0.00312	0.00901	0.03158	0.00342	0.01229	0.00592	0.02307	0.02470	0.04273	0.05906	0.06892	0.03936	0.08721	0.00362	0.00307	2.8e-05	0.00385	0.01813	8.8e-05	0.56081
12	0.01384	0.01493	0.17457	0.02690	0.05458	0.00927	0.05563	0.06409	0.03315	0.44591	0.05521	0.00741	0.01121	0.00402	0.00012	3.8e-05	0.00322	0.00701	0.00344	0.01546
13	0.02062	0.02961	0.25274	0.03905	0.03338	0.00935	0.19087	0.01643	0.11761	0.01021	0.06602	0.09946	0.08440	0.00327	0.00720	4.1e-05	0.00535	0.01113	8.2e-05	0.00320
14	0.00017	0.00012	0.00015	0.00015	0.00016	0.00965	0.0001	0.00019	0.00020	0.00026	0.00776	0.18996	0.00049	0.57366	0.18969	0.00012	0.00015	0.01663	0.01031	8.7e-05
15	0.00018	0.00013	0.00015	0.00014	0.00018	0.00011	0.00011	0.00022	0.01033	0.05592	0.37540	0.05515	0.49015	0.01112	0.00015	4.1e-05	6.3e-05	0.00024	0.00012	0.00011
16	0.00933	0.00022	0.02926	0.04498	0.06621	0.00467	0.08725	0.09039	0.03623	0.25482	0.09010	0.00557	0.20002	0.00021	0.03067	4.3e-05	0.00012	0.01346	0.02150	0.01495
17	0.02699	0.01249	0.03265	0.14943	0.02136	0.64086	0.00687	0.05087	0.00033	0.04252	0.00021	0.00507	0.00017	0.00013	0.00011	3.4e-05	0.00960	8.8e-05	6.8e-05	0.00015
18	0.01079	0.00021	0.00028	0.00022	0.00031	0.00019	0.00018	0.08027	0.01053	0.83495	0.01990	0.02742	0.00713	0.00016	0.00012	3.8e-05	0.00010	0.00013	0.00688	0.00020
19	0.00016	0.00011	0.00015	0.00017	0.00019	0.00011	0.00012	0.00019	0.00898	0.00032	0.01820	0.73695	0.06704	0.01228	0.00016	5e-05	7.7e-05	0.15453	0.00011	0.00010

[dist]
# distance from previous block
# <min> <max>
2	5

[block]
# block no. 13 follows, 2863 sequences, length 7
# corresponding to MSA columns:
# 1074-1079,1083
name=unknown_N
#
# <colnr> <probs for GDERKNQSTAVLIFYWHMCP>
#	G	D	E	R	K	N	Q	S	T	A	V	L	I	F	Y	W	H	M	C	P
0	0.02185	0.00023	0.01864	0.00022	0.00031	0.01997	0.00018	0.11078	0.00036	0.74904	0.03186	0.01910	0.02656	0.00016	0.00012	3.8e-05	0.00011	0.00013	0.00014	0.00019
1	0.00028	0.07641	0.21824	0.04342	0.29659	0.02631	0.10705	0.02039	0.03929	0.01428	0.02929	0.01099	0.04381	0.00939	0.00013	3.8e-05	0.02691	0.00932	6.8e-05	0.02777
2	0.01647	0.00014	0.00017	0.00015	0.00019	0.00013	0.00012	0.01633	0.01757	0.03250	0.57773	0.03132	0.21322	0.00024	0.00014	3.7e-05	6.5e-05	0.00021	0.01796	0.07531
3	0.02935	0.04451	0.05269	0.01996	0.06196	0.02976	0.07179	0.14847	0.08985	0.04957	0.12488	0.11070	0.12497	0.01022	0.01108	4.2e-05	0.00911	0.01084	0.00010	0.00015
4	0.03546	0.08700	0.07210	0.07532	0.16888	0.02512	0.04842	0.27477	0.03809	0.06553	0.00029	0.02862	0.00813	0.00821	0.00959	0.00814	0.01144	0.01801	0.00830	0.00857
5	0.00018	0.00013	0.00016	0.00015	0.00019	0.00012	0.01290	0.01223	0.02484	0.01926	0.46979	0.04834	0.32923	0.01723	0.01373	0.01308	7e-05	0.02564	0.01260	0.00011
6	0.00832	0.05575	0.15792	0.05064	0.10124	0.03370	0.02657	0.03154	0.04749	0.04953	0.13931	0.06232	0.16095	0.01878	0.01433	0.00790	0.01188	0.01272	0.00898	0.00014

[dist]
# distance from previous block
# <min> <max>
13	55

[block]
# block no. 14 follows, 2863 sequences, length 19
# corresponding to MSA columns:
# 1145-1163
name=unknown_O
#
# <colnr> <probs for GDERKNQSTAVLIFYWHMCP>
#	G	D	E	R	K	N	Q	S	T	A	V	L	I	F	Y	W	H	M	C	P
0	0.00032	0.08838	0.14434	0.00662	0.02947	0.18090	0.47917	0.03482	0.00030	0.00522	0.00410	0.00030	0.00421	0.00439	0.00776	3.9e-05	0.00555	0.00392	6.2e-05	0.00016
1	0.00017	0.00013	0.00017	0.01455	0.02897	0.00012	0.00843	0.01703	0.00025	0.02094	0.12000	0.63682	0.04184	0.02058	0.07235	5.8e-05	0.00851	0.00886	0.00011	0.00011
2	0.01128	0.00028	0.00033	0.00027	0.03800	0.00649	0.00021	0.54246	0.02665	0.28636	0.00034	0.00033	0.00024	0.00604	0.01149	3.8e-05	0.00012	0.00011	0.00012	0.06883
3	0.00020	0.00017	0.00027	0.01919	0.13748	0.00732	0.10951	0.01507	0.03043	0.01102	0.06022	0.48359	0.09995	0.00027	0.00014	4.4e-05	9.9e-05	0.01705	0.0001	0.00785
4	0.00899	0.00020	0.00027	0.00021	0.00029	0.00017	0.00017	0.00965	0.00034	0.85948	0.07183	0.00048	0.02640	0.00780	0.00013	3.8e-05	9.9e-05	0.01311	0.00015	0.00019
5	0.00015	0.00012	0.00013	0.00013	0.00017	0.00011	9.7e-05	0.01073	0.00028	0.00034	0.04244	0.01804	0.90566	0.00030	0.00014	4.1e-05	6.3e-05	0.02084	0.00011	0.00010
6	0.97018	0.00024	0.00018	0.00016	0.00024	0.00027	0.00013	0.02673	0.00022	0.00055	0.00017	0.00020	0.00013	0.00011	7.6e-05	3.7e-05	9.5e-05	6.7e-05	7.6e-05	0.00013
7	0.00028	0.00027	0.01596	0.34076	0.53781	0.01455	0.00811	0.03301	0.01170	0.00952	0.00624	0.00033	0.01582	0.00012	0.00012	3.8e-05	0.00015	0.00011	0.00494	0.00017
8	0.20435	0.06082	0.08192	0.16797	0.13060	0.15423	0.05707	0.04735	0.00434	0.03730	0.00023	0.02226	0.00019	0.00374	0.00431	3.8e-05	0.00427	0.01308	0.00576	0.00015
9	0.93171	0.00023	0.00018	0.00016	0.00024	0.00027	0.00013	0.01352	0.00021	0.02795	0.00018	0.00021	0.00014	0.00012	8.6e-05	0.02429	9.5e-05	6.9e-05	7.7e-05	0.00013
10	0.00027	0.00028	0.02526	0.00442	0.04846	0.00414	0.61596	0.03453	0.00471	0.02715	0.05844	0.02915	0.09290	0.00734	0.00543	4.2e-05	0.01336	0.02794	7.7e-05	0.00015
11	0.00045	0.00056	0.00034	0.00031	0.00037	0.94401	0.00023	0.01365	0.01609	0.02262	0.00020	0.00023	0.00016	0.00013	0.00011	3.2e-05	0.00021	8e-05	6.6e-05	0.00014
12	0.00026	0.00015	0.00019	0.00017	0.01527	0.00013	0.00013	0.01013	0.00033	0.24528	0.48540	0.04606	0.19554	0.00024	0.00014	3.9e-05	7.2e-05	0.00021	0.00013	0.00014
13	0.00026	0.00024	0.01592	0.67233	0.23106	0.00568	0.00033	0.01339	0.00577	0.02094	0.00023	0.00032	0.00018	0.00013	0.01046	0.01696	0.00549	0.00011	5.9e-05	0.00015
14	0.00016	0.00011	0.00014	0.00017	0.00018	0.00010	0.00011	0.00018	0.00023	0.02674	0.00066	0.96923	0.00079	0.00037	0.00015	4.9e-05	7.1e-05	0.00034	0.00011	0.00010
15	0.00638	0.00021	0.00027	0.00021	0.00030	0.01304	0.00017	0.01014	0.03718	0.82658	0.02532	0.02378	0.04776	0.00016	0.00012	3.8e-05	0.00010	0.00014	0.00791	0.00019
16	0.02965	0.00029	0.02416	0.00026	0.01641	0.01221	0.00394	0.53276	0.01920	0.28742	0.02318	0.00036	0.00755	0.00373	0.00717	3.8e-05	0.00598	0.00826	0.01724	0.00019
17	0.01013	0.01672	0.17632	0.10841	0.27364	0.01290	0.19654	0.03549	0.00371	0.00604	0.00762	0.02091	0.00490	0.00015	0.00014	0.01247	0.02783	0.08586	6.7e-05	0.00016
18	0.00015	0.00011	0.00014	0.00016	0.00018	0.00010	0.00011	0.00018	0.00024	0.01030	0.01739	0.84364	0.09942	0.01765	0.00016	4.9e-05	7.1e-05	0.00973	0.00011	0.0001

[dist]
# distance from previous block
# <min> <max>
3	297

# created by:
# /home/cegg/simao/soft/augustus-3.2.1/scripts/msa2prfl.pl ./align_prep/POG091H0124.fa
