[name]
unknown

[dist]
# distance from previous block
# <min> <max>
0	124

[block]
# block no. 0 follows, 3052 sequences, length 12
# corresponding to MSA columns:
# 336-342,354-356,360,361
name=unknown_A
#
# <colnr> <probs for GDERKNQSTAVLIFYWHMCP>
#	G	D	E	R	K	N	Q	S	T	A	V	L	I	F	Y	W	H	M	C	P
0	0.00741	0.00015	0.00018	0.00019	0.00692	0.00615	0.00621	0.02310	0.08685	0.01883	0.06756	0.08947	0.09046	0.05083	0.01180	5.1e-05	9.6e-05	0.52554	0.00010	0.00810
1	0.00023	0.00022	0.00036	0.67163	0.18636	0.00952	0.01953	0.00949	0.01613	0.00750	0.00742	0.00033	0.01083	0.00662	0.01575	4e-05	0.02196	0.00922	5.6e-05	0.00683
2	0.03289	0.00013	0.00014	0.00013	0.00017	0.00012	0.00010	0.03491	0.03500	0.00037	0.22032	0.02332	0.65148	0.00026	0.00013	3.8e-05	6.1e-05	0.00022	0.00011	0.00011
3	0.00709	0.00636	0.02646	0.00016	0.00021	0.09329	0.00976	0.07254	0.04529	0.00704	0.13988	0.01504	0.55650	0.00024	0.00013	3.7e-05	0.00698	0.00672	0.00615	0.00012
4	0.28064	0.00023	0.00025	0.02616	0.00029	0.00024	0.00017	0.28763	0.03593	0.26463	0.00033	0.10247	0.00026	0.00015	0.00010	3.6e-05	0.00010	0.00012	0.00011	0.00016
5	0.89453	0.00022	0.00018	0.10233	0.00028	0.00025	0.00014	0.00033	0.00020	0.00049	0.00016	0.00020	0.00013	0.00011	7.5e-05	3.5e-05	9.4e-05	6.6e-05	6.8e-05	0.00012
6	0.01141	0.03298	0.09433	0.08062	0.28632	0.01462	0.07062	0.04751	0.04540	0.05190	0.02183	0.13523	0.05849	0.01983	0.00684	3.9e-05	0.00585	0.00736	0.00868	0.00015
7	0.00850	0.00014	0.00018	0.01397	0.01808	0.01587	0.00651	0.00585	0.00021	0.13620	0.00867	0.12448	0.07176	0.14216	0.22317	0.14504	0.03116	0.00835	0.03959	0.00010
8	0.22349	0.00024	0.00035	0.27688	0.41784	0.00026	0.00993	0.00910	0.00869	0.02536	0.00916	0.00028	0.00017	0.00011	0.00011	3.5e-05	0.00912	9.4e-05	0.00864	0.00015
9	0.71776	0.01063	0.00022	0.08464	0.02320	0.05333	0.00016	0.06115	0.00023	0.01652	0.00018	0.00021	0.00014	0.00012	0.01020	3.7e-05	0.02101	7.1e-05	7.1e-05	0.00013
10	0.00023	0.00020	0.00032	0.50138	0.13047	0.01165	0.02634	0.02408	0.04591	0.01037	0.01406	0.09919	0.01442	0.00731	0.00680	0.00691	0.03999	0.05163	0.00862	0.00013
11	0.03487	0.00519	0.00699	0.20678	0.33321	0.03635	0.03639	0.04681	0.03159	0.03607	0.03028	0.03339	0.02626	0.00471	0.00502	0.00489	0.01763	0.00644	6.9e-05	0.09707

[dist]
# distance from previous block
# <min> <max>
7	66

[block]
# block no. 1 follows, 3052 sequences, length 15
# corresponding to MSA columns:
# 431-445
name=unknown_B
#
# <colnr> <probs for GDERKNQSTAVLIFYWHMCP>
#	G	D	E	R	K	N	Q	S	T	A	V	L	I	F	Y	W	H	M	C	P
0	0.00022	0.00020	0.00034	0.92829	0.02627	0.00025	0.00031	0.00029	0.00023	0.00029	0.01875	0.00031	0.00017	0.00012	0.00012	3.8e-05	0.02352	0.00010	5.2e-05	0.00013
1	0.00026	0.00021	0.00986	0.00018	0.00027	0.00017	0.00015	0.07775	0.00026	0.03952	0.00023	0.00026	0.01199	0.00013	0.04209	2.7e-05	0.01176	7.7e-05	7.4e-05	0.80474
2	0.00029	0.00023	0.00025	0.00022	0.00029	0.00026	0.00018	0.06611	0.75710	0.04163	0.01646	0.01367	0.03274	0.00017	0.00012	3.9e-05	9.1e-05	0.05822	0.01177	0.00017
3	0.02156	0.01229	0.00590	0.01308	0.10609	0.01244	0.01336	0.21174	0.29887	0.04569	0.00634	0.05613	0.01765	0.00016	0.00011	3.5e-05	0.00010	0.06102	0.01692	0.10050
4	0.05630	0.54390	0.06208	0.00022	0.00031	0.03487	0.02688	0.12750	0.01284	0.08806	0.00523	0.00548	0.00991	0.00012	9.3e-05	2.9e-05	0.01559	0.00543	0.00501	0.00015
5	0.00022	0.00020	0.00031	0.46138	0.17011	0.02054	0.02831	0.02435	0.01191	0.01401	0.01630	0.06865	0.11825	0.02477	0.00741	4e-05	0.00013	0.02337	0.00491	0.00481
6	0.00021	0.00014	0.00017	0.00016	0.00020	0.01280	0.00738	0.00935	0.05851	0.09618	0.57151	0.05487	0.12919	0.00023	0.00013	3.7e-05	6.7e-05	0.04150	0.01725	0.00012
7	0.00024	0.00023	0.00039	0.55971	0.41122	0.00026	0.00032	0.00031	0.00024	0.00032	0.00022	0.02565	0.00018	0.00011	0.00011	3.6e-05	0.00014	0.00011	5.4e-05	0.00015
8	0.04516	0.00051	0.73860	0.03100	0.06640	0.02059	0.03981	0.01829	0.01053	0.01247	0.00022	0.01554	0.00016	0.00011	0.00011	3.6e-05	0.00016	9.1e-05	5.4e-05	0.00016
9	0.03816	0.01705	0.00028	0.00793	0.00799	0.03033	0.00018	0.29638	0.14052	0.41132	0.00854	0.00559	0.01016	0.00014	0.00011	3.5e-05	0.00011	0.00651	0.01848	0.00018
10	0.00015	0.00011	0.00014	0.00015	0.00017	0.00785	0.00010	0.00018	0.00024	0.01078	0.14252	0.50083	0.17730	0.08682	0.00768	5e-05	7.2e-05	0.05341	0.01135	9.5e-05
11	0.00017	0.00011	0.00013	0.00013	0.00013	0.00011	7.5e-05	0.00018	0.00860	0.01729	0.01971	0.01188	0.01678	0.90032	0.01115	0.00010	0.00011	0.01287	7.3e-05	7.4e-05
12	0.01039	0.13167	0.00860	0.00027	0.00034	0.54121	0.00726	0.25277	0.00711	0.02265	0.00021	0.00023	0.00017	0.00012	0.00010	3.1e-05	0.00896	0.00768	7.4e-05	0.00015
13	0.00742	0.00016	0.00019	0.02293	0.00767	0.00016	0.00804	0.08257	0.12575	0.03734	0.09869	0.02612	0.27954	0.00763	0.00018	0.14329	0.00700	0.13884	0.00637	0.00012
14	0.00015	0.00011	0.00013	0.00015	0.00016	9.8e-05	0.00010	0.00017	0.00925	0.00912	0.04748	0.59861	0.25702	0.02294	0.00016	0.01992	6.5e-05	0.01153	0.02275	9.5e-05

[dist]
# distance from previous block
# <min> <max>
5	19

[block]
# block no. 2 follows, 3052 sequences, length 41
# corresponding to MSA columns:
# 475-498,500-516
name=unknown_C
#
# <colnr> <probs for GDERKNQSTAVLIFYWHMCP>
#	G	D	E	R	K	N	Q	S	T	A	V	L	I	F	Y	W	H	M	C	P
0	0.02507	0.00013	0.00015	0.00014	0.00017	0.00012	0.00010	0.01869	0.00721	0.08046	0.44697	0.00556	0.04303	0.17887	0.00264	0.01993	7.3e-05	0.02589	0.14468	0.00011
1	0.00809	0.00010	0.00014	0.00016	0.00017	9.7e-05	0.00011	0.00017	0.00311	0.02285	0.03586	0.83733	0.06790	0.00783	0.00015	4.5e-05	6.6e-05	0.00652	0.00922	9.6e-05
2	0.00030	0.91032	0.07744	0.00021	0.00031	0.00929	0.00021	0.00034	0.00023	0.00027	0.00016	0.00019	0.00015	9.8e-05	7.6e-05	2.5e-05	0.00013	6.3e-05	4.9e-05	0.00015
3	0.01305	0.00011	0.00014	0.00016	0.00017	0.00011	0.00245	0.00470	0.00340	0.05754	0.07924	0.67218	0.04352	0.01519	0.00014	4.3e-05	6.8e-05	0.01262	0.07375	0.02142
4	0.00017	0.00011	0.00013	0.00013	0.00013	0.00011	7.8e-05	0.00017	0.00017	0.00024	0.00035	0.00069	0.00039	0.82572	0.11377	0.00632	0.00013	0.00016	0.05095	7.4e-05
5	0.08957	0.00021	0.00026	0.00020	0.00029	0.00021	0.00017	0.15481	0.04101	0.67073	0.00039	0.00537	0.00026	0.00014	0.00011	3.5e-05	9.8e-05	0.00011	0.03586	0.00018
6	0.98145	0.00022	0.00017	0.00015	0.00022	0.00025	0.00012	0.00033	0.00019	0.00051	0.00016	0.00019	0.00013	0.00011	7e-05	3.5e-05	8.7e-05	6.2e-05	0.01544	0.00012
7	0.00038	0.00029	0.00031	0.00025	0.00033	0.00670	0.00020	0.63111	0.31765	0.00876	0.00689	0.00034	0.01093	0.00704	0.00012	3.6e-05	0.00011	0.00317	0.00522	0.00019
8	0.94755	0.00022	0.00017	0.00015	0.00022	0.00025	0.00012	0.00034	0.00020	0.04062	0.00017	0.00019	0.00013	0.00011	7.2e-05	3.5e-05	8.8e-05	6.4e-05	0.00916	0.00013
9	0.10108	0.00024	0.00027	0.00022	0.00030	0.06833	0.03007	0.23752	0.00554	0.45063	0.03562	0.01542	0.04200	0.00015	0.00011	3.5e-05	0.00011	0.00726	0.00492	0.00017
10	0.00015	0.00011	0.00014	0.00016	0.00017	0.00845	0.00011	0.00018	0.00024	0.00287	0.09678	0.58592	0.15756	0.02000	0.00780	0.00576	0.00362	0.10041	0.00948	9.6e-05
11	0.66205	0.00023	0.00021	0.00017	0.00025	0.00025	0.00014	0.16214	0.01234	0.11205	0.00394	0.00766	0.00333	0.01286	0.00981	3.7e-05	9.7e-05	8e-05	0.00952	0.00282
12	0.00016	0.00011	0.00013	0.00014	0.00016	0.00010	9.5e-05	0.00907	0.00306	0.02022	0.01273	0.34260	0.29749	0.22969	0.04160	6.3e-05	8.5e-05	0.01209	0.03031	9.2e-05
13	0.00023	0.00059	0.99542	0.00032	0.00049	0.00026	0.00042	0.00036	0.00024	0.00036	0.00020	0.00024	0.00014	0.00011	0.00011	3.6e-05	0.00017	8.4e-05	4.8e-05	0.00017
14	0.01280	0.00019	0.00024	0.00019	0.00027	0.00017	0.00016	0.04240	0.00393	0.78146	0.00357	0.04474	0.00304	0.08525	0.00015	4.2e-05	9.7e-05	0.00600	0.01513	0.00017
15	0.01169	0.00012	0.00016	0.00310	0.00323	0.00011	0.00012	0.00598	0.00390	0.16596	0.10833	0.59240	0.06723	0.00356	0.01753	0.00504	0.00230	0.00701	0.00210	0.00011
16	0.00043	0.00032	0.00034	0.00026	0.00035	0.00900	0.00695	0.97297	0.00053	0.00728	0.00027	0.00027	0.00019	0.00014	0.00011	3.4e-05	0.00013	0.00010	0.00011	0.00019
17	0.00022	0.00021	0.00289	0.91982	0.00358	0.02988	0.00397	0.00326	0.00023	0.00029	0.00020	0.00673	0.00016	0.00012	0.00302	0.00344	0.02169	0.00010	5.1e-05	0.00013
18	0.85450	0.01186	0.00740	0.00374	0.00350	0.01568	0.01850	0.00355	0.00020	0.00331	0.00017	0.00021	0.00014	0.00794	0.05446	4.4e-05	0.01241	6.8e-05	0.00220	0.00012
19	0.00623	0.00018	0.00024	0.00019	0.00027	0.00016	0.00016	0.00977	0.00956	0.76995	0.02480	0.01034	0.02692	0.01063	0.00696	3.7e-05	9.3e-05	0.04395	0.07939	0.00017
20	0.04273	0.08803	0.09705	0.08317	0.20323	0.01883	0.02999	0.12318	0.02768	0.20658	0.01442	0.01981	0.00312	0.00193	0.00853	3.6e-05	0.01262	0.00573	0.00357	0.00977
21	0.01047	0.02964	0.09978	0.10529	0.11249	0.02468	0.08398	0.16292	0.02957	0.02711	0.00844	0.02389	0.00314	0.06529	0.04814	0.00626	0.11563	0.01891	0.00343	0.02095
22	0.02213	0.00015	0.00020	0.00017	0.00022	0.00014	0.00013	0.02099	0.01734	0.38779	0.38719	0.02219	0.05576	0.00378	0.00012	3.6e-05	7.4e-05	0.00621	0.07524	0.00014
23	0.00288	0.01569	0.00989	0.00391	0.00709	0.00016	0.01962	0.00812	0.21846	0.01263	0.32247	0.12473	0.11923	0.01627	0.07893	0.00643	0.01670	0.00491	0.01174	0.00012
24	0.01235	0.00214	0.00016	0.00016	0.00018	0.00013	0.00261	0.05698	0.00351	0.11742	0.01227	0.24448	0.03217	0.38942	0.00502	0.00469	9.5e-05	0.08381	0.03231	0.00010
25	0.01440	0.00013	0.00015	0.00014	0.00017	0.01580	0.00011	0.01047	0.00700	0.00882	0.56588	0.10227	0.18456	0.04678	0.00854	0.00237	6.5e-05	0.00635	0.02590	0.00010
26	0.00026	0.38828	0.60798	0.00027	0.00041	0.00034	0.00033	0.00035	0.00024	0.00032	0.00019	0.00022	0.00014	0.00010	9.4e-05	3.1e-05	0.00015	7.5e-05	4.8e-05	0.00016
27	0.01129	0.00890	0.01697	0.12252	0.20716	0.08994	0.08703	0.07983	0.02068	0.06868	0.01112	0.11245	0.06088	0.01135	0.01077	3.9e-05	0.01630	0.03233	0.00680	0.02495
28	0.03431	0.33289	0.03436	0.00865	0.00796	0.27183	0.03245	0.15004	0.00494	0.03432	0.00426	0.00257	0.00190	0.00555	0.01181	3.3e-05	0.05381	0.00446	0.00369	0.00015
29	0.01859	0.01203	0.00716	0.23977	0.15760	0.03307	0.01331	0.05855	0.02695	0.12136	0.02789	0.02582	0.02187	0.04079	0.04354	4.3e-05	0.01837	0.00822	0.00192	0.12313
30	0.05299	0.06374	0.12027	0.09346	0.15617	0.06260	0.07698	0.06525	0.03138	0.13266	0.02401	0.01635	0.01859	0.00384	0.01594	3.7e-05	0.01035	0.00341	0.00356	0.04841
31	0.02032	0.00021	0.00027	0.00552	0.01883	0.04072	0.02877	0.07757	0.04261	0.53912	0.07951	0.03659	0.00732	0.00346	0.00013	3.6e-05	0.04357	0.00356	0.04801	0.00386
32	0.00781	0.00016	0.00021	0.04246	0.01129	0.00986	0.03181	0.03164	0.01094	0.20975	0.16243	0.10778	0.14517	0.06649	0.09245	0.00255	0.01671	0.00801	0.04235	0.00013
33	0.05517	0.04442	0.04789	0.10621	0.22674	0.05745	0.13578	0.06916	0.02430	0.16752	0.00697	0.01636	0.00507	0.00220	0.00335	0.00152	0.00796	0.00481	0.00151	0.01562
34	0.00602	0.00709	0.00492	0.00991	0.00304	0.02675	0.10066	0.04114	0.14081	0.06343	0.12721	0.12529	0.17370	0.09959	0.02464	0.00199	0.00577	0.00945	0.02701	0.00159
35	0.00015	0.00011	0.00234	0.00014	0.00017	0.00010	0.00261	0.00263	0.01447	0.02459	0.06249	0.41337	0.41858	0.00280	0.00014	4.1e-05	6.4e-05	0.01288	0.03722	0.00510
36	0.00593	0.00990	0.04690	0.27136	0.25661	0.03173	0.09265	0.04243	0.02564	0.03689	0.01252	0.07411	0.01876	0.00607	0.01215	0.00833	0.02661	0.00691	0.01436	0.00015
37	0.02412	0.06276	0.21745	0.06651	0.23853	0.03086	0.11663	0.05057	0.04036	0.10633	0.00391	0.00883	0.00449	0.00454	0.00254	3.6e-05	0.01719	0.00232	0.00185	0.00016
38	0.00214	0.00046	0.00031	0.00238	0.00300	0.75737	0.01573	0.01291	0.08292	0.00917	0.01846	0.01115	0.02167	0.01016	0.00231	3.3e-05	0.03316	0.00293	0.01360	0.00013
39	0.00574	0.00014	0.00018	0.01855	0.02361	0.00329	0.01519	0.04288	0.00858	0.15206	0.13291	0.30006	0.23919	0.01628	0.00014	4.1e-05	0.00311	0.02197	0.01596	0.00012
40	0.02203	0.08423	0.18404	0.06695	0.16668	0.03815	0.09287	0.06161	0.04400	0.17987	0.00990	0.00866	0.01353	0.00179	0.00645	3.6e-05	0.01213	0.00269	0.00422	0.00016

[dist]
# distance from previous block
# <min> <max>
21	316

[block]
# block no. 3 follows, 3052 sequences, length 10
# corresponding to MSA columns:
# 881-890
name=unknown_D
#
# <colnr> <probs for GDERKNQSTAVLIFYWHMCP>
#	G	D	E	R	K	N	Q	S	T	A	V	L	I	F	Y	W	H	M	C	P
0	0.01511	0.63228	0.02178	0.01094	0.00725	0.09788	0.01190	0.03504	0.02720	0.02055	0.01086	0.04073	0.01050	0.00669	0.00010	0.02512	0.01980	0.00606	6e-05	0.00014
1	0.01117	0.00012	0.00014	0.00781	0.00017	0.00011	0.00690	0.00701	0.00715	0.00927	0.16806	0.34886	0.26795	0.07527	0.04741	0.00786	0.00713	0.01706	0.01044	9.8e-05
2	0.01190	0.00012	0.00014	0.00013	0.00017	0.00011	0.00010	0.00020	0.00028	0.02614	0.39908	0.06569	0.43735	0.01691	0.01132	4.1e-05	6.2e-05	0.01837	0.01180	0.00010
3	0.00017	0.00011	0.00013	0.00014	0.00014	0.00011	8.5e-05	0.00018	0.00018	0.01167	0.01398	0.06830	0.02390	0.70993	0.12786	0.01598	0.00013	0.01416	0.01277	7.8e-05
4	0.01136	0.00013	0.00016	0.00016	0.00019	0.00012	0.00012	0.02181	0.00026	0.13428	0.11337	0.35845	0.13978	0.06169	0.00016	4.6e-05	7.5e-05	0.11155	0.04619	0.00011
5	0.02078	0.88668	0.00056	0.00020	0.00029	0.00043	0.00019	0.02710	0.02034	0.04231	0.00018	0.00020	0.00016	0.00010	7.7e-05	2.6e-05	0.00012	6.5e-05	5.6e-05	0.00015
6	0.00025	0.00021	0.00024	0.00017	0.00027	0.00016	0.00014	0.03358	0.00025	0.03866	0.00021	0.00024	0.00017	8.8e-05	8.6e-05	1.8e-05	8.6e-05	7e-05	7.2e-05	0.92501
7	0.00023	0.00020	0.00023	0.00017	0.00026	0.00015	0.00013	0.00028	0.00023	0.00036	0.00022	0.03412	0.00020	0.03343	0.00010	2.1e-05	8.4e-05	7.9e-05	6.9e-05	0.92944
8	0.00017	0.00013	0.00019	0.00018	0.00020	0.00014	0.03682	0.00020	0.00018	0.00026	0.00031	0.00051	0.00031	0.25626	0.66198	0.02076	0.02112	0.00013	6.2e-05	9.4e-05
9	0.10609	0.10959	0.06299	0.08991	0.06646	0.12213	0.01533	0.04883	0.00810	0.18157	0.00792	0.00696	0.01469	0.01047	0.04701	4.2e-05	0.06740	0.01083	0.00985	0.01385

[dist]
# distance from previous block
# <min> <max>
12	44

[block]
# block no. 4 follows, 3052 sequences, length 11
# corresponding to MSA columns:
# 976-986
name=unknown_E
#
# <colnr> <probs for GDERKNQSTAVLIFYWHMCP>
#	G	D	E	R	K	N	Q	S	T	A	V	L	I	F	Y	W	H	M	C	P
0	0.22704	0.22955	0.08625	0.01793	0.03814	0.13353	0.02278	0.03106	0.02184	0.02576	0.03408	0.01960	0.02436	0.00717	0.00977	0.00800	0.04343	0.00486	0.00804	0.00679
1	0.36433	0.00632	0.01357	0.00896	0.01076	0.02284	0.00539	0.06095	0.08093	0.30811	0.03210	0.01831	0.00854	0.01570	0.00874	3.8e-05	0.00642	0.00643	0.01614	0.00543
2	0.00561	0.00786	0.00866	0.03336	0.01980	0.01182	0.01033	0.01441	0.02348	0.02216	0.10197	0.32076	0.18680	0.03296	0.02875	0.06949	0.00774	0.08458	0.00935	0.00010
3	0.00016	0.00012	0.00014	0.00014	0.00017	0.00011	0.00010	0.00020	0.01231	0.03784	0.26547	0.13806	0.44069	0.04595	0.01535	4.4e-05	6.7e-05	0.02593	0.01707	0.00010
4	0.00017	0.00013	0.00016	0.00015	0.00018	0.00012	0.00012	0.02017	0.01710	0.03169	0.39552	0.04079	0.23413	0.02290	0.17927	6.5e-05	0.00011	0.03689	0.02023	0.00011
5	0.00789	0.00013	0.00015	0.00015	0.00018	0.00012	0.00011	0.01894	0.03502	0.06829	0.25680	0.19977	0.17603	0.05720	0.02662	0.01977	7.5e-05	0.02658	0.10608	0.00011
6	0.01373	0.00053	0.84760	0.01145	0.02270	0.00026	0.01303	0.01241	0.00878	0.00036	0.00021	0.01561	0.00016	0.00888	0.00012	3.7e-05	0.03523	9.1e-05	0.00863	0.00016
7	0.00672	0.01434	0.07970	0.08998	0.01297	0.01754	0.00895	0.09052	0.14686	0.07274	0.02699	0.00893	0.04945	0.02597	0.01679	0.01021	0.28715	0.01106	0.02300	0.00014
8	0.07683	0.15570	0.14043	0.04248	0.02049	0.04894	0.01181	0.17162	0.01014	0.09849	0.01524	0.01729	0.01102	0.00602	0.01364	0.00820	0.04716	0.02746	7.8e-05	0.07696
9	0.02688	0.02574	0.01845	0.06984	0.19021	0.02642	0.02471	0.19539	0.07258	0.14402	0.03384	0.03226	0.01896	0.02766	0.00807	0.00622	0.01338	0.01026	0.00612	0.04897
10	0.07085	0.10638	0.13537	0.13046	0.09164	0.04119	0.03086	0.07853	0.06416	0.06400	0.02346	0.02530	0.01226	0.00853	0.01199	0.00527	0.04372	0.00966	0.00532	0.04105

[dist]
# distance from previous block
# <min> <max>
6	42

[block]
# block no. 5 follows, 3052 sequences, length 7
# corresponding to MSA columns:
# 1079-1085
name=unknown_F
#
# <colnr> <probs for GDERKNQSTAVLIFYWHMCP>
#	G	D	E	R	K	N	Q	S	T	A	V	L	I	F	Y	W	H	M	C	P
0	0.01096	0.03827	0.04734	0.02893	0.02070	0.01646	0.01766	0.04248	0.04166	0.02043	0.09208	0.20316	0.13870	0.04524	0.08704	0.05893	0.06956	0.01102	0.00927	0.00011
1	0.00824	0.09800	0.06330	0.28005	0.32542	0.01627	0.01833	0.02390	0.02094	0.03112	0.01278	0.00993	0.00969	0.01353	0.00927	0.02191	0.01072	0.00731	0.00888	0.01040
2	0.00759	0.05876	0.31421	0.09496	0.05692	0.02717	0.08713	0.09294	0.04996	0.03566	0.02688	0.01582	0.01630	0.01610	0.01373	0.00786	0.05136	0.00931	0.00866	0.00868
3	0.04458	0.01252	0.03348	0.32305	0.37451	0.01188	0.02879	0.02539	0.01908	0.01552	0.01168	0.02317	0.01276	0.00014	0.02326	4e-05	0.02220	0.00921	0.00861	0.00015
4	0.01597	0.05782	0.03424	0.14558	0.19211	0.06777	0.04198	0.06827	0.07902	0.04424	0.06500	0.02603	0.04048	0.02350	0.00829	3.9e-05	0.05464	0.00902	0.01142	0.01458
5	0.00876	0.00016	0.00021	0.01143	0.01238	0.01208	0.00898	0.03116	0.06894	0.11522	0.01762	0.03682	0.01177	0.04397	0.53980	0.01099	0.02070	0.02074	0.01003	0.01825
6	0.76363	0.01697	0.00021	0.02163	0.04624	0.02008	0.01576	0.02074	0.01605	0.01681	0.01829	0.01114	0.00016	0.00012	8.3e-05	0.01045	9.6e-05	7.5e-05	0.01087	0.01062

[dist]
# distance from previous block
# <min> <max>
1	48

# created by:
# /home/cegg/simao/soft/augustus-3.2.1/scripts/msa2prfl.pl ./align_prep/POG091H002O.fa
